1518 1
712 0.492360 
270 0.492360 
269 0.492360 
991 0.492360 
1014 0.492360 
957 0.492360 
1440 0.492360 
1363 0.492360 
286 0.492360 
105 0.492360 
846 0.492360 
208 0.492360 
394 0.492360 
1156 0.492360 
203 0.492360 
199 0.492360 
1107 0.492360 
593 0.492360 
176 0.492360 
1133 0.492360 
586 0.492360 
610 0.492360 
1505 0.492360 
606 0.492360 
502 0.475472 
1404 0.475472 
1450 0.475472 
499 0.475472 
498 0.475472 
1201 0.475472 
1462 0.475472 
1401 0.475472 
1344 0.475472 
798 0.475472 
800 0.475472 
160 0.475472 
617 0.475472 
519 0.475472 
169 0.475472 
738 0.475472 
1081 0.475472 
541 0.475472 
1172 0.475472 
341 0.475472 
1160 0.475472 
1390 0.475472 
672 0.475472 
583 0.475472 
1477 0.475472 
432 0.475472 
402 0.475472 
318 0.475472 
1300 0.475472 
830 0.475472 
454 0.475472 
1162 0.459422 
25 0.459422 
1291 0.459422 
513 0.459422 
366 0.459422 
771 0.459422 
146 0.459422 
786 0.459422 
978 0.459422 
801 0.459422 
813 0.455716 
1460 0.448474 
349 0.435206 
1287 0.435206 
441 0.435206 
620 0.435206 
915 0.435206 
1396 0.435206 
1357 0.435206 
751 0.435206 
1359 0.435206 
895 0.435206 
625 0.435206 
839 0.435206 
1364 0.435206 
734 0.435206 
732 0.435206 
588 0.435206 
1038 0.435206 
1208 0.435206 
822 0.435206 
188 0.435206 
779 0.435206 
460 0.435206 
84 0.435206 
8 0.435206 
1203 0.435206 
1138 0.435206 
767 0.435206 
446 0.435206 
1452 0.435206 
445 0.435206 
501 0.435206 
1421 0.421456 
587 0.421456 
1507 0.421456 
184 0.421456 
227 0.421456 
1176 0.421456 
1083 0.421456 
181 0.421456 
654 0.421456 
1294 0.421456 
863 0.417434 
1385 0.417434 
1178 0.417434 
781 0.417434 
338 0.417434 
372 0.413228 
675 0.413228 
665 0.413228 
603 0.413228 
358 0.413228 
1392 0.413228 
581 0.413228 
642 0.413228 
46 0.413228 
27 0.413228 
1352 0.413228 
831 0.413228 
506 0.413228 
512 0.413228 
440 0.413228 
521 0.413228 
484 0.413228 
820 0.413228 
782 0.413228 
476 0.413228 
61 0.413228 
1243 0.413228 
216 0.413228 
556 0.413228 
1469 0.413228 
1155 0.413228 
54 0.413228 
1212 0.413228 
1425 0.412271 
272 0.412271 
1143 0.412271 
1271 0.412271 
544 0.404155 
1308 0.404155 
469 0.404155 
1274 0.404155 
622 0.404155 
312 0.404155 
470 0.404155 
254 0.404155 
263 0.404155 
294 0.404155 
357 0.404155 
437 0.404155 
522 0.404155 
180 0.404155 
255 0.404155 
843 0.404155 
15 0.404155 
1052 0.404155 
1035 0.404155 
862 0.404155 
1017 0.404155 
946 0.404155 
85 0.404155 
1454 0.404155 
1459 0.404155 
651 0.404155 
1405 0.404155 
804 0.404155 
809 0.404155 
1478 0.404155 
727 0.391442 
1278 0.391442 
416 0.391442 
1041 0.391442 
219 0.391442 
217 0.391442 
215 0.391442 
295 0.391442 
1375 0.391442 
1289 0.391442 
564 0.391442 
1150 0.391442 
735 0.391442 
378 0.391442 
1026 0.391442 
1173 0.391442 
958 0.391442 
1269 0.391442 
826 0.391442 
1265 0.391442 
88 0.391442 
510 0.391442 
999 0.391442 
258 0.391442 
409 0.391442 
1314 0.391442 
879 0.391442 
1071 0.391442 
1408 0.391442 
659 0.391442 
1117 0.391442 
913 0.391442 
428 0.390136 
1326 0.390136 
354 0.390136 
487 0.390136 
298 0.390136 
342 0.390136 
1263 0.390136 
132 0.390136 
424 0.390136 
364 0.390136 
331 0.390136 
1147 0.390136 
1500 0.390136 
1426 0.390136 
206 0.390136 
1161 0.388639 
944 0.388639 
1074 0.388639 
2 0.388639 
461 0.388639 
1428 0.388639 
118 0.388639 
776 0.388639 
685 0.388639 
1127 0.388639 
555 0.388639 
1204 0.376917 
699 0.376917 
799 0.376917 
398 0.376917 
490 0.376917 
1370 0.376917 
837 0.376917 
328 0.376917 
1296 0.376917 
1369 0.376917 
816 0.376435 
1224 0.376435 
1349 0.376435 
1402 0.376435 
343 0.376435 
707 0.376435 
714 0.376435 
1443 0.376435 
538 0.376435 
212 0.376435 
1085 0.360621 
403 0.360621 
1242 0.360621 
763 0.360621 
1058 0.346536 
965 0.346536 
35 0.346536 
545 0.346536 
319 0.346536 
615 0.346536 
413 0.346536 
1078 0.346536 
607 0.346536 
278 0.346536 
58 0.346536 
1465 0.346536 
938 0.346536 
561 0.346536 
87 0.346536 
75 0.346536 
1230 0.342087 
195 0.342087 
1337 0.342087 
1324 0.342087 
1015 0.342087 
1005 0.342087 
1371 0.342087 
178 0.342087 
333 0.342087 
137 0.342087 
17 0.342087 
9 0.334181 
1247 0.334181 
1245 0.334181 
1331 0.334181 
1325 0.334181 
1116 0.334181 
1303 0.334181 
411 0.334181 
24 0.334181 
872 0.334181 
933 0.334181 
664 0.334181 
747 0.334181 
710 0.334181 
703 0.334181 
748 0.334181 
525 0.334181 
573 0.334181 
1141 0.334181 
242 0.334181 
251 0.334181 
658 0.334181 
986 0.334181 
1217 0.334181 
657 0.334181 
155 0.334181 
1489 0.334181 
1239 0.334181 
1241 0.334181 
1397 0.334181 
190 0.334105 
1471 0.334105 
697 0.334105 
45 0.334105 
422 0.332170 
701 0.332170 
293 0.332170 
834 0.332170 
94 0.332170 
1442 0.332170 
764 0.332170 
857 0.332170 
678 0.328720 
0 0.328720 
640 0.328720 
1096 0.328720 
1089 0.328720 
832 0.328720 
892 0.328720 
886 0.328720 
789 0.328720 
676 0.328720 
1177 0.328720 
584 0.328720 
689 0.328720 
785 0.328720 
1016 0.328720 
1149 0.328720 
1273 0.328720 
942 0.328720 
540 0.328720 
1023 0.328720 
1424 0.328720 
1411 0.328720 
291 0.328720 
74 0.328720 
257 0.328720 
1494 0.328720 
53 0.327703 
310 0.327703 
805 0.327703 
39 0.327703 
1238 0.327703 
1205 0.327703 
164 0.327703 
972 0.326896 
891 0.326896 
1122 0.326896 
191 0.326896 
1118 0.326896 
1152 0.326896 
1374 0.326896 
677 0.326896 
218 0.326896 
604 0.326896 
550 0.326896 
1360 0.326896 
340 0.326896 
906 0.326896 
908 0.326896 
51 0.326896 
987 0.326896 
981 0.326896 
1220 0.326896 
1316 0.326896 
1298 0.326896 
600 0.326896 
951 0.326896 
473 0.326896 
903 0.326896 
835 0.326896 
368 0.326896 
737 0.326896 
932 0.326896 
107 0.326896 
1100 0.326896 
410 0.313817 
1499 0.313817 
451 0.313817 
1061 0.313817 
744 0.313817 
233 0.313817 
292 0.313817 
243 0.313817 
296 0.313817 
78 0.313817 
508 0.313817 
465 0.313817 
1246 0.313817 
462 0.313817 
1054 0.313817 
537 0.313817 
173 0.313817 
1131 0.313817 
33 0.313817 
1515 0.313817 
917 0.313817 
918 0.313817 
920 0.313817 
145 0.313817 
663 0.313817 
1153 0.313817 
1470 0.313817 
829 0.295684 
1111 0.295684 
1447 0.295684 
1019 0.295684 
327 0.295684 
282 0.295684 
1503 0.295684 
591 0.295684 
929 0.295684 
1259 0.295684 
1125 0.295684 
489 0.295684 
1234 0.295684 
183 0.295684 
996 0.295684 
1066 0.295684 
287 0.295684 
680 0.295684 
1340 0.295684 
1193 0.295684 
108 0.295684 
1168 0.295684 
847 0.295684 
1509 0.295684 
1456 0.295684 
878 0.295684 
515 0.295684 
1047 0.295684 
756 0.292003 
1215 0.292003 
1110 0.292003 
150 0.292003 
524 0.292003 
1128 0.261638 
1439 0.261638 
247 0.261638 
554 0.261638 
993 0.261638 
36 0.257563 
1449 0.257563 
1389 0.257563 
1144 0.257563 
572 0.257563 
888 0.257563 
385 0.257563 
1416 0.257563 
387 0.257563 
896 0.257563 
1480 0.257563 
1504 0.257563 
688 0.257563 
691 0.257563 
72 0.257563 
290 0.257563 
1059 0.257563 
507 0.257563 
21 0.257563 
244 0.257563 
114 0.257563 
852 0.257563 
902 0.257563 
1010 0.257563 
1227 0.257563 
1305 0.257563 
98 0.257563 
167 0.257563 
1018 0.257563 
849 0.257563 
273 0.252949 
332 0.252949 
210 0.252949 
1354 0.252949 
468 0.252949 
1171 0.252949 
1342 0.252949 
1042 0.252949 
1200 0.252949 
582 0.252949 
1051 0.252949 
171 0.225112 
1498 0.225112 
1330 0.225112 
1167 0.225112 
449 0.225112 
110 0.225112 
1391 0.225112 
1419 0.225112 
362 0.225112 
977 0.225112 
1373 0.225112 
40 0.225112 
875 0.225112 
866 0.225112 
1103 0.225112 
1281 0.225112 
1093 0.225112 
152 0.225112 
1101 0.225112 
64 0.225112 
724 0.225112 
281 0.225112 
102 0.225112 
1451 0.225112 
1441 0.225112 
277 0.225112 
1446 0.225112 
885 0.225112 
23 0.211223 
1423 0.211223 
494 0.211223 
887 0.211223 
963 0.211223 
200 0.198248 
1355 0.198248 
1094 0.198248 
311 0.198248 
260 0.198248 
355 0.198248 
909 0.198248 
930 0.198248 
1072 0.198248 
63 0.198248 
1302 0.198248 
133 0.196562 
1407 0.196562 
1029 0.196562 
165 0.196562 
100 0.196562 
259 0.196562 
1418 0.196562 
1482 0.196562 
1021 0.196562 
1484 0.196562 
1137 0.196562 
265 0.196562 
592 0.196562 
1228 0.196562 
266 0.196562 
761 0.196562 
750 0.196562 
337 0.196562 
1225 0.196562 
966 0.196562 
245 0.196562 
792 0.196562 
122 0.196562 
934 0.196562 
50 0.196562 
1467 0.196562 
1191 0.196562 
226 0.196562 
706 0.196562 
960 0.196562 
730 0.196562 
246 0.196562 
104 0.196562 
1251 0.196562 
121 0.190041 
795 0.190041 
1102 0.190041 
589 0.190041 
949 0.190041 
602 0.190041 
1020 0.190041 
1055 0.190041 
992 0.190041 
752 0.190041 
1427 0.190041 
161 0.190041 
1356 0.190041 
784 0.190041 
558 0.190041 
1032 0.190041 
823 0.190041 
947 0.190041 
128 0.190041 
1000 0.190041 
439 0.190041 
868 0.190041 
870 0.190041 
192 0.190041 
1333 0.190041 
1261 0.190041 
18 0.190041 
1194 0.190041 
854 0.122224 
695 0.122224 
950 0.122224 
635 0.122224 
1095 0.122224 
1099 0.122224 
1415 0.122224 
1434 0.122224 
856 0.122224 
163 0.122224 
859 0.122224 
865 0.122224 
112 0.122224 
1455 0.122224 
928 0.122224 
1378 0.122224 
1319 0.122224 
317 0.122224 
201 0.122224 
316 0.122224 
221 0.122224 
379 0.122224 
1386 0.122224 
1387 0.122224 
239 0.122224 
1197 0.122224 
599 0.122224 
616 0.122224 
474 0.122224 
1226 0.122224 
471 0.122224 
520 0.106019 
1009 0.106019 
224 0.106019 
225 0.106019 
1366 0.106019 
1221 0.106019 
709 0.106019 
1297 0.106019 
1033 0.106019 
692 0.104047 
321 0.104047 
1350 0.104047 
759 0.104047 
1290 0.104047 
1077 0.104047 
139 0.104047 
275 0.104047 
1048 0.104047 
1358 0.094787 
1491 0.094787 
4 0.094787 
995 0.094787 
861 0.088154 
425 0.088154 
766 0.088154 
535 0.088154 
811 0.088154 
1219 0.088154 
59 0.088154 
1195 0.088154 
95 0.088154 
989 0.088154 
185 0.088154 
574 0.088154 
1109 0.088154 
1190 0.078464 
660 0.078464 
140 0.078464 
924 0.078464 
389 0.078464 
500 0.062512 
299 0.062512 
1252 0.062512 
514 0.062512 
1262 0.062512 
397 0.062512 
876 0.062512 
314 0.062512 
1361 0.062512 
1034 0.062512 
300 0.062512 
60 0.062512 
478 0.062512 
745 0.062512 
1444 0.062512 
418 0.062512 
458 0.062512 
1007 0.062512 
1232 0.062512 
1002 0.062512 
1244 0.062512 
1393 0.062512 
220 0.062512 
571 0.062512 
539 0.062512 
532 0.062512 
231 0.062512 
1145 0.062512 
959 0.062512 
1379 0.062512 
562 0.061422 
26 0.061422 
41 0.061422 
417 0.061422 
486 0.061422 
669 0.061422 
66 0.061422 
285 0.061422 
618 0.061422 
1196 0.061422 
504 0.061422 
1148 0.061422 
1329 0.061422 
578 0.061422 
1328 0.061422 
711 0.061422 
1188 0.046975 
808 0.046975 
1139 0.046975 
1183 0.046975 
141 0.046975 
1481 0.046975 
619 0.046975 
954 0.046975 
120 0.046975 
491 0.046975 
1353 0.046322 
204 0.046322 
82 0.046322 
326 0.046322 
1268 0.046322 
271 0.043460 
605 0.043460 
1453 0.043460 
375 0.043460 
127 0.043460 
336 0.043158 
964 0.043158 
1073 0.043158 
936 0.043158 
614 0.043158 
1301 0.043158 
770 0.043158 
1336 0.043158 
353 0.043158 
621 0.043158 
812 0.043158 
1174 0.043158 
941 0.043158 
302 0.043158 
1065 0.043158 
637 0.043158 
1235 0.043158 
329 0.043158 
633 0.043158 
374 0.043158 
301 0.043158 
37 0.043158 
841 0.043158 
1211 0.043158 
268 0.043158 
1310 0.043158 
1338 0.021292 
42 0.021292 
594 0.021292 
20 0.005035 
182 0.005035 
1008 0.005035 
1025 0.005035 
1266 0.005035 
975 -0.003936 
988 -0.003936 
103 -0.003936 
543 -0.003936 
1079 -0.003936 
1502 -0.003936 
158 -0.014560 
1046 -0.014560 
1514 -0.014560 
156 -0.014560 
1189 -0.014560 
526 -0.014560 
1351 -0.014560 
1214 -0.014560 
419 -0.014560 
623 -0.014560 
1377 -0.014560 
1146 -0.014560 
997 -0.014560 
881 -0.019878 
1050 -0.019878 
381 -0.019878 
985 -0.019878 
117 -0.019878 
793 -0.019878 
956 -0.019878 
1472 -0.019878 
22 -0.019878 
481 -0.019878 
1075 -0.044572 
673 -0.044572 
1063 -0.044572 
1367 -0.044572 
666 -0.044572 
871 -0.044572 
371 -0.044572 
634 -0.044572 
1104 -0.044572 
334 -0.044572 
1119 -0.044572 
352 -0.044572 
850 -0.044572 
1049 -0.044572 
1432 -0.044572 
729 -0.044572 
1064 -0.044572 
719 -0.044572 
1468 -0.044572 
485 -0.044572 
1332 -0.044572 
1429 -0.044572 
518 -0.044572 
237 -0.044572 
1001 -0.044572 
1186 -0.044572 
778 -0.044572 
73 -0.044572 
1250 -0.079111 
844 -0.079111 
1398 -0.079111 
1199 -0.079111 
1233 -0.079111 
998 -0.079111 
177 -0.079111 
939 -0.079111 
1406 -0.079111 
129 -0.079111 
1135 -0.109058 
16 -0.109058 
952 -0.109058 
1380 -0.109058 
1284 -0.109058 
893 -0.109058 
459 -0.109058 
563 -0.109058 
527 -0.109058 
848 -0.109058 
935 -0.110516 
627 -0.110516 
1486 -0.110516 
1313 -0.110516 
1306 -0.110516 
370 -0.110516 
1317 -0.110516 
1318 -0.110516 
322 -0.110516 
313 -0.110516 
444 -0.110516 
1223 -0.110516 
1341 -0.110516 
534 -0.110516 
213 -0.110516 
175 -0.110516 
632 -0.110516 
803 -0.110516 
694 -0.110516 
718 -0.110516 
1436 -0.110516 
687 -0.110516 
1463 -0.110516 
674 -0.110516 
825 -0.110516 
827 -0.110516 
842 -0.110516 
142 -0.110516 
914 -0.120076 
149 -0.125036 
324 -0.125036 
330 -0.125036 
339 -0.125036 
392 -0.125036 
283 -0.125036 
438 -0.125036 
650 -0.125036 
463 -0.125036 
252 -0.125036 
497 -0.125036 
517 -0.125036 
170 -0.125036 
696 -0.125036 
172 -0.125036 
187 -0.125036 
1362 -0.133579 
1091 -0.133579 
1400 -0.133579 
1517 -0.133579 
1413 -0.133579 
1159 -0.133579 
1062 -0.133579 
1323 -0.133579 
1254 -0.133579 
1249 -0.133579 
1335 -0.133579 
1237 -0.133579 
1057 -0.133579 
69 -0.133579 
774 -0.133579 
769 -0.133579 
806 -0.133579 
807 -0.133579 
211 -0.133579 
11 -0.133579 
305 -0.133579 
662 -0.133579 
28 -0.133579 
838 -0.133579 
126 -0.133579 
628 -0.133579 
880 -0.133579 
585 -0.133579 
884 -0.133579 
548 -0.133579 
536 -0.133579 
472 -0.133579 
721 -0.141397 
1165 -0.141397 
1496 -0.141397 
1105 -0.141397 
853 -0.141397 
845 -0.141397 
1180 -0.141397 
509 -0.141397 
1474 -0.141397 
503 -0.141397 
911 -0.141397 
1345 -0.141397 
262 -0.141397 
151 -0.141397 
232 -0.141397 
973 -0.141397 
1022 -0.141397 
495 -0.141397 
1458 -0.141397 
123 -0.141397 
119 -0.141397 
601 -0.141397 
1479 -0.141397 
1124 -0.141397 
1163 -0.141397 
553 -0.141397 
1493 -0.141397 
1134 -0.141397 
546 -0.141397 
1445 -0.141397 
937 -0.141397 
414 -0.145490 
542 -0.145490 
597 -0.145490 
1028 -0.145490 
404 -0.145490 
1382 -0.145490 
713 -0.145490 
1384 -0.145490 
492 -0.145490 
1206 -0.145490 
796 -0.145490 
723 -0.145490 
1218 -0.145490 
1339 -0.145490 
1334 -0.145490 
289 -0.145490 
1067 -0.145490 
679 -0.145490 
19 -0.145490 
1192 -0.145490 
1120 -0.145490 
613 -0.145490 
653 -0.145490 
346 -0.145490 
360 -0.145490 
1112 -0.145490 
971 -0.145490 
889 -0.145490 
113 -0.145490 
115 -0.145490 
828 -0.145490 
144 -0.162094 
1267 -0.162094 
3 -0.162094 
1279 -0.162094 
1286 -0.162094 
945 -0.162094 
135 -0.162094 
962 -0.162094 
279 -0.162094 
1053 -0.162094 
705 -0.162094 
817 -0.162094 
12 -0.162094 
1031 -0.162094 
90 -0.162094 
1483 -0.162094 
159 -0.162094 
794 -0.162094 
92 -0.162094 
994 -0.162094 
788 -0.162094 
1240 -0.162094 
528 -0.162094 
982 -0.162094 
1395 -0.162094 
1260 -0.162094 
189 -0.162094 
818 -0.162728 
836 -0.181889 
267 -0.181889 
708 -0.181889 
715 -0.181889 
1320 -0.181889 
1435 -0.181889 
405 -0.181889 
590 -0.181889 
1399 -0.187769 
894 -0.187769 
304 -0.187769 
1327 -0.187769 
1070 -0.187769 
1113 -0.187769 
423 -0.187769 
1448 -0.187769 
728 -0.187769 
430 -0.189614 
802 -0.189614 
720 -0.189614 
824 -0.189614 
919 -0.189614 
367 -0.189614 
1185 -0.189614 
65 -0.195118 
1282 -0.195118 
670 -0.195118 
1497 -0.195118 
821 -0.195118 
961 -0.195118 
643 -0.195118 
30 -0.195118 
851 -0.195118 
238 -0.195118 
1216 -0.195118 
236 -0.195118 
765 -0.205442 
815 -0.205442 
753 -0.205442 
897 -0.205442 
758 -0.205442 
68 -0.205442 
1040 -0.205442 
1422 -0.205442 
630 -0.205442 
631 -0.205442 
636 -0.205442 
1182 -0.205442 
320 -0.205442 
641 -0.205442 
363 -0.205442 
921 -0.205442 
790 -0.205442 
1258 -0.205442 
922 -0.205442 
109 -0.205442 
153 -0.205442 
768 -0.205442 
1409 -0.205442 
193 -0.205442 
1272 -0.205442 
1431 -0.220489 
1506 -0.220489 
955 -0.220489 
1412 -0.220489 
1088 -0.231446 
1087 -0.231446 
1086 -0.231446 
166 -0.231446 
580 -0.231446 
1045 -0.231446 
70 -0.231446 
1106 -0.250212 
248 -0.267068 
420 -0.267068 
475 -0.267068 
34 -0.267068 
874 -0.267068 
43 -0.267068 
13 -0.267068 
682 -0.267068 
207 -0.267068 
14 -0.267068 
814 -0.267068 
222 -0.267068 
1164 -0.273283 
1343 -0.273283 
579 -0.273283 
1495 -0.273283 
1403 -0.273283 
1126 -0.273283 
953 -0.273283 
716 -0.273283 
787 -0.273283 
308 -0.293484 
467 -0.293484 
1430 -0.293484 
401 -0.293484 
577 -0.293484 
576 -0.293484 
89 -0.293484 
560 -0.293484 
523 -0.293484 
565 -0.293484 
1321 -0.293484 
174 -0.293484 
55 -0.307226 
877 -0.307226 
557 -0.307226 
739 -0.307226 
99 -0.307226 
186 -0.307226 
303 -0.307226 
429 -0.307226 
49 -0.307226 
819 -0.307226 
667 -0.307226 
983 -0.307226 
483 -0.307226 
344 -0.307226 
205 -0.307226 
373 -0.307226 
1092 -0.307226 
482 -0.307226 
668 -0.307226 
754 -0.307226 
1516 -0.307620 
168 -0.307620 
436 -0.307620 
395 -0.307620 
351 -0.309281 
488 -0.309281 
1488 -0.309281 
1166 -0.309281 
457 -0.309281 
453 -0.309281 
552 -0.309281 
464 -0.309281 
717 -0.309281 
1170 -0.309281 
253 -0.309281 
309 -0.309281 
1299 -0.309281 
1082 -0.309281 
661 -0.309281 
833 -0.309281 
740 -0.309281 
194 -0.309281 
1006 -0.309281 
71 -0.309281 
681 -0.309281 
511 -0.309281 
214 -0.309281 
749 -0.309281 
1132 -0.309281 
1130 -0.309281 
1068 -0.309281 
136 -0.314771 
855 -0.314771 
62 -0.314771 
1084 -0.314771 
968 -0.314771 
1461 -0.327935 
1293 -0.327935 
1198 -0.327935 
840 -0.327935 
466 -0.338591 
32 -0.338591 
1184 -0.338591 
1280 -0.338591 
1394 -0.338591 
1388 -0.338591 
147 -0.338591 
241 -0.338591 
52 -0.338591 
1315 -0.338591 
1475 -0.338591 
130 -0.338591 
452 -0.338591 
111 -0.338591 
44 -0.338591 
386 -0.338591 
396 -0.338591 
1255 -0.338591 
407 -0.338591 
447 -0.338591 
450 -0.338591 
780 -0.338591 
743 -0.338591 
1037 -0.338591 
791 -0.338591 
1136 -0.338591 
1027 -0.338591 
638 -0.338591 
1011 -0.338591 
755 -0.338591 
923 -0.338591 
940 -0.338591 
700 -0.338591 
693 -0.364706 
455 -0.364706 
698 -0.364706 
442 -0.364706 
867 -0.364706 
134 -0.364706 
125 -0.364706 
551 -0.364706 
1368 -0.364706 
797 -0.364706 
644 -0.364706 
408 -0.364706 
505 -0.364706 
684 -0.364706 
477 -0.364706 
400 -0.381667 
566 -0.381667 
1253 -0.381667 
570 -0.381667 
1464 -0.381667 
274 -0.381667 
1457 -0.381667 
434 -0.381667 
306 -0.381667 
1487 -0.381667 
479 -0.381667 
530 -0.381667 
529 -0.381667 
97 -0.381667 
1090 -0.381728 
1309 -0.381728 
347 -0.381728 
646 -0.381728 
197 -0.381728 
686 -0.381728 
1097 -0.381728 
48 -0.381728 
1024 -0.381728 
1292 -0.381728 
1036 -0.381728 
1123 -0.381728 
47 -0.381728 
1277 -0.381728 
1114 -0.381728 
1346 -0.381728 
86 -0.381728 
882 -0.381728 
1140 -0.381728 
106 -0.381728 
456 -0.381728 
916 -0.381728 
967 -0.381728 
77 -0.381728 
1510 -0.381728 
412 -0.381728 
569 -0.381728 
568 -0.381728 
575 -0.392423 
276 -0.392423 
1433 -0.392423 
81 -0.392423 
531 -0.392423 
1115 -0.392423 
1069 -0.392562 
1236 -0.392562 
261 -0.392562 
736 -0.392562 
1501 -0.392907 
1438 -0.392907 
5 -0.392907 
350 -0.392907 
1473 -0.392907 
1288 -0.392907 
1076 -0.392907 
325 -0.392907 
288 -0.392907 
596 -0.392907 
974 -0.392907 
1275 -0.392907 
1417 -0.392907 
948 -0.392907 
858 -0.392907 
138 -0.392907 
1039 -0.392907 
406 -0.392907 
704 -0.392907 
1285 -0.392907 
431 -0.392907 
124 -0.392907 
376 -0.392907 
157 -0.392907 
943 -0.392907 
297 -0.394568 
76 -0.394568 
1414 -0.394568 
690 -0.394568 
1513 -0.394568 
1044 -0.394568 
1056 -0.394568 
869 -0.394568 
629 -0.394568 
384 -0.394568 
1307 -0.394568 
783 -0.399564 
626 -0.399564 
380 -0.399564 
612 -0.399564 
240 -0.399564 
760 -0.399564 
335 -0.399564 
179 -0.399564 
772 -0.399564 
1151 -0.399564 
969 -0.399564 
549 -0.399564 
435 -0.399564 
443 -0.399564 
533 -0.399564 
1490 -0.399564 
1511 -0.399564 
1209 -0.399564 
907 -0.399564 
648 -0.399564 
356 -0.399564 
656 -0.399564 
1210 -0.400313 
1512 -0.400313 
1169 -0.400313 
733 -0.400313 
860 -0.400313 
10 -0.400313 
984 -0.400313 
976 -0.400313 
979 -0.400800 
980 -0.400800 
235 -0.400800 
598 -0.400800 
307 -0.400800 
1157 -0.400800 
762 -0.400800 
931 -0.400800 
1383 -0.400800 
757 -0.400800 
775 -0.424082 
773 -0.424082 
390 -0.424082 
369 -0.424082 
359 -0.424082 
1410 -0.424082 
250 -0.424082 
1158 -0.424082 
1121 -0.424082 
83 -0.424082 
148 -0.429160 
647 -0.429160 
1420 -0.429160 
645 -0.429160 
1003 -0.429160 
873 -0.429160 
702 -0.429160 
198 -0.429160 
284 -0.429160 
383 -0.429160 
393 -0.429160 
608 -0.429160 
725 -0.429160 
726 -0.429160 
223 -0.429160 
731 -0.429160 
1312 -0.436191 
910 -0.436191 
912 -0.436191 
80 -0.436191 
1348 -0.436191 
421 -0.436191 
883 -0.446133 
1365 -0.446133 
1508 -0.446133 
56 -0.446133 
31 -0.446133 
38 -0.446133 
1202 -0.446133 
1229 -0.447010 
1295 -0.447010 
496 -0.447010 
365 -0.447010 
391 -0.447010 
426 -0.447010 
91 -0.447010 
399 -0.447010 
927 -0.447010 
433 -0.447010 
345 -0.447010 
79 -0.447010 
1304 -0.447010 
493 -0.447010 
264 -0.447010 
229 -0.447010 
154 -0.447010 
655 -0.447010 
649 -0.447010 
196 -0.447010 
559 -0.449600 
1012 -0.449600 
1013 -0.449600 
652 -0.449600 
1437 -0.449600 
1098 -0.449600 
96 -0.449600 
1257 -0.449600 
162 -0.449600 
1264 -0.449600 
926 -0.457627 
1222 -0.457627 
382 -0.457627 
7 -0.457627 
1187 -0.457627 
1213 -0.457627 
323 -0.457627 
900 -0.457627 
480 -0.457627 
970 -0.457627 
230 -0.457627 
388 -0.457627 
234 -0.457627 
742 -0.457627 
143 -0.457627 
415 -0.457627 
1256 -0.457627 
249 -0.457627 
1311 -0.457627 
1129 -0.457627 
1004 -0.457627 
256 -0.457627 
595 -0.457627 
1231 -0.457627 
864 -0.457627 
547 -0.457627 
1154 -0.471333 
1466 -0.489379 
101 -0.489379 
624 -0.489379 
1492 -0.493429 
905 -0.493429 
67 -0.493429 
810 -0.493429 
671 -0.493429 
683 -0.493429 
639 -0.493429 
1043 -0.493429 
609 -0.493429 
567 -0.493429 
1179 -0.493429 
1181 -0.493429 
777 -0.493429 
448 -0.493429 
427 -0.493429 
1270 -0.493429 
377 -0.493429 
361 -0.493429 
1372 -0.493429 
93 -0.493429 
131 -0.493429 
1381 -0.493429 
1376 -0.493429 
209 -0.493429 
901 -0.493429 
925 -0.493429 
228 -0.493429 
1347 -0.493429 
1322 -0.493429 
348 -0.493429 
990 -0.493745 
746 -0.493745 
899 -0.493745 
6 -0.493745 
741 -0.493745 
898 -0.493745 
1030 -0.493745 
1 -0.493745 
722 -0.493745 
904 -0.493745 
1060 -0.493745 
890 -0.493745 
1248 -0.493745 
116 -0.493745 
202 -0.493745 
57 -0.493745 
280 -0.493745 
315 -0.493745 
1476 -0.493745 
1283 -0.493745 
1276 -0.493745 
1080 -0.493745 
1485 -0.493745 
1207 -0.493745 
516 -0.493745 
1175 -0.493745 
1142 -0.493745 
29 -0.493745 
611 -0.493745 
1108 -0.493745 
