2314 1
0 -1.851514 
1 -1.001873 
2 2.344028 
3 1.268228 
4 2.218879 
5 1.864087 
6 -1.821713 
7 0.441601 
8 2.592462 
9 0.943098 
10 1.171290 
11 -0.309410 
12 0.479021 
13 2.038288 
14 1.762000 
15 1.397420 
16 -0.343076 
17 -2.427524 
18 1.574953 
19 1.464913 
20 1.840042 
21 1.885012 
22 -1.496437 
23 0.842545 
24 1.640660 
25 0.758298 
26 2.156201 
27 0.959506 
28 0.333337 
29 -2.046415 
30 -2.429148 
31 1.233784 
32 1.640997 
33 0.941127 
34 1.970102 
35 -1.660787 
36 1.368788 
37 0.973763 
38 -2.038287 
39 1.745862 
40 1.633504 
41 0.722066 
42 -2.334826 
43 1.306880 
44 1.512979 
45 -1.935569 
46 -1.093969 
47 1.884629 
48 0.429173 
49 1.307114 
50 1.520127 
51 2.079763 
52 -2.208083 
53 0.628081 
54 -2.024415 
55 1.589028 
56 1.776755 
57 -1.829218 
58 1.775126 
59 0.718764 
60 1.496939 
61 0.914514 
62 1.836030 
63 1.463983 
64 1.801747 
65 1.239915 
66 -0.335993 
67 -2.491865 
68 1.243855 
69 -1.903373 
70 1.191710 
71 1.724986 
72 1.833959 
73 1.475338 
74 1.487440 
75 -1.226331 
76 1.924666 
77 -0.908101 
78 2.365267 
79 0.064154 
80 -0.260240 
81 -1.512577 
82 2.310145 
83 1.685172 
84 1.941271 
85 0.856201 
86 1.702207 
87 0.784576 
88 0.485043 
89 1.760273 
90 1.935938 
91 0.802153 
92 1.797050 
93 2.191914 
94 0.199840 
95 0.517578 
96 -2.159573 
97 1.837937 
98 -2.033563 
99 -1.225396 
100 2.302844 
101 0.490687 
102 0.579190 
103 1.479678 
104 2.152545 
105 -0.392157 
106 1.416545 
107 -1.863494 
108 3.126078 
109 0.031186 
110 -0.073000 
111 0.610492 
112 -0.078363 
113 2.480343 
114 -1.563435 
115 1.358449 
116 1.418790 
117 -1.234607 
118 1.475430 
119 1.887594 
120 -1.671058 
121 1.514456 
122 -1.523689 
123 1.818043 
124 -0.481924 
125 2.966545 
126 0.313541 
127 -1.578068 
128 -2.073184 
129 1.808120 
130 0.862792 
131 0.759625 
132 1.689686 
133 1.542709 
134 1.184756 
135 1.106675 
136 1.291313 
137 1.191305 
138 2.074804 
139 1.019031 
140 -0.227931 
141 1.578557 
142 1.893894 
143 -1.994613 
144 -1.866677 
145 1.281712 
146 1.796053 
147 1.356463 
148 2.034404 
149 -1.413585 
150 -1.242320 
151 1.781881 
152 -1.342724 
153 0.578857 
154 1.794438 
155 1.963553 
156 1.853998 
157 -2.003015 
158 1.483247 
159 1.243860 
160 1.555839 
161 1.826527 
162 1.004272 
163 -1.724608 
164 -0.508444 
165 1.429889 
166 -2.668398 
167 -1.457450 
168 1.760355 
169 1.726071 
170 -1.567057 
171 0.297204 
172 1.706763 
173 1.606017 
174 0.243100 
175 1.791129 
176 0.956708 
177 -1.887128 
178 -1.830050 
179 1.859655 
180 0.639275 
181 -1.512984 
182 1.537397 
183 2.160979 
184 -1.674198 
185 1.351512 
186 1.172000 
187 1.834096 
188 0.362038 
189 2.497167 
190 0.541647 
191 1.417738 
192 1.071835 
193 2.072168 
194 -1.846165 
195 0.795526 
196 1.265937 
197 -1.055735 
198 2.727725 
199 -0.228349 
200 1.070927 
201 0.254605 
202 2.946571 
203 -0.736711 
204 -1.635033 
205 0.493167 
206 2.389292 
207 0.369521 
208 2.603072 
209 0.680007 
210 0.771175 
211 0.691605 
212 0.068401 
213 0.828130 
214 2.670783 
215 0.952240 
216 1.939343 
217 -1.825821 
218 -1.722124 
219 1.266760 
220 2.350387 
221 -1.375858 
222 0.880405 
223 1.089997 
224 2.034725 
225 1.519338 
226 1.147529 
227 0.387195 
228 -1.729038 
229 1.527339 
230 -1.534512 
231 1.712345 
232 1.127437 
233 0.986681 
234 -0.460814 
235 2.601672 
236 3.057056 
237 0.280275 
238 0.284337 
239 0.231676 
240 1.159984 
241 0.797297 
242 -1.729201 
243 2.136994 
244 2.048559 
245 0.011443 
246 0.845457 
247 1.887592 
248 2.628469 
249 1.247766 
250 0.120563 
251 0.487326 
252 1.556147 
253 0.605812 
254 -0.389469 
255 2.467526 
256 1.451313 
257 -0.079849 
258 1.925536 
259 1.674067 
260 1.012906 
261 -1.804890 
262 1.523929 
263 1.616556 
264 1.519000 
265 1.087556 
266 -2.198103 
267 1.463424 
268 1.803136 
269 1.315827 
270 1.665518 
271 -1.269179 
272 0.961097 
273 1.184940 
274 1.505098 
275 1.801880 
276 1.393782 
277 -1.778273 
278 0.301606 
279 2.134276 
280 1.441088 
281 1.041360 
282 1.274568 
283 1.751187 
284 0.182530 
285 0.630250 
286 0.575335 
287 2.747117 
288 1.336486 
289 0.914006 
290 2.053735 
291 1.003595 
292 -1.480574 
293 2.004942 
294 1.994397 
295 -0.077751 
296 1.524967 
297 -2.261761 
298 0.976080 
299 0.887105 
300 1.551844 
301 2.079939 
302 -1.453958 
303 0.981023 
304 1.769787 
305 1.613350 
306 0.536683 
307 -1.900410 
308 1.288864 
309 -1.733806 
310 2.007714 
311 1.014422 
312 0.183848 
313 1.281382 
314 1.550437 
315 2.103555 
316 1.916010 
317 0.253498 
318 -0.222712 
319 2.336231 
320 0.639155 
321 1.941101 
322 0.628159 
323 1.806091 
324 -2.543577 
325 -0.554130 
326 1.851528 
327 1.076829 
328 -2.889894 
329 -0.422444 
330 1.864672 
331 -0.024597 
332 1.733732 
333 -1.425978 
334 0.637268 
335 2.151979 
336 -1.567501 
337 -1.623215 
338 1.720482 
339 -2.326784 
340 -1.727701 
341 2.647580 
342 0.840529 
343 -0.135404 
344 1.231965 
345 2.438749 
346 0.987181 
347 -0.123940 
348 1.573159 
349 -1.629467 
350 2.201859 
351 0.517144 
352 2.198900 
353 -0.100488 
354 0.508745 
355 1.822167 
356 0.323803 
357 -2.094461 
358 2.342130 
359 0.431342 
360 2.303944 
361 1.289609 
362 -0.344922 
363 1.300936 
364 0.119977 
365 0.835977 
366 1.366861 
367 -2.846910 
368 2.515816 
369 0.045822 
370 1.409494 
371 -1.317938 
372 -0.712889 
373 2.613960 
374 1.560227 
375 0.056250 
376 1.468987 
377 -1.639972 
378 -2.126593 
379 1.252588 
380 1.331648 
381 0.303300 
382 2.327574 
383 0.967407 
384 -1.993005 
385 1.919404 
386 1.306608 
387 0.459724 
388 1.541987 
389 1.229353 
390 1.428343 
391 1.395435 
392 1.319984 
393 -2.217719 
394 -1.889413 
395 1.463200 
396 0.891323 
397 1.742886 
398 -1.850454 
399 1.660164 
400 -2.101562 
401 0.881683 
402 -1.960130 
403 1.477128 
404 0.910023 
405 1.951775 
406 2.058937 
407 -0.380632 
408 0.153408 
409 1.705443 
410 1.801907 
411 1.360713 
412 1.658926 
413 2.013916 
414 0.751077 
415 0.926207 
416 1.890851 
417 1.672240 
418 0.650991 
419 1.173592 
420 -1.929198 
421 1.683595 
422 1.141049 
423 1.362076 
424 -1.381126 
425 1.800824 
426 1.138063 
427 1.732337 
428 -2.022015 
429 1.533129 
430 0.720602 
431 2.005850 
432 2.003123 
433 0.347697 
434 0.348211 
435 2.033007 
436 -1.714816 
437 1.789320 
438 1.395291 
439 1.521276 
440 1.509983 
441 0.895564 
442 1.080342 
443 2.066295 
444 0.794266 
445 1.213258 
446 1.622800 
447 1.854609 
448 -2.539921 
449 1.277041 
450 0.478940 
451 -1.755192 
452 0.085803 
453 1.932683 
454 2.206437 
455 -0.078174 
456 2.296314 
457 -1.403647 
458 0.823144 
459 1.042143 
460 0.150938 
461 1.570266 
462 2.115123 
463 1.041155 
464 -2.545943 
465 0.373849 
466 1.341933 
467 1.042327 
468 1.439861 
469 1.600865 
470 0.529881 
471 1.690492 
472 1.323070 
473 1.384514 
474 -2.146524 
475 1.203452 
476 1.823688 
477 2.295790 
478 -0.353654 
479 0.168919 
480 1.409976 
481 0.840946 
482 2.059890 
483 -1.660657 
484 0.495126 
485 -2.421978 
486 -1.614040 
487 1.743863 
488 -1.589290 
489 -1.743042 
490 1.912904 
491 1.360144 
492 0.066731 
493 1.388791 
494 1.804915 
495 -2.333988 
496 1.888974 
497 1.930976 
498 0.158164 
499 1.069056 
500 1.020412 
501 1.529590 
502 -0.111716 
503 2.229468 
504 1.917357 
505 0.476526 
506 1.777512 
507 -1.622095 
508 -2.950789 
509 1.354771 
510 0.296028 
511 0.337773 
512 1.143351 
513 1.852193 
514 0.619740 
515 1.676601 
516 0.485821 
517 2.213581 
518 0.163476 
519 1.848678 
520 0.027037 
521 1.511571 
522 2.144047 
523 1.195269 
524 1.215281 
525 1.807068 
526 -0.647961 
527 1.840728 
528 0.457270 
529 1.614873 
530 1.460765 
531 1.679022 
532 0.399043 
533 1.954767 
534 1.944667 
535 0.661561 
536 1.033378 
537 1.450303 
538 0.869064 
539 1.994088 
540 1.741045 
541 -1.333314 
542 0.564712 
543 2.066054 
544 0.120611 
545 2.069966 
546 -0.033913 
547 2.088392 
548 1.052650 
549 0.876758 
550 2.253687 
551 1.195099 
552 -1.607421 
553 1.996036 
554 1.119257 
555 1.261957 
556 1.273843 
557 1.952844 
558 1.206088 
559 0.952286 
560 -1.787319 
561 -1.814374 
562 0.571161 
563 2.061317 
564 -0.287202 
565 1.357305 
566 1.792556 
567 1.929352 
568 2.120119 
569 0.127636 
570 1.604676 
571 1.025616 
572 1.954767 
573 -1.758250 
574 -1.545685 
575 1.433343 
576 0.659837 
577 0.114399 
578 -0.433107 
579 3.060403 
580 1.726311 
581 1.269535 
582 -1.640779 
583 -2.000826 
584 1.692680 
585 0.059457 
586 0.148267 
587 2.439321 
588 0.355510 
589 0.543621 
590 0.952928 
591 2.725520 
592 0.280091 
593 2.116887 
594 1.915503 
595 -1.219208 
596 -0.083096 
597 2.106359 
598 -1.083321 
599 2.120679 
600 -1.869202 
601 1.458538 
602 1.471832 
603 1.375026 
604 -0.295184 
605 2.291948 
606 0.019310 
607 2.014185 
608 0.379964 
609 0.714080 
610 0.738427 
611 2.758945 
612 -2.396357 
613 0.839686 
614 0.740921 
615 1.630120 
616 0.505807 
617 1.944080 
618 -1.776030 
619 1.520034 
620 0.975079 
621 -1.349836 
622 -1.745200 
623 2.346951 
624 1.978082 
625 -1.560991 
626 -1.932539 
627 -2.032423 
628 -0.967796 
629 2.554694 
630 -0.136674 
631 1.654315 
632 -0.044667 
633 1.432489 
634 -1.853432 
635 2.106848 
636 2.409231 
637 -0.184397 
638 1.652614 
639 0.662532 
640 1.950961 
641 1.492169 
642 1.190110 
643 0.712097 
644 1.333523 
645 1.680617 
646 -1.764024 
647 1.355405 
648 0.941882 
649 0.936955 
650 -1.682086 
651 2.169856 
652 1.946176 
653 -1.649311 
654 1.421269 
655 0.994727 
656 1.718424 
657 -1.996682 
658 0.467951 
659 1.478799 
660 1.121267 
661 -0.420423 
662 1.958970 
663 1.719242 
664 -1.710445 
665 1.865050 
666 1.224158 
667 1.145186 
668 1.463067 
669 1.511385 
670 1.050749 
671 -1.902770 
672 1.664542 
673 1.611694 
674 1.237796 
675 0.937918 
676 2.015313 
677 1.254277 
678 -1.934134 
679 0.608779 
680 -1.922849 
681 2.232602 
682 0.567393 
683 0.753690 
684 1.945135 
685 2.033321 
686 -0.120627 
687 0.551709 
688 2.231450 
689 -0.650813 
690 1.458604 
691 0.996465 
692 -0.705429 
693 0.991327 
694 1.913890 
695 1.940520 
696 -1.302577 
697 -2.769111 
698 0.852422 
699 0.593571 
700 -1.696936 
701 1.916234 
702 1.744571 
703 0.539455 
704 0.273805 
705 1.469950 
706 0.490152 
707 2.452191 
708 2.283570 
709 0.403581 
710 0.704601 
711 1.502614 
712 2.218884 
713 -1.662326 
714 0.428732 
715 1.333565 
716 0.766262 
717 -1.431556 
718 -0.030710 
719 2.719323 
720 2.474762 
721 -0.136121 
722 0.153617 
723 1.577642 
724 1.052476 
725 2.707563 
726 0.263314 
727 -1.151524 
728 0.039773 
729 1.189142 
730 0.497754 
731 2.633203 
732 1.638612 
733 2.059498 
734 0.842208 
735 0.522657 
736 0.004622 
737 2.220767 
738 1.968214 
739 0.187110 
740 -1.651828 
741 1.688337 
742 0.663834 
743 1.919958 
744 0.669982 
745 -1.687813 
746 1.598289 
747 1.891211 
748 1.502463 
749 -1.538276 
750 1.925344 
751 0.975653 
752 0.237689 
753 0.943965 
754 1.773838 
755 2.075172 
756 1.905488 
757 -2.006212 
758 0.013773 
759 1.701245 
760 2.127171 
761 0.570454 
762 0.704574 
763 1.664230 
764 1.668186 
765 1.683188 
766 0.616621 
767 1.309809 
768 1.756621 
769 0.610112 
770 1.468656 
771 -1.983261 
772 1.454400 
773 2.157187 
774 0.896112 
775 0.051562 
776 1.637663 
777 -0.385080 
778 1.537437 
779 1.781733 
780 1.184773 
781 0.352437 
782 2.053187 
783 -2.065285 
784 1.698795 
785 1.492350 
786 0.776189 
787 1.355137 
788 0.620050 
789 -2.347489 
790 -1.481563 
791 1.741638 
792 1.965369 
793 1.746377 
794 0.293211 
795 -1.764931 
796 1.608416 
797 0.666680 
798 1.576387 
799 -1.965662 
800 2.237099 
801 1.669239 
802 -0.052396 
803 0.698531 
804 1.098146 
805 2.107455 
806 -1.561887 
807 1.092561 
808 1.381576 
809 2.005685 
810 1.369125 
811 0.371444 
812 1.290168 
813 1.243994 
814 1.127697 
815 1.852919 
816 1.013607 
817 -1.786623 
818 1.341895 
819 1.831741 
820 1.969281 
821 0.254910 
822 1.962823 
823 0.705500 
824 0.839217 
825 2.084636 
826 1.466293 
827 0.875937 
828 -1.869793 
829 1.267991 
830 1.153987 
831 1.853778 
832 1.622200 
833 -0.269522 
834 -2.111410 
835 1.894787 
836 0.955566 
837 0.572303 
838 -1.733739 
839 2.340857 
840 2.612943 
841 1.250234 
842 -1.063465 
843 0.408438 
844 -1.540881 
845 0.864110 
846 1.327143 
847 2.115750 
848 1.325740 
849 1.142117 
850 1.774272 
851 -1.782050 
852 1.331218 
853 1.475704 
854 -1.294708 
855 1.987394 
856 -1.284039 
857 -1.757578 
858 1.743127 
859 -2.174299 
860 1.257196 
861 2.785026 
862 -0.066780 
863 -0.097647 
864 1.376934 
865 0.628884 
866 2.257071 
867 -1.388851 
868 1.312374 
869 1.368743 
870 -1.889927 
871 1.503870 
872 0.839527 
873 2.706230 
874 0.328545 
875 0.659417 
876 0.483207 
877 1.676536 
878 0.945030 
879 2.039426 
880 1.877457 
881 1.637590 
882 -1.805332 
883 0.529942 
884 1.778347 
885 -1.310287 
886 1.327444 
887 1.662984 
888 2.158440 
889 -1.330281 
890 -0.514159 
891 -2.389485 
892 2.014733 
893 0.714371 
894 1.004259 
895 -2.010319 
896 -1.684769 
897 1.003627 
898 1.776297 
899 -2.012151 
900 1.092248 
901 -0.170622 
902 1.681406 
903 2.052638 
904 0.321527 
905 -1.912336 
906 1.835341 
907 1.468635 
908 1.907768 
909 0.883635 
910 1.492121 
911 -1.668596 
912 1.606744 
913 1.141490 
914 -1.522315 
915 1.786005 
916 1.522951 
917 0.470616 
918 1.302180 
919 1.922679 
920 1.642541 
921 -0.953031 
922 1.552852 
923 1.728325 
924 1.186102 
925 -1.843170 
926 1.726842 
927 1.178950 
928 1.375451 
929 -2.088496 
930 1.781966 
931 0.675669 
932 1.731068 
933 -1.712897 
934 1.305202 
935 1.240362 
936 1.666231 
937 0.791484 
938 0.476148 
939 2.059420 
940 -1.443397 
941 1.661595 
942 1.140512 
943 -2.347623 
944 1.585762 
945 1.854081 
946 -1.069513 
947 1.505875 
948 1.284021 
949 1.548903 
950 1.187616 
951 1.451985 
952 1.756001 
953 -0.374488 
954 2.051553 
955 1.104122 
956 2.229636 
957 -1.576395 
958 1.398822 
959 0.482880 
960 0.943885 
961 2.176011 
962 -2.224313 
963 -0.147285 
964 -2.594903 
965 2.001527 
966 -1.248449 
967 -1.325235 
968 1.257930 
969 1.623257 
970 0.576562 
971 1.834040 
972 1.549724 
973 -1.986498 
974 -1.416727 
975 1.787089 
976 2.440610 
977 1.476021 
978 -0.056515 
979 -1.467365 
980 0.905982 
981 0.975538 
982 2.595750 
983 0.277672 
984 0.706353 
985 1.929865 
986 1.313866 
987 -1.779175 
988 2.307930 
989 -1.558076 
990 1.336201 
991 0.460452 
992 0.446265 
993 0.132225 
994 2.835514 
995 -1.460699 
996 1.095010 
997 1.516533 
998 1.594307 
999 -1.915442 
1000 3.041031 
1001 -0.122678 
1002 0.359803 
1003 0.397800 
1004 1.883896 
1005 -0.225405 
1006 -0.039527 
1007 2.382010 
1008 0.366510 
1009 1.284560 
1010 0.447492 
1011 2.567841 
1012 0.641723 
1013 0.197605 
1014 2.960916 
1015 -0.057349 
1016 0.326252 
1017 2.684066 
1018 -1.300039 
1019 0.444298 
1020 0.915157 
1021 2.601210 
1022 -0.271361 
1023 1.118308 
1024 1.517773 
1025 -1.697945 
1026 -2.339478 
1027 1.058129 
1028 -1.887418 
1029 1.777357 
1030 -0.339777 
1031 1.761505 
1032 1.074329 
1033 -2.233091 
1034 -1.455644 
1035 1.523150 
1036 1.144418 
1037 1.107667 
1038 1.431480 
1039 1.801160 
1040 1.341649 
1041 1.742013 
1042 0.007069 
1043 1.699502 
1044 1.974574 
1045 0.705185 
1046 1.244919 
1047 -1.837531 
1048 1.883657 
1049 1.442481 
1050 0.696270 
1051 1.571501 
1052 -1.577499 
1053 1.506662 
1054 0.486763 
1055 2.126314 
1056 0.710124 
1057 1.214749 
1058 2.579997 
1059 -0.495236 
1060 2.157753 
1061 1.137402 
1062 0.130815 
1063 1.310852 
1064 1.860026 
1065 0.745069 
1066 -1.744807 
1067 1.603316 
1068 0.079018 
1069 1.486612 
1070 1.856767 
1071 1.521495 
1072 0.850129 
1073 1.474319 
1074 2.116928 
1075 0.818257 
1076 1.630694 
1077 -1.502408 
1078 1.570263 
1079 1.320741 
1080 0.581616 
1081 -1.397542 
1082 -2.394799 
1083 1.847207 
1084 -1.832880 
1085 1.544657 
1086 1.131848 
1087 1.544299 
1088 -0.386158 
1089 -1.278617 
1090 3.282867 
1091 0.067056 
1092 1.742839 
1093 -0.095513 
1094 2.512418 
1095 -0.069607 
1096 0.325831 
1097 -0.023175 
1098 2.927144 
1099 0.852319 
1100 -2.011060 
1101 -1.786038 
1102 0.739797 
1103 2.297034 
1104 -0.228873 
1105 0.323051 
1106 2.094655 
1107 2.040914 
1108 -1.718235 
1109 1.197814 
1110 -2.114357 
1111 1.832255 
1112 0.948400 
1113 2.667717 
1114 0.031294 
1115 -1.490369 
1116 0.417539 
1117 1.794593 
1118 1.869602 
1119 1.038361 
1120 -1.167889 
1121 1.953171 
1122 2.160597 
1123 0.324584 
1124 -1.577584 
1125 1.865650 
1126 1.761455 
1127 -1.456923 
1128 1.473451 
1129 2.704966 
1130 -0.093171 
1131 -0.230060 
1132 -1.930347 
1133 2.465545 
1134 0.877600 
1135 -1.261076 
1136 0.650467 
1137 0.321115 
1138 1.898469 
1139 1.929908 
1140 1.096762 
1141 -0.316034 
1142 -2.317665 
1143 2.069228 
1144 1.358356 
1145 2.034161 
1146 1.195318 
1147 -1.423158 
1148 1.459745 
1149 2.473125 
1150 -0.174037 
1151 0.553897 
1152 0.555316 
1153 0.946046 
1154 2.000550 
1155 -2.081402 
1156 0.791808 
1157 1.730560 
1158 -1.822909 
1159 1.722603 
1160 1.997756 
1161 0.789899 
1162 1.441386 
1163 0.854920 
1164 0.275602 
1165 1.043780 
1166 2.305463 
1167 1.338492 
1168 1.541083 
1169 1.616338 
1170 0.397840 
1171 1.693052 
1172 2.565985 
1173 1.315363 
1174 -0.600865 
1175 0.666882 
1176 1.544843 
1177 1.449355 
1178 1.089974 
1179 -2.005368 
1180 -2.230330 
1181 0.439111 
1182 1.772118 
1183 -1.613495 
1184 -1.641829 
1185 1.888507 
1186 0.975322 
1187 1.496164 
1188 -1.467039 
1189 1.659709 
1190 1.791325 
1191 -1.641420 
1192 1.151677 
1193 -2.263888 
1194 1.550239 
1195 0.786653 
1196 -2.080251 
1197 1.451900 
1198 -1.516138 
1199 1.420623 
1200 -1.649795 
1201 1.605273 
1202 1.615334 
1203 -1.728774 
1204 1.372313 
1205 2.305315 
1206 0.646464 
1207 0.598386 
1208 -2.400702 
1209 1.891789 
1210 -0.376999 
1211 0.743491 
1212 1.543803 
1213 1.173160 
1214 -1.184177 
1215 1.907050 
1216 1.930842 
1217 -0.279623 
1218 -0.019309 
1219 2.409746 
1220 0.261914 
1221 1.851951 
1222 2.344813 
1223 -0.264571 
1224 -0.455127 
1225 2.023187 
1226 1.947950 
1227 -1.603138 
1228 -1.811746 
1229 1.844249 
1230 1.270985 
1231 -1.461196 
1232 -2.063839 
1233 1.398671 
1234 0.923478 
1235 1.423047 
1236 -1.343463 
1237 2.566729 
1238 -1.102808 
1239 1.168330 
1240 -1.995209 
1241 -1.830356 
1242 0.420462 
1243 2.079628 
1244 -1.448313 
1245 1.599604 
1246 2.336153 
1247 0.126840 
1248 0.408640 
1249 -1.308088 
1250 1.958484 
1251 1.905445 
1252 0.529318 
1253 -0.007236 
1254 2.412937 
1255 1.658467 
1256 -2.269674 
1257 1.321303 
1258 -1.272076 
1259 1.508678 
1260 -0.221430 
1261 0.411981 
1262 3.156078 
1263 0.027237 
1264 -1.640202 
1265 1.668349 
1266 1.498871 
1267 -1.649105 
1268 2.351465 
1269 1.453033 
1270 -0.233325 
1271 0.957920 
1272 0.791486 
1273 -1.853150 
1274 2.086442 
1275 0.998954 
1276 -0.096390 
1277 1.885365 
1278 2.019596 
1279 -1.492297 
1280 1.461778 
1281 1.588414 
1282 1.691594 
1283 0.806911 
1284 1.692531 
1285 -2.215765 
1286 0.685635 
1287 -1.882085 
1288 -1.214675 
1289 2.063187 
1290 1.441298 
1291 -1.793347 
1292 -2.034885 
1293 0.146659 
1294 -1.528297 
1295 1.893592 
1296 -1.937615 
1297 1.581245 
1298 1.780304 
1299 0.232378 
1300 1.242732 
1301 1.756213 
1302 1.527844 
1303 0.783663 
1304 1.342307 
1305 1.290042 
1306 1.717051 
1307 -1.672025 
1308 -1.464740 
1309 2.018902 
1310 1.359323 
1311 1.121051 
1312 1.445446 
1313 1.232619 
1314 -1.791699 
1315 -1.840060 
1316 1.026188 
1317 -1.730104 
1318 0.902543 
1319 2.151257 
1320 -1.544766 
1321 -1.461051 
1322 0.807448 
1323 2.266159 
1324 -0.333475 
1325 1.036074 
1326 1.351365 
1327 2.399180 
1328 1.524777 
1329 1.429350 
1330 1.908886 
1331 -0.291554 
1332 0.065923 
1333 1.316800 
1334 1.830152 
1335 1.843315 
1336 1.070252 
1337 0.986804 
1338 1.742198 
1339 -1.981076 
1340 1.608696 
1341 2.125777 
1342 0.109501 
1343 -1.597047 
1344 1.720092 
1345 1.295426 
1346 0.908011 
1347 -1.926962 
1348 -0.061093 
1349 1.880687 
1350 -2.592916 
1351 -1.900504 
1352 -1.614854 
1353 0.553146 
1354 2.554947 
1355 0.931151 
1356 1.877520 
1357 0.059083 
1358 0.143493 
1359 2.409307 
1360 -0.153060 
1361 2.576017 
1362 1.735762 
1363 -0.403737 
1364 1.395066 
1365 0.198286 
1366 -1.795748 
1367 2.211560 
1368 2.632973 
1369 0.646446 
1370 0.351789 
1371 -1.438753 
1372 0.437385 
1373 2.821558 
1374 0.290117 
1375 -1.453439 
1376 2.035375 
1377 -2.117924 
1378 0.621232 
1379 1.145783 
1380 -1.878688 
1381 1.249316 
1382 -2.432144 
1383 -1.571995 
1384 2.031420 
1385 1.795680 
1386 0.755444 
1387 -1.295255 
1388 0.748790 
1389 -0.057472 
1390 2.512098 
1391 1.257965 
1392 -1.327134 
1393 1.539625 
1394 2.532833 
1395 0.125998 
1396 -1.247553 
1397 -0.004165 
1398 2.793650 
1399 0.548979 
1400 0.609855 
1401 1.592421 
1402 2.062589 
1403 -1.463352 
1404 2.250473 
1405 0.599819 
1406 -0.451772 
1407 1.858451 
1408 0.329324 
1409 -2.435648 
1410 1.615280 
1411 1.201019 
1412 1.681105 
1413 -1.339803 
1414 2.011555 
1415 -1.520110 
1416 1.885302 
1417 1.897354 
1418 -1.061984 
1419 0.912872 
1420 0.599455 
1421 -0.038147 
1422 1.224691 
1423 2.492273 
1424 0.893815 
1425 0.852618 
1426 1.671600 
1427 1.736562 
1428 0.592466 
1429 1.960258 
1430 0.018430 
1431 2.054299 
1432 -2.360923 
1433 1.340708 
1434 1.586381 
1435 0.344057 
1436 1.576707 
1437 -1.818344 
1438 0.980851 
1439 1.596740 
1440 1.737692 
1441 1.399016 
1442 -0.997688 
1443 1.549295 
1444 0.377561 
1445 1.970253 
1446 -2.142836 
1447 0.898130 
1448 -0.490978 
1449 1.878836 
1450 0.882171 
1451 1.973942 
1452 2.240071 
1453 -1.958871 
1454 -1.601293 
1455 -0.608280 
1456 1.096229 
1457 1.070636 
1458 1.113505 
1459 2.069123 
1460 1.602453 
1461 0.796373 
1462 -1.877313 
1463 1.554729 
1464 1.325121 
1465 0.662435 
1466 2.112136 
1467 0.963789 
1468 1.926366 
1469 -1.839418 
1470 1.039528 
1471 -1.729149 
1472 0.543933 
1473 -1.635533 
1474 2.336036 
1475 1.185285 
1476 0.895121 
1477 -1.330714 
1478 -1.319625 
1479 2.565450 
1480 0.639576 
1481 -0.477951 
1482 2.960512 
1483 0.520738 
1484 0.805787 
1485 -2.691578 
1486 1.184829 
1487 -1.635837 
1488 -0.335449 
1489 2.775569 
1490 -0.074639 
1491 1.302374 
1492 2.128566 
1493 -0.268694 
1494 2.287353 
1495 -0.394587 
1496 0.511236 
1497 1.558033 
1498 2.221502 
1499 -1.305617 
1500 0.326175 
1501 2.229092 
1502 -0.446886 
1503 1.939999 
1504 1.032888 
1505 1.208897 
1506 2.067854 
1507 -1.705992 
1508 -1.685919 
1509 1.343909 
1510 -1.556443 
1511 1.845258 
1512 -0.036812 
1513 1.943056 
1514 0.568611 
1515 2.098398 
1516 1.327433 
1517 2.560925 
1518 -0.207232 
1519 0.601029 
1520 1.330586 
1521 1.749156 
1522 0.992101 
1523 -1.908418 
1524 0.295263 
1525 2.752682 
1526 -1.003096 
1527 0.572428 
1528 -1.381436 
1529 1.967194 
1530 1.149463 
1531 1.334697 
1532 1.415892 
1533 -1.665218 
1534 2.102880 
1535 -1.460983 
1536 1.678442 
1537 -1.518374 
1538 1.581217 
1539 1.313905 
1540 2.214098 
1541 1.573488 
1542 1.039178 
1543 -0.204137 
1544 -1.618610 
1545 1.103814 
1546 1.543800 
1547 1.726174 
1548 0.644622 
1549 0.936683 
1550 2.702716 
1551 -0.207151 
1552 -1.407162 
1553 -1.420012 
1554 -2.003947 
1555 2.084629 
1556 -1.831553 
1557 1.442402 
1558 1.121771 
1559 1.577114 
1560 0.408880 
1561 1.406486 
1562 2.044318 
1563 1.216577 
1564 1.669293 
1565 2.064879 
1566 -0.167106 
1567 1.187622 
1568 2.085898 
1569 2.086688 
1570 0.162850 
1571 -0.099083 
1572 1.670852 
1573 0.709189 
1574 2.029349 
1575 -1.501117 
1576 0.559134 
1577 1.036135 
1578 1.741203 
1579 1.860800 
1580 0.714924 
1581 0.858074 
1582 2.432181 
1583 -1.656483 
1584 1.805644 
1585 0.776391 
1586 -2.022774 
1587 1.182630 
1588 1.579096 
1589 0.903896 
1590 -1.732009 
1591 1.793161 
1592 -2.233986 
1593 -2.089970 
1594 -1.977270 
1595 1.051163 
1596 0.870018 
1597 -2.339120 
1598 -1.225970 
1599 1.504522 
1600 -0.471190 
1601 1.588397 
1602 2.425448 
1603 -1.321317 
1604 -0.576485 
1605 -2.256545 
1606 0.850770 
1607 2.270480 
1608 1.640945 
1609 -1.552452 
1610 2.057565 
1611 -1.128881 
1612 2.800557 
1613 0.930480 
1614 -1.368425 
1615 -0.625389 
1616 1.514367 
1617 -2.220384 
1618 -2.368540 
1619 -0.532194 
1620 1.291480 
1621 1.103424 
1622 1.495725 
1623 -2.246755 
1624 -0.302293 
1625 2.806958 
1626 0.382185 
1627 1.064956 
1628 2.481017 
1629 0.085465 
1630 1.250101 
1631 0.697854 
1632 1.740168 
1633 0.690252 
1634 0.581532 
1635 1.952524 
1636 1.069801 
1637 -2.541298 
1638 1.675222 
1639 0.050651 
1640 2.188408 
1641 1.295961 
1642 0.437431 
1643 1.150657 
1644 1.992617 
1645 2.261388 
1646 -0.041651 
1647 0.017543 
1648 -2.015386 
1649 0.061720 
1650 1.438673 
1651 1.883564 
1652 -1.488178 
1653 -1.759011 
1654 1.389945 
1655 1.864642 
1656 -0.481517 
1657 -1.342024 
1658 2.202759 
1659 1.838533 
1660 0.996596 
1661 1.982407 
1662 -1.345784 
1663 -1.907413 
1664 1.993399 
1665 0.996894 
1666 -1.938946 
1667 -1.707889 
1668 1.563028 
1669 1.670389 
1670 1.658939 
1671 0.209370 
1672 1.541581 
1673 0.144859 
1674 2.482692 
1675 -0.163138 
1676 1.260538 
1677 1.449845 
1678 1.507577 
1679 -1.972926 
1680 1.075470 
1681 0.932756 
1682 2.101809 
1683 -1.486123 
1684 1.578948 
1685 1.404718 
1686 0.133495 
1687 -2.305070 
1688 1.751801 
1689 1.688540 
1690 1.225057 
1691 0.374441 
1692 -2.713087 
1693 -0.024056 
1694 0.727623 
1695 -1.784689 
1696 -1.211051 
1697 -1.743922 
1698 1.416558 
1699 1.985211 
1700 -0.536130 
1701 1.386297 
1702 2.095577 
1703 1.348974 
1704 1.707582 
1705 0.713594 
1706 -1.930966 
1707 1.407017 
1708 1.321734 
1709 1.706721 
1710 0.542839 
1711 -1.969743 
1712 -1.856594 
1713 -1.475480 
1714 2.161839 
1715 -1.435894 
1716 1.537419 
1717 0.062968 
1718 2.021655 
1719 1.356808 
1720 -1.137126 
1721 -2.153605 
1722 -1.971068 
1723 -2.256824 
1724 1.464637 
1725 1.991041 
1726 -1.390420 
1727 0.984245 
1728 1.197002 
1729 1.291872 
1730 -1.543455 
1731 1.831441 
1732 -1.536741 
1733 1.688452 
1734 -1.788347 
1735 1.576506 
1736 -1.291117 
1737 -1.068255 
1738 2.041359 
1739 1.915698 
1740 -1.044410 
1741 2.742802 
1742 1.125806 
1743 0.346486 
1744 0.913809 
1745 1.300868 
1746 0.359475 
1747 2.400558 
1748 -2.993982 
1749 1.224740 
1750 -0.105608 
1751 0.695214 
1752 0.335330 
1753 2.074744 
1754 2.103129 
1755 0.108607 
1756 1.734930 
1757 -1.087187 
1758 -1.553702 
1759 -2.358359 
1760 -1.547618 
1761 0.928301 
1762 2.562277 
1763 0.264026 
1764 0.041434 
1765 -0.540412 
1766 0.862799 
1767 2.894690 
1768 1.310697 
1769 -1.341531 
1770 -0.005034 
1771 2.562496 
1772 0.360002 
1773 1.496537 
1774 -2.174504 
1775 1.633115 
1776 2.360182 
1777 0.912744 
1778 1.397799 
1779 0.022320 
1780 1.934232 
1781 0.018336 
1782 0.001261 
1783 2.356522 
1784 2.083719 
1785 1.759087 
1786 0.436275 
1787 0.608805 
1788 1.176866 
1789 2.527966 
1790 0.542667 
1791 0.323250 
1792 -1.715731 
1793 1.321878 
1794 1.157970 
1795 -2.198328 
1796 1.313205 
1797 1.603658 
1798 -2.107135 
1799 0.809966 
1800 1.995182 
1801 -2.226063 
1802 -0.941559 
1803 0.981744 
1804 1.887894 
1805 1.017446 
1806 0.864907 
1807 1.587446 
1808 -1.023918 
1809 1.935273 
1810 1.488521 
1811 1.330670 
1812 -0.437451 
1813 1.851594 
1814 1.393506 
1815 1.735435 
1816 1.911918 
1817 -1.316825 
1818 0.292754 
1819 1.996409 
1820 -2.053919 
1821 -1.956104 
1822 1.612854 
1823 0.846273 
1824 0.642437 
1825 0.200317 
1826 2.400884 
1827 -2.036982 
1828 1.699711 
1829 -0.373977 
1830 1.644406 
1831 -2.016883 
1832 2.170930 
1833 -1.823775 
1834 0.387837 
1835 1.203313 
1836 1.421189 
1837 1.277830 
1838 1.160046 
1839 -2.075516 
1840 2.271274 
1841 0.942721 
1842 0.116002 
1843 1.388387 
1844 1.183146 
1845 2.107601 
1846 1.377063 
1847 -1.390799 
1848 -1.531533 
1849 1.770628 
1850 1.807276 
1851 0.775584 
1852 1.443597 
1853 0.754684 
1854 1.195637 
1855 1.932458 
1856 -0.913605 
1857 2.877758 
1858 0.630376 
1859 0.177499 
1860 1.626901 
1861 1.688927 
1862 -1.783804 
1863 -1.483151 
1864 0.936831 
1865 0.966561 
1866 -1.755986 
1867 2.260495 
1868 1.960071 
1869 0.358910 
1870 -0.297751 
1871 2.297100 
1872 2.866547 
1873 0.304938 
1874 0.198496 
1875 0.789455 
1876 -1.431455 
1877 0.300431 
1878 2.507274 
1879 1.083185 
1880 0.452882 
1881 -0.108745 
1882 2.274148 
1883 1.784447 
1884 0.275755 
1885 -0.270953 
1886 3.134126 
1887 0.182853 
1888 1.904278 
1889 1.742390 
1890 -1.704308 
1891 -0.341355 
1892 2.111768 
1893 -1.561067 
1894 0.522755 
1895 1.484654 
1896 1.408010 
1897 -0.139172 
1898 2.622163 
1899 -1.146735 
1900 1.505479 
1901 -0.536175 
1902 1.550970 
1903 -2.439525 
1904 1.533278 
1905 2.169508 
1906 -1.450798 
1907 0.209968 
1908 -0.012224 
1909 2.280137 
1910 1.960317 
1911 -0.204997 
1912 1.718781 
1913 -0.796933 
1914 1.594638 
1915 -2.125306 
1916 -0.135314 
1917 2.728335 
1918 -0.074493 
1919 1.430391 
1920 1.787145 
1921 0.075822 
1922 2.213447 
1923 0.469709 
1924 -1.448525 
1925 0.649131 
1926 1.922908 
1927 1.880285 
1928 1.840065 
1929 1.124240 
1930 0.382838 
1931 -2.233880 
1932 1.989267 
1933 1.029238 
1934 -1.426479 
1935 -1.993433 
1936 1.680472 
1937 2.176588 
1938 -1.112450 
1939 -1.171439 
1940 1.558467 
1941 0.426250 
1942 2.138866 
1943 0.725147 
1944 -1.919817 
1945 0.888647 
1946 1.383395 
1947 1.484375 
1948 -1.465008 
1949 -0.034870 
1950 1.701596 
1951 2.146897 
1952 1.764870 
1953 -1.555007 
1954 1.809743 
1955 0.992706 
1956 -0.335281 
1957 1.561564 
1958 2.021924 
1959 1.476610 
1960 0.069430 
1961 2.612868 
1962 0.784149 
1963 0.803634 
1964 1.262458 
1965 1.887740 
1966 1.618643 
1967 0.606293 
1968 1.007511 
1969 1.698347 
1970 1.364479 
1971 -1.819524 
1972 1.189950 
1973 -1.935486 
1974 1.401534 
1975 1.545781 
1976 0.420783 
1977 1.983756 
1978 1.035767 
1979 -2.000458 
1980 1.463286 
1981 0.849611 
1982 -1.737471 
1983 1.915496 
1984 1.483652 
1985 1.897533 
1986 -1.482685 
1987 1.060220 
1988 0.213519 
1989 -0.280392 
1990 1.609148 
1991 2.539974 
1992 1.314707 
1993 2.584865 
1994 0.375754 
1995 0.233168 
1996 0.643781 
1997 0.982636 
1998 2.603277 
1999 0.364650 
2000 -0.256285 
2001 2.078490 
2002 -1.598756 
2003 -2.416054 
2004 1.742365 
2005 -1.729629 
2006 -0.503622 
2007 -2.647002 
2008 0.843606 
2009 0.530619 
2010 -1.255307 
2011 2.612611 
2012 -1.286644 
2013 1.626988 
2014 0.165092 
2015 2.324397 
2016 1.724092 
2017 0.648710 
2018 1.660524 
2019 -1.790056 
2020 0.762062 
2021 -1.813245 
2022 1.244654 
2023 2.095077 
2024 1.271333 
2025 0.709442 
2026 1.929445 
2027 -1.830409 
2028 2.120582 
2029 -2.629562 
2030 -0.150055 
2031 -0.169131 
2032 1.326604 
2033 0.730266 
2034 2.473893 
2035 -0.265355 
2036 0.959839 
2037 1.223423 
2038 1.934912 
2039 -1.841687 
2040 1.866294 
2041 0.058755 
2042 -1.668355 
2043 1.903226 
2044 1.142968 
2045 -1.541598 
2046 0.849856 
2047 2.405466 
2048 0.454423 
2049 0.451707 
2050 1.642061 
2051 2.178596 
2052 0.558853 
2053 -1.459031 
2054 -1.956597 
2055 2.139970 
2056 1.594305 
2057 1.218481 
2058 1.997044 
2059 0.117347 
2060 1.052994 
2061 1.786507 
2062 -1.853976 
2063 1.411300 
2064 1.265557 
2065 -1.947046 
2066 0.477165 
2067 1.979489 
2068 1.917197 
2069 1.303652 
2070 0.986578 
2071 1.195489 
2072 2.171788 
2073 1.139561 
2074 1.542010 
2075 0.061484 
2076 1.166472 
2077 2.284820 
2078 -1.727470 
2079 -0.197430 
2080 1.255778 
2081 -1.790443 
2082 2.169587 
2083 0.191038 
2084 -0.301447 
2085 2.185430 
2086 1.886898 
2087 0.529788 
2088 1.269951 
2089 1.851432 
2090 1.751551 
2091 0.184030 
2092 -1.608748 
2093 1.875202 
2094 0.029447 
2095 1.711505 
2096 2.106994 
2097 -0.338368 
2098 1.854562 
2099 1.038161 
2100 -1.870961 
2101 1.642213 
2102 1.698851 
2103 -1.108021 
2104 2.282749 
2105 1.492552 
2106 0.618137 
2107 0.560711 
2108 -1.678296 
2109 0.873340 
2110 1.919650 
2111 1.335386 
2112 1.258261 
2113 0.139603 
2114 2.048631 
2115 -1.930810 
2116 0.644618 
2117 0.116257 
2118 1.816672 
2119 2.196969 
2120 -1.647604 
2121 0.957212 
2122 2.512030 
2123 0.236190 
2124 -0.259126 
2125 1.671502 
2126 0.077731 
2127 2.477340 
2128 1.831789 
2129 2.060716 
2130 0.956138 
2131 0.092659 
2132 2.518168 
2133 -0.438613 
2134 1.596050 
2135 0.248106 
2136 2.186816 
2137 -0.942989 
2138 -1.991935 
2139 1.031804 
2140 0.602395 
2141 0.896631 
2142 2.077754 
2143 -2.037027 
2144 -0.131936 
2145 0.595030 
2146 0.363141 
2147 2.966434 
2148 -0.004745 
2149 1.536071 
2150 0.517214 
2151 2.442845 
2152 1.165973 
2153 -1.890395 
2154 -1.853399 
2155 1.528194 
2156 -1.584499 
2157 1.300950 
2158 2.232543 
2159 -1.175824 
2160 0.220353 
2161 2.052494 
2162 1.961718 
2163 0.373369 
2164 1.509804 
2165 -0.068659 
2166 -2.462246 
2167 1.432548 
2168 0.427121 
2169 1.036957 
2170 1.142935 
2171 2.267992 
2172 1.958663 
2173 0.921116 
2174 -2.167520 
2175 0.815771 
2176 1.276946 
2177 1.271123 
2178 1.832987 
2179 -1.615062 
2180 2.185286 
2181 1.424421 
2182 0.377873 
2183 0.999002 
2184 1.493157 
2185 1.467549 
2186 1.621873 
2187 0.772819 
2188 0.413400 
2189 -1.765548 
2190 1.861938 
2191 1.592549 
2192 0.643683 
2193 0.276122 
2194 0.927844 
2195 2.582486 
2196 1.282603 
2197 1.039116 
2198 2.401313 
2199 -0.018790 
2200 -1.576162 
2201 1.481571 
2202 1.947510 
2203 0.952335 
2204 1.684579 
2205 1.299451 
2206 -0.466172 
2207 1.928439 
2208 -2.474445 
2209 1.525837 
2210 0.311031 
2211 0.994277 
2212 1.993590 
2213 1.167385 
2214 1.606718 
2215 0.113567 
2216 1.675568 
2217 1.148621 
2218 -1.382488 
2219 -1.845247 
2220 1.539891 
2221 1.699057 
2222 0.782418 
2223 1.347500 
2224 0.892844 
2225 1.089300 
2226 1.456023 
2227 1.853091 
2228 1.793113 
2229 0.719953 
2230 1.679857 
2231 -1.648064 
2232 1.198483 
2233 1.706986 
2234 -0.039861 
2235 1.991509 
2236 1.776508 
2237 1.525834 
2238 1.237469 
2239 0.615565 
2240 -1.696301 
2241 1.330127 
2242 -0.571249 
2243 2.418548 
2244 -2.160709 
2245 0.988160 
2246 2.209381 
2247 -0.317127 
2248 0.172680 
2249 0.379271 
2250 0.110093 
2251 3.149402 
2252 0.815758 
2253 1.101020 
2254 -1.636333 
2255 2.276509 
2256 0.967611 
2257 -1.352030 
2258 1.792517 
2259 1.743175 
2260 0.221652 
2261 0.646376 
2262 0.880975 
2263 2.673558 
2264 0.605919 
2265 0.834739 
2266 0.557091 
2267 2.638729 
2268 2.391690 
2269 0.049270 
2270 0.361710 
2271 1.631509 
2272 1.916867 
2273 0.089822 
2274 -0.486101 
2275 2.404022 
2276 0.394202 
2277 1.277720 
2278 1.600755 
2279 -2.482241 
2280 1.616009 
2281 2.455201 
2282 0.502719 
2283 -0.397301 
2284 -1.501076 
2285 -0.249993 
2286 1.730110 
2287 2.073693 
2288 -1.277010 
2289 2.295967 
2290 0.816679 
2291 1.239225 
2292 -0.932592 
2293 1.829395 
2294 -2.131486 
2295 -1.896644 
2296 1.379485 
2297 0.172224 
2298 -2.448007 
2299 1.631770 
2300 0.850177 
2301 2.642977 
2302 0.503285 
2303 -1.285630 
2304 1.557118 
2305 1.348678 
2306 1.156522 
2307 1.388992 
2308 1.087895 
2309 2.543428 
2310 -0.090055 
2311 0.785113 
2312 2.520833 
2313 1.417292 
