2314 1
0 -2.691939 
1 -0.770284 
2 1.932898 
3 1.834427 
4 2.015677 
5 1.906047 
6 -1.424905 
7 1.391849 
8 2.194839 
9 1.177299 
10 1.231778 
11 1.097230 
12 0.957749 
13 1.702010 
14 1.795475 
15 1.291229 
16 0.468551 
17 -2.542639 
18 1.397622 
19 1.831735 
20 1.741073 
21 2.130000 
22 -0.951519 
23 1.345692 
24 1.186267 
25 1.346251 
26 1.868316 
27 1.121948 
28 0.657775 
29 -2.685445 
30 -2.101891 
31 0.876139 
32 1.709920 
33 1.302928 
34 1.869191 
35 -1.422904 
36 1.363485 
37 1.231417 
38 -2.160570 
39 1.654628 
40 1.537541 
41 0.855944 
42 -2.713344 
43 1.327920 
44 1.778463 
45 -2.192157 
46 -0.857192 
47 2.122833 
48 1.080850 
49 1.303204 
50 1.433450 
51 1.708322 
52 -2.185300 
53 1.218614 
54 -1.880016 
55 1.846654 
56 1.500006 
57 -1.940297 
58 1.800216 
59 0.917962 
60 1.529667 
61 1.096526 
62 1.614007 
63 1.445064 
64 1.881631 
65 1.777726 
66 1.024255 
67 -1.868959 
68 1.390391 
69 -1.981260 
70 1.013430 
71 1.941729 
72 1.805907 
73 1.511817 
74 1.895138 
75 -0.760796 
76 2.049958 
77 -0.616107 
78 2.025006 
79 1.339291 
80 0.776622 
81 -1.426072 
82 2.007658 
83 1.989989 
84 1.841625 
85 1.191775 
86 1.607832 
87 0.956540 
88 0.959044 
89 1.596756 
90 1.751178 
91 1.015793 
92 1.460595 
93 1.413031 
94 0.957996 
95 1.407693 
96 -2.228444 
97 1.012689 
98 -2.564070 
99 1.691698 
100 1.713196 
101 1.054000 
102 1.269842 
103 1.636029 
104 2.111857 
105 0.481030 
106 1.343257 
107 -2.082876 
108 1.797458 
109 1.189535 
110 0.994270 
111 1.458779 
112 1.228551 
113 1.934108 
114 -1.191239 
115 1.558058 
116 1.634425 
117 -0.688382 
118 1.806219 
119 2.071934 
120 -1.570549 
121 1.603585 
122 -1.447561 
123 2.265890 
124 0.581569 
125 2.661711 
126 1.018205 
127 -1.790339 
128 -1.676366 
129 1.856440 
130 0.958543 
131 1.073437 
132 1.779816 
133 1.548045 
134 1.066391 
135 1.037103 
136 1.056237 
137 1.473776 
138 1.749641 
139 1.451018 
140 0.912697 
141 1.838853 
142 2.231768 
143 -1.382326 
144 -1.652852 
145 1.247602 
146 1.873062 
147 1.607988 
148 2.318604 
149 -1.275747 
150 -1.299178 
151 2.079661 
152 -0.953694 
153 1.269560 
154 1.702843 
155 2.139495 
156 2.016967 
157 -2.307270 
158 1.683495 
159 1.198895 
160 1.793263 
161 1.961762 
162 0.750094 
163 -1.854230 
164 -0.328972 
165 1.398349 
166 -3.829799 
167 -1.301257 
168 1.832819 
169 1.526083 
170 -1.749184 
171 0.751861 
172 1.571749 
173 1.409926 
174 0.732791 
175 1.929398 
176 1.102746 
177 -1.933468 
178 -1.710572 
179 2.052669 
180 0.850917 
181 -1.358390 
182 1.381612 
183 2.353491 
184 -1.389135 
185 1.408055 
186 1.292942 
187 2.141180 
188 1.069010 
189 2.446332 
190 1.240773 
191 1.156446 
192 1.610163 
193 2.141878 
194 -1.365296 
195 0.989223 
196 1.678681 
197 -1.019997 
198 2.325631 
199 0.510926 
200 1.370363 
201 0.879955 
202 2.598077 
203 0.703590 
204 -1.796156 
205 1.595878 
206 0.910839 
207 1.192201 
208 1.782631 
209 0.855674 
210 1.501712 
211 1.133498 
212 0.975246 
213 1.148858 
214 2.016430 
215 1.362964 
216 1.757246 
217 -2.276320 
218 -1.555328 
219 1.556060 
220 2.023261 
221 -1.007885 
222 1.303851 
223 1.698485 
224 1.380854 
225 1.496957 
226 1.343594 
227 1.097377 
228 -1.573225 
229 1.810583 
230 -1.531979 
231 1.750510 
232 1.188285 
233 1.153913 
234 1.035623 
235 2.290890 
236 2.134314 
237 1.372392 
238 0.862895 
239 0.841623 
240 1.371802 
241 1.483161 
242 -1.363609 
243 1.930982 
244 1.179298 
245 0.463273 
246 1.848962 
247 1.828024 
248 1.981880 
249 1.431691 
250 1.054250 
251 1.006323 
252 1.806449 
253 0.943384 
254 0.791846 
255 1.912963 
256 1.146071 
257 0.764548 
258 1.845007 
259 1.890114 
260 1.106620 
261 -1.562131 
262 1.557432 
263 1.797763 
264 1.824407 
265 1.413506 
266 -2.598019 
267 1.068703 
268 1.780007 
269 1.561941 
270 1.851158 
271 -1.026302 
272 1.156327 
273 1.526114 
274 1.602221 
275 1.327010 
276 1.489549 
277 -1.592036 
278 0.719678 
279 2.339821 
280 1.398915 
281 1.183735 
282 1.153557 
283 1.765308 
284 1.334021 
285 1.118173 
286 1.788465 
287 -2.098799 
288 1.322325 
289 0.775042 
290 1.767798 
291 1.417516 
292 -1.253644 
293 2.193742 
294 2.132206 
295 0.627371 
296 1.631846 
297 -2.100478 
298 1.140266 
299 1.030411 
300 1.540562 
301 2.198800 
302 -0.463605 
303 1.660026 
304 1.865121 
305 1.793900 
306 0.979011 
307 -1.477509 
308 1.150172 
309 -1.842209 
310 1.773637 
311 1.435758 
312 0.782607 
313 1.312424 
314 1.248096 
315 2.205477 
316 1.837768 
317 0.589019 
318 0.444627 
319 2.417003 
320 1.294730 
321 1.804760 
322 1.184929 
323 1.034032 
324 -1.544944 
325 1.893648 
326 2.214053 
327 1.013563 
328 -2.899145 
329 0.434586 
330 1.734738 
331 0.828176 
332 2.052512 
333 -1.013561 
334 0.772010 
335 2.441831 
336 -1.634677 
337 -2.423243 
338 1.468648 
339 -1.711043 
340 -1.544743 
341 2.441638 
342 1.205118 
343 0.868539 
344 1.845354 
345 1.911925 
346 1.345153 
347 0.289230 
348 1.750021 
349 -1.595914 
350 2.170670 
351 0.873105 
352 1.676180 
353 0.762307 
354 1.458935 
355 1.376717 
356 0.805636 
357 -1.501781 
358 2.457292 
359 1.265283 
360 1.337003 
361 1.611526 
362 0.475751 
363 1.950249 
364 0.770245 
365 0.824268 
366 0.998163 
367 -3.108824 
368 2.215077 
369 1.155744 
370 1.502255 
371 -1.315923 
372 0.689431 
373 2.295895 
374 1.388384 
375 1.351298 
376 1.780003 
377 -1.553886 
378 -2.110787 
379 1.727884 
380 1.516161 
381 1.092432 
382 1.670184 
383 1.164790 
384 -1.518996 
385 1.968720 
386 1.482530 
387 1.115884 
388 1.475667 
389 1.495969 
390 1.141116 
391 1.268842 
392 1.173187 
393 -2.195888 
394 -2.028116 
395 1.837664 
396 1.090011 
397 1.649232 
398 -1.782159 
399 1.923811 
400 -1.962365 
401 1.399877 
402 -2.162071 
403 1.629719 
404 1.181700 
405 1.835551 
406 1.854705 
407 0.509075 
408 0.918431 
409 1.532024 
410 1.638618 
411 1.357816 
412 1.698453 
413 1.706916 
414 0.913020 
415 1.293771 
416 1.542895 
417 1.567224 
418 1.160427 
419 1.238944 
420 -1.976406 
421 1.456198 
422 1.320727 
423 1.675025 
424 -1.209962 
425 1.811343 
426 1.350542 
427 1.870102 
428 -1.644701 
429 1.916877 
430 1.053028 
431 2.049789 
432 1.643852 
433 1.189979 
434 0.937995 
435 1.814656 
436 -1.472057 
437 2.136465 
438 1.516883 
439 1.735025 
440 1.514972 
441 1.298296 
442 1.070150 
443 2.032925 
444 0.749874 
445 1.409366 
446 2.011548 
447 1.638583 
448 -2.764292 
449 1.472045 
450 0.978446 
451 -1.663364 
452 0.951217 
453 1.941272 
454 1.665735 
455 1.003688 
456 2.202257 
457 -1.347982 
458 1.555531 
459 1.065968 
460 0.905956 
461 1.668001 
462 1.762395 
463 1.124997 
464 -2.078826 
465 0.845103 
466 1.600863 
467 1.048806 
468 1.151617 
469 1.527155 
470 1.054940 
471 1.610697 
472 1.650835 
473 1.124127 
474 -1.999941 
475 1.723990 
476 1.400661 
477 2.270886 
478 0.357812 
479 0.858531 
480 1.371705 
481 1.352327 
482 1.871673 
483 -1.901824 
484 1.382470 
485 -2.385910 
486 -1.729944 
487 1.730148 
488 -1.372339 
489 -2.013473 
490 2.346459 
491 1.757532 
492 1.436038 
493 1.264235 
494 2.230157 
495 -1.769653 
496 1.565090 
497 1.837711 
498 0.861811 
499 1.427576 
500 1.306265 
501 1.290537 
502 0.740812 
503 1.995517 
504 1.623699 
505 1.160912 
506 2.348089 
507 -1.297707 
508 -3.159953 
509 1.659258 
510 1.028685 
511 0.770873 
512 1.726691 
513 1.728240 
514 0.988657 
515 1.342479 
516 0.816101 
517 2.183184 
518 0.864569 
519 1.858967 
520 1.088802 
521 1.295713 
522 1.948972 
523 1.519853 
524 1.333396 
525 1.820027 
526 -0.117682 
527 2.012879 
528 1.016239 
529 1.429258 
530 1.323973 
531 1.686023 
532 0.727969 
533 1.777909 
534 1.931701 
535 1.051181 
536 0.981053 
537 1.431640 
538 1.284795 
539 1.662858 
540 2.067996 
541 -1.022254 
542 1.060402 
543 2.002713 
544 1.180312 
545 2.026146 
546 1.068296 
547 1.456621 
548 1.117604 
549 1.211480 
550 2.282959 
551 1.104521 
552 -1.463388 
553 2.043313 
554 1.286823 
555 1.827775 
556 1.266671 
557 1.596297 
558 1.005632 
559 1.413369 
560 -1.855114 
561 -1.610687 
562 1.836421 
563 2.032983 
564 0.508573 
565 1.719601 
566 1.400017 
567 1.850029 
568 2.027400 
569 0.752108 
570 1.729235 
571 0.883566 
572 1.937024 
573 -1.867038 
574 -1.631653 
575 1.737248 
576 1.583328 
577 0.404229 
578 0.306838 
579 3.044522 
580 2.154352 
581 1.426420 
582 -1.959475 
583 -2.107250 
584 1.950692 
585 0.860532 
586 0.919849 
587 1.864075 
588 1.056857 
589 1.071348 
590 1.185023 
591 2.189128 
592 1.255791 
593 1.791130 
594 1.500888 
595 -1.762054 
596 0.832771 
597 2.405581 
598 -0.824058 
599 1.921801 
600 -1.737283 
601 1.642810 
602 1.480645 
603 1.335931 
604 0.872558 
605 1.648041 
606 0.987378 
607 1.935989 
608 0.764590 
609 1.332952 
610 1.156568 
611 2.065615 
612 -2.262569 
613 1.212705 
614 0.803419 
615 1.545137 
616 1.127425 
617 1.894841 
618 -1.412384 
619 1.764277 
620 1.450679 
621 -1.436777 
622 -1.614343 
623 2.425692 
624 2.811140 
625 -1.375436 
626 -1.876473 
627 -2.142574 
628 -0.467637 
629 2.165172 
630 1.480175 
631 1.944470 
632 0.731234 
633 1.778992 
634 -1.473432 
635 2.015955 
636 1.674992 
637 0.844939 
638 1.480495 
639 1.391146 
640 1.836969 
641 1.447739 
642 1.400595 
643 1.027603 
644 1.206343 
645 1.759157 
646 -1.738425 
647 1.652778 
648 1.588431 
649 1.297036 
650 -1.307421 
651 2.044003 
652 2.049692 
653 -1.275223 
654 1.658767 
655 1.101683 
656 1.330409 
657 -2.428993 
658 1.251970 
659 1.313514 
660 1.017139 
661 1.103260 
662 1.627537 
663 1.640453 
664 -1.682248 
665 1.976880 
666 1.022589 
667 1.450838 
668 1.609103 
669 1.764777 
670 1.364081 
671 -1.438105 
672 1.493898 
673 1.702983 
674 1.364915 
675 0.935102 
676 2.048194 
677 1.689049 
678 -1.617498 
679 0.935214 
680 -2.322947 
681 2.080993 
682 0.746911 
683 1.256831 
684 1.578828 
685 2.008084 
686 1.014360 
687 0.875141 
688 1.708002 
689 1.540033 
690 1.771235 
691 0.856456 
692 0.308023 
693 1.297405 
694 1.648029 
695 2.117961 
696 -1.410958 
697 -2.179497 
698 1.409879 
699 1.120852 
700 -1.084581 
701 2.117680 
702 1.991573 
703 1.248386 
704 0.624828 
705 1.703114 
706 0.954785 
707 1.920493 
708 1.511661 
709 0.970623 
710 0.980752 
711 1.664360 
712 2.293732 
713 -1.458829 
714 0.739667 
715 1.887272 
716 1.304493 
717 -1.292215 
718 0.393867 
719 2.683613 
720 2.114656 
721 0.636028 
722 0.892715 
723 1.500957 
724 1.024567 
725 3.200056 
726 0.874424 
727 -1.155922 
728 0.571727 
729 1.650974 
730 1.542459 
731 1.795807 
732 1.536549 
733 1.255688 
734 1.486755 
735 1.194841 
736 1.077963 
737 1.679725 
738 1.659181 
739 0.917837 
740 -2.158283 
741 1.424630 
742 1.519297 
743 1.503025 
744 1.316291 
745 -1.392511 
746 1.752841 
747 1.775486 
748 1.376723 
749 -1.441085 
750 1.832888 
751 1.363671 
752 0.972650 
753 1.512837 
754 1.328404 
755 1.681815 
756 1.881904 
757 -1.879009 
758 0.844820 
759 1.776654 
760 1.766886 
761 1.148356 
762 1.369189 
763 1.403284 
764 1.562499 
765 1.525933 
766 0.905889 
767 1.456130 
768 1.639271 
769 0.957741 
770 1.312329 
771 -2.227162 
772 1.512408 
773 1.769112 
774 1.276520 
775 0.675703 
776 1.914935 
777 0.298905 
778 1.914298 
779 1.251424 
780 1.065254 
781 0.819992 
782 2.242851 
783 -2.183647 
784 1.351512 
785 1.231115 
786 1.427269 
787 1.640706 
788 1.287598 
789 -2.212528 
790 -1.734743 
791 1.940356 
792 2.359608 
793 1.890693 
794 0.958726 
795 -1.570699 
796 1.250589 
797 1.111647 
798 1.932882 
799 -1.995033 
800 1.995409 
801 1.431549 
802 1.033054 
803 1.245469 
804 1.442083 
805 2.272690 
806 -1.279861 
807 1.412806 
808 1.504555 
809 1.769757 
810 1.343419 
811 0.802765 
812 1.563640 
813 0.967442 
814 1.276692 
815 1.792707 
816 1.120531 
817 -1.544372 
818 1.339527 
819 2.102164 
820 1.403782 
821 0.857460 
822 1.771466 
823 1.266570 
824 1.493301 
825 1.864883 
826 1.214737 
827 1.178387 
828 -1.421513 
829 1.590515 
830 1.251476 
831 2.168677 
832 1.435447 
833 0.818947 
834 -1.837754 
835 2.287470 
836 1.280523 
837 1.519652 
838 -1.165009 
839 2.039051 
840 2.169955 
841 1.519840 
842 -0.886038 
843 1.593696 
844 -1.297642 
845 1.348188 
846 1.816741 
847 1.849200 
848 1.742598 
849 1.642549 
850 1.424896 
851 -1.898077 
852 1.414270 
853 2.130593 
854 -0.745153 
855 1.945903 
856 -1.476540 
857 -1.757005 
858 2.160201 
859 -2.214090 
860 1.503348 
861 2.915951 
862 0.362507 
863 0.615672 
864 1.590525 
865 1.140813 
866 1.617769 
867 -1.616257 
868 1.340889 
869 0.960653 
870 -2.053816 
871 1.684892 
872 1.307944 
873 1.831655 
874 0.830906 
875 1.438278 
876 0.912574 
877 1.707277 
878 1.351392 
879 1.540185 
880 1.655223 
881 1.668825 
882 -1.430692 
883 1.586682 
884 1.891991 
885 -0.813239 
886 1.600812 
887 1.785607 
888 1.994558 
889 -0.961230 
890 1.141796 
891 -2.639251 
892 1.484496 
893 1.130275 
894 1.199987 
895 -2.292895 
896 -2.239708 
897 0.691294 
898 1.974606 
899 -2.160565 
900 1.022790 
901 1.236166 
902 1.479411 
903 1.884063 
904 1.551727 
905 -1.422081 
906 1.754459 
907 1.804067 
908 1.948175 
909 1.580411 
910 1.529573 
911 -1.336156 
912 1.692548 
913 1.288771 
914 -1.596339 
915 1.849653 
916 1.363720 
917 0.839583 
918 1.324711 
919 1.825665 
920 1.588242 
921 -0.593607 
922 1.688505 
923 2.279281 
924 1.639092 
925 -1.586847 
926 1.959884 
927 1.228570 
928 1.801069 
929 -1.964445 
930 1.732438 
931 1.259693 
932 1.972937 
933 -1.460445 
934 1.500491 
935 1.234301 
936 1.571682 
937 1.499456 
938 0.668167 
939 1.723933 
940 -1.031290 
941 1.818708 
942 1.492204 
943 -2.666574 
944 1.524858 
945 2.040581 
946 -0.947298 
947 1.582373 
948 1.046821 
949 1.585978 
950 1.621745 
951 1.347947 
952 1.438146 
953 0.398825 
954 2.028176 
955 1.547062 
956 2.324312 
957 -1.536265 
958 1.348569 
959 1.280707 
960 0.864469 
961 2.485314 
962 -1.904863 
963 1.040138 
964 -4.329716 
965 2.119154 
966 -0.143646 
967 -1.079723 
968 1.250815 
969 1.549118 
970 1.265566 
971 1.378965 
972 1.910028 
973 -2.118862 
974 -1.332211 
975 1.788658 
976 1.761346 
977 1.983783 
978 0.628281 
979 -1.804397 
980 1.455432 
981 1.195683 
982 1.763624 
983 1.132377 
984 1.122389 
985 1.666058 
986 1.673048 
987 -1.487214 
988 1.847702 
989 -1.293932 
990 1.722186 
991 1.330930 
992 1.501220 
993 1.365282 
994 1.770462 
995 -1.652908 
996 1.391586 
997 1.446735 
998 1.897753 
999 -1.422170 
1000 1.959641 
1001 0.498777 
1002 1.119276 
1003 1.421881 
1004 1.748868 
1005 0.071104 
1006 0.380235 
1007 2.593445 
1008 1.142754 
1009 1.566008 
1010 1.242940 
1011 1.810216 
1012 1.771600 
1013 0.987854 
1014 1.662695 
1015 0.808495 
1016 1.195907 
1017 2.153334 
1018 -1.148443 
1019 1.043537 
1020 1.495933 
1021 1.889395 
1022 0.401793 
1023 1.575451 
1024 2.190130 
1025 -1.541622 
1026 -1.884752 
1027 2.073076 
1028 -1.287782 
1029 2.341502 
1030 0.667132 
1031 1.928847 
1032 1.467738 
1033 -2.256842 
1034 -1.916491 
1035 1.894709 
1036 1.240368 
1037 1.009393 
1038 1.479890 
1039 1.840414 
1040 1.181397 
1041 1.774819 
1042 0.808870 
1043 1.651690 
1044 1.968924 
1045 1.405849 
1046 1.439755 
1047 -1.684498 
1048 1.830867 
1049 1.399961 
1050 0.819701 
1051 2.008986 
1052 -1.972137 
1053 1.769084 
1054 0.904369 
1055 1.912416 
1056 1.352511 
1057 1.304760 
1058 2.279932 
1059 0.490407 
1060 -1.651820 
1061 1.512668 
1062 1.047884 
1063 1.738150 
1064 1.826324 
1065 1.370577 
1066 -1.481219 
1067 1.818910 
1068 1.012740 
1069 1.549960 
1070 1.340579 
1071 1.528193 
1072 1.495324 
1073 1.410025 
1074 1.732954 
1075 1.030788 
1076 1.681647 
1077 -1.218435 
1078 1.588034 
1079 1.543648 
1080 1.301801 
1081 -1.442084 
1082 -2.397654 
1083 2.246369 
1084 -1.746010 
1085 1.671530 
1086 1.367796 
1087 1.596606 
1088 -0.084806 
1089 -0.930360 
1090 3.532529 
1091 1.416847 
1092 1.739877 
1093 0.943182 
1094 1.684852 
1095 1.263367 
1096 0.972867 
1097 0.551899 
1098 2.605623 
1099 1.038147 
1100 -2.120664 
1101 -1.788903 
1102 1.530070 
1103 2.427274 
1104 0.525866 
1105 1.021289 
1106 1.934302 
1107 1.685997 
1108 -2.383276 
1109 1.231045 
1110 -1.834460 
1111 2.126444 
1112 1.501968 
1113 1.932998 
1114 0.950580 
1115 -1.374092 
1116 1.303880 
1117 1.515531 
1118 1.413502 
1119 1.332494 
1120 -0.943438 
1121 2.424901 
1122 2.099164 
1123 0.800454 
1124 -1.393141 
1125 1.867026 
1126 1.984825 
1127 -1.738467 
1128 1.297562 
1129 2.905436 
1130 0.569099 
1131 0.386134 
1132 -1.907719 
1133 2.818197 
1134 1.703640 
1135 -0.980218 
1136 1.137537 
1137 1.138891 
1138 1.578838 
1139 1.384762 
1140 1.578569 
1141 0.111025 
1142 -2.335394 
1143 2.316964 
1144 1.844695 
1145 2.003736 
1146 1.127099 
1147 -1.592970 
1148 1.291909 
1149 1.980797 
1150 0.750810 
1151 1.199326 
1152 1.519477 
1153 1.377548 
1154 1.911655 
1155 -1.823382 
1156 1.015489 
1157 1.965897 
1158 -1.740112 
1159 1.884606 
1160 1.917749 
1161 1.295211 
1162 1.353459 
1163 0.971396 
1164 0.578436 
1165 1.423205 
1166 2.099360 
1167 1.511871 
1168 1.246227 
1169 1.517078 
1170 1.280544 
1171 1.697185 
1172 2.201648 
1173 1.008950 
1174 0.899672 
1175 1.622566 
1176 1.713513 
1177 1.648400 
1178 1.611780 
1179 -1.668249 
1180 -2.491891 
1181 1.389499 
1182 2.219001 
1183 -1.467277 
1184 -2.026749 
1185 1.664224 
1186 1.003733 
1187 1.807436 
1188 -1.431092 
1189 1.968197 
1190 1.934695 
1191 -1.582639 
1192 1.150715 
1193 -2.040646 
1194 1.994105 
1195 1.425143 
1196 -2.020923 
1197 1.793862 
1198 -1.514869 
1199 1.877735 
1200 -1.902483 
1201 2.008923 
1202 1.731776 
1203 -1.809351 
1204 1.745368 
1205 1.920943 
1206 0.947643 
1207 0.861058 
1208 -2.460688 
1209 1.870078 
1210 -0.004325 
1211 1.222709 
1212 1.731627 
1213 1.765742 
1214 -0.771787 
1215 1.829328 
1216 2.093807 
1217 0.941637 
1218 0.644606 
1219 1.773621 
1220 1.105615 
1221 1.887481 
1222 1.760830 
1223 0.467287 
1224 0.013949 
1225 2.175321 
1226 1.886418 
1227 -2.003271 
1228 -1.541121 
1229 1.684122 
1230 1.518222 
1231 -2.080681 
1232 -1.626679 
1233 1.736533 
1234 1.433935 
1235 1.452572 
1236 -1.096610 
1237 2.738833 
1238 -0.815300 
1239 2.135150 
1240 -2.163098 
1241 -2.182524 
1242 1.013433 
1243 1.893700 
1244 -1.255231 
1245 1.865369 
1246 2.052171 
1247 1.052552 
1248 1.348813 
1249 -1.045626 
1250 1.927879 
1251 1.762665 
1252 1.232849 
1253 1.025001 
1254 1.907429 
1255 1.811620 
1256 -2.240868 
1257 1.754878 
1258 -0.911434 
1259 1.635264 
1260 0.528661 
1261 1.031126 
1262 2.590575 
1263 0.631569 
1264 -1.740811 
1265 1.762456 
1266 1.811788 
1267 -1.633960 
1268 1.425778 
1269 1.798447 
1270 0.431322 
1271 1.656678 
1272 1.542658 
1273 -1.420274 
1274 1.701718 
1275 1.628742 
1276 1.309915 
1277 1.562452 
1278 1.722664 
1279 -1.725384 
1280 1.307726 
1281 1.693194 
1282 1.737943 
1283 1.207790 
1284 2.070092 
1285 -2.170779 
1286 1.683772 
1287 -2.049865 
1288 -1.109626 
1289 2.866198 
1290 1.485157 
1291 -2.061749 
1292 -2.429396 
1293 0.609918 
1294 -1.597391 
1295 2.097072 
1296 -1.551741 
1297 1.578323 
1298 1.967328 
1299 1.251493 
1300 1.317997 
1301 1.781790 
1302 1.285165 
1303 0.924784 
1304 1.217545 
1305 1.616376 
1306 1.843950 
1307 -1.787978 
1308 -1.121076 
1309 2.229252 
1310 1.478568 
1311 1.632174 
1312 1.442637 
1313 1.734161 
1314 -2.136957 
1315 -1.494932 
1316 1.281254 
1317 -1.736994 
1318 1.135748 
1319 2.258832 
1320 -1.339531 
1321 -1.825116 
1322 1.456862 
1323 2.356067 
1324 0.560745 
1325 1.260247 
1326 1.742765 
1327 2.060349 
1328 1.497548 
1329 0.969038 
1330 1.931083 
1331 1.057459 
1332 1.176711 
1333 1.722864 
1334 1.500788 
1335 1.660900 
1336 1.400946 
1337 1.093101 
1338 1.981909 
1339 -1.707357 
1340 1.793012 
1341 2.022967 
1342 0.818936 
1343 -1.537130 
1344 1.620286 
1345 1.669982 
1346 1.174531 
1347 -1.768134 
1348 1.952439 
1349 2.250915 
1350 -2.248994 
1351 -1.859797 
1352 -1.900577 
1353 0.951380 
1354 2.747458 
1355 0.791408 
1356 1.779567 
1357 0.971563 
1358 0.824912 
1359 2.134081 
1360 0.612509 
1361 2.273735 
1362 1.873355 
1363 0.845261 
1364 1.839949 
1365 0.697192 
1366 -1.759001 
1367 2.057351 
1368 2.129195 
1369 1.117443 
1370 1.043677 
1371 -1.250489 
1372 1.305280 
1373 1.927402 
1374 1.328229 
1375 -1.902545 
1376 1.943649 
1377 -1.689583 
1378 1.513381 
1379 1.462381 
1380 -1.759454 
1381 1.810892 
1382 -2.675280 
1383 -1.779585 
1384 2.045009 
1385 1.804716 
1386 1.276391 
1387 -0.937973 
1388 1.431041 
1389 0.860513 
1390 1.703160 
1391 1.297729 
1392 -1.068005 
1393 2.281101 
1394 2.491594 
1395 0.401996 
1396 -1.512255 
1397 1.106066 
1398 1.984735 
1399 1.271860 
1400 1.118730 
1401 1.665041 
1402 1.493024 
1403 -1.617650 
1404 1.590684 
1405 1.478362 
1406 0.694337 
1407 1.907788 
1408 0.661254 
1409 -2.497927 
1410 1.640160 
1411 1.272320 
1412 2.405277 
1413 -0.943047 
1414 2.170216 
1415 -1.220405 
1416 2.145502 
1417 2.025004 
1418 -1.172959 
1419 0.906564 
1420 0.919947 
1421 0.884278 
1422 1.543727 
1423 1.750017 
1424 1.331365 
1425 1.625515 
1426 1.667060 
1427 0.983557 
1428 1.277556 
1429 1.580430 
1430 0.879007 
1431 1.893376 
1432 -2.025722 
1433 1.496366 
1434 1.909340 
1435 0.912920 
1436 2.030868 
1437 -1.587029 
1438 1.509032 
1439 1.556296 
1440 1.680571 
1441 1.659486 
1442 -0.772073 
1443 1.731911 
1444 0.974506 
1445 2.062286 
1446 -2.188930 
1447 0.861345 
1448 0.622069 
1449 1.790136 
1450 1.342397 
1451 1.792018 
1452 2.172145 
1453 -2.805341 
1454 -1.390550 
1455 -0.448767 
1456 1.401519 
1457 1.082254 
1458 1.283957 
1459 1.771877 
1460 1.663650 
1461 1.235143 
1462 -1.444824 
1463 1.653770 
1464 1.085911 
1465 1.042921 
1466 1.717827 
1467 1.367959 
1468 2.428519 
1469 -1.771693 
1470 1.353277 
1471 -1.664016 
1472 1.221510 
1473 -1.500939 
1474 2.183438 
1475 1.557022 
1476 1.588956 
1477 -1.140993 
1478 -1.939101 
1479 2.075588 
1480 0.954934 
1481 -0.044236 
1482 2.576337 
1483 1.085345 
1484 0.991250 
1485 -3.066157 
1486 1.128129 
1487 -2.325292 
1488 1.222283 
1489 2.390110 
1490 1.265719 
1491 0.737111 
1492 1.990869 
1493 1.223482 
1494 1.057682 
1495 1.549536 
1496 0.844565 
1497 2.036214 
1498 2.016864 
1499 -1.090046 
1500 1.325967 
1501 1.813758 
1502 0.179017 
1503 1.941674 
1504 1.679970 
1505 1.376387 
1506 1.748745 
1507 -1.265730 
1508 -1.660676 
1509 1.514023 
1510 -1.539847 
1511 1.875938 
1512 1.186389 
1513 1.605359 
1514 1.440428 
1515 1.386478 
1516 1.698644 
1517 1.666312 
1518 0.701907 
1519 1.180832 
1520 1.298537 
1521 1.943726 
1522 1.322441 
1523 -1.618250 
1524 1.095712 
1525 1.968508 
1526 -1.222470 
1527 1.109259 
1528 -1.146899 
1529 1.791368 
1530 1.362720 
1531 1.592279 
1532 1.762928 
1533 -1.435878 
1534 1.844581 
1535 -1.964156 
1536 1.914905 
1537 -1.697292 
1538 1.516880 
1539 1.567574 
1540 2.243187 
1541 1.452517 
1542 1.031098 
1543 0.750528 
1544 -1.663789 
1545 1.629158 
1546 1.372394 
1547 1.794542 
1548 0.948595 
1549 1.077579 
1550 2.485659 
1551 1.005868 
1552 -1.695336 
1553 -1.603232 
1554 -1.990404 
1555 2.440799 
1556 -1.803694 
1557 1.739999 
1558 1.244203 
1559 1.791837 
1560 0.767158 
1561 1.427479 
1562 1.884289 
1563 1.455974 
1564 1.758189 
1565 1.860788 
1566 0.936182 
1567 1.489022 
1568 1.306453 
1569 2.032959 
1570 1.005764 
1571 1.129605 
1572 1.920956 
1573 0.909615 
1574 2.293195 
1575 -1.237279 
1576 0.892992 
1577 1.397990 
1578 1.339755 
1579 1.782554 
1580 1.122945 
1581 1.756569 
1582 2.351724 
1583 -1.440399 
1584 1.784028 
1585 1.404240 
1586 -1.595562 
1587 1.516682 
1588 1.522324 
1589 1.306633 
1590 -2.023504 
1591 1.966009 
1592 -1.699547 
1593 -2.959193 
1594 -1.477873 
1595 1.602455 
1596 1.237815 
1597 -1.789898 
1598 -1.196301 
1599 2.005436 
1600 0.421990 
1601 2.286185 
1602 2.246682 
1603 -1.260942 
1604 1.553317 
1605 -1.858234 
1606 1.057736 
1607 2.421536 
1608 1.826561 
1609 -1.421789 
1610 1.920121 
1611 -1.317526 
1612 2.779388 
1613 1.935592 
1614 -1.334827 
1615 -0.044550 
1616 1.734352 
1617 -2.088274 
1618 -2.086152 
1619 1.643794 
1620 1.795505 
1621 1.138924 
1622 1.915265 
1623 -2.062957 
1624 0.621761 
1625 2.358878 
1626 0.505955 
1627 1.584808 
1628 1.568872 
1629 0.957590 
1630 1.349246 
1631 1.361817 
1632 1.175439 
1633 1.159130 
1634 1.202060 
1635 1.580307 
1636 1.017184 
1637 -2.339068 
1638 1.619261 
1639 1.271622 
1640 1.043011 
1641 0.917825 
1642 2.315623 
1643 0.999580 
1644 1.804325 
1645 1.875988 
1646 1.014839 
1647 0.781957 
1648 -1.847706 
1649 0.605951 
1650 1.688695 
1651 2.121105 
1652 -1.769538 
1653 -1.722403 
1654 1.137842 
1655 2.316065 
1656 0.825997 
1657 -1.492811 
1658 2.105908 
1659 1.844359 
1660 1.141821 
1661 1.837532 
1662 -1.342011 
1663 -2.232948 
1664 1.973472 
1665 1.177448 
1666 -1.753098 
1667 -2.367702 
1668 1.444439 
1669 1.732052 
1670 1.562117 
1671 0.833550 
1672 1.407562 
1673 0.606743 
1674 2.449909 
1675 0.969846 
1676 1.316251 
1677 1.903715 
1678 1.771185 
1679 -1.661630 
1680 1.570279 
1681 1.799844 
1682 1.465066 
1683 -1.430915 
1684 1.936965 
1685 1.483922 
1686 1.102186 
1687 -1.910733 
1688 1.396078 
1689 1.573398 
1690 1.228369 
1691 1.147528 
1692 -2.967774 
1693 0.823698 
1694 1.418267 
1695 -1.478781 
1696 -1.012040 
1697 -1.564024 
1698 1.871376 
1699 1.967370 
1700 1.052622 
1701 2.596236 
1702 1.031987 
1703 1.260858 
1704 2.151807 
1705 0.857498 
1706 -1.573476 
1707 1.694519 
1708 0.972795 
1709 1.720267 
1710 1.390134 
1711 -1.799209 
1712 -2.507048 
1713 -1.143871 
1714 2.420486 
1715 -0.896140 
1716 1.333248 
1717 0.980256 
1718 1.851158 
1719 1.462541 
1720 0.369883 
1721 -2.433008 
1722 -2.456835 
1723 -2.572464 
1724 1.801376 
1725 2.093930 
1726 -1.342707 
1727 1.057950 
1728 1.524183 
1729 1.474978 
1730 -1.024931 
1731 1.910922 
1732 -1.256437 
1733 1.927559 
1734 -1.751982 
1735 1.908486 
1736 -1.024551 
1737 -1.212760 
1738 2.545687 
1739 2.049216 
1740 -0.959528 
1741 2.195829 
1742 1.469494 
1743 1.174787 
1744 1.571321 
1745 1.290129 
1746 1.315555 
1747 1.208338 
1748 -2.053891 
1749 1.711126 
1750 0.335768 
1751 1.352966 
1752 1.259003 
1753 1.485050 
1754 1.821656 
1755 0.986213 
1756 1.894738 
1757 -0.774741 
1758 -2.175977 
1759 -2.409079 
1760 -1.392251 
1761 1.866012 
1762 2.099191 
1763 0.786801 
1764 0.812992 
1765 0.272610 
1766 1.391187 
1767 2.460474 
1768 1.456347 
1769 -1.042197 
1770 1.374195 
1771 2.522173 
1772 0.951652 
1773 1.442465 
1774 -1.985943 
1775 1.722818 
1776 1.773655 
1777 1.425782 
1778 1.253675 
1779 0.907076 
1780 1.559887 
1781 1.316285 
1782 1.030492 
1783 1.722018 
1784 1.390422 
1785 1.573557 
1786 1.220402 
1787 1.081869 
1788 1.713457 
1789 1.386558 
1790 1.245644 
1791 0.842428 
1792 -2.106712 
1793 1.449162 
1794 1.601854 
1795 -2.143021 
1796 1.487247 
1797 1.909531 
1798 -2.109052 
1799 0.850129 
1800 2.159767 
1801 -2.631288 
1802 -0.838000 
1803 1.414264 
1804 1.809869 
1805 1.340418 
1806 0.991053 
1807 1.763002 
1808 0.454443 
1809 1.498812 
1810 1.920469 
1811 1.500150 
1812 0.520356 
1813 2.029372 
1814 1.206914 
1815 1.817799 
1816 2.257748 
1817 -1.070348 
1818 1.283685 
1819 1.790834 
1820 -2.268829 
1821 -1.674481 
1822 1.931766 
1823 1.288875 
1824 0.917591 
1825 0.901259 
1826 2.543151 
1827 -1.818352 
1828 1.865664 
1829 0.479488 
1830 1.858982 
1831 -1.834811 
1832 2.301427 
1833 -1.358541 
1834 0.769828 
1835 1.679774 
1836 1.648251 
1837 1.534984 
1838 1.325550 
1839 -1.725542 
1840 1.734328 
1841 1.202586 
1842 1.097444 
1843 1.543899 
1844 1.324062 
1845 2.376290 
1846 1.750898 
1847 -1.229060 
1848 -1.465465 
1849 1.947476 
1850 1.884451 
1851 1.005853 
1852 1.304081 
1853 1.367012 
1854 1.282758 
1855 1.859858 
1856 -0.624651 
1857 2.916202 
1858 1.000718 
1859 0.495964 
1860 1.500036 
1861 2.293196 
1862 -1.607674 
1863 -1.642822 
1864 1.388004 
1865 1.127418 
1866 -1.296452 
1867 2.426362 
1868 1.890840 
1869 1.617555 
1870 0.777560 
1871 1.653098 
1872 1.327287 
1873 1.509916 
1874 0.584155 
1875 2.047902 
1876 -1.156223 
1877 0.744091 
1878 2.086503 
1879 1.947875 
1880 1.248462 
1881 0.826754 
1882 1.922762 
1883 1.379240 
1884 0.363683 
1885 1.186464 
1886 2.798942 
1887 1.259396 
1888 1.379483 
1889 1.705851 
1890 -2.082097 
1891 0.655378 
1892 1.875871 
1893 -1.424112 
1894 0.996041 
1895 1.892323 
1896 1.498138 
1897 1.226251 
1898 2.114689 
1899 -1.495214 
1900 1.822419 
1901 1.059912 
1902 1.615670 
1903 -1.820349 
1904 1.712363 
1905 1.721323 
1906 -1.373810 
1907 1.239086 
1908 1.292325 
1909 1.717286 
1910 1.514220 
1911 1.118749 
1912 1.989276 
1913 -0.742320 
1914 1.986845 
1915 -1.976362 
1916 0.869334 
1917 2.720264 
1918 0.421377 
1919 1.336103 
1920 1.685658 
1921 0.905466 
1922 2.242807 
1923 0.851311 
1924 0.061382 
1925 1.198996 
1926 1.902885 
1927 2.046055 
1928 1.831082 
1929 1.527960 
1930 0.873435 
1931 -2.040621 
1932 2.392813 
1933 1.355764 
1934 -1.287573 
1935 -2.191000 
1936 1.835168 
1937 2.671131 
1938 -0.695903 
1939 -0.976055 
1940 1.614660 
1941 1.117363 
1942 1.762398 
1943 0.546142 
1944 -2.036014 
1945 0.853799 
1946 1.569427 
1947 1.475839 
1948 -1.323576 
1949 0.826994 
1950 1.796458 
1951 2.282880 
1952 2.090436 
1953 -1.412206 
1954 2.017390 
1955 1.267766 
1956 1.091840 
1957 1.541656 
1958 1.474517 
1959 1.567716 
1960 0.795817 
1961 1.797053 
1962 1.253145 
1963 1.298207 
1964 1.396780 
1965 1.867637 
1966 1.385198 
1967 1.055069 
1968 1.453806 
1969 1.883675 
1970 1.386381 
1971 -1.560412 
1972 1.541013 
1973 -1.571295 
1974 1.200121 
1975 1.976623 
1976 0.650284 
1977 1.749183 
1978 1.699816 
1979 -1.916092 
1980 1.613400 
1981 1.372236 
1982 -1.595448 
1983 1.942321 
1984 1.593470 
1985 2.060847 
1986 -1.164757 
1987 1.246947 
1988 1.018094 
1989 0.582483 
1990 1.501937 
1991 2.207164 
1992 1.366177 
1993 2.132938 
1994 1.042522 
1995 0.719279 
1996 1.630063 
1997 1.458691 
1998 0.854955 
1999 1.659604 
2000 0.833911 
2001 1.715106 
2002 -2.416346 
2003 -2.244832 
2004 2.283895 
2005 -2.057832 
2006 1.208447 
2007 -2.106875 
2008 1.402452 
2009 1.304977 
2010 -1.017583 
2011 2.096804 
2012 -1.100034 
2013 1.963314 
2014 0.638558 
2015 2.151216 
2016 1.734494 
2017 1.311141 
2018 1.598522 
2019 -1.556799 
2020 1.477624 
2021 -1.508974 
2022 1.423497 
2023 1.994407 
2024 1.617423 
2025 1.363535 
2026 1.791111 
2027 -1.305587 
2028 2.328861 
2029 -2.033743 
2030 0.978409 
2031 1.101961 
2032 1.474100 
2033 1.131810 
2034 1.725531 
2035 0.668914 
2036 1.118371 
2037 1.651921 
2038 2.090861 
2039 -1.662945 
2040 1.861226 
2041 0.737397 
2042 -1.385878 
2043 1.996305 
2044 1.221963 
2045 -2.287654 
2046 1.132856 
2047 1.960778 
2048 1.131764 
2049 1.109594 
2050 1.930012 
2051 1.209039 
2052 1.117177 
2053 -1.833901 
2054 -1.949573 
2055 2.184058 
2056 1.496142 
2057 1.305932 
2058 2.025722 
2059 0.824466 
2060 1.402726 
2061 1.942866 
2062 -1.578617 
2063 1.971420 
2064 1.371783 
2065 -1.536132 
2066 1.093793 
2067 2.321949 
2068 1.720652 
2069 1.497182 
2070 1.154134 
2071 1.295424 
2072 1.525409 
2073 1.349687 
2074 1.897002 
2075 1.002040 
2076 1.519941 
2077 1.860960 
2078 -1.572832 
2079 1.650983 
2080 1.257724 
2081 -1.435716 
2082 2.325083 
2083 1.173839 
2084 1.072860 
2085 1.922712 
2086 1.199713 
2087 1.184419 
2088 1.326115 
2089 1.522342 
2090 1.974999 
2091 0.537139 
2092 -1.564111 
2093 1.851986 
2094 0.690999 
2095 2.036064 
2096 2.375645 
2097 0.260013 
2098 1.513860 
2099 1.464920 
2100 -2.009550 
2101 1.793973 
2102 2.115652 
2103 -0.905382 
2104 1.931569 
2105 1.760687 
2106 0.869057 
2107 1.248426 
2108 -1.350872 
2109 1.721228 
2110 1.994870 
2111 1.285480 
2112 1.536455 
2113 1.237876 
2114 1.926394 
2115 -1.488025 
2116 1.314587 
2117 1.369125 
2118 1.664181 
2119 1.219772 
2120 -1.435260 
2121 1.190104 
2122 2.343665 
2123 1.189646 
2124 0.306283 
2125 1.392597 
2126 1.206558 
2127 2.288205 
2128 1.558536 
2129 1.482968 
2130 1.419090 
2131 1.154049 
2132 2.242064 
2133 0.453578 
2134 1.625807 
2135 0.745434 
2136 2.156152 
2137 -0.711112 
2138 -2.016857 
2139 1.511248 
2140 1.102070 
2141 1.624555 
2142 1.863785 
2143 -1.556003 
2144 0.633675 
2145 1.053746 
2146 1.421075 
2147 2.391169 
2148 1.056048 
2149 1.671805 
2150 0.839949 
2151 1.828746 
2152 1.385152 
2153 -2.254783 
2154 -1.510934 
2155 2.006950 
2156 -1.684011 
2157 1.715309 
2158 2.299559 
2159 -1.010514 
2160 0.825784 
2161 1.403035 
2162 1.584534 
2163 1.376989 
2164 2.177171 
2165 0.619099 
2166 -1.395589 
2167 2.080698 
2168 0.958690 
2169 1.604375 
2170 0.657424 
2171 1.907020 
2172 1.971508 
2173 1.269331 
2174 -1.860667 
2175 1.247794 
2176 1.562609 
2177 1.423177 
2178 1.902840 
2179 -1.743670 
2180 1.834530 
2181 1.359334 
2182 0.714080 
2183 1.492096 
2184 1.500917 
2185 1.290841 
2186 1.701684 
2187 0.910227 
2188 1.172666 
2189 -1.595313 
2190 1.794276 
2191 1.837684 
2192 1.296917 
2193 1.218464 
2194 1.179062 
2195 1.654489 
2196 1.121420 
2197 1.573902 
2198 1.839861 
2199 1.086581 
2200 -1.928123 
2201 1.187560 
2202 1.534432 
2203 1.739496 
2204 1.566163 
2205 1.717353 
2206 0.101677 
2207 1.918774 
2208 -1.877691 
2209 1.747264 
2210 1.287179 
2211 1.784151 
2212 1.450582 
2213 1.853854 
2214 1.378916 
2215 0.817309 
2216 1.987526 
2217 0.743288 
2218 -1.372416 
2219 -2.302195 
2220 1.403454 
2221 1.956683 
2222 1.061739 
2223 1.156496 
2224 1.175552 
2225 0.738744 
2226 2.031502 
2227 1.528599 
2228 1.857211 
2229 1.056169 
2230 1.665692 
2231 -1.869151 
2232 1.192656 
2233 1.290465 
2234 1.138222 
2235 2.099139 
2236 1.417505 
2237 1.594782 
2238 1.466246 
2239 0.756222 
2240 -1.668934 
2241 1.673642 
2242 0.793402 
2243 2.169217 
2244 -1.922377 
2245 1.654927 
2246 1.967952 
2247 0.953310 
2248 0.325048 
2249 0.556225 
2250 0.402146 
2251 3.201470 
2252 1.407519 
2253 1.345499 
2254 -1.707281 
2255 1.862200 
2256 1.167612 
2257 -1.167364 
2258 1.741386 
2259 1.995424 
2260 0.882797 
2261 1.392285 
2262 1.251366 
2263 1.675693 
2264 1.117549 
2265 1.108814 
2266 1.126392 
2267 1.897679 
2268 1.752615 
2269 0.876855 
2270 1.052804 
2271 1.513342 
2272 1.782170 
2273 1.255028 
2274 0.609851 
2275 1.969379 
2276 1.258777 
2277 1.271179 
2278 1.789492 
2279 -2.184128 
2280 0.539492 
2281 0.930464 
2282 0.553210 
2283 2.460575 
2284 -1.475268 
2285 1.185122 
2286 1.591638 
2287 1.960460 
2288 -1.416527 
2289 1.871386 
2290 1.712082 
2291 1.077056 
2292 -1.984847 
2293 1.496321 
2294 -1.149774 
2295 -1.886323 
2296 1.576068 
2297 1.192029 
2298 -2.152843 
2299 1.736808 
2300 1.495138 
2301 2.092736 
2302 0.811868 
2303 -1.180631 
2304 1.594460 
2305 1.365669 
2306 1.208761 
2307 1.820760 
2308 1.783605 
2309 1.927536 
2310 0.962725 
2311 1.068755 
2312 2.623095 
2313 2.361791 
