4824 1
3145 3.278408 
2787 3.225019 
4663 3.207304 
1887 3.189923 
971 3.180720 
3812 3.171590 
4200 3.157699 
1501 3.137049 
2396 3.120753 
3936 3.116427 
253 3.108428 
3044 3.099838 
2738 3.092182 
3413 3.091420 
484 3.075397 
3321 3.071656 
2547 3.014618 
2803 2.992628 
250 2.989849 
371 2.978191 
3496 2.977342 
2780 2.973311 
3073 2.966913 
836 2.964852 
1744 2.951370 
2258 2.944065 
4690 2.943860 
325 2.939237 
483 2.938287 
3112 2.926720 
1668 2.915016 
768 2.912436 
1187 2.910420 
972 2.910101 
1099 2.908381 
803 2.906443 
3649 2.906259 
753 2.898605 
1966 2.889048 
3720 2.881773 
2711 2.879002 
4048 2.878035 
3088 2.877408 
224 2.872267 
804 2.856983 
4687 2.846387 
498 2.846176 
2270 2.839864 
4131 2.829325 
831 2.822371 
1056 2.820456 
2694 2.818303 
438 2.817306 
3294 2.813154 
257 2.811013 
1160 2.810422 
2292 2.808754 
450 2.807671 
191 2.790331 
749 2.790210 
2788 2.789736 
3427 2.783548 
222 2.774070 
4555 2.773304 
4671 2.771299 
1634 2.770930 
3825 2.765300 
2712 2.762235 
2404 2.753864 
2105 2.752888 
4299 2.744242 
1932 2.743973 
619 2.742913 
3253 2.737997 
860 2.737967 
3080 2.737420 
379 2.737375 
3995 2.728426 
1227 2.728294 
1761 2.717872 
3155 2.717456 
70 2.714922 
2721 2.714777 
935 2.712085 
1156 2.711372 
1216 2.711172 
453 2.709904 
3043 2.709169 
1102 2.700588 
3680 2.684459 
1651 2.683374 
2689 2.680911 
2623 2.676857 
2955 2.676777 
2625 2.674717 
2365 2.671901 
2641 2.671218 
2686 2.668467 
2574 2.661803 
2886 2.659974 
3139 2.658267 
1215 2.654672 
447 2.654391 
1181 2.651710 
4779 2.651152 
4677 2.646762 
3626 2.645607 
2013 2.645108 
1854 2.643173 
2813 2.641449 
95 2.640967 
2644 2.640044 
1517 2.638967 
1717 2.637911 
3302 2.637451 
3942 2.629229 
2093 2.628697 
2740 2.620606 
3530 2.619023 
3071 2.617112 
1916 2.614906 
3908 2.613853 
2043 2.613728 
2226 2.613163 
2808 2.611941 
3222 2.601353 
789 2.601309 
2970 2.595526 
564 2.592163 
4706 2.591654 
3079 2.588373 
2130 2.584356 
1938 2.584337 
179 2.571606 
1529 2.571405 
1667 2.565007 
2765 2.564632 
2896 2.564011 
1690 2.563310 
3808 2.562395 
1947 2.560857 
2651 2.558297 
4005 2.553983 
3432 2.552565 
1705 2.551850 
3743 2.550686 
684 2.544832 
3525 2.544534 
4015 2.541372 
1931 2.540713 
1013 2.539712 
3307 2.535825 
367 2.534799 
3086 2.533462 
832 2.526188 
418 2.521694 
571 2.519987 
1128 2.517989 
737 2.514102 
3583 2.513255 
3431 2.512892 
657 2.512604 
361 2.512375 
4623 2.508040 
4633 2.503158 
421 2.500589 
2428 2.499970 
3575 2.497826 
3264 2.493834 
3861 2.493805 
4790 2.493003 
3160 2.492662 
2188 2.490329 
4139 2.487657 
4455 2.486909 
2779 2.484879 
405 2.484288 
140 2.479311 
3208 2.476491 
2301 2.474288 
779 2.473591 
235 2.470971 
126 2.467973 
553 2.467639 
1022 2.466663 
108 2.465708 
3256 2.464919 
4572 2.462413 
2116 2.461955 
398 2.460256 
1845 2.459960 
3785 2.459138 
2340 2.456550 
151 2.455112 
1246 2.454508 
563 2.453880 
787 2.452702 
271 2.447734 
3705 2.446818 
924 2.446261 
1739 2.444213 
3504 2.443780 
313 2.441518 
185 2.437387 
2531 2.437060 
937 2.431245 
96 2.428813 
671 2.427508 
581 2.424514 
1475 2.422491 
4817 2.419869 
4342 2.417804 
4646 2.416437 
1272 2.411278 
147 2.404434 
2120 2.404308 
2211 2.404081 
3050 2.402182 
1703 2.395663 
2228 2.394389 
1307 2.393319 
4812 2.392420 
1348 2.388509 
3520 2.387725 
239 2.384743 
1042 2.380126 
1446 2.378532 
202 2.376926 
2006 2.376791 
3458 2.374722 
3120 2.374480 
299 2.367426 
1948 2.366743 
4134 2.365633 
380 2.362683 
3111 2.361691 
2126 2.360787 
3092 2.356524 
2774 2.352870 
3373 2.348659 
1329 2.347154 
316 2.345424 
1782 2.344769 
2432 2.344079 
4723 2.343315 
4194 2.341164 
2034 2.337424 
476 2.337375 
192 2.334647 
2982 2.332535 
4294 2.331694 
3411 2.330240 
2071 2.329424 
2745 2.328406 
3944 2.327513 
2549 2.326170 
231 2.325513 
138 2.324955 
372 2.324474 
2090 2.323173 
3356 2.322981 
3756 2.319661 
3508 2.319106 
1308 2.317223 
1451 2.316332 
1682 2.314551 
579 2.314200 
1036 2.314161 
4769 2.312505 
2717 2.312320 
1742 2.312260 
995 2.311585 
4743 2.305546 
4520 2.303053 
4413 2.302985 
2979 2.302629 
2133 2.302245 
4406 2.298151 
1055 2.292323 
4703 2.291522 
1027 2.291138 
1299 2.289394 
4165 2.288928 
401 2.286401 
1755 2.285791 
3004 2.285290 
705 2.284374 
2274 2.283789 
859 2.283280 
957 2.278466 
4547 2.277501 
847 2.276834 
2187 2.276241 
3277 2.276012 
1132 2.275523 
3657 2.274894 
4543 2.274616 
3024 2.274061 
3213 2.272717 
1810 2.272601 
678 2.271476 
1811 2.269846 
2987 2.269198 
3343 2.266310 
3803 2.262190 
4140 2.260141 
2218 2.258865 
4030 2.258462 
756 2.257902 
4582 2.256948 
3039 2.255384 
351 2.255163 
471 2.254873 
2044 2.254607 
3662 2.252984 
1888 2.250516 
2807 2.250290 
34 2.246977 
3107 2.245697 
4465 2.244529 
2348 2.243591 
4300 2.241219 
2025 2.240457 
3195 2.236038 
3635 2.229806 
1795 2.228710 
1373 2.227561 
2385 2.226331 
1504 2.224616 
1482 2.224064 
3678 2.223840 
1377 2.222623 
4377 2.221841 
3560 2.219587 
1996 2.215900 
3454 2.215447 
3674 2.213984 
2974 2.213500 
3312 2.213023 
2284 2.210608 
3791 2.207045 
3654 2.205715 
490 2.205093 
3847 2.202060 
1660 2.200899 
2290 2.199804 
3310 2.198710 
354 2.198613 
1105 2.196888 
4750 2.194818 
3668 2.194665 
2266 2.192071 
3686 2.191665 
4187 2.191546 
2267 2.191035 
171 2.188580 
2989 2.186502 
1001 2.185671 
4026 2.184375 
2299 2.179640 
1904 2.179638 
3607 2.178356 
1816 2.178215 
1661 2.177354 
586 2.176382 
2756 2.176123 
2183 2.173431 
1251 2.168858 
596 2.167171 
458 2.166852 
260 2.166219 
89 2.164361 
3474 2.164104 
355 2.163460 
979 2.163443 
38 2.163255 
1381 2.160650 
3589 2.158536 
206 2.156197 
3786 2.155332 
4474 2.155129 
796 2.149329 
343 2.148583 
3263 2.148380 
2298 2.146662 
1349 2.146613 
1595 2.145257 
1433 2.143104 
4285 2.142438 
90 2.142333 
1785 2.141826 
1300 2.141092 
2076 2.139818 
2186 2.139126 
13 2.138940 
3594 2.138832 
809 2.138633 
2357 2.138108 
2291 2.136204 
3342 2.134988 
3368 2.133653 
2754 2.132029 
440 2.131503 
1652 2.131438 
1199 2.131311 
2261 2.131249 
688 2.129583 
1952 2.128385 
2951 2.124952 
4565 2.123749 
1806 2.122153 
3422 2.120890 
1347 2.120643 
4479 2.120540 
2082 2.118016 
431 2.116534 
2395 2.116094 
3603 2.115592 
4601 2.114442 
3444 2.112470 
2795 2.110462 
2570 2.110202 
207 2.108417 
1911 2.107946 
4546 2.104534 
978 2.104463 
1276 2.102658 
244 2.102558 
3362 2.099843 
3023 2.099168 
4519 2.098727 
1655 2.098239 
774 2.096915 
3798 2.096567 
4811 2.096034 
1817 2.096029 
2083 2.089458 
4571 2.088359 
1254 2.088297 
2997 2.088027 
649 2.088018 
4160 2.086862 
4721 2.086702 
1807 2.086002 
1412 2.085879 
920 2.084676 
2275 2.084326 
846 2.083727 
951 2.083198 
3576 2.081802 
3363 2.080630 
1850 2.078445 
3502 2.075455 
3929 2.072431 
946 2.069395 
3509 2.068110 
432 2.063951 
162 2.060795 
2182 2.060386 
1372 2.059439 
3219 2.056721 
980 2.056088 
1255 2.055989 
2069 2.055027 
744 2.054179 
3364 2.053714 
3848 2.052962 
915 2.051222 
465 2.051052 
3193 2.049098 
3250 2.048472 
3231 2.045876 
262 2.045603 
773 2.045303 
1488 2.044927 
2588 2.042050 
628 2.041576 
1474 2.040446 
3679 2.037066 
4751 2.036482 
3197 2.035393 
2414 2.033394 
463 2.032802 
2159 2.030397 
3097 2.029840 
2961 2.028188 
3436 2.026258 
1988 2.025167 
1268 2.023616 
2262 2.022723 
4096 2.021579 
2073 2.019195 
3752 2.018146 
1520 2.017005 
875 2.016505 
1211 2.014632 
4293 2.013302 
1264 2.012874 
411 2.012852 
2091 2.010641 
217 2.009642 
3441 2.007240 
1985 2.006723 
1896 2.005543 
3032 2.005401 
1076 2.004104 
216 2.002765 
3377 2.002540 
286 2.002438 
2217 2.002388 
399 1.999438 
2038 1.999363 
3355 1.997888 
2033 1.997484 
3748 1.993347 
917 1.993201 
3493 1.990179 
1710 1.989930 
155 1.989782 
991 1.989585 
1468 1.988453 
1536 1.986651 
4809 1.986305 
2966 1.985808 
2026 1.984996 
1776 1.984418 
3262 1.984014 
284 1.983914 
1894 1.983277 
1497 1.983120 
150 1.980734 
1521 1.978112 
97 1.977857 
1683 1.977230 
3694 1.976524 
4166 1.975582 
3327 1.975520 
2996 1.974423 
2347 1.973126 
1229 1.970800 
3437 1.970713 
576 1.970466 
1000 1.970344 
3596 1.970271 
430 1.968687 
1825 1.966835 
3491 1.965390 
1342 1.965279 
2085 1.964801 
2282 1.961753 
3889 1.960847 
2846 1.960512 
4148 1.960355 
994 1.960332 
1673 1.959858 
1694 1.959375 
491 1.958703 
1448 1.958125 
3421 1.957891 
4645 1.957780 
5 1.956415 
1206 1.955926 
1814 1.955530 
2053 1.955250 
4414 1.954762 
153 1.953691 
848 1.951926 
621 1.951770 
3605 1.951455 
139 1.950948 
294 1.948313 
3799 1.947410 
3128 1.946425 
4473 1.945686 
1380 1.945159 
3440 1.945138 
1483 1.943202 
184 1.941114 
1455 1.939829 
3807 1.939470 
1658 1.939138 
2054 1.938039 
4637 1.937895 
2119 1.937680 
1770 1.936785 
3840 1.935995 
4701 1.934393 
1355 1.933071 
385 1.932741 
797 1.930830 
2670 1.930599 
3593 1.929891 
3376 1.927234 
1032 1.927184 
459 1.926963 
676 1.925277 
2132 1.924529 
3588 1.923635 
427 1.922934 
3466 1.922733 
1995 1.921867 
3692 1.921660 
3747 1.921229 
2757 1.919498 
3835 1.917294 
4816 1.917123 
201 1.916800 
3729 1.916502 
4133 1.914374 
2716 1.912174 
525 1.911526 
786 1.910158 
718 1.908681 
146 1.907757 
2477 1.907715 
175 1.907288 
3669 1.905605 
632 1.905111 
3143 1.904724 
1926 1.902919 
3795 1.901992 
1987 1.900769 
1258 1.900536 
3216 1.900200 
2923 1.897560 
107 1.896429 
156 1.895992 
4708 1.895334 
3212 1.893799 
2108 1.893503 
4791 1.890556 
1235 1.889046 
4206 1.887297 
4767 1.887225 
747 1.886102 
3285 1.885275 
1860 1.884831 
3864 1.883445 
795 1.883174 
1713 1.881937 
1008 1.881395 
551 1.880816 
4138 1.880659 
3843 1.877464 
1339 1.877396 
996 1.875951 
2234 1.875795 
1256 1.874601 
1903 1.874516 
3753 1.873178 
3233 1.872373 
4564 1.872368 
669 1.872278 
3837 1.868907 
3369 1.867538 
2655 1.866892 
170 1.866626 
4280 1.865249 
702 1.865032 
1846 1.864661 
469 1.864548 
3634 1.864174 
3890 1.862845 
1951 1.862674 
3367 1.862369 
1874 1.861676 
1872 1.861503 
3684 1.860480 
1304 1.859744 
180 1.859525 
211 1.859434 
273 1.858396 
4631 1.858050 
512 1.856594 
3316 1.856160 
1273 1.856046 
1923 1.855102 
408 1.854312 
1471 1.853658 
310 1.852858 
3306 1.852762 
3495 1.852535 
3577 1.850961 
1238 1.849728 
1714 1.849195 
692 1.848914 
2592 1.848812 
998 1.847509 
1913 1.847399 
3201 1.847160 
3733 1.846838 
741 1.846289 
3871 1.845674 
1981 1.845501 
4500 1.844282 
2577 1.843755 
519 1.843445 
3839 1.841671 
419 1.841231 
701 1.839660 
2986 1.838775 
3158 1.838353 
853 1.838243 
348 1.837643 
2634 1.837452 
3101 1.837064 
3585 1.836930 
2973 1.836342 
4570 1.836266 
3063 1.832521 
404 1.831749 
4281 1.831091 
2086 1.830833 
1989 1.830040 
3204 1.825349 
734 1.824987 
953 1.821997 
3317 1.821538 
1505 1.820821 
3026 1.819305 
12 1.818026 
2512 1.817857 
515 1.816357 
4521 1.816193 
1701 1.815927 
3838 1.815788 
3517 1.814930 
2364 1.814899 
1241 1.814865 
1769 1.814128 
874 1.813814 
1902 1.813568 
1692 1.813546 
1489 1.813353 
3516 1.811751 
3597 1.810958 
474 1.810264 
2928 1.808991 
4149 1.808558 
2287 1.806896 
3118 1.805224 
1325 1.804872 
3103 1.804246 
2978 1.801658 
916 1.801179 
3727 1.801001 
2037 1.800680 
2580 1.800334 
2922 1.800200 
3584 1.800113 
3672 1.799166 
4659 1.798523 
400 1.798138 
3663 1.797460 
1010 1.795960 
1240 1.795751 
2797 1.795685 
4732 1.795638 
1230 1.794703 
1879 1.794054 
923 1.793073 
280 1.791212 
1130 1.790450 
792 1.790341 
2425 1.790253 
3311 1.789615 
181 1.788573 
3265 1.787655 
1043 1.787384 
1271 1.785171 
3129 1.784680 
3465 1.784028 
3314 1.783272 
1210 1.783179 
981 1.782562 
3198 1.782148 
719 1.781899 
2433 1.781720 
3931 1.781567 
214 1.780982 
3105 1.780583 
2123 1.780484 
161 1.779594 
2048 1.779004 
3736 1.778618 
2566 1.778512 
1738 1.778371 
1514 1.777801 
3734 1.777687 
3354 1.774960 
1813 1.773592 
2844 1.772211 
3179 1.770660 
3428 1.770484 
2751 1.765156 
446 1.763666 
2992 1.762980 
420 1.761835 
1044 1.760734 
3357 1.760276 
174 1.759474 
2429 1.758318 
1031 1.758142 
1992 1.757720 
1402 1.756686 
2129 1.756685 
518 1.756147 
3207 1.755111 
2300 1.754927 
3689 1.754749 
3419 1.753449 
720 1.752912 
3793 1.752455 
2581 1.750556 
3503 1.750387 
2589 1.749309 
736 1.749191 
2235 1.748361 
2532 1.747136 
4454 1.746473 
1328 1.746077 
574 1.745778 
987 1.740882 
1327 1.739249 
3656 1.739095 
3860 1.738723 
1558 1.738723 
1453 1.737146 
3251 1.736438 
2362 1.735930 
550 1.734945 
2391 1.733828 
4542 1.732785 
4573 1.732008 
1323 1.731662 
2018 1.730877 
2775 1.729940 
1882 1.727157 
3559 1.726222 
1263 1.726115 
2476 1.725568 
281 1.723191 
603 1.722813 
778 1.721164 
1666 1.719803 
1143 1.719129 
213 1.718536 
3117 1.716786 
158 1.716707 
2885 1.715484 
2632 1.714743 
698 1.714478 
3163 1.714296 
3138 1.714032 
2918 1.713965 
2897 1.713552 
990 1.712766 
1920 1.712512 
693 1.712031 
1045 1.711484 
2279 1.711382 
2569 1.710391 
4404 1.710288 
4617 1.709781 
1049 1.707838 
3157 1.706596 
3869 1.706432 
443 1.706420 
523 1.706123 
4470 1.705222 
1991 1.704862 
3587 1.703739 
105 1.703200 
199 1.703055 
4341 1.701635 
690 1.701319 
522 1.700930 
4583 1.700780 
9 1.699396 
278 1.698958 
3005 1.697691 
740 1.697565 
1259 1.697385 
3726 1.696645 
467 1.695956 
700 1.695864 
1333 1.695645 
954 1.695166 
2210 1.694252 
949 1.694200 
298 1.693567 
4778 1.693351 
1037 1.693138 
3507 1.692382 
2111 1.692307 
4632 1.692158 
3868 1.691917 
1354 1.691245 
295 1.690119 
1198 1.689908 
3945 1.689623 
1234 1.688370 
3696 1.685712 
4471 1.685409 
1699 1.684020 
2924 1.683926 
721 1.682599 
412 1.682488 
4469 1.682148 
124 1.680791 
157 1.680535 
3501 1.677951 
2640 1.677587 
2993 1.677526 
173 1.676482 
1053 1.676453 
2654 1.675378 
1320 1.674653 
4502 1.674373 
2960 1.673225 
133 1.673056 
3455 1.672716 
1239 1.670968 
1594 1.670614 
2036 1.670349 
455 1.668007 
2594 1.667867 
1772 1.666568 
573 1.663601 
572 1.663526 
4098 1.662093 
3119 1.662055 
3096 1.661666 
3099 1.661199 
4286 1.661007 
1905 1.660607 
1336 1.660146 
1718 1.659884 
697 1.658991 
3209 1.656197 
1786 1.656121 
4613 1.654252 
1485 1.654099 
3790 1.653766 
3206 1.652747 
2598 1.650952 
3438 1.650436 
4764 1.650055 
2930 1.649524 
2392 1.649226 
3521 1.648109 
849 1.647395 
4678 1.646078 
4150 1.645892 
2814 1.645231 
1937 1.644715 
39 1.644651 
2967 1.644636 
2584 1.644232 
3379 1.643297 
514 1.643153 
4501 1.642581 
1754 1.641916 
1693 1.640812 
3275 1.638413 
1593 1.636459 
3159 1.635758 
2283 1.632560 
590 1.631399 
1954 1.631091 
1029 1.630775 
694 1.629986 
4654 1.629628 
2276 1.628999 
283 1.628577 
1639 1.628256 
1659 1.628164 
1261 1.627995 
2426 1.627599 
1321 1.625526 
986 1.624063 
3375 1.623347 
633 1.622188 
1513 1.622181 
1757 1.622012 
3416 1.621907 
4 1.621462 
477 1.619879 
1189 1.619630 
2927 1.619555 
3200 1.617878 
591 1.617401 
3165 1.617317 
2958 1.617096 
630 1.615317 
315 1.613986 
111 1.613925 
1266 1.613293 
1984 1.612902 
1856 1.612274 
593 1.609998 
183 1.608219 
279 1.608055 
2929 1.607898 
1914 1.607769 
2077 1.607337 
2585 1.606865 
651 1.606714 
2957 1.606341 
4186 1.605647 
1883 1.605551 
3417 1.604893 
2626 1.603657 
1028 1.603379 
1050 1.603251 
1889 1.603122 
1821 1.600291 
3653 1.599870 
4460 1.599525 
4185 1.598019 
2548 1.597678 
3804 1.596033 
958 1.595940 
997 1.595483 
4653 1.593761 
3690 1.592798 
293 1.592701 
4179 1.592372 
94 1.590609 
165 1.590447 
1034 1.590047 
4611 1.589812 
594 1.589711 
4525 1.589048 
106 1.588542 
939 1.588046 
3625 1.586645 
947 1.586640 
1200 1.585028 
4383 1.583897 
3095 1.582277 
517 1.581920 
415 1.580908 
3580 1.580855 
1878 1.580642 
686 1.580495 
1026 1.579218 
3446 1.578783 
3202 1.578752 
1899 1.575542 
193 1.575022 
2962 1.574843 
524 1.573854 
2158 1.573696 
4347 1.573064 
3744 1.572927 
988 1.572505 
2534 1.571983 
2753 1.571874 
1609 1.571777 
166 1.568979 
3941 1.567165 
1337 1.567028 
2075 1.564697 
3130 1.564645 
1915 1.563995 
1324 1.562673 
1194 1.560649 
3888 1.560366 
735 1.560245 
243 1.559041 
2810 1.558837 
274 1.558664 
1401 1.556638 
1689 1.556119 
1877 1.555272 
595 1.554978 
247 1.554401 
2994 1.554350 
1823 1.554105 
3453 1.552702 
466 1.550963 
1048 1.550899 
2798 1.550218 
275 1.549308 
1487 1.549162 
1611 1.548826 
1025 1.548318 
851 1.548224 
195 1.547218 
177 1.546410 
854 1.546025 
329 1.545958 
1971 1.545133 
1470 1.544279 
285 1.541314 
307 1.539819 
2652 1.538366 
2764 1.538206 
856 1.538072 
3078 1.537074 
2169 1.536379 
2981 1.534684 
1244 1.533242 
1228 1.533108 
1927 1.533047 
2583 1.532923 
565 1.532816 
699 1.532022 
2277 1.530017 
2590 1.529726 
2845 1.528394 
1335 1.525734 
1784 1.525423 
1195 1.524990 
4298 1.524685 
1233 1.523638 
3751 1.522159 
3110 1.521897 
269 1.521474 
585 1.521430 
461 1.521229 
852 1.520922 
3515 1.520709 
715 1.519506 
1009 1.518194 
1242 1.518035 
570 1.517286 
2633 1.516876 
311 1.515326 
955 1.515279 
1929 1.514912 
757 1.514797 
3028 1.514072 
1332 1.513760 
932 1.512885 
3281 1.511600 
3992 1.511596 
2971 1.510684 
2926 1.510479 
1880 1.508878 
2554 1.508743 
520 1.508496 
1309 1.504899 
3827 1.504356 
1212 1.503415 
3681 1.501830 
2578 1.501669 
3802 1.501324 
342 1.499274 
589 1.499114 
1250 1.498677 
1444 1.496633 
109 1.496233 
4807 1.494138 
1319 1.493963 
1873 1.493866 
2755 1.493432 
3442 1.492708 
858 1.491920 
4808 1.491786 
1898 1.491302 
3789 1.491239 
2074 1.490897 
2576 1.489267 
4655 1.489209 
1753 1.488819 
1980 1.487913 
1434 1.487798 
460 1.487553 
164 1.487296 
1892 1.484714 
2109 1.484397 
655 1.484241 
2720 1.481916 
413 1.481403 
1262 1.480847 
2983 1.479459 
2913 1.478470 
3746 1.477976 
2533 1.477601 
1946 1.477452 
1484 1.476879 
3731 1.475460 
791 1.471468 
3445 1.470933 
3365 1.470293 
2586 1.468760 
3070 1.468246 
3602 1.468131 
2959 1.467352 
714 1.467250 
927 1.466984 
3434 1.466298 
2925 1.466123 
1925 1.465779 
277 1.465741 
1610 1.464643 
1035 1.463092 
4466 1.462750 
3725 1.461914 
521 1.460846 
3303 1.460710 
317 1.459607 
629 1.458863 
1454 1.458099 
733 1.457487 
378 1.456729 
918 1.456160 
3701 1.454932 
4681 1.454330 
2229 1.452785 
3842 1.451576 
2931 1.450539 
3930 1.450114 
1414 1.449809 
167 1.448723 
2920 1.448347 
383 1.446876 
472 1.446366 
1486 1.445881 
2593 1.445725 
2587 1.445380 
473 1.445081 
984 1.444498 
2895 1.442227 
1955 1.440794 
2393 1.440586 
1334 1.439880 
780 1.438827 
2017 1.438774 
3102 1.438189 
3124 1.434602 
2084 1.434190 
1269 1.432655 
1467 1.432264 
2280 1.431878 
592 1.430469 
2804 1.430403 
3805 1.429372 
950 1.429150 
985 1.427769 
1447 1.427114 
2579 1.426829 
743 1.426745 
4803 1.426731 
2078 1.425199 
1515 1.424381 
2796 1.423241 
2726 1.422480 
2427 1.422479 
1853 1.422368 
1910 1.421887 
691 1.421565 
1284 1.421157 
3600 1.417031 
1983 1.412505 
732 1.412235 
3062 1.411414 
3335 1.410696 
1767 1.410619 
3652 1.410386 
1982 1.410355 
4517 1.410339 
3691 1.409216 
2478 1.409157 
3704 1.409141 
588 1.408870 
4770 1.408172 
1815 1.407916 
4768 1.407476 
943 1.407303 
1007 1.406294 
3220 1.406285 
3123 1.405826 
2042 1.405718 
414 1.404459 
3249 1.403660 
4405 1.402518 
4147 1.402253 
648 1.401991 
7 1.401345 
597 1.400117 
3809 1.399787 
2691 1.399279 
3695 1.398752 
2004 1.398419 
3269 1.398383 
2952 1.396509 
2304 1.396428 
1704 1.395032 
1712 1.393824 
2384 1.390070 
2045 1.389575 
1516 1.388978 
2746 1.388406 
2956 1.387634 
4815 1.382752 
3042 1.382462 
2818 1.381757 
921 1.381573 
3199 1.380782 
475 1.380227 
267 1.380056 
1437 1.378322 
3094 1.378272 
4100 1.378256 
3688 1.376174 
1051 1.372678 
1098 1.372146 
2209 1.371428 
4050 1.370849 
1388 1.370708 
1046 1.369767 
3257 1.369516 
212 1.369198 
439 1.368173 
1895 1.368124 
3261 1.367709 
945 1.367412 
3148 1.367118 
499 1.366527 
71 1.365980 
2799 1.364359 
1490 1.364018 
1119 1.363088 
1371 1.363011 
862 1.361883 
3658 1.361056 
1640 1.359458 
4282 1.357155 
1054 1.355502 
3598 1.354352 
1922 1.354327 
1544 1.353184 
3519 1.352845 
223 1.352093 
479 1.351951 
2067 1.350073 
2964 1.348422 
1265 1.347405 
2710 1.346390 
276 1.344081 
3754 1.343925 
4047 1.341987 
3759 1.341381 
3350 1.341334 
4025 1.339151 
3823 1.337666 
2734 1.337422 
3716 1.333394 
1260 1.333348 
1303 1.333288 
4199 1.332549 
750 1.332429 
4343 1.332065 
681 1.331385 
3 1.326814 
3009 1.326761 
1715 1.325984 
4552 1.325014 
3518 1.324960 
3836 1.324681 
1893 1.323927 
1743 1.322789 
4530 1.319130 
3599 1.318765 
1041 1.317435 
464 1.317402 
745 1.316324 
1924 1.316083 
2424 1.314652 
4219 1.313832 
2773 1.313148 
3728 1.312724 
2597 1.311904 
4518 1.311646 
793 1.310366 
3344 1.310253 
3794 1.310015 
2535 1.309574 
3345 1.308797 
1891 1.308148 
1353 1.305371 
410 1.305249 
983 1.305209 
3156 1.300983 
3651 1.300979 
3932 1.299768 
3494 1.298446 
2507 1.297497 
1236 1.295691 
3730 1.294540 
366 1.293876 
2619 1.292729 
1518 1.292652 
3749 1.292259 
1208 1.291393 
373 1.290551 
4099 1.289976 
4097 1.289968 
546 1.289445 
1047 1.287377 
1033 1.286807 
1023 1.285257 
3750 1.284301 
3371 1.284153 
2363 1.284149 
225 1.284013 
3640 1.282605 
141 1.281989 
3582 1.281212 
1248 1.277814 
650 1.277222 
2573 1.276687 
4745 1.273942 
245 1.273778 
3423 1.273348 
2741 1.271954 
4765 1.271612 
1197 1.271202 
2278 1.270338 
4580 1.269891 
375 1.268872 
1237 1.268530 
717 1.268428 
3687 1.268232 
1876 1.265559 
4476 1.263109 
3418 1.262013 
3531 1.258219 
3735 1.257292 
620 1.256076 
2685 1.255166 
4346 1.255120 
215 1.254067 
2248 1.252944 
1445 1.252574 
3027 1.252188 
3104 1.251878 
1450 1.248402 
3497 1.247897 
3522 1.247605 
1908 1.245946 
587 1.245581 
944 1.245382 
952 1.243880 
4709 1.242856 
1934 1.242635 
1267 1.242274 
409 1.241841 
2092 1.241416 
2621 1.238573 
3592 1.235898 
1912 1.235229 
3068 1.233950 
3801 1.232966 
3702 1.232873 
3703 1.232821 
1919 1.232601 
742 1.229443 
1599 1.229174 
1413 1.228735 
4533 1.228618 
470 1.225888 
2921 1.225103 
4766 1.223907 
4478 1.222428 
4223 1.220905 
1352 1.219405 
855 1.219273 
2805 1.218500 
189 1.218484 
2692 1.216268 
1247 1.216165 
1280 1.215560 
3732 1.215272 
1379 1.214867 
3349 1.212545 
40 1.211912 
580 1.211627 
3506 1.211004 
3313 1.210394 
1756 1.208860 
696 1.208805 
3661 1.208768 
442 1.208019 
3456 1.206908 
2965 1.204476 
296 1.202183 
618 1.201592 
3166 1.199480 
4283 1.197269 
1762 1.195192 
1881 1.193041 
2403 1.190802 
2806 1.187953 
1002 1.187831 
3527 1.187254 
2735 1.187056 
794 1.185544 
511 1.184515 
2724 1.184406 
312 1.183705 
1909 1.183503 
2713 1.182744 
1901 1.182192 
578 1.181730 
3796 1.180545 
3122 1.179773 
1322 1.179399 
104 1.179266 
3215 1.178577 
6 1.177237 
2041 1.176771 
687 1.175451 
775 1.175295 
256 1.174672 
1338 1.174067 
3203 1.173884 
973 1.172547 
3601 1.171589 
2802 1.171502 
936 1.171066 
2134 1.169635 
3792 1.168526 
3578 1.167944 
3021 1.166273 
4610 1.165781 
433 1.165076 
218 1.163811 
3745 1.162802 
1512 1.161448 
2725 1.161027 
1789 1.158968 
3721 1.158689 
1011 1.158148 
583 1.157021 
830 1.156939 
402 1.156120 
3319 1.155424 
492 1.155157 
716 1.153338 
2622 1.151424 
3724 1.151408 
2742 1.150459 
1702 1.150064 
2110 1.149919 
790 1.148715 
3374 1.147502 
3629 1.146716 
4532 1.146248 
3604 1.145627 
4685 1.144471 
3254 1.143786 
2355 1.143432 
1155 1.142271 
2812 1.140505 
370 1.139407 
1897 1.137708 
4531 1.136818 
4301 1.135952 
3116 1.135168 
2189 1.134998 
152 1.134574 
4658 1.131783 
424 1.129003 
1760 1.128622 
2423 1.126747 
1921 1.126282 
4705 1.125921 
2690 1.125090 
4590 1.123604 
3339 1.123541 
2948 1.122081 
4220 1.121711 
1852 1.120818 
2094 1.120137 
3252 1.120032 
2005 1.119166 
1805 1.117494 
2977 1.117017 
1900 1.116070 
384 1.112814 
3664 1.111715 
1452 1.110382 
272 1.110245 
2031 1.109689 
4668 1.108273 
3673 1.107873 
261 1.107006 
232 1.105638 
682 1.104116 
1038 1.102750 
163 1.102650 
1193 1.102411 
2358 1.101993 
1707 1.100463 
3806 1.099993 
4596 1.099948 
3189 1.099916 
3230 1.098385 
4444 1.097912 
3108 1.097831 
656 1.097047 
1522 1.095431 
3318 1.094531 
4288 1.094312 
374 1.093145 
2817 1.091537 
3435 1.090453 
1162 1.090210 
3308 1.089070 
1747 1.088133 
462 1.087933 
3295 1.087519 
2595 1.085378 
2066 1.084407 
2985 1.084401 
4020 1.084221 
2995 1.083074 
176 1.082659 
381 1.082295 
1245 1.081269 
3164 1.080767 
4411 1.080147 
604 1.079605 
4276 1.079306 
2103 1.078451 
482 1.077928 
4797 1.077408 
3850 1.077061 
2972 1.076459 
356 1.075499 
3682 1.070455 
4567 1.069445 
2601 1.069361 
2032 1.068552 
3121 1.065873 
2575 1.065670 
1812 1.065367 
485 1.062618 
1960 1.059757 
798 1.059036 
2582 1.058498 
4774 1.057728 
1481 1.057124 
160 1.056459 
4813 1.054677 
2783 1.053791 
1614 1.053432 
2303 1.053029 
2285 1.050956 
4464 1.049320 
4101 1.049097 
4700 1.049087 
2072 1.046505 
575 1.045313 
2012 1.045194 
2498 1.044440 
582 1.043844 
2063 1.042948 
2047 1.042723 
4733 1.042470 
1430 1.041138 
2653 1.039047 
2259 1.038553 
3360 1.038397 
861 1.037657 
448 1.035946 
1207 1.035390 
1249 1.034286 
3025 1.034164 
3639 1.032707 
1907 1.032697 
2635 1.032301 
1101 1.031471 
2431 1.030872 
1188 1.029606 
2536 1.028342 
142 1.026916 
2758 1.025347 
808 1.024409 
2809 1.023724 
3870 1.020736 
584 1.019866 
760 1.018148 
1822 1.015834 
3210 1.015794 
1243 1.014605 
2672 1.011933 
2212 1.011729 
1794 1.010677 
1443 1.010278 
441 1.009566 
1253 1.007485 
3928 1.007152 
2950 1.006762 
3100 1.006091 
457 1.005924 
1768 1.004173 
1014 1.003493 
2506 1.001888 
3459 1.001110 
154 1.001087 
1918 1.000333 
2910 0.999350 
552 0.997078 
3288 0.996344 
4503 0.994488 
806 0.992257 
4725 0.991849 
219 0.990666 
1182 0.990450 
143 0.989387 
810 0.988783 
956 0.987940 
2286 0.987530 
1232 0.987272 
1209 0.985984 
1588 0.984559 
3988 0.983757 
1669 0.980569 
352 0.978418 
3655 0.971420 
230 0.971204 
4221 0.969661 
2112 0.968080 
4710 0.967929 
948 0.967161 
4499 0.966687 
1059 0.964947 
3946 0.962955 
828 0.962184 
268 0.961252 
246 0.961232 
4782 0.957422 
3049 0.957296 
3800 0.956334 
1340 0.955506 
4691 0.954919 
1330 0.954005 
4102 0.953159 
3040 0.952397 
282 0.951041 
3891 0.950452 
1030 0.949308 
168 0.949301 
3723 0.948119 
2968 0.944779 
3567 0.944727 
1438 0.944369 
1131 0.944147 
382 0.943494 
689 0.941548 
4554 0.940226 
4468 0.940151 
4453 0.938793 
3693 0.935848 
4378 0.935427 
4141 0.930003 
1906 0.929673 
2715 0.927178 
776 0.927064 
3810 0.924754 
102 0.924741 
2954 0.922179 
264 0.920965 
2455 0.920547 
4006 0.920298 
3194 0.920131 
767 0.919246 
2089 0.919077 
889 0.916794 
1491 0.915413 
2000 0.913492 
88 0.912959 
850 0.911703 
3267 0.908871 
1326 0.907277 
480 0.906426 
1201 0.906403 
802 0.905775 
3675 0.904107 
631 0.903932 
1080 0.903337 
3591 0.900584 
2394 0.898356 
2181 0.897849 
3844 0.896998 
4412 0.890098 
3131 0.889334 
3670 0.888730 
4742 0.887652 
3064 0.885085 
2383 0.883378 
35 0.880529 
2087 0.877022 
1649 0.875993 
3221 0.875825 
3309 0.874986 
4686 0.872696 
4130 0.872144 
2306 0.872078 
2122 0.871249 
513 0.871114 
1270 0.870419 
3447 0.869514 
3761 0.869100 
159 0.864808 
3919 0.864346 
3276 0.864219 
2643 0.863743 
3061 0.862857 
3161 0.862508 
1890 0.862491 
182 0.860280 
1134 0.860173 
3826 0.859705 
569 0.859604 
2591 0.859152 
3248 0.859065 
2917 0.858095 
3632 0.856117 
3205 0.855761 
938 0.855243 
2356 0.854935 
456 0.853117 
3641 0.852811 
4586 0.850510 
4566 0.848941 
1917 0.846905 
1252 0.846166 
906 0.845129 
1519 0.844453 
92 0.843776 
4095 0.843330 
1736 0.838059 
1928 0.835420 
3113 0.835280 
1777 0.832433 
1706 0.831919 
3880 0.831751 
4278 0.829311 
3305 0.827800 
679 0.827503 
3492 0.827216 
752 0.826127 
468 0.825579 
4749 0.824427 
3991 0.823627 
3403 0.823428 
3033 0.822523 
1374 0.821390 
982 0.820574 
4483 0.820440 
2902 0.820380 
3358 0.819700 
805 0.819436 
4021 0.818238 
292 0.815939 
3047 0.814942 
3755 0.812929 
2848 0.812155 
3742 0.811294 
1930 0.809333 
3268 0.808958 
1748 0.807973 
1161 0.806577 
634 0.806498 
2980 0.803214 
1935 0.799646 
2620 0.797970 
3833 0.795254 
2199 0.793809 
49 0.793130 
801 0.789320 
1709 0.788516 
377 0.785513 
3862 0.785300 
3109 0.784237 
68 0.783548 
4771 0.783265 
516 0.781663 
2932 0.779446 
1196 0.777005 
1442 0.775380 
4105 0.774261 
3132 0.772477 
1275 0.771923 
3811 0.770951 
2281 0.770500 
2849 0.769657 
1844 0.767665 
2561 0.766518 
1698 0.766269 
397 0.766178 
2421 0.765507 
103 0.760939 
3563 0.760455 
3590 0.759322 
4439 0.758896 
4714 0.758133 
568 0.756073 
1939 0.754633 
1396 0.754616 
799 0.752945 
2963 0.752113 
771 0.748481 
3381 0.745513 
4597 0.743627 
2398 0.737365 
4201 0.734545 
695 0.734406 
2121 0.733565 
2879 0.733065 
4491 0.731204 
3077 0.728336 
3797 0.726613 
3627 0.725634 
2782 0.724659 
478 0.723868 
2023 0.723760 
2216 0.723312 
3433 0.722837 
2884 0.722802 
3084 0.722636 
677 0.721657 
4715 0.721435 
3557 0.721251 
1511 0.720583 
4415 0.719904 
1039 0.718906 
1847 0.717284 
1752 0.711649 
454 0.711216 
4167 0.703732 
4581 0.700495 
263 0.698832 
3098 0.698550 
3072 0.696453 
3788 0.694982 
2748 0.693645 
3523 0.693114 
2024 0.693083 
4802 0.692342 
1006 0.691644 
3938 0.690497 
416 0.690094 
1118 0.689879 
390 0.689606 
4689 0.689252 
738 0.686989 
3574 0.685689 
3015 0.685498 
3887 0.685181 
554 0.684839 
4007 0.683224 
3783 0.679618 
98 0.678207 
2430 0.677730 
205 0.675798 
3611 0.674642 
3715 0.674158 
3579 0.671042 
708 0.669165 
91 0.666862 
4696 0.666346 
3787 0.663594 
4722 0.663041 
807 0.662603 
1885 0.660409 
845 0.659643 
4665 0.659121 
4132 0.656950 
2508 0.653293 
1680 0.652729 
2991 0.652104 
1545 0.650885 
187 0.648866 
1526 0.648853 
3989 0.647213 
3671 0.644306 
1180 0.644198 
3851 0.642906 
2055 0.641417 
1079 0.641081 
1967 0.636057 
751 0.634119 
4698 0.632069 
3093 0.630161 
2219 0.629068 
2892 0.628601 
3424 0.627530 
857 0.627344 
993 0.626857 
4806 0.625386 
3414 0.623547 
4695 0.623465 
3612 0.620800 
1530 0.618060 
893 0.616913 
3471 0.614862 
3676 0.614451 
2953 0.614191 
3196 0.613792 
2736 0.609591 
2131 0.608895 
1257 0.606525 
1506 0.605838 
1809 0.601864 
1949 0.596332 
449 0.596215 
137 0.595624 
2 0.594755 
4158 0.591061 
2714 0.590196 
4818 0.588929 
3361 0.588489 
602 0.587115 
251 0.586940 
204 0.585362 
3841 0.585165 
1152 0.585036 
835 0.584218 
1144 0.582000 
4164 0.578999 
4587 0.578699 
1953 0.577143 
1766 0.575353 
1052 0.574214 
497 0.569851 
746 0.568713 
2127 0.568397 
942 0.566155 
3624 0.563728 
4385 0.562044 
423 0.560179 
2722 0.557631 
992 0.557306 
2070 0.555516 
2068 0.555025 
999 0.551047 
3292 0.548171 
919 0.543682 
4796 0.543446 
3304 0.542388 
3677 0.541775 
2687 0.541402 
1787 0.538939 
4494 0.535315 
914 0.531634 
3885 0.530791 
3211 0.530317 
748 0.528594 
4051 0.523188 
1641 0.522050 
1861 0.521483 
1184 0.519578 
4202 0.518597 
1061 0.511097 
2719 0.507465 
3606 0.505981 
1650 0.504143 
2613 0.503848 
406 0.502568 
1678 0.502010 
1384 0.500668 
1868 0.499996 
318 0.498670 
445 0.498232 
1350 0.497968 
2438 0.496333 
1432 0.493187 
4569 0.489631 
3473 0.489448 
2889 0.486044 
2243 0.485600 
876 0.485219 
1351 0.485133 
3415 0.480365 
1075 0.476346 
777 0.474955 
3282 0.471982 
4504 0.470900 
3366 0.468726 
1607 0.467497 
194 0.464527 
3106 0.463754 
3300 0.463019 
1848 0.462252 
2933 0.461252 
3872 0.460346 
1217 0.457366 
2874 0.451310 
2553 0.450658 
2207 0.449805 
4277 0.447384 
3180 0.443551 
4275 0.442838 
1665 0.440952 
3020 0.437606 
125 0.435496 
1965 0.435203 
1741 0.432793 
4545 0.429267 
3137 0.429160 
496 0.427640 
4181 0.427482 
3315 0.427205 
4452 0.427162 
3586 0.427105 
989 0.427060 
1857 0.424223 
2729 0.421256 
3420 0.417256 
1945 0.416669 
291 0.416207 
4775 0.415371 
1773 0.415345 
969 0.414815 
2912 0.413371 
1012 0.413263 
4799 0.412586 
4292 0.411475 
2206 0.409075 
4574 0.408274 
2914 0.405767 
1278 0.402165 
4434 0.400691 
3372 0.400498 
323 0.396426 
1681 0.393794 
1186 0.389033 
362 0.387699 
4506 0.387295 
2671 0.386352 
4607 0.386204 
3867 0.382071 
3224 0.379441 
2718 0.379060 
3323 0.378671 
4787 0.378442 
888 0.375833 
4445 0.372476 
2470 0.372171 
2816 0.372043 
2659 0.371168 
1746 0.370236 
2752 0.364519 
3115 0.363102 
2232 0.356608 
785 0.355911 
3214 0.355635 
2781 0.352015 
2984 0.350985 
3526 0.350214 
2056 0.346689 
3443 0.344593 
2260 0.343920 
2772 0.342998 
3553 0.342088 
3162 0.340023 
1688 0.337945 
4183 0.337516 
2035 0.336537 
2709 0.336168 
1472 0.333385 
4027 0.332580 
2887 0.327808 
2081 0.326625 
4661 0.325437 
3685 0.325304 
1527 0.323170 
314 0.323142 
3089 0.322156 
4744 0.322081 
685 0.318505 
800 0.316864 
2264 0.315003 
1024 0.313718 
4660 0.312383 
1129 0.312077 
2473 0.311219 
1021 0.311116 
1387 0.309697 
1420 0.308636 
1886 0.305477 
3082 0.298061 
4211 0.297692 
1679 0.296756 
4626 0.292332 
3490 0.289538 
2128 0.288691 
3511 0.287078 
4694 0.285006 
4410 0.284935 
3697 0.282447 
3336 0.281596 
2039 0.278498 
2911 0.276242 
4163 0.275098 
1664 0.272586 
3510 0.272466 
1503 0.272383 
4674 0.268476 
2919 0.267131 
3144 0.262764 
4697 0.262704 
1370 0.261823 
2604 0.260373 
3255 0.258464 
3581 0.258364 
2743 0.257537 
4418 0.257457 
3760 0.256315 
3505 0.255044 
3863 0.252880 
1231 0.249813 
4553 0.249153 
3822 0.247927 
3873 0.246896 
1557 0.246618 
1163 0.246240 
3784 0.245967 
2104 0.244683 
3045 0.243917 
437 0.242349 
577 0.242070 
3813 0.241962 
2545 0.240496 
93 0.238163 
1135 0.235858 
3893 0.233537 
4018 0.228867 
3939 0.227181 
1691 0.223877 
4028 0.223235 
4730 0.222991 
254 0.222225 
3659 0.221894 
136 0.220911 
508 0.219673 
227 0.214455 
3762 0.212937 
1469 0.211871 
3498 0.211359 
444 0.208037 
1986 0.207036 
1465 0.206099 
112 0.203631 
3058 0.200301 
2334 0.199904 
3412 0.199760 
1499 0.198240 
3266 0.196649 
3380 0.196243 
968 0.193980 
1287 0.192798 
4762 0.192551 
1871 0.190615 
1620 0.188670 
4049 0.187737 
2214 0.183737 
37 0.181021 
4297 0.178017 
4758 0.177733 
3046 0.173770 
3429 0.172141 
1400 0.171919 
2185 0.170060 
1097 0.169754 
2194 0.169396 
4704 0.168519 
3051 0.167960 
1604 0.167105 
1291 0.166927 
4481 0.165967 
4440 0.162521 
2650 0.162232 
1804 0.159682 
2471 0.159219 
426 0.156492 
3683 0.155540 
3038 0.155357 
3948 0.150678 
821 0.144475 
4039 0.142762 
2784 0.139406 
1537 0.139179 
2555 0.137969 
880 0.133477 
703 0.131208 
2843 0.127992 
2975 0.127788 
2382 0.125993 
4159 0.124249 
3595 0.124079 
1624 0.122863 
894 0.118782 
2800 0.118305 
562 0.113853 
2095 0.112319 
1480 0.111536 
1697 0.111139 
4151 0.111006 
4788 0.109566 
320 0.109299 
2408 0.108978 
4679 0.098593 
2339 0.097740 
2272 0.096568 
4364 0.095495 
4702 0.094296 
10 0.093223 
2088 0.092700 
837 0.092668 
3075 0.092525 
4052 0.088472 
3041 0.087877 
376 0.086466 
1019 0.084423 
4064 0.082567 
1473 0.078632 
1737 0.074442 
238 0.070361 
2297 0.069831 
2785 0.069091 
3217 0.068733 
2190 0.068067 
1096 0.066201 
3410 0.065213 
4214 0.064865 
1295 0.064237 
1203 0.061932 
2786 0.060840 
300 0.060255 
2302 0.059730 
3069 0.056855 
2842 0.055999 
1065 0.053879 
2454 0.050817 
48 0.049094 
3814 0.047036 
4810 0.044885 
1492 0.042220 
45 0.041548 
892 0.036816 
1654 0.036214 
2766 0.036167 
4461 0.032832 
2789 0.030737 
1398 0.028795 
1277 0.025518 
110 0.022717 
4295 0.022043 
1884 0.021826 
2550 0.020907 
324 0.020076 
3824 0.012779 
394 0.009844 
3830 0.009549 
4724 0.009112 
3280 0.007620 
1824 0.004142 
1283 0.002554 
3994 -0.000389 
1305 -0.004388 
389 -0.006903 
2003 -0.008568 
1397 -0.008851 
396 -0.011745 
2293 -0.014230 
2600 -0.014273 
4493 -0.017376 
3879 -0.017463 
2040 -0.019971 
3996 -0.020738 
2521 -0.024285 
2821 -0.027695 
1428 -0.028090 
2708 -0.028951 
2730 -0.030302 
3274 -0.031130 
3983 -0.031680 
3396 -0.031715 
2543 -0.036306 
3146 -0.036671 
1100 -0.039907 
3881 -0.039915 
970 -0.041031 
1819 -0.041372 
4352 -0.052710 
2648 -0.053004 
3779 -0.055340 
1016 -0.057638 
1700 -0.060582 
3430 -0.060737 
2208 -0.062373 
1636 -0.063200 
2873 -0.064029 
4606 -0.064305 
1662 -0.065977 
4748 -0.066849 
2372 -0.067712 
770 -0.072090 
178 -0.072491 
287 -0.072686 
149 -0.074043 
3136 -0.074501 
363 -0.074843 
1410 -0.075278 
3003 -0.077644 
933 -0.077948 
2947 -0.080154 
3085 -0.080328 
2565 -0.081664 
2636 -0.082397 
4435 -0.084395 
4443 -0.087326 
1719 -0.087982 
1360 -0.090919 
2193 -0.091683 
3340 -0.091917 
3347 -0.092361 
3172 -0.093129 
2490 -0.095324 
3190 -0.096679 
4776 -0.097421 
2366 -0.097423 
658 -0.098671 
1226 -0.100031 
2938 -0.100207 
2413 -0.100232 
4218 -0.101290 
3284 -0.101583 
4135 -0.103076 
1745 -0.104436 
2612 -0.104696 
887 -0.105499 
1532 -0.107366 
4759 -0.107688 
3667 -0.108397 
3149 -0.110588 
2637 -0.111142 
1123 -0.112536 
4154 -0.115995 
2491 -0.119361 
3955 -0.120235 
2367 -0.120875 
4152 -0.121247 
2352 -0.121638 
3472 -0.122693 
4544 -0.127637 
23 -0.127947 
4212 -0.130332 
4662 -0.133119 
3408 -0.134108 
407 -0.134764 
507 -0.138687 
4416 -0.141097 
1596 -0.143631 
1222 -0.145715 
322 -0.147972 
4153 -0.150956 
4783 -0.152313 
3147 -0.154782 
4457 -0.154947 
1808 -0.154998 
3034 -0.155344 
4023 -0.155582 
3259 -0.156685 
2028 -0.158920 
132 -0.162081 
2014 -0.163883 
2688 -0.164618 
1534 -0.165969 
1456 -0.168111 
4106 -0.168187 
369 -0.171431 
2397 -0.171853 
1084 -0.173403 
4379 -0.176670 
489 -0.176721 
4038 -0.177279 
4777 -0.177491 
3406 -0.179633 
1359 -0.179849 
2138 -0.179896 
344 -0.180095 
249 -0.180236 
1859 -0.180442 
2763 -0.181269 
1663 -0.184293 
3979 -0.186620 
417 -0.188340 
3031 -0.189042 
758 -0.190327 
3006 -0.190963 
2180 -0.195251 
2976 -0.195837 
2484 -0.197500 
2288 -0.197573 
926 -0.197913 
3993 -0.200192 
3920 -0.200386 
2888 -0.205419 
4540 -0.205584 
2027 -0.206527 
899 -0.207578 
4625 -0.207819 
2882 -0.208618 
2257 -0.208694 
4647 -0.210453 
3272 -0.214894 
4644 -0.216721 
3320 -0.216751 
436 -0.221134 
869 -0.222386 
4523 -0.224707 
4340 -0.229855 
4451 -0.231155 
4403 -0.232227 
4203 -0.232414 
3638 -0.233750 
4438 -0.234742 
772 -0.235154 
4622 -0.235392 
4692 -0.239002 
4063 -0.239831 
4717 -0.240119 
3757 -0.241430 
2544 -0.241995 
3815 -0.242650 
4688 -0.242773 
2514 -0.243056 
116 -0.243546 
2184 -0.245187 
2154 -0.246978 
544 -0.247116 
2777 -0.248237 
2836 -0.248594 
331 -0.249953 
258 -0.250155 
1274 -0.258685 
1623 -0.259657 
3500 -0.260128 
4458 -0.261444 
3901 -0.266807 
3984 -0.267867 
844 -0.272012 
829 -0.272214 
2135 -0.273783 
1633 -0.274008 
186 -0.274478 
2480 -0.274513 
1994 -0.274879 
1040 -0.276470 
4287 -0.276983 
4053 -0.279846 
53 -0.280989 
2739 -0.282705 
2571 -0.287432 
3378 -0.288460 
148 -0.289302 
2273 -0.290491 
931 -0.290844 
3933 -0.291067 
4136 -0.292674 
731 -0.294027 
2399 -0.294626 
4559 -0.295942 
864 -0.296215 
1406 -0.296320 
2016 -0.297985 
2271 -0.301559 
4612 -0.303069 
2117 -0.305782 
784 -0.305852 
4137 -0.308196 
1213 -0.308262 
824 -0.308312 
2096 -0.308792 
4274 -0.308858 
977 -0.309300 
1141 -0.311584 
3940 -0.312175 
4314 -0.312360 
2606 -0.314139 
4117 -0.314140 
481 -0.315259 
4490 -0.316421 
903 -0.316521 
3247 -0.318584 
2225 -0.319731 
668 -0.321750 
2969 -0.322134 
1502 -0.323200 
3926 -0.324472 
2546 -0.325068 
617 -0.325147 
4361 -0.326964 
487 -0.328076 
1421 -0.328606 
145 -0.330224 
2405 -0.330857 
172 -0.331106 
2450 -0.331141 
4244 -0.333491 
4204 -0.338542 
4600 -0.338721 
3154 -0.340721 
879 -0.342489 
2891 -0.344096 
2811 -0.344568 
2502 -0.345280 
4241 -0.347656 
3192 -0.349644 
2341 -0.350155 
1616 -0.352794 
3260 -0.353691 
1936 -0.356235 
976 -0.356624 
2898 -0.356632 
897 -0.362761 
1476 -0.362898 
4763 -0.363061 
739 -0.363336 
1074 -0.364833 
2200 -0.367434 
3322 -0.368304 
755 -0.369461 
4636 -0.371171 
2693 -0.371932 
2737 -0.373033 
4362 -0.373615 
3352 -0.376581 
1310 -0.378672 
1686 -0.379290 
4291 -0.379315 
3911 -0.380182 
4407 -0.386904 
2857 -0.387323 
3875 -0.387787 
2850 -0.388731 
839 -0.389350 
3566 -0.392484 
2863 -0.395293 
190 -0.400023 
1297 -0.400523 
3978 -0.401274 
645 -0.402267 
1449 -0.402444 
4351 -0.404379 
3232 -0.405391 
353 -0.406058 
1556 -0.406463 
3245 -0.406769 
4589 -0.409141 
340 -0.410827 
2768 -0.416302 
4252 -0.416409 
3618 -0.416758 
3845 -0.420543 
3616 -0.420665 
974 -0.421444 
3709 -0.422205 
863 -0.423655 
1674 -0.425293 
4676 -0.426239 
4634 -0.426770 
3185 -0.427082 
3615 -0.429075 
2244 -0.429798 
898 -0.431686 
2137 -0.432458 
4459 -0.433359 
3370 -0.434862 
4562 -0.437371 
2227 -0.439928 
975 -0.441590 
2642 -0.441938 
3338 -0.443654 
1427 -0.444377 
3238 -0.444394 
1855 -0.444513 
2667 -0.448220 
2175 -0.448269 
1003 -0.448726 
1341 -0.449321 
3171 -0.451026 
255 -0.452252 
2904 -0.454248 
2815 -0.454478 
3573 -0.454610 
1670 -0.456545 
2790 -0.456657 
3927 -0.459176 
1298 -0.459922 
3236 -0.460841 
4819 -0.461124 
1793 -0.465905 
328 -0.467014 
1390 -0.468696 
3499 -0.468971 
2624 -0.470151 
4094 -0.470595 
3470 -0.470771 
1958 -0.470773 
3017 -0.471750 
1378 -0.472249 
4184 -0.473380 
3055 -0.478830 
1781 -0.479070 
11 -0.481058 
4115 -0.481522 
4760 -0.481708 
2572 -0.482028 
1087 -0.483919 
99 -0.485083 
2511 -0.486099 
2559 -0.486100 
4650 -0.486250 
3816 -0.486795 
220 -0.493927 
2793 -0.494327 
4794 -0.495608 
3935 -0.496341 
1802 -0.496491 
4789 -0.500231 
886 -0.504001 
368 -0.504524 
2369 -0.507330 
4578 -0.507845 
3722 -0.512288 
3937 -0.512392 
2328 -0.518444 
2289 -0.518487 
2296 -0.522690 
2351 -0.528514 
3452 -0.529182 
607 -0.529644 
2376 -0.534114 
1137 -0.535217 
1106 -0.535861 
1 -0.536186 
730 -0.536930 
4720 -0.537432 
4475 -0.537766 
2312 -0.539450 
1716 -0.540271 
62 -0.542658 
4737 -0.545294 
252 -0.546657 
1205 -0.547073 
2868 -0.549515 
2998 -0.550111 
4239 -0.550443 
75 -0.551363 
422 -0.552543 
1367 -0.553402 
3177 -0.557221 
428 -0.557275 
4550 -0.558089 
4017 -0.558318 
1426 -0.558490 
3719 -0.559889 
1218 -0.561958 
1727 -0.562928 
3067 -0.567638 
3570 -0.567878 
4013 -0.568422 
210 -0.571288 
403 -0.575410 
1500 -0.576422 
2833 -0.576480 
4107 -0.576785 
4498 -0.578252 
598 -0.578840 
2866 -0.579255 
4667 -0.582960 
2483 -0.585639 
3533 -0.589808 
1090 -0.592224 
1990 -0.597006 
3324 -0.597025 
1057 -0.598346 
1528 -0.598604 
1554 -0.598737 
2294 -0.600209 
3057 -0.602313 
1763 -0.602368 
486 -0.602886 
816 -0.603642 
3341 -0.605711 
3739 -0.608774 
3969 -0.609165 
395 -0.614092 
4712 -0.614333 
3660 -0.614728 
4192 -0.617632 
2447 -0.623351 
3548 -0.623691 
3549 -0.624471 
2160 -0.626071 
4558 -0.626401 
347 -0.626527 
2061 -0.634091 
3460 -0.641401 
3768 -0.642854 
1583 -0.643930 
1107 -0.644683 
4161 -0.644692 
905 -0.648538 
1617 -0.650447 
3648 -0.651329 
4823 -0.652270 
4302 -0.654156 
967 -0.654922 
1733 -0.655026 
234 -0.657705 
2936 -0.658157 
2537 -0.660098 
304 -0.660616 
4522 -0.661102 
3767 -0.661627 
549 -0.662110 
3542 -0.665679 
567 -0.670399 
3858 -0.671996 
2707 -0.675869 
647 -0.678482 
3859 -0.679128 
3223 -0.679330 
1950 -0.680273 
3962 -0.682807 
4363 -0.683271 
76 -0.684689 
3301 -0.687387 
2106 -0.688468 
1969 -0.688470 
1656 -0.689966 
4482 -0.690939 
2645 -0.691328 
200 -0.691924 
4484 -0.692894 
1346 -0.693036 
1875 -0.694212 
3074 -0.694600 
4228 -0.694604 
1587 -0.695932 
707 -0.696650 
4168 -0.697886 
1091 -0.698158 
2022 -0.699823 
3012 -0.701055 
237 -0.701086 
1313 -0.703003 
1375 -0.704844 
4734 -0.706003 
4684 -0.707181 
297 -0.707438 
349 -0.707586 
825 -0.709578 
1457 -0.710859 
1735 -0.711256 
3227 -0.715127 
1158 -0.716540 
4127 -0.718385 
1671 -0.718637 
4669 -0.719455 
3401 -0.719740 
4129 -0.720388 
3665 -0.723841 
788 -0.724333 
4143 -0.725383 
812 -0.726041 
4296 -0.727108 
3114 -0.727614 
4422 -0.729817 
1077 -0.730449 
3066 -0.734800 
2338 -0.734844 
813 -0.736730 
4258 -0.737387 
1385 -0.737656 
2945 -0.740645 
1157 -0.742829 
4058 -0.744221 
1803 -0.744528 
1068 -0.745755 
2695 -0.745826 
2325 -0.746108 
3125 -0.746774 
28 -0.752001 
4226 -0.753806 
2030 -0.755879 
3450 -0.756794 
452 -0.759689 
1933 -0.760050 
2759 -0.761784 
197 -0.762508 
3278 -0.767279 
960 -0.768427 
1070 -0.770434 
754 -0.770809 
1943 -0.774388 
3299 -0.774688 
3090 -0.774770 
4648 -0.776977 
4579 -0.778546 
2867 -0.780599 
922 -0.782615 
1116 -0.782688 
1058 -0.787963 
119 -0.788223 
4670 -0.788812 
2386 -0.788922 
3439 -0.794296 
3623 -0.794531 
868 -0.796220 
1835 -0.798685 
2118 -0.801841 
782 -0.804660 
3943 -0.806523 
3528 -0.806884 
1592 -0.806960 
509 -0.808061 
4792 -0.808667 
934 -0.809114 
1306 -0.809258 
1225 -0.809592 
3512 -0.810298 
2327 -0.810633 
2456 -0.810696 
4145 -0.811499 
4182 -0.813183 
3650 -0.814049 
4731 -0.814798 
1127 -0.815399 
873 -0.816070 
670 -0.816345 
1972 -0.819125 
2148 -0.819445 
2558 -0.820577 
4739 -0.823326 
2102 -0.823369 
1612 -0.823398 
208 -0.824614 
1828 -0.824787 
3181 -0.825076 
3286 -0.827370 
2939 -0.827482 
144 -0.827531 
2221 -0.827705 
1543 -0.828412 
2822 -0.831530 
3142 -0.834372 
2179 -0.837666 
226 -0.837855 
1751 -0.838385 
2265 -0.838594 
1060 -0.839251 
1440 -0.839266 
2942 -0.840626 
4123 -0.844971 
2940 -0.845947 
1393 -0.846409 
4317 -0.846639 
3133 -0.848260 
1849 -0.848923 
4675 -0.849541 
2435 -0.849706 
3913 -0.850961 
4176 -0.851238 
4249 -0.851307 
1635 -0.851934 
4073 -0.854582 
4108 -0.854727 
1095 -0.855401 
643 -0.856998 
3706 -0.857098 
2683 -0.859725 
3882 -0.859773 
843 -0.863276 
1214 -0.866712 
2343 -0.867347 
1507 -0.869290 
221 -0.873067 
615 -0.874432 
675 -0.874827 
229 -0.875257 
2268 -0.877152 
1999 -0.877333 
3293 -0.880150 
2220 -0.880436 
820 -0.882150 
259 -0.883114 
1830 -0.883508 
3076 -0.884845 
1145 -0.885747 
1827 -0.886871 
4673 -0.890508 
3980 -0.891899 
4651 -0.893223 
1183 -0.893384 
1590 -0.894797 
301 -0.895901 
1425 -0.896019 
2329 -0.898995 
2611 -0.904015 
3426 -0.905945 
3878 -0.905953 
2143 -0.906019 
4357 -0.906134 
4321 -0.906228 
3866 -0.906498 
169 -0.908102 
4635 -0.911118 
4354 -0.911999 
4338 -0.912443 
1086 -0.913488 
2236 -0.913530 
2439 -0.914393 
4446 -0.914698 
1695 -0.915825 
1603 -0.916898 
1294 -0.916916 
1542 -0.917278 
2673 -0.918554 
3771 -0.919178 
1358 -0.919505 
2256 -0.919514 
1647 -0.919629 
3059 -0.919949 
3536 -0.920337 
3546 -0.921605 
4527 -0.921971 
600 -0.928882 
4740 -0.929457 
1564 -0.930225 
248 -0.931178 
1364 -0.933032 
3959 -0.933073 
1561 -0.934428 
101 -0.935856 
2446 -0.936531 
3854 -0.940545 
890 -0.943534 
4014 -0.947067 
1653 -0.947647 
2145 -0.949614 
196 -0.950389 
1005 -0.950505 
2870 -0.951569 
1121 -0.953392 
270 -0.954002 
1153 -0.954383 
3091 -0.954664 
3619 -0.955732 
3645 -0.958328 
4089 -0.958765 
2318 -0.959368 
327 -0.959442 
451 -0.961876 
2451 -0.962178 
1302 -0.962865 
2827 -0.963880 
1166 -0.965018 
4245 -0.965556 
502 -0.966280 
2681 -0.968473 
1179 -0.969728 
2434 -0.969993 
326 -0.972787 
838 -0.972838 
434 -0.973928 
1646 -0.973994 
4536 -0.975052 
4083 -0.975655 
2079 -0.976063 
2305 -0.977527 
2523 -0.980541 
188 -0.981313 
493 -0.984119 
2899 -0.985596 
4432 -0.986053 
2492 -0.987054 
3053 -0.988564 
709 -0.989543 
1730 -0.991699 
3407 -0.994868 
2723 -0.997780 
1422 -0.998276 
3909 -0.999513 
4319 -1.002721 
4656 -1.003499 
4042 -1.004726 
652 -1.005191 
1395 -1.005733 
335 -1.005867 
1114 -1.005908 
2747 -1.007029 
1970 -1.008232 
3892 -1.008445 
530 -1.008529 
4043 -1.010802 
2375 -1.011621 
33 -1.011871 
2618 -1.011893 
1151 -1.014131 
2662 -1.015777 
2853 -1.017093 
3170 -1.017860 
2596 -1.018487 
4076 -1.019615 
1174 -1.019689 
2124 -1.021119 
2201 -1.023445 
667 -1.023721 
1383 -1.024226 
3741 -1.024523 
1818 -1.024995 
4128 -1.026891 
2231 -1.026945 
2776 -1.034014 
2472 -1.036119 
4313 -1.037834 
940 -1.038138 
69 -1.038245 
543 -1.038541 
1523 -1.039539 
2252 -1.039644 
3081 -1.040379 
14 -1.043565 
4393 -1.043723 
3246 -1.045434 
87 -1.048528 
4248 -1.049468 
1944 -1.049592 
2230 -1.050329 
3467 -1.051209 
2847 -1.051542 
4539 -1.051613 
4035 -1.054379 
1631 -1.055805 
2875 -1.056299 
4057 -1.057347 
2010 -1.059207 
566 -1.061588 
4067 -1.062241 
3987 -1.064056 
3152 -1.064071 
4082 -1.064986 
4616 -1.065617 
1598 -1.066244 
4619 -1.068053 
501 -1.068802 
2767 -1.068984 
2156 -1.069664 
4174 -1.070111 
2627 -1.071704 
1175 -1.073433 
15 -1.074915 
3270 -1.075541 
495 -1.076472 
2835 -1.077793 
2801 -1.077941 
4009 -1.079446 
4630 -1.086836 
2196 -1.087285 
4196 -1.087554 
2697 -1.088141 
2269 -1.088256 
41 -1.088575 
2440 -1.089128 
3782 -1.089156 
819 -1.089557 
3647 -1.089656 
2406 -1.091219 
4193 -1.093501 
2263 -1.093552 
4492 -1.093771 
1539 -1.094858 
4680 -1.097674 
723 -1.098025 
3348 -1.100900 
3296 -1.102019 
2437 -1.103654 
841 -1.106191 
65 -1.106836 
2419 -1.108847 
2703 -1.109199 
4822 -1.111292 
4371 -1.111526 
2322 -1.113631 
4643 -1.114690 
1281 -1.116059 
364 -1.117072 
4786 -1.117588 
3775 -1.118825 
3384 -1.119129 
3477 -1.121988 
4328 -1.122437 
881 -1.123676 
4267 -1.124954 
2647 -1.125328 
1290 -1.126487 
4505 -1.128046 
4381 -1.129277 
4755 -1.129664 
2253 -1.130159 
3532 -1.130416 
2516 -1.130886 
4575 -1.131086 
4535 -1.131953 
1382 -1.132478 
488 -1.133969 
2368 -1.137491 
1083 -1.138330 
2706 -1.138536 
1833 -1.138806 
2311 -1.138868 
3239 -1.139345 
4350 -1.140144 
4231 -1.140225 
4268 -1.140473 
365 -1.142197 
114 -1.142955 
2631 -1.144121 
350 -1.144394 
429 -1.147065 
639 -1.148746 
2400 -1.149176 
1115 -1.149823 
44 -1.149992 
4116 -1.150505 
121 -1.150693 
865 -1.151041 
2390 -1.152069 
833 -1.153080 
2049 -1.153253 
2080 -1.154726 
3326 -1.157058 
3483 -1.157264 
3014 -1.158634 
2638 -1.159976 
3464 -1.160048 
1865 -1.160544 
1940 -1.161191 
4804 -1.161354 
2097 -1.162261 
769 -1.162898 
4437 -1.163184 
60 -1.163326 
2528 -1.166260 
4370 -1.166594 
4240 -1.166807 
3461 -1.167718 
1977 -1.168160 
25 -1.168202 
1069 -1.168986 
1316 -1.169415 
84 -1.170655 
3334 -1.172379 
3895 -1.173077 
3359 -1.173403 
203 -1.177005 
558 -1.177377 
959 -1.181780 
4029 -1.182987 
4191 -1.183433 
2682 -1.183916 
561 -1.184959 
3708 -1.185451 
4307 -1.185455 
3900 -1.186581 
911 -1.187471 
4255 -1.188007 
1185 -1.188298 
1126 -1.188418 
1148 -1.189897 
4327 -1.190497 
2171 -1.191403 
2541 -1.191590 
1345 -1.192315 
2360 -1.193555 
4110 -1.193740 
4358 -1.193906 
4224 -1.194445 
2529 -1.195666 
609 -1.196672 
4232 -1.197033 
4234 -1.197397 
3554 -1.198543 
1797 -1.199783 
66 -1.200194 
1672 -1.200406 
4551 -1.200426 
3243 -1.202508 
4592 -1.202618 
872 -1.203783 
3524 -1.204354 
1550 -1.204619 
3766 -1.206943 
1720 -1.207683 
3707 -1.209022 
1579 -1.211290 
4627 -1.211781 
1790 -1.214256 
3968 -1.215430 
3153 -1.217509 
3904 -1.217734 
3395 -1.218344 
1838 -1.220428 
2101 -1.220685 
638 -1.220754 
309 -1.221147 
2463 -1.221194 
3972 -1.223151 
4265 -1.224192 
2494 -1.225276 
2530 -1.225875 
3714 -1.227090 
2934 -1.227253 
3389 -1.227947 
1834 -1.227957 
3896 -1.230986 
2862 -1.231233 
3225 -1.231429 
1331 -1.232221 
391 -1.232327 
4040 -1.232517 
3853 -1.234842 
4716 -1.236068 
2830 -1.237400 
2946 -1.237464 
1589 -1.237626 
1676 -1.237679 
1168 -1.237714 
129 -1.240026 
2371 -1.240311 
2320 -1.241844 
3011 -1.243380 
4071 -1.243631 
357 -1.244210 
2684 -1.245533 
4399 -1.246921 
1541 -1.247129 
1964 -1.249051 
2883 -1.250015 
332 -1.250613 
2464 -1.251587 
3954 -1.252803 
2999 -1.255059 
1064 -1.255182 
1864 -1.255438 
2988 -1.256291 
4114 -1.256608 
4621 -1.257050 
4462 -1.257880 
1159 -1.257910 
4085 -1.259623 
2905 -1.263735 
2407 -1.264035 
2378 -1.265059 
627 -1.267164 
2608 -1.270928 
4526 -1.271214 
2008 -1.271975 
1221 -1.273148 
4072 -1.275428 
1411 -1.276062 
1606 -1.276399 
127 -1.277964 
4033 -1.279375 
2007 -1.279975 
1840 -1.280397 
4548 -1.281720 
1998 -1.283950 
241 -1.284571 
1357 -1.285184 
4375 -1.285427 
1103 -1.285476 
2165 -1.285685 
4374 -1.285901 
2157 -1.286278 
77 -1.287166 
4497 -1.287706 
4126 -1.289571 
726 -1.291918 
1979 -1.292348 
4450 -1.292961 
1493 -1.294440 
623 -1.295378 
4266 -1.296544 
2344 -1.296589 
913 -1.296901 
131 -1.297395 
4318 -1.300774 
2504 -1.302129 
3036 -1.302351 
3529 -1.302472 
2515 -1.303020 
16 -1.303060 
1711 -1.303095 
1109 -1.303256 
306 -1.304026 
765 -1.304254 
3329 -1.306098 
2153 -1.306741 
2474 -1.307258 
3541 -1.309077 
2242 -1.309297 
2855 -1.312144 
1094 -1.312244 
4424 -1.312658 
3487 -1.312958 
3856 -1.313836 
339 -1.314006 
3877 -1.315949 
4402 -1.316856 
2354 -1.316918 
1867 -1.317645 
4472 -1.318199 
1829 -1.319162 
660 -1.320124 
3484 -1.320373 
910 -1.320439 
4002 -1.321227 
1571 -1.321636 
1171 -1.321702 
3898 -1.322269 
3083 -1.322814 
4308 -1.323279 
24 -1.324103 
616 -1.324654 
1801 -1.324860 
4356 -1.325434 
3425 -1.326071 
1798 -1.326994 
1843 -1.327168 
4227 -1.327182 
3150 -1.327450 
4146 -1.328332 
4001 -1.328622 
4003 -1.329164 
4426 -1.329763 
3710 -1.330346 
4541 -1.333674 
4190 -1.334663 
1961 -1.337662 
4088 -1.338317 
710 -1.338932 
3975 -1.339699 
2198 -1.340627 
908 -1.342307 
1460 -1.343571 
4078 -1.345426 
113 -1.345735 
1461 -1.347971 
2107 -1.348203 
3178 -1.351215 
626 -1.352503 
2761 -1.353516 
3240 -1.357090 
1063 -1.358213 
1479 -1.359406 
3918 -1.359915 
4421 -1.360724 
1725 -1.363575 
1602 -1.364069 
3479 -1.364125 
2677 -1.365694 
3405 -1.367508 
4537 -1.368380 
4707 -1.369161 
1957 -1.369778 
4513 -1.370985 
3740 -1.371010 
3774 -1.371099 
4384 -1.371863 
4329 -1.372289 
1463 -1.372380 
704 -1.373022 
2663 -1.373627 
1632 -1.374019 
4068 -1.375086 
2493 -1.376505 
902 -1.377000 
4398 -1.377211 
1286 -1.377927 
1644 -1.381534 
4306 -1.381789 
1780 -1.381996 
2295 -1.384702 
3967 -1.385729 
527 -1.385775 
2676 -1.385938 
2517 -1.386598 
2527 -1.387139 
1625 -1.387496 
2142 -1.388473 
2172 -1.388624 
1572 -1.391099 
2046 -1.391970 
2457 -1.392156 
1508 -1.392818 
4004 -1.393374 
4752 -1.393716 
2052 -1.395659 
3387 -1.395688 
3947 -1.396443 
4821 -1.398202 
2826 -1.398799 
74 -1.398827 
2769 -1.400989 
2560 -1.401401 
1363 -1.401666 
2465 -1.401879 
3228 -1.402200 
764 -1.403107 
3921 -1.405388 
3633 -1.406622 
59 -1.407646 
1836 -1.408054 
1136 -1.408117 
2308 -1.408799 
4423 -1.408802 
2852 -1.410884 
526 -1.411946 
3482 -1.412173 
1108 -1.412398 
4324 -1.412409 
2646 -1.412828 
4584 -1.413356 
608 -1.413831 
614 -1.414573 
2466 -1.416322 
2658 -1.416793 
3390 -1.417766 
4311 -1.419080 
3393 -1.419507 
1312 -1.420057 
2479 -1.422057 
556 -1.422557 
4429 -1.422723 
4642 -1.423616 
4061 -1.426994 
762 -1.427096 
81 -1.434942 
539 -1.436113 
930 -1.436146 
2525 -1.437195 
4814 -1.437817 
4516 -1.440777 
2237 -1.440830 
1190 -1.442129 
4368 -1.442703 
1555 -1.444077 
2749 -1.444941 
1318 -1.445194 
4215 -1.445817 
4332 -1.446108 
505 -1.446882 
4207 -1.446926 
4467 -1.447194 
1630 -1.447890 
3007 -1.448390 
538 -1.448778 
4262 -1.448990 
4175 -1.449348 
2350 -1.449678 
4392 -1.450144 
4620 -1.451036 
2443 -1.451137 
531 -1.452475 
4335 -1.452992 
2115 -1.453210 
4431 -1.453483 
2665 -1.458451 
683 -1.458733 
2702 -1.459494 
2501 -1.460344 
3764 -1.461676 
3173 -1.461947 
2679 -1.462848 
4171 -1.463166 
4084 -1.463271 
2412 -1.463300 
1771 -1.463842 
3914 -1.464306 
4602 -1.464448 
1288 -1.464722 
2499 -1.465650 
1496 -1.465869 
3910 -1.466034 
4512 -1.466106 
4309 -1.466251 
2828 -1.467763 
3829 -1.468935 
3463 -1.469585 
3961 -1.470585 
4753 -1.471846 
52 -1.472615 
2518 -1.475144 
3561 -1.475453 
961 -1.477098 
4389 -1.477324 
4511 -1.477547 
1626 -1.477562 
2151 -1.478623 
2629 -1.479610 
1575 -1.480866 
722 -1.482239 
2791 -1.483634 
2168 -1.484600 
1721 -1.486733 
1765 -1.488058 
2345 -1.489228 
1169 -1.489586 
3905 -1.489645 
3291 -1.492393 
2461 -1.492410 
2346 -1.492515 
1176 -1.492575 
4257 -1.493703 
4250 -1.493954 
290 -1.495246 
3974 -1.495376 
1574 -1.495778 
1293 -1.498467 
4172 -1.498953 
338 -1.499048 
1783 -1.499696 
3126 -1.499861 
3547 -1.500419 
4261 -1.500845 
2191 -1.501936 
1178 -1.503192 
4391 -1.503406 
3562 -1.503860 
3183 -1.505844 
3054 -1.506707 
387 -1.507070 
3235 -1.507402 
4271 -1.507604 
4509 -1.507681 
725 -1.508195 
1568 -1.508984 
1142 -1.509203 
3965 -1.509227 
3457 -1.509505 
4334 -1.511121 
3218 -1.511527 
4425 -1.512116 
4510 -1.512538 
2317 -1.512598 
1862 -1.514096 
663 -1.514353 
1417 -1.514626 
1726 -1.517408 
2698 -1.518467 
4365 -1.518661 
907 -1.519776 
2326 -1.520074 
4561 -1.520352 
3448 -1.520753 
2313 -1.520873 
4568 -1.522193 
1570 -1.522386 
1172 -1.523119 
4728 -1.523530 
504 -1.524397 
2481 -1.525257 
2205 -1.526148 
1723 -1.526599 
4515 -1.528306 
2460 -1.529790 
537 -1.530595 
3019 -1.531936 
674 -1.533302 
58 -1.534586 
2015 -1.535510 
870 -1.535595 
4683 -1.536536 
80 -1.537786 
1565 -1.538993 
1684 -1.539622 
928 -1.540839 
3330 -1.542775 
1315 -1.543021 
3175 -1.543911 
2701 -1.544012 
4087 -1.544818 
85 -1.546573 
2166 -1.547659 
386 -1.548723 
3966 -1.549017 
834 -1.549459 
4178 -1.551257 
3907 -1.552592 
622 -1.552775 
557 -1.553167 
4741 -1.553437 
1167 -1.553449 
4348 -1.554011 
3545 -1.554195 
4593 -1.555627 
30 -1.556909 
4388 -1.557350 
57 -1.557623 
666 -1.558029 
1415 -1.559958 
2002 -1.560943 
1551 -1.562112 
42 -1.562661 
2176 -1.562906 
533 -1.562992 
4246 -1.563038 
3258 -1.564056 
4615 -1.565166 
4603 -1.565724 
21 -1.568372 
534 -1.568521 
2487 -1.568547 
2794 -1.568552 
242 -1.568743 
83 -1.570112 
3821 -1.571365 
2778 -1.572456 
4372 -1.573860 
2568 -1.574334 
82 -1.574861 
2161 -1.575055 
4390 -1.575430 
4270 -1.575926 
123 -1.576524 
1416 -1.577652 
2319 -1.578724 
56 -1.578893 
3897 -1.578997 
4260 -1.579672 
2144 -1.581738 
3628 -1.582209 
3555 -1.582697 
641 -1.583050 
2113 -1.584197 
532 -1.585548 
3008 -1.587412 
1548 -1.587834 
3981 -1.587851 
1139 -1.589102 
2057 -1.589451 
4430 -1.589453 
4487 -1.590222 
2349 -1.591635 
4012 -1.592022 
661 -1.592476 
4010 -1.592623 
1974 -1.592837 
3328 -1.592976 
2497 -1.594416 
2839 -1.595092 
3241 -1.595883 
2664 -1.596810 
4122 -1.597120 
4121 -1.598181 
393 -1.598387 
4074 -1.598455 
1578 -1.599458 
2417 -1.599749 
4008 -1.600094 
4449 -1.600149 
555 -1.600377 
3568 -1.600856 
2771 -1.602070 
2551 -1.602629 
1405 -1.602852 
4323 -1.605212 
128 -1.605570 
724 -1.606275 
3958 -1.607343 
3970 -1.609026 
535 -1.609183 
965 -1.609330 
4441 -1.609850 
4273 -1.610177 
4366 -1.610240 
4594 -1.610321 
4070 -1.611035 
4508 -1.611875 
3537 -1.612379 
2250 -1.612942 
4046 -1.613060 
2903 -1.613077 
319 -1.614102 
4652 -1.614500 
4428 -1.614659 
1409 -1.614994 
1311 -1.615460 
4109 -1.615483 
3388 -1.615653 
2486 -1.616177 
713 -1.617350 
4336 -1.617527 
336 -1.620750 
900 -1.621442 
2164 -1.621743 
2831 -1.623054 
4718 -1.623354 
659 -1.624251 
3485 -1.625091 
4608 -1.626123 
4090 -1.628352 
4060 -1.629080 
3480 -1.631046 
2167 -1.631481 
2526 -1.631897 
3556 -1.632169 
4188 -1.632290 
1586 -1.632352 
2213 -1.632407 
1224 -1.633963 
3951 -1.635098 
1573 -1.635798 
17 -1.636803 
4208 -1.637110 
2147 -1.637407 
827 -1.637645 
2744 -1.638326 
4259 -1.639658 
2241 -1.639698 
1577 -1.640690 
4326 -1.641100 
878 -1.641364 
2728 -1.641591 
4289 -1.642661 
2696 -1.644895 
2050 -1.646962 
2834 -1.647845 
3353 -1.648122 
2906 -1.648215 
560 -1.648966 
1796 -1.649082 
2224 -1.650120 
3400 -1.651101 
4045 -1.651786 
541 -1.652020 
3476 -1.653834 
1419 -1.654189 
1729 -1.654732 
3622 -1.654739 
2202 -1.654978 
3539 -1.655078 
18 -1.655142 
2909 -1.655447 
1219 -1.655493 
4238 -1.656003 
925 -1.656214 
1112 -1.656531 
302 -1.657324 
2163 -1.658334 
1089 -1.658396 
3469 -1.659049 
2374 -1.659333 
1549 -1.659715 
1477 -1.660003 
4629 -1.660077 
4305 -1.660117 
1869 -1.660461 
2409 -1.660787 
20 -1.660820 
1648 -1.662395 
625 -1.662637 
4488 -1.664467 
1407 -1.665500 
712 -1.666980 
3985 -1.667530 
2251 -1.668247 
2668 -1.668340 
500 -1.668373 
636 -1.668660 
840 -1.669461 
2245 -1.670365 
4330 -1.670375 
4396 -1.670674 
4284 -1.671000 
2309 -1.671616 
664 -1.671913 
3187 -1.672045 
1566 -1.672782 
1562 -1.673381 
4394 -1.673579 
3399 -1.673953 
3394 -1.675061 
4401 -1.675349 
72 -1.675529 
3488 -1.677838 
2136 -1.678284 
2051 -1.679292 
2247 -1.680611 
1110 -1.680738 
1150 -1.680954 
3571 -1.681102 
3621 -1.681536 
2336 -1.681656 
4576 -1.681900 
3776 -1.682754 
2562 -1.682770 
662 -1.683457 
781 -1.683530 
2825 -1.683600 
3631 -1.687994 
3289 -1.688212 
1837 -1.689768 
2509 -1.690209 
1788 -1.690523 
19 -1.691260 
36 -1.692229 
3543 -1.692332 
3630 -1.693710 
4609 -1.694786 
3956 -1.694963 
727 -1.695005 
3140 -1.695236 
2820 -1.696545 
3514 -1.697041 
4382 -1.697233 
1576 -1.697977 
2448 -1.698505 
653 -1.699807 
3834 -1.700212 
1092 -1.701694 
1759 -1.702212 
1740 -1.702275 
3550 -1.703044 
2238 -1.704549 
2333 -1.704987 
4333 -1.706214 
1081 -1.706739 
3331 -1.707262 
233 -1.707569 
1963 -1.708094 
3397 -1.710291 
966 -1.711262 
2416 -1.711457 
1642 -1.712121 
3952 -1.714336 
1581 -1.714410 
2858 -1.715230 
2628 -1.715816 
1439 -1.716109 
3451 -1.716125 
2901 -1.718107 
1569 -1.718155 
4263 -1.718175 
4345 -1.718255 
4210 -1.718736 
3997 -1.718975 
2442 -1.719019 
1779 -1.719927 
4237 -1.720340 
4093 -1.720519 
1628 -1.721647 
3184 -1.721756 
3000 -1.722884 
2125 -1.723190 
2389 -1.723622 
3564 -1.725370 
4217 -1.726589 
3912 -1.726945 
26 -1.727129 
3229 -1.727513 
3916 -1.727843 
2065 -1.729824 
3817 -1.729978 
4032 -1.731780 
4353 -1.731846 
672 -1.732345 
4344 -1.733046 
3608 -1.733497 
4397 -1.734458 
3391 -1.734849 
4236 -1.734857 
2177 -1.734979 
1728 -1.735350 
1020 -1.737349 
4310 -1.738024 
3169 -1.738590 
4339 -1.739184 
2388 -1.739574 
4235 -1.740040 
2567 -1.740139 
2657 -1.740267 
1418 -1.740762 
1580 -1.741248 
3999 -1.741528 
1111 -1.741858 
1585 -1.742873 
4417 -1.742890 
3957 -1.744029 
1464 -1.744343 
963 -1.744402 
3832 -1.745382 
1582 -1.746996 
3960 -1.747568 
4044 -1.748012 
3332 -1.748340 
3030 -1.749522 
1165 -1.749570 
2141 -1.749647 
2616 -1.750294 
120 -1.750806 
2856 -1.751861 
548 -1.751865 
1975 -1.752806 
4628 -1.753547 
118 -1.753797 
3489 -1.753876 
542 -1.755093 
1600 -1.755650 
529 -1.755808 
2335 -1.756040 
4373 -1.756394 
4189 -1.757053 
1366 -1.761516 
333 -1.763224 
1629 -1.763914 
134 -1.764908 
4638 -1.765328 
122 -1.765358 
642 -1.767170 
67 -1.767268 
4086 -1.767935 
540 -1.769103 
3772 -1.769401 
3610 -1.769679 
2342 -1.770478 
265 -1.771162 
536 -1.771457 
2877 -1.771477 
2943 -1.771934 
3818 -1.772314 
3016 -1.772669 
3902 -1.774401 
308 -1.774811 
611 -1.775147 
4800 -1.775197 
3134 -1.775709 
288 -1.776468 
3385 -1.777574 
3737 -1.778197 
1301 -1.778561 
2462 -1.779021 
1531 -1.780109 
4331 -1.780426 
4595 -1.781232 
3976 -1.781457 
706 -1.781751 
3713 -1.781900 
4304 -1.783267 
3964 -1.783431 
4528 -1.783574 
1164 -1.783752 
4380 -1.784329 
2468 -1.784534 
2009 -1.786452 
3769 -1.787480 
2876 -1.788065 
4269 -1.788550 
3141 -1.788871 
2150 -1.789146 
4514 -1.790506 
337 -1.790846 
1731 -1.792742 
1147 -1.793035 
4386 -1.793191 
884 -1.793443 
2321 -1.793447 
3738 -1.794037 
1841 -1.794867 
2661 -1.795456 
1749 -1.798096 
4031 -1.800085 
3386 -1.800412 
3778 -1.801360 
4639 -1.801569 
4157 -1.802025 
3002 -1.802404 
2556 -1.802821 
4142 -1.803387 
4024 -1.804822 
4664 -1.806668 
4077 -1.806835 
2062 -1.807520 
2459 -1.807645 
605 -1.808353 
1560 -1.808700 
1124 -1.810514 
3828 -1.811360 
1775 -1.811786 
31 -1.812725 
646 -1.813843 
2871 -1.814010 
4657 -1.814084 
610 -1.814221 
341 -1.814676 
759 -1.815167 
2630 -1.816012 
612 -1.816341 
2058 -1.817697 
4427 -1.817920 
3998 -1.819788 
2949 -1.821993 
4795 -1.823370 
4230 -1.824569 
3572 -1.824615 
2381 -1.825436 
4486 -1.825886 
1778 -1.826169 
3773 -1.827666 
3698 -1.828155 
2315 -1.828690 
4485 -1.829718 
3478 -1.830008 
4059 -1.830684 
4320 -1.830939 
4120 -1.831463 
2361 -1.831546 
4781 -1.831616 
4773 -1.831871 
729 -1.834313 
2538 -1.835052 
1842 -1.835318 
3087 -1.837323 
54 -1.838156 
3781 -1.838587 
1510 -1.839070 
2864 -1.839871 
2011 -1.841189 
32 -1.841563 
2859 -1.841622 
2609 -1.845361 
3637 -1.846160 
2377 -1.846320 
4560 -1.846632 
2660 -1.847400 
3486 -1.848858 
2149 -1.850435 
61 -1.850596 
3852 -1.850880 
654 -1.854283 
4303 -1.855948 
1394 -1.856131 
528 -1.859138 
1362 -1.859790 
1732 -1.860064 
4169 -1.860331 
2174 -1.860946 
4736 -1.863610 
4325 -1.865330 
2410 -1.865967 
47 -1.867067 
761 -1.868328 
4599 -1.868335 
360 -1.869574 
2500 -1.870109 
1535 -1.871088 
3923 -1.873571 
2674 -1.873686 
3949 -1.873740 
822 -1.873942 
3643 -1.874161 
50 -1.875394 
2178 -1.875429 
27 -1.875539 
4016 -1.875765 
2878 -1.876086 
2140 -1.876464 
1685 -1.876538 
4124 -1.877140 
4034 -1.877170 
1567 -1.878126 
912 -1.878932 
2233 -1.881328 
3758 -1.881572 
1758 -1.882642 
2444 -1.883606 
4641 -1.884361 
1978 -1.884676 
1976 -1.884902 
635 -1.885751 
3538 -1.885852 
2249 -1.886123 
3609 -1.886313 
4233 -1.886745 
763 -1.888831 
3614 -1.889174 
1015 -1.889465 
665 -1.889942 
4747 -1.890000 
1462 -1.890281 
1942 -1.890969 
1563 -1.891446 
3906 -1.891689 
4337 -1.891744 
4197 -1.896018 
2649 -1.896501 
2401 -1.897305 
640 -1.897312 
4322 -1.898762 
3558 -1.898900 
2222 -1.899104 
4640 -1.899143 
2792 -1.901176 
2894 -1.902219 
818 -1.903021 
1435 -1.903888 
4711 -1.904060 
2452 -1.904236 
1956 -1.904941 
358 -1.905282 
1436 -1.907811 
637 -1.908506 
2387 -1.908825 
79 -1.909570 
4242 -1.911551 
2059 -1.911991 
1552 -1.912299 
2838 -1.912368 
1774 -1.912372 
3392 -1.913547 
1657 -1.914326 
3950 -1.914439 
4195 -1.914943 
4785 -1.915542 
1799 -1.916366 
1997 -1.916380 
1066 -1.916931 
2332 -1.917522 
1369 -1.918891 
2411 -1.919998 
2524 -1.921104 
4477 -1.922128 
4080 -1.923073 
2732 -1.923351 
599 -1.923729 
3001 -1.924012 
1391 -1.924099 
4170 -1.926550 
1613 -1.930150 
236 -1.930249 
1170 -1.930884 
3481 -1.930922 
2146 -1.931958 
1431 -1.933836 
4409 -1.934137 
3925 -1.935524 
2704 -1.936730 
3620 -1.936782 
3018 -1.937770 
882 -1.937963 
4177 -1.938280 
2678 -1.939607 
1509 -1.939649 
2699 -1.940319 
4315 -1.941227 
2900 -1.941368 
4395 -1.944030 
3699 -1.944589 
1601 -1.948446 
29 -1.948752 
613 -1.948872 
2255 -1.949187 
4754 -1.949324 
3569 -1.949814 
64 -1.950896 
2837 -1.951305 
228 -1.951504 
4125 -1.951916 
2488 -1.952752 
4746 -1.952842 
2441 -1.953088 
3777 -1.953902 
3398 -1.954846 
1192 -1.955736 
2564 -1.956109 
3644 -1.957672 
2824 -1.958492 
2467 -1.961857 
2458 -1.962166 
4069 -1.962331 
4598 -1.962529 
4081 -1.962619 
4037 -1.963114 
1376 -1.964156 
4591 -1.966388 
4112 -1.966475 
2422 -1.966755 
3973 -1.967839 
3855 -1.968533 
962 -1.968607 
2700 -1.969066 
1546 -1.969529 
2418 -1.970672 
3899 -1.971270 
4113 -1.973864 
435 -1.976256 
4253 -1.976583 
4557 -1.977690 
2669 -1.978865 
1863 -1.979247 
815 -1.980777 
3917 -1.981072 
4011 -1.981622 
4254 -1.982169 
2064 -1.982629 
1584 -1.982772 
1220 -1.983266 
1191 -1.983815 
1317 -1.984228 
2314 -1.985695 
4118 -1.989551 
2861 -1.989551 
2330 -1.990109 
3718 -1.990249 
559 -1.991243 
2239 -1.991256 
1973 -1.993921 
4198 -1.994356 
2880 -1.995783 
1553 -1.996163 
3242 -1.996499 
2602 -1.997899 
1637 -1.998576 
1839 -1.998781 
1122 -2.000938 
3279 -2.001866 
2990 -2.003478 
2615 -2.003583 
624 -2.004885 
4209 -2.004992 
4066 -2.006050 
240 -2.006589 
2733 -2.007143 
3048 -2.008792 
334 -2.009824 
4079 -2.010904 
3513 -2.012625 
1361 -2.013271 
1104 -2.016502 
2173 -2.017320 
2359 -2.017887 
1993 -2.017949 
2170 -2.019416 
1495 -2.020394 
2607 -2.020687 
2829 -2.022613 
4091 -2.023784 
3060 -2.025932 
4529 -2.026918 
3535 -2.027605 
811 -2.029711 
2020 -2.029960 
3717 -2.030398 
4682 -2.030887 
1458 -2.033124 
266 -2.033229 
3234 -2.033480 
547 -2.033840 
1403 -2.035113 
3646 -2.035272 
3846 -2.035592 
3915 -2.036213 
2323 -2.036986 
359 -2.038954 
2542 -2.039324 
2402 -2.043715 
673 -2.044269 
545 -2.045122 
1722 -2.045943 
2520 -2.046137 
3037 -2.046568 
1149 -2.048117 
4229 -2.049128 
866 -2.049133 
4000 -2.049317 
3700 -2.049608 
1177 -2.050507 
3176 -2.052955 
1296 -2.055528 
4408 -2.055972 
2254 -2.056493 
2503 -2.058897 
4614 -2.059038 
2881 -2.061086 
2496 -2.061885 
2192 -2.068375 
3819 -2.068513 
2760 -2.068772 
4119 -2.069660 
867 -2.070084 
1498 -2.070807 
1125 -2.071212 
3333 -2.072460 
4618 -2.072688 
2155 -2.073598 
2415 -2.076459 
1792 -2.076635 
4065 -2.077263 
1067 -2.078222 
2485 -2.080871 
680 -2.083317 
4726 -2.083865 
3188 -2.085285 
1687 -2.088779 
1133 -2.089308 
1389 -2.089566 
2098 -2.090171 
3186 -2.092193 
3540 -2.092502 
2840 -2.093406 
3298 -2.095021 
4054 -2.095607 
4588 -2.097727 
2162 -2.100621 
78 -2.101050 
55 -2.105169 
1959 -2.107535 
2310 -2.109578 
2893 -2.109648 
86 -2.109672 
3297 -2.111610 
2603 -2.112102 
4757 -2.112492 
2860 -2.115692 
4605 -2.116425 
1494 -2.116583 
3290 -2.116745 
3642 -2.117772 
1547 -2.118995 
4173 -2.119446 
1073 -2.119450 
1941 -2.119476 
2316 -2.119568 
1608 -2.120647 
3831 -2.120875 
130 -2.121334 
1392 -2.125337 
3534 -2.126276 
3886 -2.126871 
2152 -2.127556 
1675 -2.127750 
346 -2.128057 
964 -2.131323 
4256 -2.132317 
3382 -2.132537 
4369 -2.134685 
2540 -2.136594 
3409 -2.137358 
2246 -2.138276 
3849 -2.138378 
2519 -2.142502 
3191 -2.142768 
4312 -2.145295 
1851 -2.146600 
2610 -2.151181 
2379 -2.154090 
1314 -2.154441 
3922 -2.156757 
1708 -2.159482 
135 -2.163568 
1621 -2.165693 
4727 -2.165721 
289 -2.165833 
783 -2.168867 
2563 -2.170091 
3029 -2.170314 
3963 -2.171583 
1524 -2.172211 
2617 -2.172804 
2656 -2.174628 
4563 -2.175761 
2445 -2.176958 
2675 -2.177666 
817 -2.178184 
3167 -2.181060 
2854 -2.181643 
22 -2.183629 
1638 -2.183746 
1223 -2.186648 
1538 -2.187941 
2331 -2.188243 
3544 -2.189112 
1618 -2.190156 
2114 -2.191044 
1619 -2.191270 
1820 -2.192056 
1344 -2.193891 
1962 -2.194992 
909 -2.195932 
1113 -2.196407 
3884 -2.199456 
1459 -2.199496 
1404 -2.203354 
4735 -2.205271 
3127 -2.205366 
1140 -2.209357 
3010 -2.209379 
2762 -2.211534 
2223 -2.211831 
3449 -2.212004 
425 -2.212661 
4784 -2.213661 
63 -2.215918 
4243 -2.216934 
1343 -2.217258 
2907 -2.218065 
3174 -2.219086 
4075 -2.221805 
2099 -2.222229 
883 -2.224030 
1082 -2.228327 
4111 -2.228925 
4144 -2.229705 
43 -2.231700 
4056 -2.231949 
2705 -2.232041 
2599 -2.234413 
1204 -2.234419 
1368 -2.234562 
1017 -2.235065 
4367 -2.235586 
1466 -2.235811 
73 -2.239279 
4376 -2.240305 
2522 -2.241575 
2420 -2.242433 
3022 -2.243421 
2019 -2.245704 
4205 -2.247137 
2240 -2.247195 
1615 -2.247381 
4216 -2.248866 
842 -2.249855 
4772 -2.254023 
3325 -2.254548 
1525 -2.256465 
2495 -2.258256 
345 -2.258466 
3780 -2.260947 
4290 -2.261104 
2021 -2.262553 
1791 -2.262569 
2750 -2.263854 
1018 -2.265344 
3168 -2.267569 
3383 -2.268952 
901 -2.269312 
2666 -2.272746 
4801 -2.274054 
1072 -2.277222 
4162 -2.278234 
814 -2.279413 
4719 -2.282286 
4534 -2.285414 
2869 -2.290762 
4448 -2.291144 
1622 -2.291672 
1093 -2.292272 
4556 -2.293919 
1643 -2.296863 
4524 -2.298851 
1279 -2.301910 
46 -2.302009 
4604 -2.302712 
4062 -2.307339 
4756 -2.308298 
4463 -2.312941 
1866 -2.313139 
3475 -2.313890 
606 -2.319672 
1429 -2.321586 
4055 -2.322708 
4387 -2.324541 
506 -2.325223 
4780 -2.327698 
2195 -2.329490 
1138 -2.331625 
2727 -2.332403 
1120 -2.338057 
3351 -2.338516 
503 -2.338705 
3770 -2.340808 
2373 -2.344426 
305 -2.345383 
3903 -2.351015 
2203 -2.351220 
2941 -2.353514 
3712 -2.355149 
2513 -2.356836 
3986 -2.358341 
2614 -2.358695 
3924 -2.360672 
3971 -2.361206 
2557 -2.365998 
823 -2.368633 
1826 -2.369280 
2539 -2.369884 
2605 -2.370943 
3135 -2.371476 
2841 -2.372091 
4420 -2.375980 
4041 -2.377221 
3636 -2.377856 
2865 -2.380616 
1078 -2.380688 
2832 -2.381703 
1173 -2.387293 
1478 -2.390715 
4359 -2.390968 
2770 -2.391329 
4577 -2.393245 
4666 -2.393942 
209 -2.394369 
2060 -2.394667 
4103 -2.399595 
4738 -2.401151 
4092 -2.405066 
4251 -2.405849 
4225 -2.407245 
51 -2.409424 
3953 -2.411263 
2505 -2.411841 
4793 -2.413858 
3865 -2.415738 
3613 -2.419145 
1285 -2.420887 
303 -2.426318 
2823 -2.431477 
929 -2.432045 
1734 -2.433712 
1365 -2.434460 
4264 -2.435655 
3820 -2.438080 
3551 -2.441635 
4400 -2.442677 
1146 -2.443463 
2324 -2.445266 
1750 -2.446541 
3552 -2.447156 
4489 -2.449724 
1724 -2.452079 
3765 -2.455964 
2489 -2.463500 
2453 -2.463581 
1408 -2.464743 
4349 -2.467309 
3035 -2.469568 
4538 -2.472290 
198 -2.473773 
1764 -2.473897 
1968 -2.475928 
644 -2.479543 
2215 -2.480333 
3982 -2.484852 
3271 -2.485096 
4156 -2.486123 
2449 -2.486166 
4355 -2.487659 
3287 -2.488382 
2510 -2.492248 
3402 -2.492726 
2469 -2.495777 
4805 -2.500450 
2908 -2.500817 
1088 -2.501268 
4036 -2.501592 
3565 -2.505610 
766 -2.508518 
601 -2.513917 
1202 -2.518466 
3052 -2.518749 
4549 -2.523129 
1627 -2.527317 
885 -2.530032 
2916 -2.530342 
877 -2.532521 
2100 -2.535345 
2380 -2.535479 
3462 -2.536881 
2197 -2.538051 
4820 -2.541302 
1832 -2.543116 
2680 -2.544345 
1533 -2.545632 
4019 -2.547933 
1591 -2.549061 
904 -2.552604 
3711 -2.560055 
117 -2.561310 
1289 -2.574484 
728 -2.574839 
3468 -2.577694 
3346 -2.587909 
4316 -2.589180 
1696 -2.593250 
2307 -2.606138 
1597 -2.609967 
8 -2.612029 
1831 -2.612340 
1645 -2.614388 
1559 -2.615080 
392 -2.616531 
3273 -2.619087 
3151 -2.619616 
2819 -2.627425 
4222 -2.628349 
1540 -2.631249 
1004 -2.635459 
1062 -2.638024 
115 -2.638460 
2204 -2.638814 
941 -2.639881 
4247 -2.640659 
871 -2.643206 
494 -2.648447 
711 -2.649000 
2337 -2.649138 
1292 -2.650302 
3977 -2.658774 
2353 -2.662051 
826 -2.664566 
2482 -2.665487 
4729 -2.666282 
2139 -2.667144 
3182 -2.668235 
4585 -2.672714 
1356 -2.674176 
1282 -2.675508 
4419 -2.675628 
2731 -2.678052 
3283 -2.687625 
4442 -2.691191 
2370 -2.706067 
1071 -2.711492 
3876 -2.714350 
4496 -2.715300 
330 -2.734210 
3404 -2.736675 
1117 -2.746828 
2475 -2.747260 
3226 -2.748769 
3894 -2.761851 
4272 -2.761909 
2001 -2.767789 
1441 -2.769945 
1858 -2.775304 
2935 -2.777092 
3857 -2.783072 
1870 -2.784915 
3666 -2.796085 
0 -2.797842 
100 -2.801233 
2915 -2.801372 
1800 -2.802380 
1154 -2.804857 
4649 -2.805900 
4279 -2.817400 
510 -2.822250 
3337 -2.822651 
3934 -2.828095 
2436 -2.830628 
891 -2.833014 
2944 -2.836220 
4213 -2.836844 
3013 -2.839664 
2552 -2.842133 
1605 -2.845968 
4624 -2.849152 
2851 -2.851510 
388 -2.854193 
1424 -2.854682 
3617 -2.856547 
4507 -2.882035 
2029 -2.888049 
4436 -2.889441 
3065 -2.894061 
3990 -2.901036 
3237 -2.902186 
3244 -2.903055 
4495 -2.904551 
1677 -2.906103 
4672 -2.910863 
1423 -2.916818 
4713 -2.922489 
4447 -2.927225 
2937 -2.928380 
1085 -2.939945 
3883 -2.944964 
4022 -2.945434 
3056 -2.964454 
4433 -2.968612 
4699 -2.985910 
4480 -3.006881 
896 -3.006966 
3763 -3.008045 
2639 -3.008222 
4798 -3.016799 
2872 -3.037741 
4180 -3.042048 
1386 -3.064128 
4761 -3.079468 
895 -3.088559 
1399 -3.127366 
3874 -3.137893 
4360 -3.144194 
4155 -3.144426 
4693 -3.144680 
2890 -3.151779 
4104 -3.158996 
4456 -3.194144 
321 -3.212773 
