2314 1
175 0.493451 
1329 0.493451 
967 0.493451 
1618 0.493451 
1337 0.493451 
893 0.493451 
300 0.493451 
1351 0.493451 
1548 0.493451 
1006 0.493451 
1203 0.493451 
1462 0.493451 
1368 0.493451 
868 0.493451 
693 0.493451 
863 0.493451 
364 0.493451 
1479 0.493451 
1767 0.493451 
1173 0.493451 
142 0.493451 
1561 0.493451 
1144 0.493451 
1857 0.493451 
2166 0.493451 
1881 0.493451 
1695 0.493451 
1870 0.493451 
2021 0.493451 
963 0.493451 
276 0.493451 
382 0.493451 
236 0.493451 
1316 0.493451 
428 0.493451 
1754 0.493451 
1750 0.493451 
426 0.493451 
2278 0.493451 
1324 0.493451 
2139 0.445409 
1136 0.445409 
2311 0.445409 
2118 0.445409 
2291 0.445409 
665 0.445409 
2281 0.445409 
800 0.439014 
1777 0.439014 
1918 0.439014 
1126 0.439014 
1063 0.439014 
1501 0.439014 
1707 0.439014 
1998 0.439014 
2127 0.439014 
1137 0.439014 
1776 0.439014 
1559 0.439014 
1391 0.439014 
1672 0.439014 
1716 0.439014 
1443 0.439014 
1661 0.439014 
1284 0.439014 
1524 0.439014 
221 0.439014 
1527 0.439014 
438 0.439014 
1536 0.439014 
1341 0.439014 
1541 0.439014 
944 0.439014 
874 0.439014 
1743 0.439014 
1306 0.439014 
1506 0.439014 
2103 0.439014 
1621 0.439014 
1117 0.431665 
1684 0.431665 
2167 0.431665 
1627 0.431665 
275 0.431665 
1698 0.431665 
574 0.431665 
637 0.431665 
2155 0.431665 
464 0.431665 
1563 0.431665 
1751 0.431665 
170 0.431665 
1202 0.431665 
1761 0.431665 
2028 0.431665 
2070 0.431665 
299 0.431665 
1930 0.431665 
1755 0.431665 
1102 0.431665 
939 0.431665 
910 0.431665 
1838 0.431665 
600 0.431665 
2307 0.431665 
1844 0.431665 
2277 0.431665 
1629 0.431665 
1651 0.431665 
1806 0.431665 
914 0.431665 
1655 0.431665 
42 0.431665 
2290 0.431665 
1786 0.431665 
1819 0.431665 
1619 0.431665 
485 0.431665 
1801 0.421521 
22 0.421521 
309 0.421521 
60 0.421521 
313 0.421521 
362 0.421521 
1174 0.421521 
2245 0.421521 
787 0.421521 
70 0.421521 
1163 0.421521 
1513 0.421521 
185 0.421521 
604 0.421521 
197 0.421521 
1343 0.421521 
195 0.421521 
2065 0.421521 
986 0.421521 
598 0.421521 
1224 0.421521 
210 0.421521 
58 0.421521 
211 0.421521 
1823 0.421521 
1828 0.421521 
1279 0.421521 
285 0.421521 
489 0.421521 
652 0.421521 
1196 0.421521 
2040 0.421521 
347 0.421521 
2149 0.421521 
1952 0.421521 
1851 0.421521 
1496 0.421521 
1702 0.421521 
2152 0.421521 
466 0.421521 
689 0.421521 
584 0.421521 
115 0.421521 
1842 0.421521 
505 0.421521 
1317 0.421521 
696 0.421521 
2172 0.421521 
93 0.421521 
542 0.421521 
103 0.421521 
102 0.421521 
930 0.421521 
264 0.421521 
134 0.421521 
138 0.421521 
78 0.421521 
381 0.421521 
2216 0.421521 
1520 0.421521 
458 0.421521 
326 0.421521 
591 0.421521 
1309 0.421521 
795 0.421521 
549 0.421521 
249 0.421521 
1395 0.421521 
1413 0.415379 
2022 0.415379 
1297 0.415379 
1980 0.415379 
2023 0.415379 
1951 0.415379 
1315 0.415379 
1949 0.415379 
681 0.415379 
1988 0.415379 
1996 0.415379 
1291 0.415379 
1637 0.415379 
198 0.415379 
1914 0.415379 
2112 0.415379 
1908 0.415379 
65 0.415379 
1928 0.415379 
2129 0.415379 
2221 0.415379 
1392 0.415379 
1897 0.415379 
806 0.415379 
1891 0.415379 
1499 0.415379 
1231 0.415379 
1400 0.415379 
1887 0.415379 
1420 0.415379 
2003 0.371311 
1093 0.371311 
2020 0.371311 
1921 0.371311 
1214 0.371311 
1360 0.371311 
397 0.363234 
919 0.363234 
302 0.363234 
131 0.363234 
208 0.363234 
433 0.363234 
1143 0.363234 
571 0.363234 
844 0.363234 
8 0.363234 
1219 0.363234 
119 0.363234 
840 0.363234 
970 0.363234 
2309 0.363234 
677 0.363234 
892 0.363234 
889 0.363234 
631 0.363234 
639 0.363234 
1235 0.363234 
2227 0.363234 
1025 0.363234 
1020 0.363234 
950 0.363234 
610 0.363234 
694 0.363234 
383 0.363234 
1011 0.363234 
32 0.363234 
229 0.363234 
418 0.363234 
917 0.363234 
1168 0.363234 
1281 0.363234 
2222 0.363234 
1208 0.363234 
647 0.363234 
2013 0.363234 
1069 0.363234 
1071 0.363234 
599 0.353444 
1929 0.353444 
1915 0.353444 
1804 0.353444 
511 0.353444 
1552 0.353444 
1232 0.353444 
1544 0.353444 
2188 0.353444 
2208 0.353444 
167 0.353444 
1179 0.353444 
215 0.353444 
218 0.353444 
1696 0.353444 
1292 0.353444 
2259 0.353444 
257 0.353444 
2288 0.353444 
143 0.353444 
2138 0.353444 
287 0.341989 
1060 0.341989 
1146 0.321495 
1590 0.321495 
1580 0.321495 
1090 0.321495 
1983 0.321495 
475 0.321495 
2189 0.321495 
2147 0.321495 
1682 0.321495 
1785 0.321495 
1892 0.321495 
2186 0.321495 
1576 0.321495 
2153 0.321495 
2176 0.321495 
1125 0.321495 
1568 0.321495 
2161 0.321495 
2237 0.321495 
14 0.321495 
1636 0.321495 
1641 0.321495 
1820 0.321495 
1608 0.321495 
2260 0.321495 
1476 0.321495 
2256 0.321495 
994 0.321495 
2246 0.321495 
1659 0.321495 
1854 0.321495 
62 0.321495 
1601 0.321495 
1836 0.321495 
72 0.321495 
2212 0.321495 
1494 0.321495 
2207 0.321495 
1792 0.321495 
1594 0.321495 
1592 0.321495 
2203 0.321495 
434 0.321495 
2076 0.321495 
2068 0.321495 
2064 0.321495 
1249 0.321495 
1932 0.321495 
1264 0.321495 
1339 0.321495 
1955 0.321495 
732 0.321495 
1749 0.321495 
751 0.321495 
1507 0.321495 
2048 0.321495 
283 0.321495 
2047 0.321495 
723 0.321495 
1948 0.321495 
1741 0.321495 
2018 0.321495 
2016 0.321495 
243 0.321495 
2111 0.321495 
135 0.321495 
1706 0.321495 
1900 0.321495 
1155 0.321495 
149 0.321495 
1713 0.321495 
160 0.321495 
1175 0.321495 
2114 0.321495 
1766 0.321495 
1970 0.321495 
1735 0.321495 
1714 0.321495 
1919 0.321495 
255 0.321495 
2104 0.321495 
2102 0.321495 
2100 0.321495 
1558 0.321495 
179 0.321495 
767 0.321495 
429 0.311341 
929 0.311341 
1605 0.311341 
1526 0.311341 
1671 0.311341 
444 0.311341 
401 0.311341 
1502 0.311341 
1782 0.311341 
2282 0.311341 
325 0.311341 
120 0.311341 
1132 0.311341 
1371 0.311341 
933 0.311341 
308 0.311341 
2308 0.311341 
2299 0.311341 
2142 0.311341 
1945 0.311341 
274 0.311341 
1370 0.311341 
962 0.311341 
2108 0.311341 
1314 0.311341 
1307 0.311341 
966 0.311341 
2010 0.311341 
2087 0.311341 
212 0.311341 
1276 0.311341 
898 0.311341 
200 0.311341 
1050 0.311341 
1469 0.311341 
1455 0.311341 
1447 0.311341 
2271 0.311341 
1465 0.311341 
836 0.311341 
2206 0.311341 
2209 0.311341 
1432 0.311341 
856 0.311341 
1864 0.311341 
340 0.311341 
2184 0.311341 
1052 0.311341 
755 0.295715 
554 0.295715 
181 0.295715 
2249 0.295715 
770 0.295715 
522 0.295715 
2232 0.295715 
196 0.295715 
2264 0.295715 
2201 0.295715 
789 0.295715 
2132 0.295715 
145 0.295715 
2137 0.295715 
1581 0.295715 
523 0.295715 
462 0.295715 
2187 0.295715 
809 0.295715 
830 0.295715 
125 0.295715 
61 0.295715 
1129 0.295715 
1128 0.295715 
1122 0.295715 
2169 0.295715 
351 0.295715 
1380 0.295715 
1769 0.295715 
320 0.295715 
408 0.295715 
405 0.295715 
585 0.295715 
346 0.295715 
1440 0.295715 
565 0.295715 
1444 0.295715 
1821 0.295715 
596 0.295715 
1471 0.295715 
605 0.295715 
1813 0.295715 
375 0.295715 
377 0.295715 
2310 0.295715 
502 0.295715 
1269 0.295715 
421 0.295715 
440 0.295715 
216 0.295715 
725 0.295715 
277 0.295715 
1293 0.295715 
268 0.295715 
267 0.295715 
705 0.295715 
250 0.295715 
702 0.295715 
353 0.167077 
366 0.167077 
395 0.167077 
414 0.167077 
494 0.167077 
329 0.167077 
1625 0.163868 
912 0.163868 
968 0.163868 
928 0.163868 
700 0.163868 
1450 0.163868 
1399 0.163868 
662 0.163868 
1357 0.163868 
1331 0.163868 
683 0.163868 
1508 0.163868 
688 0.163868 
690 0.163868 
1045 0.163868 
1299 0.163868 
1273 0.163868 
773 0.163868 
794 0.163868 
802 0.163868 
823 0.163868 
831 0.163868 
1072 0.163868 
532 0.163868 
147 0.163868 
13 0.163868 
136 0.163868 
1941 0.163868 
2236 0.163868 
1850 0.163868 
146 0.163868 
2151 0.163868 
443 0.163868 
82 0.163868 
2123 0.163868 
1883 0.163868 
1912 0.163868 
2160 0.163868 
89 0.163868 
189 0.163868 
2180 0.163868 
2177 0.163868 
372 0.162686 
207 0.162686 
2000 0.162686 
234 0.162686 
707 0.162686 
1296 0.162686 
2033 0.162686 
1993 0.162686 
1809 0.162686 
254 0.162686 
2058 0.162686 
1486 0.162686 
1262 0.162686 
1259 0.162686 
1240 0.162686 
1789 0.162686 
1788 0.162686 
2069 0.162686 
193 0.162686 
1227 0.162686 
1762 0.162686 
2078 0.162686 
1927 0.162686 
1906 0.162686 
1379 0.162686 
1904 0.162686 
1378 0.162686 
1377 0.162686 
327 0.162686 
1373 0.162686 
2304 0.162686 
664 0.162686 
1879 0.162686 
1924 0.162686 
1925 0.162686 
1926 0.162686 
1355 0.162686 
611 0.162686 
1414 0.162686 
1934 0.162686 
1937 0.162686 
1852 0.162686 
355 0.162686 
1445 0.162686 
1446 0.162686 
359 0.162686 
1325 0.162686 
1958 0.162686 
1962 0.162686 
262 0.162686 
1454 0.162686 
1758 0.162686 
1676 0.162686 
1727 0.162686 
872 0.162686 
1721 0.162686 
2243 0.162686 
113 0.162686 
1021 0.162686 
1124 0.162686 
1085 0.162686 
1078 0.162686 
1221 0.162686 
2280 0.162686 
79 0.162686 
1612 0.162686 
1583 0.162686 
1589 0.162686 
1023 0.162686 
1066 0.162686 
75 0.162686 
0 0.162686 
67 0.162686 
1039 0.162686 
1049 0.162686 
2238 0.162686 
1607 0.162686 
1529 0.162686 
897 0.162686 
36 0.162686 
2293 0.162686 
1201 0.162686 
1632 0.162686 
1200 0.162686 
1191 0.162686 
1190 0.162686 
1184 0.162686 
155 0.162686 
2254 0.162686 
1737 0.162686 
1018 0.162686 
1736 0.162686 
446 0.162686 
1542 0.162686 
1644 0.162686 
123 0.162686 
995 0.124947 
1361 0.124947 
2253 0.124947 
1367 0.124947 
1376 0.124947 
875 0.124947 
1910 0.124947 
87 0.124947 
719 0.124947 
506 0.124947 
1220 0.124947 
942 0.124947 
1258 0.124947 
1270 0.124947 
799 0.124947 
1277 0.124947 
2041 0.124947 
133 0.124947 
128 0.124947 
1040 0.124947 
716 0.124947 
817 0.124947 
1308 0.124947 
251 0.124947 
2170 0.124947 
685 0.124947 
847 0.124947 
1062 0.124947 
678 0.124947 
479 0.124947 
1860 0.124947 
1616 0.124947 
626 0.124947 
1485 0.124947 
521 0.124947 
1802 0.124947 
1384 0.124947 
1451 0.124947 
1518 0.124947 
1811 0.124947 
1665 0.124947 
478 0.124947 
1814 0.124947 
1817 0.124947 
1575 0.124947 
601 0.124947 
1560 0.124947 
1460 0.124947 
1557 0.124947 
1725 0.124947 
1540 0.124947 
1783 0.124947 
1757 0.124947 
646 0.124947 
1620 0.124947 
1868 0.124947 
332 0.124947 
1899 0.124947 
1889 0.124947 
638 0.124947 
1622 0.124947 
1794 0.124947 
1768 0.124947 
1796 0.124947 
1410 0.124947 
1412 0.124947 
1871 0.124947 
1153 0.089472 
792 0.089472 
441 0.089472 
796 0.089472 
1763 0.089472 
1152 0.089472 
1150 0.089472 
2133 0.089472 
1170 0.089472 
1181 0.089472 
2295 0.089472 
761 0.089472 
2107 0.089472 
1744 0.089472 
432 0.089472 
1752 0.089472 
776 0.089472 
1199 0.089472 
174 0.089472 
1091 0.089472 
21 0.089472 
2089 0.089472 
1515 0.089472 
2097 0.089472 
1009 0.089472 
1604 0.089472 
56 0.089472 
1041 0.089472 
1647 0.089472 
1 0.089472 
1015 0.089472 
878 0.089472 
1010 0.089472 
881 0.089472 
1053 0.089472 
1639 0.089472 
900 0.089472 
1634 0.089472 
2265 0.089472 
31 0.089472 
2270 0.089472 
34 0.089472 
33 0.089472 
1571 0.089472 
946 0.089472 
1141 0.089472 
124 0.089472 
1728 0.089472 
1131 0.089472 
116 0.089472 
904 0.089472 
2099 0.089472 
801 0.089472 
1691 0.089472 
1577 0.089472 
1579 0.089472 
1067 0.089472 
1065 0.089472 
1673 0.089472 
530 0.089472 
2274 0.089472 
1960 0.089472 
1289 0.089472 
937 0.089472 
1818 0.089472 
2001 0.089472 
1300 0.089472 
1305 0.089472 
1999 0.089472 
1997 0.089472 
1834 0.089472 
363 0.089472 
1984 0.089472 
615 0.089472 
1319 0.089472 
1239 0.089472 
920 0.089472 
1946 0.089472 
284 0.089472 
1942 0.089472 
1334 0.089472 
1939 0.089472 
291 0.089472 
1405 0.089472 
1907 0.089472 
1397 0.089472 
319 0.089472 
1386 0.089472 
1245 0.089472 
1490 0.089472 
739 0.089472 
1495 0.089472 
2061 0.089472 
1166 0.089160 
949 0.089160 
701 0.089160 
386 0.089160 
827 0.089160 
1000 0.089160 
984 0.089160 
298 0.069598 
99 0.069598 
515 0.069598 
577 0.069598 
686 0.069598 
704 0.069598 
373 0.069598 
714 0.069598 
1973 0.067319 
1981 0.067319 
1943 0.067319 
2090 0.067319 
961 0.067319 
2192 0.067319 
907 0.067319 
463 0.067319 
459 0.067319 
473 0.067319 
1678 0.067319 
480 0.067319 
619 0.067319 
2056 0.067319 
490 0.067319 
2241 0.067319 
1853 0.067319 
1861 0.067319 
2251 0.067319 
188 0.067319 
636 0.067319 
1893 0.067319 
2273 0.067319 
1784 0.067319 
2095 0.067319 
2060 0.067319 
427 0.067319 
602 0.067319 
712 0.067319 
151 0.067319 
558 0.067319 
2128 0.067319 
568 0.067319 
447 0.067319 
209 0.067319 
2119 0.067319 
2150 0.067319 
456 0.067319 
2096 0.067319 
1995 0.067319 
726 0.067319 
1833 0.067319 
2239 0.061711 
762 0.061711 
1211 0.061711 
2301 0.061711 
1217 0.061711 
1359 0.061711 
1230 0.061711 
1401 0.061711 
1312 0.041562 
1116 0.041562 
922 0.041562 
1398 0.041562 
852 0.041562 
1225 0.041562 
1599 0.041562 
2053 0.003585 
727 0.003585 
2024 0.003585 
876 0.003585 
980 0.003585 
1611 0.003585 
2244 0.003585 
2131 0.003585 
2312 0.003585 
2298 0.003585 
1740 0.003585 
2115 0.003585 
2262 0.003585 
841 0.003585 
1708 0.003585 
1127 0.003585 
1123 0.003585 
925 0.003585 
814 0.003585 
2199 0.003585 
1546 0.003585 
1081 0.003585 
2143 0.003585 
1453 0.003585 
2205 0.003585 
1318 0.003585 
1147 0.003585 
2134 0.003585 
1667 0.003585 
1257 0.003585 
2235 0.003585 
854 0.003585 
2228 0.003585 
28 -0.010716 
2063 -0.010716 
649 -0.010716 
655 -0.010716 
578 -0.010716 
370 -0.010716 
667 -0.010716 
2284 -0.017751 
936 -0.017751 
935 -0.017751 
932 -0.017751 
2313 -0.017751 
2036 -0.017751 
1624 -0.017751 
1610 -0.017751 
1658 -0.017751 
1699 -0.017751 
1539 -0.017751 
1504 -0.017751 
1808 -0.017751 
1463 -0.017751 
1452 -0.017751 
1923 -0.017751 
1956 -0.017751 
1968 -0.017751 
2031 -0.017751 
2034 -0.017751 
982 -0.017751 
2072 -0.017751 
2080 -0.017751 
1216 -0.017751 
2081 -0.017751 
2146 -0.017751 
1138 -0.017751 
1119 -0.017751 
2183 -0.017751 
2194 -0.017751 
2197 -0.017751 
1074 -0.017751 
2211 -0.017751 
1054 -0.017751 
1002 -0.017751 
926 -0.017751 
293 -0.017751 
419 -0.017751 
846 -0.017751 
539 -0.017751 
570 -0.017751 
824 -0.017751 
784 -0.017751 
47 -0.017751 
763 -0.017751 
901 -0.019745 
606 -0.019745 
608 -0.019745 
1464 -0.019745 
292 -0.019745 
1514 -0.019745 
1218 -0.019745 
2088 -0.019745 
184 -0.019745 
566 -0.019745 
543 -0.019745 
1840 -0.019745 
529 -0.019745 
270 -0.019745 
219 -0.019745 
497 -0.019745 
2015 -0.019745 
461 -0.019745 
1738 -0.019745 
435 -0.019745 
422 -0.019745 
998 -0.019745 
2302 -0.019745 
412 -0.019745 
1001 -0.019745 
260 -0.019745 
2181 -0.019745 
317 -0.019745 
1149 -0.019745 
951 -0.019745 
1365 -0.019745 
312 -0.019745 
1157 -0.019745 
2217 -0.019745 
692 -0.019745 
958 -0.019745 
2178 -0.019745 
2173 -0.019745 
2225 -0.019745 
1429 -0.019745 
64 -0.019745 
314 -0.019745 
2171 -0.019745 
2162 -0.019745 
819 -0.019745 
1790 -0.021783 
1685 -0.021783 
1358 -0.021783 
1680 -0.021783 
1549 -0.021783 
1415 -0.021783 
669 -0.022617 
651 -0.022617 
695 -0.022617 
710 -0.022617 
782 -0.022617 
130 -0.022617 
1827 -0.032481 
391 -0.032481 
392 -0.032481 
360 -0.032481 
1689 -0.032481 
1877 -0.032481 
1886 -0.032481 
1909 -0.032481 
394 -0.032481 
1207 -0.032481 
1643 -0.032481 
1079 -0.032481 
1082 -0.032481 
1584 -0.032481 
1578 -0.032481 
1099 -0.032481 
583 -0.032481 
1466 -0.032481 
663 -0.032481 
1148 -0.032481 
1333 -0.032481 
713 -0.032481 
1234 -0.032481 
1982 -0.032481 
981 -0.032481 
883 -0.032481 
1961 -0.032481 
1969 -0.032481 
233 -0.032481 
203 -0.032481 
239 -0.032481 
2200 -0.032481 
2049 -0.032481 
53 -0.032481 
1986 -0.032481 
2223 -0.032481 
206 -0.032481 
107 -0.032481 
98 -0.032481 
241 -0.032481 
2185 -0.032481 
2258 -0.032481 
2117 -0.032481 
895 -0.032481 
2120 -0.032481 
156 -0.032481 
2101 -0.032481 
2263 -0.032481 
122 -0.032481 
2093 -0.032481 
2026 -0.032481 
2079 -0.032481 
911 -0.032481 
2136 -0.032481 
1073 -0.053380 
1185 -0.053380 
214 -0.053380 
954 -0.053380 
947 -0.053380 
1076 -0.053380 
1354 -0.053380 
1327 -0.053380 
1087 -0.053380 
1089 -0.053380 
531 -0.053380 
533 -0.053380 
1094 -0.053380 
202 -0.053380 
623 -0.053380 
1565 -0.053380 
2077 -0.053380 
1461 -0.053380 
1531 -0.053380 
1525 -0.053380 
1111 -0.053380 
1112 -0.053380 
390 -0.053380 
246 -0.053380 
1051 -0.053380 
1772 -0.053380 
1233 -0.053380 
738 -0.053380 
46 -0.053380 
1780 -0.053380 
1977 -0.053380 
1731 -0.053380 
358 -0.053380 
1038 -0.053380 
1841 -0.053380 
1237 -0.053380 
385 -0.053380 
1169 -0.053380 
1242 -0.053380 
746 -0.053380 
1730 -0.053380 
1664 -0.053380 
334 -0.053380 
1674 -0.053380 
777 -0.053380 
1675 -0.053380 
1061 -0.053380 
869 -0.053380 
1160 -0.053380 
1688 -0.053380 
1058 -0.053380 
756 -0.053380 
708 -0.053380 
768 -0.053516 
1922 -0.053516 
1435 -0.053516 
1467 -0.053516 
1252 -0.053516 
816 -0.053516 
1438 -0.053516 
1326 -0.053516 
1430 -0.053516 
1313 -0.053516 
1374 -0.053516 
952 -0.053516 
88 -0.053516 
2220 -0.053516 
1336 -0.053516 
2210 -0.053516 
1488 -0.053516 
1911 -0.053516 
1012 -0.053516 
289 -0.053516 
1862 -0.053516 
345 -0.053516 
1846 -0.053516 
880 -0.053516 
1007 -0.053516 
258 -0.053516 
1990 -0.053516 
1686 -0.053516 
2030 -0.053516 
1631 -0.053516 
1613 -0.053516 
833 -0.053516 
2074 -0.053516 
1492 -0.053516 
2073 -0.053516 
1493 -0.053516 
1538 -0.053516 
1543 -0.053516 
2252 -0.059299 
2 -0.059299 
1720 -0.059299 
1458 -0.059299 
718 -0.059299 
1294 -0.059299 
1778 -0.059299 
1805 -0.059299 
1815 -0.059299 
544 -0.059299 
286 -0.059299 
1457 -0.059299 
1843 -0.059299 
2105 -0.059299 
2276 -0.059299 
2296 -0.059299 
1885 -0.059299 
1192 -0.059299 
1489 -0.059299 
1484 -0.059299 
2195 -0.059299 
1602 -0.059299 
1421 -0.059299 
1416 -0.059299 
1603 -0.059299 
632 -0.059299 
518 -0.059299 
654 -0.059299 
660 -0.059299 
1626 -0.059299 
95 -0.059299 
507 -0.059299 
1588 -0.059299 
504 -0.059299 
1630 -0.059299 
541 -0.059299 
1633 -0.059299 
501 -0.059299 
2035 -0.059299 
1456 -0.059299 
1321 -0.059299 
1645 -0.059299 
1649 -0.059299 
481 -0.059299 
1103 -0.059299 
1098 -0.059299 
1034 -0.059299 
1135 -0.059299 
1551 -0.064131 
557 -0.064131 
1553 -0.064131 
1556 -0.064131 
551 -0.064131 
1566 -0.064131 
537 -0.064131 
1092 -0.064131 
1600 -0.064131 
1086 -0.064131 
1606 -0.064131 
510 -0.064131 
1642 -0.064131 
472 -0.064131 
1693 -0.064131 
460 -0.064131 
1711 -0.064131 
454 -0.064131 
1055 -0.064131 
452 -0.064131 
450 -0.064131 
1734 -0.064131 
1742 -0.064131 
860 -0.064131 
1048 -0.064131 
1133 -0.064131 
703 -0.064131 
697 -0.064131 
1322 -0.064131 
1350 -0.064131 
672 -0.064131 
1356 -0.064131 
671 -0.064131 
656 -0.064131 
1142 -0.064131 
1390 -0.064131 
630 -0.064131 
811 -0.064131 
812 -0.064131 
1104 -0.064131 
624 -0.064131 
617 -0.064131 
612 -0.064131 
594 -0.064131 
587 -0.064131 
581 -0.064131 
1512 -0.064131 
1113 -0.064131 
1535 -0.064131 
563 -0.064131 
1537 -0.064131 
562 -0.064131 
413 -0.064131 
2204 -0.064131 
217 -0.064131 
2086 -0.064131 
183 -0.064131 
165 -0.064131 
2109 -0.064131 
158 -0.064131 
2122 -0.064131 
2126 -0.064131 
2130 -0.064131 
150 -0.064131 
148 -0.064131 
2190 -0.064131 
90 -0.064131 
235 -0.064131 
2213 -0.064131 
68 -0.064131 
59 -0.064131 
2255 -0.064131 
45 -0.064131 
2267 -0.064131 
2269 -0.064131 
2272 -0.064131 
2294 -0.064131 
2300 -0.064131 
11 -0.064131 
9 -0.064131 
927 -0.064131 
1882 -0.064131 
431 -0.064131 
1771 -0.064131 
1775 -0.064131 
393 -0.064131 
865 -0.064131 
1036 -0.064131 
1816 -0.064131 
379 -0.064131 
1822 -0.064131 
1845 -0.064131 
1847 -0.064131 
348 -0.064131 
1878 -0.064131 
1759 -0.064131 
1890 -0.064131 
316 -0.064131 
1935 -0.064131 
1947 -0.064131 
273 -0.064131 
1004 -0.064131 
996 -0.064131 
1991 -0.064131 
252 -0.064131 
993 -0.064131 
2012 -0.064131 
2014 -0.064131 
237 -0.064131 
1189 -0.064131 
744 -0.064131 
720 -0.064131 
783 -0.064131 
1256 -0.064131 
1288 -0.064131 
1298 -0.064131 
1187 -0.064131 
1283 -0.064131 
1271 -0.064131 
729 -0.064131 
1272 -0.064131 
1916 -0.073672 
1812 -0.073672 
1567 -0.073672 
2163 -0.073672 
2247 -0.073672 
1869 -0.073672 
2141 -0.073672 
1209 -0.142652 
342 -0.142652 
201 -0.142652 
1282 -0.142652 
182 -0.142652 
1582 -0.142652 
2085 -0.142652 
976 -0.142652 
1880 -0.142652 
192 -0.142652 
1787 -0.142652 
834 -0.142652 
343 -0.142652 
1027 -0.142652 
1426 -0.142652 
357 -0.142652 
141 -0.142652 
1033 -0.142652 
2148 -0.142652 
1832 -0.142652 
118 -0.142652 
960 -0.142652 
101 -0.142652 
955 -0.142652 
842 -0.142652 
1042 -0.142652 
1417 -0.142652 
301 -0.142652 
1503 -0.142652 
733 -0.142652 
1992 -0.142652 
311 -0.142652 
555 -0.142652 
305 -0.142652 
304 -0.142652 
1976 -0.142652 
1516 -0.142652 
248 -0.142652 
736 -0.142652 
1105 -0.142652 
265 -0.142652 
269 -0.142652 
272 -0.142652 
1950 -0.142652 
279 -0.142652 
1274 -0.142652 
227 -0.142652 
213 -0.142652 
1468 -0.142652 
1022 -0.142652 
335 -0.142652 
1226 -0.142652 
225 -0.142652 
2032 -0.142652 
330 -0.142652 
753 -0.142652 
1483 -0.142652 
232 -0.142652 
2019 -0.142652 
1118 -0.142652 
1901 -0.142652 
754 -0.142652 
238 -0.142652 
247 -0.142652 
15 -0.142652 
10 -0.142652 
49 -0.142652 
1704 -0.142652 
1330 -0.142652 
1241 -0.142652 
1310 -0.142652 
12 -0.142652 
37 -0.142652 
850 -0.142652 
1668 -0.142652 
1198 -0.142652 
1694 -0.142652 
1666 -0.142652 
16 -0.142652 
778 -0.142652 
1729 -0.142652 
71 -0.142652 
1349 -0.142652 
803 -0.142652 
19 -0.142652 
66 -0.142652 
20 -0.142652 
775 -0.142652 
39 -0.142652 
498 -0.142652 
658 -0.142652 
1044 -0.142652 
906 -0.142652 
715 -0.142652 
807 -0.142652 
41 -0.142652 
496 -0.142652 
1338 -0.142652 
43 -0.142652 
2268 -0.142652 
1303 -0.142652 
86 -0.142652 
1697 -0.142652 
2009 -0.190632 
788 -0.190632 
1095 -0.190632 
849 -0.190632 
2008 -0.190632 
1913 -0.190632 
1555 -0.190632 
848 -0.190632 
477 -0.190632 
616 -0.190632 
988 -0.190632 
186 -0.190632 
1719 -0.190632 
1562 -0.190632 
2017 -0.190632 
2191 -0.190632 
1154 -0.190632 
1569 -0.190632 
2046 -0.190632 
44 -0.190632 
2025 -0.190632 
1247 -0.190632 
1107 -0.190632 
2214 -0.190632 
837 -0.190632 
851 -0.190632 
1972 -0.190632 
126 -0.190632 
1963 -0.190632 
1014 -0.190632 
1106 -0.190632 
1733 -0.190632 
1059 -0.190632 
280 -0.190632 
2196 -0.190632 
2175 -0.190632 
1393 -0.190632 
1534 -0.190632 
1640 -0.190632 
1383 -0.190632 
1978 -0.190632 
2297 -0.190632 
153 -0.190632 
1985 -0.190632 
1987 -0.190632 
1718 -0.190632 
1989 -0.190632 
1859 -0.190632 
1753 -0.190632 
1433 -0.190632 
1867 -0.190632 
972 -0.190632 
2287 -0.190632 
1246 -0.190632 
191 -0.203139 
27 -0.203139 
691 -0.203139 
559 -0.203139 
259 -0.203139 
85 -0.203139 
673 -0.203139 
745 -0.203139 
436 -0.203139 
349 -0.203139 
356 -0.203139 
139 -0.203139 
365 -0.203139 
415 -0.203139 
797 -0.203139 
1406 -0.203139 
512 -0.203139 
1623 -0.203139 
509 -0.203139 
112 -0.203139 
642 -0.203139 
94 -0.203139 
891 -0.203139 
484 -0.203139 
190 -0.203139 
1475 -0.203139 
730 -0.203139 
338 -0.203139 
451 -0.222767 
1251 -0.222767 
740 -0.222767 
337 -0.222767 
336 -0.222767 
1047 -0.222767 
328 -0.222767 
1931 -0.222767 
483 -0.222767 
508 -0.222767 
870 -0.222767 
855 -0.222767 
1774 -0.222767 
838 -0.222767 
388 -0.222767 
398 -0.222767 
1876 -0.222767 
552 -0.222767 
1586 -0.222767 
1554 -0.222767 
1267 -0.222767 
867 -0.222767 
339 -0.222767 
341 -0.222767 
1228 -0.222767 
1026 -0.222767 
367 -0.222767 
528 -0.222767 
1088 -0.222767 
1028 -0.222767 
1653 -0.222767 
1679 -0.222767 
420 -0.222767 
1692 -0.222767 
1614 -0.222767 
657 -0.222767 
177 -0.222767 
633 -0.222767 
2092 -0.222767 
54 -0.222767 
621 -0.222767 
127 -0.222767 
620 -0.222767 
1448 -0.222767 
973 -0.222767 
618 -0.222767 
52 -0.222767 
979 -0.222767 
1346 -0.222767 
2250 -0.222767 
204 -0.222767 
1290 -0.222767 
1382 -0.222767 
943 -0.222767 
91 -0.222767 
899 -0.222767 
1375 -0.222767 
144 -0.222767 
1204 -0.222767 
83 -0.222767 
2144 -0.222767 
2219 -0.222767 
680 -0.222767 
157 -0.222767 
69 -0.222767 
1285 -0.222767 
1180 -0.222767 
1411 -0.222767 
162 -0.222767 
57 -0.222767 
168 -0.222767 
1511 -0.222767 
790 -0.222767 
242 -0.222767 
6 -0.222767 
244 -0.222767 
771 -0.222767 
999 -0.222767 
1396 -0.222767 
1510 -0.222767 
1183 -0.222767 
650 -0.222767 
1971 -0.222767 
757 -0.222767 
1110 -0.222767 
4 -0.222767 
2182 -0.222767 
1108 -0.222767 
1528 -0.222767 
2156 -0.222767 
30 -0.222767 
987 -0.222767 
2043 -0.222767 
29 -0.222767 
964 -0.222767 
634 -0.222767 
1477 -0.222767 
2029 -0.222767 
808 -0.222767 
1481 -0.222767 
2027 -0.222767 
1213 -0.222767 
2154 -0.222767 
1215 -0.222767 
403 -0.226999 
396 -0.226999 
648 -0.226999 
564 -0.226999 
23 -0.226999 
1186 -0.226999 
1057 -0.226999 
1687 -0.226999 
5 -0.226999 
469 -0.226999 
2303 -0.226999 
1250 -0.226999 
706 -0.226999 
1165 -0.226999 
1715 -0.226999 
659 -0.226999 
934 -0.226999 
918 -0.226999 
2242 -0.226999 
858 -0.226999 
2240 -0.226999 
779 -0.226999 
425 -0.226999 
1650 -0.226999 
908 -0.226999 
1024 -0.226999 
161 -0.226999 
1866 -0.226999 
535 -0.226999 
813 -0.226999 
765 -0.226999 
977 -0.226999 
607 -0.226999 
540 -0.226999 
205 -0.226999 
1120 -0.226999 
1573 -0.226999 
839 -0.226999 
603 -0.226999 
546 -0.226999 
1902 -0.226999 
829 -0.226999 
760 -0.226999 
586 -0.226999 
1268 -0.226999 
737 -0.226999 
278 -0.226999 
567 -0.226999 
735 -0.226999 
1425 -0.226999 
1206 -0.226999 
387 -0.226999 
380 -0.226999 
519 -0.226999 
748 -0.226999 
640 -0.226999 
361 -0.226999 
527 -0.226999 
369 -0.226999 
525 -0.226999 
222 -0.255689 
389 -0.255689 
2037 -0.255689 
129 -0.255689 
368 -0.255689 
374 -0.255689 
2006 -0.255689 
121 -0.255689 
885 -0.255689 
100 -0.255689 
1888 -0.255689 
404 -0.255689 
40 -0.255689 
2140 -0.255689 
84 -0.255689 
2248 -0.255689 
51 -0.255689 
416 -0.255689 
354 -0.255689 
1873 -0.255689 
417 -0.255689 
2125 -0.255689 
442 -0.255689 
2106 -0.255689 
63 -0.255689 
1746 -0.255689 
553 -0.255689 
1638 -0.255689 
575 -0.255689 
482 -0.255689 
534 -0.255689 
1654 -0.255689 
1064 -0.255689 
1404 -0.255689 
513 -0.255689 
724 -0.261594 
1255 -0.261594 
25 -0.261594 
1372 -0.261594 
2121 -0.261594 
1408 -0.261594 
679 -0.261594 
159 -0.261594 
1849 -0.261594 
76 -0.261594 
261 -0.261594 
271 -0.261594 
1287 -0.261594 
1954 -0.261594 
1748 -0.261594 
1656 -0.261594 
1222 -0.261594 
1139 -0.261594 
1423 -0.261594 
628 -0.261594 
1229 -0.261594 
495 -0.261594 
1328 -0.261594 
1765 -0.261594 
1760 -0.261594 
1286 -0.261594 
38 -0.261594 
176 -0.261594 
595 -0.261594 
1895 -0.261594 
73 -0.261594 
230 -0.261594 
588 -0.261594 
1700 -0.261594 
903 -0.261594 
474 -0.261594 
1364 -0.261594 
245 -0.261594 
536 -0.261594 
1304 -0.261594 
1114 -0.261594 
315 -0.261594 
1437 -0.261594 
1238 -0.261594 
1032 -0.261594 
1100 -0.261594 
635 -0.261594 
573 -0.261594 
1030 -0.261594 
953 -0.269689 
97 -0.269689 
1263 -0.269689 
1657 -0.269689 
810 -0.269689 
644 -0.269689 
902 -0.269689 
303 -0.269689 
92 -0.269689 
409 -0.269689 
1917 -0.269689 
1266 -0.269689 
1781 -0.269689 
931 -0.269689 
290 -0.269689 
572 -0.269689 
1158 -0.269689 
1035 -0.269689 
884 -0.269689 
171 -0.269689 
1835 -0.269689 
1210 -0.269689 
263 -0.269689 
890 -0.269689 
223 -0.269689 
2050 -0.269689 
1254 -0.269689 
470 -0.269689 
3 -0.269689 
1470 -0.269689 
448 -0.269689 
769 -0.269689 
785 -0.269689 
772 -0.269689 
423 -0.269689 
1109 -0.269689 
1745 -0.269689 
437 -0.269689 
439 -0.269689 
1959 -0.269689 
1660 -0.269689 
445 -0.269689 
1824 -0.291672 
1615 -0.291672 
1863 -0.291672 
1597 -0.291672 
2045 -0.291672 
1366 -0.291672 
1381 -0.291672 
81 -0.291672 
1431 -0.291672 
1212 -0.291672 
825 -0.291672 
1449 -0.291672 
1441 -0.291672 
1500 -0.291672 
759 -0.291672 
256 -0.291672 
163 -0.291672 
1975 -0.291672 
1519 -0.291672 
971 -0.291672 
96 -0.291672 
1008 -0.291672 
281 -0.291672 
152 -0.291672 
288 -0.291672 
294 -0.291672 
629 -0.291672 
306 -0.291672 
877 -0.291672 
1387 -0.291672 
1572 -0.291672 
1171 -0.291672 
1739 -0.291672 
468 -0.291672 
406 -0.291672 
843 -0.291672 
1669 -0.291672 
1724 -0.291672 
1046 -0.291672 
1764 -0.291672 
17 -0.291672 
668 -0.291672 
1717 -0.291672 
1182 -0.291672 
48 -0.291672 
514 -0.291672 
1681 -0.291672 
989 -0.293034 
2283 -0.293034 
1369 -0.293034 
1335 -0.293034 
1701 -0.293034 
457 -0.293034 
1595 -0.293034 
2279 -0.293034 
896 -0.293034 
957 -0.293034 
1193 -0.293034 
500 -0.293034 
2059 -0.293034 
1056 -0.293034 
2193 -0.293034 
493 -0.293034 
1418 -0.293034 
1646 -0.293034 
538 -0.293034 
2145 -0.293034 
1188 -0.293034 
1084 -0.293034 
520 -0.293034 
114 -0.293034 
1722 -0.293034 
2168 -0.293034 
1472 -0.293034 
828 -0.293034 
1428 -0.293034 
2215 -0.293034 
1710 -0.293034 
1779 -0.293034 
467 -0.293034 
2234 -0.293034 
55 -0.293034 
1363 -0.293034 
2285 -0.293034 
1617 -0.293034 
1825 -0.293034 
1176 -0.293034 
609 -0.306195 
643 -0.306195 
2158 -0.306195 
1773 -0.306195 
187 -0.306195 
820 -0.306195 
1547 -0.306195 
2266 -0.306195 
1402 -0.306195 
24 -0.306195 
1505 -0.306195 
1509 -0.306195 
1498 -0.306195 
1726 -0.306195 
1517 -0.306195 
1320 -0.306195 
1156 -0.306195 
1732 -0.306195 
2005 -0.306195 
1936 -0.306195 
1244 -0.306195 
1709 -0.306195 
1747 -0.306195 
430 -0.306195 
154 -0.306195 
424 -0.306195 
1422 -0.306195 
1944 -0.306195 
1940 -0.306195 
1839 -0.306195 
1635 -0.306195 
1574 -0.306195 
1101 -0.306195 
1799 -0.306195 
50 -0.306195 
1096 -0.306195 
653 -0.306195 
1585 -0.306195 
1587 -0.306195 
1609 -0.306195 
1826 -0.306195 
1260 -0.306195 
224 -0.306195 
1353 -0.306195 
1858 -0.306195 
1083 -0.306195 
1855 -0.306195 
1848 -0.306195 
743 -0.306195 
717 -0.306195 
2042 -0.306195 
1570 -0.306195 
545 -0.306195 
1793 -0.306195 
2174 -0.306195 
2179 -0.306195 
1683 -0.306195 
1791 -0.306195 
1896 -0.306195 
108 -0.306195 
322 -0.306195 
580 -0.315797 
815 -0.315797 
1427 -0.315797 
26 -0.315797 
1151 -0.315797 
593 -0.315797 
774 -0.315797 
909 -0.315797 
1003 -0.315797 
2113 -0.315797 
2286 -0.315797 
2218 -0.315797 
750 -0.315797 
1029 -0.315797 
1974 -0.315797 
1075 -0.315797 
941 -0.315797 
1177 -0.315797 
645 -0.315797 
1800 -0.315797 
2110 -0.315797 
945 -0.315797 
1872 -0.315797 
1159 -0.315797 
579 -0.315797 
959 -0.315797 
1533 -0.315797 
1121 -0.315797 
728 -0.315797 
465 -0.315797 
2051 -0.315797 
1670 -0.363700 
670 -0.363700 
758 -0.363700 
1178 -0.363700 
698 -0.363700 
1856 -0.363700 
992 -0.363700 
793 -0.363700 
231 -0.364837 
1473 -0.364837 
140 -0.364837 
194 -0.364837 
2044 -0.364837 
822 -0.364837 
990 -0.364837 
826 -0.364837 
1162 -0.364837 
1130 -0.364837 
226 -0.364837 
2011 -0.364837 
2084 -0.364837 
1278 -0.364837 
1164 -0.364837 
887 -0.364837 
180 -0.364837 
1994 -0.364837 
1344 -0.364837 
866 -0.364837 
1167 -0.364837 
805 -0.364837 
675 -0.364837 
109 -0.364837 
321 -0.364837 
2198 -0.364837 
110 -0.364837 
80 -0.364837 
2165 -0.364837 
399 -0.364837 
798 -0.364837 
1332 -0.364837 
556 -0.364837 
1068 -0.364837 
1161 -0.364837 
766 -0.364837 
1723 -0.364837 
1275 -0.364837 
1521 -0.364837 
913 -0.364837 
804 -0.364837 
1964 -0.364837 
1205 -0.364837 
1953 -0.364837 
861 -0.364837 
1323 -0.364837 
2275 -0.364837 
682 -0.364837 
77 -0.366177 
1352 -0.366177 
2230 -0.366177 
2229 -0.366177 
240 -0.366177 
915 -0.366177 
1347 -0.366177 
916 -0.366177 
1394 -0.366177 
1194 -0.366177 
2305 -0.366177 
983 -0.366177 
2257 -0.366177 
2261 -0.366177 
1459 -0.366177 
1409 -0.366177 
627 -0.366177 
1442 -0.366177 
1439 -0.366177 
1564 -0.366177 
1037 -0.366177 
1491 -0.366177 
455 -0.366177 
741 -0.366177 
471 -0.366177 
2002 -0.366177 
582 -0.366177 
1593 -0.366177 
486 -0.366177 
857 -0.366177 
333 -0.366177 
859 -0.366177 
1253 -0.366177 
882 -0.366177 
1894 -0.366177 
1898 -0.366177 
324 -0.366177 
1933 -0.366177 
560 -0.366177 
297 -0.366177 
548 -0.366177 
410 -0.366177 
407 -0.366177 
400 -0.366177 
1265 -0.366177 
1077 -0.366177 
749 -0.366177 
592 -0.366177 
378 -0.366177 
1837 -0.366177 
1097 -0.424086 
307 -0.424086 
1388 -0.424086 
411 -0.424086 
492 -0.424086 
1957 -0.424086 
491 -0.424086 
228 -0.424086 
266 -0.424086 
923 -0.424086 
1965 -0.424086 
2116 -0.424086 
1385 -0.424086 
487 -0.424086 
1261 -0.424086 
1662 -0.424086 
2164 -0.424086 
1474 -0.424086 
684 -0.424086 
132 -0.424086 
905 -0.424086 
295 -0.424086 
985 -0.424086 
1301 -0.424086 
2052 -0.424086 
2224 -0.424086 
2226 -0.424086 
2135 -0.424086 
499 -0.424086 
547 -0.424086 
1080 -0.424086 
731 -0.424086 
516 -0.424086 
1140 -0.424086 
2094 -0.424086 
1115 -0.424086 
384 -0.424086 
1487 -0.424086 
1705 -0.424086 
2082 -0.424086 
2083 -0.424086 
2202 -0.424086 
1311 -0.424086 
1497 -0.424086 
1348 -0.424086 
924 -0.424086 
2004 -0.424086 
2091 -0.424086 
318 -0.424086 
661 -0.424086 
722 -0.424086 
1829 -0.424086 
2071 -0.424086 
166 -0.424086 
1436 -0.424086 
1403 -0.424086 
1810 -0.424086 
169 -0.424086 
178 -0.424086 
449 -0.424086 
1770 -0.424086 
1596 -0.424086 
1598 -0.424086 
886 -0.424086 
1703 -0.424086 
1628 -0.424111 
1340 -0.424111 
1905 -0.424111 
376 -0.424111 
106 -0.424111 
105 -0.424111 
1342 -0.424111 
674 -0.424111 
956 -0.424111 
1875 -0.424111 
1874 -0.424111 
864 -0.424111 
1172 -0.424111 
74 -0.424111 
835 -0.424111 
666 -0.424111 
350 -0.424111 
352 -0.424111 
1807 -0.424111 
786 -0.424111 
1522 -0.424111 
1966 -0.424111 
164 -0.424111 
2289 -0.424111 
172 -0.424111 
18 -0.424111 
2292 -0.424111 
1248 -0.424111 
476 -0.424111 
614 -0.424111 
589 -0.424111 
613 -0.424111 
978 -0.424111 
873 -0.424111 
818 -0.424111 
709 -0.424111 
764 -0.424111 
199 -0.424111 
991 -0.424111 
821 -0.424111 
2062 -0.424111 
1482 -0.424111 
853 -0.424111 
2055 -0.424111 
888 -0.424111 
1690 -0.424111 
879 -0.424111 
310 -0.424111 
747 -0.424111 
965 -0.424111 
1243 -0.424111 
845 -0.424111 
1419 -0.424111 
1013 -0.424111 
791 -0.424111 
780 -0.424111 
402 -0.424111 
282 -0.424111 
969 -0.424111 
1530 -0.424111 
569 -0.424111 
641 -0.424111 
676 -0.424111 
344 -0.479540 
832 -0.479540 
1031 -0.479540 
997 -0.479540 
1145 -0.479540 
2038 -0.479540 
921 -0.488621 
7 -0.488621 
1302 -0.488621 
1345 -0.488621 
1236 -0.488621 
104 -0.488621 
1648 -0.488621 
2306 -0.488621 
721 -0.488621 
1195 -0.488621 
1795 -0.488621 
1803 -0.488621 
35 -0.488621 
1712 -0.488621 
1797 -0.488621 
1652 -0.488621 
1663 -0.488621 
1756 -0.488621 
1295 -0.488621 
1938 -0.488621 
111 -0.488621 
871 -0.488621 
2159 -0.488621 
1017 -0.488621 
1016 -0.488621 
117 -0.488621 
1407 -0.488621 
1920 -0.488621 
1545 -0.488621 
296 -0.488621 
1197 -0.488621 
561 -0.488621 
1019 -0.488621 
1223 -0.488621 
1532 -0.488621 
2098 -0.488621 
1424 -0.488621 
2124 -0.488621 
1523 -0.488621 
1005 -0.488621 
1434 -0.488621 
1967 -0.488621 
1979 -0.488621 
253 -0.488621 
1134 -0.488621 
1830 -0.488621 
2067 -0.488621 
752 -0.488621 
526 -0.488621 
2066 -0.488621 
1480 -0.488621 
2057 -0.488621 
2075 -0.488621 
1884 -0.488621 
1389 -0.488621 
1478 -0.488621 
331 -0.488621 
1280 -0.488621 
2054 -0.488621 
2039 -0.488621 
2007 -0.488621 
371 -0.488621 
1903 -0.488621 
550 -0.488621 
220 -0.498418 
173 -0.498418 
625 -0.498418 
590 -0.498418 
711 -0.498418 
894 -0.498418 
781 -0.498418 
974 -0.498418 
1677 -0.498418 
453 -0.498418 
622 -0.498418 
975 -0.498418 
137 -0.498418 
699 -0.498418 
1798 -0.498418 
2231 -0.498418 
2233 -0.498418 
1362 -0.498418 
940 -0.498418 
1831 -0.498418 
517 -0.498418 
524 -0.498418 
503 -0.498418 
742 -0.498418 
948 -0.498418 
1865 -0.498418 
1591 -0.498418 
576 -0.498418 
597 -0.498418 
938 -0.498418 
323 -0.498418 
1043 -0.498418 
2157 -0.498418 
862 -0.498418 
1070 -0.498418 
1550 -0.498418 
687 -0.498418 
488 -0.498418 
734 -0.498418 
