2395 1
1264 3.102339 
1263 3.102339 
397 3.102339 
1193 2.751621 
2151 2.751621 
2179 2.751621 
2182 2.751621 
1222 2.751621 
364 2.751621 
761 2.546688 
762 2.546688 
147 2.546688 
1432 2.374597 
1381 2.164596 
1382 2.164596 
1385 2.164596 
446 2.164596 
463 2.164596 
455 2.164596 
2181 2.119833 
489 2.099535 
490 2.099535 
4 2.099535 
2360 2.043820 
2359 2.043820 
2351 1.855281 
1191 1.834908 
354 1.834908 
1224 1.834908 
1223 1.834908 
1221 1.834908 
1192 1.834908 
1391 1.729833 
2349 1.729833 
1400 1.729833 
2350 1.729833 
461 1.729833 
1392 1.729833 
2375 1.588807 
2376 1.588807 
2337 1.577252 
2338 1.577252 
454 1.577252 
544 1.545959 
32 1.545959 
543 1.545959 
1386 1.514274 
2341 1.514274 
1383 1.514274 
1394 1.514274 
456 1.514274 
1393 1.514274 
2387 1.477665 
2388 1.477665 
1415 1.431927 
458 1.431927 
1390 1.431927 
476 1.431927 
1387 1.431927 
470 1.431927 
2055 1.411635 
1399 1.372568 
601 1.361531 
63 1.361531 
602 1.361531 
1404 1.357910 
467 1.357910 
466 1.357910 
477 1.357910 
1403 1.357910 
1409 1.357910 
1984 1.350141 
1983 1.350141 
283 1.350141 
2380 1.335348 
2379 1.335348 
1154 1.325805 
2139 1.325805 
345 1.325805 
1183 1.325805 
1184 1.325805 
2112 1.325805 
475 1.322771 
2384 1.322771 
2383 1.322771 
1261 1.312179 
721 1.294004 
125 1.294004 
722 1.294004 
2186 1.247426 
548 1.243717 
34 1.243717 
547 1.243717 
2299 1.240040 
2363 1.235483 
2364 1.235483 
1351 1.227659 
1352 1.227659 
2310 1.227659 
2309 1.227659 
437 1.227659 
2300 1.227659 
1427 1.212604 
1419 1.212604 
1420 1.212604 
472 1.212604 
1428 1.212604 
1431 1.212604 
2150 1.139558 
2149 1.139558 
462 1.133909 
2361 1.133909 
2352 1.133909 
2362 1.133909 
1228 1.110701 
2185 1.110701 
365 1.110701 
1227 1.110701 
2152 1.110701 
1194 1.110701 
375 1.083236 
2219 1.083236 
1262 1.083236 
1213 1.083236 
2171 1.083236 
2172 1.083236 
1196 1.081864 
1195 1.081864 
366 1.081864 
2153 1.081864 
2154 1.081864 
2183 1.081864 
1281 1.078493 
1282 1.078493 
355 1.078493 
1177 1.078493 
1174 1.078493 
407 1.078493 
290 1.063226 
1046 1.063226 
1045 1.063226 
2356 1.055082 
2355 1.055082 
406 1.027831 
2239 1.027831 
2240 1.027831 
474 1.027699 
2381 1.027699 
1424 1.027699 
1423 1.027699 
1430 1.027699 
1429 1.027699 
2142 1.010254 
2141 1.010254 
1377 0.998533 
1378 0.998533 
2335 0.998533 
2336 0.998533 
1396 0.998533 
453 0.998533 
289 0.986597 
1039 0.986597 
362 0.975061 
1032 0.975061 
286 0.975061 
379 0.975061 
1031 0.975061 
285 0.975061 
2221 0.968760 
2222 0.968760 
413 0.955319 
1300 0.955319 
2311 0.949550 
1406 0.943605 
1405 0.943605 
971 0.943137 
2316 0.940736 
1041 0.912611 
1042 0.912611 
1182 0.905580 
359 0.905580 
252 0.896308 
1929 0.896308 
1930 0.896308 
469 0.891231 
1416 0.891231 
2374 0.887900 
2373 0.887900 
2257 0.883193 
415 0.883193 
2258 0.883193 
378 0.882196 
2178 0.882196 
1220 0.882196 
404 0.859082 
2323 0.849770 
2324 0.849770 
1355 0.835777 
1356 0.835777 
1365 0.835777 
1366 0.835777 
445 0.835777 
443 0.835777 
2340 0.828429 
2339 0.828429 
2140 0.826866 
759 0.822241 
1181 0.821759 
416 0.821759 
360 0.821759 
1158 0.821759 
1155 0.821759 
346 0.821759 
1425 0.817020 
2180 0.801073 
1840 0.785804 
885 0.785804 
884 0.785804 
207 0.785804 
1843 0.785804 
1967 0.784327 
1968 0.784327 
1043 0.774616 
2393 0.771381 
211 0.738705 
1873 0.738705 
1846 0.738705 
1845 0.738705 
887 0.738705 
888 0.738705 
2203 0.737138 
2205 0.737138 
2206 0.737138 
390 0.737138 
1245 0.737138 
1246 0.737138 
436 0.698475 
2315 0.698475 
1358 0.698475 
1357 0.698475 
2298 0.698475 
1340 0.698475 
2270 0.692401 
2269 0.692401 
2249 0.689631 
1928 0.686907 
1927 0.686907 
1410 0.668822 
251 0.667931 
969 0.667931 
972 0.667931 
1143 0.667931 
1139 0.667931 
1140 0.667931 
369 0.665861 
1254 0.665861 
1253 0.665861 
1251 0.665861 
1206 0.665861 
1203 0.665861 
1982 0.665616 
1981 0.665616 
1765 0.662559 
81 0.661449 
1435 0.661449 
1436 0.661449 
1099 0.661449 
630 0.661449 
1100 0.661449 
316 0.656195 
1098 0.656195 
1401 0.646971 
1402 0.646971 
2394 0.644253 
317 0.644253 
1095 0.644253 
2391 0.644253 
1434 0.644253 
2054 0.644253 
1299 0.642917 
545 0.630480 
546 0.630480 
1395 0.624288 
1380 0.624288 
1379 0.624288 
1022 0.624288 
1019 0.624288 
280 0.624288 
1974 0.620127 
1973 0.620127 
1128 0.601868 
409 0.601868 
1287 0.601868 
1288 0.601868 
1291 0.601868 
333 0.601868 
1212 0.588708 
471 0.588708 
374 0.588708 
1411 0.588708 
1412 0.588708 
1413 0.588708 
599 0.585824 
2312 0.570886 
2297 0.570886 
435 0.570886 
1339 0.570886 
1397 0.570300 
1398 0.570300 
1839 0.565548 
1204 0.563921 
1097 0.558113 
1959 0.553860 
2161 0.551436 
2162 0.551436 
2057 0.550209 
2058 0.550209 
408 0.548490 
1289 0.548490 
2016 0.545157 
2015 0.545157 
953 0.538104 
954 0.538104 
287 0.538104 
1116 0.538104 
1035 0.538104 
244 0.538104 
2330 0.530450 
2329 0.530450 
1468 0.524908 
513 0.524908 
16 0.524908 
1471 0.524908 
2111 0.521572 
1388 0.511753 
2345 0.511753 
459 0.511753 
2346 0.511753 
1145 0.508552 
1109 0.508552 
325 0.508552 
323 0.508552 
1110 0.508552 
342 0.508552 
102 0.498474 
672 0.498474 
671 0.498474 
1426 0.495553 
473 0.495553 
1875 0.488955 
1876 0.488955 
363 0.487786 
1190 0.487786 
2147 0.487786 
1189 0.487786 
1341 0.487786 
1342 0.487786 
1297 0.472704 
2267 0.472704 
1298 0.472704 
414 0.472704 
2255 0.472704 
2256 0.472704 
2148 0.443330 
1889 0.425401 
2343 0.421437 
2344 0.421437 
516 0.398006 
2196 0.390935 
190 0.380556 
2252 0.380152 
663 0.375252 
1874 0.369794 
2295 0.364945 
1916 0.360821 
1915 0.360821 
243 0.360821 
1912 0.360821 
958 0.360821 
957 0.360821 
2266 0.357357 
1226 0.356819 
288 0.356819 
1225 0.356819 
1036 0.356819 
440 0.356819 
380 0.356819 
541 0.353973 
1353 0.353685 
1354 0.353685 
883 0.349261 
2302 0.345166 
1344 0.345166 
1343 0.345166 
2301 0.345166 
2296 0.345166 
434 0.345166 
2242 0.342689 
2241 0.342689 
1549 0.341028 
1989 0.339115 
1990 0.339115 
2208 0.338986 
2207 0.338986 
2004 0.332969 
2003 0.332969 
403 0.328828 
1304 0.328828 
1303 0.328828 
1276 0.328828 
1284 0.328828 
1283 0.328828 
1842 0.326609 
1841 0.326609 
1882 0.316991 
1887 0.316991 
226 0.316991 
1890 0.316991 
962 0.300573 
1007 0.292007 
2342 0.290617 
1178 0.289934 
2236 0.284671 
1216 0.284620 
2020 0.282529 
2098 0.270676 
2097 0.270676 
2000 0.268900 
1999 0.268900 
1806 0.268534 
846 0.268534 
1803 0.268534 
191 0.268534 
192 0.268534 
1236 0.267275 
1250 0.267275 
1249 0.267275 
385 0.267275 
1240 0.267275 
1239 0.267275 
1443 0.259204 
3 0.259204 
1444 0.259204 
1540 0.254310 
1539 0.254310 
487 0.250505 
1997 0.248151 
1998 0.248151 
2220 0.247222 
1442 0.246138 
1441 0.246138 
2259 0.242983 
2260 0.242983 
2001 0.230031 
2002 0.230031 
2198 0.228446 
1878 0.226115 
1877 0.226115 
210 0.226115 
1844 0.226115 
886 0.226115 
417 0.225627 
1407 0.220958 
1417 0.220958 
1214 0.220958 
376 0.220958 
1418 0.220958 
1408 0.220958 
2211 0.220283 
2130 0.219172 
2129 0.219172 
1701 0.214882 
1702 0.214882 
1050 0.213582 
1049 0.213582 
676 0.212971 
675 0.212971 
1937 0.209887 
1938 0.209887 
1942 0.209887 
980 0.209887 
259 0.209887 
1822 0.208411 
198 0.208411 
1821 0.208411 
233 0.207719 
1895 0.207719 
1894 0.207719 
2191 0.206874 
2192 0.206874 
2195 0.206126 
367 0.206126 
1198 0.206126 
1238 0.206126 
1237 0.206126 
2156 0.206126 
2103 0.204566 
2104 0.204566 
1782 0.197325 
231 0.192098 
1892 0.192098 
1219 0.192098 
934 0.192098 
2177 0.192098 
1674 0.190898 
65 0.179423 
1290 0.179055 
2353 0.172733 
2354 0.172733 
707 0.159187 
1676 0.159187 
1673 0.159187 
1665 0.159187 
121 0.159187 
1588 0.157483 
1587 0.157483 
1954 0.156796 
266 0.156796 
1953 0.156796 
996 0.156796 
995 0.156796 
2013 0.156796 
1153 0.155553 
1590 0.155408 
1589 0.155408 
1725 0.153111 
1712 0.153111 
144 0.153111 
767 0.153111 
1726 0.153111 
2136 0.146249 
1704 0.144425 
1703 0.144425 
138 0.144425 
1819 0.138450 
1820 0.138450 
1011 0.119327 
1723 0.115466 
1724 0.115466 
178 0.111647 
1776 0.111647 
1781 0.111647 
1784 0.111647 
1805 0.102152 
1783 0.095937 
1197 0.094703 
807 0.093064 
667 0.093064 
668 0.093064 
664 0.093064 
98 0.093064 
174 0.093064 
777 0.067946 
778 0.067946 
1376 0.066474 
1375 0.066474 
1807 0.060239 
1808 0.060239 
1061 0.056020 
2019 0.056020 
274 0.056020 
1008 0.056020 
1966 0.056020 
1062 0.056020 
1541 0.027394 
1542 0.027394 
54 0.027394 
452 0.014694 
2385 0.013697 
2386 0.013697 
2041 -0.002629 
2042 -0.002629 
1883 -0.006503 
1994 -0.021367 
1993 -0.021367 
1738 -0.025443 
1737 -0.025443 
1913 -0.029193 
1914 -0.029193 
1327 -0.036128 
1328 -0.036128 
347 -0.036546 
2113 -0.036546 
2114 -0.036546 
2118 -0.036546 
1156 -0.036546 
1160 -0.036546 
1642 -0.048260 
629 -0.052294 
2132 -0.054444 
1636 -0.056136 
1777 -0.062031 
1680 -0.071684 
1679 -0.071684 
983 -0.072796 
984 -0.072796 
1047 -0.072796 
1044 -0.072796 
291 -0.072796 
261 -0.072796 
179 -0.073952 
818 -0.073952 
1778 -0.073952 
817 -0.073952 
1775 -0.073952 
922 -0.073999 
921 -0.073999 
1208 -0.078473 
371 -0.078473 
396 -0.078473 
372 -0.078473 
1207 -0.078473 
1257 -0.078473 
20 -0.084751 
1476 -0.084751 
1475 -0.084751 
1692 -0.086474 
1780 -0.095479 
1779 -0.095479 
1856 -0.103127 
1855 -0.103127 
1146 -0.103311 
1134 -0.103311 
337 -0.103311 
2092 -0.103311 
2091 -0.103311 
1137 -0.103311 
1217 -0.103348 
1896 -0.103918 
719 -0.104146 
1616 -0.105597 
1615 -0.105597 
2120 -0.108021 
1705 -0.109636 
704 -0.113179 
1603 -0.118270 
1604 -0.118270 
1766 -0.121994 
806 -0.121994 
173 -0.121994 
1763 -0.121994 
1664 -0.122771 
1663 -0.122771 
1324 -0.124463 
1641 -0.134685 
1638 -0.134685 
109 -0.134685 
1637 -0.134685 
2303 -0.137523 
2304 -0.137523 
247 -0.138983 
960 -0.138983 
1918 -0.138983 
1917 -0.138983 
959 -0.138983 
1825 -0.144961 
1826 -0.144961 
1758 -0.146100 
2069 -0.146146 
2070 -0.146146 
1252 -0.147100 
393 -0.147100 
2209 -0.147100 
2212 -0.147100 
2214 -0.147100 
1173 -0.158711 
963 -0.160075 
1762 -0.161248 
1761 -0.161248 
1083 -0.161300 
1084 -0.161300 
310 -0.161300 
311 -0.161300 
370 -0.161300 
1202 -0.161300 
2306 -0.161877 
2305 -0.161877 
2107 -0.163061 
2108 -0.163061 
679 -0.168282 
465 -0.172890 
464 -0.172890 
1017 -0.172890 
1018 -0.172890 
64 -0.172890 
600 -0.172890 
1760 -0.174613 
805 -0.174613 
1764 -0.174613 
1757 -0.174613 
169 -0.174613 
970 -0.192289 
623 -0.199694 
2166 -0.199956 
2165 -0.199956 
2144 -0.200428 
952 -0.200571 
1025 -0.206075 
808 -0.208533 
172 -0.208533 
1168 -0.209482 
917 -0.210869 
918 -0.210869 
2390 -0.212346 
2389 -0.212346 
1538 -0.229250 
1537 -0.229250 
1668 -0.239983 
1667 -0.239983 
344 -0.240426 
1150 -0.240426 
1301 -0.240426 
1312 -0.240426 
1302 -0.240426 
1311 -0.240426 
974 -0.247105 
253 -0.247105 
1932 -0.247105 
1389 -0.247678 
1497 -0.248754 
540 -0.248754 
504 -0.248754 
1462 -0.248754 
12 -0.248754 
539 -0.248754 
2319 -0.251318 
270 -0.251318 
1960 -0.251318 
1362 -0.251318 
1004 -0.251318 
1361 -0.251318 
1551 -0.251910 
60 -0.251910 
1550 -0.251910 
1384 -0.260617 
484 -0.264645 
517 -0.265491 
220 -0.266657 
1247 -0.266657 
391 -0.266657 
910 -0.266657 
913 -0.266657 
914 -0.266657 
1730 -0.271579 
1893 -0.272595 
1963 -0.282234 
1658 -0.285053 
1159 -0.288139 
2143 -0.288139 
349 -0.288139 
2146 -0.288139 
2117 -0.288139 
1719 -0.289357 
1720 -0.289357 
1255 -0.291631 
2215 -0.291631 
2213 -0.291631 
2216 -0.291631 
1256 -0.291631 
395 -0.291631 
2357 -0.298115 
2358 -0.298115 
1888 -0.301642 
1941 -0.301764 
1010 -0.302533 
1006 -0.302533 
1964 -0.302533 
1057 -0.302533 
273 -0.302533 
1058 -0.302533 
853 -0.308461 
854 -0.308461 
387 -0.312074 
2204 -0.312074 
2200 -0.312074 
2199 -0.312074 
2197 -0.312074 
485 -0.312134 
1494 -0.319630 
1493 -0.319630 
1911 -0.324549 
1644 -0.328072 
1619 -0.329299 
1620 -0.329299 
212 -0.331287 
1847 -0.331287 
1848 -0.331287 
890 -0.331287 
1920 -0.333620 
1919 -0.333620 
2268 -0.340727 
1087 -0.347119 
1088 -0.347119 
1519 -0.349878 
1520 -0.349878 
308 -0.350711 
519 -0.352315 
518 -0.352315 
507 -0.352315 
515 -0.352315 
14 -0.352315 
1465 -0.352315 
1711 -0.354882 
2138 -0.358359 
2137 -0.358359 
2080 -0.365959 
2087 -0.365959 
2079 -0.365959 
1122 -0.365959 
329 -0.365959 
1121 -0.365959 
1675 -0.377241 
2155 -0.379953 
1800 -0.383264 
2228 -0.398480 
1278 -0.398480 
1277 -0.398480 
1270 -0.398480 
2235 -0.398480 
399 -0.398480 
859 -0.398874 
1218 -0.400329 
1211 -0.400329 
2170 -0.400329 
2169 -0.400329 
1215 -0.400329 
373 -0.400329 
177 -0.416597 
821 -0.416597 
1466 -0.427657 
589 -0.429617 
1885 -0.433451 
1886 -0.433451 
1865 -0.434856 
1474 -0.438845 
1473 -0.438845 
976 -0.442375 
975 -0.442375 
255 -0.442375 
426 -0.442375 
343 -0.442375 
1040 -0.442375 
2106 -0.443479 
2248 -0.447335 
2247 -0.447335 
1655 -0.448356 
1656 -0.448356 
1360 -0.454022 
1359 -0.454022 
2320 -0.454022 
444 -0.454022 
2317 -0.454022 
2318 -0.454022 
2233 -0.454627 
2234 -0.454627 
526 -0.479232 
1582 -0.507331 
1581 -0.507331 
2392 -0.521647 
1454 -0.527911 
1453 -0.527911 
145 -0.533833 
758 -0.533833 
757 -0.533833 
829 -0.538702 
1021 -0.543850 
563 -0.548105 
300 -0.551015 
1069 -0.551015 
1070 -0.551015 
1072 -0.551015 
392 -0.551015 
301 -0.551015 
836 -0.556081 
835 -0.556081 
1308 -0.557748 
1292 -0.557748 
1307 -0.557748 
2250 -0.557748 
2265 -0.557748 
410 -0.557748 
1504 -0.560606 
1503 -0.560606 
9 -0.569069 
1455 -0.569069 
1456 -0.569069 
1659 -0.572565 
133 -0.577450 
732 -0.577450 
731 -0.577450 
860 -0.577450 
1689 -0.577450 
132 -0.577450 
912 -0.585742 
582 -0.588727 
1446 -0.599585 
1445 -0.599585 
1500 -0.600099 
1499 -0.600099 
1005 -0.605498 
1509 -0.606924 
1510 -0.606924 
1461 -0.612758 
1518 -0.618819 
1623 -0.620111 
1592 -0.622230 
1734 -0.629341 
812 -0.630566 
449 -0.634409 
2328 -0.634409 
2327 -0.634409 
1721 -0.639748 
1710 -0.639748 
752 -0.639748 
142 -0.639748 
751 -0.639748 
1709 -0.639748 
1986 -0.649516 
1743 -0.652677 
1572 -0.658280 
1068 -0.666280 
1067 -0.666280 
282 -0.666280 
1023 -0.666280 
1026 -0.666280 
1205 -0.666280 
1792 -0.671633 
1491 -0.673031 
1492 -0.673031 
1179 -0.679641 
428 -0.679641 
356 -0.679641 
357 -0.679641 
1176 -0.679641 
1175 -0.679641 
1514 -0.680912 
1513 -0.680912 
67 -0.687076 
893 -0.687076 
69 -0.687076 
319 -0.687076 
606 -0.687076 
605 -0.687076 
2313 -0.695765 
2314 -0.695765 
442 -0.695765 
2322 -0.695765 
1617 -0.697295 
1618 -0.697295 
1605 -0.719973 
1606 -0.719973 
1511 -0.722033 
1512 -0.722033 
1610 -0.722075 
1609 -0.722075 
1818 -0.741109 
1817 -0.741109 
1733 -0.741686 
1108 -0.741686 
1106 -0.741686 
1105 -0.741686 
320 -0.741686 
155 -0.741686 
1926 -0.742811 
1925 -0.742811 
2083 -0.744944 
2086 -0.744944 
1127 -0.744944 
2085 -0.744944 
332 -0.744944 
2084 -0.744944 
822 -0.748508 
500 -0.751487 
2066 -0.753970 
851 -0.760849 
697 -0.760849 
116 -0.760849 
848 -0.760849 
847 -0.760849 
698 -0.760849 
1014 -0.767047 
1001 -0.767047 
1002 -0.767047 
1013 -0.767047 
271 -0.767047 
296 -0.767047 
168 -0.767578 
1836 -0.770225 
1835 -0.770225 
562 -0.791056 
2056 -0.794554 
318 -0.794554 
2053 -0.794554 
1096 -0.794554 
552 -0.798278 
551 -0.798278 
35 -0.798278 
1104 -0.799833 
2062 -0.799833 
1107 -0.799833 
933 -0.799833 
1891 -0.799833 
230 -0.799833 
1607 -0.800998 
91 -0.800998 
1608 -0.800998 
2378 -0.803048 
2377 -0.803048 
579 -0.808922 
932 -0.812242 
152 -0.812242 
928 -0.812242 
1729 -0.812242 
927 -0.812242 
931 -0.812242 
745 -0.812570 
1653 -0.818681 
1654 -0.818681 
1559 -0.826707 
1560 -0.826707 
2022 -0.826958 
480 -0.828964 
1801 -0.831488 
315 -0.833377 
1094 -0.833377 
1093 -0.833377 
1294 -0.833824 
652 -0.836202 
961 -0.836202 
718 -0.836202 
93 -0.836202 
717 -0.836202 
124 -0.836202 
1495 -0.837973 
1496 -0.837973 
1558 -0.843483 
1557 -0.843483 
2027 -0.844375 
1451 -0.844872 
1452 -0.844872 
2264 -0.849976 
2263 -0.849976 
703 -0.865557 
706 -0.865557 
119 -0.865557 
715 -0.865557 
716 -0.865557 
215 -0.865557 
2063 -0.866058 
744 -0.866711 
1798 -0.867578 
1797 -0.867578 
2282 -0.874317 
1683 -0.874806 
2048 -0.885793 
2047 -0.885793 
314 -0.885793 
1741 -0.886024 
1742 -0.886024 
523 -0.887795 
1336 -0.892231 
813 -0.895457 
1478 -0.899678 
1477 -0.899678 
1744 -0.904103 
804 -0.904103 
786 -0.904103 
803 -0.904103 
171 -0.904103 
161 -0.904103 
1130 -0.905581 
1119 -0.905581 
946 -0.905581 
1129 -0.905581 
1120 -0.905581 
237 -0.905581 
424 -0.907153 
1827 -0.907245 
1828 -0.907245 
1555 -0.908148 
2133 -0.916793 
2088 -0.921777 
610 -0.922724 
1579 -0.922724 
621 -0.922724 
1567 -0.922724 
1568 -0.922724 
71 -0.922724 
1060 -0.927541 
1837 -0.931356 
400 -0.932508 
1271 -0.932508 
1148 -0.935055 
1147 -0.935055 
2105 -0.935055 
340 -0.935055 
2100 -0.935055 
1142 -0.935055 
292 -0.943380 
2005 -0.943380 
1125 -0.943380 
1126 -0.943380 
1048 -0.943380 
334 -0.943380 
23 -0.945715 
1482 -0.945715 
1481 -0.945715 
693 -0.953179 
694 -0.953179 
2367 -0.959636 
872 -0.959684 
2122 -0.964244 
2121 -0.964244 
1921 -0.971389 
1922 -0.971389 
669 -0.972592 
904 -0.973943 
903 -0.973943 
216 -0.973943 
877 -0.975447 
1467 -0.976810 
648 -0.979142 
2217 -0.983762 
2218 -0.983762 
1162 -0.985571 
725 -0.990725 
1548 -0.990725 
1547 -0.990725 
590 -0.990725 
726 -0.990725 
57 -0.990725 
2210 -0.991226 
1516 -0.993115 
1091 -0.995478 
2046 -1.001831 
2045 -1.001831 
389 -1.011497 
1248 -1.011497 
2051 -1.017002 
2052 -1.017002 
2167 -1.019236 
2168 -1.019236 
992 -1.023841 
2190 -1.029207 
382 -1.029207 
2189 -1.029207 
2187 -1.029207 
1363 -1.029207 
1364 -1.029207 
1305 -1.029530 
1306 -1.029530 
411 -1.029530 
2251 -1.029530 
1293 -1.029530 
1296 -1.029530 
1612 -1.030849 
661 -1.035792 
662 -1.035792 
654 -1.035792 
1611 -1.035792 
653 -1.035792 
95 -1.035792 
1449 -1.037542 
1450 -1.037542 
906 -1.042914 
1863 -1.042914 
998 -1.042914 
1866 -1.042914 
219 -1.042914 
269 -1.042914 
1138 -1.048769 
2014 -1.049623 
2038 -1.051363 
583 -1.053451 
839 -1.053689 
840 -1.053689 
276 -1.058560 
1369 -1.058560 
1370 -1.058560 
275 -1.058560 
1012 -1.058560 
1009 -1.058560 
1089 -1.059420 
1090 -1.059420 
1469 -1.066148 
1470 -1.066148 
2061 -1.067234 
2064 -1.067234 
2065 -1.067234 
321 -1.067234 
1626 -1.071190 
1860 -1.071653 
1859 -1.071653 
2135 -1.076365 
2134 -1.076365 
2131 -1.076365 
358 -1.076365 
101 -1.078023 
1625 -1.078023 
1624 -1.078023 
1622 -1.078023 
1621 -1.078023 
1660 -1.078900 
897 -1.078900 
900 -1.078900 
899 -1.078900 
118 -1.078900 
702 -1.078900 
497 -1.079423 
2382 -1.081761 
263 -1.082078 
2006 -1.082078 
223 -1.085027 
451 -1.085027 
450 -1.085027 
209 -1.085027 
208 -1.085027 
278 -1.085027 
1485 -1.088581 
25 -1.088581 
1486 -1.088581 
2184 -1.088626 
1697 -1.090529 
1698 -1.090529 
2173 -1.103348 
2174 -1.103348 
1260 -1.108095 
143 -1.112009 
894 -1.112009 
1852 -1.112009 
1851 -1.112009 
701 -1.113123 
522 -1.114118 
1132 -1.114354 
1131 -1.114354 
2023 -1.116860 
2227 -1.118603 
1161 -1.121312 
350 -1.121312 
1337 -1.121312 
1338 -1.121312 
2119 -1.121312 
1164 -1.121312 
62 -1.127920 
595 -1.127920 
596 -1.127920 
742 -1.127920 
1553 -1.127920 
1554 -1.127920 
68 -1.128109 
608 -1.128109 
607 -1.128109 
1566 -1.128109 
1565 -1.128109 
624 -1.128109 
1345 -1.137510 
1052 -1.137510 
294 -1.137510 
1186 -1.137510 
1165 -1.137510 
1185 -1.137510 
1433 -1.137905 
625 -1.137905 
626 -1.137905 
79 -1.137905 
478 -1.137905 
768 -1.137905 
1736 -1.138549 
1735 -1.138549 
901 -1.139120 
1479 -1.141309 
1480 -1.141309 
1505 -1.171184 
1506 -1.171184 
1732 -1.175359 
1731 -1.175359 
304 -1.180392 
1073 -1.180392 
2037 -1.180392 
2032 -1.180392 
529 -1.182518 
514 -1.182518 
1472 -1.182518 
19 -1.182518 
1487 -1.182518 
1488 -1.182518 
1661 -1.183985 
1662 -1.183985 
2123 -1.185767 
2124 -1.185767 
1746 -1.189743 
790 -1.189743 
1751 -1.189743 
162 -1.189743 
1752 -1.189743 
793 -1.189743 
1599 -1.191917 
909 -1.193508 
1584 -1.202105 
1583 -1.202105 
457 -1.211129 
460 -1.211129 
53 -1.211129 
281 -1.211129 
581 -1.211129 
584 -1.211129 
973 -1.211367 
104 -1.211367 
1931 -1.211367 
674 -1.211367 
1632 -1.211367 
695 -1.229317 
696 -1.229317 
115 -1.229317 
2090 -1.229523 
2089 -1.229523 
826 -1.231085 
825 -1.231085 
937 -1.233079 
878 -1.233079 
204 -1.233079 
1103 -1.233079 
875 -1.233079 
938 -1.233079 
1015 -1.234087 
964 -1.235746 
950 -1.235746 
1028 -1.235746 
949 -1.235746 
1027 -1.235746 
241 -1.235746 
1529 -1.242572 
1979 -1.248755 
1980 -1.248755 
1578 -1.250014 
1946 -1.250803 
1945 -1.250803 
262 -1.250803 
850 -1.255179 
1330 -1.262035 
1317 -1.262035 
1318 -1.262035 
423 -1.262035 
2276 -1.262035 
2275 -1.262035 
823 -1.262412 
656 -1.262412 
819 -1.262412 
94 -1.262412 
820 -1.262412 
824 -1.262412 
1166 -1.265459 
1135 -1.265459 
1133 -1.265459 
1136 -1.265459 
338 -1.265459 
336 -1.265459 
238 -1.267908 
951 -1.267908 
2280 -1.270783 
2281 -1.270783 
427 -1.270783 
1286 -1.271507 
1285 -1.271507 
955 -1.271507 
246 -1.271507 
956 -1.271507 
245 -1.271507 
879 -1.273070 
880 -1.273070 
720 -1.273070 
218 -1.273070 
126 -1.273070 
905 -1.273070 
322 -1.273184 
2072 -1.273184 
1114 -1.273184 
1113 -1.273184 
2071 -1.273184 
2068 -1.273184 
1869 -1.274420 
2078 -1.280189 
72 -1.288770 
592 -1.288770 
594 -1.288770 
58 -1.288770 
59 -1.288770 
591 -1.288770 
1908 -1.288882 
948 -1.288882 
240 -1.288882 
947 -1.288882 
1905 -1.288882 
2238 -1.294336 
1280 -1.294336 
405 -1.294336 
2237 -1.294336 
1279 -1.294336 
418 -1.294336 
1804 -1.295216 
1802 -1.295216 
1799 -1.295216 
845 -1.295216 
189 -1.295216 
2285 -1.297152 
1995 -1.299346 
1996 -1.299346 
1597 -1.300307 
1716 -1.300894 
1715 -1.300894 
73 -1.307664 
1570 -1.307664 
1571 -1.307664 
736 -1.309191 
1490 -1.310687 
1489 -1.310687 
908 -1.319185 
907 -1.319185 
272 -1.319620 
861 -1.319620 
1003 -1.319620 
864 -1.319620 
383 -1.319620 
197 -1.319620 
1717 -1.325076 
1718 -1.325076 
891 -1.325653 
553 -1.333796 
1924 -1.334351 
1923 -1.334351 
2262 -1.334808 
2261 -1.334808 
1498 -1.334842 
1961 -1.335685 
1962 -1.335685 
1936 -1.337291 
1935 -1.337291 
919 -1.338310 
148 -1.338310 
916 -1.338310 
760 -1.338310 
915 -1.338310 
224 -1.338310 
868 -1.338318 
1484 -1.347462 
1483 -1.347462 
2040 -1.347667 
2039 -1.347667 
309 -1.347667 
1210 -1.347667 
1081 -1.347667 
1082 -1.347667 
1693 -1.348313 
326 -1.350551 
2074 -1.350551 
1115 -1.350551 
2073 -1.350551 
673 -1.357038 
684 -1.357038 
680 -1.357038 
1631 -1.357038 
103 -1.357038 
683 -1.357038 
156 -1.364999 
923 -1.366475 
924 -1.366475 
1881 -1.366475 
228 -1.366475 
1884 -1.366475 
227 -1.366475 
2095 -1.367242 
2096 -1.367242 
997 -1.369233 
1000 -1.369233 
1231 -1.369233 
1199 -1.369233 
1200 -1.369233 
268 -1.369233 
1080 -1.370921 
1077 -1.370921 
1086 -1.370921 
1079 -1.370921 
306 -1.370921 
1078 -1.370921 
965 -1.371104 
966 -1.371104 
857 -1.371104 
858 -1.371104 
898 -1.371104 
195 -1.371104 
2326 -1.373042 
1722 -1.376170 
265 -1.378047 
1951 -1.378047 
1952 -1.378047 
2031 -1.380331 
2034 -1.380331 
1074 -1.380331 
307 -1.380331 
305 -1.380331 
1830 -1.381185 
1829 -1.381185 
1910 -1.382039 
1909 -1.382039 
127 -1.383385 
1950 -1.386328 
1949 -1.386328 
1767 -1.393797 
1768 -1.393797 
1695 -1.397170 
135 -1.397170 
1696 -1.397170 
1016 -1.400659 
277 -1.400659 
1972 -1.400659 
1242 -1.400659 
388 -1.400659 
1241 -1.400659 
131 -1.402442 
1633 -1.411401 
791 -1.424446 
164 -1.424446 
1533 -1.434815 
438 -1.436538 
1310 -1.436538 
419 -1.436538 
1309 -1.436538 
421 -1.436538 
420 -1.436538 
741 -1.437373 
1700 -1.437373 
1699 -1.437373 
48 -1.437373 
574 -1.437373 
1530 -1.437373 
328 -1.437883 
2077 -1.437883 
2076 -1.437883 
735 -1.441908 
1694 -1.441908 
869 -1.441908 
134 -1.441908 
739 -1.441908 
738 -1.441908 
1864 -1.445340 
1824 -1.445340 
200 -1.445340 
1335 -1.446453 
430 -1.446453 
743 -1.450518 
882 -1.450518 
746 -1.450518 
137 -1.450518 
881 -1.450518 
213 -1.450518 
2284 -1.450859 
1274 -1.451046 
1273 -1.451046 
1258 -1.454741 
394 -1.454741 
1259 -1.454741 
1544 -1.456753 
1971 -1.465335 
494 -1.466316 
6 -1.466316 
493 -1.466316 
993 -1.468126 
789 -1.468572 
1815 -1.476134 
1816 -1.476134 
737 -1.479170 
925 -1.483217 
99 -1.485960 
666 -1.485960 
100 -1.485960 
105 -1.485960 
117 -1.485960 
665 -1.485960 
2246 -1.490319 
2245 -1.490319 
645 -1.496300 
765 -1.498318 
766 -1.498318 
691 -1.500309 
692 -1.500309 
844 -1.500309 
114 -1.500309 
843 -1.500309 
849 -1.500309 
76 -1.504107 
1573 -1.504107 
1576 -1.504107 
1577 -1.504107 
1051 -1.504663 
234 -1.505342 
943 -1.505342 
1063 -1.505766 
2099 -1.509376 
1326 -1.517235 
1325 -1.517235 
1323 -1.517235 
425 -1.517235 
2277 -1.517235 
2278 -1.517235 
1024 -1.517804 
50 -1.520713 
578 -1.520713 
1534 -1.520713 
1535 -1.520713 
1536 -1.520713 
139 -1.521728 
754 -1.521728 
753 -1.521728 
747 -1.521728 
1706 -1.521728 
750 -1.521728 
649 -1.522837 
1849 -1.524423 
1850 -1.524423 
2223 -1.530521 
2224 -1.530521 
1677 -1.534309 
1678 -1.534309 
1649 -1.534990 
1650 -1.534990 
1688 -1.536094 
986 -1.536348 
985 -1.536348 
1814 -1.538183 
1810 -1.538183 
852 -1.538183 
1809 -1.538183 
193 -1.538183 
713 -1.546035 
106 -1.547010 
1634 -1.547010 
1635 -1.547010 
297 -1.552295 
1065 -1.552295 
1066 -1.552295 
873 -1.560389 
527 -1.573768 
867 -1.573774 
202 -1.573774 
122 -1.573774 
711 -1.573774 
206 -1.573774 
714 -1.573774 
2125 -1.575739 
2126 -1.575739 
1266 -1.575844 
1647 -1.576201 
755 -1.577600 
1748 -1.578658 
1747 -1.578658 
1 -1.584807 
1440 -1.584807 
1439 -1.584807 
242 -1.588036 
149 -1.588036 
284 -1.588036 
140 -1.588036 
749 -1.588036 
196 -1.588036 
1902 -1.589725 
1901 -1.589725 
659 -1.594687 
1522 -1.594802 
587 -1.594802 
1545 -1.594802 
43 -1.594802 
564 -1.594802 
588 -1.594802 
1975 -1.595482 
2030 -1.596358 
1652 -1.599828 
1651 -1.599828 
769 -1.604600 
770 -1.604600 
2025 -1.608639 
2028 -1.608639 
302 -1.608639 
2075 -1.612811 
981 -1.613265 
1151 -1.613510 
1152 -1.613510 
1144 -1.613510 
1149 -1.613510 
341 -1.613510 
1180 -1.613510 
1759 -1.618827 
801 -1.618827 
170 -1.618827 
802 -1.618827 
811 -1.618827 
814 -1.618827 
942 -1.619419 
941 -1.619419 
1591 -1.619419 
785 -1.619419 
82 -1.619419 
636 -1.619419 
724 -1.622219 
130 -1.622219 
723 -1.622219 
129 -1.622219 
1684 -1.622219 
1681 -1.622219 
577 -1.625706 
580 -1.625706 
613 -1.625706 
51 -1.625706 
614 -1.625706 
615 -1.625706 
429 -1.627042 
2287 -1.627042 
2286 -1.627042 
2283 -1.627042 
448 -1.627137 
1368 -1.627137 
1374 -1.627137 
1373 -1.627137 
2325 -1.627137 
1367 -1.627137 
2094 -1.628641 
2081 -1.628641 
2082 -1.628641 
1123 -1.628641 
331 -1.628641 
1124 -1.628641 
2226 -1.630511 
398 -1.630511 
2225 -1.630511 
1787 -1.631058 
1788 -1.631058 
2050 -1.636567 
2049 -1.636567 
1546 -1.637218 
828 -1.638987 
1670 -1.641773 
1669 -1.641773 
1745 -1.644742 
441 -1.658426 
712 -1.661316 
1904 -1.669034 
39 -1.669638 
1169 -1.679589 
1561 -1.679938 
1562 -1.679938 
157 -1.680657 
911 -1.680657 
232 -1.680657 
780 -1.680657 
779 -1.680657 
221 -1.680657 
781 -1.684977 
782 -1.684977 
889 -1.684977 
892 -1.684977 
160 -1.684977 
158 -1.684977 
1880 -1.685906 
1879 -1.685906 
685 -1.689689 
21 -1.689689 
687 -1.689689 
520 -1.689689 
688 -1.689689 
110 -1.689689 
597 -1.692632 
598 -1.692632 
2036 -1.702891 
2035 -1.702891 
422 -1.705415 
2271 -1.705415 
1313 -1.705415 
1322 -1.705415 
1314 -1.705415 
1321 -1.705415 
1508 -1.705859 
1507 -1.705859 
1209 -1.712688 
1988 -1.713634 
239 -1.713634 
1985 -1.713634 
1906 -1.713634 
41 -1.716416 
568 -1.716416 
560 -1.716416 
46 -1.716416 
565 -1.716416 
559 -1.716416 
740 -1.716781 
773 -1.716781 
774 -1.716781 
136 -1.716781 
775 -1.716781 
153 -1.716781 
37 -1.717155 
556 -1.717155 
555 -1.717155 
1575 -1.722651 
75 -1.722651 
74 -1.722651 
620 -1.722651 
618 -1.722651 
617 -1.722651 
1172 -1.722703 
40 -1.722703 
1171 -1.722703 
558 -1.722703 
1517 -1.722703 
1515 -1.722703 
1740 -1.726668 
159 -1.726668 
784 -1.726668 
783 -1.726668 
1739 -1.726668 
1102 -1.726668 
533 -1.731508 
2370 -1.733691 
327 -1.734805 
1117 -1.734805 
335 -1.734805 
792 -1.734805 
794 -1.734805 
165 -1.734805 
788 -1.736665 
538 -1.736665 
30 -1.736665 
163 -1.736665 
31 -1.736665 
787 -1.736665 
554 -1.737098 
575 -1.737098 
61 -1.737098 
576 -1.737098 
38 -1.737098 
593 -1.737098 
936 -1.737410 
935 -1.737410 
1552 -1.738788 
863 -1.741238 
1521 -1.750320 
1346 -1.751043 
1773 -1.751195 
1774 -1.751195 
1970 -1.760590 
1969 -1.760590 
2067 -1.770672 
1862 -1.772351 
1861 -1.772351 
1163 -1.786267 
2279 -1.786596 
1564 -1.791929 
1563 -1.791929 
2176 -1.798202 
377 -1.798202 
2175 -1.798202 
1627 -1.799404 
1628 -1.799404 
2290 -1.801252 
2289 -1.801252 
1332 -1.801252 
1348 -1.801252 
431 -1.801252 
1331 -1.801252 
870 -1.801256 
1056 -1.801256 
1059 -1.801256 
1055 -1.801256 
201 -1.801256 
295 -1.801256 
2093 -1.810254 
1899 -1.817444 
2272 -1.819552 
612 -1.824877 
611 -1.824877 
2115 -1.825193 
2116 -1.825193 
1727 -1.830000 
1728 -1.830000 
2018 -1.831225 
2017 -1.831225 
1785 -1.832537 
536 -1.838819 
28 -1.838819 
535 -1.838819 
97 -1.848620 
15 -1.848620 
13 -1.848620 
537 -1.848620 
505 -1.848620 
508 -1.848620 
1422 -1.851065 
1421 -1.851065 
655 -1.854719 
1295 -1.855713 
1600 -1.857014 
1601 -1.857014 
644 -1.857014 
1602 -1.857014 
87 -1.857014 
386 -1.859474 
1754 -1.865726 
1832 -1.865881 
1831 -1.865881 
2231 -1.866831 
944 -1.871713 
2230 -1.879223 
1940 -1.883193 
1939 -1.883193 
1268 -1.883729 
1269 -1.883729 
1112 -1.883729 
324 -1.883729 
1111 -1.883729 
1265 -1.883729 
862 -1.883804 
534 -1.888891 
29 -1.888891 
586 -1.888891 
585 -1.888891 
55 -1.888891 
557 -1.888891 
491 -1.892004 
1526 -1.896313 
567 -1.896313 
45 -1.896313 
708 -1.896313 
1666 -1.896313 
1525 -1.896313 
1532 -1.903596 
1531 -1.903596 
154 -1.905043 
930 -1.905043 
920 -1.905043 
929 -1.905043 
229 -1.905043 
776 -1.905043 
2012 -1.912081 
2011 -1.912081 
940 -1.926279 
1903 -1.926279 
235 -1.926279 
945 -1.926279 
1897 -1.926279 
1900 -1.926279 
709 -1.929421 
22 -1.929421 
710 -1.929421 
521 -1.929421 
705 -1.929421 
524 -1.929421 
2334 -1.933202 
2333 -1.933202 
1315 -1.935907 
1316 -1.935907 
1157 -1.939342 
604 -1.946971 
78 -1.946971 
66 -1.946971 
603 -1.946971 
628 -1.946971 
627 -1.946971 
111 -1.949738 
838 -1.949738 
841 -1.949738 
188 -1.949738 
686 -1.949738 
842 -1.949738 
1690 -1.951153 
1687 -1.951153 
1682 -1.951153 
128 -1.951153 
1556 -1.951250 
44 -1.951250 
1523 -1.951250 
566 -1.951250 
1524 -1.951250 
303 -1.955351 
1029 -1.957686 
1030 -1.957686 
2369 -1.958322 
2368 -1.958322 
468 -1.958322 
2365 -1.958322 
2007 -1.959692 
2008 -1.959692 
2288 -1.966023 
1020 -1.966852 
279 -1.966852 
1978 -1.966852 
1977 -1.966852 
1976 -1.966852 
248 -1.967478 
214 -1.967478 
141 -1.967478 
90 -1.967478 
647 -1.967478 
650 -1.967478 
496 -1.974520 
2331 -1.983817 
2332 -1.983817 
1691 -1.985652 
734 -1.985652 
733 -1.985652 
1528 -1.985652 
47 -1.985652 
570 -1.985652 
205 -1.987710 
876 -1.987710 
1838 -1.987710 
1834 -1.987710 
1833 -1.987710 
1034 -1.992699 
1038 -1.992699 
968 -1.992699 
1033 -1.992699 
249 -1.992699 
1037 -1.992699 
1907 -1.993927 
257 -1.995638 
256 -1.995638 
260 -1.995638 
977 -1.995638 
978 -1.995638 
339 -1.995638 
748 -2.000749 
1187 -2.002281 
1188 -2.002281 
631 -2.012709 
632 -2.012709 
1569 -2.012741 
33 -2.015779 
187 -2.015779 
658 -2.015779 
657 -2.015779 
833 -2.015779 
542 -2.015779 
837 -2.017581 
832 -2.017581 
184 -2.017581 
1790 -2.017581 
1796 -2.017581 
1795 -2.017581 
151 -2.024887 
756 -2.024887 
771 -2.024887 
772 -2.024887 
203 -2.024887 
146 -2.024887 
1857 -2.025008 
1858 -2.025008 
991 -2.025161 
1141 -2.025161 
264 -2.025161 
994 -2.025161 
353 -2.025161 
348 -2.025161 
1170 -2.027631 
1167 -2.027631 
1333 -2.027631 
1334 -2.027631 
352 -2.027631 
1347 -2.027631 
1437 -2.029237 
1438 -2.029237 
678 -2.030925 
646 -2.030925 
88 -2.030925 
643 -2.030925 
677 -2.030925 
89 -2.030925 
2060 -2.033176 
2059 -2.033176 
1267 -2.036621 
1639 -2.037544 
1640 -2.037544 
1643 -2.037544 
108 -2.037544 
682 -2.037544 
681 -2.037544 
2009 -2.048614 
2010 -2.048614 
1630 -2.058833 
1629 -2.058833 
2293 -2.063500 
2294 -2.063500 
1458 -2.064420 
1457 -2.064420 
509 -2.075141 
113 -2.075141 
17 -2.075141 
107 -2.075141 
510 -2.075141 
18 -2.075141 
1118 -2.092754 
123 -2.100758 
1671 -2.100758 
1672 -2.100758 
1448 -2.101545 
1447 -2.101545 
926 -2.106649 
225 -2.106649 
1580 -2.110292 
77 -2.110292 
622 -2.110292 
1770 -2.112531 
1769 -2.112531 
896 -2.118220 
895 -2.118220 
1991 -2.156293 
1992 -2.156293 
1772 -2.159740 
1771 -2.159740 
1527 -2.160763 
182 -2.168451 
831 -2.168451 
830 -2.168451 
1789 -2.168451 
827 -2.168451 
1786 -2.168451 
402 -2.179866 
1275 -2.179866 
1272 -2.179866 
401 -2.179866 
2232 -2.179866 
2229 -2.179866 
1320 -2.183916 
1319 -2.183916 
1329 -2.183916 
982 -2.183916 
258 -2.183916 
979 -2.183916 
1234 -2.194247 
834 -2.198749 
856 -2.198749 
855 -2.198749 
1794 -2.198749 
1791 -2.198749 
186 -2.198749 
1502 -2.198799 
1501 -2.198799 
2321 -2.202347 
530 -2.208948 
634 -2.208948 
26 -2.208948 
633 -2.208948 
27 -2.208948 
84 -2.208948 
1854 -2.225094 
1853 -2.225094 
764 -2.227281 
150 -2.227281 
763 -2.227281 
92 -2.227281 
670 -2.227281 
651 -2.227281 
1053 -2.228525 
293 -2.228525 
1054 -2.228525 
902 -2.233641 
384 -2.233641 
217 -2.233641 
1229 -2.233641 
1230 -2.233641 
1235 -2.233641 
1933 -2.258496 
183 -2.267985 
185 -2.267985 
176 -2.267985 
181 -2.267985 
175 -2.267985 
180 -2.267985 
571 -2.268499 
49 -2.268499 
572 -2.268499 
550 -2.268499 
80 -2.268499 
36 -2.268499 
2 -2.269220 
512 -2.269220 
511 -2.269220 
506 -2.269220 
483 -2.269220 
486 -2.269220 
2157 -2.278091 
2102 -2.286115 
2101 -2.286115 
989 -2.286606 
254 -2.286606 
990 -2.286606 
1948 -2.286606 
1947 -2.286606 
1934 -2.286606 
1613 -2.288441 
1614 -2.288441 
689 -2.288914 
2291 -2.298635 
432 -2.298635 
2292 -2.298635 
7 -2.301147 
642 -2.301147 
641 -2.301147 
532 -2.301147 
492 -2.301147 
531 -2.301147 
1593 -2.312016 
1594 -2.312016 
83 -2.312016 
635 -2.312016 
1872 -2.312618 
1965 -2.324297 
1101 -2.333607 
637 -2.335531 
638 -2.335531 
1595 -2.335531 
1596 -2.335531 
85 -2.335531 
660 -2.335531 
368 -2.336942 
2202 -2.336942 
2201 -2.336942 
1244 -2.336942 
2158 -2.336942 
1243 -2.336942 
433 -2.348573 
351 -2.348573 
439 -2.348573 
361 -2.348573 
330 -2.348573 
412 -2.348573 
0 -2.352323 
482 -2.352323 
236 -2.352323 
479 -2.352323 
640 -2.352323 
639 -2.352323 
70 -2.363594 
609 -2.363594 
1574 -2.363594 
616 -2.363594 
619 -2.363594 
2145 -2.380628 
525 -2.385777 
52 -2.385777 
528 -2.385777 
573 -2.385777 
24 -2.385777 
120 -2.385777 
501 -2.386995 
1232 -2.387146 
1233 -2.387146 
381 -2.387146 
1749 -2.401435 
1750 -2.401435 
1707 -2.407729 
1708 -2.407729 
481 -2.409974 
1685 -2.418548 
1686 -2.418548 
1811 -2.423901 
1812 -2.423901 
874 -2.438325 
871 -2.438325 
199 -2.438325 
866 -2.438325 
1823 -2.438325 
865 -2.438325 
727 -2.446971 
56 -2.446971 
730 -2.446971 
729 -2.446971 
1543 -2.446971 
728 -2.446971 
1460 -2.451356 
1459 -2.451356 
11 -2.451356 
2188 -2.464276 
1586 -2.476152 
1585 -2.476152 
5 -2.478287 
166 -2.478287 
939 -2.478287 
488 -2.478287 
795 -2.478287 
796 -2.478287 
569 -2.502020 
1645 -2.509310 
1646 -2.509310 
816 -2.525084 
815 -2.525084 
1793 -2.533626 
2273 -2.538358 
2274 -2.538358 
1958 -2.541187 
1955 -2.541187 
1956 -2.541187 
1957 -2.541187 
999 -2.541187 
267 -2.541187 
1870 -2.545540 
1868 -2.545540 
222 -2.545540 
1871 -2.545540 
1867 -2.545540 
167 -2.546485 
1753 -2.546485 
810 -2.546485 
809 -2.546485 
800 -2.546485 
799 -2.546485 
2164 -2.564004 
2163 -2.564004 
1076 -2.570567 
1075 -2.570567 
2033 -2.570567 
1071 -2.570567 
2026 -2.570567 
299 -2.570567 
2021 -2.597337 
1201 -2.597337 
1064 -2.597337 
298 -2.597337 
2029 -2.597337 
2024 -2.597337 
2372 -2.600680 
2371 -2.600680 
2194 -2.603528 
2193 -2.603528 
2366 -2.619428 
10 -2.635886 
194 -2.635886 
499 -2.635886 
502 -2.635886 
96 -2.635886 
503 -2.635886 
988 -2.639967 
987 -2.639967 
1813 -2.648368 
2109 -2.713981 
2110 -2.713981 
1372 -2.754988 
690 -2.760578 
1648 -2.760578 
699 -2.760578 
700 -2.760578 
1657 -2.760578 
112 -2.760578 
561 -2.778542 
250 -2.778542 
495 -2.778542 
8 -2.778542 
498 -2.778542 
42 -2.778542 
2128 -2.778742 
2127 -2.778742 
1464 -2.784015 
1463 -2.784015 
549 -2.788346 
2254 -2.815942 
2253 -2.815942 
1987 -2.834485 
1714 -2.846277 
1713 -2.846277 
1943 -2.848790 
1944 -2.848790 
2244 -2.852363 
2243 -2.852363 
1898 -2.873372 
312 -2.876480 
1092 -2.876480 
1085 -2.876480 
2043 -2.876480 
2044 -2.876480 
313 -2.876480 
1350 -2.939805 
1349 -2.939805 
967 -2.952018 
2160 -2.954236 
2159 -2.954236 
1414 -2.958965 
447 -2.984502 
1371 -2.984502 
1755 -2.990534 
797 -2.990534 
798 -2.990534 
1756 -2.990534 
86 -2.990534 
1598 -2.990534 
2347 -3.002697 
2348 -3.002697 
2307 -3.076081 
2308 -3.076081 
