3031 1
0 2.774238 
1 1.208241 
2 1.586840 
3 0.675872 
4 -0.409661 
5 0.808662 
6 -0.943783 
7 -0.742210 
8 0.523074 
9 -0.548540 
10 -0.504643 
11 2.223716 
12 1.170238 
13 1.647739 
14 1.430793 
15 2.680204 
16 1.256299 
17 2.298407 
18 -1.011028 
19 -1.110901 
20 -1.469919 
21 -1.798387 
22 -1.583022 
23 -1.899482 
24 -0.753427 
25 -2.521192 
26 -1.116092 
27 -0.930803 
28 -1.227691 
29 -0.741115 
30 -0.991060 
31 2.440033 
32 1.866720 
33 1.877200 
34 0.378594 
35 -0.198056 
36 -1.030980 
37 0.339938 
38 0.228387 
39 -0.197877 
40 -1.007576 
41 -0.943937 
42 0.839367 
43 -1.655369 
44 -1.234983 
45 -1.561932 
46 0.251866 
47 -1.661962 
48 -0.193356 
49 0.256820 
50 -1.052867 
51 -2.621469 
52 -1.592766 
53 -0.635524 
54 0.078202 
55 -0.432534 
56 -0.847432 
57 1.586037 
58 0.784846 
59 1.747607 
60 1.340074 
61 1.913985 
62 1.068995 
63 1.453234 
64 0.868905 
65 0.291155 
66 1.198709 
67 2.629071 
68 1.121105 
69 0.561812 
70 1.635729 
71 1.331241 
72 2.452991 
73 0.677932 
74 0.664644 
75 1.109465 
76 0.151912 
77 1.565285 
78 2.074321 
79 1.202436 
80 1.205802 
81 2.004329 
82 1.156470 
83 1.023705 
84 0.323729 
85 2.242185 
86 1.542326 
87 1.072746 
88 1.433627 
89 1.266111 
90 1.628583 
91 1.411297 
92 1.528548 
93 1.348061 
94 1.524139 
95 1.450572 
96 1.250127 
97 1.432855 
98 1.471080 
99 1.633094 
100 1.195189 
101 1.396786 
102 1.447770 
103 1.353467 
104 1.016449 
105 1.868651 
106 1.446457 
107 1.216236 
108 1.566925 
109 1.533659 
110 1.347347 
111 1.407065 
112 1.654718 
113 1.538495 
114 1.194316 
115 1.392075 
116 1.625728 
117 1.156407 
118 0.388678 
119 2.076891 
120 1.654997 
121 1.756731 
122 0.976344 
123 1.313247 
124 0.371374 
125 2.020536 
126 2.051975 
127 0.747602 
128 0.931985 
129 1.773617 
130 1.502985 
131 1.325473 
132 1.303538 
133 2.204905 
134 0.443763 
135 1.234354 
136 0.399729 
137 2.606950 
138 0.915774 
139 0.901366 
140 2.205338 
141 1.397009 
142 1.164823 
143 0.503563 
144 1.884571 
145 1.296207 
146 1.031155 
147 0.904426 
148 1.468949 
149 0.378846 
150 0.929732 
151 0.913776 
152 0.345996 
153 1.070078 
154 2.740123 
155 0.253342 
156 2.095015 
157 0.385965 
158 1.423582 
159 1.163105 
160 0.582677 
161 1.062445 
162 1.845923 
163 0.949921 
164 -0.036373 
165 0.995234 
166 -2.861178 
167 -1.840857 
168 -0.884636 
169 1.654077 
170 2.135115 
171 -1.306757 
172 -1.729262 
173 0.591330 
174 1.811640 
175 1.950428 
176 -1.665897 
177 2.064982 
178 2.183247 
179 1.255219 
180 1.430717 
181 -0.361389 
182 -2.565782 
183 1.616692 
184 -2.828265 
185 -2.236797 
186 1.699209 
187 2.025525 
188 -2.532745 
189 -1.528976 
190 1.448815 
191 2.244046 
192 1.732285 
193 1.575120 
194 0.385327 
195 1.454708 
196 0.852439 
197 1.763806 
198 1.887140 
199 -0.723193 
200 1.770370 
201 -1.783834 
202 -1.488483 
203 1.419606 
204 -1.963430 
205 -1.849818 
206 1.637057 
207 1.396760 
208 -2.606409 
209 -1.488866 
210 -0.052037 
211 0.844507 
212 1.389313 
213 1.544428 
214 1.502681 
215 1.378939 
216 2.208453 
217 1.205430 
218 1.207942 
219 0.832568 
220 1.480036 
221 1.424689 
222 1.490383 
223 1.342084 
224 1.445261 
225 1.491385 
226 1.524415 
227 1.425989 
228 2.899590 
229 0.318796 
230 0.360639 
231 0.871500 
232 0.232605 
233 0.177047 
234 2.606245 
235 1.506301 
236 1.051420 
237 1.270879 
238 1.717107 
239 1.312056 
240 1.398550 
241 1.782153 
242 1.474348 
243 1.118026 
244 1.879108 
245 0.948649 
246 1.766446 
247 -0.790532 
248 1.842772 
249 1.683193 
250 0.882520 
251 1.001729 
252 1.778880 
253 2.186037 
254 0.605650 
255 0.558400 
256 1.597501 
257 1.518936 
258 1.813152 
259 -0.617461 
260 -0.477915 
261 2.950229 
262 -0.297170 
263 0.443543 
264 2.056549 
265 0.246342 
266 0.058017 
267 1.968247 
268 -2.206934 
269 0.635672 
270 1.534387 
271 1.265732 
272 1.285986 
273 1.700356 
274 1.371374 
275 1.273764 
276 -0.042566 
277 0.465034 
278 2.656762 
279 0.767573 
280 -0.069277 
281 1.120249 
282 2.686411 
283 0.021393 
284 1.384206 
285 1.172153 
286 1.525983 
287 1.232544 
288 1.953390 
289 1.422474 
290 0.781287 
291 0.906124 
292 1.428780 
293 1.416513 
294 1.712842 
295 1.508311 
296 1.123100 
297 1.074880 
298 1.178504 
299 1.165648 
300 1.606698 
301 0.893530 
302 1.244635 
303 1.187277 
304 0.747067 
305 1.485332 
306 1.317908 
307 1.560217 
308 1.534495 
309 1.238432 
310 1.288360 
311 1.254013 
312 1.604516 
313 1.251627 
314 0.982588 
315 -1.790503 
316 -1.140592 
317 1.791434 
318 1.009050 
319 1.636053 
320 1.455041 
321 0.864769 
322 1.875745 
323 0.953953 
324 1.321206 
325 1.312012 
326 1.223534 
327 1.226957 
328 1.395576 
329 1.668161 
330 1.083943 
331 1.409038 
332 1.408291 
333 1.340876 
334 1.411621 
335 1.343597 
336 1.237876 
337 1.373206 
338 1.445721 
339 1.480309 
340 1.357621 
341 1.329142 
342 1.571056 
343 1.509546 
344 0.970303 
345 0.843850 
346 1.899386 
347 1.710857 
348 1.277257 
349 1.432545 
350 1.431931 
351 1.364349 
352 1.305902 
353 1.496156 
354 1.412158 
355 1.243241 
356 1.481294 
357 1.600954 
358 1.310483 
359 1.087848 
360 1.787115 
361 1.268704 
362 1.398712 
363 0.953913 
364 0.896797 
365 0.645977 
366 1.798626 
367 1.894972 
368 1.017739 
369 1.083006 
370 1.725000 
371 1.599455 
372 1.338821 
373 1.389788 
374 1.896714 
375 0.721438 
376 1.055707 
377 0.870822 
378 2.343637 
379 1.041715 
380 1.114915 
381 1.954253 
382 1.273200 
383 1.157417 
384 0.626692 
385 1.892056 
386 1.329853 
387 1.117560 
388 1.400672 
389 1.420368 
390 1.018138 
391 1.825778 
392 1.630909 
393 1.012077 
394 0.728948 
395 2.018375 
396 1.870607 
397 1.148784 
398 1.462299 
399 0.893540 
400 1.789873 
401 1.111181 
402 1.086188 
403 1.018455 
404 1.763222 
405 2.176591 
406 0.452609 
407 0.409266 
408 0.608754 
409 0.657445 
410 0.609124 
411 2.520636 
412 0.877765 
413 1.525022 
414 1.267322 
415 1.518308 
416 1.279246 
417 1.277207 
418 0.970160 
419 1.649961 
420 0.566542 
421 0.664678 
422 1.727957 
423 1.634154 
424 0.675806 
425 0.390923 
426 0.430859 
427 0.416048 
428 0.302982 
429 0.305996 
430 -0.583678 
431 -0.788697 
432 -0.747868 
433 -0.793122 
434 -0.801883 
435 -0.852991 
436 -0.489960 
437 -0.000547 
438 2.222711 
439 1.770023 
440 1.458384 
441 1.298151 
442 1.293212 
443 1.312689 
444 1.165102 
445 1.615714 
446 1.377314 
447 1.410012 
448 1.516512 
449 1.508031 
450 1.331423 
451 1.314154 
452 1.048946 
453 1.320720 
454 1.737396 
455 1.075071 
456 1.144990 
457 -2.201730 
458 -2.323197 
459 -2.219484 
460 -2.293932 
461 -2.224794 
462 -2.291021 
463 -1.618673 
464 -1.834962 
465 -1.677958 
466 -1.703034 
467 -1.648511 
468 -1.987972 
469 -1.924431 
470 -1.919542 
471 -1.933002 
472 -1.828242 
473 -1.636093 
474 -1.816983 
475 -1.694328 
476 -1.785883 
477 -1.835274 
478 -1.834530 
479 -1.811194 
480 -1.691927 
481 -1.662882 
482 -1.641982 
483 -1.625906 
484 -1.886865 
485 -1.900485 
486 -1.948906 
487 -1.909409 
488 -1.689554 
489 -1.672624 
490 -1.794547 
491 -1.822540 
492 -1.950275 
493 -1.795011 
494 -1.744334 
495 -1.766636 
496 -1.989799 
497 -1.966925 
498 -1.986292 
499 -2.026597 
500 -1.903396 
501 -1.669114 
502 -1.377516 
503 -1.269096 
504 -1.654422 
505 -1.525783 
506 -1.450554 
507 -1.227940 
508 -0.612198 
509 -2.434380 
510 1.238357 
511 1.144043 
512 1.054520 
513 1.161678 
514 1.121705 
515 -1.755761 
516 -1.905460 
517 -1.913562 
518 -1.802795 
519 -1.804009 
520 -1.791409 
521 -1.895196 
522 -2.091902 
523 -2.182157 
524 -1.922469 
525 -1.842556 
526 -1.778871 
527 -1.711586 
528 -1.604754 
529 -1.654415 
530 -1.781943 
531 -1.764270 
532 -1.581045 
533 -1.585217 
534 -1.992182 
535 -2.051368 
536 -2.058427 
537 -1.967099 
538 -1.498907 
539 -1.503929 
540 -1.716529 
541 -1.756490 
542 -1.827435 
543 -1.940722 
544 -1.884441 
545 -1.981957 
546 -1.268538 
547 -1.390977 
548 -0.895326 
549 -2.926438 
550 1.374054 
551 -0.722302 
552 -0.994618 
553 -0.992248 
554 -0.926294 
555 -0.723326 
556 -0.717267 
557 0.848374 
558 0.704884 
559 0.792834 
560 0.583258 
561 0.324115 
562 -1.523556 
563 -1.867728 
564 -1.792325 
565 -1.727632 
566 -1.377265 
567 -1.364239 
568 -1.027001 
569 -0.691176 
570 1.458272 
571 1.801413 
572 1.412098 
573 1.309543 
574 1.327065 
575 1.371113 
576 1.448514 
577 1.534237 
578 1.053908 
579 0.982247 
580 1.087123 
581 0.870544 
582 -0.517739 
583 -1.014643 
584 -1.054460 
585 -1.105475 
586 -1.909147 
587 -2.116231 
588 -1.794857 
589 -1.914243 
590 -1.578724 
591 -1.514630 
592 -1.641030 
593 -1.659649 
594 -0.087195 
595 0.114116 
596 0.507558 
597 0.629289 
598 0.874608 
599 0.819028 
600 0.580547 
601 -0.833741 
602 2.276068 
603 1.965182 
604 1.403831 
605 1.396741 
606 1.427846 
607 1.408632 
608 1.545917 
609 1.402506 
610 1.351544 
611 1.324244 
612 2.001069 
613 0.397548 
614 0.167150 
615 0.656324 
616 0.133284 
617 1.692890 
618 1.772165 
619 1.686568 
620 1.481269 
621 1.453647 
622 1.419794 
623 1.368334 
624 1.665407 
625 1.277142 
626 1.282548 
627 1.328071 
628 1.419404 
629 1.477135 
630 1.300764 
631 1.398781 
632 0.920361 
633 0.996387 
634 1.255417 
635 2.295345 
636 1.450791 
637 1.453458 
638 1.392629 
639 1.426311 
640 1.649713 
641 1.623851 
642 0.943354 
643 0.890254 
644 1.062572 
645 1.022416 
646 1.599807 
647 1.445854 
648 1.340309 
649 1.332336 
650 1.241676 
651 1.351112 
652 1.580728 
653 1.608977 
654 0.971722 
655 0.944015 
656 0.995286 
657 1.169915 
658 1.439835 
659 1.538300 
660 1.194415 
661 1.090720 
662 1.422690 
663 1.478345 
664 1.491609 
665 1.472281 
666 1.133744 
667 1.077252 
668 1.239337 
669 1.158956 
670 1.372813 
671 1.305089 
672 1.089801 
673 0.987141 
674 1.523254 
675 1.564591 
676 1.709426 
677 1.813127 
678 0.763593 
679 0.596308 
680 0.701319 
681 0.739290 
682 1.698023 
683 1.717531 
684 1.335251 
685 2.695545 
686 0.867505 
687 -1.307554 
688 -1.503484 
689 -1.767057 
690 -1.550433 
691 -1.600075 
692 -1.497861 
693 -1.537996 
694 -1.750480 
695 -1.644183 
696 -1.657051 
697 -1.807259 
698 -1.809519 
699 -1.913902 
700 -1.853142 
701 -1.874689 
702 -1.841091 
703 -2.054975 
704 -1.977327 
705 -2.112853 
706 -1.363647 
707 -1.208292 
708 -0.990344 
709 -1.236394 
710 -0.952431 
711 -2.439126 
712 1.313245 
713 1.342357 
714 1.182367 
715 1.113773 
716 1.865616 
717 1.820234 
718 -0.841666 
719 -1.076168 
720 -1.664196 
721 -1.563806 
722 -1.742869 
723 -1.580901 
724 -1.443165 
725 -1.933952 
726 -2.068818 
727 -1.675567 
728 -1.832908 
729 -1.667659 
730 -1.597997 
731 -1.669112 
732 -1.511686 
733 -2.139892 
734 -1.987319 
735 -1.851246 
736 -2.152490 
737 -1.674512 
738 -1.614206 
739 -1.766294 
740 -2.377081 
741 -1.078970 
742 -1.068897 
743 -0.877517 
744 -1.992320 
745 1.316447 
746 1.210866 
747 1.305201 
748 1.205250 
749 1.179369 
750 1.194772 
751 2.051598 
752 1.403797 
753 1.526607 
754 0.555045 
755 1.708692 
756 1.571842 
757 1.372407 
758 1.303315 
759 1.294803 
760 1.640876 
761 1.768454 
762 0.988765 
763 1.025248 
764 1.418645 
765 1.526217 
766 1.155394 
767 1.288068 
768 1.374197 
769 1.374524 
770 1.297770 
771 1.265953 
772 1.358887 
773 1.291367 
774 1.099057 
775 1.170831 
776 1.159156 
777 1.267786 
778 1.368075 
779 1.418363 
780 1.619599 
781 1.400429 
782 1.223101 
783 1.094495 
784 1.386639 
785 1.281856 
786 1.294674 
787 1.292570 
788 1.308081 
789 1.346681 
790 1.303712 
791 1.311983 
792 1.243040 
793 1.281217 
794 1.387460 
795 1.227056 
796 1.299502 
797 1.280156 
798 1.372824 
799 1.397759 
800 1.530415 
801 1.487609 
802 1.073889 
803 1.189252 
804 1.460104 
805 1.409279 
806 1.261794 
807 1.142271 
808 0.964516 
809 1.001764 
810 1.021261 
811 2.596316 
812 1.839907 
813 1.453798 
814 1.227737 
815 1.216890 
816 1.419355 
817 1.401801 
818 1.271448 
819 1.246286 
820 1.574929 
821 1.396590 
822 1.306929 
823 0.927686 
824 1.627395 
825 1.252802 
826 1.139153 
827 0.756563 
828 0.675937 
829 0.838729 
830 1.043809 
831 1.988221 
832 1.435934 
833 1.420009 
834 1.407649 
835 1.140616 
836 1.198627 
837 1.254624 
838 1.289862 
839 1.721139 
840 1.205297 
841 1.354538 
842 1.308921 
843 1.610236 
844 1.518435 
845 1.615264 
846 1.413677 
847 0.814188 
848 1.071052 
849 1.073437 
850 1.167262 
851 2.103438 
852 1.288519 
853 1.305628 
854 1.349462 
855 1.493470 
856 1.412480 
857 1.373420 
858 1.433905 
859 1.244921 
860 1.177796 
861 1.118283 
862 2.172959 
863 1.035254 
864 1.012100 
865 1.198597 
866 1.022217 
867 1.253968 
868 1.122543 
869 1.073149 
870 1.174060 
871 1.155091 
872 -1.312833 
873 -1.602680 
874 -1.593024 
875 -1.523106 
876 -1.493429 
877 -1.273956 
878 -1.579254 
879 -1.830902 
880 -1.538326 
881 -1.659209 
882 -1.595635 
883 -1.823774 
884 -1.966854 
885 -1.836961 
886 -1.668763 
887 -0.887296 
888 -1.343263 
889 -1.005948 
890 -0.992775 
891 -1.679220 
892 -1.475657 
893 -1.581495 
894 -1.406572 
895 -1.481902 
896 -1.257149 
897 -1.761245 
898 -1.784138 
899 -1.868722 
900 -1.667351 
901 -1.796631 
902 -1.827309 
903 -1.970473 
904 -2.047512 
905 -1.442327 
906 -1.540408 
907 -1.340541 
908 -1.763031 
909 -1.342150 
910 -1.378580 
911 -1.128213 
912 -1.225021 
913 -0.058121 
914 -0.002848 
915 -0.110318 
916 -0.094946 
917 -0.945615 
918 -0.921919 
919 -1.143333 
920 -1.072332 
921 -1.430986 
922 -1.304217 
923 -1.601768 
924 -1.555103 
925 -1.644081 
926 -1.621360 
927 -1.033969 
928 -0.769491 
929 -0.721295 
930 -2.875566 
931 1.710468 
932 0.506087 
933 1.944929 
934 1.537545 
935 1.463516 
936 1.508313 
937 1.553333 
938 1.435209 
939 1.013321 
940 1.372761 
941 1.341493 
942 1.220532 
943 1.383973 
944 1.764995 
945 1.145457 
946 1.146100 
947 1.220177 
948 0.837123 
949 1.413515 
950 1.481586 
951 1.552410 
952 1.565919 
953 1.197504 
954 1.306962 
955 1.287544 
956 1.260524 
957 1.356662 
958 1.348334 
959 1.369660 
960 1.570554 
961 1.334149 
962 1.290827 
963 1.312470 
964 1.264579 
965 1.328693 
966 1.384886 
967 1.537298 
968 1.423383 
969 1.335477 
970 1.350977 
971 1.409498 
972 1.227980 
973 1.352229 
974 1.263073 
975 1.605186 
976 1.568757 
977 1.474169 
978 1.473884 
979 0.973259 
980 1.291878 
981 1.377688 
982 1.396926 
983 1.392972 
984 1.705183 
985 1.613860 
986 1.443586 
987 1.432595 
988 1.635737 
989 1.528361 
990 1.548063 
991 0.768248 
992 1.346965 
993 1.351016 
994 1.328764 
995 1.363672 
996 1.399143 
997 1.436671 
998 1.372050 
999 1.231418 
1000 1.287079 
1001 1.240552 
1002 1.397842 
1003 1.361462 
1004 1.366648 
1005 1.278738 
1006 1.460524 
1007 1.363786 
1008 1.328681 
1009 1.221981 
1010 1.329550 
1011 1.441557 
1012 1.232588 
1013 1.299358 
1014 1.391504 
1015 1.397018 
1016 1.343275 
1017 1.379620 
1018 1.294030 
1019 1.339193 
1020 1.434461 
1021 1.331911 
1022 1.318629 
1023 1.368388 
1024 1.388508 
1025 1.303057 
1026 1.342891 
1027 1.196895 
1028 1.243255 
1029 1.182880 
1030 1.309623 
1031 1.400522 
1032 1.415720 
1033 1.428020 
1034 1.136686 
1035 1.198322 
1036 0.822478 
1037 2.658203 
1038 1.492655 
1039 1.044827 
1040 1.347630 
1041 1.436006 
1042 1.355327 
1043 1.358268 
1044 1.117008 
1045 1.078972 
1046 1.085196 
1047 1.953767 
1048 2.716972 
1049 0.756457 
1050 0.595965 
1051 0.283834 
1052 0.470300 
1053 0.346940 
1054 0.362526 
1055 0.162092 
1056 0.139621 
1057 0.156866 
1058 0.274981 
1059 0.180393 
1060 0.168996 
1061 -0.214504 
1062 -0.236067 
1063 0.254117 
1064 -0.004257 
1065 1.497641 
1066 1.638177 
1067 1.771007 
1068 2.136826 
1069 1.018602 
1070 0.786117 
1071 0.805687 
1072 0.458146 
1073 1.416013 
1074 1.477401 
1075 1.756043 
1076 1.115956 
1077 1.506615 
1078 1.499320 
1079 1.260745 
1080 1.721079 
1081 1.241166 
1082 1.225224 
1083 1.127266 
1084 0.944811 
1085 1.507622 
1086 1.472914 
1087 1.490876 
1088 2.208130 
1089 0.580850 
1090 1.859985 
1091 0.933895 
1092 1.256359 
1093 1.212032 
1094 1.201596 
1095 1.166732 
1096 0.908171 
1097 1.466869 
1098 1.528640 
1099 1.466191 
1100 1.702942 
1101 1.471141 
1102 1.377726 
1103 0.594528 
1104 0.937242 
1105 0.597387 
1106 0.617683 
1107 -0.768137 
1108 -0.832667 
1109 -0.593954 
1110 -0.496138 
1111 1.362169 
1112 1.166669 
1113 1.244549 
1114 1.313835 
1115 1.526704 
1116 1.413083 
1117 1.341822 
1118 1.424702 
1119 1.148394 
1120 1.279970 
1121 1.318078 
1122 1.159667 
1123 1.461827 
1124 1.176440 
1125 1.190357 
1126 1.233947 
1127 1.888125 
1128 1.569042 
1129 1.357133 
1130 1.440362 
1131 1.165774 
1132 1.427819 
1133 1.437203 
1134 1.247890 
1135 1.416825 
1136 2.203306 
1137 -0.423482 
1138 -0.537294 
1139 -0.495813 
1140 -0.343946 
1141 -0.450981 
1142 -0.357582 
1143 -0.203693 
1144 0.947516 
1145 1.065182 
1146 1.236553 
1147 1.250351 
1148 1.306701 
1149 1.045397 
1150 -0.925654 
1151 -0.998887 
1152 -1.441757 
1153 -1.282164 
1154 -0.551434 
1155 -0.433132 
1156 -0.054316 
1157 0.315163 
1158 1.503608 
1159 1.590006 
1160 1.496991 
1161 1.543428 
1162 0.140105 
1163 0.064991 
1164 -0.407263 
1165 -0.531935 
1166 -0.886519 
1167 -0.935553 
1168 -0.893085 
1169 -0.946121 
1170 -1.195387 
1171 -1.189701 
1172 -1.166400 
1173 -1.024099 
1174 -0.287174 
1175 -0.162696 
1176 -0.148042 
1177 -0.202503 
1178 -1.673144 
1179 -1.448635 
1180 -1.730093 
1181 -1.763067 
1182 -1.331628 
1183 -1.187395 
1184 -1.029487 
1185 -0.893271 
1186 -0.821061 
1187 -0.329032 
1188 -2.269551 
1189 -2.253808 
1190 -2.084653 
1191 -2.208292 
1192 -2.109767 
1193 -2.120142 
1194 -1.896098 
1195 -1.855322 
1196 -2.048519 
1197 -2.110021 
1198 -1.865783 
1199 -1.791508 
1200 -1.985088 
1201 -1.962754 
1202 -1.860235 
1203 -1.955093 
1204 -1.743694 
1205 -1.809305 
1206 -1.850385 
1207 -1.735411 
1208 -1.983691 
1209 -1.896513 
1210 -1.898506 
1211 -1.843546 
1212 -1.471449 
1213 -1.636871 
1214 -1.642273 
1215 -1.712672 
1216 -1.716852 
1217 -1.763700 
1218 -1.793199 
1219 -1.835273 
1220 -1.844087 
1221 -1.971292 
1222 -1.863791 
1223 -1.929142 
1224 -2.316482 
1225 -2.366048 
1226 -1.310958 
1227 -1.340161 
1228 -1.488389 
1229 -1.291615 
1230 -1.643912 
1231 -1.392950 
1232 -1.453654 
1233 -1.595526 
1234 -1.586416 
1235 -1.305536 
1236 -0.906389 
1237 -0.953915 
1238 -0.709065 
1239 -3.353903 
1240 1.459967 
1241 1.492671 
1242 1.636196 
1243 1.389030 
1244 1.406350 
1245 1.362988 
1246 1.405003 
1247 1.513485 
1248 1.239736 
1249 1.308932 
1250 1.353499 
1251 1.366727 
1252 1.260965 
1253 1.313180 
1254 1.356040 
1255 1.326796 
1256 1.278358 
1257 1.228901 
1258 1.369860 
1259 1.372227 
1260 1.281646 
1261 1.335757 
1262 1.390255 
1263 1.273109 
1264 1.323899 
1265 1.264896 
1266 1.306508 
1267 1.298599 
1268 1.336192 
1269 1.373252 
1270 1.315367 
1271 1.257462 
1272 1.292078 
1273 1.316498 
1274 1.339657 
1275 1.294797 
1276 1.381057 
1277 1.385682 
1278 1.229524 
1279 1.264768 
1280 1.216939 
1281 1.158257 
1282 1.385166 
1283 1.417108 
1284 1.268628 
1285 1.339208 
1286 1.266476 
1287 1.213067 
1288 1.235648 
1289 1.223176 
1290 1.149541 
1291 2.818863 
1292 1.775275 
1293 1.745352 
1294 1.186679 
1295 1.136515 
1296 1.516707 
1297 1.595060 
1298 1.008352 
1299 1.019523 
1300 1.282475 
1301 1.242826 
1302 1.278656 
1303 1.279926 
1304 1.207499 
1305 1.355536 
1306 1.348649 
1307 1.248759 
1308 1.238007 
1309 1.324626 
1310 1.307075 
1311 1.358096 
1312 1.262091 
1313 1.239611 
1314 1.298078 
1315 1.377128 
1316 1.359018 
1317 1.287722 
1318 1.336420 
1319 1.174889 
1320 1.231192 
1321 1.236962 
1322 1.371715 
1323 1.363900 
1324 1.277275 
1325 1.327426 
1326 1.343051 
1327 1.222726 
1328 1.337106 
1329 1.297286 
1330 1.265549 
1331 1.250139 
1332 1.283789 
1333 1.295591 
1334 1.317723 
1335 1.250655 
1336 1.337099 
1337 1.397027 
1338 1.164179 
1339 1.352811 
1340 1.206504 
1341 1.263862 
1342 1.462937 
1343 1.293477 
1344 0.967259 
1345 0.973837 
1346 2.586385 
1347 -1.971219 
1348 -2.849428 
1349 -2.737197 
1350 -2.782320 
1351 -2.685020 
1352 -2.625641 
1353 -1.548879 
1354 -1.535830 
1355 -1.664327 
1356 -1.750421 
1357 -1.752701 
1358 -1.906773 
1359 -1.961581 
1360 -2.263816 
1361 -2.177851 
1362 -1.267695 
1363 -1.219101 
1364 -1.584769 
1365 -1.479798 
1366 -0.806311 
1367 -0.714758 
1368 -0.606962 
1369 -0.756289 
1370 -1.978383 
1371 -2.050021 
1372 -1.789126 
1373 -1.791597 
1374 -1.926685 
1375 -1.920298 
1376 -1.714993 
1377 -1.807099 
1378 -1.812572 
1379 -1.939284 
1380 -1.816946 
1381 -1.908659 
1382 -1.629151 
1383 -1.541067 
1384 -1.723904 
1385 -1.741389 
1386 -1.918975 
1387 -1.950130 
1388 -1.750996 
1389 -1.784608 
1390 -1.722023 
1391 -1.790471 
1392 -2.139588 
1393 -1.988684 
1394 -1.329478 
1395 -1.311542 
1396 -1.191468 
1397 -2.903558 
1398 -2.067445 
1399 -2.181993 
1400 -2.100649 
1401 -2.084069 
1402 -2.107269 
1403 -2.130780 
1404 -1.619094 
1405 -1.723229 
1406 -1.861768 
1407 -1.667431 
1408 -1.633047 
1409 -1.500889 
1410 -1.845322 
1411 -1.829026 
1412 -1.691448 
1413 -1.751689 
1414 -1.992273 
1415 -2.094589 
1416 -2.040592 
1417 -1.967885 
1418 -1.718446 
1419 -1.762409 
1420 -1.714431 
1421 -1.792779 
1422 -1.663250 
1423 -1.517491 
1424 -1.949660 
1425 -1.777156 
1426 -1.303781 
1427 -1.225295 
1428 -1.309627 
1429 -1.444281 
1430 -2.095314 
1431 -2.101012 
1432 -1.816302 
1433 -1.863499 
1434 -1.830162 
1435 -1.910544 
1436 -2.058321 
1437 -2.044382 
1438 -0.600743 
1439 -0.293094 
1440 -0.337150 
1441 -0.242469 
1442 -0.254638 
1443 -0.406003 
1444 -0.440881 
1445 -0.516933 
1446 -0.803920 
1447 -0.967503 
1448 -0.527412 
1449 -0.605962 
1450 -0.423910 
1451 -3.166402 
1452 1.904740 
1453 1.416598 
1454 1.218411 
1455 1.168978 
1456 1.371207 
1457 1.311148 
1458 1.346656 
1459 1.359655 
1460 1.505518 
1461 1.326943 
1462 1.222931 
1463 1.173319 
1464 1.228602 
1465 1.236663 
1466 1.322190 
1467 1.285239 
1468 1.260415 
1469 1.235685 
1470 1.250123 
1471 1.377356 
1472 1.435992 
1473 1.343463 
1474 1.319180 
1475 1.390973 
1476 1.416366 
1477 1.314210 
1478 1.348678 
1479 1.374485 
1480 1.377784 
1481 1.427407 
1482 1.330381 
1483 1.258316 
1484 1.354939 
1485 1.437628 
1486 1.311583 
1487 1.293190 
1488 1.288924 
1489 1.369360 
1490 1.403519 
1491 1.297220 
1492 1.267685 
1493 1.382220 
1494 1.457836 
1495 1.278944 
1496 1.291980 
1497 1.330365 
1498 1.419980 
1499 1.366470 
1500 1.078739 
1501 0.965976 
1502 1.217190 
1503 2.367036 
1504 0.911130 
1505 1.725363 
1506 1.587256 
1507 1.453020 
1508 1.327453 
1509 1.608011 
1510 1.491575 
1511 0.823232 
1512 1.069211 
1513 1.182208 
1514 1.198089 
1515 1.786087 
1516 1.635856 
1517 1.504117 
1518 1.441066 
1519 0.644231 
1520 0.918373 
1521 0.982396 
1522 1.046985 
1523 2.113567 
1524 1.439071 
1525 1.294341 
1526 1.388338 
1527 1.200252 
1528 1.423496 
1529 1.456378 
1530 1.467764 
1531 0.928350 
1532 1.134005 
1533 1.284767 
1534 1.248174 
1535 1.567614 
1536 1.411136 
1537 1.278975 
1538 1.407462 
1539 1.093200 
1540 1.455102 
1541 1.457360 
1542 1.250661 
1543 0.803987 
1544 0.820274 
1545 0.924220 
1546 1.067366 
1547 2.054477 
1548 1.482584 
1549 1.254894 
1550 1.386929 
1551 1.018814 
1552 1.300963 
1553 1.220186 
1554 1.245806 
1555 1.263999 
1556 1.452712 
1557 1.163627 
1558 1.150687 
1559 1.280317 
1560 1.023402 
1561 1.447617 
1562 1.382666 
1563 1.341858 
1564 2.066843 
1565 0.771088 
1566 0.736498 
1567 1.086583 
1568 1.004707 
1569 1.179981 
1570 1.235469 
1571 1.385657 
1572 0.543437 
1573 0.502157 
1574 3.262964 
1575 -2.222190 
1576 -2.490311 
1577 -2.531342 
1578 -2.524270 
1579 -2.562579 
1580 -2.692922 
1581 -1.154055 
1582 -1.155502 
1583 -0.522613 
1584 -0.710099 
1585 -0.915976 
1586 -0.915660 
1587 -2.615212 
1588 -2.030499 
1589 -2.026730 
1590 -1.991328 
1591 -1.827801 
1592 -1.861701 
1593 -1.844552 
1594 -1.788231 
1595 -0.827237 
1596 -1.308017 
1597 -1.038667 
1598 -1.133288 
1599 -2.095885 
1600 -1.708848 
1601 -1.500875 
1602 -1.510349 
1603 -1.626071 
1604 -1.625443 
1605 -1.754206 
1606 -1.661016 
1607 -0.901994 
1608 -0.982762 
1609 -1.072658 
1610 -0.941916 
1611 -2.447657 
1612 -1.785994 
1613 -1.883545 
1614 -1.911051 
1615 -1.701406 
1616 -1.839322 
1617 -1.570827 
1618 -1.554799 
1619 -0.834169 
1620 -1.039456 
1621 -1.138621 
1622 -1.290834 
1623 -2.204573 
1624 -1.645518 
1625 -1.889155 
1626 -1.776875 
1627 -1.831147 
1628 -1.876613 
1629 -1.891598 
1630 -2.573992 
1631 -1.176047 
1632 -1.542756 
1633 -1.556811 
1634 -1.682975 
1635 -1.654010 
1636 -1.747036 
1637 0.062795 
1638 -1.314160 
1639 -1.512687 
1640 -1.446650 
1641 -1.484047 
1642 -1.491250 
1643 -1.369510 
1644 0.236747 
1645 0.427863 
1646 0.533933 
1647 0.362514 
1648 -1.042485 
1649 -1.057662 
1650 -1.571059 
1651 -1.571475 
1652 -1.602291 
1653 -1.655697 
1654 -1.543783 
1655 -1.476061 
1656 0.205049 
1657 0.281309 
1658 0.377080 
1659 -0.029648 
1660 -0.861350 
1661 -0.666566 
1662 -0.883626 
1663 -0.909092 
1664 -0.112739 
1665 -0.078525 
1666 -0.300147 
1667 -0.431329 
1668 -1.106165 
1669 -1.202590 
1670 -1.123039 
1671 -1.309840 
1672 -1.796711 
1673 -1.847791 
1674 -1.792170 
1675 -1.642248 
1676 -0.767315 
1677 -0.306654 
1678 0.003119 
1679 0.159046 
1680 0.075737 
1681 -2.336494 
1682 1.983255 
1683 1.744789 
1684 1.426874 
1685 1.345881 
1686 1.341240 
1687 1.293172 
1688 1.392377 
1689 1.323473 
1690 1.432277 
1691 1.254551 
1692 1.496741 
1693 1.303456 
1694 1.337340 
1695 1.292046 
1696 1.465094 
1697 1.319327 
1698 1.310478 
1699 1.297089 
1700 1.212716 
1701 1.356266 
1702 1.425680 
1703 1.411886 
1704 1.517296 
1705 1.298040 
1706 1.334320 
1707 1.286854 
1708 1.385794 
1709 1.357723 
1710 1.394237 
1711 1.309448 
1712 1.644661 
1713 1.226660 
1714 1.288080 
1715 1.116091 
1716 1.061553 
1717 1.258506 
1718 1.298278 
1719 1.691077 
1720 1.368483 
1721 1.610552 
1722 1.583400 
1723 0.808618 
1724 1.405545 
1725 1.089206 
1726 1.113096 
1727 0.601536 
1728 0.869764 
1729 0.921634 
1730 1.021408 
1731 0.914947 
1732 1.678516 
1733 1.546840 
1734 1.517037 
1735 1.411720 
1736 1.393042 
1737 1.368083 
1738 1.295391 
1739 1.709242 
1740 2.059847 
1741 1.188149 
1742 1.253264 
1743 0.957690 
1744 1.582684 
1745 1.304763 
1746 1.254780 
1747 1.218052 
1748 1.243236 
1749 1.427072 
1750 1.432364 
1751 1.303033 
1752 1.368248 
1753 1.394450 
1754 1.311124 
1755 1.302826 
1756 1.357647 
1757 1.367891 
1758 1.421593 
1759 1.245332 
1760 1.492239 
1761 1.300703 
1762 1.267846 
1763 1.354057 
1764 1.099642 
1765 1.414315 
1766 1.421957 
1767 1.429672 
1768 1.612183 
1769 1.282242 
1770 1.198623 
1771 1.339947 
1772 1.279439 
1773 1.393988 
1774 1.326593 
1775 1.320784 
1776 1.049244 
1777 1.411591 
1778 1.441985 
1779 1.497644 
1780 1.021885 
1781 1.457389 
1782 1.479442 
1783 1.449360 
1784 1.967382 
1785 1.403812 
1786 1.316090 
1787 1.131368 
1788 1.468048 
1789 1.470719 
1790 1.517624 
1791 1.017012 
1792 1.393699 
1793 1.420396 
1794 1.458409 
1795 0.992854 
1796 1.180659 
1797 1.298925 
1798 1.266127 
1799 1.439764 
1800 0.944299 
1801 1.432534 
1802 1.418889 
1803 1.434651 
1804 1.185262 
1805 1.389370 
1806 1.453253 
1807 1.092983 
1808 1.567741 
1809 1.494064 
1810 1.478288 
1811 0.553746 
1812 0.987650 
1813 0.873916 
1814 0.917956 
1815 2.115579 
1816 1.241261 
1817 1.217364 
1818 1.287317 
1819 1.468538 
1820 1.520143 
1821 1.238840 
1822 1.309330 
1823 1.129000 
1824 1.362795 
1825 1.241460 
1826 1.229678 
1827 1.344780 
1828 1.450688 
1829 1.106115 
1830 1.084113 
1831 1.507502 
1832 1.384055 
1833 1.292656 
1834 1.278636 
1835 1.283682 
1836 1.093670 
1837 1.643475 
1838 1.661564 
1839 0.802458 
1840 1.365443 
1841 1.251699 
1842 1.304882 
1843 1.170261 
1844 1.011123 
1845 1.360049 
1846 1.378350 
1847 1.342266 
1848 2.846874 
1849 1.752767 
1850 1.266579 
1851 1.062425 
1852 1.419716 
1853 1.391979 
1854 1.495063 
1855 1.112083 
1856 1.431843 
1857 1.390338 
1858 1.297574 
1859 1.305500 
1860 1.455129 
1861 1.376329 
1862 1.316210 
1863 1.305027 
1864 1.414550 
1865 1.312933 
1866 1.374975 
1867 1.373598 
1868 1.409552 
1869 1.361202 
1870 1.338174 
1871 1.391498 
1872 1.317374 
1873 1.398920 
1874 1.364520 
1875 1.365716 
1876 1.349272 
1877 1.432258 
1878 1.404514 
1879 1.384666 
1880 1.400140 
1881 1.422415 
1882 1.336613 
1883 1.389012 
1884 1.309223 
1885 1.401349 
1886 1.340277 
1887 1.425802 
1888 1.372051 
1889 1.440550 
1890 1.362523 
1891 1.360767 
1892 1.351624 
1893 1.341763 
1894 1.350448 
1895 1.394942 
1896 1.291478 
1897 1.242470 
1898 1.405363 
1899 1.471177 
1900 1.420370 
1901 1.327833 
1902 1.329352 
1903 1.397181 
1904 1.673303 
1905 2.344756 
1906 0.813535 
1907 0.581255 
1908 1.351260 
1909 1.203052 
1910 1.304668 
1911 1.538825 
1912 1.468419 
1913 1.485613 
1914 1.506841 
1915 1.081392 
1916 0.879165 
1917 1.498917 
1918 1.601321 
1919 1.703445 
1920 1.316543 
1921 1.238830 
1922 1.238620 
1923 1.760285 
1924 2.159146 
1925 1.052283 
1926 1.058339 
1927 0.982353 
1928 1.486156 
1929 1.145977 
1930 1.174950 
1931 1.427726 
1932 1.179965 
1933 1.459386 
1934 1.483318 
1935 1.367873 
1936 2.129547 
1937 0.217828 
1938 0.112034 
1939 -0.446761 
1940 -0.533517 
1941 -0.664841 
1942 -0.652043 
1943 -0.357950 
1944 -0.143740 
1945 1.553862 
1946 1.915226 
1947 1.497356 
1948 2.039624 
1949 -0.511545 
1950 -0.699508 
1951 -1.007512 
1952 -1.136923 
1953 -1.428759 
1954 -1.254853 
1955 -1.335035 
1956 1.867480 
1957 1.819728 
1958 1.806252 
1959 1.297217 
1960 1.475651 
1961 1.386202 
1962 1.237810 
1963 1.165158 
1964 1.406567 
1965 1.308719 
1966 1.258647 
1967 1.285840 
1968 1.276435 
1969 1.202077 
1970 1.351041 
1971 1.338309 
1972 1.340480 
1973 1.320642 
1974 1.251877 
1975 1.308565 
1976 1.296533 
1977 1.285635 
1978 1.325808 
1979 1.233538 
1980 1.277479 
1981 1.267814 
1982 1.272078 
1983 1.371388 
1984 1.391271 
1985 1.340961 
1986 1.307080 
1987 1.291596 
1988 1.403876 
1989 1.337717 
1990 1.308147 
1991 1.310269 
1992 1.360425 
1993 1.368565 
1994 1.324476 
1995 1.359581 
1996 1.248517 
1997 1.275776 
1998 1.367872 
1999 1.444013 
2000 1.585414 
2001 1.511123 
2002 1.105025 
2003 1.093664 
2004 1.121563 
2005 1.054719 
2006 1.047102 
2007 2.351145 
2008 1.565821 
2009 1.361847 
2010 1.317450 
2011 1.261887 
2012 1.062443 
2013 1.102438 
2014 1.504369 
2015 1.740723 
2016 1.436772 
2017 1.729933 
2018 1.623971 
2019 0.591992 
2020 1.412552 
2021 1.299173 
2022 1.288849 
2023 1.398666 
2024 1.238049 
2025 1.015321 
2026 1.121509 
2027 1.995008 
2028 1.414913 
2029 1.396125 
2030 1.401254 
2031 1.195378 
2032 1.245971 
2033 1.483052 
2034 1.643021 
2035 1.040173 
2036 1.556447 
2037 1.262378 
2038 1.284166 
2039 1.218778 
2040 1.590977 
2041 1.442300 
2042 1.469020 
2043 0.745650 
2044 1.345803 
2045 1.089475 
2046 0.959519 
2047 0.232337 
2048 -0.026121 
2049 -0.107703 
2050 0.042467 
2051 1.046205 
2052 0.892527 
2053 0.950431 
2054 1.044834 
2055 0.483836 
2056 -0.229080 
2057 -0.180134 
2058 2.838282 
2059 2.597385 
2060 2.010115 
2061 1.408234 
2062 1.166131 
2063 1.209082 
2064 1.532710 
2065 1.194682 
2066 1.151381 
2067 1.195678 
2068 1.487006 
2069 1.426450 
2070 1.368891 
2071 0.637133 
2072 0.920411 
2073 1.249663 
2074 1.332525 
2075 1.455303 
2076 1.306526 
2077 1.244286 
2078 1.283016 
2079 1.125811 
2080 1.414744 
2081 1.389712 
2082 1.212463 
2083 0.853458 
2084 1.008317 
2085 0.871043 
2086 0.753142 
2087 1.873367 
2088 1.241343 
2089 1.175529 
2090 1.195626 
2091 1.253635 
2092 1.009339 
2093 1.159691 
2094 1.135221 
2095 1.647786 
2096 1.616550 
2097 1.365867 
2098 1.273881 
2099 0.781756 
2100 0.926906 
2101 0.978430 
2102 1.034551 
2103 1.935992 
2104 1.458529 
2105 1.199684 
2106 1.221524 
2107 1.191369 
2108 0.890101 
2109 0.984167 
2110 2.761056 
2111 1.928541 
2112 1.495538 
2113 1.345900 
2114 1.412864 
2115 1.398695 
2116 2.237621 
2117 0.957309 
2118 1.052447 
2119 0.947168 
2120 1.287943 
2121 1.341161 
2122 1.369419 
2123 1.318644 
2124 1.255097 
2125 1.416283 
2126 1.328676 
2127 1.372921 
2128 1.323555 
2129 1.264899 
2130 1.382738 
2131 1.333647 
2132 1.384678 
2133 1.362108 
2134 1.334163 
2135 1.246738 
2136 1.092776 
2137 1.078355 
2138 1.589609 
2139 1.518550 
2140 1.304498 
2141 1.304201 
2142 1.398437 
2143 1.412460 
2144 1.668000 
2145 1.646166 
2146 0.962512 
2147 0.988506 
2148 1.296712 
2149 1.324601 
2150 1.252197 
2151 1.347189 
2152 1.141178 
2153 1.037252 
2154 1.537889 
2155 1.569222 
2156 1.676642 
2157 1.664728 
2158 0.938658 
2159 0.863180 
2160 0.931494 
2161 3.057316 
2162 -0.848043 
2163 -1.084163 
2164 -1.360307 
2165 -1.415502 
2166 -1.377644 
2167 -1.332980 
2168 -1.576418 
2169 -1.342165 
2170 -1.303773 
2171 -1.326113 
2172 -1.282841 
2173 -1.476124 
2174 -1.348342 
2175 -1.380547 
2176 -1.381107 
2177 -1.428322 
2178 -1.324525 
2179 -1.449159 
2180 -1.478815 
2181 -1.318698 
2182 -1.368451 
2183 -1.190388 
2184 -1.239224 
2185 -1.469991 
2186 -1.482186 
2187 -1.341734 
2188 -1.421896 
2189 -1.315324 
2190 -1.315328 
2191 -1.295342 
2192 -1.307223 
2193 -1.378915 
2194 -1.458729 
2195 -1.413353 
2196 -1.468389 
2197 -1.318308 
2198 -1.283592 
2199 -1.281269 
2200 -1.351100 
2201 -1.408432 
2202 -1.488341 
2203 -1.268607 
2204 -1.391018 
2205 -1.382191 
2206 -1.298840 
2207 -1.315841 
2208 -1.261366 
2209 -1.360769 
2210 -1.450526 
2211 -1.247275 
2212 -2.319428 
2213 2.157386 
2214 1.868224 
2215 1.517749 
2216 1.356232 
2217 1.372055 
2218 1.288979 
2219 1.357556 
2220 1.475045 
2221 1.561172 
2222 1.102668 
2223 1.169238 
2224 1.202998 
2225 1.383934 
2226 1.289791 
2227 1.294298 
2228 1.110204 
2229 1.271434 
2230 1.486044 
2231 1.243116 
2232 1.411730 
2233 1.282227 
2234 1.270015 
2235 1.230584 
2236 1.337420 
2237 1.301128 
2238 1.267320 
2239 1.351581 
2240 1.328191 
2241 1.306437 
2242 1.342741 
2243 1.368027 
2244 1.435619 
2245 1.284756 
2246 1.242457 
2247 1.353165 
2248 1.233463 
2249 1.258049 
2250 1.487566 
2251 1.316925 
2252 1.367250 
2253 1.379882 
2254 1.274073 
2255 1.374454 
2256 1.290781 
2257 1.265631 
2258 1.255439 
2259 1.479542 
2260 1.013418 
2261 1.145363 
2262 0.999875 
2263 2.442401 
2264 -2.089160 
2265 -2.036481 
2266 -2.072859 
2267 -2.005699 
2268 -2.271662 
2269 -2.217745 
2270 -0.653594 
2271 -0.423181 
2272 -0.615801 
2273 -0.738457 
2274 -0.892238 
2275 -2.820256 
2276 -2.006981 
2277 -1.893660 
2278 -1.899399 
2279 -1.882969 
2280 -1.820418 
2281 -1.966679 
2282 -1.924338 
2283 -1.035338 
2284 -1.756166 
2285 -0.369575 
2286 0.207023 
2287 -0.094272 
2288 0.126709 
2289 0.384127 
2290 0.067807 
2291 -0.832195 
2292 -0.723155 
2293 -1.066813 
2294 -0.957954 
2295 -2.067464 
2296 -1.454141 
2297 -1.713753 
2298 -1.559163 
2299 -1.660045 
2300 -1.584295 
2301 -1.499512 
2302 -1.465089 
2303 -1.976549 
2304 -1.814212 
2305 -1.749948 
2306 -1.684631 
2307 -1.616049 
2308 -1.654759 
2309 -1.563413 
2310 -1.634768 
2311 -1.714906 
2312 -1.524667 
2313 -1.331471 
2314 -3.169695 
2315 -2.054867 
2316 -1.763093 
2317 -1.771270 
2318 -1.723466 
2319 -1.683644 
2320 -1.677030 
2321 -1.718345 
2322 -1.653756 
2323 -1.692404 
2324 -1.884935 
2325 -1.734207 
2326 -1.362121 
2327 -1.350199 
2328 -1.535102 
2329 -1.596855 
2330 -1.553874 
2331 -1.543832 
2332 -1.564833 
2333 -1.570133 
2334 -1.604777 
2335 -1.647984 
2336 -1.557467 
2337 -1.578453 
2338 -1.487988 
2339 -1.614908 
2340 -1.657762 
2341 -1.632422 
2342 -1.518448 
2343 -1.538333 
2344 -1.550690 
2345 -1.499244 
2346 -1.646594 
2347 -1.565688 
2348 -1.492003 
2349 -1.561183 
2350 -1.576505 
2351 -1.603830 
2352 -1.472293 
2353 -1.596850 
2354 -1.537439 
2355 -1.568788 
2356 -1.544532 
2357 -1.567596 
2358 -1.561349 
2359 -1.683153 
2360 -1.624663 
2361 -1.601137 
2362 -1.568644 
2363 -1.487228 
2364 -1.498393 
2365 -1.572149 
2366 -1.513930 
2367 -1.496080 
2368 -1.443572 
2369 -1.368861 
2370 -1.334578 
2371 -2.396235 
2372 1.207898 
2373 1.531007 
2374 1.483378 
2375 1.395439 
2376 1.389121 
2377 1.462651 
2378 1.677602 
2379 1.169358 
2380 1.445840 
2381 1.419006 
2382 1.481660 
2383 1.331299 
2384 1.415311 
2385 1.381760 
2386 1.365627 
2387 1.414459 
2388 1.399607 
2389 1.478786 
2390 1.402294 
2391 1.394007 
2392 1.429007 
2393 1.402743 
2394 1.418948 
2395 1.401064 
2396 1.516302 
2397 1.390203 
2398 1.374036 
2399 1.344773 
2400 1.414562 
2401 1.423090 
2402 1.324176 
2403 1.457414 
2404 1.419948 
2405 1.460912 
2406 1.437551 
2407 1.294816 
2408 1.359138 
2409 1.399789 
2410 1.456174 
2411 1.460921 
2412 1.411609 
2413 1.329118 
2414 1.376324 
2415 1.407725 
2416 1.298624 
2417 1.497941 
2418 1.384734 
2419 1.457381 
2420 1.003294 
2421 0.974363 
2422 1.704965 
2423 -2.233052 
2424 -2.111954 
2425 -2.127560 
2426 -2.092809 
2427 -2.085600 
2428 -2.014581 
2429 -1.954376 
2430 -1.979187 
2431 -1.535165 
2432 -1.659278 
2433 -1.752596 
2434 -1.733212 
2435 -1.262785 
2436 -1.236227 
2437 -1.172611 
2438 -1.272266 
2439 -2.225462 
2440 -1.906161 
2441 -1.939325 
2442 -1.982772 
2443 -1.703765 
2444 -1.634258 
2445 -1.680647 
2446 -1.587385 
2447 -1.598379 
2448 -1.582192 
2449 -1.563120 
2450 -1.563063 
2451 -1.930846 
2452 -2.345431 
2453 -1.201793 
2454 -1.162845 
2455 -1.203435 
2456 -1.122982 
2457 -1.831984 
2458 -1.814520 
2459 -1.515831 
2460 -1.493567 
2461 -1.598459 
2462 -1.679059 
2463 -1.699981 
2464 -1.658527 
2465 -1.677897 
2466 -1.716384 
2467 -1.800102 
2468 -1.893424 
2469 -1.439851 
2470 -1.367283 
2471 -1.540798 
2472 -1.706738 
2473 -1.725724 
2474 -2.288110 
2475 -2.179206 
2476 -2.021003 
2477 -2.039504 
2478 -2.141604 
2479 -1.940836 
2480 -2.036121 
2481 -1.595484 
2482 -1.765005 
2483 -1.853597 
2484 -1.794433 
2485 -1.727592 
2486 -1.853026 
2487 -1.863920 
2488 -1.733633 
2489 -1.651810 
2490 -2.019162 
2491 -1.959882 
2492 -1.907108 
2493 -1.806911 
2494 -1.480718 
2495 -1.637893 
2496 -1.652220 
2497 -1.655332 
2498 -1.801152 
2499 -1.901996 
2500 -1.840149 
2501 -1.903319 
2502 -1.888176 
2503 -1.846452 
2504 -1.819576 
2505 -1.753375 
2506 -1.840771 
2507 -1.844968 
2508 -1.815231 
2509 -1.776084 
2510 -1.773204 
2511 -1.732331 
2512 -1.862948 
2513 -1.758063 
2514 -2.004937 
2515 -1.962883 
2516 -2.080490 
2517 -2.033402 
2518 -1.549959 
2519 -1.582132 
2520 -1.469174 
2521 -1.426294 
2522 -1.037540 
2523 -1.744921 
2524 -1.997433 
2525 1.496172 
2526 1.442412 
2527 1.552435 
2528 1.547778 
2529 1.508017 
2530 1.453474 
2531 1.082300 
2532 1.356945 
2533 1.231119 
2534 1.509173 
2535 1.439201 
2536 1.321761 
2537 1.373327 
2538 1.436261 
2539 1.409591 
2540 1.376899 
2541 1.464487 
2542 1.279856 
2543 1.401461 
2544 1.410844 
2545 1.456868 
2546 1.289360 
2547 1.326685 
2548 1.404920 
2549 1.351522 
2550 1.337215 
2551 1.362260 
2552 1.500855 
2553 1.312904 
2554 1.272022 
2555 1.335692 
2556 1.364324 
2557 1.345713 
2558 1.439516 
2559 1.343444 
2560 1.412455 
2561 1.317111 
2562 1.306790 
2563 1.345855 
2564 1.302097 
2565 1.309879 
2566 1.419383 
2567 1.375442 
2568 1.441813 
2569 1.447060 
2570 1.222426 
2571 1.224475 
2572 1.072372 
2573 1.068389 
2574 1.200765 
2575 2.000355 
2576 1.869911 
2577 1.589127 
2578 1.351193 
2579 1.119309 
2580 1.332307 
2581 1.337190 
2582 1.288742 
2583 1.332518 
2584 1.391662 
2585 1.453345 
2586 1.442206 
2587 1.094464 
2588 1.524583 
2589 1.282696 
2590 1.297703 
2591 1.198377 
2592 1.157692 
2593 1.363430 
2594 1.432083 
2595 1.319492 
2596 1.312523 
2597 1.333870 
2598 1.360168 
2599 1.300714 
2600 1.348897 
2601 1.303017 
2602 1.366337 
2603 1.324305 
2604 1.352752 
2605 1.378181 
2606 1.359532 
2607 1.154028 
2608 1.326827 
2609 1.311975 
2610 1.411163 
2611 1.246178 
2612 1.451062 
2613 1.246638 
2614 1.262813 
2615 1.340036 
2616 1.326850 
2617 1.320812 
2618 1.358485 
2619 1.281312 
2620 1.325394 
2621 1.197591 
2622 1.406151 
2623 1.391646 
2624 1.345363 
2625 1.362127 
2626 2.483599 
2627 -0.898552 
2628 -1.679195 
2629 -1.569517 
2630 -1.647495 
2631 -1.719260 
2632 -1.388211 
2633 -1.894988 
2634 -2.167757 
2635 -1.968858 
2636 -1.868181 
2637 -1.949586 
2638 -1.813793 
2639 -1.912093 
2640 -2.372905 
2641 -2.253534 
2642 -0.480897 
2643 -0.452506 
2644 -0.615429 
2645 -0.776992 
2646 -2.194498 
2647 -2.064353 
2648 -1.836329 
2649 -1.908664 
2650 -1.836432 
2651 -1.843896 
2652 -2.033303 
2653 -2.027024 
2654 -0.506701 
2655 -0.391194 
2656 -0.420620 
2657 -0.358215 
2658 -0.236834 
2659 -0.023844 
2660 -0.026252 
2661 -0.239529 
2662 -0.477144 
2663 -0.461426 
2664 -0.448728 
2665 -0.490498 
2666 -1.414442 
2667 -1.653634 
2668 -1.325396 
2669 -1.260077 
2670 0.275950 
2671 0.526056 
2672 0.464032 
2673 0.118067 
2674 -1.493130 
2675 -1.661702 
2676 -1.414888 
2677 -2.148426 
2678 -0.719205 
2679 -0.978442 
2680 -1.107489 
2681 -1.085708 
2682 -0.913321 
2683 -0.792444 
2684 -0.635504 
2685 -0.851982 
2686 -0.754217 
2687 -0.611774 
2688 -0.643491 
2689 -0.665758 
2690 -0.605984 
2691 -0.581687 
2692 -0.686025 
2693 -0.809762 
2694 -0.796934 
2695 -0.517350 
2696 -0.626858 
2697 -0.680536 
2698 -0.421274 
2699 -0.611340 
2700 -0.567525 
2701 -0.392047 
2702 -0.328832 
2703 -0.562422 
2704 -0.581648 
2705 -0.282499 
2706 -0.474300 
2707 -0.554879 
2708 -0.445453 
2709 -0.508373 
2710 -0.507560 
2711 -0.593223 
2712 -0.588745 
2713 -0.580292 
2714 -0.628527 
2715 -0.406143 
2716 -0.502946 
2717 -0.478564 
2718 -0.522735 
2719 -0.418874 
2720 -0.359074 
2721 -0.404282 
2722 -0.458619 
2723 -0.385233 
2724 -0.515375 
2725 -0.417160 
2726 -0.432238 
2727 -0.253153 
2728 -0.188407 
2729 -0.065817 
2730 -2.091046 
2731 0.744939 
2732 0.089164 
2733 -0.161955 
2734 1.209146 
2735 0.815921 
2736 0.482550 
2737 0.393482 
2738 0.456042 
2739 2.854897 
2740 1.498346 
2741 1.440047 
2742 1.453405 
2743 1.339050 
2744 1.709072 
2745 1.267436 
2746 1.160347 
2747 1.277386 
2748 1.324220 
2749 1.325622 
2750 1.367997 
2751 1.337237 
2752 1.260566 
2753 1.290844 
2754 1.451095 
2755 1.561889 
2756 1.353929 
2757 1.434909 
2758 1.297620 
2759 1.277742 
2760 1.178840 
2761 1.111358 
2762 1.155023 
2763 2.055259 
2764 1.447875 
2765 1.402011 
2766 1.389582 
2767 1.404622 
2768 1.476647 
2769 1.619997 
2770 1.138401 
2771 0.998672 
2772 1.384664 
2773 1.396532 
2774 1.407364 
2775 1.367178 
2776 1.423773 
2777 1.459947 
2778 1.318327 
2779 1.344574 
2780 1.494330 
2781 1.244410 
2782 1.280184 
2783 1.353462 
2784 1.420584 
2785 1.412704 
2786 1.419169 
2787 1.339343 
2788 1.165803 
2789 1.575404 
2790 1.284903 
2791 1.303359 
2792 0.961797 
2793 1.135230 
2794 0.350612 
2795 0.988411 
2796 1.020827 
2797 0.924790 
2798 1.209004 
2799 0.495517 
2800 1.365298 
2801 1.329406 
2802 0.653390 
2803 0.745519 
2804 0.723733 
2805 1.053009 
2806 0.590407 
2807 0.795953 
2808 0.770863 
2809 0.815522 
2810 0.708887 
2811 0.737818 
2812 0.813623 
2813 1.345642 
2814 0.778683 
2815 0.730670 
2816 1.838935 
2817 2.319491 
2818 0.884564 
2819 0.886926 
2820 1.300853 
2821 1.677032 
2822 1.223289 
2823 1.339068 
2824 1.525200 
2825 1.514353 
2826 1.115336 
2827 1.223681 
2828 0.427956 
2829 1.397531 
2830 1.584591 
2831 1.520182 
2832 1.189268 
2833 1.846813 
2834 1.216958 
2835 1.172446 
2836 1.289690 
2837 1.504985 
2838 1.350802 
2839 1.254301 
2840 1.547059 
2841 1.127917 
2842 1.367840 
2843 1.181029 
2844 1.021214 
2845 1.735825 
2846 1.058848 
2847 1.751250 
2848 0.200250 
2849 2.098461 
2850 1.863044 
2851 1.322668 
2852 1.243181 
2853 1.707275 
2854 2.013381 
2855 1.019480 
2856 1.026274 
2857 1.564994 
2858 1.435165 
2859 1.694211 
2860 0.577895 
2861 0.546258 
2862 2.656162 
2863 0.636814 
2864 1.006310 
2865 2.296717 
2866 1.044323 
2867 0.859445 
2868 1.596551 
2869 -1.674386 
2870 -1.627558 
2871 -1.681112 
2872 -1.779919 
2873 -2.001097 
2874 -1.700883 
2875 -1.931634 
2876 -1.152213 
2877 -2.350140 
2878 -1.548882 
2879 -1.190839 
2880 -1.891547 
2881 -1.406989 
2882 -1.703652 
2883 -1.702587 
2884 0.844990 
2885 0.970203 
2886 1.943158 
2887 1.635085 
2888 1.856508 
2889 1.545689 
2890 1.065533 
2891 1.142406 
2892 0.795314 
2893 1.037833 
2894 2.330992 
2895 1.272887 
2896 0.584720 
2897 1.460025 
2898 2.405576 
2899 0.852738 
2900 1.431709 
2901 1.290678 
2902 1.481817 
2903 1.342810 
2904 0.559128 
2905 1.133269 
2906 2.225474 
2907 1.852531 
2908 1.848123 
2909 0.934027 
2910 1.306940 
2911 1.515498 
2912 1.699086 
2913 1.773590 
2914 1.098181 
2915 0.886898 
2916 1.514336 
2917 1.274206 
2918 1.366180 
2919 1.461724 
2920 1.447675 
2921 1.448316 
2922 1.023465 
2923 1.646790 
2924 1.392727 
2925 0.673185 
2926 0.579823 
2927 2.273837 
2928 1.664458 
2929 0.652971 
2930 1.582222 
2931 1.711264 
2932 1.311609 
2933 1.550973 
2934 1.476328 
2935 1.291949 
2936 2.237596 
2937 0.772269 
2938 0.627395 
2939 1.167513 
2940 1.450470 
2941 1.484837 
2942 1.381292 
2943 1.456838 
2944 0.829450 
2945 0.542434 
2946 1.816964 
2947 1.592461 
2948 1.655962 
2949 0.738163 
2950 1.866097 
2951 0.774498 
2952 0.743383 
2953 0.745888 
2954 1.626268 
2955 1.686637 
2956 0.745241 
2957 0.777736 
2958 1.522602 
2959 1.806643 
2960 1.905366 
2961 1.336577 
2962 0.885914 
2963 -1.623033 
2964 -2.380765 
2965 -2.465110 
2966 -2.349566 
2967 -2.475865 
2968 -2.386361 
2969 -2.383941 
2970 -2.457296 
2971 -2.422237 
2972 -2.378467 
2973 -1.486156 
2974 -0.681195 
2975 -1.435209 
2976 -1.492968 
2977 -0.906234 
2978 -1.275964 
2979 -1.463631 
2980 -1.507110 
2981 -1.105226 
2982 -1.338208 
2983 -1.242695 
2984 -1.039854 
2985 -2.180933 
2986 -2.131426 
2987 -0.802989 
2988 -1.666156 
2989 -1.201426 
2990 -1.608762 
2991 -2.096935 
2992 -2.181225 
2993 -2.109889 
2994 -2.214013 
2995 -2.225774 
2996 1.855088 
2997 0.856472 
2998 0.925228 
2999 0.953983 
3000 1.396789 
3001 1.767092 
3002 0.804260 
3003 0.877537 
3004 1.244784 
3005 1.080370 
3006 1.483693 
3007 1.208372 
3008 1.197778 
3009 1.143343 
3010 1.282803 
3011 1.374746 
3012 1.648282 
3013 2.251106 
3014 0.974139 
3015 1.216804 
3016 1.700812 
3017 0.546069 
3018 2.180482 
3019 0.721974 
3020 1.859418 
3021 1.797266 
3022 0.437403 
3023 0.927748 
3024 0.182109 
3025 0.864863 
3026 0.965704 
3027 2.660061 
3028 0.900483 
3029 2.772698 
3030 0.687998 
