1446 1
1217 0.494751 
1172 0.494751 
1271 0.494751 
204 0.494751 
264 0.479482 
391 0.479482 
895 0.479482 
900 0.479482 
489 0.479482 
1319 0.479482 
769 0.479482 
563 0.479482 
1064 0.479482 
969 0.479482 
175 0.479482 
142 0.479482 
797 0.478439 
899 0.478439 
612 0.478439 
339 0.478439 
312 0.476261 
211 0.475977 
1231 0.475977 
825 0.475977 
833 0.475977 
746 0.475977 
1071 0.475977 
1398 0.469337 
406 0.469337 
649 0.469337 
452 0.469337 
460 0.469337 
1099 0.469337 
1360 0.469337 
1120 0.469337 
216 0.469337 
723 0.469337 
1379 0.469337 
356 0.469337 
1043 0.468920 
1372 0.468920 
411 0.468920 
1262 0.468920 
1235 0.468920 
1022 0.468920 
1420 0.466787 
364 0.466787 
1178 0.466787 
762 0.466787 
862 0.466787 
37 0.466787 
1418 0.466787 
647 0.466787 
763 0.466747 
87 0.466747 
795 0.466747 
1055 0.466747 
528 0.466747 
776 0.466747 
203 0.466747 
174 0.466747 
640 0.466747 
1328 0.466747 
158 0.466747 
120 0.466747 
115 0.466747 
583 0.466747 
947 0.466747 
936 0.466747 
470 0.466747 
492 0.466747 
472 0.466747 
428 0.466747 
296 0.452550 
1269 0.452550 
185 0.452550 
922 0.452550 
300 0.452550 
601 0.452550 
297 0.452550 
1128 0.452550 
23 0.452550 
1355 0.452550 
420 0.452550 
446 0.450560 
963 0.450560 
885 0.450560 
127 0.450560 
1286 0.450560 
372 0.450560 
1138 0.450560 
589 0.450560 
1290 0.450560 
597 0.450560 
163 0.450560 
1009 0.450560 
1143 0.450560 
379 0.450560 
924 0.450560 
88 0.450560 
401 0.450560 
788 0.450560 
516 0.450560 
1001 0.450560 
135 0.447000 
313 0.447000 
425 0.447000 
116 0.447000 
1171 0.447000 
119 0.447000 
253 0.447000 
884 0.447000 
628 0.447000 
981 0.447000 
917 0.447000 
918 0.447000 
681 0.447000 
782 0.447000 
227 0.447000 
1313 0.447000 
1193 0.447000 
1280 0.447000 
740 0.447000 
192 0.447000 
1111 0.443434 
626 0.443434 
621 0.443434 
462 0.443434 
568 0.443434 
189 0.443434 
335 0.443434 
1144 0.443434 
542 0.443434 
276 0.443434 
495 0.443434 
499 0.443434 
0 0.443434 
90 0.443434 
1019 0.443434 
886 0.443434 
679 0.443434 
888 0.443434 
952 0.443434 
999 0.443434 
463 0.426929 
212 0.426929 
250 0.426929 
1257 0.426929 
171 0.426929 
1336 0.426929 
605 0.426929 
34 0.426929 
846 0.426929 
835 0.426929 
367 0.426929 
1094 0.426929 
850 0.423744 
3 0.423744 
1181 0.423744 
475 0.423744 
557 0.423744 
551 0.423744 
358 0.423744 
770 0.423744 
213 0.420355 
1021 0.420355 
188 0.420355 
736 0.420355 
464 0.420355 
1023 0.420355 
630 0.420355 
108 0.420355 
643 0.420355 
902 0.420355 
683 0.420355 
378 0.420355 
607 0.420355 
693 0.420355 
217 0.420355 
386 0.420355 
610 0.420355 
696 0.420355 
159 0.420355 
160 0.420355 
541 0.416699 
555 0.416699 
554 0.416699 
552 0.416699 
898 0.416699 
889 0.416699 
789 0.416699 
289 0.416699 
207 0.416699 
752 0.416699 
59 0.416699 
933 0.416699 
751 0.416699 
650 0.416699 
317 0.416699 
1016 0.416699 
731 0.416699 
493 0.416699 
321 0.416699 
129 0.416699 
1314 0.392528 
1433 0.392528 
1167 0.392528 
326 0.392528 
1401 0.392528 
638 0.392528 
123 0.392528 
582 0.392528 
1230 0.392528 
713 0.392528 
238 0.390692 
906 0.390692 
968 0.390692 
1085 0.390692 
801 0.390692 
1061 0.385520 
1192 0.385520 
1302 0.385520 
1259 0.385520 
928 0.384801 
480 0.384801 
1427 0.384801 
450 0.384801 
912 0.384801 
1158 0.384801 
810 0.384801 
1045 0.384801 
202 0.384801 
517 0.384801 
1283 0.384801 
357 0.383527 
737 0.383527 
430 0.383527 
424 0.383527 
95 0.383527 
415 0.383527 
92 0.383527 
1139 0.383527 
772 0.383527 
590 0.383527 
593 0.383527 
958 0.383527 
1079 0.383527 
848 0.383527 
698 0.383527 
121 0.383527 
157 0.383527 
631 0.383527 
672 0.383527 
651 0.383527 
342 0.378470 
878 0.378470 
665 0.378470 
1308 0.378470 
1410 0.378470 
1140 0.378470 
518 0.378470 
1175 0.378470 
856 0.378470 
1164 0.359751 
794 0.359751 
603 0.359751 
1190 0.359751 
1002 0.359751 
1399 0.334834 
646 0.334834 
976 0.334834 
484 0.334834 
841 0.334834 
1387 0.334834 
1015 0.334834 
1434 0.334834 
940 0.334834 
1416 0.334834 
1075 0.334834 
532 0.334834 
98 0.334834 
436 0.334834 
657 0.334583 
267 0.334583 
882 0.334583 
1185 0.334583 
1037 0.334583 
779 0.334583 
773 0.334583 
726 0.334583 
305 0.330561 
343 0.330561 
1177 0.330561 
1102 0.330561 
668 0.330561 
633 0.330561 
627 0.330561 
609 0.330561 
728 0.330561 
730 0.330561 
1035 0.330561 
482 0.330561 
870 0.330561 
875 0.330561 
387 0.330561 
279 0.330561 
1444 0.330561 
1364 0.330561 
291 0.330561 
251 0.330561 
476 0.327820 
11 0.327820 
24 0.327820 
380 0.327820 
854 0.327820 
330 0.327820 
422 0.327820 
1189 0.327820 
823 0.327820 
819 0.327820 
501 0.327820 
578 0.327820 
629 0.327820 
614 0.327820 
674 0.327820 
320 0.327820 
1074 0.327820 
744 0.327820 
745 0.327820 
77 0.327820 
547 0.326894 
824 0.326894 
587 0.326894 
1060 0.326894 
1293 0.326894 
1428 0.326894 
1292 0.326894 
915 0.326894 
1362 0.326894 
972 0.326894 
1437 0.326894 
1215 0.324891 
967 0.324891 
877 0.324891 
1117 0.324891 
845 0.324891 
1087 0.324891 
434 0.324891 
1136 0.324891 
805 0.324891 
409 0.324891 
1242 0.324891 
844 0.324891 
975 0.324891 
1137 0.322357 
1032 0.322357 
239 0.322357 
1039 0.322357 
331 0.322357 
1238 0.322357 
611 0.322357 
817 0.322357 
233 0.322357 
165 0.322357 
1105 0.322357 
223 0.322357 
658 0.322357 
890 0.322357 
642 0.322357 
1356 0.322357 
1351 0.322357 
1365 0.322357 
105 0.322357 
252 0.322357 
1212 0.322357 
741 0.322357 
910 0.322357 
454 0.322357 
673 0.322357 
750 0.322357 
426 0.322357 
540 0.322357 
957 0.319432 
235 0.319432 
447 0.319432 
671 0.319432 
1206 0.319432 
57 0.319432 
44 0.319432 
978 0.319432 
314 0.319432 
93 0.319432 
1080 0.319432 
536 0.319432 
315 0.319432 
520 0.319432 
652 0.319432 
377 0.319432 
514 0.319432 
349 0.319432 
149 0.319432 
1051 0.319432 
1270 0.315731 
266 0.315731 
1228 0.315731 
1383 0.315731 
220 0.315731 
921 0.315731 
1122 0.315731 
1421 0.315731 
194 0.315731 
505 0.315731 
270 0.315731 
874 0.315731 
727 0.296856 
1033 0.296856 
569 0.296856 
1403 0.296856 
600 0.296856 
561 0.296856 
1148 0.296856 
1393 0.296856 
1439 0.296856 
1006 0.296856 
474 0.296856 
1333 0.296856 
453 0.285784 
1304 0.285784 
442 0.285784 
497 0.285784 
800 0.285784 
690 0.285784 
784 0.285784 
715 0.285784 
208 0.285784 
961 0.285784 
200 0.285784 
685 0.285784 
527 0.285784 
827 0.285784 
311 0.285784 
440 0.285784 
269 0.285784 
268 0.285784 
136 0.285784 
60 0.285784 
573 0.278566 
1380 0.278566 
1244 0.263635 
949 0.263635 
286 0.263635 
761 0.263635 
533 0.263635 
368 0.263635 
488 0.263635 
894 0.263635 
796 0.263635 
965 0.263635 
36 0.263635 
376 0.263635 
1054 0.263635 
623 0.263635 
840 0.263635 
562 0.263635 
937 0.263635 
12 0.263635 
935 0.263635 
18 0.263635 
855 0.263216 
1389 0.263216 
1375 0.263216 
1219 0.263216 
1306 0.263216 
419 0.259746 
99 0.259746 
164 0.254723 
214 0.254723 
437 0.254723 
564 0.254723 
964 0.254723 
842 0.254723 
466 0.254723 
560 0.254723 
682 0.254723 
553 0.254723 
799 0.254723 
1031 0.254723 
176 0.254723 
1000 0.254723 
183 0.254723 
329 0.254723 
689 0.254723 
1024 0.254723 
828 0.254723 
594 0.254723 
237 0.243821 
847 0.243821 
519 0.243611 
83 0.243611 
534 0.243611 
926 0.243611 
893 0.243611 
948 0.243611 
1152 0.243611 
1282 0.243611 
86 0.243611 
1331 0.243611 
954 0.243611 
370 0.243611 
196 0.243611 
260 0.243611 
666 0.243611 
1300 0.243611 
1284 0.243611 
830 0.243611 
1342 0.243611 
814 0.243611 
1334 0.243611 
74 0.243611 
465 0.243611 
1211 0.243611 
676 0.236353 
1091 0.236353 
1218 0.236353 
1145 0.236353 
863 0.236353 
815 0.236353 
853 0.236353 
953 0.236353 
1253 0.236353 
879 0.236353 
445 0.236353 
725 0.236353 
1442 0.236353 
82 0.236353 
1229 0.236353 
273 0.236353 
717 0.236353 
538 0.232976 
184 0.232976 
851 0.232976 
992 0.232976 
934 0.232976 
193 0.232976 
249 0.232976 
721 0.232976 
275 0.232976 
703 0.232976 
1052 0.232976 
792 0.232976 
1084 0.232976 
1154 0.232976 
1058 0.232976 
100 0.232976 
407 0.232976 
962 0.232976 
383 0.232976 
1030 0.232976 
1020 0.220616 
834 0.220616 
1123 0.220616 
1430 0.220616 
691 0.198794 
487 0.198794 
619 0.198794 
584 0.198794 
1347 0.198794 
550 0.198794 
316 0.198794 
483 0.198794 
925 0.198794 
293 0.198794 
1299 0.198794 
400 0.198794 
403 0.198794 
695 0.195464 
778 0.195464 
1151 0.195464 
1108 0.195464 
410 0.191018 
1042 0.191018 
348 0.191018 
883 0.162298 
1400 0.162298 
1188 0.162298 
1397 0.162298 
1101 0.162298 
1256 0.162298 
340 0.162298 
240 0.162298 
711 0.162298 
303 0.162298 
498 0.162298 
199 0.162298 
813 0.157811 
579 0.157811 
781 0.157811 
537 0.157811 
1183 0.157811 
572 0.157811 
1246 0.157811 
1135 0.157811 
806 0.153256 
1103 0.153256 
1252 0.153256 
1036 0.153256 
1010 0.146845 
162 0.146845 
408 0.146845 
341 0.146845 
232 0.146845 
1396 0.146845 
393 0.144980 
485 0.144980 
1311 0.144980 
1325 0.144980 
927 0.144980 
45 0.144980 
397 0.144980 
1170 0.144980 
399 0.144980 
787 0.144980 
1155 0.144980 
1204 0.144980 
804 0.130588 
719 0.130588 
857 0.130588 
1040 0.130588 
712 0.130588 
790 0.130588 
977 0.130588 
306 0.130588 
945 0.130588 
1118 0.130588 
549 0.130588 
277 0.130588 
262 0.130588 
261 0.130588 
417 0.130588 
592 0.130588 
390 0.130588 
222 0.130588 
206 0.130588 
201 0.130588 
785 0.129018 
1376 0.129018 
581 0.129018 
994 0.129018 
81 0.129018 
995 0.129018 
1184 0.129018 
257 0.129018 
1378 0.129018 
1237 0.129018 
479 0.129018 
1236 0.129018 
1443 0.129018 
1121 0.129018 
1431 0.119218 
389 0.119218 
1112 0.119218 
941 0.119218 
1363 0.119218 
168 0.119218 
732 0.119218 
73 0.117921 
757 0.117921 
246 0.117921 
768 0.117921 
1109 0.117921 
1047 0.117921 
866 0.117921 
706 0.117921 
350 0.117921 
113 0.117921 
1053 0.117921 
336 0.117921 
385 0.117921 
670 0.117921 
141 0.117921 
1069 0.117921 
988 0.117921 
1126 0.117921 
322 0.117921 
602 0.117921 
1377 0.102405 
1115 0.102405 
1359 0.102405 
811 0.102405 
798 0.102405 
660 0.102405 
1129 0.102405 
1327 0.102405 
720 0.102405 
1432 0.102405 
749 0.102283 
502 0.102283 
62 0.102283 
622 0.102283 
1004 0.102283 
897 0.102283 
1285 0.102283 
739 0.102283 
431 0.102283 
604 0.102283 
473 0.102283 
701 0.102283 
145 0.102283 
295 0.102283 
1309 0.102283 
849 0.102283 
398 0.102283 
812 0.102283 
228 0.102283 
181 0.102283 
126 0.098510 
939 0.098510 
1255 0.098510 
1162 0.098510 
808 0.098510 
1168 0.093155 
109 0.093155 
716 0.093155 
130 0.093155 
80 0.093155 
575 0.093155 
1057 0.084365 
946 0.084365 
15 0.076706 
1093 0.076706 
285 0.048916 
28 0.048916 
767 0.048916 
265 0.048916 
63 0.048916 
361 0.048916 
545 0.048916 
32 0.048916 
1423 0.045164 
1350 0.045164 
661 0.045164 
274 0.037437 
535 0.037437 
247 0.037437 
1220 0.037437 
1272 0.037437 
137 0.037437 
704 0.037437 
337 0.037437 
1095 0.037437 
980 0.037437 
1081 0.036751 
567 0.036751 
1332 0.036751 
210 0.036751 
1153 0.036751 
1441 0.036751 
1265 0.036751 
748 0.036751 
608 0.036751 
46 0.021930 
645 0.021930 
124 0.021930 
724 0.021930 
1182 0.021930 
1059 0.021930 
19 0.018227 
22 0.018227 
859 0.018227 
9 0.018227 
259 0.017475 
591 0.017475 
307 0.017475 
1149 0.017475 
243 0.001296 
1227 0.001296 
634 0.001296 
1056 0.001296 
760 0.001296 
1198 0.001296 
1414 -0.005203 
1113 -0.005203 
586 -0.005203 
1223 -0.005203 
515 -0.005203 
104 -0.005203 
1305 -0.005203 
106 -0.005203 
47 -0.005203 
1076 -0.005203 
916 -0.021638 
1180 -0.021638 
1349 -0.021638 
143 -0.021638 
1288 -0.021638 
195 -0.021638 
1382 -0.021638 
616 -0.021746 
1160 -0.021746 
1409 -0.021746 
1388 -0.021746 
1411 -0.021746 
556 -0.021746 
1298 -0.021746 
1323 -0.021746 
97 -0.021746 
423 -0.021746 
494 -0.021746 
709 -0.021746 
989 -0.021746 
1062 -0.023227 
1086 -0.023227 
919 -0.023227 
887 -0.023227 
1127 -0.038431 
1141 -0.038431 
1250 -0.038431 
1186 -0.038431 
281 -0.046543 
1072 -0.046543 
526 -0.046543 
558 -0.046543 
771 -0.046543 
65 -0.046543 
735 -0.046543 
759 -0.046543 
429 -0.046543 
427 -0.046543 
753 -0.046543 
456 -0.046543 
30 -0.046543 
509 -0.046543 
352 -0.046543 
718 -0.046543 
138 -0.046543 
687 -0.046543 
144 -0.046543 
743 -0.046543 
21 -0.051591 
1097 -0.051591 
1098 -0.051591 
132 -0.051591 
729 -0.051591 
1017 -0.051591 
700 -0.051591 
1274 -0.074919 
1297 -0.074919 
571 -0.074919 
1065 -0.074919 
1348 -0.074919 
1156 -0.074919 
548 -0.074919 
1249 -0.074919 
1295 -0.079024 
1329 -0.079024 
1422 -0.079024 
1209 -0.079024 
1289 -0.079024 
156 -0.079024 
1395 -0.079024 
112 -0.079024 
880 -0.081796 
577 -0.081796 
1412 -0.081796 
938 -0.081796 
1260 -0.081796 
662 -0.081796 
209 -0.081796 
242 -0.081796 
459 -0.081796 
155 -0.081796 
301 -0.081796 
4 -0.084349 
1133 -0.084349 
67 -0.084349 
191 -0.084349 
89 -0.084349 
111 -0.084349 
510 -0.084349 
503 -0.084349 
221 -0.084349 
1046 -0.084349 
950 -0.084349 
931 -0.084349 
832 -0.084349 
838 -0.084349 
20 -0.084349 
173 -0.084349 
96 -0.084349 
858 -0.084349 
369 -0.084349 
371 -0.084349 
304 -0.095307 
323 -0.095307 
903 -0.095307 
94 -0.095307 
606 -0.095307 
678 -0.095307 
654 -0.095307 
51 -0.095307 
1221 -0.095307 
72 -0.095307 
224 -0.095307 
48 -0.095307 
641 -0.095307 
122 -0.095307 
38 -0.095307 
91 -0.095307 
1251 -0.099031 
491 -0.099031 
1386 -0.099031 
1371 -0.099031 
1303 -0.099031 
809 -0.107120 
1179 -0.107120 
1335 -0.107120 
360 -0.107120 
33 -0.107120 
438 -0.107120 
1294 -0.107120 
1239 -0.107120 
40 -0.107120 
1278 -0.107120 
1413 -0.107120 
905 -0.107120 
559 -0.113965 
669 -0.113965 
190 -0.113965 
722 -0.113965 
565 -0.113965 
1090 -0.113965 
308 -0.113965 
1224 -0.113965 
873 -0.113965 
596 -0.113965 
624 -0.113965 
327 -0.113965 
864 -0.113965 
820 -0.113965 
414 -0.113965 
831 -0.113965 
1291 -0.113965 
134 -0.113965 
416 -0.113965 
1214 -0.113965 
375 -0.142639 
901 -0.143464 
656 -0.143464 
1199 -0.143464 
1370 -0.143464 
983 -0.145653 
911 -0.145653 
843 -0.145653 
920 -0.145653 
152 -0.156765 
101 -0.156765 
1114 -0.156765 
1003 -0.156765 
1408 -0.156765 
1405 -0.156765 
1248 -0.156765 
225 -0.156765 
1134 -0.156765 
1321 -0.156765 
1038 -0.167259 
955 -0.167259 
1287 -0.167259 
1317 -0.167259 
1322 -0.167259 
1226 -0.167259 
543 -0.167259 
987 -0.167259 
1 -0.171374 
353 -0.171374 
14 -0.171374 
54 -0.171374 
42 -0.171374 
345 -0.171374 
41 -0.171374 
363 -0.171374 
675 -0.180944 
1346 -0.180944 
17 -0.180944 
1173 -0.180944 
1018 -0.180944 
39 -0.180944 
1330 -0.180944 
282 -0.180944 
441 -0.180944 
775 -0.180944 
544 -0.180944 
960 -0.180944 
84 -0.185408 
1106 -0.185408 
876 -0.185408 
956 -0.185408 
254 -0.185408 
1391 -0.185408 
998 -0.185408 
1092 -0.185408 
332 -0.185408 
478 -0.191877 
374 -0.191877 
52 -0.191877 
793 -0.191877 
1100 -0.191877 
449 -0.191877 
402 -0.191877 
869 -0.191877 
539 -0.191877 
872 -0.191877 
803 -0.191877 
546 -0.191877 
373 -0.191877 
613 -0.191877 
146 -0.191877 
218 -0.191877 
298 -0.191877 
896 -0.191877 
1008 -0.191877 
388 -0.191877 
1077 -0.201090 
512 -0.201090 
418 -0.201090 
836 -0.201090 
1124 -0.201090 
1088 -0.201090 
468 -0.201090 
1014 -0.201090 
818 -0.201090 
79 -0.201090 
271 -0.201090 
756 -0.201090 
412 -0.201090 
71 -0.201090 
172 -0.201090 
530 -0.201090 
248 -0.201090 
985 -0.201090 
1130 -0.201090 
1402 -0.201090 
284 -0.218384 
1279 -0.218384 
69 -0.218384 
64 -0.218384 
294 -0.218384 
467 -0.218384 
258 -0.218384 
56 -0.218384 
333 -0.218384 
256 -0.218384 
490 -0.218384 
5 -0.218384 
153 -0.218384 
13 -0.218384 
16 -0.218384 
639 -0.218384 
1234 -0.222789 
1222 -0.222789 
891 -0.222789 
469 -0.222789 
1361 -0.222918 
570 -0.222918 
1307 -0.222918 
1196 -0.222918 
1195 -0.222918 
714 -0.222918 
1200 -0.222918 
755 -0.222918 
381 -0.222918 
1436 -0.222918 
996 -0.222918 
1067 -0.222918 
309 -0.222918 
1104 -0.223779 
970 -0.223779 
355 -0.223779 
1263 -0.223779 
692 -0.223779 
1404 -0.223779 
944 -0.243674 
1366 -0.243674 
1417 -0.243674 
1426 -0.243674 
1007 -0.243674 
504 -0.243674 
923 -0.243674 
807 -0.243674 
620 -0.243674 
1445 -0.243674 
1048 -0.243674 
997 -0.253766 
290 -0.253766 
982 -0.253766 
1034 -0.253766 
151 -0.259390 
394 -0.259390 
338 -0.259390 
913 -0.259390 
197 -0.259390 
187 -0.259390 
783 -0.259390 
302 -0.259390 
1318 -0.259390 
1025 -0.259390 
1191 -0.259390 
1187 -0.259390 
1041 -0.259390 
822 -0.259390 
283 -0.259390 
125 -0.259390 
839 -0.259390 
860 -0.259390 
1367 -0.259390 
318 -0.259390 
1166 -0.266867 
180 -0.266867 
1163 -0.266867 
1049 -0.266867 
178 -0.266867 
1415 -0.266867 
1369 -0.266867 
1174 -0.266867 
1013 -0.266867 
1240 -0.273836 
8 -0.273836 
1358 -0.273836 
1394 -0.273836 
1202 -0.273836 
1208 -0.273836 
102 -0.273836 
496 -0.273836 
31 -0.273836 
1267 -0.273836 
1312 -0.280604 
230 -0.280604 
234 -0.280604 
1197 -0.280604 
255 -0.280604 
1276 -0.280604 
1357 -0.280604 
1050 -0.280604 
708 -0.280604 
966 -0.280604 
694 -0.280604 
943 -0.280604 
1338 -0.299372 
1424 -0.299372 
710 -0.299372 
907 -0.299372 
382 -0.299372 
1438 -0.299372 
1301 -0.299372 
932 -0.299372 
991 -0.299372 
951 -0.299372 
2 -0.299372 
362 -0.299372 
1107 -0.305125 
1258 -0.305125 
1203 -0.305125 
1147 -0.305125 
1296 -0.311283 
521 -0.311283 
1354 -0.311283 
1277 -0.311283 
1066 -0.313146 
1374 -0.313146 
1373 -0.313146 
1243 -0.313146 
49 -0.313146 
1419 -0.313146 
837 -0.313146 
663 -0.313146 
1044 -0.313146 
161 -0.313146 
365 -0.313146 
1440 -0.313146 
653 -0.330045 
637 -0.330045 
1344 -0.330045 
507 -0.339736 
68 -0.339736 
58 -0.339736 
226 -0.339736 
618 -0.339736 
280 -0.339736 
50 -0.339736 
347 -0.339736 
780 -0.365623 
433 -0.365623 
791 -0.365623 
1390 -0.365623 
705 -0.365623 
29 -0.365623 
529 -0.365623 
1125 -0.365623 
959 -0.365623 
241 -0.365623 
524 -0.365623 
684 -0.365623 
617 -0.365623 
738 -0.365623 
686 -0.365623 
359 -0.365623 
699 -0.365623 
107 -0.365623 
346 -0.365623 
733 -0.365623 
325 -0.377477 
1326 -0.377477 
10 -0.377477 
990 -0.377477 
1225 -0.377477 
1273 -0.377477 
1316 -0.377477 
236 -0.377477 
1169 -0.377477 
1176 -0.377477 
688 -0.377477 
702 -0.377477 
595 -0.402968 
1339 -0.402968 
1247 -0.402968 
615 -0.402968 
513 -0.402968 
1261 -0.402968 
53 -0.402968 
1264 -0.402968 
1210 -0.402968 
802 -0.402968 
747 -0.402968 
1005 -0.402968 
984 -0.404778 
1407 -0.404778 
1132 -0.404778 
319 -0.404778 
1352 -0.404778 
1368 -0.404778 
1384 -0.404778 
697 -0.404778 
110 -0.404778 
1353 -0.409845 
76 -0.409845 
439 -0.409845 
1320 -0.409845 
1245 -0.409845 
1343 -0.409845 
1310 -0.413474 
974 -0.413474 
1381 -0.413474 
765 -0.413474 
147 -0.416260 
576 -0.416260 
1340 -0.416260 
1341 -0.416260 
904 -0.416260 
27 -0.416260 
1029 -0.416260 
1425 -0.419059 
1205 -0.419059 
148 -0.419059 
1116 -0.419059 
777 -0.419059 
1406 -0.419059 
154 -0.419059 
177 -0.419059 
215 -0.419059 
1254 -0.419059 
1241 -0.419059 
508 -0.419059 
625 -0.420558 
1345 -0.420558 
1194 -0.420558 
973 -0.420558 
1131 -0.420558 
1083 -0.420558 
103 -0.420558 
1392 -0.420558 
1216 -0.420558 
1435 -0.420558 
942 -0.420558 
1012 -0.420558 
1026 -0.420558 
826 -0.425239 
930 -0.425239 
929 -0.425239 
133 -0.425239 
219 -0.427795 
166 -0.427795 
500 -0.427795 
506 -0.427795 
118 -0.427795 
993 -0.427795 
909 -0.427795 
871 -0.427795 
167 -0.427795 
635 -0.427795 
648 -0.427795 
435 -0.427795 
334 -0.427795 
477 -0.427795 
288 -0.427795 
421 -0.427795 
455 -0.427795 
404 -0.427795 
461 -0.427795 
451 -0.427795 
1207 -0.429040 
292 -0.429040 
914 -0.429040 
78 -0.429040 
169 -0.429040 
1281 -0.429040 
1028 -0.429040 
1337 -0.429040 
384 -0.435825 
114 -0.435825 
908 -0.435825 
351 -0.435825 
821 -0.435825 
632 -0.435825 
734 -0.435825 
85 -0.435825 
392 -0.435825 
448 -0.435825 
55 -0.435825 
457 -0.435825 
198 -0.435825 
1027 -0.435825 
1070 -0.435825 
522 -0.435825 
458 -0.435825 
75 -0.435825 
229 -0.435825 
979 -0.435825 
179 -0.442199 
868 -0.442199 
128 -0.442199 
599 -0.442199 
324 -0.442199 
852 -0.442199 
1201 -0.442199 
328 -0.442199 
263 -0.442199 
70 -0.442199 
471 -0.442199 
774 -0.442199 
244 -0.442199 
1165 -0.442199 
1161 -0.442199 
61 -0.442199 
585 -0.442199 
742 -0.442199 
186 -0.442199 
580 -0.442199 
829 -0.442244 
1315 -0.442244 
366 -0.442244 
1073 -0.442244 
574 -0.442244 
43 -0.442244 
486 -0.442244 
278 -0.442244 
816 -0.445959 
354 -0.445959 
1324 -0.445959 
1232 -0.445959 
1119 -0.445959 
1268 -0.446897 
1068 -0.446897 
786 -0.446897 
523 -0.446897 
986 -0.446897 
1150 -0.446897 
344 -0.446897 
6 -0.446897 
182 -0.446897 
287 -0.446897 
1082 -0.446897 
511 -0.446897 
892 -0.446897 
395 -0.446897 
405 -0.446897 
245 -0.446897 
131 -0.446897 
655 -0.446897 
140 -0.446897 
310 -0.446897 
867 -0.456213 
758 -0.456213 
7 -0.456213 
1233 -0.456213 
1429 -0.456213 
1266 -0.456213 
881 -0.468720 
35 -0.468720 
1096 -0.468720 
66 -0.468720 
764 -0.468720 
644 -0.468720 
636 -0.468720 
139 -0.468720 
566 -0.468720 
1142 -0.468720 
677 -0.468720 
531 -0.468720 
707 -0.468720 
432 -0.468720 
1159 -0.468720 
1063 -0.468720 
754 -0.468720 
1078 -0.468720 
1213 -0.468720 
117 -0.468720 
525 -0.477338 
205 -0.477338 
231 -0.477338 
1157 -0.477338 
971 -0.477338 
272 -0.477338 
170 -0.477338 
588 -0.477338 
598 -0.477338 
443 -0.477338 
150 -0.477338 
396 -0.477338 
413 -0.477338 
1385 -0.477338 
1275 -0.477338 
680 -0.477338 
664 -0.477338 
659 -0.477338 
766 -0.477338 
1011 -0.477338 
299 -0.493452 
1110 -0.493452 
865 -0.493452 
1146 -0.493452 
667 -0.493452 
25 -0.493452 
1089 -0.493452 
861 -0.493452 
444 -0.493452 
26 -0.493452 
481 -0.493452 
