5962 1
3558 0.478862 
3052 0.478862 
3053 0.478862 
3061 0.478862 
3062 0.478862 
3560 0.478862 
4859 0.478862 
5151 0.478862 
3099 0.478862 
4860 0.478862 
3101 0.478862 
3104 0.478862 
3138 0.478862 
3141 0.478862 
4604 0.478862 
3484 0.478862 
4605 0.478862 
4618 0.478862 
2993 0.478862 
5545 0.478862 
5546 0.478862 
4462 0.478862 
1851 0.478862 
2539 0.478862 
3705 0.478862 
2500 0.478862 
2991 0.478862 
3449 0.478862 
5584 0.478862 
3010 0.478862 
5138 0.478862 
5585 0.478862 
3028 0.478862 
3597 0.478862 
3595 0.478862 
3576 0.478862 
2225 0.478862 
4760 0.478862 
4735 0.478862 
4733 0.478862 
3284 0.478862 
3282 0.478862 
2268 0.478862 
3279 0.478862 
2265 0.478862 
4774 0.478862 
2226 0.478862 
2228 0.478862 
2231 0.478862 
2232 0.478862 
4691 0.478862 
5196 0.478862 
5197 0.478862 
5198 0.478862 
2305 0.478862 
3447 0.478862 
2102 0.478862 
4787 0.478862 
2103 0.478862 
3410 0.478862 
5210 0.478862 
2143 0.478862 
2151 0.478862 
4475 0.478862 
2152 0.478862 
4689 0.478862 
4690 0.478862 
3321 0.478862 
2188 0.478862 
2189 0.478862 
5184 0.478862 
2195 0.478862 
4422 0.478862 
3811 0.478862 
3814 0.478862 
3815 0.478862 
5544 0.478862 
2649 0.478862 
2650 0.478862 
3864 0.478862 
5514 0.478862 
5513 0.478862 
5001 0.478862 
4449 0.478862 
4448 0.478862 
4435 0.478862 
2685 0.478862 
3735 0.478862 
2686 0.478862 
2687 0.478862 
4417 0.478862 
5028 0.478862 
5307 0.478862 
5339 0.478862 
2704 0.478862 
5352 0.478862 
4014 0.478862 
5366 0.478862 
4051 0.478862 
4085 0.478862 
4088 0.478862 
4125 0.478862 
2596 0.478862 
3738 0.478862 
2827 0.478862 
3737 0.478862 
3734 0.478862 
1814 0.478862 
3771 0.478862 
3778 0.478862 
4455 0.478862 
2644 0.478862 
3776 0.478862 
2646 0.478862 
1777 0.478862 
2824 0.478862 
2648 0.478862 
5330 0.461199 
2194 0.461199 
5961 0.461199 
5317 0.461199 
4083 0.461199 
2191 0.461199 
5316 0.461199 
5304 0.461199 
3664 0.461199 
3681 0.461199 
3683 0.461199 
4139 0.461199 
3661 0.461199 
4137 0.461199 
4119 0.461199 
4104 0.461199 
4106 0.461199 
4109 0.461199 
4116 0.461199 
4117 0.461199 
1263 0.461199 
3587 0.461199 
3626 0.461199 
1740 0.461199 
1993 0.461199 
1260 0.461199 
1717 0.461199 
1261 0.461199 
3646 0.461199 
3647 0.461199 
3529 0.461199 
5502 0.461199 
5501 0.461199 
1301 0.461199 
1264 0.461199 
3649 0.461199 
5500 0.461199 
5499 0.461199 
3650 0.461199 
4436 0.461199 
3652 0.461199 
3653 0.461199 
1775 0.461199 
3662 0.461199 
3663 0.461199 
1300 0.461199 
749 0.461199 
4797 0.461199 
4798 0.461199 
905 0.461199 
2417 0.461199 
5135 0.461199 
2439 0.461199 
2939 0.461199 
4919 0.461199 
4920 0.461199 
4932 0.461199 
4966 0.461199 
4967 0.461199 
4988 0.461199 
4989 0.461199 
3229 0.461199 
736 0.461199 
5925 0.461199 
5928 0.461199 
5931 0.461199 
5932 0.461199 
5933 0.461199 
5954 0.461199 
5955 0.461199 
5956 0.461199 
5957 0.461199 
5958 0.461199 
5959 0.461199 
5960 0.461199 
3199 0.461199 
3227 0.461199 
3196 0.461199 
3206 0.461199 
3209 0.461199 
3207 0.461199 
1042 0.457230 
5075 0.457230 
1760 0.457230 
3831 0.457230 
3833 0.457230 
3836 0.457230 
3868 0.457230 
5063 0.457230 
813 0.457230 
3875 0.457230 
5062 0.457230 
5061 0.457230 
671 0.457230 
751 0.457230 
1846 0.457230 
4474 0.457230 
1880 0.457230 
1878 0.457230 
5230 0.457230 
5231 0.457230 
2924 0.457230 
4473 0.457230 
2891 0.457230 
1849 0.457230 
657 0.457230 
4461 0.457230 
826 0.457230 
1812 0.457230 
5244 0.457230 
1043 0.457230 
968 0.457230 
3794 0.457230 
3911 0.457230 
5035 0.457230 
1575 0.457230 
1570 0.457230 
1569 0.457230 
1451 0.457230 
1453 0.457230 
1456 0.457230 
699 0.457230 
5036 0.457230 
4152 0.457230 
1535 0.457230 
1532 0.457230 
1037 0.457230 
1490 0.457230 
2263 0.457230 
1491 0.457230 
1492 0.457230 
4364 0.457230 
3909 0.457230 
814 0.457230 
5048 0.457230 
684 0.457230 
4446 0.457230 
738 0.457230 
2679 0.457230 
686 0.457230 
3907 0.457230 
1039 0.457230 
1038 0.457230 
1422 0.457230 
1424 0.457230 
1612 0.457230 
4153 0.457230 
697 0.457230 
1120 0.457230 
868 0.457230 
920 0.457230 
970 0.457230 
5204 0.457230 
1950 0.457230 
2029 0.457230 
2028 0.457230 
5205 0.457230 
4530 0.457230 
1157 0.457230 
1154 0.457230 
3417 0.457230 
2026 0.457230 
2025 0.457230 
1985 0.457230 
1986 0.457230 
1116 0.457230 
1115 0.457230 
1991 0.457230 
1992 0.457230 
5217 0.457230 
1114 0.457230 
5218 0.457230 
1079 0.457230 
1080 0.457230 
841 0.457230 
2304 0.457230 
855 0.457230 
840 0.457230 
3384 0.457230 
3420 0.457230 
853 0.457230 
1077 0.457230 
3976 0.455613 
3975 0.455613 
4103 0.455613 
3222 0.455613 
4102 0.455613 
4101 0.455613 
1995 0.455613 
4323 0.455613 
967 0.455613 
1005 0.455613 
1001 0.455613 
4324 0.455613 
1496 0.455613 
1647 0.455613 
1495 0.455613 
2367 0.455613 
1040 0.455613 
2094 0.455613 
2339 0.455613 
4134 0.455613 
2093 0.455613 
969 0.455613 
711 0.455613 
1002 0.455613 
4132 0.455613 
1461 0.455613 
2337 0.455613 
909 0.455613 
1452 0.455613 
3480 0.455613 
4100 0.455613 
5156 0.455613 
698 0.455613 
3519 0.455613 
3522 0.455613 
1004 0.455613 
1429 0.455613 
1427 0.455613 
1609 0.455613 
3978 0.455613 
3977 0.455613 
867 0.455613 
1951 0.455613 
1948 0.455613 
3643 0.455613 
3645 0.455613 
2624 0.455613 
2599 0.455613 
971 0.455613 
631 0.455613 
632 0.455613 
827 0.455613 
4930 0.455613 
4928 0.455613 
5099 0.455613 
658 0.455613 
645 0.455613 
644 0.455613 
973 0.455613 
1913 0.455613 
1236 0.455613 
1235 0.455613 
1912 0.455613 
1881 0.455613 
4916 0.455613 
1883 0.455613 
1232 0.455613 
3678 0.455613 
1729 0.455613 
2407 0.455613 
2408 0.455613 
2406 0.455613 
3190 0.455613 
882 0.455613 
1192 0.455613 
1193 0.455613 
1277 0.455613 
800 0.455613 
3068 0.455613 
1233 0.455613 
1652 0.455613 
801 0.455613 
5285 0.439095 
5116 0.439095 
4778 0.439095 
3571 0.439095 
4064 0.439095 
4960 0.439095 
4947 0.439095 
4946 0.439095 
730 0.433131 
716 0.433131 
1204 0.433131 
899 0.433131 
731 0.433131 
704 0.433131 
4403 0.433131 
1209 0.433131 
1246 0.433131 
1205 0.433131 
886 0.433131 
718 0.433131 
4276 0.433131 
4234 0.433131 
4221 0.433131 
717 0.433131 
2221 0.433131 
1684 0.433131 
1685 0.433131 
2101 0.433131 
3602 0.431645 
4444 0.431645 
2859 0.431645 
2590 0.431645 
3464 0.431645 
5297 0.431645 
5298 0.431645 
5310 0.431645 
5311 0.431645 
5312 0.431645 
4337 0.431645 
4336 0.431645 
4674 0.431645 
3109 0.431645 
2170 0.431645 
1355 0.431645 
1358 0.431645 
1949 0.431645 
1875 0.431645 
3671 0.431645 
2761 0.431645 
3148 0.431645 
2673 0.431645 
3146 0.431645 
3634 0.431645 
5155 0.431645 
4557 0.431645 
4488 0.431645 
2785 0.431645 
3608 0.431645 
4542 0.431645 
770 0.431645 
3605 0.431645 
4555 0.431645 
5324 0.431645 
4062 0.431645 
3175 0.431645 
3178 0.431645 
952 0.431645 
2724 0.431645 
939 0.431645 
4066 0.431645 
5142 0.431645 
2303 0.431645 
4063 0.431645 
3149 0.431645 
4813 0.431645 
4021 0.431645 
4061 0.431645 
4059 0.431645 
5128 0.431645 
1395 0.431645 
2302 0.431645 
4022 0.431645 
5143 0.431645 
4095 0.431645 
3215 0.431645 
4800 0.431645 
5129 0.431645 
2266 0.431645 
2509 0.431645 
2436 0.431645 
4790 0.431645 
4099 0.431645 
4098 0.431645 
4702 0.431645 
2003 0.420577 
4621 0.420577 
5077 0.420577 
5864 0.420577 
1230 0.420577 
1229 0.420577 
3153 0.420577 
1963 0.420577 
5863 0.420577 
5862 0.420577 
2639 0.420577 
2176 0.420577 
2460 0.420577 
1266 0.420577 
2140 0.420577 
5825 0.420577 
2907 0.420577 
2951 0.420577 
2908 0.420577 
2950 0.420577 
2139 0.420577 
4721 0.420577 
2177 0.420577 
2198 0.420577 
2199 0.420577 
929 0.420577 
2236 0.420577 
4908 0.420577 
4601 0.420577 
5826 0.420577 
2138 0.420577 
2275 0.420577 
2278 0.420577 
2457 0.420577 
5827 0.420577 
3421 0.420577 
3422 0.420577 
5828 0.420577 
5829 0.420577 
927 0.420577 
2870 0.420577 
3460 0.420577 
2041 0.420577 
2004 0.420577 
5902 0.420577 
5907 0.420577 
5906 0.420577 
5905 0.420577 
5464 0.420577 
5049 0.420577 
5465 0.420577 
4247 0.420577 
5904 0.420577 
5903 0.420577 
5910 0.420577 
5477 0.420577 
5478 0.420577 
5479 0.420577 
5325 0.420577 
5865 0.420577 
3953 0.420577 
907 0.420577 
1326 0.420577 
5939 0.420577 
894 0.420577 
5945 0.420577 
5944 0.420577 
5943 0.420577 
712 0.420577 
5942 0.420577 
5941 0.420577 
5940 0.420577 
3954 0.420577 
5938 0.420577 
3085 0.420577 
724 0.420577 
725 0.420577 
5451 0.420577 
901 0.420577 
893 0.420577 
5452 0.420577 
5899 0.420577 
1289 0.420577 
1288 0.420577 
3915 0.420577 
1325 0.420577 
1683 0.420577 
1686 0.420577 
4452 0.420577 
1268 0.420577 
1267 0.420577 
3913 0.420577 
3874 0.420577 
1723 0.420577 
1785 0.420577 
1249 0.420577 
2420 0.420577 
914 0.420577 
5867 0.420577 
5866 0.420577 
3950 0.420577 
5490 0.420577 
5491 0.420577 
5492 0.420577 
4383 0.420577 
1308 0.420577 
5493 0.420577 
1305 0.420577 
5494 0.420577 
5901 0.420577 
5900 0.420577 
3965 0.412451 
5278 0.412451 
3968 0.412451 
3969 0.412451 
3966 0.412451 
3552 0.412451 
4008 0.412451 
5264 0.412451 
5252 0.412451 
4940 0.412451 
5109 0.412451 
5265 0.412451 
4771 0.412451 
2760 0.411237 
2409 0.411237 
2403 0.411237 
2751 0.411237 
1493 0.411237 
2717 0.411237 
2718 0.411237 
2720 0.411237 
2723 0.411237 
734 0.411237 
747 0.411237 
4995 0.411237 
4994 0.411237 
4993 0.411237 
2443 0.411237 
2754 0.411237 
2757 0.411237 
2758 0.411237 
2713 0.411237 
828 0.411237 
2517 0.411237 
2447 0.411237 
2446 0.411237 
2444 0.411237 
3935 0.411237 
1419 0.411237 
1417 0.411237 
1396 0.411237 
4257 0.411237 
1359 0.411237 
4293 0.411237 
4306 0.411237 
4317 0.411237 
4318 0.411237 
4351 0.411237 
3974 0.411237 
3934 0.411237 
3898 0.411237 
1708 0.411237 
1711 0.411237 
1810 0.411237 
4458 0.411237 
1813 0.411237 
1845 0.411237 
1850 0.411237 
4081 0.411237 
4118 0.411237 
1498 0.411237 
4121 0.411237 
4122 0.411237 
4123 0.411237 
4124 0.411237 
1533 0.411237 
1536 0.411237 
1537 0.411237 
3693 0.411237 
1460 0.411237 
1457 0.411237 
4147 0.411237 
4149 0.411237 
4150 0.411237 
4154 0.411237 
4155 0.411237 
1428 0.411237 
1426 0.411237 
974 0.411237 
2162 0.411237 
2206 0.411237 
3240 0.411237 
3239 0.411237 
3237 0.411237 
2253 0.411237 
2269 0.411237 
3214 0.411237 
3211 0.411237 
3208 0.411237 
4657 0.411237 
972 0.411237 
2306 0.411237 
3174 0.411237 
3171 0.411237 
2330 0.411237 
2338 0.411237 
2369 0.411237 
2370 0.411237 
903 0.411237 
1953 0.411237 
3691 0.411237 
1871 0.411237 
1873 0.411237 
1884 0.411237 
3668 0.411237 
3667 0.411237 
3665 0.411237 
4493 0.411237 
1952 0.411237 
3043 0.411237 
1988 0.411237 
1989 0.411237 
4627 0.411237 
4628 0.411237 
4629 0.411237 
4631 0.411237 
4642 0.411237 
4643 0.411237 
4644 0.411237 
5267 0.411237 
5085 0.411237 
659 0.411237 
5215 0.411237 
5333 0.411237 
5254 0.411237 
5072 0.411237 
5268 0.411237 
5228 0.411237 
5280 0.411237 
5227 0.411237 
5164 0.411237 
5241 0.411237 
5266 0.411237 
5229 0.411237 
4805 0.410928 
3919 0.410928 
3241 0.410928 
1423 0.410928 
5249 0.410928 
3266 0.410928 
5009 0.410928 
3193 0.410928 
3155 0.410928 
3757 0.410928 
3194 0.410928 
3507 0.410928 
1906 0.410928 
5080 0.410928 
3584 0.410928 
3469 0.410928 
4658 0.410928 
4938 0.410928 
2331 0.410928 
2356 0.410928 
3465 0.410928 
2399 0.410928 
3886 0.410928 
3885 0.410928 
3883 0.410928 
3882 0.410928 
4685 0.410928 
3962 0.410928 
3963 0.410928 
4671 0.410928 
2849 0.410928 
2813 0.410928 
2812 0.410928 
2810 0.410928 
3759 0.410928 
4672 0.410928 
4348 0.410928 
3960 0.410928 
4673 0.410928 
3651 0.410928 
5191 0.410928 
3508 0.410928 
4742 0.410928 
4741 0.410928 
2741 0.410928 
4038 0.410928 
4001 0.410928 
3541 0.410928 
3959 0.410928 
4792 0.410928 
3925 0.410928 
3926 0.410928 
4321 0.410928 
3399 0.410928 
3720 0.410928 
5022 0.410928 
2855 0.410928 
2853 0.410928 
2852 0.410928 
1877 0.410928 
3920 0.410928 
3339 0.410592 
3832 0.410592 
3834 0.410592 
3798 0.410592 
3835 0.410592 
3801 0.410592 
3795 0.410592 
2468 0.410592 
3871 0.410592 
3416 0.410592 
3415 0.410592 
2885 0.410592 
2888 0.410592 
4879 0.410592 
2922 0.410592 
2923 0.410592 
2925 0.410592 
2962 0.410592 
4866 0.410592 
2432 0.410592 
2431 0.410592 
2429 0.410592 
3379 0.410592 
3378 0.410592 
3376 0.410592 
3872 0.410592 
3870 0.410592 
3020 0.408004 
5233 0.408004 
5232 0.408004 
3423 0.408004 
3880 0.408004 
2604 0.408004 
2603 0.408004 
1531 0.408004 
2525 0.408004 
4726 0.408004 
3914 0.408004 
3013 0.408004 
4575 0.408004 
5220 0.408004 
3879 0.408004 
3877 0.408004 
3876 0.408004 
3873 0.408004 
5064 0.408004 
4894 0.408004 
4895 0.408004 
5246 0.408004 
3658 0.391627 
4228 0.391627 
3689 0.391627 
3687 0.391627 
1889 0.391627 
1891 0.391627 
4241 0.391627 
883 0.391627 
5331 0.391627 
3659 0.391627 
1589 0.391627 
1628 0.391627 
4804 0.391627 
4115 0.391627 
4113 0.391627 
4112 0.391627 
1665 0.391627 
1512 0.391627 
1655 0.391627 
4078 0.391627 
4120 0.391627 
4786 0.391627 
1626 0.391627 
1625 0.391627 
1623 0.391627 
4773 0.391627 
4759 0.391627 
1591 0.391627 
4148 0.391627 
4201 0.391627 
4188 0.391627 
4174 0.391627 
4173 0.391627 
1435 0.391627 
5162 0.391627 
1437 0.391627 
5163 0.391627 
4215 0.391627 
4146 0.391627 
3848 0.391627 
4145 0.391627 
4143 0.391627 
1473 0.391627 
3891 0.391627 
3892 0.391627 
3168 0.391627 
4977 0.391627 
728 0.391627 
3113 0.391627 
2329 0.391627 
3150 0.391627 
2327 0.391627 
3151 0.391627 
3152 0.391627 
3156 0.391627 
3098 0.391627 
727 0.391627 
3202 0.391627 
3205 0.391627 
726 0.391627 
1211 0.391627 
3235 0.391627 
4635 0.391627 
4636 0.391627 
740 0.391627 
2515 0.391627 
2501 0.391627 
2491 0.391627 
2535 0.391627 
2461 0.391627 
2538 0.391627 
1095 0.391627 
1137 0.391627 
3233 0.391627 
5055 0.391627 
4992 0.391627 
4991 0.391627 
4553 0.391627 
1174 0.391627 
2572 0.391627 
2575 0.391627 
4566 0.391627 
3616 0.391627 
2047 0.391627 
3518 0.391627 
2745 0.391627 
4648 0.391627 
2734 0.391627 
4655 0.391627 
4656 0.391627 
3615 0.391627 
4579 0.391627 
3618 0.391627 
2696 0.391627 
3619 0.391627 
3621 0.391627 
3655 0.391627 
1924 0.391627 
4328 0.391627 
4327 0.391627 
2084 0.391627 
2608 0.391627 
2783 0.391627 
2781 0.391627 
714 0.391627 
2767 0.391627 
2121 0.391627 
2748 0.391627 
2755 0.391627 
3398 0.391627 
5097 0.391627 
1140 0.390031 
540 0.390031 
541 0.390031 
1556 0.390031 
539 0.390031 
397 0.390031 
396 0.390031 
371 0.390031 
370 0.390031 
706 0.390031 
537 0.390031 
538 0.390031 
369 0.390031 
373 0.390031 
372 0.390031 
512 0.390031 
1218 0.390031 
1219 0.390031 
1222 0.390031 
525 0.390031 
435 0.390031 
524 0.390031 
436 0.390031 
437 0.390031 
438 0.390031 
1216 0.390031 
4203 0.390031 
1251 0.390031 
1252 0.390031 
1255 0.390031 
1259 0.390031 
4251 0.390031 
4253 0.390031 
4407 0.390031 
409 0.390031 
1141 0.390031 
399 0.390031 
400 0.390031 
1145 0.390031 
401 0.390031 
402 0.390031 
403 0.390031 
408 0.390031 
398 0.390031 
1175 0.390031 
1179 0.390031 
411 0.390031 
412 0.390031 
1182 0.390031 
526 0.390031 
1212 0.390031 
1214 0.390031 
215 0.390031 
177 0.390031 
178 0.390031 
179 0.390031 
180 0.390031 
181 0.390031 
183 0.390031 
184 0.390031 
2153 0.390031 
2150 0.390031 
3431 0.390031 
211 0.390031 
212 0.390031 
213 0.390031 
214 0.390031 
176 0.390031 
2022 0.390031 
216 0.390031 
217 0.390031 
218 0.390031 
219 0.390031 
220 0.390031 
221 0.390031 
223 0.390031 
224 0.390031 
248 0.390031 
249 0.390031 
250 0.390031 
251 0.390031 
103 0.390031 
2681 0.390031 
2643 0.390031 
2641 0.390031 
2640 0.390031 
2607 0.390031 
2606 0.390031 
2568 0.390031 
2564 0.390031 
2563 0.390031 
2895 0.390031 
2937 0.390031 
2482 0.390031 
3009 0.390031 
3011 0.390031 
252 0.390031 
104 0.390031 
106 0.390031 
107 0.390031 
3097 0.390031 
140 0.390031 
141 0.390031 
142 0.390031 
143 0.390031 
144 0.390031 
146 0.390031 
147 0.390031 
174 0.390031 
175 0.390031 
1677 0.390031 
322 0.390031 
323 0.390031 
324 0.390031 
1697 0.390031 
1696 0.390031 
325 0.390031 
326 0.390031 
327 0.390031 
330 0.390031 
331 0.390031 
332 0.390031 
333 0.390031 
334 0.390031 
335 0.390031 
1730 0.390031 
1673 0.390031 
1672 0.390031 
1657 0.390031 
1656 0.390031 
1636 0.390031 
1634 0.390031 
359 0.390031 
360 0.390031 
361 0.390031 
362 0.390031 
363 0.390031 
364 0.390031 
1595 0.390031 
289 0.390031 
253 0.390031 
254 0.390031 
255 0.390031 
256 0.390031 
257 0.390031 
258 0.390031 
259 0.390031 
260 0.390031 
261 0.390031 
262 0.390031 
285 0.390031 
286 0.390031 
287 0.390031 
288 0.390031 
368 0.390031 
290 0.390031 
291 0.390031 
292 0.390031 
293 0.390031 
294 0.390031 
295 0.390031 
296 0.390031 
297 0.390031 
298 0.390031 
300 0.390031 
301 0.390031 
1734 0.390031 
1731 0.390031 
592 0.390031 
551 0.390031 
565 0.390031 
550 0.390031 
566 0.390031 
693 0.390031 
589 0.390031 
590 0.390031 
732 0.390031 
564 0.390031 
593 0.390031 
891 0.390031 
576 0.390031 
567 0.390031 
568 0.390031 
733 0.390031 
875 0.390031 
745 0.390031 
720 0.390031 
616 0.390031 
719 0.390031 
563 0.390031 
617 0.390031 
902 0.390031 
694 0.390031 
580 0.390031 
579 0.390031 
4591 0.390031 
4715 0.390031 
554 0.390031 
553 0.390031 
4630 0.390031 
552 0.390031 
849 0.390031 
577 0.390031 
602 0.390031 
606 0.390031 
888 0.390031 
889 0.390031 
4602 0.390031 
604 0.390031 
1102 0.390031 
607 0.390031 
1101 0.390031 
4603 0.390031 
707 0.390031 
4617 0.390031 
603 0.390031 
876 0.390031 
2365 0.379122 
999 0.379122 
1455 0.379122 
2364 0.379122 
2362 0.379122 
1458 0.379122 
1942 0.379122 
1909 0.379122 
1879 0.379122 
1943 0.379122 
1907 0.379122 
4322 0.379122 
1425 0.379122 
4334 0.379122 
4335 0.379122 
2335 0.379122 
2815 0.379122 
998 0.379122 
1910 0.379122 
1454 0.379122 
2903 0.347884 
1675 0.347884 
3775 0.347884 
1487 0.347884 
4867 0.347884 
2969 0.347884 
4713 0.347884 
2970 0.347884 
3345 0.347884 
3381 0.347884 
3320 0.347884 
1996 0.347884 
4594 0.347884 
4882 0.347884 
4544 0.347884 
3344 0.347884 
2656 0.347884 
4197 0.347884 
4622 0.347884 
3458 0.347884 
2931 0.347884 
4845 0.347884 
3382 0.347884 
1524 0.347884 
4535 0.347884 
3403 0.347884 
2976 0.347884 
1984 0.347884 
4533 0.347884 
1981 0.347884 
4534 0.347884 
1525 0.347884 
3162 0.346539 
2912 0.346539 
4625 0.346539 
2476 0.346539 
4375 0.346539 
4207 0.346539 
4537 0.346539 
4376 0.346539 
4206 0.346539 
2021 0.346539 
3351 0.341764 
498 0.341764 
499 0.341764 
3741 0.341764 
5002 0.341764 
485 0.341764 
486 0.341764 
4196 0.341764 
4434 0.341764 
5144 0.341764 
4663 0.341764 
2795 0.341764 
4277 0.341764 
2190 0.341764 
5326 0.341764 
3281 0.341764 
3707 0.341764 
1940 0.341764 
3251 0.341764 
2513 0.341764 
1032 0.341764 
4333 0.341764 
1449 0.341764 
1446 0.341764 
2224 0.341764 
1031 0.341764 
67 0.341764 
1027 0.341764 
66 0.341764 
655 0.341764 
64 0.341764 
2828 0.341764 
4380 0.341764 
1483 0.341764 
2830 0.341764 
654 0.341764 
4365 0.341764 
5300 0.341764 
63 0.341764 
5313 0.341764 
4211 0.341764 
1034 0.341764 
812 0.341764 
811 0.341764 
1041 0.341764 
3287 0.341764 
105 0.341764 
4065 0.341764 
2036 0.341764 
836 0.341764 
5171 0.341764 
2374 0.341764 
2341 0.341764 
2371 0.341764 
2645 0.341764 
513 0.341764 
3533 0.341764 
138 0.341764 
994 0.341764 
1074 0.341764 
139 0.341764 
997 0.341764 
102 0.341764 
101 0.341764 
823 0.341764 
1064 0.341764 
673 0.341764 
824 0.341764 
1538 0.341764 
1066 0.341764 
137 0.341764 
842 0.341764 
667 0.341764 
100 0.341764 
511 0.341764 
3796 0.336356 
4868 0.336356 
3840 0.336356 
3342 0.336356 
4550 0.336356 
2529 0.336356 
5037 0.336356 
4686 0.336356 
3343 0.336356 
3839 0.336356 
4855 0.336356 
3304 0.336356 
3797 0.336356 
3802 0.336356 
1564 0.336356 
3045 0.336356 
2850 0.336356 
3762 0.336356 
4699 0.336356 
3346 0.336356 
5192 0.336356 
3265 0.336356 
3760 0.336356 
5193 0.336356 
4584 0.336356 
3837 0.336356 
3498 0.336356 
5180 0.336356 
2887 0.336356 
2949 0.336356 
5206 0.336356 
1834 0.332199 
2248 0.332199 
2534 0.332199 
4468 0.332199 
4395 0.332199 
4985 0.325550 
1750 0.325550 
1749 0.325550 
4984 0.325550 
783 0.325550 
951 0.325550 
4972 0.325550 
3673 0.325550 
3675 0.325550 
3144 0.325550 
4971 0.325550 
935 0.325550 
3676 0.325550 
3110 0.325550 
3677 0.325550 
2906 0.325550 
4816 0.325550 
3145 0.325550 
3679 0.325550 
782 0.325550 
3147 0.325550 
3108 0.325550 
3106 0.325550 
4802 0.325550 
950 0.325550 
4016 0.325550 
2909 0.325550 
4789 0.325550 
4788 0.325550 
3069 0.325550 
4970 0.325550 
781 0.325550 
4060 0.325550 
3221 0.325550 
4053 0.325550 
3220 0.325550 
2271 0.325550 
4054 0.325550 
4958 0.325550 
3219 0.325550 
4055 0.325550 
4056 0.325550 
795 0.325550 
4057 0.325550 
4959 0.325550 
4957 0.325550 
5154 0.325550 
1803 0.325550 
4097 0.325550 
4096 0.325550 
4094 0.325550 
4093 0.325550 
3143 0.325550 
4090 0.325550 
4092 0.325550 
4091 0.325550 
3186 0.325550 
4775 0.325550 
2309 0.325550 
4762 0.325550 
3181 0.325550 
3980 0.325550 
4987 0.325550 
5153 0.325550 
4017 0.325550 
4135 0.325550 
4133 0.325550 
3184 0.325550 
4986 0.325550 
4131 0.325550 
4130 0.325550 
4129 0.325550 
4128 0.325550 
3225 0.325550 
4018 0.325550 
4019 0.325550 
3223 0.325550 
4020 0.325550 
1840 0.325550 
3187 0.325550 
1353 0.325550 
3567 0.325550 
2654 0.325550 
2652 0.325550 
3644 0.325550 
3641 0.325550 
5126 0.325550 
4270 0.325550 
3640 0.325550 
3639 0.325550 
3638 0.325550 
3637 0.325550 
4646 0.325550 
4454 0.325550 
3598 0.325550 
5113 0.325550 
3599 0.325550 
3635 0.325550 
2615 0.325550 
3600 0.325550 
5323 0.325550 
2728 0.325550 
3601 0.325550 
3603 0.325550 
2617 0.325550 
3604 0.325550 
2689 0.325550 
2057 0.325550 
3607 0.325550 
5295 0.325550 
3566 0.325550 
2701 0.325550 
3524 0.325550 
2725 0.325550 
2203 0.325550 
2727 0.325550 
3525 0.325550 
5140 0.325550 
5139 0.325550 
1386 0.325550 
2763 0.325550 
2766 0.325550 
4931 0.325550 
2691 0.325550 
3561 0.325550 
3564 0.325550 
4632 0.325550 
4945 0.325550 
3562 0.325550 
4944 0.325550 
3563 0.325550 
3047 0.323422 
1316 0.323422 
3406 0.323422 
4443 0.323422 
1282 0.323422 
3859 0.323422 
1735 0.323422 
911 0.323422 
3405 0.323422 
1276 0.323422 
1275 0.323422 
4890 0.323422 
4903 0.323422 
1238 0.323422 
2670 0.323422 
2989 0.323422 
1239 0.323422 
1242 0.323422 
1241 0.323422 
4265 0.323422 
2229 0.323422 
742 0.323422 
2192 0.323422 
729 0.323422 
4876 0.323422 
4564 0.323422 
1319 0.323422 
890 0.319069 
1258 0.319069 
1257 0.319069 
1220 0.319069 
1217 0.319069 
2125 0.319069 
1671 0.319069 
1215 0.319069 
1254 0.319069 
1221 0.319069 
708 0.319069 
1674 0.319069 
4413 0.319069 
1138 0.319069 
862 0.319069 
1177 0.319069 
1178 0.319069 
1180 0.319069 
1181 0.319069 
721 0.319069 
1299 0.319069 
5837 0.309143 
5752 0.309143 
3526 0.309143 
3905 0.309143 
5791 0.309143 
5114 0.309143 
5836 0.309143 
5832 0.309143 
5751 0.309143 
5838 0.309143 
5792 0.309143 
3955 0.309143 
5868 0.309143 
4023 0.309143 
4024 0.309143 
4026 0.309143 
4027 0.309143 
4029 0.309143 
5869 0.309143 
3568 0.309143 
5480 0.309143 
3982 0.309143 
5115 0.309143 
5468 0.309143 
5875 0.309143 
5467 0.309143 
4905 0.309143 
5874 0.309143 
5796 0.309143 
5466 0.309143 
5455 0.309143 
5454 0.309143 
5453 0.309143 
5873 0.309143 
5872 0.309143 
3979 0.309143 
5795 0.309143 
5127 0.309143 
5871 0.309143 
3984 0.309143 
3986 0.309143 
3988 0.309143 
3989 0.309143 
5678 0.309143 
3035 0.309143 
5677 0.309143 
5440 0.309143 
5870 0.309143 
5794 0.309143 
5830 0.309143 
5793 0.309143 
5831 0.309143 
5269 0.309143 
5915 0.309143 
5271 0.309143 
5788 0.309143 
5912 0.309143 
5714 0.309143 
5911 0.309143 
5399 0.309143 
5270 0.309143 
5141 0.309143 
5308 0.309143 
5309 0.309143 
3487 0.309143 
5758 0.309143 
3908 0.309143 
5715 0.309143 
5789 0.309143 
5282 0.309143 
5296 0.309143 
3943 0.309143 
5284 0.309143 
3450 0.309143 
3944 0.309143 
3489 0.309143 
3491 0.309143 
5283 0.309143 
5481 0.309143 
5833 0.309143 
3945 0.309143 
5074 0.309143 
3948 0.309143 
3494 0.309143 
5908 0.309143 
3910 0.309143 
5482 0.309143 
5426 0.309143 
3951 0.309143 
5753 0.309143 
5087 0.309143 
5757 0.309143 
5427 0.309143 
5243 0.309143 
5100 0.309143 
5425 0.309143 
5835 0.309143 
5438 0.309143 
5439 0.309143 
5756 0.309143 
5755 0.309143 
5718 0.309143 
5914 0.309143 
5754 0.309143 
5790 0.309143 
5717 0.309143 
5322 0.309143 
4918 0.309143 
5716 0.309143 
5258 0.309143 
3949 0.309143 
3906 0.309143 
5909 0.309143 
5834 0.309143 
5089 0.309143 
4058 0.309143 
5876 0.309143 
5412 0.309143 
5413 0.309143 
2943 0.292431 
2392 0.292431 
4529 0.292431 
1901 0.292431 
2395 0.292431 
2394 0.292431 
4548 0.292431 
4515 0.292431 
4393 0.292431 
1016 0.292431 
2811 0.292431 
1012 0.292431 
4731 0.292431 
1051 0.292431 
2848 0.292431 
817 0.292431 
2450 0.292431 
2449 0.292431 
818 0.292431 
1938 0.292431 
4562 0.292431 
3470 0.292431 
2355 0.292431 
2528 0.292431 
4502 0.292431 
4900 0.292431 
2422 0.282605 
1894 0.282605 
124 0.282605 
4838 0.282605 
4836 0.282605 
4911 0.282605 
4837 0.282605 
2110 0.282605 
3505 0.282605 
125 0.282605 
164 0.282605 
1829 0.282605 
1832 0.282605 
3718 0.282605 
3717 0.282605 
3716 0.282605 
3334 0.282605 
2249 0.282605 
3714 0.282605 
3258 0.282605 
3260 0.282605 
3262 0.282605 
860 0.282605 
165 0.282605 
1929 0.282605 
873 0.282605 
3291 0.282605 
3300 0.282605 
3294 0.282605 
3299 0.282605 
3298 0.282605 
3297 0.282605 
1896 0.282605 
3295 0.282605 
1971 0.282605 
2040 0.282605 
845 0.282605 
847 0.282605 
3542 0.282605 
4851 0.282605 
4852 0.282605 
3791 0.282605 
4936 0.282605 
2286 0.282605 
3363 0.282605 
3348 0.282605 
126 0.282605 
1967 0.282605 
3756 0.282605 
3755 0.282605 
3754 0.282605 
3753 0.282605 
3752 0.282605 
3751 0.282605 
3749 0.282605 
3748 0.282605 
3746 0.282605 
4342 0.282605 
4285 0.282605 
4286 0.282605 
689 0.282605 
691 0.282605 
692 0.282605 
2844 0.282605 
2841 0.282605 
2838 0.282605 
4237 0.282605 
4343 0.282605 
4357 0.282605 
4368 0.282605 
4370 0.282605 
2806 0.282605 
2804 0.282605 
493 0.282605 
494 0.282605 
5007 0.282605 
87 0.282605 
678 0.282605 
1508 0.282605 
88 0.282605 
1546 0.282605 
1547 0.282605 
1548 0.282605 
1549 0.282605 
2350 0.282605 
1582 0.282605 
1583 0.282605 
1585 0.282605 
2348 0.282605 
4199 0.282605 
5021 0.282605 
676 0.282605 
2881 0.282605 
2381 0.282605 
1093 0.282605 
4624 0.282605 
4499 0.282605 
4498 0.282605 
2742 0.282605 
521 0.282605 
520 0.282605 
2740 0.282605 
2739 0.282605 
1135 0.282605 
2384 0.282605 
507 0.282605 
1131 0.282605 
2388 0.282605 
506 0.282605 
508 0.282605 
2385 0.282605 
2941 0.275960 
2902 0.275960 
2904 0.275960 
4177 0.275960 
2905 0.275960 
1028 0.275960 
3395 0.275960 
4703 0.275960 
4192 0.275960 
1519 0.275960 
2938 0.275960 
2942 0.275960 
1482 0.275960 
1105 0.275960 
2070 0.275960 
1521 0.275960 
4717 0.275960 
1485 0.275960 
4716 0.275960 
3319 0.275960 
1978 0.275960 
4433 0.275960 
1065 0.275960 
4885 0.275960 
3353 0.275960 
1068 0.275960 
2186 0.275960 
3358 0.275960 
2642 0.275960 
4886 0.275960 
1941 0.275960 
5237 0.275960 
4190 0.275960 
2864 0.275960 
2865 0.275960 
4872 0.275960 
2015 0.275960 
4223 0.275960 
5224 0.275960 
5041 0.275960 
2898 0.275960 
5211 0.275960 
2899 0.275960 
5223 0.275960 
1522 0.275960 
5054 0.275960 
910 0.275960 
3816 0.275960 
3808 0.275960 
3813 0.275960 
3889 0.275960 
1732 0.275960 
3812 0.275960 
3845 0.275960 
3888 0.275960 
1528 0.275960 
3852 0.275960 
3851 0.275960 
3850 0.275960 
3849 0.275960 
2980 0.275960 
3846 0.275960 
3305 0.267231 
4503 0.267231 
4516 0.267231 
991 0.267231 
2892 0.267231 
4829 0.267231 
2893 0.267231 
2866 0.267231 
2896 0.267231 
2897 0.267231 
4996 0.267231 
5165 0.267231 
2551 0.267231 
1420 0.267231 
4164 0.267231 
3271 0.267231 
3270 0.267231 
3268 0.267231 
3267 0.267231 
1876 0.267231 
2332 0.267231 
4489 0.267231 
4460 0.267231 
4840 0.267231 
3079 0.267231 
2786 0.267231 
2788 0.267231 
2790 0.267231 
3347 0.267231 
2397 0.267231 
2398 0.267231 
2814 0.267231 
2401 0.267231 
4870 0.267231 
4490 0.267231 
1944 0.267231 
4319 0.267231 
4291 0.267231 
3992 0.267231 
2334 0.267231 
2854 0.267231 
2863 0.267231 
2301 0.267231 
3307 0.267231 
1847 0.267231 
3700 0.267231 
3242 0.267231 
4827 0.267231 
4701 0.267231 
4828 0.267231 
2437 0.267231 
2358 0.267231 
4858 0.267231 
1848 0.267231 
2477 0.267231 
2357 0.267231 
2438 0.267231 
3495 0.267231 
1484 0.267231 
3727 0.267231 
3721 0.267231 
3722 0.267231 
3723 0.267231 
3724 0.267231 
2267 0.267231 
3696 0.267231 
3244 0.267231 
2478 0.267231 
2361 0.267231 
2264 0.267231 
3698 0.267231 
2514 0.267231 
2933 0.267231 
1445 0.267231 
2932 0.267231 
2497 0.226632 
1728 0.226632 
3787 0.226632 
5058 0.226632 
1650 0.226632 
1727 0.226632 
5177 0.226632 
5190 0.226632 
3719 0.226632 
4249 0.226632 
3783 0.226632 
1690 0.226632 
5346 0.226632 
5188 0.226632 
2952 0.226632 
5176 0.226632 
5189 0.226632 
3824 0.226632 
3823 0.226632 
5018 0.226632 
5202 0.226632 
3407 0.226632 
5046 0.226632 
1724 0.226632 
5019 0.226632 
3057 0.226632 
1725 0.226632 
5033 0.226632 
5008 0.226632 
2144 0.226632 
1210 0.219688 
1128 0.219688 
1133 0.219688 
1058 0.219688 
1132 0.219688 
1624 0.219688 
1629 0.219688 
1206 0.219688 
4382 0.219688 
1207 0.219688 
4397 0.219688 
859 0.219688 
1590 0.219688 
2042 0.219688 
2080 0.219688 
1247 0.219688 
1094 0.219688 
1167 0.219688 
1168 0.219688 
900 0.219688 
1169 0.219688 
1172 0.219688 
703 0.219688 
1587 0.219688 
887 0.219688 
1173 0.219688 
885 0.219688 
2044 0.219688 
1127 0.219688 
1136 0.219688 
872 0.219688 
1134 0.219688 
2083 0.219688 
1661 0.219688 
690 0.219688 
3453 0.200760 
4567 0.200760 
2086 0.200760 
1670 0.200760 
4543 0.200760 
5219 0.200760 
4541 0.200760 
3383 0.200760 
2049 0.200760 
4554 0.200760 
2052 0.200760 
4528 0.200760 
3490 0.200760 
2020 0.200760 
2019 0.200760 
2018 0.200760 
2017 0.200760 
1669 0.200760 
2013 0.200760 
2012 0.200760 
1520 0.200760 
5050 0.200760 
2503 0.200760 
2889 0.200760 
1937 0.200760 
2890 0.200760 
2930 0.200760 
2929 0.200760 
2928 0.200760 
2996 0.200760 
4712 0.200760 
4359 0.200760 
4374 0.200760 
2959 0.200760 
2473 0.200760 
2472 0.200760 
2542 0.200760 
1979 0.200760 
2454 0.200760 
1976 0.200760 
1975 0.200760 
1974 0.200760 
2967 0.200760 
2966 0.200760 
2466 0.200760 
2435 0.200760 
2469 0.200760 
2471 0.200760 
2540 0.200760 
2434 0.200760 
4948 0.195377 
680 0.195377 
789 0.195377 
681 0.195377 
709 0.195377 
2512 0.195377 
2241 0.195377 
2244 0.195377 
2245 0.195377 
4961 0.195377 
5094 0.195377 
3228 0.195377 
2737 0.195377 
3226 0.195377 
3224 0.195377 
2097 0.195377 
2285 0.195377 
2282 0.195377 
2279 0.195377 
2281 0.195377 
2698 0.195377 
2770 0.195377 
787 0.195377 
2664 0.195377 
668 0.195377 
190 0.195377 
2769 0.195377 
189 0.195377 
188 0.195377 
187 0.195377 
2637 0.195377 
2317 0.195377 
2771 0.195377 
2772 0.195377 
2774 0.195377 
696 0.195377 
2638 0.195377 
3054 0.195377 
186 0.195377 
185 0.195377 
2201 0.195377 
2123 0.195377 
3195 0.195377 
3357 0.195377 
3192 0.195377 
2205 0.195377 
2204 0.195377 
4587 0.195377 
737 0.195377 
2202 0.195377 
191 0.195377 
2577 0.195377 
2600 0.195377 
3033 0.195377 
2601 0.195377 
2312 0.195377 
2314 0.195377 
2616 0.195377 
2316 0.195377 
1265 0.195377 
916 0.195377 
1328 0.195377 
302 0.195377 
303 0.195377 
304 0.195377 
4388 0.195377 
863 0.195377 
4401 0.195377 
4068 0.195377 
4425 0.195377 
4438 0.195377 
4067 0.195377 
1561 0.195377 
4650 0.195377 
4649 0.195377 
299 0.195377 
1562 0.195377 
1566 0.195377 
228 0.195377 
227 0.195377 
226 0.195377 
3574 0.195377 
225 0.195377 
1262 0.195377 
1748 0.195377 
1720 0.195377 
930 0.195377 
222 0.195377 
931 0.195377 
1599 0.195377 
4820 0.195377 
3682 0.195377 
4219 0.195377 
3680 0.195377 
265 0.195377 
264 0.195377 
263 0.195377 
569 0.195377 
570 0.195377 
4232 0.195377 
4233 0.195377 
4204 0.195377 
1404 0.195377 
880 0.195377 
878 0.195377 
1406 0.195377 
4191 0.195377 
1598 0.195377 
3684 0.195377 
892 0.195377 
1862 0.195377 
865 0.195377 
1860 0.195377 
1858 0.195377 
1372 0.195377 
1825 0.195377 
906 0.195377 
1366 0.195377 
4297 0.195377 
1791 0.195377 
4298 0.195377 
1788 0.195377 
1787 0.195377 
955 0.195377 
1191 0.195377 
1188 0.195377 
1187 0.195377 
1186 0.195377 
837 0.195377 
1185 0.195377 
5117 0.195377 
1151 0.195377 
1148 0.195377 
1147 0.195377 
1146 0.195377 
1144 0.195377 
1143 0.195377 
1142 0.195377 
1680 0.195377 
1184 0.195377 
956 0.195377 
543 0.195377 
957 0.195377 
1107 0.195377 
1108 0.195377 
542 0.195377 
958 0.195377 
4580 0.195377 
1640 0.195377 
1641 0.195377 
1642 0.195377 
1111 0.195377 
1646 0.195377 
339 0.195377 
1223 0.195377 
4480 0.195377 
3510 0.195377 
3511 0.195377 
555 0.195377 
941 0.195377 
1603 0.195377 
3527 0.195377 
556 0.195377 
557 0.195377 
528 0.195377 
1224 0.195377 
1225 0.195377 
4479 0.195377 
1228 0.195377 
4818 0.195377 
850 0.195377 
4819 0.195377 
852 0.195377 
4481 0.195377 
3509 0.195377 
529 0.195377 
527 0.195377 
1691 0.193726 
2411 0.193726 
1648 0.193726 
169 0.193726 
2459 0.193726 
2458 0.193726 
5937 0.193726 
1607 0.193726 
2448 0.193726 
4807 0.193726 
4704 0.193726 
4806 0.193726 
1608 0.193726 
1688 0.193726 
3774 0.193726 
166 0.193726 
1687 0.193726 
3157 0.193726 
2495 0.193726 
2496 0.193726 
2142 0.193726 
4248 0.193726 
5042 0.193726 
2597 0.193726 
2067 0.193726 
536 0.193726 
2104 0.193726 
2598 0.193726 
2181 0.193726 
3361 0.193726 
4262 0.193726 
4551 0.193726 
4565 0.193726 
2141 0.193726 
2005 0.193726 
522 0.193726 
4552 0.193726 
1231 0.193726 
4873 0.193726 
3359 0.193726 
2045 0.193726 
1274 0.193726 
4235 0.193726 
209 0.193726 
206 0.193726 
2082 0.193726 
210 0.193726 
5936 0.193726 
4222 0.193726 
1271 0.193726 
414 0.181522 
620 0.181522 
1374 0.181522 
413 0.181522 
1828 0.181522 
621 0.181522 
410 0.181522 
448 0.181522 
1338 0.181522 
763 0.181522 
1337 0.181522 
1335 0.181522 
445 0.181522 
762 0.181522 
581 0.181522 
1294 0.181522 
608 0.181522 
376 0.181522 
375 0.181522 
374 0.181522 
788 0.181522 
416 0.181522 
444 0.181522 
443 0.181522 
338 0.181522 
446 0.181522 
24 0.181522 
25 0.181522 
594 0.181522 
337 0.181522 
336 0.181522 
447 0.181522 
1377 0.181522 
1376 0.181522 
775 0.181522 
776 0.181522 
1375 0.181522 
415 0.181522 
1831 0.181522 
622 0.181522 
944 0.181522 
945 0.181522 
750 0.181522 
3003 0.174540 
1632 0.174540 
3039 0.174540 
3002 0.174540 
992 0.174540 
993 0.174540 
3000 0.174540 
1637 0.174540 
4547 0.174540 
1069 0.174540 
1176 0.174540 
1006 0.174540 
995 0.174540 
996 0.174540 
3457 0.174540 
1594 0.174540 
3038 0.174540 
3037 0.174540 
4739 0.174540 
4738 0.174540 
1139 0.174540 
1073 0.174540 
1072 0.174540 
1070 0.174540 
3041 0.174540 
990 0.174540 
4556 0.174540 
1593 0.174540 
3040 0.174540 
4569 0.174540 
3007 0.174540 
4751 0.174540 
1630 0.174540 
1631 0.174540 
3006 0.174540 
3004 0.174540 
2921 0.174540 
2543 0.174540 
1421 0.174540 
1033 0.174540 
1030 0.174540 
1029 0.174540 
4168 0.174540 
4166 0.174540 
4165 0.174540 
2544 0.174540 
4151 0.174540 
2926 0.174540 
2927 0.174540 
2520 0.174540 
1447 0.174540 
1448 0.174540 
2508 0.174540 
4179 0.174540 
4216 0.174540 
4229 0.174540 
2582 0.174540 
2584 0.174540 
4195 0.174540 
2585 0.174540 
2586 0.174540 
1036 0.174540 
2506 0.174540 
4178 0.174540 
1035 0.174540 
2549 0.174540 
2548 0.174540 
2547 0.174540 
2546 0.174540 
2545 0.174540 
4398 0.174540 
4723 0.174540 
2964 0.174540 
4725 0.174540 
4372 0.174540 
4385 0.174540 
4387 0.174540 
2467 0.174540 
2965 0.174540 
4320 0.174540 
4400 0.174540 
1527 0.174540 
1003 0.174540 
4412 0.174540 
1557 0.174540 
2997 0.174540 
2998 0.174540 
5245 0.174540 
1497 0.174540 
2963 0.174540 
2961 0.174540 
2960 0.174540 
1489 0.174540 
2958 0.174540 
1488 0.174540 
2486 0.174540 
2487 0.174540 
1486 0.174540 
4711 0.174540 
4710 0.174540 
2940 0.174540 
2504 0.174540 
2505 0.174540 
3413 0.174540 
2124 0.174540 
825 0.174540 
4907 0.174540 
2048 0.174540 
1904 0.174540 
2050 0.174540 
2051 0.174540 
1903 0.174540 
2128 0.174540 
3414 0.174540 
2164 0.174540 
2054 0.174540 
2055 0.174540 
3419 0.174540 
1902 0.174540 
656 0.174540 
3869 0.174540 
3377 0.174540 
1939 0.174540 
3366 0.174540 
810 0.174540 
630 0.174540 
877 0.174540 
5076 0.174540 
4892 0.174540 
3356 0.174540 
1900 0.174540 
1916 0.174540 
1945 0.174540 
2011 0.174540 
2016 0.174540 
1905 0.174540 
2131 0.174540 
2130 0.174540 
2129 0.174540 
3078 0.174540 
642 0.174540 
2085 0.174540 
3912 0.174540 
2087 0.174540 
2088 0.174540 
3115 0.174540 
3087 0.174540 
2090 0.174540 
2091 0.174540 
799 0.174540 
798 0.174540 
3077 0.174540 
797 0.174540 
3074 0.174540 
3430 0.174540 
3493 0.174540 
3452 0.174540 
643 0.174540 
3455 0.174540 
966 0.174540 
5597 0.166176 
4677 0.166176 
3333 0.166176 
5045 0.166176 
5588 0.166176 
3327 0.166176 
5340 0.166176 
5341 0.166176 
5564 0.166176 
3332 0.166176 
5565 0.166176 
3329 0.166176 
5586 0.166176 
5342 0.166176 
5343 0.166176 
5587 0.166176 
5344 0.166176 
5345 0.166176 
2840 0.166176 
3328 0.166176 
5020 0.166176 
5555 0.166176 
2901 0.166176 
5659 0.166176 
5556 0.166176 
5557 0.166176 
5558 0.166176 
5201 0.166176 
5658 0.166176 
5559 0.166176 
5560 0.166176 
5561 0.166176 
5639 0.166176 
5638 0.166176 
4878 0.166176 
5562 0.166176 
5563 0.166176 
4225 0.166176 
5047 0.166176 
5637 0.166176 
2878 0.166176 
2874 0.166176 
2873 0.166176 
2868 0.166176 
2867 0.166176 
5636 0.166176 
4238 0.166176 
5628 0.166176 
3554 0.166176 
5032 0.166176 
5601 0.166176 
4486 0.166176 
4487 0.166176 
2759 0.166176 
5634 0.166176 
2756 0.166176 
5633 0.166176 
5632 0.166176 
5034 0.166176 
5631 0.166176 
5630 0.166176 
5629 0.166176 
5203 0.166176 
5627 0.166176 
5214 0.166176 
5602 0.166176 
5216 0.166176 
5626 0.166176 
5625 0.166176 
5624 0.166176 
5623 0.166176 
2722 0.166176 
2719 0.166176 
5621 0.166176 
5622 0.166176 
2716 0.166176 
1 0.166176 
5596 0.166176 
5635 0.166176 
4339 0.166176 
3335 0.166176 
3337 0.166176 
4942 0.166176 
5590 0.166176 
5591 0.166176 
5592 0.166176 
5593 0.166176 
5594 0.166176 
5030 0.166176 
4668 0.166176 
5595 0.166176 
4667 0.166176 
5589 0.166176 
2805 0.166176 
2803 0.166176 
3261 0.166176 
5598 0.166176 
3581 0.166176 
5599 0.166176 
5600 0.166176 
3360 0.166176 
3368 0.166176 
4459 0.166176 
3369 0.166176 
3370 0.166176 
3371 0.166176 
3374 0.166176 
5526 0.166176 
5409 0.166176 
5410 0.166176 
5411 0.166176 
5423 0.166176 
5424 0.166176 
3176 0.166176 
5701 0.166176 
3829 0.166176 
5702 0.166176 
3826 0.166176 
3173 0.166176 
3830 0.166176 
5525 0.166176 
5703 0.166176 
4850 0.166176 
5524 0.166176 
4965 0.166176 
5704 0.166176 
5698 0.166176 
3788 0.166176 
5395 0.166176 
3789 0.166176 
4964 0.166176 
3792 0.166176 
3793 0.166176 
3821 0.166176 
3822 0.166176 
5396 0.166176 
4041 0.166176 
5397 0.166176 
5398 0.166176 
5406 0.166176 
5407 0.166176 
5408 0.166176 
5699 0.166176 
3825 0.166176 
5700 0.166176 
5060 0.166176 
5747 0.166176 
5709 0.166176 
3139 0.166176 
4826 0.166176 
5710 0.166176 
5711 0.166176 
4812 0.166176 
4811 0.166176 
5712 0.166176 
5748 0.166176 
5713 0.166176 
4799 0.166176 
5185 0.166176 
5172 0.166176 
5740 0.166176 
5173 0.166176 
5743 0.166176 
5746 0.166176 
5518 0.166176 
4849 0.166176 
4036 0.166176 
5523 0.166176 
5522 0.166176 
5705 0.166176 
5521 0.166176 
3866 0.166176 
5520 0.166176 
5519 0.166176 
5004 0.166176 
5706 0.166176 
5707 0.166176 
5750 0.166176 
5517 0.166176 
5516 0.166176 
5749 0.166176 
5708 0.166176 
5515 0.166176 
5367 0.166176 
3715 0.166176 
5664 0.166176 
2913 0.166176 
2914 0.166176 
4952 0.166176 
5357 0.166176 
5358 0.166176 
5359 0.166176 
5016 0.166176 
5017 0.166176 
4955 0.166176 
5665 0.166176 
5666 0.166176 
5549 0.166176 
5667 0.166176 
5368 0.166176 
5369 0.166176 
5548 0.166176 
3695 0.166176 
5553 0.166176 
5353 0.166176 
5660 0.166176 
5354 0.166176 
5175 0.166176 
5552 0.166176 
5661 0.166176 
3259 0.166176 
5551 0.166176 
5547 0.166176 
5550 0.166176 
4950 0.166176 
5355 0.166176 
3711 0.166176 
5662 0.166176 
5356 0.166176 
5663 0.166176 
3713 0.166176 
5784 0.166176 
5674 0.166176 
5675 0.166176 
3213 0.166176 
3212 0.166176 
5006 0.166176 
3747 0.166176 
5676 0.166176 
5785 0.166176 
3750 0.166176 
5673 0.166176 
3780 0.166176 
5005 0.166176 
3782 0.166176 
3784 0.166176 
3786 0.166176 
5392 0.166176 
5393 0.166176 
5394 0.166176 
5668 0.166176 
5370 0.166176 
5371 0.166176 
5372 0.166176 
5379 0.166176 
5380 0.166176 
5381 0.166176 
5382 0.166176 
4865 0.166176 
5383 0.166176 
5554 0.166176 
4864 0.166176 
5669 0.166176 
5384 0.166176 
5385 0.166176 
5670 0.166176 
5671 0.166176 
4863 0.166176 
5672 0.166176 
1872 0.166176 
459 0.166176 
460 0.166176 
472 0.166176 
473 0.166176 
628 0.166176 
629 0.166176 
641 0.166176 
2451 0.166176 
2414 0.166176 
1653 0.166176 
1693 0.166176 
0 0.166176 
1874 0.166176 
1957 0.166176 
1958 0.166176 
2351 0.166176 
2349 0.166176 
2076 0.166176 
2113 0.166176 
2328 0.166176 
2326 0.166176 
2262 0.166176 
2300 0.166176 
2 0.166176 
30 0.166176 
3 0.166176 
26 0.166176 
31 0.166176 
65 0.166176 
68 0.166176 
27 0.166176 
29 0.166176 
28 0.166176 
5056 0.120821 
3857 0.120821 
5059 0.120821 
5071 0.120821 
3899 0.120821 
4718 0.120821 
4705 0.120821 
3862 0.120821 
5199 0.120821 
3861 0.120821 
3777 0.120821 
3779 0.120821 
3781 0.120821 
3819 0.120821 
5212 0.120821 
5043 0.120821 
3322 0.120821 
5015 0.120821 
3323 0.120821 
4846 0.120821 
4861 0.120821 
3364 0.120821 
4874 0.120821 
3444 0.120821 
3401 0.120821 
1571 0.101674 
4891 0.101674 
2410 0.101674 
5248 0.101674 
5247 0.101674 
5236 0.101674 
4507 0.101674 
5235 0.101674 
5222 0.101674 
5234 0.101674 
2994 0.101674 
2445 0.101674 
5209 0.101674 
2957 0.101674 
5082 0.101674 
5079 0.101674 
5078 0.101674 
4744 0.101674 
5040 0.101674 
2518 0.101674 
4871 0.101674 
4910 0.101674 
4909 0.101674 
4906 0.101674 
4877 0.101674 
4904 0.101674 
3867 0.101674 
3961 0.101674 
3923 0.101674 
3964 0.101674 
3922 0.101674 
3904 0.101674 
3492 0.101674 
3828 0.101674 
3475 0.101674 
3466 0.101674 
3463 0.101674 
3411 0.101674 
3408 0.101674 
3355 0.101674 
3448 0.101674 
1915 0.101617 
1086 0.101617 
1954 0.101617 
1885 0.101617 
1085 0.101617 
1925 0.101617 
1011 0.101617 
1921 0.101617 
1015 0.101617 
1018 0.101617 
1084 0.101617 
4706 0.101617 
1045 0.101617 
1046 0.101617 
1048 0.101617 
1049 0.101617 
1960 0.101617 
1050 0.101617 
1052 0.101617 
1055 0.101617 
1083 0.101617 
1887 0.101617 
4747 0.101617 
160 0.101617 
857 0.101617 
858 0.101617 
3367 0.101617 
2096 0.101617 
4875 0.101617 
975 0.101617 
976 0.101617 
977 0.101617 
978 0.101617 
980 0.101617 
984 0.101617 
1959 0.101617 
2053 0.101617 
2027 0.101617 
1998 0.101617 
1997 0.101617 
986 0.101617 
4734 0.101617 
1007 0.101617 
1987 0.101617 
1968 0.101617 
1092 0.101617 
1008 0.101617 
1010 0.101617 
1502 0.101617 
4160 0.101617 
4158 0.101617 
4157 0.101617 
4156 0.101617 
1438 0.101617 
1440 0.101617 
1463 0.101617 
1465 0.101617 
1466 0.101617 
1469 0.101617 
1475 0.101617 
1499 0.101617 
1500 0.101617 
4161 0.101617 
1504 0.101617 
1505 0.101617 
1506 0.101617 
1509 0.101617 
1510 0.101617 
85 0.101617 
1539 0.101617 
1540 0.101617 
1542 0.101617 
1581 0.101617 
1543 0.101617 
1544 0.101617 
1578 0.101617 
118 0.101617 
1088 0.101617 
1089 0.101617 
3046 0.101617 
1123 0.101617 
1126 0.101617 
81 0.101617 
1129 0.101617 
4532 0.101617 
4386 0.101617 
4373 0.101617 
2988 0.101617 
4326 0.101617 
4325 0.101617 
1087 0.101617 
82 0.101617 
4194 0.101617 
4184 0.101617 
1430 0.101617 
4172 0.101617 
84 0.101617 
4169 0.101617 
1431 0.101617 
1584 0.101617 
1432 0.101617 
1433 0.101617 
1434 0.101617 
275 0.101617 
269 0.101617 
533 0.101617 
532 0.101617 
270 0.101617 
271 0.101617 
272 0.101617 
273 0.101617 
274 0.101617 
534 0.101617 
276 0.101617 
277 0.101617 
531 0.101617 
278 0.101617 
530 0.101617 
279 0.101617 
519 0.101617 
518 0.101617 
535 0.101617 
544 0.101617 
545 0.101617 
268 0.101617 
546 0.101617 
267 0.101617 
547 0.101617 
266 0.101617 
247 0.101617 
246 0.101617 
245 0.101617 
548 0.101617 
549 0.101617 
558 0.101617 
560 0.101617 
321 0.101617 
306 0.101617 
307 0.101617 
309 0.101617 
310 0.101617 
311 0.101617 
312 0.101617 
313 0.101617 
314 0.101617 
315 0.101617 
316 0.101617 
317 0.101617 
318 0.101617 
319 0.101617 
320 0.101617 
284 0.101617 
559 0.101617 
351 0.101617 
355 0.101617 
356 0.101617 
158 0.101617 
157 0.101617 
123 0.101617 
122 0.101617 
491 0.101617 
492 0.101617 
283 0.101617 
282 0.101617 
281 0.101617 
280 0.101617 
504 0.101617 
505 0.101617 
202 0.101617 
198 0.101617 
199 0.101617 
815 0.101617 
200 0.101617 
803 0.101617 
802 0.101617 
201 0.101617 
5044 0.101617 
816 0.101617 
675 0.101617 
663 0.101617 
661 0.101617 
203 0.101617 
204 0.101617 
205 0.101617 
244 0.101617 
207 0.101617 
197 0.101617 
830 0.101617 
196 0.101617 
195 0.101617 
194 0.101617 
193 0.101617 
192 0.101617 
163 0.101617 
162 0.101617 
161 0.101617 
832 0.101617 
159 0.101617 
2552 0.101617 
844 0.101617 
856 0.101617 
633 0.101617 
243 0.101617 
242 0.101617 
241 0.101617 
240 0.101617 
239 0.101617 
238 0.101617 
561 0.101617 
562 0.101617 
237 0.101617 
236 0.101617 
235 0.101617 
572 0.101617 
573 0.101617 
574 0.101617 
234 0.101617 
233 0.101617 
119 0.101617 
120 0.101617 
121 0.101617 
600 0.101617 
587 0.101617 
208 0.101617 
586 0.101617 
575 0.101617 
229 0.101617 
230 0.101617 
231 0.101617 
232 0.101617 
1560 0.100527 
1563 0.100527 
2014 0.100527 
1977 0.100527 
851 0.100527 
4205 0.100527 
1110 0.100527 
682 0.100527 
1109 0.100527 
695 0.100527 
4346 0.100527 
1067 0.100527 
1104 0.100527 
1103 0.100527 
3916 0.098738 
3917 0.098738 
5092 0.098738 
3956 0.098738 
3957 0.098738 
3503 0.098738 
3996 0.098738 
3997 0.098738 
4923 0.098738 
5261 0.098738 
4035 0.098738 
3579 0.094410 
3578 0.094410 
3582 0.094410 
2669 0.094410 
2591 0.094410 
2860 0.094410 
2668 0.094410 
2592 0.094410 
2474 0.094410 
2594 0.094410 
2595 0.094410 
4600 0.094410 
4599 0.094410 
4573 0.094410 
2366 0.094410 
4941 0.094410 
4913 0.094410 
3273 0.094410 
3274 0.094410 
3276 0.094410 
4857 0.094410 
4856 0.094410 
4925 0.094410 
4926 0.094410 
4939 0.094410 
3551 0.094410 
4764 0.094410 
3440 0.094410 
5102 0.094410 
2629 0.094410 
3501 0.094410 
3528 0.094410 
3531 0.094410 
3544 0.094410 
3545 0.094410 
3981 0.094410 
2632 0.094410 
2635 0.094410 
3071 0.094410 
2823 0.094410 
3072 0.094410 
2628 0.094410 
3091 0.094410 
3014 0.094410 
2634 0.094410 
3088 0.094410 
3942 0.094410 
4006 0.094410 
1617 0.091378 
3987 0.091378 
4752 0.091378 
3952 0.091378 
1415 0.091378 
5090 0.091378 
1411 0.091378 
4210 0.091378 
5104 0.091378 
4301 0.091378 
1616 0.091378 
4841 0.091378 
4854 0.091378 
4302 0.091378 
3362 0.091378 
5259 0.091378 
4921 0.091378 
3308 0.091378 
3269 0.091378 
2255 0.091378 
2256 0.091378 
2257 0.091378 
2258 0.091378 
2295 0.091378 
2708 0.091378 
1805 0.091378 
1798 0.091378 
4639 0.091378 
4389 0.091378 
1799 0.091378 
4390 0.091378 
1801 0.091378 
1802 0.091378 
1804 0.091378 
4379 0.091378 
3761 0.091378 
1836 0.091378 
4471 0.091378 
1838 0.091378 
4457 0.091378 
1869 0.091378 
1865 0.091378 
4654 0.091378 
1765 0.091378 
1764 0.091378 
1762 0.091378 
1345 0.091378 
4640 0.091378 
1761 0.091378 
1348 0.091378 
4316 0.091378 
4641 0.091378 
4314 0.091378 
4303 0.091378 
2033 0.091378 
4653 0.091378 
1842 0.091378 
3497 0.091378 
2715 0.091378 
2712 0.091378 
2711 0.091378 
2752 0.091378 
2675 0.091378 
2519 0.091378 
2749 0.091378 
2851 0.091378 
2553 0.091378 
2674 0.091378 
2672 0.091378 
2325 0.091378 
2714 0.091378 
2671 0.091378 
2323 0.091378 
2777 0.091378 
2709 0.091378 
2710 0.091378 
3080 0.091378 
2779 0.091378 
1390 0.078482 
4976 0.078482 
4193 0.078482 
3250 0.078482 
3706 0.078482 
1529 0.078482 
1393 0.078482 
1392 0.078482 
2796 0.078482 
1389 0.078482 
2480 0.078482 
2481 0.078482 
670 0.078482 
3283 0.078482 
2483 0.078482 
1076 0.078482 
1418 0.078482 
1075 0.078482 
3285 0.078482 
768 0.078482 
2561 0.078482 
796 0.078482 
3468 0.078482 
3467 0.078482 
4361 0.078482 
4362 0.078482 
2832 0.078482 
3434 0.078482 
3433 0.078482 
2095 0.078482 
2829 0.078482 
4504 0.078482 
4517 0.078482 
683 0.078482 
839 0.078482 
3391 0.078482 
3390 0.078482 
2560 0.078482 
2977 0.078482 
4560 0.078482 
2558 0.078482 
2557 0.078482 
3612 0.078482 
1356 0.078482 
2400 0.078482 
1113 0.078482 
1112 0.078482 
3739 0.078482 
2826 0.078482 
2523 0.078482 
965 0.078482 
3742 0.078482 
1809 0.078482 
964 0.078482 
2524 0.078482 
2521 0.078482 
3736 0.078482 
4832 0.078482 
4975 0.078482 
937 0.078482 
2935 0.078482 
2465 0.059541 
3412 0.059541 
2464 0.059541 
1933 0.059541 
1935 0.059541 
1932 0.059541 
3336 0.059541 
2059 0.059541 
3338 0.059541 
1930 0.059541 
4527 0.059541 
1633 0.059541 
2387 0.059541 
4329 0.059541 
4330 0.059541 
4331 0.059541 
4514 0.059541 
4513 0.059541 
4332 0.059541 
1555 0.059541 
1554 0.059541 
2956 0.059541 
1596 0.059541 
1899 0.059541 
1898 0.059541 
2846 0.059541 
1444 0.059541 
2354 0.059541 
2880 0.059541 
4540 0.059541 
2353 0.059541 
2842 0.059541 
2843 0.059541 
2900 0.059541 
5118 0.059541 
2440 0.059541 
2882 0.059541 
3373 0.059541 
2845 0.059541 
3375 0.059541 
640 0.059541 
639 0.059541 
1936 0.059541 
1966 0.059541 
2352 0.059541 
2456 0.059541 
2386 0.059541 
1443 0.059541 
1099 0.059541 
1969 0.059541 
1441 0.059541 
1439 0.059541 
1970 0.059541 
1972 0.059541 
1973 0.059541 
1062 0.059541 
5242 0.059541 
2883 0.059541 
3263 0.059541 
471 0.059541 
4696 0.059541 
2502 0.059541 
4949 0.059541 
1518 0.059541 
2391 0.059541 
3790 0.059541 
1676 0.059541 
1516 0.059541 
3264 0.059541 
4345 0.059541 
2092 0.059541 
3903 0.059541 
2809 0.059541 
2808 0.059541 
2920 0.059541 
2389 0.059541 
4839 0.059541 
4709 0.059541 
2424 0.059541 
2056 0.059541 
2010 0.059541 
3863 0.059541 
2009 0.059541 
1514 0.059541 
2807 0.059541 
4358 0.059541 
2427 0.059541 
2428 0.059541 
4722 0.059541 
5255 0.059541 
2006 0.059541 
1481 0.059541 
4669 0.059541 
1897 0.059541 
2953 0.059541 
3535 0.059541 
1895 0.059541 
4501 0.059541 
3301 0.059541 
1893 0.059541 
2879 0.059541 
5073 0.059541 
4500 0.059541 
3296 0.059541 
4371 0.059541 
2390 0.059541 
3577 0.059541 
2872 0.059541 
2839 0.059541 
4344 0.059541 
3827 0.059541 
4683 0.059541 
4682 0.059541 
989 0.059541 
2919 0.059541 
4670 0.059541 
809 0.059541 
4163 0.059541 
5287 0.059541 
4231 0.059541 
653 0.059541 
4352 0.048180 
3394 0.048180 
4520 0.048180 
4338 0.048180 
4521 0.048180 
4378 0.048180 
1464 0.048180 
1955 0.048180 
4522 0.048180 
1914 0.048180 
4675 0.048180 
2485 0.048180 
4676 0.048180 
1919 0.048180 
2372 0.048180 
2862 0.048180 
1956 0.048180 
1459 0.048180 
1462 0.048180 
4183 0.048180 
4182 0.048180 
1927 0.027543 
1928 0.027543 
4523 0.027543 
4524 0.027543 
1926 0.027543 
4525 0.027543 
1296 0.027543 
1565 0.027543 
2378 0.027543 
1471 0.027543 
4187 0.027543 
1468 0.027543 
4186 0.027543 
4355 0.027543 
3504 0.027543 
1709 0.027543 
1513 0.027543 
833 0.027543 
1965 0.027543 
4243 0.027543 
1253 0.027543 
4356 0.027543 
4432 -0.008914 
2227 -0.008914 
3575 -0.008914 
2310 -0.008914 
2562 -0.008914 
2695 -0.008914 
4478 -0.008914 
4418 -0.008914 
1856 -0.008914 
4467 -0.008914 
4466 -0.008914 
2242 -0.008914 
4447 -0.008914 
2185 -0.008914 
3019 -0.008914 
4757 -0.008914 
2602 -0.008914 
2682 -0.008914 
2276 -0.008914 
2284 -0.008914 
4756 -0.008914 
4588 -0.008914 
1767 -0.008914 
1808 -0.008914 
4405 -0.008914 
2697 -0.008914 
4419 -0.008914 
2975 -0.008914 
4278 -0.008914 
1768 -0.008914 
4616 -0.008914 
2968 -0.028356 
4465 -0.028356 
1854 -0.028356 
4463 -0.028356 
1843 -0.028356 
2692 -0.028356 
1816 -0.028356 
1806 -0.028356 
4451 -0.028356 
4558 -0.028356 
3426 -0.028356 
2270 -0.028356 
4740 -0.028356 
2272 -0.028356 
936 -0.028356 
2308 -0.028356 
5065 -0.028356 
2273 -0.028356 
3012 -0.028356 
4728 -0.028356 
4896 -0.028356 
4477 -0.028356 
4727 -0.028356 
2238 -0.028356 
127 -0.029837 
128 -0.029837 
509 -0.029837 
129 -0.029837 
3983 -0.029837 
510 -0.029837 
3985 -0.029837 
130 -0.029837 
1947 -0.029837 
523 -0.029837 
2425 -0.029837 
4240 -0.029837 
662 -0.029837 
5088 -0.029837 
2636 -0.029837 
649 -0.029837 
648 -0.029837 
5101 -0.029837 
4185 -0.029837 
2426 -0.029837 
1545 -0.029837 
2421 -0.029837 
4159 -0.029837 
1436 -0.029837 
637 -0.029837 
636 -0.029837 
635 -0.029837 
1472 -0.029837 
1507 -0.029837 
167 -0.029837 
132 -0.029837 
133 -0.029837 
134 -0.029837 
2008 -0.029837 
135 -0.029837 
2002 -0.029837 
136 -0.029837 
4349 -0.029837 
131 -0.029837 
168 -0.029837 
170 -0.029837 
171 -0.029837 
172 -0.029837 
173 -0.029837 
3588 -0.029837 
91 -0.029837 
1931 -0.029837 
4511 -0.029837 
46 -0.029837 
3946 -0.029837 
831 -0.029837 
1017 -0.029837 
1014 -0.029837 
1013 -0.029837 
4539 -0.029837 
483 -0.029837 
4526 -0.029837 
982 -0.029837 
981 -0.029837 
4512 -0.029837 
47 -0.029837 
2383 -0.029837 
3427 -0.029837 
23 -0.029837 
979 -0.029837 
22 -0.029837 
21 -0.029837 
20 -0.029837 
19 -0.029837 
497 -0.029837 
805 -0.029837 
5257 -0.029837 
18 -0.029837 
57 -0.029837 
1053 -0.029837 
1054 -0.029837 
2948 -0.029837 
2217 -0.029837 
56 -0.029837 
484 -0.029837 
55 -0.029837 
54 -0.029837 
479 -0.029837 
53 -0.029837 
52 -0.029837 
51 -0.029837 
481 -0.029837 
58 -0.029837 
50 -0.029837 
59 -0.029837 
60 -0.029837 
49 -0.029837 
1090 -0.029837 
48 -0.029837 
61 -0.029837 
1091 -0.029837 
62 -0.029837 
495 -0.029837 
496 -0.029837 
12 -0.029837 
94 -0.029837 
4431 -0.029837 
93 -0.029837 
92 -0.029837 
466 -0.029837 
95 -0.029837 
17 -0.029837 
1622 -0.029837 
482 -0.029837 
480 -0.029837 
467 -0.029837 
5256 -0.029837 
465 -0.029837 
468 -0.029837 
90 -0.029837 
86 -0.029837 
15 -0.029837 
804 -0.029837 
470 -0.029837 
99 -0.029837 
96 -0.029837 
14 -0.029837 
97 -0.029837 
13 -0.029837 
16 -0.029837 
469 -0.029837 
89 -0.029837 
98 -0.029837 
4848 -0.058330 
42 -0.058330 
43 -0.058330 
4571 -0.058330 
4688 -0.058330 
44 -0.058330 
10 -0.058330 
45 -0.058330 
634 -0.058330 
4847 -0.058330 
646 -0.058330 
9 -0.058330 
1908 -0.058330 
2667 -0.058330 
647 -0.058330 
3325 -0.058330 
464 -0.058330 
4350 -0.058330 
2821 -0.058330 
463 -0.058330 
660 -0.058330 
8 -0.058330 
2368 -0.058330 
83 -0.058330 
4519 -0.058330 
2405 -0.058330 
80 -0.058330 
1501 -0.058330 
40 -0.058330 
4181 -0.058330 
2818 -0.058330 
41 -0.058330 
829 -0.058330 
11 -0.058330 
3008 -0.058330 
1911 -0.058330 
478 -0.058330 
477 -0.058330 
4252 -0.073145 
2193 -0.073145 
1700 -0.073145 
1738 -0.073145 
4266 -0.073145 
1283 -0.073145 
2230 -0.073145 
1280 -0.073145 
1733 -0.073145 
1320 -0.073145 
1811 -0.073145 
1774 -0.073145 
4279 -0.073145 
1737 -0.073145 
1694 -0.073145 
1773 -0.073145 
2218 -0.075101 
988 -0.075101 
1478 -0.075101 
1479 -0.075101 
987 -0.075101 
1480 -0.075101 
4220 -0.075101 
4162 -0.075101 
3743 -0.075101 
3744 -0.075101 
4176 -0.075101 
3018 -0.075101 
4862 -0.075101 
1442 -0.075101 
1614 -0.075101 
1026 -0.075101 
3709 -0.075101 
1474 -0.075101 
4202 -0.075101 
3785 -0.075101 
1517 -0.075101 
4693 -0.075101 
1025 -0.075101 
4692 -0.075101 
4209 -0.075101 
2423 -0.075101 
4189 -0.075101 
1024 -0.075101 
1023 -0.075101 
1022 -0.075101 
1021 -0.075101 
1477 -0.075101 
1515 -0.075101 
4175 -0.075101 
822 -0.075101 
4275 -0.075101 
3330 -0.075101 
5200 -0.075101 
3331 -0.075101 
1934 -0.075101 
1098 -0.075101 
1100 -0.075101 
1712 -0.075101 
2136 -0.075101 
3293 -0.075101 
5031 -0.075101 
808 -0.075101 
2836 -0.075101 
3461 -0.075101 
2833 -0.075101 
5003 -0.075101 
2030 -0.075101 
1606 -0.075101 
1613 -0.075101 
2876 -0.075101 
1061 -0.075101 
866 -0.075101 
1063 -0.075101 
1552 -0.075101 
5174 -0.075101 
1551 -0.075101 
5186 -0.075101 
1060 -0.075101 
5187 -0.075101 
2911 -0.075101 
3042 -0.075101 
1197 -0.089680 
1234 -0.089680 
869 -0.089680 
715 -0.089680 
1203 -0.089680 
1200 -0.089680 
1692 -0.089680 
1199 -0.089680 
1198 -0.089680 
1196 -0.089680 
702 -0.089680 
1195 -0.089680 
1194 -0.089680 
2109 -0.089680 
1237 -0.089680 
881 -0.089680 
1240 -0.089680 
884 -0.089680 
895 -0.089680 
2066 -0.089680 
2065 -0.089680 
1689 -0.089680 
896 -0.089680 
4392 -0.089680 
2031 -0.089680 
2032 -0.089680 
897 -0.089680 
1610 -0.089680 
1611 -0.089680 
1615 -0.089680 
1695 -0.089680 
1573 -0.089680 
1574 -0.089680 
1658 -0.089680 
1654 -0.089680 
1117 -0.089680 
1118 -0.089680 
1119 -0.089680 
1155 -0.089680 
1156 -0.089680 
1158 -0.089680 
1159 -0.089680 
1161 -0.089680 
1160 -0.089680 
1162 -0.089680 
1163 -0.089680 
1166 -0.089680 
713 -0.089680 
1651 -0.089680 
1649 -0.089680 
700 -0.089680 
1660 -0.145914 
1701 -0.145914 
1662 -0.145914 
1703 -0.145914 
1664 -0.145914 
1739 -0.145914 
1776 -0.145914 
1702 -0.145914 
1659 -0.145914 
1627 -0.145914 
2613 -0.145914 
1666 -0.145914 
3067 -0.145914 
1736 -0.145914 
2611 -0.145914 
1699 -0.145914 
3523 -0.145914 
2574 -0.145914 
2537 -0.145914 
705 -0.145914 
744 -0.145914 
2157 -0.145914 
2155 -0.145914 
2154 -0.145914 
2120 -0.145914 
2118 -0.145914 
1322 -0.145914 
1170 -0.145914 
1171 -0.145914 
2117 -0.145914 
1208 -0.145914 
3027 -0.145914 
3521 -0.145914 
2081 -0.145914 
1243 -0.145914 
4410 -0.145914 
1244 -0.145914 
1245 -0.145914 
1248 -0.145914 
4423 -0.145914 
1278 -0.145914 
3486 -0.145914 
1285 -0.145914 
1284 -0.145914 
1281 -0.145914 
3030 -0.145914 
4254 -0.145914 
913 -0.145914 
4748 -0.145914 
4267 -0.145914 
912 -0.145914 
4280 -0.145914 
874 -0.145914 
2576 -0.145914 
4761 -0.145914 
4777 -0.147721 
4476 -0.147721 
4732 -0.147721 
4464 -0.147721 
928 -0.147721 
915 -0.147721 
4814 -0.147721 
940 -0.147721 
1250 -0.147721 
1256 -0.147721 
4450 -0.147721 
942 -0.147721 
4439 -0.147721 
943 -0.147721 
953 -0.147721 
954 -0.147721 
3924 -0.147721 
4633 -0.147721 
1667 -0.147721 
4637 -0.147721 
4620 -0.147721 
4619 -0.147721 
4612 -0.147721 
4901 -0.147721 
4608 -0.147721 
4607 -0.147721 
919 -0.147721 
4606 -0.147721 
4593 -0.147721 
2973 -0.147721 
4645 -0.147721 
4647 -0.147721 
3921 -0.147721 
1668 -0.147721 
4634 -0.147721 
1213 -0.147721 
4263 -0.147721 
4300 -0.147721 
4296 -0.147721 
4295 -0.147721 
4294 -0.147721 
1360 -0.147721 
1361 -0.147721 
4282 -0.147721 
4281 -0.147721 
1362 -0.147721 
1363 -0.147721 
4273 -0.147721 
1364 -0.147721 
4269 -0.147721 
4268 -0.147721 
4307 -0.147721 
4256 -0.147721 
4255 -0.147721 
5069 -0.147721 
5070 -0.147721 
4242 -0.147721 
5152 -0.147721 
615 -0.147721 
1397 -0.147721 
1398 -0.147721 
1399 -0.147721 
1400 -0.147721 
1401 -0.147721 
1402 -0.147721 
4127 -0.147721 
771 -0.147721 
786 -0.147721 
785 -0.147721 
784 -0.147721 
1286 -0.147721 
5251 -0.147721 
4424 -0.147721 
1287 -0.147721 
1290 -0.147721 
4411 -0.147721 
1293 -0.147721 
1302 -0.147721 
4983 -0.147721 
773 -0.147721 
772 -0.147721 
4437 -0.147721 
759 -0.147721 
5238 -0.147721 
758 -0.147721 
1323 -0.147721 
1324 -0.147721 
1327 -0.147721 
1329 -0.147721 
1330 -0.147721 
2614 -0.147721 
1333 -0.147721 
746 -0.147721 
4309 -0.147721 
4308 -0.147721 
1744 -0.147721 
1780 -0.147721 
1753 -0.147721 
1779 -0.147721 
2243 -0.147721 
1752 -0.147721 
2688 -0.147721 
2240 -0.147721 
1747 -0.147721 
2239 -0.147721 
2307 -0.147721 
1746 -0.147721 
1745 -0.147721 
1786 -0.147721 
2197 -0.147721 
1743 -0.147721 
2237 -0.147721 
2200 -0.147721 
1778 -0.147721 
2161 -0.147721 
2626 -0.147721 
1742 -0.147721 
1741 -0.147721 
5321 -0.147721 
2625 -0.147721 
1781 -0.147721 
1782 -0.147721 
2690 -0.147721 
3125 -0.147721 
1783 -0.147721 
2693 -0.147721 
2729 -0.147721 
2184 -0.147721 
3537 -0.147721 
1759 -0.147721 
1758 -0.147721 
1757 -0.147721 
2651 -0.147721 
2166 -0.147721 
2694 -0.147721 
1855 -0.147721 
2122 -0.147721 
3385 -0.147721 
3217 -0.147721 
1853 -0.147721 
1852 -0.147721 
2731 -0.147721 
2196 -0.147721 
1784 -0.147721 
2662 -0.147721 
1706 -0.147721 
1705 -0.147721 
1819 -0.147721 
3887 -0.147721 
1704 -0.147721 
2705 -0.147721 
1818 -0.147721 
1817 -0.147721 
1815 -0.147721 
2703 -0.147721 
2765 -0.147721 
1792 -0.147721 
2160 -0.147721 
2653 -0.147721 
2658 -0.147721 
2311 -0.147721 
3441 -0.147721 
2657 -0.147721 
3428 -0.147721 
3438 -0.147721 
3070 -0.147721 
2274 -0.147721 
3672 -0.147721 
1707 -0.147721 
2159 -0.147721 
2762 -0.147721 
1795 -0.147721 
1796 -0.147721 
1719 -0.147721 
3107 -0.147721 
2212 -0.147721 
2663 -0.147721 
2235 -0.147721 
1718 -0.147721 
1715 -0.147721 
1821 -0.147721 
1822 -0.147721 
2233 -0.147721 
1710 -0.147721 
2234 -0.147721 
2702 -0.147721 
1716 -0.147721 
5093 -0.163310 
5819 -0.163310 
2578 -0.163310 
5818 -0.163310 
5081 -0.163310 
4217 -0.163310 
5474 -0.163310 
5892 -0.163310 
5821 -0.163310 
4230 -0.163310 
5891 -0.163310 
5461 -0.163310 
2581 -0.163310 
5443 -0.163310 
5444 -0.163310 
5445 -0.163310 
5446 -0.163310 
5447 -0.163310 
5448 -0.163310 
5449 -0.163310 
5896 -0.163310 
5120 -0.163310 
5895 -0.163310 
5457 -0.163310 
5458 -0.163310 
5459 -0.163310 
5460 -0.163310 
5822 -0.163310 
5462 -0.163310 
5107 -0.163310 
5106 -0.163310 
5471 -0.163310 
5472 -0.163310 
5473 -0.163310 
5814 -0.163310 
5475 -0.163310 
2541 -0.163310 
5485 -0.163310 
5486 -0.163310 
5487 -0.163310 
5488 -0.163310 
5893 -0.163310 
3506 -0.163310 
5766 -0.163310 
3472 -0.163310 
5803 -0.163310 
5804 -0.163310 
3488 -0.163310 
5745 -0.163310 
5744 -0.163310 
5742 -0.163310 
5767 -0.163310 
5741 -0.163310 
5739 -0.163310 
5738 -0.163310 
5737 -0.163310 
4416 -0.163310 
4415 -0.163310 
5736 -0.163310 
5735 -0.163310 
5774 -0.163310 
5779 -0.163310 
5778 -0.163310 
5777 -0.163310 
5780 -0.163310 
5776 -0.163310 
5781 -0.163310 
5775 -0.163310 
5782 -0.163310 
5805 -0.163310 
5773 -0.163310 
3451 -0.163310 
5772 -0.163310 
4937 -0.163310 
5771 -0.163310 
3454 -0.163310 
5770 -0.163310 
5769 -0.163310 
2995 -0.163310 
3546 -0.163310 
5289 -0.163310 
2135 -0.163310 
5885 -0.163310 
5886 -0.163310 
5887 -0.163310 
3583 -0.163310 
5815 -0.163310 
3543 -0.163310 
5816 -0.163310 
5858 -0.163310 
5888 -0.163310 
5856 -0.163310 
4264 -0.163310 
5889 -0.163310 
5817 -0.163310 
5890 -0.163310 
5808 -0.163310 
5806 -0.163310 
5734 -0.163310 
5733 -0.163310 
5732 -0.163310 
5883 -0.163310 
5731 -0.163310 
3127 -0.163310 
5807 -0.163310 
4246 -0.163310 
3126 -0.163310 
5809 -0.163310 
5810 -0.163310 
5811 -0.163310 
5859 -0.163310 
5812 -0.163310 
5884 -0.163310 
5813 -0.163310 
3049 -0.163310 
3032 -0.163310 
5433 -0.163310 
5929 -0.163310 
3998 -0.163310 
5927 -0.163310 
5851 -0.163310 
5926 -0.163310 
5924 -0.163310 
3034 -0.163310 
5850 -0.163310 
3050 -0.163310 
5849 -0.163310 
5848 -0.163310 
4768 -0.163310 
5847 -0.163310 
5432 -0.163310 
5923 -0.163310 
5846 -0.163310 
3090 -0.163310 
5845 -0.163310 
5844 -0.163310 
5843 -0.163310 
4749 -0.163310 
2187 -0.163310 
5418 -0.163310 
5419 -0.163310 
5431 -0.163310 
5430 -0.163310 
5420 -0.163310 
5421 -0.163310 
5422 -0.163310 
3993 -0.163310 
3089 -0.163310 
4736 -0.163310 
5436 -0.163310 
5855 -0.163310 
5435 -0.163310 
5276 -0.163310 
5275 -0.163310 
5854 -0.163310 
5263 -0.163310 
5262 -0.163310 
5852 -0.163310 
3994 -0.163310 
5930 -0.163310 
5434 -0.163310 
5853 -0.163310 
5250 -0.163310 
1635 -0.163310 
3500 -0.167273 
5498 -0.167273 
4753 -0.167273 
2363 -0.167273 
1882 -0.167273 
4793 -0.167273 
2360 -0.167273 
2857 -0.167273 
2817 -0.167273 
3154 -0.167273 
5953 -0.167273 
3159 -0.167273 
3610 -0.167273 
3609 -0.167273 
2820 -0.167273 
5091 -0.167273 
2058 -0.167273 
4492 -0.167273 
4922 -0.167273 
4962 -0.167273 
1530 -0.167273 
5922 -0.167273 
4491 -0.167273 
4518 -0.167273 
1534 -0.167273 
2441 -0.167273 
2336 -0.167273 
5952 -0.167273 
2280 -0.198507 
1373 -0.198507 
1371 -0.198507 
1370 -0.198507 
2283 -0.198507 
434 -0.198507 
2730 -0.198507 
433 -0.198507 
2733 -0.198507 
2736 -0.198507 
4310 -0.198507 
4284 -0.198507 
4283 -0.198507 
1369 -0.198507 
4311 -0.198507 
2313 -0.198507 
1365 -0.198507 
2315 -0.198507 
1367 -0.198507 
1368 -0.198507 
2277 -0.198507 
1820 -0.198507 
1403 -0.198507 
1824 -0.198507 
1823 -0.198507 
1405 -0.198507 
1826 -0.198507 
1857 -0.198507 
1859 -0.198507 
1827 -0.198507 
1097 -0.200530 
2289 -0.200530 
1835 -0.200530 
4180 -0.200530 
4404 -0.200530 
1407 -0.200530 
1450 -0.200530 
3572 -0.200530 
4200 -0.200530 
4758 -0.200530 
666 -0.200530 
679 -0.200530 
677 -0.200530 
3402 -0.200530 
2061 -0.200530 
3060 -0.200530 
3496 -0.200530 
4312 -0.200530 
846 -0.200530 
1000 -0.200530 
4589 -0.200530 
1056 -0.200530 
4288 -0.200530 
4287 -0.200530 
821 -0.200530 
2252 -0.200530 
1096 -0.200530 
1059 -0.200530 
1130 -0.200530 
2007 -0.200530 
1511 -0.200530 
4927 -0.200530 
1550 -0.200530 
1553 -0.200530 
1494 -0.200530 
1861 -0.200530 
1830 -0.200530 
2559 -0.200530 
4167 -0.200530 
4369 -0.200530 
3424 -0.200530 
848 -0.200530 
861 -0.200530 
835 -0.200530 
1962 -0.218828 
4577 -0.218828 
1964 -0.218828 
3036 -0.218828 
2618 -0.218828 
2455 -0.218828 
2379 -0.218828 
2342 -0.218828 
4576 -0.218828 
2418 -0.218828 
4568 -0.218828 
4341 -0.218828 
1523 -0.218828 
4776 -0.218828 
4347 -0.218828 
2415 -0.218828 
3565 -0.218828 
3252 -0.218828 
3254 -0.218828 
3532 -0.218828 
4360 -0.218828 
2126 -0.218828 
2119 -0.218828 
2452 -0.218828 
1980 -0.218828 
2612 -0.218828 
2419 -0.218828 
2869 -0.218828 
2340 -0.218828 
1888 -0.218828 
4592 -0.218828 
2610 -0.218828 
2609 -0.218828 
1663 -0.218828 
3286 -0.218828 
2089 -0.218828 
2655 -0.218828 
3710 -0.218828 
3708 -0.218828 
2583 -0.218828 
2346 -0.218828 
2416 -0.218828 
2376 -0.218828 
1892 -0.218828 
1890 -0.218828 
2999 -0.218828 
3064 -0.218828 
1886 -0.218828 
3103 -0.218828 
2375 -0.218828 
2875 -0.218828 
4494 -0.218828 
4495 -0.218828 
4496 -0.218828 
4497 -0.218828 
2579 -0.218828 
2800 -0.218828 
2647 -0.218828 
2382 -0.218828 
2798 -0.218828 
4509 -0.218828 
3023 -0.218828 
3289 -0.218828 
2373 -0.218828 
2344 -0.218828 
2158 -0.218828 
2156 -0.218828 
2580 -0.218828 
2413 -0.218828 
4510 -0.218828 
4508 -0.218828 
2488 -0.218828 
3365 -0.218828 
4834 -0.218828 
3459 -0.218828 
4590 -0.218828 
3112 -0.218828 
4833 -0.218828 
2453 -0.218828 
2412 -0.218828 
3341 -0.222491 
2971 -0.222491 
4963 -0.222491 
3878 -0.222491 
5132 -0.222491 
4794 -0.222491 
4853 -0.222491 
3302 -0.222491 
4546 -0.222491 
3418 -0.222491 
4899 -0.222491 
3758 -0.222491 
4897 -0.222491 
3017 -0.222491 
3397 -0.222491 
4880 -0.222491 
3838 -0.222491 
4881 -0.222491 
3613 -0.222491 
4893 -0.222491 
3617 -0.222491 
4574 -0.222491 
2974 -0.222491 
4912 -0.222491 
4743 -0.222491 
4561 -0.222491 
4559 -0.222491 
4730 -0.222491 
4420 -0.238113 
2605 -0.238113 
2630 -0.238113 
4572 -0.238113 
2593 -0.238113 
4531 -0.238113 
4598 -0.238113 
4585 -0.238113 
3048 -0.238113 
2894 -0.238113 
4754 -0.238113 
4951 -0.241656 
3502 -0.241656 
2169 -0.241656 
3131 -0.241656 
4769 -0.241656 
4626 -0.241656 
4782 -0.241656 
4614 -0.241656 
2678 -0.241656 
2677 -0.241656 
4613 -0.241656 
3128 -0.241656 
2073 -0.249702 
4934 -0.249702 
3631 -0.249702 
2223 -0.249702 
3633 -0.249702 
3630 -0.249702 
2721 -0.249702 
2676 -0.249702 
3947 -0.249702 
5273 -0.249702 
4933 -0.249702 
5103 -0.249702 
4224 -0.249702 
4445 -0.249702 
757 -0.249702 
2222 -0.249702 
4126 -0.249702 
2216 -0.249702 
3001 -0.249702 
5299 -0.249702 
4050 -0.249702 
4049 -0.249702 
2183 -0.249702 
3177 -0.249702 
3670 -0.249702 
4048 -0.249702 
1772 -0.249702 
5130 -0.249702 
3140 -0.249702 
4724 -0.249702 
3216 -0.249702 
924 -0.249702 
5274 -0.249702 
588 -0.249702 
5272 -0.249702 
3456 -0.249702 
3179 -0.249702 
3995 -0.249702 
743 -0.249702 
2219 -0.249702 
2259 -0.249702 
2179 -0.249702 
2684 -0.249702 
4028 -0.249702 
2182 -0.249702 
354 -0.249702 
3990 -0.249702 
4982 -0.249702 
3991 -0.249702 
4025 -0.249702 
4032 -0.249702 
3570 -0.249702 
3530 -0.249702 
3569 -0.249702 
769 -0.249702 
2180 -0.249702 
3556 -0.249702 
5286 -0.249702 
3534 -0.249702 
4765 -0.249702 
755 -0.249702 
756 -0.249702 
3594 -0.249702 
2507 -0.249702 
2060 -0.249702 
4086 -0.249702 
5260 -0.249702 
4087 -0.249702 
3596 -0.249702 
4089 -0.249702 
4737 -0.249702 
4031 -0.249702 
4030 -0.249702 
357 -0.249702 
358 -0.249702 
4969 -0.249702 
3593 -0.249702 
2680 -0.249702 
3611 -0.249702 
2683 -0.249702 
4563 -0.253061 
3409 -0.253061 
2954 -0.253061 
2462 -0.253061 
2917 -0.253061 
4578 -0.253061 
2533 -0.253061 
4538 -0.253061 
2916 -0.253061 
2915 -0.253061 
3372 -0.253061 
2489 -0.253061 
2918 -0.253061 
2532 -0.253061 
1503 -0.253061 
3477 -0.253061 
1379 -0.253061 
2633 -0.253061 
3479 -0.253061 
4430 -0.253061 
1579 -0.253061 
2039 -0.253061 
1793 -0.253061 
4694 -0.253061 
4213 -0.253061 
2986 -0.253061 
1009 -0.253061 
4212 -0.253061 
2936 -0.253061 
2985 -0.253061 
3005 -0.253061 
2983 -0.253061 
2530 -0.253061 
4171 -0.253061 
4170 -0.253061 
2490 -0.253061 
4707 -0.253061 
2527 -0.253061 
2526 -0.253061 
4299 -0.253061 
2493 -0.253061 
3443 -0.253061 
3442 -0.253061 
2567 -0.253061 
4720 -0.253061 
2498 -0.253061 
2492 -0.253061 
2570 -0.253061 
2499 -0.253061 
2569 -0.253061 
2566 -0.253061 
1620 -0.253061 
1619 -0.253061 
3476 -0.253061 
2565 -0.265554 
4595 -0.265554 
2149 -0.265554 
3712 -0.265554 
3111 -0.265554 
922 -0.265554 
2802 -0.265554 
3114 -0.265554 
3056 -0.265554 
5292 -0.265554 
3896 -0.265554 
3288 -0.265554 
3890 -0.265554 
5305 -0.265554 
3292 -0.265554 
3059 -0.265554 
3058 -0.265554 
3076 -0.265554 
3856 -0.265554 
3853 -0.265554 
2621 -0.265554 
3015 -0.265554 
3055 -0.265554 
2835 -0.265554 
2837 -0.265554 
1766 -0.265554 
4835 -0.265554 
2260 -0.265554 
5123 -0.265554 
3022 -0.265554 
3021 -0.265554 
3745 -0.265554 
3016 -0.265554 
2068 -0.265554 
1313 -0.265554 
1312 -0.265554 
2024 -0.265554 
767 -0.265554 
2982 -0.265554 
4406 -0.265554 
3256 -0.265554 
1349 -0.265554 
2978 -0.265554 
3437 -0.265554 
4472 -0.265554 
4426 -0.265554 
3592 -0.265554 
2112 -0.265554 
2111 -0.265554 
2108 -0.265554 
3474 -0.265554 
4954 -0.265554 
2069 -0.265554 
2106 -0.265554 
2105 -0.265554 
2981 -0.265554 
2071 -0.265554 
2072 -0.265554 
2979 -0.265554 
2145 -0.265554 
2146 -0.265554 
145 -0.265554 
2148 -0.265554 
753 -0.265554 
182 -0.265554 
741 -0.265554 
754 -0.265554 
1754 -0.280463 
4292 -0.280463 
1357 -0.280463 
2699 -0.280463 
4442 -0.280463 
2622 -0.280463 
1321 -0.280463 
1755 -0.280463 
2619 -0.280463 
1756 -0.280463 
2700 -0.280463 
4441 -0.280463 
1769 -0.280463 
4033 -0.280463 
4884 -0.280463 
1354 -0.280463 
1352 -0.280463 
4581 -0.280463 
3073 -0.280463 
2207 -0.280463 
2208 -0.280463 
2209 -0.280463 
2210 -0.280463 
2211 -0.280463 
4304 -0.280463 
2213 -0.280463 
1713 -0.280463 
4305 -0.280463 
938 -0.280463 
2214 -0.280463 
3462 -0.280463 
2167 -0.280463 
2659 -0.280463 
4034 -0.280463 
2246 -0.280463 
1807 -0.280463 
3388 -0.280463 
3354 -0.280463 
2168 -0.280463 
5105 -0.280463 
2623 -0.280463 
3540 -0.280463 
1314 -0.280463 
1315 -0.280463 
1317 -0.280463 
2163 -0.280463 
1394 -0.280463 
1318 -0.280463 
1391 -0.280463 
925 -0.280463 
1770 -0.280463 
1771 -0.280463 
926 -0.280463 
923 -0.280463 
2516 -0.280463 
2173 -0.280463 
2666 -0.280463 
1789 -0.280463 
1790 -0.280463 
2137 -0.280463 
2660 -0.280463 
918 -0.280463 
2174 -0.280463 
4545 -0.294594 
3389 -0.294594 
5221 -0.294594 
4714 -0.294594 
4883 -0.294594 
5052 -0.294594 
3553 -0.296454 
4755 -0.296454 
4745 -0.296454 
917 -0.296454 
365 -0.296454 
404 -0.296454 
578 -0.296454 
591 -0.296454 
605 -0.296454 
618 -0.296454 
619 -0.296454 
367 -0.296454 
366 -0.296454 
405 -0.296454 
329 -0.296454 
328 -0.296454 
5083 -0.296454 
3100 -0.296454 
5068 -0.296454 
4271 -0.296454 
4272 -0.296454 
442 -0.296454 
3893 -0.296454 
3927 -0.296454 
3928 -0.296454 
3929 -0.296454 
3930 -0.296454 
3933 -0.296454 
3063 -0.296454 
3973 -0.296454 
4586 -0.296454 
1751 -0.296454 
3051 -0.296454 
441 -0.296454 
440 -0.296454 
439 -0.296454 
407 -0.296454 
406 -0.296454 
3478 -0.296454 
760 -0.296454 
761 -0.296454 
3400 -0.296454 
774 -0.296454 
1298 -0.296454 
1297 -0.296454 
4453 -0.296454 
3473 -0.296454 
3435 -0.296454 
1295 -0.296454 
3517 -0.296454 
3516 -0.296454 
3514 -0.296454 
3513 -0.296454 
1292 -0.296454 
1291 -0.296454 
4440 -0.296454 
1331 -0.296454 
3538 -0.296454 
748 -0.296454 
1332 -0.296454 
4929 -0.296454 
1334 -0.296454 
4914 -0.296454 
1336 -0.296454 
4924 -0.296454 
4261 -0.298442 
3586 -0.298442 
4002 -0.298442 
4043 -0.298442 
4042 -0.298442 
4040 -0.298442 
4039 -0.298442 
4037 -0.298442 
2178 -0.298442 
4003 -0.298442 
5290 -0.298442 
2946 -0.298442 
3999 -0.298442 
5121 -0.298442 
4076 -0.298442 
4079 -0.298442 
4080 -0.298442 
5303 -0.298442 
4000 -0.298442 
2934 -0.298442 
4783 -0.298442 
4549 -0.298442 
2707 -0.315279 
4821 -0.315279 
2319 -0.315279 
5327 -0.315279 
5329 -0.315279 
4808 -0.315279 
933 -0.315279 
5145 -0.315279 
2743 -0.315279 
2744 -0.315279 
2746 -0.315279 
2747 -0.315279 
2750 -0.315279 
2773 -0.315279 
2775 -0.315279 
2776 -0.315279 
2778 -0.315279 
2780 -0.315279 
4990 -0.315279 
5134 -0.315279 
4822 -0.315279 
5146 -0.315279 
5147 -0.315279 
5148 -0.315279 
5157 -0.315279 
5158 -0.315279 
5159 -0.315279 
5160 -0.315279 
5161 -0.315279 
4979 -0.315279 
4978 -0.315279 
932 -0.315279 
4823 -0.315279 
4107 -0.315279 
3690 -0.315279 
3160 -0.315279 
3165 -0.315279 
4077 -0.315279 
2287 -0.315279 
2321 -0.315279 
2288 -0.315279 
1866 -0.315279 
4105 -0.315279 
1794 -0.315279 
4108 -0.315279 
2322 -0.315279 
4485 -0.315279 
4484 -0.315279 
4483 -0.315279 
4482 -0.315279 
3204 -0.315279 
3203 -0.315279 
2290 -0.315279 
3232 -0.315279 
3163 -0.315279 
4651 -0.315279 
2320 -0.315279 
4652 -0.315279 
3164 -0.315279 
2254 -0.315279 
3230 -0.315279 
4069 -0.315279 
3231 -0.315279 
1864 -0.315279 
3234 -0.315279 
2251 -0.315279 
2250 -0.315279 
2247 -0.315279 
1797 -0.315279 
4072 -0.315279 
4074 -0.315279 
4075 -0.315279 
3657 -0.315279 
4138 -0.315279 
4140 -0.315279 
4141 -0.315279 
4142 -0.315279 
4144 -0.315279 
3654 -0.315279 
3656 -0.315279 
2324 -0.315279 
1868 -0.315279 
3623 -0.315279 
4470 -0.315279 
3660 -0.315279 
3688 -0.315279 
3686 -0.315279 
3622 -0.315279 
3685 -0.315279 
2318 -0.315279 
1870 -0.315279 
4795 -0.315279 
4796 -0.315279 
4136 -0.315279 
4456 -0.315279 
4110 -0.315279 
2291 -0.315279 
3198 -0.315279 
3197 -0.315279 
2293 -0.315279 
2294 -0.315279 
3166 -0.315279 
3200 -0.315279 
4111 -0.315279 
4114 -0.315279 
2297 -0.315279 
4469 -0.315279 
3201 -0.315279 
1121 -0.325208 
1081 -0.325208 
1082 -0.325208 
687 -0.325208 
674 -0.325208 
843 -0.325208 
4366 -0.325208 
1541 -0.325208 
1125 -0.325208 
1124 -0.325208 
1122 -0.325208 
1044 -0.325208 
1577 -0.325208 
1576 -0.325208 
1580 -0.325208 
1047 -0.325208 
4746 -0.341066 
1604 -0.341066 
1605 -0.341066 
2098 -0.341066 
4915 -0.341066 
1678 -0.341066 
1682 -0.341066 
1679 -0.341066 
3393 -0.341066 
2133 -0.341066 
5084 -0.341066 
2134 -0.341066 
3971 -0.341066 
1638 -0.341066 
3481 -0.341066 
2064 -0.341066 
5240 -0.341066 
3931 -0.341066 
1644 -0.341066 
5253 -0.341066 
4402 -0.341066 
1602 -0.341066 
1681 -0.341066 
1601 -0.341066 
1639 -0.341066 
2554 -0.341066 
2099 -0.341066 
3065 -0.341066 
2555 -0.341066 
2100 -0.341066 
2589 -0.341066 
2588 -0.341066 
3932 -0.341066 
1645 -0.341066 
5613 -0.341259 
5654 -0.341259 
5578 -0.341259 
5349 -0.341259 
5350 -0.341259 
2822 -0.341259 
5053 -0.341259 
5759 -0.341259 
5760 -0.341259 
5761 -0.341259 
5764 -0.341259 
5579 -0.341259 
5051 -0.341259 
5580 -0.341259 
5581 -0.341259 
5582 -0.341259 
5653 -0.341259 
5656 -0.341259 
5647 -0.341259 
5614 -0.341259 
5617 -0.341259 
5646 -0.341259 
5375 -0.341259 
5338 -0.341259 
5615 -0.341259 
5567 -0.341259 
3429 -0.341259 
5066 -0.341259 
5566 -0.341259 
5569 -0.341259 
5657 -0.341259 
5570 -0.341259 
5610 -0.341259 
5365 -0.341259 
5364 -0.341259 
5363 -0.341259 
5361 -0.341259 
5603 -0.341259 
5360 -0.341259 
5762 -0.341259 
5768 -0.341259 
5611 -0.341259 
5575 -0.341259 
5576 -0.341259 
5577 -0.341259 
5655 -0.341259 
5612 -0.341259 
5373 -0.341259 
5374 -0.341259 
3841 -0.341259 
5765 -0.341259 
5351 -0.341259 
5763 -0.341259 
5685 -0.341259 
5606 -0.341259 
5690 -0.341259 
5605 -0.341259 
3847 -0.341259 
5689 -0.341259 
5688 -0.341259 
5687 -0.341259 
5686 -0.341259 
5166 -0.341259 
5013 -0.341259 
5651 -0.341259 
5650 -0.341259 
5616 -0.341259 
2825 -0.341259 
5649 -0.341259 
5194 -0.341259 
5648 -0.341259 
5181 -0.341259 
5607 -0.341259 
5695 -0.341259 
5694 -0.341259 
5693 -0.341259 
5696 -0.341259 
5178 -0.341259 
5697 -0.341259 
5179 -0.341259 
5719 -0.341259 
5182 -0.341259 
5183 -0.341259 
5692 -0.341259 
5691 -0.341259 
5170 -0.341259 
5169 -0.341259 
5168 -0.341259 
5167 -0.341259 
5604 -0.341259 
5681 -0.341259 
5680 -0.341259 
5679 -0.341259 
5728 -0.341259 
5208 -0.341259 
5729 -0.341259 
3844 -0.341259 
5730 -0.341259 
2816 -0.341259 
3843 -0.341259 
3842 -0.341259 
2359 -0.341259 
5334 -0.341259 
5335 -0.341259 
5336 -0.341259 
5609 -0.341259 
5337 -0.341259 
5608 -0.341259 
5720 -0.341259 
5195 -0.341259 
2861 -0.341259 
2858 -0.341259 
5721 -0.341259 
2856 -0.341259 
5722 -0.341259 
5723 -0.341259 
5652 -0.341259 
5684 -0.341259 
5724 -0.341259 
5683 -0.341259 
5682 -0.341259 
5725 -0.341259 
5726 -0.341259 
5727 -0.341259 
5441 -0.341259 
3275 -0.341259 
3272 -0.341259 
3249 -0.341259 
3248 -0.341259 
3247 -0.341259 
3246 -0.341259 
3245 -0.341259 
3243 -0.341259 
5531 -0.341259 
5642 -0.341259 
3881 -0.341259 
5442 -0.341259 
3773 -0.341259 
3772 -0.341259 
2794 -0.341259 
3770 -0.341259 
3769 -0.341259 
3768 -0.341259 
3767 -0.341259 
3766 -0.341259 
3803 -0.341259 
3805 -0.341259 
3316 -0.341259 
3804 -0.341259 
3315 -0.341259 
3314 -0.341259 
3313 -0.341259 
3312 -0.341259 
3311 -0.341259 
3310 -0.341259 
5377 -0.341259 
4659 -0.341259 
5536 -0.341259 
5535 -0.341259 
5534 -0.341259 
3280 -0.341259 
3278 -0.341259 
3277 -0.341259 
5428 -0.341259 
5429 -0.341259 
5643 -0.341259 
5507 -0.341259 
4831 -0.341259 
4830 -0.341259 
3728 -0.341259 
3726 -0.341259 
3725 -0.341259 
5512 -0.341259 
5511 -0.341259 
5510 -0.341259 
5509 -0.341259 
5508 -0.341259 
3697 -0.341259 
5506 -0.341259 
5505 -0.341259 
5504 -0.341259 
5503 -0.341259 
3704 -0.341259 
3699 -0.341259 
3701 -0.341259 
3702 -0.341259 
3703 -0.341259 
5620 -0.341259 
3765 -0.341259 
3764 -0.341259 
4660 -0.341259 
4661 -0.341259 
5641 -0.341259 
4662 -0.341259 
5640 -0.341259 
3763 -0.341259 
3884 -0.341259 
3309 -0.341259 
5456 -0.341259 
3733 -0.341259 
3732 -0.341259 
3731 -0.341259 
4844 -0.341259 
4843 -0.341259 
4842 -0.341259 
3730 -0.341259 
3729 -0.341259 
3806 -0.341259 
2787 -0.341259 
5014 -0.341259 
5012 -0.341259 
5011 -0.341259 
5010 -0.341259 
3392 -0.341259 
3387 -0.341259 
3386 -0.341259 
5618 -0.341259 
5802 -0.341259 
5000 -0.341259 
4999 -0.341259 
4998 -0.341259 
4997 -0.341259 
2333 -0.341259 
3352 -0.341259 
3350 -0.341259 
3809 -0.341259 
2789 -0.341259 
5027 -0.341259 
5645 -0.341259 
5378 -0.341259 
5039 -0.341259 
5797 -0.341259 
5798 -0.341259 
5386 -0.341259 
5387 -0.341259 
5799 -0.341259 
5800 -0.341259 
3810 -0.341259 
5026 -0.341259 
5025 -0.341259 
5024 -0.341259 
5023 -0.341259 
5388 -0.341259 
5801 -0.341259 
5389 -0.341259 
5390 -0.341259 
5391 -0.341259 
5540 -0.341259 
5401 -0.341259 
2791 -0.341259 
5403 -0.341259 
5404 -0.341259 
5405 -0.341259 
5543 -0.341259 
3318 -0.341259 
5542 -0.341259 
5541 -0.341259 
5402 -0.341259 
5539 -0.341259 
3317 -0.341259 
5538 -0.341259 
5537 -0.341259 
5414 -0.341259 
5415 -0.341259 
5416 -0.341259 
5417 -0.341259 
3807 -0.341259 
5644 -0.341259 
5619 -0.341259 
2819 -0.341259 
2792 -0.341259 
2793 -0.341259 
5400 -0.341259 
5207 -0.342877 
5347 -0.342877 
5572 -0.342877 
5571 -0.342877 
3800 -0.342877 
3799 -0.342877 
5348 -0.342877 
5573 -0.342877 
4869 -0.342877 
3349 -0.342877 
5533 -0.342877 
5530 -0.342877 
4687 -0.342877 
5568 -0.342877 
5532 -0.342877 
5574 -0.342877 
5038 -0.342877 
5529 -0.342877 
5376 -0.342877 
5362 -0.342877 
4700 -0.342877 
517 -0.343887 
476 -0.343887 
516 -0.343887 
475 -0.343887 
488 -0.343887 
515 -0.343887 
490 -0.343887 
500 -0.343887 
489 -0.343887 
502 -0.343887 
501 -0.343887 
487 -0.343887 
514 -0.343887 
77 -0.343887 
503 -0.343887 
474 -0.343887 
1152 -0.343887 
78 -0.343887 
685 -0.343887 
4 -0.343887 
76 -0.343887 
75 -0.343887 
4377 -0.343887 
74 -0.343887 
73 -0.343887 
72 -0.343887 
71 -0.343887 
70 -0.343887 
69 -0.343887 
1153 -0.343887 
79 -0.343887 
5 -0.343887 
854 -0.343887 
1078 -0.343887 
39 -0.343887 
38 -0.343887 
37 -0.343887 
36 -0.343887 
35 -0.343887 
34 -0.343887 
33 -0.343887 
32 -0.343887 
6 -0.343887 
7 -0.343887 
117 -0.343887 
155 -0.343887 
154 -0.343887 
153 -0.343887 
152 -0.343887 
151 -0.343887 
150 -0.343887 
149 -0.343887 
148 -0.343887 
1572 -0.343887 
1568 -0.343887 
1567 -0.343887 
2023 -0.343887 
462 -0.343887 
116 -0.343887 
115 -0.343887 
114 -0.343887 
113 -0.343887 
112 -0.343887 
111 -0.343887 
461 -0.343887 
156 -0.343887 
110 -0.343887 
109 -0.343887 
108 -0.343887 
4208 -0.343887 
672 -0.343887 
3606 -0.373373 
1839 -0.373373 
1837 -0.373373 
1867 -0.373373 
1800 -0.373373 
960 -0.373373 
3632 -0.373373 
1414 -0.373373 
790 -0.373373 
1350 -0.373373 
2587 -0.373373 
4315 -0.373373 
3026 -0.373373 
791 -0.373373 
792 -0.373373 
793 -0.373373 
794 -0.373373 
4274 -0.373373 
4250 -0.373373 
1378 -0.373373 
2215 -0.373373 
1416 -0.373373 
4408 -0.373373 
1380 -0.373373 
1413 -0.373373 
1412 -0.373373 
1410 -0.373373 
1381 -0.373373 
1408 -0.373373 
1382 -0.373373 
1383 -0.373373 
1384 -0.373373 
3471 -0.373373 
1388 -0.373373 
1385 -0.373373 
1387 -0.373373 
934 -0.373373 
949 -0.373373 
2147 -0.373373 
948 -0.373373 
947 -0.373373 
946 -0.373373 
962 -0.373373 
4974 -0.373373 
1339 -0.373373 
963 -0.373373 
1340 -0.373373 
1341 -0.373373 
3591 -0.373373 
961 -0.373373 
1342 -0.373373 
4973 -0.373373 
779 -0.373373 
2510 -0.373373 
959 -0.373373 
1344 -0.373373 
777 -0.373373 
780 -0.373373 
2571 -0.373373 
4421 -0.373373 
4968 -0.373373 
1347 -0.373373 
3901 -0.381433 
3446 -0.381433 
3445 -0.381433 
2990 -0.381433 
2992 -0.381433 
2573 -0.381433 
3482 -0.381433 
3031 -0.381433 
3029 -0.381433 
2955 -0.381433 
3865 -0.381433 
4889 -0.381433 
2536 -0.381433 
3941 -0.381433 
3939 -0.381433 
3937 -0.381433 
4902 -0.381433 
3902 -0.381433 
3483 -0.381433 
3485 -0.381433 
3900 -0.381433 
4917 -0.381433 
5476 -0.398101 
4409 -0.398101 
5820 -0.398101 
5860 -0.398101 
5935 -0.398101 
5489 -0.398101 
2171 -0.398101 
5934 -0.398101 
5463 -0.398101 
2944 -0.398101 
2945 -0.398101 
904 -0.398101 
4943 -0.398101 
5861 -0.398101 
5857 -0.398101 
1165 -0.398101 
1164 -0.398101 
5437 -0.398101 
1201 -0.398101 
4615 -0.398101 
1202 -0.398101 
2947 -0.398101 
4956 -0.398101 
5894 -0.398101 
5897 -0.398101 
5898 -0.398101 
5450 -0.398101 
2531 -0.398101 
870 -0.398101 
871 -0.398101 
3557 -0.398101 
2075 -0.398101 
3134 -0.398101 
5583 -0.398101 
5112 -0.398101 
2038 -0.398101 
3024 -0.398101 
2037 -0.398101 
2035 -0.398101 
3025 -0.398101 
3520 -0.398101 
5125 -0.398101 
2034 -0.398101 
4394 -0.398101 
4052 -0.398101 
3559 -0.398101 
4015 -0.398101 
4013 -0.398101 
4012 -0.398101 
4011 -0.398101 
1990 -0.398101 
1618 -0.398101 
1621 -0.398101 
1714 -0.398101 
5281 -0.398101 
3066 -0.398101 
2078 -0.398101 
4396 -0.398101 
5824 -0.398101 
5823 -0.398101 
2987 -0.398101 
735 -0.398101 
722 -0.398101 
701 -0.398101 
3102 -0.398101 
3105 -0.398101 
688 -0.398101 
2115 -0.398101 
2114 -0.398101 
5787 -0.398101 
5786 -0.398101 
5783 -0.398101 
2077 -0.398101 
3436 -0.398101 
3142 -0.398101 
4258 -0.398101 
5921 -0.406033 
5881 -0.406033 
5469 -0.406033 
5470 -0.406033 
5946 -0.406033 
5947 -0.406033 
5948 -0.406033 
4780 -0.406033 
5949 -0.406033 
4781 -0.406033 
5950 -0.406033 
5951 -0.406033 
5483 -0.406033 
5484 -0.406033 
3580 -0.406033 
5301 -0.406033 
5288 -0.406033 
5497 -0.406033 
5495 -0.406033 
5496 -0.406033 
4070 -0.406033 
5882 -0.406033 
5527 -0.406033 
5528 -0.406033 
5119 -0.406033 
5842 -0.406033 
5841 -0.406033 
5880 -0.406033 
4073 -0.406033 
4071 -0.406033 
5840 -0.406033 
5920 -0.406033 
5839 -0.406033 
5913 -0.406033 
5879 -0.406033 
5878 -0.406033 
5919 -0.406033 
5916 -0.406033 
5917 -0.406033 
5877 -0.406033 
5918 -0.406033 
2220 -0.419987 
1999 -0.419987 
423 -0.419987 
3620 -0.419987 
1982 -0.419987 
1983 -0.419987 
305 -0.419987 
3555 -0.419987 
2172 -0.419987 
308 -0.419987 
1343 -0.419987 
1303 -0.419987 
1304 -0.419987 
766 -0.419987 
765 -0.419987 
764 -0.419987 
1311 -0.419987 
457 -0.419987 
752 -0.419987 
456 -0.419987 
1346 -0.419987 
458 -0.419987 
5328 -0.419987 
1351 -0.419987 
5315 -0.419987 
5314 -0.419987 
3075 -0.419987 
4227 -0.419987 
778 -0.419987 
427 -0.419987 
428 -0.419987 
429 -0.419987 
430 -0.419987 
431 -0.419987 
432 -0.419987 
1279 -0.419987 
1763 -0.419987 
4226 -0.419987 
449 -0.419987 
450 -0.419987 
451 -0.419987 
452 -0.419987 
453 -0.419987 
454 -0.419987 
455 -0.419987 
1586 -0.419987 
612 -0.419987 
611 -0.419987 
610 -0.419987 
609 -0.419987 
601 -0.419987 
599 -0.419987 
598 -0.419987 
597 -0.419987 
613 -0.419987 
596 -0.419987 
595 -0.419987 
2402 -0.419987 
585 -0.419987 
584 -0.419987 
583 -0.419987 
582 -0.419987 
571 -0.419987 
5133 -0.419987 
4214 -0.419987 
5302 -0.419987 
5098 -0.419987 
4198 -0.419987 
5110 -0.419987 
5111 -0.419987 
1698 -0.419987 
5279 -0.419987 
341 -0.419987 
627 -0.419987 
626 -0.419987 
3972 -0.419987 
625 -0.419987 
624 -0.419987 
623 -0.419987 
614 -0.419987 
382 -0.419987 
393 -0.419987 
392 -0.419987 
391 -0.419987 
390 -0.419987 
389 -0.419987 
388 -0.419987 
387 -0.419987 
386 -0.419987 
385 -0.419987 
384 -0.419987 
4772 -0.419987 
383 -0.419987 
425 -0.419987 
381 -0.419987 
352 -0.419987 
380 -0.419987 
379 -0.419987 
2479 -0.419987 
353 -0.419987 
378 -0.419987 
4763 -0.419987 
4750 -0.419987 
377 -0.419987 
898 -0.419987 
921 -0.419987 
395 -0.419987 
343 -0.419987 
422 -0.419987 
424 -0.419987 
340 -0.419987 
344 -0.419987 
4536 -0.419987 
342 -0.419987 
421 -0.419987 
420 -0.419987 
419 -0.419987 
418 -0.419987 
426 -0.419987 
345 -0.419987 
394 -0.419987 
417 -0.419987 
346 -0.419987 
347 -0.419987 
348 -0.419987 
349 -0.419987 
350 -0.419987 
2475 -0.437864 
2292 -0.441621 
3169 -0.441621 
5122 -0.441621 
983 -0.441621 
5124 -0.441621 
1476 -0.441621 
985 -0.441621 
1019 -0.441621 
5137 -0.441621 
5136 -0.441621 
4084 -0.441621 
5149 -0.441621 
5150 -0.441621 
4082 -0.441621 
4770 -0.441621 
3170 -0.441621 
3172 -0.441621 
3129 -0.441621 
3536 -0.441621 
4784 -0.441621 
3547 -0.441621 
3548 -0.441621 
3549 -0.441621 
3550 -0.441621 
4785 -0.441621 
2175 -0.441621 
2079 -0.441621 
664 -0.441621 
665 -0.441621 
4260 -0.441621 
4313 -0.441621 
2127 -0.441621 
4384 -0.441621 
4399 -0.441621 
4981 -0.441621 
4980 -0.441621 
652 -0.441621 
2463 -0.441621 
2550 -0.441621 
2556 -0.441621 
834 -0.441621 
820 -0.441621 
4953 -0.441621 
806 -0.441621 
819 -0.441621 
807 -0.441621 
1409 -0.441621 
3515 -0.441621 
3512 -0.441621 
638 -0.441621 
2706 -0.441621 
2043 -0.441621 
2046 -0.441621 
3130 -0.441621 
3132 -0.441621 
3133 -0.441621 
5108 -0.441621 
1020 -0.441621 
1057 -0.441621 
5096 -0.441621 
3135 -0.441621 
5095 -0.441621 
3136 -0.441621 
4638 -0.441621 
3137 -0.441621 
650 -0.441621 
651 -0.441621 
5293 -0.441621 
4010 -0.441621 
4009 -0.441621 
4007 -0.441621 
4005 -0.441621 
4004 -0.441621 
3970 -0.441621 
3967 -0.441621 
3669 -0.441621 
5277 -0.441621 
3666 -0.441621 
5291 -0.441621 
3585 -0.441621 
3589 -0.441621 
3590 -0.441621 
4046 -0.441621 
5294 -0.441621 
4047 -0.441621 
3624 -0.441621 
3625 -0.441621 
5306 -0.441621 
1721 -0.441621 
1722 -0.441621 
3629 -0.441621 
3628 -0.441621 
3627 -0.441621 
5332 -0.441621 
5320 -0.441621 
5318 -0.441621 
5319 -0.441621 
3093 -0.441621 
1592 -0.441621 
3096 -0.441621 
4045 -0.441621 
1833 -0.441621 
4044 -0.441621 
3095 -0.441621 
1863 -0.441621 
1588 -0.441621 
3092 -0.441621 
2631 -0.441621 
3326 -0.458275 
2665 -0.458275 
1309 -0.458275 
1307 -0.458275 
1306 -0.458275 
4414 -0.458275 
1310 -0.458275 
3324 -0.458275 
4427 -0.458275 
2797 -0.458275 
2799 -0.458275 
2511 -0.458275 
2801 -0.458275 
3740 -0.458275 
4767 -0.458275 
2132 -0.458275 
739 -0.458275 
5029 -0.458275 
2343 -0.458275 
2107 -0.458275 
2345 -0.458275 
2165 -0.458275 
3257 -0.458275 
4664 -0.458275 
3084 -0.458275 
4665 -0.458275 
3161 -0.458275 
4666 -0.458275 
4678 -0.458275 
4679 -0.458275 
2910 -0.458275 
3083 -0.458275 
4596 -0.458275 
4583 -0.458275 
908 -0.458275 
3253 -0.458275 
3255 -0.458275 
3081 -0.458275 
4582 -0.458275 
4570 -0.458275 
3158 -0.458275 
4680 -0.458275 
4681 -0.458275 
3290 -0.458275 
1269 -0.458275 
1270 -0.458275 
1272 -0.458275 
4695 -0.458275 
4708 -0.458275 
1273 -0.458275 
3094 -0.458275 
3086 -0.458275 
5131 -0.458275 
3120 -0.458275 
3123 -0.458275 
3124 -0.458275 
3118 -0.458275 
3121 -0.458275 
3117 -0.458275 
1726 -0.458275 
3044 -0.458275 
2831 -0.458275 
4236 -0.458275 
2834 -0.458275 
2347 -0.458275 
3614 -0.458275 
2871 -0.458275 
2620 -0.458275 
4244 -0.458275 
2877 -0.458275 
4245 -0.458275 
3918 -0.462957 
3692 -0.462957 
2764 -0.462957 
3218 -0.462957 
3210 -0.462957 
4729 -0.462957 
2768 -0.462957 
1597 -0.462957 
2738 -0.462957 
3499 -0.462957 
1600 -0.462957 
2261 -0.462957 
3122 -0.462957 
3958 -0.462957 
2784 -0.462957 
4898 -0.462957 
838 -0.462957 
1106 -0.462957 
3238 -0.462957 
2782 -0.462957 
3674 -0.462957 
3236 -0.462957 
2732 -0.462957 
1526 -0.462957 
1071 -0.462957 
864 -0.462957 
2484 -0.462957 
1183 -0.462957 
2735 -0.462957 
3439 -0.462957 
2726 -0.462957 
1841 -0.462957 
3191 -0.462957 
3189 -0.462957 
3188 -0.462957 
2298 -0.462957 
2299 -0.462957 
3185 -0.462957 
3183 -0.462957 
4817 -0.462957 
4815 -0.462957 
3182 -0.462957 
3180 -0.462957 
3694 -0.462957 
4791 -0.462957 
4290 -0.462957 
4803 -0.462957 
4289 -0.462957 
669 -0.462957 
4801 -0.462957 
1844 -0.462957 
3425 -0.462957 
3432 -0.462957 
5067 -0.462957 
1558 -0.462957 
3636 -0.462957 
4218 -0.462957 
1559 -0.462957 
3642 -0.462957 
4824 -0.462957 
3648 -0.462957 
4825 -0.462957 
2296 -0.462957 
1961 -0.464250 
2661 -0.464250 
1920 -0.464250 
1922 -0.464250 
2442 -0.464250 
1923 -0.464250 
4354 -0.464250 
2377 -0.464250 
1470 -0.464250 
1946 -0.464250 
4367 -0.464250 
1994 -0.464250 
3116 -0.464250 
1467 -0.464250 
4340 -0.464250 
2380 -0.464250 
4363 -0.464250 
1917 -0.464250 
1918 -0.464250 
4353 -0.464250 
4766 -0.489669 
2627 -0.489669 
4259 -0.489669 
4429 -0.489669 
4428 -0.489669 
3082 -0.492647 
2062 -0.492647 
1226 -0.492647 
1227 -0.492647 
3820 -0.492647 
5226 -0.492647 
5225 -0.492647 
2063 -0.492647 
4719 -0.492647 
4391 -0.492647 
5213 -0.492647 
3897 -0.492647 
3895 -0.492647 
3894 -0.492647 
3404 -0.492647 
2116 -0.492647 
3860 -0.492647 
723 -0.492647 
5086 -0.492647 
2522 -0.492647 
710 -0.492647 
3858 -0.492647 
3854 -0.492647 
5057 -0.492647 
3855 -0.492647 
4239 -0.492647 
1150 -0.492647 
3940 -0.492647 
4888 -0.492647 
5239 -0.492647 
3817 -0.492647 
3938 -0.492647 
4887 -0.492647 
1643 -0.492647 
3818 -0.492647 
1149 -0.492647 
3936 -0.492647 
2972 -0.492647 
1189 -0.492647 
1190 -0.492647 
879 -0.492647 
4935 -0.492647 
3539 -0.492647 
3573 -0.492647 
4609 -0.495077 
4810 -0.495077 
4610 -0.495077 
3167 -0.495077 
2470 -0.495077 
4623 -0.495077 
4779 -0.495077 
4611 -0.495077 
2393 -0.495077 
2074 -0.495077 
2847 -0.495077 
2433 -0.495077 
4809 -0.495077 
2886 -0.495077 
2000 -0.495077 
2884 -0.495077 
2396 -0.495077 
3303 -0.495077 
4505 -0.495077 
4506 -0.495077 
4684 -0.495077 
4697 -0.495077 
4698 -0.495077 
4597 -0.495077 
2494 -0.495077 
3340 -0.495077 
3396 -0.495077 
2404 -0.495077 
3119 -0.495077 
2984 -0.495077 
2430 -0.495077 
4381 -0.495077 
3306 -0.495077 
3380 -0.495077 
2753 -0.495077 
2001 -0.495077 
