3072 1
92 0.748805 
99 0.730189 
1095 0.728810 
2655 0.703642 
3020 0.678563 
3063 0.677848 
2679 0.670122 
1119 0.666795 
2883 0.663335 
356 0.654639 
747 0.652872 
1131 0.638833 
1112 0.630633 
3039 0.626977 
723 0.625465 
212 0.618663 
2636 0.612545 
1100 0.612003 
2283 0.610212 
1491 0.609352 
3044 0.608797 
735 0.606820 
3032 0.606376 
728 0.605210 
2631 0.603784 
1143 0.601621 
207 0.590925 
2295 0.588530 
2648 0.586716 
1124 0.579862 
231 0.578022 
752 0.567784 
363 0.562208 
195 0.557642 
740 0.555730 
3015 0.552684 
1496 0.550863 
1527 0.545158 
2895 0.535769 
2115 0.535401 
2288 0.528872 
1503 0.525426 
759 0.518508 
1107 0.514818 
219 0.509851 
126 0.507005 
2271 0.505508 
3027 0.499057 
111 0.493940 
200 0.492819 
579 0.488975 
980 0.487227 
2259 0.486977 
2499 0.485691 
1508 0.485270 
963 0.484372 
2643 0.482100 
975 0.479216 
2919 0.479206 
1484 0.475358 
2139 0.471500 
3051 0.470332 
3068 0.469942 
716 0.461383 
327 0.460640 
320 0.456727 
2504 0.456621 
615 0.456291 
711 0.451078 
2684 0.448194 
375 0.445527 
2907 0.445413 
836 0.443074 
2900 0.439075 
596 0.436236 
2163 0.436112 
2151 0.435537 
2264 0.433650 
2667 0.431813 
339 0.425985 
2252 0.425985 
2516 0.422253 
1892 0.421682 
2888 0.417072 
1868 0.415854 
2660 0.415623 
2511 0.415290 
999 0.412770 
2132 0.409966 
344 0.405340 
1011 0.402374 
1515 0.401703 
603 0.397300 
115 0.394963 
2535 0.393290 
2672 0.390477 
987 0.370307 
591 0.367990 
351 0.354835 
1899 0.348616 
1111 0.346648 
2276 0.343348 
1916 0.338993 
1136 0.332973 
1479 0.332686 
2247 0.332308 
1148 0.328115 
968 0.324909 
764 0.322839 
1875 0.321095 
2263 0.313789 
224 0.309955 
704 0.306787 
1887 0.304145 
67 0.303065 
368 0.301593 
332 0.299672 
867 0.289868 
2624 0.286655 
2007 0.284670 
233 0.283359 
2403 0.273716 
1880 0.273459 
1731 0.270136 
1767 0.268071 
1532 0.263958 
2528 0.259754 
2523 0.250795 
1004 0.248909 
2540 0.248509 
2924 0.229672 
992 0.229246 
2379 0.227442 
2391 0.223918 
2168 0.217964 
1347 0.215489 
608 0.214491 
1748 0.214363 
2300 0.213734 
1472 0.209640 
843 0.205380 
2763 0.204526 
2647 0.202600 
2120 0.202186 
1481 0.200935 
380 0.200323 
459 0.198193 
243 0.194226 
1779 0.194047 
2931 0.193973 
2912 0.192327 
76 0.180106 
1911 0.178593 
1743 0.169330 
2127 0.159919 
2936 0.159889 
855 0.155132 
1755 0.154407 
2144 0.152325 
1364 0.141829 
879 0.139776 
584 0.138239 
1863 0.126593 
1088 0.124619 
1520 0.124114 
1904 0.119942 
2156 0.118069 
2372 0.116984 
1736 0.112362 
2547 0.105738 
1495 0.092346 
2240 0.088189 
620 0.083487 
2153 0.079144 
2775 0.078233 
3019 0.078205 
3056 0.072945 
1023 0.064606 
1016 0.058201 
1995 0.049873 
87 0.046393 
582 0.037830 
1772 0.034583 
627 0.025987 
1760 0.022639 
891 0.011636 
236 0.006878 
2396 0.006822 
2552 0.005297 
471 0.001541 
2658 -0.001741 
715 -0.003810 
2671 -0.006580 
1856 -0.011742 
3008 -0.021252 
3043 -0.028297 
761 -0.038593 
1371 -0.045848 
857 -0.060864 
979 -0.066606 
632 -0.086639 
2559 -0.088484 
2793 -0.089687 
2019 -0.092781 
255 -0.101224 
1383 -0.101644 
1145 -0.108059 
1352 -0.114855 
2935 -0.123198 
1388 -0.123383 
2943 -0.130826 
845 -0.142834 
248 -0.153473 
3031 -0.164014 
2787 -0.179511 
1395 -0.179578 
1635 -0.189207 
77 -0.202070 
199 -0.203647 
2381 -0.207475 
2420 -0.222561 
461 -0.227953 
835 -0.228328 
2427 -0.233622 
80 -0.238972 
1784 -0.242064 
1611 -0.242585 
2393 -0.272278 
617 -0.279702 
1123 -0.286845 
3053 -0.291505 
2131 -0.293312 
221 -0.308296 
2009 -0.309317 
1359 -0.316347 
1769 -0.319087 
2371 -0.330935 
2791 -0.338077 
1134 -0.360851 
1001 -0.362785 
2384 -0.381164 
1988 -0.389286 
2175 -0.392296 
1047 -0.393142 
68 -0.399322 
604 -0.401624 
725 -0.401860 
1623 -0.414995 
884 -0.417326 
1603 -0.417743 
1376 -0.439037 
2911 -0.439592 
377 -0.444689 
267 -0.448754 
2415 -0.455055 
1997 -0.459457 
2583 -0.460636 
964 -0.469319 
489 -0.470092 
2921 -0.474555 
1987 -0.490766 
2634 -0.494949 
1035 -0.500850 
739 -0.503540 
331 -0.504677 
2803 -0.507672 
123 -0.507932 
639 -0.509486 
862 -0.510311 
2777 -0.510393 
451 -0.511362 
2899 -0.517230 
354 -0.526656 
3067 -0.526926 
1528 -0.531965 
2116 -0.537957 
2408 -0.538704 
1400 -0.542825 
478 -0.543534 
1879 -0.547544 
1059 -0.552613 
1747 -0.554191 
75 -0.554851 
2755 -0.564268 
2025 -0.568298 
668 -0.577330 
2187 -0.580076 
1431 -0.584609 
2765 -0.591057 
2211 -0.594018 
1604 -0.594574 
2681 -0.596280 
2595 -0.600227 
883 -0.601715 
342 -0.606925 
355 -0.621697 
750 -0.622978 
991 -0.627034 
1015 -0.634403 
1097 -0.634920 
595 -0.636120 
1028 -0.636810 
1257 -0.642219 
1756 -0.642520 
279 -0.643944 
1815 -0.646473 
848 -0.652142 
2199 -0.652330 
2955 -0.653429 
2571 -0.655674 
631 -0.656882 
2979 -0.659674 
644 -0.662998 
291 -0.663050 
1791 -0.663145 
2142 -0.669911 
366 -0.674083 
1867 -0.674774 
2885 -0.678302 
2235 -0.687201 
738 -0.690519 
2003 -0.698512 
2525 -0.699605 
663 -0.702907 
651 -0.704503 
1262 -0.710688 
1360 -0.717179 
2564 -0.717366 
503 -0.719529 
2948 -0.719860 
2167 -0.720820 
1460 -0.721416 
465 -0.723081 
1851 -0.724718 
2035 -0.725587 
2228 -0.725735 
2635 -0.726688 
2419 -0.734982 
1071 -0.735073 
303 -0.737378 
1659 -0.740356 
2043 -0.750457 
1839 -0.751642 
315 -0.752806 
1419 -0.753441 
116 -0.756118 
2612 -0.757593 
1052 -0.761534 
2972 -0.773809 
1676 -0.780530 
2727 -0.781413 
2204 -0.781860 
1122 -0.782398 
868 -0.784206 
498 -0.785703 
1803 -0.786289 
308 -0.788676 
1891 -0.788820 
2815 -0.789570 
2537 -0.790762 
1827 -0.793649 
2284 -0.803405 
967 -0.810062 
2764 -0.812084 
499 -0.813945 
343 -0.815416 
1385 -0.816887 
2588 -0.817546 
692 -0.818198 
1795 -0.819902 
903 -0.820946 
1219 -0.821528 
699 -0.823861 
1732 -0.832160 
2967 -0.832849 
675 -0.835927 
259 -0.836550 
1575 -0.839706 
39 -0.841239 
423 -0.841367 
2439 -0.843398 
140 -0.843453 
606 -0.845234 
1628 -0.845688 
1229 -0.853519 
2047 -0.853970 
2771 -0.854541 
2549 -0.855071 
1303 -0.855847 
2034 -0.857592 
2418 -0.857737 
2250 -0.860632 
1808 -0.861377 
652 -0.861867 
1641 -0.865161 
1647 -0.867085 
1467 -0.868391 
485 -0.869539 
452 -0.870296 
51 -0.871007 
679 -0.871552 
727 -0.871895 
896 -0.873546 
771 -0.873712 
2180 -0.876015 
1757 -0.877555 
3003 -0.877817 
260 -0.880041 
2275 -0.882581 
2607 -0.884872 
2563 -0.888234 
2444 -0.888571 
2500 -0.888817 
656 -0.889513 
1443 -0.890171 
1255 -0.892595 
482 -0.893674 
2216 -0.896341 
643 -0.896924 
2659 -0.897312 
247 -0.898263 
860 -0.898783 
2994 -0.903925 
1539 -0.905871 
475 -0.906415 
2297 -0.906570 
2307 -0.911650 
1064 -0.912396 
2984 -0.912919 
1448 -0.913942 
455 -0.917220 
210 -0.918676 
398 -0.920109 
2249 -0.921147 
391 -0.922472 
1820 -0.923477 
1844 -0.924854 
2996 -0.925251 
1613 -0.927042 
1959 -0.927095 
104 -0.927602 
2819 -0.928513 
1662 -0.928519 
1519 -0.928583 
1411 -0.929246 
164 -0.929405 
2734 -0.929729 
2770 -0.930048 
1218 -0.931443 
687 -0.932002 
2619 -0.933023 
2274 -0.934423 
2805 -0.934765 
2039 -0.935135 
1279 -0.937192 
494 -0.937497 
2380 -0.939413 
2958 -0.939678 
807 -0.939700 
882 -0.940358 
1076 -0.940857 
103 -0.941489 
680 -0.944640 
2044 -0.945891 
2683 -0.947470 
1852 -0.948183 
2969 -0.949497 
2756 -0.954379 
2037 -0.955804 
2446 -0.956958 
14 -0.959608 
1703 -0.962342 
473 -0.967774 
1859 -0.968087 
1239 -0.968605 
2466 -0.971067 
1063 -0.972414 
2071 -0.972848 
872 -0.973109 
2798 -0.974290 
1227 -0.975749 
1902 -0.976721 
1639 -0.976897 
1517 -0.977922 
815 -0.978092 
135 -0.980146 
1832 -0.981428 
2471 -0.981919 
871 -0.982789 
1375 -0.984804 
1934 -0.987276 
946 -0.987880 
1433 -0.987934 
2343 -0.987949 
3 -0.990041 
1976 -0.992503 
1412 -0.992762 
2488 -0.994806 
1027 -0.995719 
2514 -0.996623 
1599 -0.997026 
2223 -0.997377 
1283 -0.997522 
558 -0.998117 
2503 -0.998148 
425 -0.998954 
506 -1.000283 
2468 -1.000636 
467 -1.004097 
1335 -1.004185 
1422 -1.005566 
2706 -1.005843 
1796 -1.005900 
1710 -1.006180 
284 -1.007252 
2360 -1.007540 
364 -1.007583 
460 -1.007749 
2830 -1.008545 
1083 -1.008766 
1625 -1.010147 
1455 -1.011759 
3042 -1.011934 
2076 -1.013065 
2359 -1.013675 
1198 -1.014577 
569 -1.014620 
2871 -1.015330 
2345 -1.015623 
2780 -1.015929 
1191 -1.016497 
1506 -1.017462 
2212 -1.019016 
1447 -1.019065 
2960 -1.020434 
1193 -1.020672 
1531 -1.020674 
1374 -1.020786 
2991 -1.021581 
2610 -1.021917 
1351 -1.022045 
1459 -1.022765 
2023 -1.024514 
2432 -1.024715 
798 -1.027157 
2846 -1.027474 
20 -1.028021 
782 -1.029084 
1970 -1.029929 
1211 -1.030310 
567 -1.030462 
1420 -1.030623 
2811 -1.030762 
1563 -1.031227 
1652 -1.034387 
1026 -1.034811 
2573 -1.034828 
551 -1.035365 
2572 -1.036909 
1336 -1.036924 
1651 -1.037056 
553 -1.039750 
131 -1.039846 
167 -1.040371 
1940 -1.040917 
793 -1.041470 
1246 -1.042306 
2783 -1.042907 
2983 -1.042947 
531 -1.043005 
1554 -1.045196 
1746 -1.046003 
1398 -1.046111 
272 -1.046901 
1954 -1.047373 
1923 -1.047660 
910 -1.048263 
1000 -1.048991 
2700 -1.049337 
1170 -1.049383 
2693 -1.049585 
2473 -1.049645 
1436 -1.049950 
894 -1.050619 
1294 -1.051174 
547 -1.051270 
2179 -1.051452 
2354 -1.051781 
2839 -1.051840 
1221 -1.052397 
1173 -1.053805 
508 -1.053945 
2057 -1.054508 
540 -1.054739 
2754 -1.055603 
892 -1.055830 
316 -1.056266 
2435 -1.056811 
2192 -1.056857 
183 -1.057276 
2920 -1.057297 
2841 -1.058298 
1912 -1.058358 
1310 -1.058721 
2947 -1.059913 
1171 -1.060696 
1407 -1.061087 
1842 -1.062805 
2597 -1.063124 
2691 -1.063699 
91 -1.063768 
2084 -1.064830 
786 -1.065443 
296 -1.065567 
2012 -1.065876 
3011 -1.065922 
2443 -1.066483 
2215 -1.067405 
2599 -1.067455 
5 -1.067468 
2286 -1.069939 
2140 -1.070553 
1587 -1.071768 
2850 -1.071812 
1399 -1.073179 
2910 -1.073540 
1155 -1.073847 
387 -1.074494 
2355 -1.074933 
1831 -1.076407 
2855 -1.077400 
128 -1.077803 
1555 -1.078903 
404 -1.079205 
1164 -1.079813 
156 -1.080854 
1593 -1.081336 
2863 -1.081646 
1781 -1.083863 
139 -1.083917 
515 -1.084561 
27 -1.084800 
2103 -1.084954 
542 -1.086301 
2867 -1.087159 
1636 -1.087698 
530 -1.088920 
1404 -1.089441 
1202 -1.089715 
2428 -1.089820 
795 -1.090744 
2876 -1.090813 
1163 -1.090855 
395 -1.091501 
2072 -1.091573 
2739 -1.091645 
942 -1.092175 
1340 -1.092512 
510 -1.093084 
2178 -1.093586 
2188 -1.093923 
2458 -1.094620 
819 -1.095312 
667 -1.095417 
935 -1.096474 
1817 -1.097422 
1938 -1.097685 
440 -1.098026 
2189 -1.099740 
283 -1.099829 
629 -1.100332 
1692 -1.100922 
268 -1.101886 
3049 -1.102527 
158 -1.102951 
1273 -1.103297 
1932 -1.103505 
2062 -1.104242 
18 -1.104529 
1927 -1.104868 
2719 -1.104893 
788 -1.105678 
211 -1.105807 
2336 -1.107150 
1591 -1.107534 
1982 -1.107553 
1075 -1.107588 
2119 -1.108485 
1991 -1.108650 
2623 -1.109070 
1660 -1.109898 
822 -1.110828 
1 -1.110931 
270 -1.111346 
435 -1.111562 
2351 -1.111583 
933 -1.111899 
1321 -1.112146 
824 -1.112486 
1348 -1.112896 
1928 -1.113084 
2539 -1.113902 
1458 -1.114209 
2059 -1.114552 
149 -1.114856 
1322 -1.115557 
2194 -1.117118 
2944 -1.117300 
749 -1.117311 
1559 -1.117374 
487 -1.117568 
2430 -1.117740 
2600 -1.118050 
2494 -1.118296 
2311 -1.118719 
1394 -1.119332 
169 -1.119423 
2329 -1.119631 
1186 -1.119989 
307 -1.121262 
535 -1.121367 
1444 -1.122250 
2331 -1.122298 
686 -1.123041 
958 -1.123164 
2370 -1.123614 
1013 -1.124073 
41 -1.124418 
56 -1.124995 
146 -1.125158 
1900 -1.125494 
1687 -1.126223 
1241 -1.126399 
55 -1.126644 
1648 -1.128089 
9 -1.128179 
11 -1.128426 
2857 -1.128494 
2099 -1.129028 
121 -1.129331 
773 -1.129539 
1549 -1.129585 
119 -1.129974 
2611 -1.130759 
1664 -1.130852 
930 -1.131157 
702 -1.131753 
512 -1.132903 
1330 -1.133162 
2319 -1.134433 
2852 -1.134990 
306 -1.135050 
690 -1.135839 
223 -1.135875 
907 -1.135934 
1225 -1.135962 
2981 -1.136348 
1339 -1.136413 
3004 -1.136799 
1961 -1.137148 
1955 -1.137440 
2327 -1.137952 
1673 -1.138034 
1037 -1.138765 
691 -1.139000 
281 -1.139149 
45 -1.139149 
491 -1.139188 
1287 -1.139898 
2729 -1.140303 
830 -1.140621 
1362 -1.140884 
1291 -1.140922 
1556 -1.141228 
1470 -1.141850 
2702 -1.143072 
554 -1.143279 
653 -1.143294 
418 -1.143479 
28 -1.143588 
1040 -1.144546 
2526 -1.144699 
1158 -1.145068 
823 -1.145800 
676 -1.146211 
2576 -1.146212 
2809 -1.146428 
908 -1.146691 
2042 -1.147100 
1424 -1.147353 
162 -1.147452 
899 -1.147830 
504 -1.148355 
1180 -1.148754 
520 -1.148897 
1542 -1.149989 
1667 -1.150261 
2105 -1.150406 
1945 -1.151525 
931 -1.151712 
1544 -1.152184 
1205 -1.152362 
396 -1.153053 
151 -1.153691 
1714 -1.153786 
1683 -1.154592 
813 -1.154941 
2315 -1.155635 
178 -1.155854 
3054 -1.155900 
1843 -1.156783 
2887 -1.156928 
2479 -1.157089 
1084 -1.157902 
1890 -1.158318 
2823 -1.158751 
2480 -1.159077 
1582 -1.159418 
1854 -1.159684 
175 -1.160329 
1086 -1.160718 
2515 -1.160737 
2441 -1.160976 
1091 -1.161235 
2335 -1.162399 
147 -1.162642 
703 -1.162719 
1966 -1.162784 
1682 -1.162857 
2797 -1.162900 
180 -1.163843 
2332 -1.164204 
23 -1.164329 
19 -1.164750 
2878 -1.164781 
1973 -1.165355 
1384 -1.165988 
2 -1.166399 
523 -1.166449 
2093 -1.166638 
851 -1.166723 
1618 -1.167270 
1915 -1.167315 
1550 -1.167447 
1806 -1.167632 
414 -1.168387 
2844 -1.168540 
1327 -1.168948 
828 -1.169905 
209 -1.170988 
775 -1.171021 
1266 -1.171316 
827 -1.171362 
2699 -1.171431 
403 -1.171721 
949 -1.172158 
1721 -1.172250 
174 -1.172428 
536 -1.173942 
1577 -1.174114 
1250 -1.174581 
2688 -1.174881 
2051 -1.175094 
2484 -1.175139 
1048 -1.176316 
2222 -1.176537 
904 -1.176610 
2813 -1.176724 
1036 -1.176836 
1920 -1.177602 
2174 -1.178162 
2832 -1.178283 
818 -1.178373 
2060 -1.178623 
1319 -1.179135 
2066 -1.179351 
430 -1.179361 
1960 -1.179584 
1571 -1.179970 
2272 -1.180472 
953 -1.180753 
1592 -1.180770 
1235 -1.181099 
2239 -1.181283 
517 -1.181565 
2489 -1.181670 
2096 -1.182317 
190 -1.182486 
1650 -1.182647 
952 -1.182783 
1051 -1.182924 
34 -1.183949 
1182 -1.183962 
2067 -1.183977 
1314 -1.184719 
1612 -1.184854 
437 -1.184921 
1234 -1.185169 
2201 -1.185190 
1331 -1.185409 
2452 -1.185874 
1847 -1.186109 
2457 -1.186699 
2318 -1.186854 
560 -1.187881 
4 -1.187887 
1541 -1.188041 
1691 -1.188055 
483 -1.188299 
1642 -1.188627 
713 -1.189153 
526 -1.189506 
2346 -1.190005 
2606 -1.190077 
1716 -1.191049 
2226 -1.191130 
937 -1.191418 
1305 -1.191655 
2946 -1.191759 
2407 -1.191778 
2224 -1.192809 
1369 -1.193044 
1188 -1.193956 
1038 -1.194331 
410 -1.194655 
2795 -1.194826 
2743 -1.195119 
2716 -1.195608 
1144 -1.195940 
176 -1.196237 
2323 -1.196310 
47 -1.197350 
152 -1.197752 
63 -1.197798 
1972 -1.197817 
524 -1.197994 
701 -1.198196 
2475 -1.198228 
2620 -1.198362 
502 -1.198613 
42 -1.198837 
548 -1.198971 
1166 -1.199109 
1689 -1.199578 
2101 -1.200343 
1192 -1.200512 
2980 -1.200802 
917 -1.201451 
2485 -1.201494 
1378 -1.201599 
493 -1.201679 
1567 -1.201957 
2546 -1.202832 
1727 -1.202924 
2802 -1.203796 
1913 -1.204263 
2697 -1.205028 
1178 -1.205894 
658 -1.205960 
1247 -1.206050 
921 -1.208171 
1096 -1.209330 
2738 -1.209388 
53 -1.209416 
1657 -1.209805 
447 -1.210070 
30 -1.210314 
2751 -1.210329 
1316 -1.210375 
2579 -1.210375 
2089 -1.210451 
1947 -1.210456 
1700 -1.210789 
1696 -1.211171 
2587 -1.211278 
1573 -1.211933 
1449 -1.212396 
511 -1.212553 
2550 -1.212705 
2423 -1.212936 
1706 -1.213153 
809 -1.213456 
2821 -1.213884 
1936 -1.214108 
2028 -1.214290 
799 -1.214331 
2990 -1.214510 
1315 -1.215354 
295 -1.216267 
518 -1.216781 
492 -1.216844 
1950 -1.217062 
1342 -1.217146 
2104 -1.217189 
2050 -1.217193 
1233 -1.217257 
386 -1.217901 
916 -1.218014 
1318 -1.218062 
873 -1.218173 
1442 -1.219237 
154 -1.219304 
951 -1.219792 
2482 -1.219817 
1672 -1.219926 
1265 -1.220519 
1301 -1.220577 
2590 -1.220754 
286 -1.220853 
665 -1.221237 
2861 -1.221587 
1583 -1.221815 
1705 -1.222734 
137 -1.223281 
539 -1.223286 
2002 -1.223373 
2082 -1.223623 
187 -1.224610 
1564 -1.224679 
926 -1.224920 
1783 -1.225367 
1072 -1.225568 
1177 -1.225873 
2834 -1.225983 
1949 -1.227188 
924 -1.227247 
2807 -1.227398 
2483 -1.227701 
434 -1.227806 
2720 -1.227902 
1646 -1.228005 
2860 -1.228006 
1606 -1.228031 
575 -1.228800 
1715 -1.229160 
1924 -1.229666 
441 -1.230450 
2745 -1.230502 
83 -1.230703 
559 -1.230842 
2451 -1.230894 
1627 -1.231604 
323 -1.231659 
1415 -1.231901 
562 -1.231921 
2111 -1.232293 
2713 -1.232899 
1165 -1.232965 
1061 -1.233053 
1622 -1.233296 
1698 -1.233473 
1507 -1.233706 
2227 -1.234142 
263 -1.234188 
420 -1.234620 
1570 -1.234868 
2350 -1.234997 
1425 -1.235279 
2054 -1.235319 
915 -1.235419 
1161 -1.235421 
2313 -1.235465 
1822 -1.235965 
1828 -1.236024 
802 -1.236263 
1074 -1.236398 
2357 -1.236794 
1199 -1.237012 
1931 -1.237478 
179 -1.237517 
393 -1.237725 
2843 -1.237800 
3007 -1.237895 
2030 -1.237940 
923 -1.237985 
844 -1.238620 
574 -1.239221 
2707 -1.239304 
1598 -1.239357 
1307 -1.240129 
431 -1.240371 
2367 -1.240862 
791 -1.241370 
654 -1.241432 
2872 -1.241467 
2409 -1.241728 
3006 -1.241883 
1271 -1.241946 
2709 -1.242075 
88 -1.242277 
1996 -1.242360 
2827 -1.242441 
1434 -1.242805 
1421 -1.243144 
297 -1.243877 
1669 -1.243892 
2495 -1.244655 
2463 -1.244770 
1619 -1.244991 
1819 -1.245062 
538 -1.245078 
783 -1.245186 
2322 -1.245586 
2087 -1.245675 
1670 -1.245675 
2108 -1.245884 
1461 -1.245900 
2622 -1.245975 
1980 -1.246064 
1215 -1.246068 
412 -1.246086 
1240 -1.246394 
1971 -1.246465 
2875 -1.246715 
2053 -1.247019 
1060 -1.247172 
89 -1.247318 
2956 -1.247483 
1275 -1.247642 
2779 -1.247833 
2712 -1.248481 
2237 -1.248743 
1438 -1.248914 
1270 -1.248993 
1204 -1.249109 
1184 -1.249162 
384 -1.249474 
1285 -1.249507 
1464 -1.249858 
2461 -1.249879 
2856 -1.250453 
1157 -1.250833 
1566 -1.250948 
2055 -1.251058 
1248 -1.251278 
32 -1.251554 
37 -1.251619 
2585 -1.251631 
416 -1.251796 
2759 -1.251833 
292 -1.252769 
1243 -1.253105 
1308 -1.253491 
1054 -1.253518 
800 -1.253592 
60 -1.253684 
1718 -1.253973 
1965 -1.254083 
258 -1.254109 
2334 -1.254247 
2551 -1.254736 
1678 -1.254893 
1726 -1.254928 
2095 -1.255615 
2073 -1.255638 
2478 -1.255806 
913 -1.255909 
2309 -1.256241 
777 -1.256901 
1907 -1.257091 
298 -1.257171 
446 -1.257185 
1671 -1.257469 
2449 -1.257752 
2596 -1.257979 
2342 -1.258556 
2940 -1.258665 
1653 -1.258849 
2106 -1.259991 
1797 -1.260002 
571 -1.260147 
35 -1.260454 
2696 -1.260937 
1214 -1.261229 
2453 -1.261433 
1964 -1.261551 
2098 -1.261623 
1686 -1.262040 
1810 -1.262117 
707 -1.262519 
2825 -1.262586 
1150 -1.262614 
779 -1.262943 
544 -1.263430 
186 -1.263451 
2460 -1.263549 
2711 -1.263570 
1298 -1.264395 
1175 -1.264429 
959 -1.264521 
409 -1.264785 
2464 -1.265205 
2602 -1.266183 
189 -1.266224 
1296 -1.266451 
1948 -1.266533 
468 -1.267554 
1471 -1.267676 
905 -1.268104 
533 -1.268281 
1829 -1.268641 
2299 -1.268786 
2562 -1.268808 
1694 -1.268959 
1864 -1.270568 
2704 -1.270714 
521 -1.270832 
808 -1.270951 
2217 -1.271495 
163 -1.271703 
294 -1.271791 
648 -1.271977 
1207 -1.272429 
392 -1.272576 
2873 -1.272705 
507 -1.272727 
101 -1.272927 
2013 -1.273247 
1213 -1.273286 
1230 -1.273628 
2750 -1.273779 
1200 -1.273914 
2078 -1.274296 
1712 -1.274481 
1333 -1.275162 
1547 -1.275658 
2366 -1.275695 
594 -1.275915 
1557 -1.275920 
2320 -1.275997 
2364 -1.276179 
1576 -1.276211 
1986 -1.276527 
640 -1.276685 
1278 -1.276738 
932 -1.276844 
784 -1.277061 
2456 -1.277321 
2566 -1.277413 
2951 -1.277539 
1326 -1.277692 
1014 -1.277968 
2722 -1.277972 
1042 -1.278016 
628 -1.278125 
1929 -1.278246 
1974 -1.278602 
2728 -1.278702 
1751 -1.278781 
1299 -1.278934 
914 -1.279087 
1586 -1.279239 
1578 -1.279338 
776 -1.279384 
1079 -1.279440 
2715 -1.280030 
2519 -1.281141 
2348 -1.281408 
2455 -1.281836 
666 -1.282303 
2836 -1.282477 
928 -1.282943 
2740 -1.283156 
2109 -1.283185 
2866 -1.283311 
2487 -1.283356 
1707 -1.283449 
1804 -1.283526 
1723 -1.283688 
2448 -1.283785 
1941 -1.284308 
989 -1.284693 
2339 -1.286003 
2761 -1.286814 
1029 -1.287243 
2601 -1.287459 
1069 -1.287718 
2090 -1.287742 
2279 -1.287884 
1969 -1.287975 
2978 -1.288289 
1901 -1.288767 
191 -1.289613 
1251 -1.289901 
2325 -1.290129 
572 -1.290235 
1655 -1.290386 
48 -1.290518 
1666 -1.290870 
141 -1.290957 
317 -1.291039 
927 -1.291178 
1782 -1.291335 
2970 -1.291426 
2710 -1.291965 
920 -1.293805 
1334 -1.293820 
565 -1.293969 
58 -1.294016 
114 -1.294096 
405 -1.294177 
429 -1.294901 
2202 -1.295012 
1468 -1.295065 
402 -1.295377 
2398 -1.295486 
401 -1.295608 
1087 -1.295912 
2999 -1.295960 
2584 -1.296368 
2405 -1.296393 
859 -1.297241 
1341 -1.297741 
638 -1.297762 
1297 -1.297776 
275 -1.297942 
1293 -1.298198 
2031 -1.298445 
1956 -1.298733 
1836 -1.298782 
2477 -1.298978 
887 -1.299366 
2995 -1.299403 
319 -1.299927 
546 -1.300614 
1998 -1.300654 
2238 -1.300728 
2826 -1.300745 
1160 -1.300756 
2213 -1.300893 
1722 -1.300940 
61 -1.301109 
2203 -1.301227 
2963 -1.301337 
15 -1.301412 
1545 -1.301452 
274 -1.301755 
831 -1.301923 
1708 -1.301997 
1272 -1.302029 
978 -1.302035 
2324 -1.302076 
1269 -1.302238 
2182 -1.302441 
2615 -1.302680 
774 -1.303005 
2718 -1.303343 
160 -1.303569 
2732 -1.304285 
2312 -1.304414 
171 -1.304904 
142 -1.305578 
2075 -1.305579 
1290 -1.305856 
1209 -1.306150 
898 -1.306373 
436 -1.306476 
312 -1.306543 
1799 -1.306752 
379 -1.306902 
159 -1.307317 
1588 -1.307522 
806 -1.307646 
439 -1.308378 
2027 -1.308764 
36 -1.308877 
1228 -1.308982 
2744 -1.309018 
2085 -1.309053 
943 -1.309119 
1081 -1.309360 
444 -1.309437 
2236 -1.309587 
1630 -1.309847 
642 -1.310012 
2190 -1.310095 
1176 -1.310204 
1589 -1.310209 
2069 -1.310225 
2406 -1.310292 
2094 -1.310387 
2229 -1.310981 
1607 -1.311083 
3065 -1.311367 
940 -1.311626 
895 -1.311995 
1224 -1.312286 
244 -1.312448 
2993 -1.312621 
2556 -1.312747 
1452 -1.312999 
1289 -1.313272 
50 -1.313459 
1410 -1.314014 
983 -1.314314 
2049 -1.314355 
155 -1.314439 
1033 -1.314495 
1840 -1.314559 
1536 -1.314721 
1680 -1.314830 
476 -1.314919 
2749 -1.315358 
2692 -1.315515 
2628 -1.315670 
811 -1.315780 
1304 -1.315850 
2110 -1.315873 
563 -1.315875 
645 -1.315969 
919 -1.316551 
1719 -1.316832 
26 -1.317514 
1309 -1.317640 
21 -1.317685 
1685 -1.317773 
2690 -1.317933 
2586 -1.318084 
2450 -1.318627 
2608 -1.319022 
1260 -1.319739 
677 -1.319771 
1770 -1.320650 
1259 -1.321184 
442 -1.321897 
290 -1.321911 
1725 -1.322351 
2080 -1.322583 
941 -1.322663 
1189 -1.322714 
105 -1.322843 
2402 -1.323079 
1922 -1.323142 
1805 -1.323329 
181 -1.323332 
2930 -1.323447 
954 -1.323692 
1548 -1.323861 
3028 -1.323899 
1065 -1.323911 
1634 -1.324077 
2181 -1.324242 
2816 -1.324460 
293 -1.324484 
2784 -1.324874 
185 -1.326339 
2829 -1.326365 
2088 -1.326378 
2864 -1.326387 
3059 -1.326396 
2851 -1.326484 
659 -1.326621 
2746 -1.326744 
2022 -1.327165 
1724 -1.328159 
2617 -1.328163 
17 -1.328172 
1043 -1.328642 
1730 -1.328878 
1699 -1.329084 
1238 -1.329299 
1185 -1.329588 
184 -1.329674 
2835 -1.330112 
936 -1.331515 
1717 -1.331787 
25 -1.331939 
785 -1.332210 
1216 -1.332269 
1268 -1.332384 
2404 -1.332396 
1581 -1.332406 
2141 -1.333230 
2437 -1.333451 
1152 -1.333521 
304 -1.333539 
1363 -1.333710 
1675 -1.333711 
516 -1.334117 
869 -1.334293 
1568 -1.334308 
2723 -1.334417 
2747 -1.334434 
549 -1.334775 
2686 -1.335021 
417 -1.335038 
2538 -1.335127 
909 -1.335259 
956 -1.336008 
1196 -1.336550 
2730 -1.336781 
2695 -1.337219 
1223 -1.337402 
329 -1.337765 
428 -1.337820 
1168 -1.337879 
2840 -1.338178 
168 -1.338398 
1325 -1.339045 
1454 -1.339571 
40 -1.339789 
2338 -1.340347 
2708 -1.340489 
780 -1.340566 
1494 -1.340629 
2741 -1.341428 
649 -1.341544 
2812 -1.341879 
1560 -1.342483 
3000 -1.342562 
134 -1.342890 
1596 -1.342899 
1609 -1.342968 
1253 -1.343394 
411 -1.343461 
107 -1.343513 
2197 -1.343793 
1943 -1.344084 
1695 -1.344296 
484 -1.344342 
1212 -1.344380 
415 -1.344551 
165 -1.344755 
1252 -1.344940 
1626 -1.345336 
2365 -1.345782 
2130 -1.346269 
1816 -1.346380 
136 -1.346465 
2820 -1.346587 
389 -1.346616 
1801 -1.346666 
1807 -1.347401 
1978 -1.347529 
1963 -1.348026 
514 -1.348213 
252 -1.348242 
1077 -1.348767 
770 -1.349334 
2621 -1.349464 
13 -1.349480 
2957 -1.349830 
1946 -1.350035 
1258 -1.350101 
2395 -1.350438 
269 -1.350645 
2018 -1.351239 
1055 -1.351274 
834 -1.351330 
1222 -1.351445 
2742 -1.351692 
2287 -1.352109 
277 -1.352191 
1981 -1.352504 
318 -1.352661 
2748 -1.352682 
2501 -1.353026 
1428 -1.353581 
812 -1.353905 
188 -1.354014 
745 -1.354024 
29 -1.354123 
2052 -1.354518 
2670 -1.354810 
1701 -1.354949 
1939 -1.354964 
2068 -1.355313 
950 -1.355358 
1690 -1.355602 
2896 -1.355802 
688 -1.356209 
2810 -1.356608 
172 -1.357342 
1156 -1.357532 
1661 -1.357680 
2804 -1.358010 
1594 -1.358286 
1733 -1.358397 
2985 -1.358476 
2412 -1.358795 
1984 -1.359292 
501 -1.359679 
2425 -1.360139 
2997 -1.360242 
1153 -1.360284 
2849 -1.360364 
2207 -1.360538 
150 -1.360642 
1159 -1.360826 
2065 -1.361037 
2081 -1.361209 
2363 -1.361284 
1390 -1.361403 
2036 -1.361484 
2721 -1.362078 
1711 -1.362089 
532 -1.362202 
2616 -1.362231 
2310 -1.362265 
939 -1.362371 
2737 -1.362769 
2974 -1.363237 
1629 -1.363318 
1735 -1.363465 
2340 -1.363609 
2233 -1.363962 
1538 -1.364096 
568 -1.364331 
1897 -1.364587 
424 -1.364820 
2352 -1.364820 
1154 -1.365211 
1562 -1.365260 
1925 -1.365346 
408 -1.365423 
564 -1.365433 
1616 -1.365628 
2574 -1.365705 
1267 -1.366413 
2344 -1.366639 
948 -1.366736 
796 -1.366930 
1324 -1.367075 
8 -1.367684 
1540 -1.367821 
1788 -1.367824 
557 -1.368071 
1286 -1.368699 
778 -1.368817 
1785 -1.368988 
1543 -1.369007 
2824 -1.369178 
173 -1.369252 
1413 -1.369335 
2476 -1.370154 
2021 -1.370427 
1401 -1.370511 
1889 -1.370680 
1210 -1.370722 
947 -1.370760 
309 -1.371041 
390 -1.371440 
427 -1.371700 
1812 -1.371785 
1244 -1.372051 
2243 -1.372100 
2200 -1.372971 
246 -1.373330 
1264 -1.373456 
2462 -1.373732 
2831 -1.373768 
1349 -1.373807 
2724 -1.373832 
2578 -1.374128 
1427 -1.374128 
2429 -1.374767 
525 -1.374962 
1445 -1.375125 
1019 -1.375311 
1499 -1.375383 
1049 -1.375662 
2218 -1.375714 
2877 -1.376257 
2308 -1.376362 
670 -1.376403 
583 -1.376472 
2965 -1.376619 
433 -1.376801 
1983 -1.376862 
2594 -1.376882 
2015 -1.377255 
2083 -1.377329 
1957 -1.377679 
2968 -1.377721 
945 -1.377945 
1833 -1.378156 
2521 -1.378291 
400 -1.378357 
1794 -1.378372 
2092 -1.378485 
2971 -1.378696 
46 -1.378707 
2317 -1.379151 
1276 -1.379311 
1203 -1.379336 
912 -1.379374 
2206 -1.379719 
2306 -1.380038 
311 -1.380116 
2493 -1.380680 
280 -1.380995 
789 -1.381365 
1337 -1.381750 
2961 -1.382073 
2472 -1.382251 
1739 -1.382256 
1261 -1.382315 
2296 -1.382320 
450 -1.382368 
2061 -1.382977 
1183 -1.383135 
1697 -1.383164 
2898 -1.383351 
527 -1.383435 
3064 -1.383659 
1281 -1.384305 
1085 -1.384372 
2874 -1.384662 
2385 -1.384778 
821 -1.384896 
1617 -1.384983 
153 -1.385018 
938 -1.385326 
133 -1.385353 
693 -1.385521 
2776 -1.385543 
2714 -1.385767 
1967 -1.386148 
768 -1.386351 
2438 -1.386480 
2361 -1.386703 
406 -1.386704 
612 -1.386732 
264 -1.388149 
2884 -1.388201 
1367 -1.388424 
1179 -1.388731 
1469 -1.388789 
573 -1.388801 
1408 -1.388821 
2782 -1.388867 
1328 -1.388881 
62 -1.388984 
1080 -1.389158 
803 -1.389328 
2467 -1.389403 
2091 -1.389458 
2165 -1.389516 
2868 -1.390067 
2358 -1.390221 
2870 -1.390327 
618 -1.390377 
1824 -1.390637 
2838 -1.390711 
682 -1.390752 
2492 -1.390831 
73 -1.391295 
696 -1.391523 
57 -1.391534 
2964 -1.391589 
2962 -1.391842 
918 -1.392219 
1951 -1.392283 
957 -1.393115 
1437 -1.393439 
681 -1.393794 
1688 -1.393836 
2454 -1.393945 
407 -1.394510 
2169 -1.394584 
2560 -1.394965 
1881 -1.395340 
82 -1.395625 
672 -1.395645 
1513 -1.396204 
445 -1.396624 
1837 -1.396714 
1944 -1.397057 
1236 -1.397304 
1584 -1.397448 
1201 -1.397592 
662 -1.398236 
2735 -1.398760 
2837 -1.399045 
561 -1.399150 
2833 -1.399275 
2569 -1.400137 
54 -1.400398 
2853 -1.400426 
438 -1.400509 
2185 -1.400960 
1977 -1.401000 
1066 -1.401156 
2605 -1.402270 
2304 -1.402770 
132 -1.403066 
2933 -1.403288 
378 -1.403577 
810 -1.403702 
2903 -1.403713 
1194 -1.403763 
1848 -1.404452 
2362 -1.404804 
2914 -1.405073 
2731 -1.405157 
1866 -1.405499 
2305 -1.405950 
2469 -1.406005 
251 -1.406597 
1312 -1.406694 
801 -1.406806 
1208 -1.406943 
1792 -1.407552 
1288 -1.407631 
825 -1.407876 
2565 -1.408923 
1406 -1.409241 
2100 -1.409834 
2772 -1.409848 
2014 -1.409973 
1849 -1.410107 
1677 -1.410197 
846 -1.410419 
2701 -1.410640 
1834 -1.410978 
2842 -1.411780 
2314 -1.411903 
2869 -1.411912 
490 -1.411919 
2905 -1.412619 
7 -1.413298 
866 -1.413561 
2079 -1.413699 
695 -1.414222 
2986 -1.414433 
2799 -1.414436 
1237 -1.414498 
1058 -1.414898 
145 -1.415005 
944 -1.415283 
2321 -1.415302 
328 -1.415671 
1529 -1.415751 
6 -1.415819 
1280 -1.415885 
2663 -1.415946 
2184 -1.416512 
2303 -1.416598 
2102 -1.416742 
2029 -1.416827 
100 -1.417114 
566 -1.417162 
457 -1.417230 
334 -1.417439 
743 -1.417529 
2858 -1.418882 
1979 -1.419104 
1311 -1.419371 
287 -1.419547 
816 -1.419698 
2953 -1.419706 
2026 -1.419927 
519 -1.420374 
1855 -1.420536 
1523 -1.420564 
300 -1.420749 
1895 -1.420824 
2845 -1.420867 
161 -1.421007 
2486 -1.421119 
2490 -1.421463 
1466 -1.421491 
24 -1.422094 
2988 -1.422606 
1220 -1.423231 
1952 -1.423234 
138 -1.423251 
59 -1.423363 
2316 -1.423722 
922 -1.423807 
2254 -1.423844 
689 -1.423993 
426 -1.424037 
694 -1.424403 
633 -1.424790 
3002 -1.424971 
2725 -1.425173 
2952 -1.425431 
2818 -1.425911 
1174 -1.426409 
1417 -1.426879 
1580 -1.427127 
1640 -1.427161 
2137 -1.427396 
144 -1.427904 
1546 -1.428685 
901 -1.428712 
790 -1.428941 
1826 -1.429218 
2195 -1.429294 
1572 -1.430198 
902 -1.430424 
990 -1.430631 
2989 -1.430657 
102 -1.430683 
1025 -1.430845 
3022 -1.431158 
722 -1.431162 
1790 -1.431629 
1645 -1.432043 
201 -1.432154 
2828 -1.432258 
170 -1.432659 
1355 -1.433031 
1426 -1.433335 
1813 -1.433667 
969 -1.434047 
1414 -1.434359 
1668 -1.434826 
215 -1.434908 
1758 -1.435219 
2077 -1.435300 
1172 -1.435326 
196 -1.435519 
1745 -1.435541 
1886 -1.435961 
52 -1.436520 
1818 -1.436520 
1432 -1.436756 
118 -1.436901 
2822 -1.437745 
1135 -1.438390 
1845 -1.438491 
674 -1.438761 
1720 -1.439479 
671 -1.439564 
805 -1.439880 
2939 -1.440137 
1284 -1.440389 
2757 -1.441111 
1313 -1.441680 
624 -1.441750 
1282 -1.441796 
1403 -1.441912 
2414 -1.442169 
388 -1.442662 
1300 -1.443007 
2112 -1.443141 
792 -1.443606 
1070 -1.443896 
1453 -1.443903 
767 -1.443910 
1292 -1.443994 
684 -1.444224 
1045 -1.444299 
1306 -1.444405 
2674 -1.444423 
2210 -1.444563 
72 -1.444737 
1926 -1.445066 
2591 -1.445181 
2020 -1.445357 
413 -1.445430 
2040 -1.445924 
374 -1.446060 
528 -1.446141 
432 -1.446423 
1823 -1.446794 
2058 -1.446974 
1835 -1.447207 
1585 -1.447459 
556 -1.447828 
925 -1.448317 
1637 -1.448562 
3071 -1.448821 
1295 -1.448854 
2733 -1.449419 
301 -1.450224 
697 -1.450395 
2064 -1.451376 
1440 -1.451898 
837 -1.451980 
2330 -1.452028 
2703 -1.452380 
1435 -1.452424 
1050 -1.452632 
2440 -1.452696 
419 -1.452858 
257 -1.453098 
1357 -1.453416 
1187 -1.453636 
370 -1.453652 
1456 -1.453689 
1277 -1.454137 
2160 -1.454356 
1906 -1.454426 
1709 -1.454488 
1020 -1.454515 
1320 -1.454720 
238 -1.455082 
2865 -1.455374 
599 -1.455805 
1937 -1.456294 
1418 -1.456303 
1975 -1.456337 
1553 -1.456567 
2258 -1.456946 
1870 -1.457262 
900 -1.457355 
1993 -1.457793 
1809 -1.457922 
2512 -1.457988 
2923 -1.458024 
1656 -1.458623 
31 -1.458923 
1127 -1.458971 
2442 -1.459092 
1877 -1.459587 
2010 -1.459811 
1206 -1.459959 
2124 -1.460292 
1590 -1.460295 
2434 -1.461139 
2221 -1.461445 
481 -1.461459 
683 -1.462141 
1397 -1.462177 
1041 -1.462968 
2627 -1.463189 
314 -1.463406 
781 -1.463472 
2854 -1.464172 
44 -1.464254 
700 -1.464673 
3017 -1.465164 
1021 -1.465529 
1821 -1.465734 
1098 -1.466146 
852 -1.466175 
2123 -1.466325 
1133 -1.466911 
1147 -1.467366 
1802 -1.467846 
1138 -1.467914 
2694 -1.468095 
875 -1.468620 
826 -1.468753 
1274 -1.468917 
2337 -1.469050 
1614 -1.469223 
1930 -1.469450 
1933 -1.470519 
2394 -1.470858 
1249 -1.470918 
529 -1.471427 
2234 -1.471941 
1561 -1.472018 
397 -1.472311 
256 -1.472341 
2164 -1.472594 
1962 -1.472804 
2070 -1.473159 
955 -1.473390 
1551 -1.473761 
1405 -1.473901 
2146 -1.474118 
1486 -1.474802 
2859 -1.475025 
1793 -1.475190 
1343 -1.475457 
1245 -1.475521 
760 -1.475852 
2949 -1.476009 
3005 -1.476222 
1439 -1.476430 
2577 -1.476443 
2341 -1.476462 
271 -1.476500 
1704 -1.476808 
787 -1.477231 
1780 -1.477562 
2581 -1.477647 
1396 -1.477652 
2220 -1.477674 
2356 -1.477686 
2890 -1.477688 
2736 -1.478382 
971 -1.479136 
3052 -1.479594 
2328 -1.479677 
2032 -1.479898 
537 -1.480295 
474 -1.480530 
610 -1.480676 
2568 -1.480725 
2431 -1.481034 
1681 -1.481370 
2614 -1.481371 
2231 -1.481985 
1505 -1.482645 
2973 -1.482777 
2698 -1.482818 
1787 -1.483089 
772 -1.483364 
1684 -1.483884 
1476 -1.484726 
1713 -1.485157 
3061 -1.485250 
1990 -1.485335 
2879 -1.485441 
1942 -1.485658 
2975 -1.485967 
2496 -1.486216 
2524 -1.486449 
661 -1.487050 
16 -1.487739 
593 -1.488204 
1358 -1.488403 
33 -1.488467 
2177 -1.488676 
282 -1.489035 
2817 -1.489204 
2208 -1.489254 
2561 -1.489405 
1597 -1.489485 
2645 -1.490057 
43 -1.490191 
1416 -1.490964 
1693 -1.491072 
302 -1.491231 
273 -1.491824 
1579 -1.492103 
106 -1.492169 
817 -1.492368 
285 -1.492866 
2474 -1.493178 
2349 -1.493339 
2848 -1.494096 
2998 -1.494496 
1373 -1.494680 
2166 -1.494770 
2992 -1.495343 
2766 -1.495829 
1451 -1.495921 
2592 -1.496642 
1463 -1.496894 
552 -1.497836 
2005 -1.497960 
1162 -1.498911 
874 -1.499925 
66 -1.500073 
664 -1.500127 
1853 -1.500324 
2808 -1.500378 
1030 -1.500738 
2176 -1.501027 
797 -1.501162 
129 -1.501744 
385 -1.502588 
534 -1.502756 
1242 -1.503185 
2786 -1.503482 
804 -1.503502 
1935 -1.503556 
718 -1.503921 
2788 -1.504043 
626 -1.504362 
1535 -1.504425 
541 -1.504492 
2481 -1.504532 
885 -1.504754 
394 -1.504950 
261 -1.505013 
2513 -1.505304 
911 -1.505396 
2618 -1.505488 
863 -1.505568 
2465 -1.505647 
1569 -1.505797 
1876 -1.505904 
1323 -1.506113 
570 -1.506311 
1317 -1.507058 
550 -1.507099 
1674 -1.507140 
698 -1.507190 
1958 -1.507405 
1615 -1.507544 
820 -1.508106 
1798 -1.508731 
1602 -1.508739 
1056 -1.508739 
1032 -1.509161 
2909 -1.509960 
1181 -1.510167 
1830 -1.510450 
86 -1.510668 
1329 -1.510700 
543 -1.510717 
245 -1.510796 
2118 -1.510919 
466 -1.511378 
10 -1.511921 
616 -1.512780 
829 -1.512916 
1332 -1.512921 
605 -1.513440 
90 -1.513490 
1457 -1.513564 
3058 -1.513656 
421 -1.513801 
1752 -1.513915 
2107 -1.513998 
660 -1.515111 
2298 -1.515421 
622 -1.515611 
1537 -1.515642 
769 -1.516280 
522 -1.516360 
994 -1.516844 
1504 -1.517017 
1078 -1.517077 
2074 -1.517123 
2048 -1.517257 
1800 -1.517335 
2510 -1.517958 
3001 -1.518162 
1475 -1.518189 
130 -1.518252 
109 -1.518692 
555 -1.518751 
1600 -1.519366 
710 -1.519390 
182 -1.520663 
350 -1.520681 
2987 -1.520730 
1492 -1.520896 
1380 -1.521117 
234 -1.521144 
71 -1.522587 
2154 -1.522728 
2459 -1.522818 
2603 -1.523123 
2375 -1.523237 
1861 -1.523314 
2326 -1.523460 
2063 -1.524081 
1846 -1.524253 
1763 -1.524392 
580 -1.524506 
2347 -1.524737 
1516 -1.525526 
1082 -1.525832 
1624 -1.526924 
1734 -1.527318 
673 -1.528813 
2230 -1.529052 
345 -1.529317 
2232 -1.530560 
3016 -1.530663 
1108 -1.530783 
2386 -1.530903 
1552 -1.532182 
12 -1.532610 
1450 -1.532781 
148 -1.532928 
443 -1.533472 
2633 -1.533638 
2894 -1.534015 
647 -1.534560 
249 -1.534669 
2726 -1.535014 
1386 -1.535989 
1195 -1.536069 
69 -1.536205 
1429 -1.536578 
262 -1.536612 
685 -1.537073 
2086 -1.537212 
2541 -1.537858 
2198 -1.538318 
2374 -1.538628 
1878 -1.539087 
70 -1.539636 
2056 -1.539764 
2796 -1.540157 
2580 -1.540404 
1350 -1.540466 
2193 -1.541083 
278 -1.541522 
1344 -1.541524 
794 -1.542144 
2436 -1.542647 
1565 -1.542818 
966 -1.543217 
448 -1.543294 
205 -1.543973 
888 -1.544164 
1370 -1.544483 
2491 -1.544508 
2505 -1.544510 
382 -1.544625 
1018 -1.545089 
2937 -1.545141 
2959 -1.545534 
2046 -1.546239 
2758 -1.546248 
2646 -1.546568 
2966 -1.547241 
1110 -1.547347 
1774 -1.548753 
2847 -1.549303 
336 -1.549730 
545 -1.550189 
1654 -1.550222 
1776 -1.550631 
1921 -1.552034 
2333 -1.552501 
2097 -1.552537 
2554 -1.552623 
422 -1.553329 
636 -1.553395 
1737 -1.553625 
2769 -1.554146 
98 -1.554147 
1254 -1.555210 
1665 -1.555464 
2717 -1.556471 
2926 -1.557455 
1197 -1.557912 
906 -1.558050 
2447 -1.558081 
2941 -1.558175 
2281 -1.559474 
1372 -1.559724 
2613 -1.560249 
1909 -1.560408 
1522 -1.560471 
177 -1.560886 
1595 -1.561438 
288 -1.561937 
724 -1.562071 
1446 -1.562389 
1483 -1.562635 
2388 -1.563043 
878 -1.563241 
1381 -1.563592 
1753 -1.564262 
1409 -1.564435 
122 -1.565054 
333 -1.565509 
1167 -1.565602 
1968 -1.565661 
763 -1.566863 
305 -1.567155 
365 -1.567655 
192 -1.567675 
3038 -1.568622 
1379 -1.568864 
2609 -1.569151 
2669 -1.569576 
985 -1.569899 
2225 -1.570013 
1067 -1.571014 
2257 -1.572024 
1789 -1.572051 
1811 -1.572137 
1702 -1.572333 
229 -1.572406 
2789 -1.572640 
1338 -1.572695 
513 -1.573043 
1644 -1.573083 
477 -1.573309 
2289 -1.573730 
2416 -1.574172 
2248 -1.574265 
371 -1.574682 
2880 -1.575547 
960 -1.576973 
3069 -1.577447 
399 -1.578328 
751 -1.578889 
1841 -1.579081 
2426 -1.579682 
2152 -1.579866 
2680 -1.580219 
1039 -1.580425 
1302 -1.581471 
2000 -1.581722 
1010 -1.581938 
1742 -1.581947 
310 -1.584110 
2582 -1.584560 
218 -1.585038 
2916 -1.585206 
240 -1.585981 
1574 -1.586638 
646 -1.587229 
2128 -1.587289 
1992 -1.587554 
2183 -1.588007 
1518 -1.588078 
1190 -1.588784 
1910 -1.588841 
22 -1.589244 
2806 -1.589484 
2570 -1.590124 
2253 -1.590158 
641 -1.590199 
2950 -1.590243 
1120 -1.590671 
1003 -1.590984 
2976 -1.591803 
585 -1.591940 
1741 -1.592266 
2219 -1.593549 
352 -1.594550 
1825 -1.594938 
1441 -1.595519 
1638 -1.596055 
1631 -1.596087 
1462 -1.596138 
1044 -1.596544 
849 -1.596653 
2008 -1.596775 
1007 -1.597077 
1031 -1.597323 
2675 -1.597818 
2705 -1.598127 
635 -1.599798 
2954 -1.600395 
2196 -1.601063 
1465 -1.601574 
3012 -1.602801 
454 -1.603360 
962 -1.603856 
2557 -1.604079 
480 -1.604898 
266 -1.604993 
1768 -1.605514 
265 -1.605896 
2530 -1.606030 
276 -1.606301 
313 -1.606498 
1643 -1.607974 
1387 -1.608384 
602 -1.608625 
2172 -1.608820 
2445 -1.609253 
2191 -1.609395 
754 -1.609546 
2589 -1.609919 
2925 -1.610711 
226 -1.611300 
2171 -1.612166 
1130 -1.612171 
1073 -1.612528 
2246 -1.613894 
2378 -1.614153 
359 -1.614451 
2689 -1.615171 
1663 -1.616137 
157 -1.617010 
2604 -1.617310 
2677 -1.618019 
197 -1.618894 
2666 -1.619211 
1762 -1.619640 
1850 -1.619707 
1778 -1.620501 
1510 -1.620658 
623 -1.622137 
814 -1.622784 
1873 -1.622949 
1024 -1.624158 
729 -1.624371 
1632 -1.624606 
2147 -1.625108 
1353 -1.625148 
2862 -1.625210 
2242 -1.625577 
1610 -1.625743 
1263 -1.625746 
1869 -1.625803 
1046 -1.625920 
858 -1.626015 
2159 -1.626481 
637 -1.626849 
2575 -1.627430 
1953 -1.628172 
592 -1.628715 
2209 -1.629197 
657 -1.629443 
449 -1.629985 
479 -1.630861 
2507 -1.631203 
2598 -1.631328 
587 -1.631548 
2593 -1.631910 
601 -1.632495 
934 -1.633061 
299 -1.633299 
842 -1.633866 
227 -1.636702 
237 -1.637244 
3033 -1.637297 
1232 -1.637826 
64 -1.637924 
1474 -1.638102 
2262 -1.639130 
1658 -1.639402 
85 -1.639854 
2790 -1.640304 
1139 -1.640556 
1558 -1.640834 
2135 -1.641156 
1914 -1.643760 
2534 -1.643798 
2781 -1.644042 
462 -1.645028 
2353 -1.645054 
998 -1.645175 
1773 -1.645757 
217 -1.646139 
289 -1.646267 
588 -1.647012 
1775 -1.647250 
453 -1.647940 
2410 -1.648153 
110 -1.648713 
2265 -1.649236 
357 -1.649701 
2555 -1.650375 
254 -1.650849 
2399 -1.651882 
2638 -1.652156 
38 -1.652544 
1679 -1.652927 
1382 -1.652951 
1903 -1.652977 
2977 -1.653087 
893 -1.653185 
3030 -1.653570 
972 -1.655218 
2001 -1.655304 
757 -1.655649 
143 -1.655970 
1062 -1.656206 
1226 -1.656898 
2652 -1.658617 
577 -1.658630 
2433 -1.658725 
1430 -1.659427 
755 -1.659615 
2205 -1.659682 
1008 -1.659832 
889 -1.660615 
2016 -1.660887 
2794 -1.662301 
1068 -1.663412 
1389 -1.664348 
1485 -1.664488 
505 -1.665832 
2891 -1.665934 
2158 -1.666761 
1872 -1.666995 
997 -1.667028 
929 -1.667484 
2567 -1.667793 
850 -1.668246 
1142 -1.668581 
1621 -1.668592 
1169 -1.668868 
2630 -1.669162 
361 -1.669181 
1860 -1.669469 
2945 -1.669960 
2377 -1.670104 
1814 -1.670946 
381 -1.671339 
2982 -1.673082 
1102 -1.673214 
833 -1.673218 
1501 -1.673396 
1365 -1.673567 
94 -1.673631 
2149 -1.674046 
1919 -1.674134 
2148 -1.674918 
2266 -1.675906 
74 -1.676702 
1057 -1.676812 
2553 -1.676893 
988 -1.676982 
1764 -1.677828 
1006 -1.679403 
222 -1.680064 
2800 -1.680479 
756 -1.681656 
2292 -1.681704 
2529 -1.683419 
974 -1.684287 
1918 -1.684501 
1525 -1.685312 
2369 -1.686124 
1601 -1.686618 
977 -1.686722 
2542 -1.687053 
2642 -1.688614 
241 -1.688857 
854 -1.689493 
748 -1.689632 
1765 -1.690787 
1231 -1.691462 
2676 -1.691656 
2639 -1.691683 
125 -1.691744 
3025 -1.692094 
2893 -1.692162 
709 -1.692375 
2801 -1.692418 
2934 -1.693190 
2134 -1.693575 
986 -1.694411 
1766 -1.694475 
1620 -1.694532 
2470 -1.695031 
1094 -1.695217 
1511 -1.695702 
1104 -1.696121 
1354 -1.697252 
706 -1.697299 
1502 -1.697301 
598 -1.699117 
49 -1.699193 
2157 -1.699992 
2214 -1.700339 
198 -1.701375 
1115 -1.703865 
2270 -1.704791 
127 -1.705123 
1345 -1.705243 
2665 -1.705722 
203 -1.705813 
995 -1.706285 
881 -1.706616 
1882 -1.706728 
590 -1.707278 
733 -1.708202 
2293 -1.709263 
3034 -1.710978 
890 -1.711218 
2282 -1.711405 
3026 -1.711538 
2413 -1.711917 
1917 -1.713277 
1771 -1.713319 
2011 -1.713718 
2814 -1.714079 
1838 -1.714104 
1356 -1.714349 
2411 -1.714350 
621 -1.714791 
84 -1.714971 
1116 -1.715002 
2387 -1.715272 
2548 -1.715742 
678 -1.716155 
2045 -1.717895 
324 -1.718159 
1402 -1.718491 
2752 -1.720294 
346 -1.720986 
1391 -1.721201 
194 -1.721740 
1489 -1.724216 
3047 -1.724447 
1865 -1.726907 
472 -1.727249 
1053 -1.728037 
2291 -1.728261 
340 -1.728920 
841 -1.729670 
2518 -1.730093 
2269 -1.730700 
2897 -1.731333 
3046 -1.731503 
877 -1.731600 
235 -1.731884 
469 -1.732025 
876 -1.732375 
2509 -1.732904 
1514 -1.733055 
2186 -1.733382 
349 -1.734469 
1113 -1.734539 
2527 -1.734792 
373 -1.735533 
1132 -1.735545 
586 -1.735656 
2251 -1.735674 
509 -1.735850 
1092 -1.735974 
2649 -1.736512 
326 -1.737135 
1478 -1.738381 
2390 -1.738404 
1749 -1.738915 
840 -1.739505 
669 -1.739520 
497 -1.739589 
2382 -1.739899 
1480 -1.740041 
2651 -1.740681 
1534 -1.741612 
650 -1.743047 
3021 -1.743684 
2041 -1.743790 
2906 -1.743896 
2773 -1.744203 
766 -1.744208 
3066 -1.744781 
2162 -1.744996 
2121 -1.745212 
897 -1.745419 
2522 -1.747113 
2928 -1.747372 
736 -1.747379 
3050 -1.748299 
1488 -1.748561 
2261 -1.748816 
2129 -1.750526 
166 -1.750640 
2533 -1.750827 
2421 -1.751679 
2376 -1.752128 
1129 -1.752257 
117 -1.752812 
609 -1.752860 
717 -1.755115 
1497 -1.755398 
864 -1.755493 
3062 -1.755799 
2301 -1.757413 
712 -1.757577 
1423 -1.757701 
362 -1.757788 
2260 -1.758101 
2915 -1.758141 
1885 -1.758355 
2502 -1.758590 
2244 -1.759072 
2422 -1.759266 
367 -1.759732 
495 -1.761139 
1105 -1.761903 
2125 -1.762450 
1526 -1.762656 
1524 -1.763199 
2245 -1.763273 
496 -1.764123 
1099 -1.765254 
2768 -1.765338 
2641 -1.766615 
732 -1.767591 
239 -1.767718 
1888 -1.769078 
2138 -1.769313 
578 -1.769552 
230 -1.770427 
2004 -1.770708 
634 -1.771546 
383 -1.771565 
1141 -1.771667 
2932 -1.771690 
2760 -1.772821 
1005 -1.772996 
2173 -1.773450 
746 -1.773829 
325 -1.774514 
2268 -1.774888 
1649 -1.775260 
2532 -1.776138 
1140 -1.776224 
2267 -1.778624 
1101 -1.780640 
614 -1.781272 
2389 -1.781366 
1034 -1.782127 
337 -1.784509 
1118 -1.784865 
220 -1.785257 
589 -1.785494 
839 -1.785689 
2917 -1.785726 
2133 -1.785891 
2531 -1.786302 
1761 -1.787886 
981 -1.788747 
2543 -1.788896 
731 -1.789058 
1786 -1.789061 
1377 -1.789817 
611 -1.789998 
3014 -1.790590 
1608 -1.791221 
2302 -1.791710 
1256 -1.792020 
2918 -1.792028 
2424 -1.792558 
2126 -1.793564 
2654 -1.794062 
1874 -1.794405 
1149 -1.794665 
2117 -1.794899 
1728 -1.794937 
2150 -1.796886 
2497 -1.799622 
250 -1.800780 
2886 -1.801253 
762 -1.802752 
1346 -1.803596 
120 -1.804781 
1103 -1.807441 
1533 -1.808254 
93 -1.808269 
1117 -1.809277 
2650 -1.809317 
1114 -1.809562 
832 -1.809575 
2685 -1.810154 
576 -1.811549 
458 -1.811750 
886 -1.811838 
880 -1.812060 
341 -1.812291 
2038 -1.813417 
3029 -1.813733 
486 -1.815037 
3010 -1.815049 
619 -1.815216 
730 -1.815657 
1106 -1.818293 
2290 -1.818673 
2640 -1.819386 
973 -1.820108 
2753 -1.821838 
1392 -1.821990 
2113 -1.823259 
996 -1.824660 
124 -1.825007 
348 -1.825122 
1361 -1.825943 
2285 -1.826372 
1740 -1.827144 
464 -1.827193 
500 -1.828423 
2625 -1.830273 
2294 -1.830437 
3045 -1.830523 
214 -1.830763 
1858 -1.831780 
1862 -1.832032 
330 -1.832840 
734 -1.833194 
253 -1.833728 
206 -1.834127 
1393 -1.834406 
242 -1.834504 
1898 -1.834654 
2882 -1.835559 
984 -1.836088 
2536 -1.836827 
993 -1.837338 
204 -1.838052 
376 -1.838073 
1366 -1.838108 
765 -1.838538 
1777 -1.840675 
1482 -1.840985 
1893 -1.841415 
2881 -1.842238 
2400 -1.843054 
2508 -1.846403 
232 -1.847001 
2661 -1.849094 
2927 -1.850059 
225 -1.850068 
456 -1.850267 
2024 -1.850553 
1633 -1.850709 
2558 -1.850727 
2664 -1.851490 
347 -1.852530 
655 -1.853017 
976 -1.854620 
2122 -1.855712 
721 -1.857222 
321 -1.858283 
758 -1.859188 
2774 -1.859906 
1125 -1.860747 
2913 -1.862884 
3035 -1.863119 
228 -1.863691 
208 -1.864016 
338 -1.864463 
1894 -1.864497 
2626 -1.865174 
360 -1.865348 
2006 -1.865767 
2417 -1.865875 
1490 -1.866814 
2662 -1.867017 
2544 -1.867141 
1089 -1.868538 
1128 -1.869079 
3037 -1.869515 
2902 -1.870416 
3024 -1.871851 
3036 -1.872172 
1500 -1.874948 
741 -1.878635 
2682 -1.879181 
2368 -1.881274 
2278 -1.883459 
2155 -1.885322 
2498 -1.885924 
1908 -1.889306 
2145 -1.890823 
2778 -1.891334 
1509 -1.893219 
1090 -1.895117 
1754 -1.896353 
2901 -1.896388 
1126 -1.900991 
2545 -1.901703 
3041 -1.905362 
2143 -1.906529 
2392 -1.907338 
1473 -1.908127 
1009 -1.908264 
581 -1.910076 
1137 -1.910426 
1896 -1.911826 
597 -1.911891 
2017 -1.912680 
2653 -1.913207 
742 -1.913854 
600 -1.914013 
1883 -1.915299 
2114 -1.916770 
2277 -1.917426 
2889 -1.920383 
1884 -1.923928 
213 -1.927799 
1729 -1.928128 
2401 -1.931224 
865 -1.935122 
2161 -1.935279 
216 -1.937993 
2908 -1.938397 
1017 -1.939866 
853 -1.939887 
96 -1.940044 
1605 -1.940703 
1093 -1.941333 
714 -1.942692 
1985 -1.942802 
470 -1.942854 
2373 -1.943929 
2656 -1.945824 
2136 -1.946645 
2892 -1.947236 
1477 -1.948551 
2922 -1.948633 
630 -1.951784 
2687 -1.951988 
2506 -1.952384 
3013 -1.952811 
2668 -1.952908 
112 -1.953805 
2942 -1.954736 
753 -1.956268 
2397 -1.956314 
95 -1.956416 
2904 -1.958030 
2520 -1.958900 
1521 -1.959850 
2241 -1.963587 
3009 -1.964678 
2938 -1.965193 
1744 -1.965896 
2637 -1.966028 
613 -1.966495 
2929 -1.966933 
1151 -1.966965 
625 -1.967090 
1994 -1.967204 
369 -1.969774 
193 -1.971740 
1002 -1.971788 
838 -1.974005 
1999 -1.976019 
372 -1.977108 
97 -1.977481 
113 -1.977827 
3040 -1.980287 
719 -1.980539 
1498 -1.980964 
1217 -1.981787 
737 -1.983501 
3055 -1.984056 
2644 -1.985257 
2033 -1.985562 
870 -1.989304 
1022 -1.989679 
202 -1.992633 
2785 -1.995667 
1012 -1.995979 
2657 -1.995998 
1738 -1.997451 
1750 -1.997722 
720 -2.001970 
2678 -2.006750 
708 -2.007625 
2762 -2.007726 
1857 -2.009407 
358 -2.009514 
856 -2.017172 
1759 -2.018738 
322 -2.020189 
1530 -2.022315 
2792 -2.023587 
961 -2.026680 
982 -2.033551 
3018 -2.033674 
726 -2.038471 
2383 -2.038610 
3060 -2.039421 
2170 -2.040453 
1989 -2.040614 
2273 -2.041043 
488 -2.050968 
65 -2.053648 
1512 -2.053948 
2280 -2.055003 
965 -2.059996 
1109 -2.060182 
3057 -2.069140 
1871 -2.070284 
861 -2.070767 
463 -2.074079 
2767 -2.074320 
970 -2.080626 
1493 -2.087017 
2517 -2.087882 
2673 -2.089828 
1487 -2.092770 
744 -2.093552 
81 -2.095028 
1368 -2.096579 
1146 -2.100610 
3070 -2.109489 
108 -2.111896 
705 -2.122655 
3023 -2.127954 
2255 -2.129642 
335 -2.135733 
847 -2.145535 
1905 -2.162421 
353 -2.169256 
607 -2.174014 
2256 -2.197549 
2632 -2.206174 
79 -2.251837 
2629 -2.264307 
1121 -2.264712 
78 -2.270092 
3048 -2.278520 
0 -2.715010 
