2132 1
175 0.489241 
1107 0.489241 
1168 0.489241 
311 0.489241 
826 0.489241 
910 0.489241 
983 0.489241 
433 0.489241 
645 0.489241 
538 0.489241 
736 0.489241 
789 0.486742 
1024 0.486742 
501 0.486742 
608 0.486742 
155 0.486742 
396 0.486742 
873 0.486742 
952 0.486742 
275 0.486742 
699 0.486742 
1062 0.486125 
1086 0.483881 
990 0.470552 
652 0.470552 
440 0.470552 
318 0.470552 
833 0.470552 
917 0.470552 
743 0.470552 
1114 0.470552 
182 0.470552 
545 0.470552 
1175 0.470552 
1179 0.467337 
747 0.467337 
1118 0.467337 
322 0.467337 
549 0.467337 
656 0.467337 
921 0.467337 
1123 0.467337 
994 0.467337 
837 0.467337 
444 0.467337 
186 0.467337 
1217 0.467337 
1029 0.467216 
506 0.467216 
957 0.467216 
704 0.467216 
794 0.467216 
878 0.467216 
280 0.467216 
401 0.467216 
613 0.467216 
547 0.466477 
1177 0.466477 
320 0.466477 
1116 0.466477 
654 0.466477 
745 0.466477 
992 0.466477 
919 0.466477 
835 0.466477 
442 0.466477 
184 0.466477 
1059 0.464160 
944 0.463111 
865 0.463111 
267 0.463111 
493 0.463111 
781 0.463111 
384 0.463111 
147 0.463111 
691 0.463111 
595 0.463111 
1530 0.460443 
1473 0.460443 
1569 0.460443 
581 0.460443 
476 0.460443 
1433 0.460443 
1249 0.460443 
20 0.460443 
1636 0.460443 
354 0.460443 
1387 0.460443 
1285 0.460443 
1359 0.460443 
218 0.460443 
1212 0.460443 
38 0.449578 
1548 0.449578 
1654 0.449578 
236 0.449578 
1267 0.449578 
1587 0.449578 
1303 0.449578 
1491 0.449578 
372 0.449578 
1451 0.449578 
1377 0.449578 
1597 0.449578 
1405 0.449578 
1586 0.448249 
1596 0.448249 
1376 0.448249 
235 0.448249 
1547 0.448249 
1490 0.448249 
1450 0.448249 
1404 0.448249 
371 0.448249 
1302 0.448249 
1266 0.448249 
1653 0.448249 
37 0.448249 
200 0.427507 
1341 0.427507 
935 0.427507 
670 0.427507 
336 0.427507 
764 0.427507 
851 0.427507 
1008 0.427507 
458 0.427507 
1231 0.427507 
1193 0.427507 
1137 0.427507 
563 0.427507 
2 0.427507 
894 0.412113 
720 0.412113 
159 0.412113 
810 0.412113 
971 0.412113 
417 0.412113 
629 0.412113 
1045 0.412113 
522 0.412113 
1091 0.412113 
1899 0.411608 
1984 0.411608 
1767 0.411608 
2020 0.411608 
1921 0.411608 
1735 0.411608 
1860 0.411608 
1677 0.411608 
1798 0.411608 
1953 0.411608 
1715 0.411608 
77 0.411608 
601 0.408619 
1022 0.408619 
606 0.408619 
499 0.408619 
871 0.408619 
950 0.408619 
787 0.408619 
697 0.408619 
273 0.408619 
394 0.408619 
153 0.408619 
1488 0.408335 
1300 0.408335 
233 0.408335 
1448 0.408335 
1651 0.408335 
1402 0.408335 
1374 0.408335 
1584 0.408335 
35 0.408335 
369 0.408335 
1594 0.408335 
1545 0.408335 
1264 0.408335 
1262 0.406143 
1372 0.406143 
1649 0.406143 
1446 0.406143 
1582 0.406143 
1486 0.406143 
367 0.406143 
33 0.406143 
1298 0.406143 
1592 0.406143 
231 0.406143 
1400 0.406143 
1543 0.406143 
1555 0.406143 
791 0.402221 
875 0.402221 
954 0.402221 
398 0.402221 
701 0.402221 
503 0.402221 
1026 0.402221 
157 0.402221 
277 0.402221 
610 0.402221 
1613 0.396566 
1507 0.396566 
54 0.396566 
1421 0.396566 
1692 0.396566 
1467 0.396566 
1825 0.396566 
1319 0.396566 
252 0.396566 
768 0.390080 
1516 0.390080 
1141 0.390080 
6 0.390080 
1235 0.390080 
855 0.390080 
939 0.390080 
1345 0.390080 
567 0.390080 
1197 0.390080 
1012 0.390080 
204 0.390080 
674 0.390080 
462 0.390080 
340 0.390080 
63 0.385165 
1834 0.385165 
1753 0.385165 
1701 0.385165 
1885 0.385165 
1663 0.385165 
1784 0.385165 
1721 0.385165 
1622 0.385165 
2075 0.384626 
2055 0.384626 
107 0.384626 
2006 0.384626 
2107 0.384626 
1943 0.384626 
410 0.382807 
1038 0.382807 
964 0.382807 
713 0.382807 
887 0.382807 
803 0.382807 
515 0.382807 
289 0.382807 
622 0.382807 
1034 0.381537 
799 0.381537 
511 0.381537 
295 0.381537 
406 0.381537 
883 0.381537 
709 0.381537 
618 0.381537 
285 0.381537 
1104 0.379773 
308 0.379773 
980 0.379773 
733 0.379773 
430 0.379773 
1165 0.379773 
535 0.379773 
823 0.379773 
172 0.379773 
642 0.379773 
907 0.379773 
1785 0.375700 
1664 0.375700 
1623 0.375700 
1702 0.375700 
1835 0.375700 
1886 0.375700 
64 0.375700 
1722 0.375700 
1754 0.375700 
1312 0.373677 
1500 0.373677 
1414 0.373677 
1460 0.373677 
245 0.373677 
47 0.373677 
1606 0.373677 
1818 0.373677 
1113 0.372942 
989 0.372942 
317 0.372942 
916 0.372942 
181 0.372942 
439 0.372942 
1174 0.372942 
832 0.372942 
742 0.372942 
544 0.372942 
651 0.372942 
676 0.370303 
941 0.370303 
1557 0.370303 
8 0.370303 
857 0.370303 
770 0.370303 
1347 0.370303 
1518 0.370303 
1143 0.370303 
342 0.370303 
569 0.370303 
1200 0.370303 
464 0.370303 
206 0.370303 
1014 0.370303 
1624 0.370303 
1237 0.370303 
90 0.368879 
1748 0.368879 
1997 0.368879 
1966 0.368879 
1934 0.368879 
2033 0.368879 
2048 0.368879 
1811 0.368879 
1873 0.368879 
98 0.368879 
1780 0.368879 
1216 0.363824 
920 0.363824 
1117 0.363824 
993 0.363824 
746 0.363824 
1178 0.363824 
185 0.363824 
443 0.363824 
655 0.363824 
836 0.363824 
321 0.363824 
548 0.363824 
1381 0.363018 
1243 0.363018 
682 0.363018 
212 0.363018 
1630 0.363018 
470 0.363018 
348 0.363018 
1279 0.363018 
1206 0.363018 
1149 0.363018 
1353 0.363018 
1524 0.363018 
776 0.363018 
1563 0.363018 
1427 0.363018 
14 0.363018 
575 0.363018 
1073 0.356694 
238 0.354339 
1550 0.354339 
1493 0.354339 
1305 0.354339 
1589 0.354339 
1407 0.354339 
1599 0.354339 
374 0.354339 
1453 0.354339 
1269 0.354339 
40 0.354339 
111 0.351635 
2111 0.351635 
2079 0.351635 
2059 0.351635 
436 0.349425 
648 0.349425 
178 0.349425 
541 0.349425 
986 0.349425 
1171 0.349425 
829 0.349425 
913 0.349425 
314 0.349425 
1110 0.349425 
739 0.349425 
2101 0.344719 
1054 0.344719 
133 0.344719 
590 0.340394 
262 0.340394 
142 0.340394 
379 0.340394 
488 0.340394 
1579 0.332381 
1646 0.332381 
30 0.332381 
486 0.332381 
228 0.332381 
1259 0.332381 
1295 0.332381 
364 0.332381 
1443 0.332381 
1397 0.332381 
1369 0.332381 
1540 0.332381 
1483 0.332381 
1075 0.326788 
673 0.323259 
1515 0.323259 
5 0.323259 
854 0.323259 
767 0.323259 
1234 0.323259 
1011 0.323259 
1140 0.323259 
461 0.323259 
203 0.323259 
566 0.323259 
339 0.323259 
938 0.323259 
1344 0.323259 
1196 0.323259 
1070 0.322992 
2125 0.321919 
2093 0.321919 
125 0.321919 
171 0.317197 
1164 0.317197 
307 0.317197 
979 0.317197 
906 0.317197 
1103 0.317197 
822 0.317197 
732 0.317197 
429 0.317197 
534 0.317197 
641 0.317197 
1078 0.313951 
1365 0.312192 
1536 0.312192 
1642 0.312192 
1393 0.312192 
1291 0.312192 
360 0.312192 
1479 0.312192 
1255 0.312192 
224 0.312192 
1575 0.312192 
482 0.312192 
1439 0.312192 
587 0.312192 
26 0.312192 
303 0.296348 
167 0.296348 
1160 0.296348 
818 0.296348 
975 0.296348 
1099 0.296348 
728 0.296348 
637 0.296348 
530 0.296348 
425 0.296348 
902 0.296348 
109 0.295030 
2077 0.295030 
2109 0.295030 
2057 0.295030 
1050 0.294828 
634 0.294828 
899 0.294828 
1096 0.294828 
1157 0.294828 
725 0.294828 
300 0.294828 
164 0.294828 
527 0.294828 
815 0.294828 
422 0.294828 
1084 0.289974 
82 0.286886 
1803 0.286886 
1904 0.286886 
1958 0.286886 
1682 0.286886 
2025 0.286886 
1772 0.286886 
1989 0.286886 
1865 0.286886 
1926 0.286886 
1740 0.286886 
2040 0.286886 
266 0.285448 
943 0.285448 
594 0.285448 
780 0.285448 
492 0.285448 
383 0.285448 
690 0.285448 
146 0.285448 
864 0.285448 
136 0.284434 
2129 0.277215 
129 0.277215 
2097 0.277215 
1085 0.270084 
13 0.268741 
1148 0.268741 
574 0.268741 
211 0.268741 
1278 0.268741 
1562 0.268741 
775 0.268741 
1242 0.268741 
1352 0.268741 
1629 0.268741 
1523 0.268741 
469 0.268741 
1205 0.268741 
1380 0.268741 
681 0.268741 
347 0.268741 
862 0.268741 
1786 0.258581 
1848 0.258581 
1723 0.258581 
2008 0.258581 
1703 0.258581 
1665 0.258581 
1836 0.258581 
1887 0.258581 
1755 0.258581 
65 0.258581 
319 0.258161 
991 0.258161 
546 0.258161 
653 0.258161 
183 0.258161 
1115 0.258161 
744 0.258161 
1176 0.258161 
918 0.258161 
441 0.258161 
834 0.258161 
1087 0.252049 
1591 0.250891 
1445 0.250891 
1399 0.250891 
32 0.250891 
1485 0.250891 
366 0.250891 
1648 0.250891 
1371 0.250891 
1542 0.250891 
230 0.250891 
1297 0.250891 
1581 0.250891 
1261 0.250891 
1554 0.250891 
451 0.250512 
757 0.250512 
844 0.250512 
329 0.250512 
663 0.250512 
1186 0.250512 
1130 0.250512 
1001 0.250512 
193 0.250512 
556 0.250512 
1334 0.250512 
1224 0.250512 
928 0.250512 
1089 0.240665 
808 0.240665 
627 0.240665 
969 0.240665 
892 0.240665 
718 0.240665 
1043 0.240665 
520 0.240665 
415 0.240665 
114 0.230674 
2114 0.230674 
2082 0.230674 
2062 0.230674 
1889 0.228251 
1850 0.228251 
67 0.228251 
1838 0.228251 
1788 0.228251 
1757 0.228251 
2010 0.228251 
1725 0.228251 
1705 0.228251 
1667 0.228251 
909 0.224416 
1167 0.224416 
310 0.224416 
1106 0.224416 
982 0.224416 
174 0.224416 
735 0.224416 
537 0.224416 
825 0.224416 
432 0.224416 
644 0.224416 
727 0.223508 
166 0.223508 
901 0.223508 
302 0.223508 
636 0.223508 
424 0.223508 
1098 0.223508 
529 0.223508 
817 0.223508 
1052 0.223508 
1159 0.223508 
309 0.220525 
536 0.220525 
431 0.220525 
643 0.220525 
824 0.220525 
908 0.220525 
173 0.220525 
734 0.220525 
981 0.220525 
1105 0.220525 
1166 0.220525 
229 0.217762 
1296 0.217762 
31 0.217762 
1484 0.217762 
1444 0.217762 
1541 0.217762 
1553 0.217762 
1260 0.217762 
1580 0.217762 
1370 0.217762 
365 0.217762 
1398 0.217762 
1647 0.217762 
1590 0.217762 
2105 0.215265 
2073 0.215265 
1973 0.215265 
105 0.215265 
1941 0.215265 
2053 0.215265 
2004 0.215265 
97 0.215265 
841 0.212527 
1221 0.212527 
751 0.212527 
660 0.212527 
754 0.212527 
925 0.212527 
448 0.212527 
190 0.212527 
1183 0.212527 
326 0.212527 
553 0.212527 
1331 0.212527 
998 0.212527 
1122 0.212527 
1127 0.212527 
523 0.206714 
972 0.206714 
1092 0.206714 
1046 0.206714 
811 0.206714 
418 0.206714 
895 0.206714 
630 0.206714 
721 0.206714 
160 0.206714 
148 0.206258 
782 0.206258 
268 0.206258 
945 0.206258 
866 0.206258 
692 0.206258 
385 0.206258 
389 0.206258 
596 0.206258 
494 0.206258 
1867 0.203211 
1684 0.203211 
1742 0.203211 
1774 0.203211 
1805 0.203211 
1906 0.203211 
84 0.203211 
1960 0.203211 
2042 0.203211 
2027 0.203211 
1991 0.203211 
1928 0.203211 
1413 0.188597 
46 0.188597 
1459 0.188597 
1311 0.188597 
1499 0.188597 
1605 0.188597 
244 0.188597 
1817 0.188597 
456 0.184789 
1229 0.184789 
1006 0.184789 
1135 0.184789 
1339 0.184789 
561 0.184789 
1191 0.184789 
849 0.184789 
762 0.184789 
198 0.184789 
334 0.184789 
668 0.184789 
933 0.184789 
4 0.180975 
338 0.180975 
1195 0.180975 
937 0.180975 
460 0.180975 
766 0.180975 
1514 0.180975 
853 0.180975 
1010 0.180975 
1233 0.180975 
672 0.180975 
1139 0.180975 
1343 0.180975 
202 0.180975 
565 0.180975 
1072 0.178350 
337 0.178116 
3 0.178116 
1194 0.178116 
201 0.178116 
1342 0.178116 
671 0.178116 
936 0.178116 
765 0.178116 
459 0.178116 
564 0.178116 
1009 0.178116 
852 0.178116 
1138 0.178116 
1232 0.178116 
121 0.177407 
2121 0.177407 
2069 0.177407 
2089 0.177407 
2131 0.172673 
131 0.172673 
2099 0.172673 
838 0.168566 
323 0.168566 
1180 0.168566 
187 0.168566 
1124 0.168566 
1218 0.168566 
748 0.168566 
657 0.168566 
550 0.168566 
995 0.168566 
445 0.168566 
1119 0.168566 
922 0.168566 
1744 0.167355 
2044 0.167355 
1686 0.167355 
2029 0.167355 
1993 0.167355 
1869 0.167355 
1908 0.167355 
1962 0.167355 
86 0.167355 
1807 0.167355 
1930 0.167355 
1776 0.167355 
251 0.165424 
1466 0.165424 
1318 0.165424 
1691 0.165424 
53 0.165424 
1824 0.165424 
1420 0.165424 
1506 0.165424 
1612 0.165424 
1083 0.165405 
1067 0.158060 
961 0.155715 
800 0.155715 
512 0.155715 
1035 0.155715 
296 0.155715 
619 0.155715 
884 0.155715 
286 0.155715 
407 0.155715 
710 0.155715 
1169 0.154793 
312 0.154793 
984 0.154793 
176 0.154793 
911 0.154793 
646 0.154793 
1108 0.154793 
434 0.154793 
737 0.154793 
827 0.154793 
539 0.154793 
1066 0.153111 
454 0.152313 
931 0.152313 
559 0.152313 
666 0.152313 
1337 0.152313 
760 0.152313 
847 0.152313 
1004 0.152313 
196 0.152313 
1133 0.152313 
1189 0.152313 
1227 0.152313 
332 0.152313 
402 0.147906 
291 0.147906 
958 0.147906 
281 0.147906 
795 0.147906 
614 0.147906 
705 0.147906 
507 0.147906 
1030 0.147906 
879 0.147906 
1236 0.145662 
940 0.145662 
568 0.145662 
769 0.145662 
856 0.145662 
205 0.145662 
1517 0.145662 
463 0.145662 
341 0.145662 
1142 0.145662 
1013 0.145662 
1199 0.145662 
7 0.145662 
1198 0.145662 
1346 0.145662 
675 0.145662 
1655 0.145386 
1406 0.145386 
1549 0.145386 
39 0.145386 
1598 0.145386 
1492 0.145386 
1304 0.145386 
1452 0.145386 
237 0.145386 
1378 0.145386 
1588 0.145386 
1268 0.145386 
373 0.145386 
1764 0.144032 
1918 0.144032 
1732 0.144032 
1857 0.144032 
1795 0.144032 
1950 0.144032 
1712 0.144032 
2017 0.144032 
74 0.144032 
1896 0.144032 
1845 0.144032 
1674 0.144032 
1981 0.144032 
261 0.130595 
378 0.130595 
141 0.130595 
487 0.130595 
631 0.130360 
1154 0.130360 
722 0.130360 
896 0.130360 
419 0.130360 
1047 0.130360 
973 0.130360 
1093 0.130360 
161 0.130360 
297 0.130360 
524 0.130360 
812 0.130360 
1465 0.129219 
1611 0.129219 
1823 0.129219 
52 0.129219 
250 0.129219 
1419 0.129219 
1317 0.129219 
1690 0.129219 
1505 0.129219 
603 0.124907 
270 0.124907 
694 0.124907 
391 0.124907 
598 0.124907 
150 0.124907 
387 0.124907 
1019 0.124907 
868 0.124907 
496 0.124907 
947 0.124907 
784 0.124907 
1560 0.119135 
572 0.119135 
679 0.119135 
773 0.119135 
1350 0.119135 
1203 0.119135 
1276 0.119135 
1146 0.119135 
1017 0.119135 
467 0.119135 
1521 0.119135 
11 0.119135 
860 0.119135 
1240 0.119135 
345 0.119135 
209 0.119135 
1627 0.119135 
102 0.117146 
1815 0.117146 
2037 0.117146 
2001 0.117146 
1970 0.117146 
1938 0.117146 
94 0.117146 
1877 0.117146 
1061 0.114311 
1057 0.106553 
831 0.105188 
180 0.105188 
1173 0.105188 
915 0.105188 
438 0.105188 
650 0.105188 
1112 0.105188 
741 0.105188 
316 0.105188 
543 0.105188 
988 0.105188 
1065 0.100183 
2092 0.099257 
124 0.099257 
2124 0.099257 
294 0.097425 
798 0.097425 
405 0.097425 
617 0.097425 
1033 0.097425 
708 0.097425 
882 0.097425 
510 0.097425 
284 0.097425 
1871 0.095426 
88 0.095426 
1746 0.095426 
1995 0.095426 
1910 0.095426 
1964 0.095426 
2031 0.095426 
1932 0.095426 
1778 0.095426 
1809 0.095426 
2046 0.095426 
213 0.091421 
1244 0.091421 
471 0.091421 
1150 0.091421 
1328 0.091421 
576 0.091421 
1382 0.091421 
1428 0.091421 
1564 0.091421 
1207 0.091421 
1280 0.091421 
683 0.091421 
1631 0.091421 
1525 0.091421 
1354 0.091421 
777 0.091421 
15 0.091421 
349 0.091421 
2021 0.088156 
1922 0.088156 
78 0.088156 
1716 0.088156 
1768 0.088156 
1799 0.088156 
1900 0.088156 
1678 0.088156 
1736 0.088156 
1985 0.088156 
1861 0.088156 
1954 0.088156 
390 0.082307 
1018 0.082307 
693 0.082307 
867 0.082307 
946 0.082307 
495 0.082307 
149 0.082307 
386 0.082307 
597 0.082307 
269 0.082307 
783 0.082307 
602 0.082307 
408 0.079612 
885 0.079612 
1036 0.079612 
962 0.079612 
711 0.079612 
620 0.079612 
801 0.079612 
513 0.079612 
287 0.079612 
132 0.059032 
1053 0.059032 
2100 0.059032 
170 0.053465 
428 0.053465 
533 0.053465 
1102 0.053465 
1163 0.053465 
306 0.053465 
905 0.053465 
731 0.053465 
978 0.053465 
640 0.053465 
821 0.053465 
1695 0.044391 
57 0.044391 
255 0.044391 
1828 0.044391 
1510 0.044391 
1424 0.044391 
1657 0.044391 
1470 0.044391 
1616 0.044391 
1322 0.044391 
1919 0.042513 
1982 0.042513 
1858 0.042513 
1675 0.042513 
1765 0.042513 
2018 0.042513 
1796 0.042513 
1897 0.042513 
75 0.042513 
1713 0.042513 
1733 0.042513 
1951 0.042513 
1846 0.042513 
2115 0.033191 
115 0.033191 
2083 0.033191 
2063 0.033191 
1585 0.021420 
370 0.021420 
1449 0.021420 
234 0.021420 
1595 0.021420 
1265 0.021420 
1375 0.021420 
1489 0.021420 
1652 0.021420 
1403 0.021420 
1301 0.021420 
36 0.021420 
1546 0.021420 
1082 0.019698 
241 0.019052 
1456 0.019052 
1496 0.019052 
1410 0.019052 
1272 0.019052 
43 0.019052 
1308 0.019052 
1602 0.019052 
702 0.011895 
1027 0.011895 
611 0.011895 
278 0.011895 
158 0.011895 
955 0.011895 
876 0.011895 
399 0.011895 
504 0.011895 
792 0.011895 
118 0.004367 
2118 0.004367 
2066 0.004367 
2086 0.004367 
1724 -0.000713 
1837 -0.000713 
1787 -0.000713 
1704 -0.000713 
1756 -0.000713 
1888 -0.000713 
2009 -0.000713 
66 -0.000713 
1666 -0.000713 
1849 -0.000713 
1037 -0.000971 
963 -0.000971 
886 -0.000971 
514 -0.000971 
288 -0.000971 
712 -0.000971 
621 -0.000971 
409 -0.000971 
802 -0.000971 
1058 -0.004234 
843 -0.015936 
192 -0.015936 
1333 -0.015936 
328 -0.015936 
1000 -0.015936 
756 -0.015936 
753 -0.015936 
1223 -0.015936 
1185 -0.015936 
662 -0.015936 
927 -0.015936 
1129 -0.015936 
555 -0.015936 
450 -0.015936 
1570 -0.016260 
1637 -0.016260 
1250 -0.016260 
477 -0.016260 
1388 -0.016260 
219 -0.016260 
1474 -0.016260 
21 -0.016260 
1213 -0.016260 
1434 -0.016260 
1286 -0.016260 
355 -0.016260 
582 -0.016260 
1360 -0.016260 
1531 -0.016260 
1729 -0.018403 
1842 -0.018403 
1761 -0.018403 
1915 -0.018403 
1978 -0.018403 
1709 -0.018403 
1947 -0.018403 
2014 -0.018403 
1671 -0.018403 
1893 -0.018403 
71 -0.018403 
1854 -0.018403 
1792 -0.018403 
1247 -0.021985 
1528 -0.021985 
1634 -0.021985 
352 -0.021985 
1567 -0.021985 
216 -0.021985 
1283 -0.021985 
1153 -0.021985 
686 -0.021985 
1431 -0.021985 
18 -0.021985 
474 -0.021985 
1385 -0.021985 
1210 -0.021985 
1357 -0.021985 
579 -0.021985 
839 -0.022172 
1219 -0.022172 
324 -0.022172 
1120 -0.022172 
1125 -0.022172 
188 -0.022172 
551 -0.022172 
923 -0.022172 
446 -0.022172 
1181 -0.022172 
996 -0.022172 
749 -0.022172 
658 -0.022172 
809 -0.023898 
416 -0.023898 
893 -0.023898 
719 -0.023898 
1090 -0.023898 
521 -0.023898 
1044 -0.023898 
628 -0.023898 
970 -0.023898 
2013 -0.024968 
1791 -0.024968 
1946 -0.024968 
1914 -0.024968 
70 -0.024968 
1708 -0.024968 
1670 -0.024968 
1977 -0.024968 
1841 -0.024968 
1892 -0.024968 
1853 -0.024968 
1760 -0.024968 
1728 -0.024968 
1902 -0.029573 
2023 -0.029573 
1718 -0.029573 
80 -0.029573 
1924 -0.029573 
1987 -0.029573 
1863 -0.029573 
1680 -0.029573 
1770 -0.029573 
1956 -0.029573 
1801 -0.029573 
1738 -0.029573 
1766 -0.029588 
1898 -0.029588 
1676 -0.029588 
1983 -0.029588 
1952 -0.029588 
1714 -0.029588 
1920 -0.029588 
1847 -0.029588 
1734 -0.029588 
76 -0.029588 
2019 -0.029588 
1859 -0.029588 
1797 -0.029588 
400 -0.032539 
956 -0.032539 
877 -0.032539 
279 -0.032539 
793 -0.032539 
703 -0.032539 
612 -0.032539 
505 -0.032539 
1028 -0.032539 
1423 -0.043317 
1509 -0.043317 
1694 -0.043317 
1827 -0.043317 
1656 -0.043317 
254 -0.043317 
1469 -0.043317 
1321 -0.043317 
56 -0.043317 
1615 -0.043317 
112 -0.046334 
2060 -0.046334 
1975 -0.046334 
2080 -0.046334 
2112 -0.046334 
138 -0.048083 
412 -0.048390 
805 -0.048390 
517 -0.048390 
966 -0.048390 
889 -0.048390 
715 -0.048390 
1040 -0.048390 
624 -0.048390 
2058 -0.049577 
110 -0.049577 
2078 -0.049577 
2110 -0.049577 
1816 -0.061689 
1412 -0.061689 
45 -0.061689 
243 -0.061689 
1458 -0.061689 
1498 -0.061689 
1310 -0.061689 
1604 -0.061689 
1497 -0.074425 
242 -0.074425 
1457 -0.074425 
44 -0.074425 
1273 -0.074425 
1309 -0.074425 
1603 -0.074425 
1411 -0.074425 
1307 -0.075804 
1409 -0.075804 
1495 -0.075804 
1552 -0.075804 
240 -0.075804 
1455 -0.075804 
376 -0.075804 
1601 -0.075804 
42 -0.075804 
1271 -0.075804 
738 -0.076330 
912 -0.076330 
985 -0.076330 
828 -0.076330 
647 -0.076330 
1170 -0.076330 
435 -0.076330 
540 -0.076330 
177 -0.076330 
313 -0.076330 
1109 -0.076330 
771 -0.085564 
942 -0.085564 
9 -0.085564 
1558 -0.085564 
1144 -0.085564 
1274 -0.085564 
570 -0.085564 
1625 -0.085564 
343 -0.085564 
1348 -0.085564 
858 -0.085564 
465 -0.085564 
1015 -0.085564 
1201 -0.085564 
207 -0.085564 
1238 -0.085564 
1519 -0.085564 
677 -0.085564 
377 -0.086071 
260 -0.086071 
140 -0.086071 
1955 -0.089107 
1769 -0.089107 
1986 -0.089107 
1862 -0.089107 
1737 -0.089107 
1800 -0.089107 
2022 -0.089107 
1679 -0.089107 
1901 -0.089107 
1923 -0.089107 
79 -0.089107 
1717 -0.089107 
2106 -0.089876 
2054 -0.089876 
2005 -0.089876 
2074 -0.089876 
106 -0.089876 
1974 -0.089876 
1942 -0.089876 
806 -0.091204 
967 -0.091204 
625 -0.091204 
716 -0.091204 
890 -0.091204 
1041 -0.091204 
413 -0.091204 
518 -0.091204 
1967 -0.097251 
1998 -0.097251 
99 -0.097251 
1874 -0.097251 
1781 -0.097251 
2049 -0.097251 
1812 -0.097251 
91 -0.097251 
2034 -0.097251 
1749 -0.097251 
1935 -0.097251 
1418 -0.097937 
51 -0.097937 
1464 -0.097937 
1504 -0.097937 
1316 -0.097937 
249 -0.097937 
1822 -0.097937 
1689 -0.097937 
1610 -0.097937 
1060 -0.100559 
0 -0.101321 
134 -0.101321 
1969 -0.102014 
101 -0.102014 
2036 -0.102014 
1937 -0.102014 
1876 -0.102014 
1783 -0.102014 
1814 -0.102014 
1751 -0.102014 
93 -0.102014 
2000 -0.102014 
130 -0.104525 
2130 -0.104525 
2098 -0.104525 
1661 -0.114059 
1699 -0.114059 
1883 -0.114059 
1620 -0.114059 
1326 -0.114059 
1832 -0.114059 
61 -0.114059 
1002 -0.116817 
194 -0.116817 
330 -0.116817 
1225 -0.116817 
845 -0.116817 
1335 -0.116817 
758 -0.116817 
664 -0.116817 
1131 -0.116817 
452 -0.116817 
929 -0.116817 
1187 -0.116817 
557 -0.116817 
1068 -0.119103 
1263 -0.121471 
368 -0.121471 
34 -0.121471 
1487 -0.121471 
1447 -0.121471 
1299 -0.121471 
1650 -0.121471 
1401 -0.121471 
1544 -0.121471 
1593 -0.121471 
232 -0.121471 
1583 -0.121471 
1556 -0.121471 
1373 -0.121471 
1727 -0.132583 
1790 -0.132583 
1759 -0.132583 
1840 -0.132583 
1852 -0.132583 
1707 -0.132583 
1891 -0.132583 
1669 -0.132583 
1945 -0.132583 
69 -0.132583 
2012 -0.132583 
1976 -0.132583 
1913 -0.132583 
128 -0.136435 
2128 -0.136435 
2096 -0.136435 
1064 -0.137062 
498 -0.137540 
949 -0.137540 
393 -0.137540 
696 -0.137540 
272 -0.137540 
1021 -0.137540 
152 -0.137540 
605 -0.137540 
600 -0.137540 
786 -0.137540 
870 -0.137540 
199 -0.144174 
1 -0.144174 
763 -0.144174 
934 -0.144174 
850 -0.144174 
1007 -0.144174 
1136 -0.144174 
1192 -0.144174 
669 -0.144174 
1230 -0.144174 
335 -0.144174 
457 -0.144174 
562 -0.144174 
1340 -0.144174 
1972 -0.144285 
2003 -0.144285 
2052 -0.144285 
104 -0.144285 
96 -0.144285 
1879 -0.144285 
1940 -0.144285 
2072 -0.144285 
2104 -0.144285 
2039 -0.144285 
1617 -0.147373 
1658 -0.147373 
1880 -0.147373 
1511 -0.147373 
58 -0.147373 
1471 -0.147373 
1425 -0.147373 
1696 -0.147373 
1829 -0.147373 
1323 -0.147373 
256 -0.147373 
661 -0.155901 
554 -0.155901 
1128 -0.155901 
755 -0.155901 
1222 -0.155901 
1184 -0.155901 
842 -0.155901 
999 -0.155901 
752 -0.155901 
926 -0.155901 
191 -0.155901 
327 -0.155901 
449 -0.155901 
1332 -0.155901 
489 -0.157559 
263 -0.157559 
591 -0.157559 
380 -0.157559 
687 -0.157559 
143 -0.157559 
1996 -0.158724 
1933 -0.158724 
2047 -0.158724 
1965 -0.158724 
1911 -0.158724 
2032 -0.158724 
89 -0.158724 
1779 -0.158724 
1872 -0.158724 
1810 -0.158724 
1747 -0.158724 
1379 -0.167209 
1522 -0.167209 
210 -0.167209 
1628 -0.167209 
468 -0.167209 
1241 -0.167209 
573 -0.167209 
1561 -0.167209 
774 -0.167209 
861 -0.167209 
680 -0.167209 
1277 -0.167209 
1351 -0.167209 
346 -0.167209 
1204 -0.167209 
12 -0.167209 
1147 -0.167209 
1463 -0.171585 
1821 -0.171585 
248 -0.171585 
1315 -0.171585 
1503 -0.171585 
1609 -0.171585 
1417 -0.171585 
50 -0.171585 
1688 -0.171585 
2113 -0.177870 
113 -0.177870 
2081 -0.177870 
2061 -0.177870 
292 -0.180112 
706 -0.180112 
615 -0.180112 
796 -0.180112 
1031 -0.180112 
403 -0.180112 
959 -0.180112 
508 -0.180112 
282 -0.180112 
880 -0.180112 
227 -0.187884 
485 -0.187884 
1578 -0.187884 
29 -0.187884 
1396 -0.187884 
1368 -0.187884 
1442 -0.187884 
363 -0.187884 
1258 -0.187884 
1294 -0.187884 
1539 -0.187884 
1645 -0.187884 
1482 -0.187884 
1074 -0.193989 
688 -0.194297 
592 -0.194297 
381 -0.194297 
144 -0.194297 
490 -0.194297 
778 -0.194297 
264 -0.194297 
1415 -0.197253 
1461 -0.197253 
246 -0.197253 
1819 -0.197253 
1313 -0.197253 
48 -0.197253 
1501 -0.197253 
1607 -0.197253 
1830 -0.198298 
257 -0.198298 
1324 -0.198298 
1618 -0.198298 
1659 -0.198298 
1697 -0.198298 
1426 -0.198298 
1881 -0.198298 
59 -0.198298 
1512 -0.198298 
225 -0.200577 
1440 -0.200577 
27 -0.200577 
1643 -0.200577 
1366 -0.200577 
1256 -0.200577 
1480 -0.200577 
1394 -0.200577 
1537 -0.200577 
1292 -0.200577 
361 -0.200577 
588 -0.200577 
1576 -0.200577 
483 -0.200577 
2067 -0.210124 
2087 -0.210124 
119 -0.210124 
2119 -0.210124 
2071 -0.216911 
2091 -0.216911 
2123 -0.216911 
123 -0.216911 
584 -0.220120 
1362 -0.220120 
1639 -0.220120 
1252 -0.220120 
357 -0.220120 
1288 -0.220120 
1436 -0.220120 
23 -0.220120 
1533 -0.220120 
1476 -0.220120 
479 -0.220120 
1390 -0.220120 
1215 -0.220120 
1572 -0.220120 
221 -0.220120 
1820 -0.227201 
49 -0.227201 
1462 -0.227201 
1608 -0.227201 
1502 -0.227201 
247 -0.227201 
1416 -0.227201 
1314 -0.227201 
516 -0.228024 
1039 -0.228024 
714 -0.228024 
804 -0.228024 
888 -0.228024 
290 -0.228024 
623 -0.228024 
965 -0.228024 
411 -0.228024 
1020 -0.228612 
497 -0.228612 
869 -0.228612 
785 -0.228612 
271 -0.228612 
392 -0.228612 
695 -0.228612 
388 -0.228612 
151 -0.228612 
948 -0.228612 
604 -0.228612 
599 -0.228612 
2068 -0.229504 
2120 -0.229504 
2088 -0.229504 
120 -0.229504 
1071 -0.239203 
846 -0.252511 
1132 -0.252511 
930 -0.252511 
1188 -0.252511 
1226 -0.252511 
331 -0.252511 
558 -0.252511 
453 -0.252511 
1336 -0.252511 
665 -0.252511 
1003 -0.252511 
759 -0.252511 
195 -0.252511 
1005 -0.259812 
1338 -0.259812 
1134 -0.259812 
667 -0.259812 
1190 -0.259812 
1228 -0.259812 
197 -0.259812 
848 -0.259812 
455 -0.259812 
560 -0.259812 
333 -0.259812 
761 -0.259812 
932 -0.259812 
135 -0.260494 
1882 -0.261332 
1831 -0.261332 
258 -0.261332 
1698 -0.261332 
1513 -0.261332 
1325 -0.261332 
1660 -0.261332 
60 -0.261332 
1619 -0.261332 
2102 -0.266670 
1055 -0.266670 
1687 -0.270164 
1745 -0.270164 
2045 -0.270164 
1994 -0.270164 
1808 -0.270164 
1963 -0.270164 
2030 -0.270164 
1870 -0.270164 
87 -0.270164 
1931 -0.270164 
1777 -0.270164 
1909 -0.270164 
1856 -0.275689 
1844 -0.275689 
1711 -0.275689 
1895 -0.275689 
1763 -0.275689 
1917 -0.275689 
1673 -0.275689 
73 -0.275689 
1731 -0.275689 
1980 -0.275689 
1794 -0.275689 
1949 -0.275689 
2016 -0.275689 
1700 -0.278218 
1662 -0.278218 
1752 -0.278218 
1621 -0.278218 
1327 -0.278218 
62 -0.278218 
1884 -0.278218 
1720 -0.278218 
1833 -0.278218 
2126 -0.289576 
126 -0.289576 
2094 -0.289576 
2007 -0.299545 
2108 -0.299545 
2056 -0.299545 
2076 -0.299545 
108 -0.299545 
1358 -0.302801 
1635 -0.302801 
1568 -0.302801 
1472 -0.302801 
217 -0.302801 
353 -0.302801 
475 -0.302801 
1386 -0.302801 
1211 -0.302801 
19 -0.302801 
1432 -0.302801 
1248 -0.302801 
1284 -0.302801 
580 -0.302801 
1529 -0.302801 
1151 -0.307106 
577 -0.307106 
16 -0.307106 
684 -0.307106 
1281 -0.307106 
1208 -0.307106 
472 -0.307106 
1245 -0.307106 
1429 -0.307106 
350 -0.307106 
1526 -0.307106 
1632 -0.307106 
214 -0.307106 
1329 -0.307106 
1383 -0.307106 
1355 -0.307106 
1565 -0.307106 
2043 -0.308222 
1775 -0.308222 
2028 -0.308222 
1743 -0.308222 
1868 -0.308222 
1806 -0.308222 
1685 -0.308222 
1907 -0.308222 
1929 -0.308222 
1992 -0.308222 
1961 -0.308222 
85 -0.308222 
914 -0.312936 
740 -0.312936 
542 -0.312936 
830 -0.312936 
1111 -0.312936 
987 -0.312936 
649 -0.312936 
437 -0.312936 
179 -0.312936 
1172 -0.312936 
315 -0.312936 
163 -0.318446 
898 -0.318446 
1095 -0.318446 
724 -0.318446 
299 -0.318446 
1049 -0.318446 
633 -0.318446 
421 -0.318446 
814 -0.318446 
526 -0.318446 
1156 -0.318446 
698 -0.319918 
395 -0.319918 
274 -0.319918 
154 -0.319918 
951 -0.319918 
500 -0.319918 
788 -0.319918 
607 -0.319918 
872 -0.319918 
1023 -0.319918 
1069 -0.322249 
874 -0.323180 
609 -0.323180 
276 -0.323180 
790 -0.323180 
502 -0.323180 
156 -0.323180 
700 -0.323180 
1025 -0.323180 
953 -0.323180 
397 -0.323180 
730 -0.332661 
169 -0.332661 
977 -0.332661 
1162 -0.332661 
820 -0.332661 
427 -0.332661 
1101 -0.332661 
639 -0.332661 
305 -0.332661 
532 -0.332661 
904 -0.332661 
1864 -0.333146 
1988 -0.333146 
1957 -0.333146 
1681 -0.333146 
1802 -0.333146 
1739 -0.333146 
1903 -0.333146 
1925 -0.333146 
81 -0.333146 
2024 -0.333146 
1719 -0.333146 
1771 -0.333146 
1948 -0.336060 
1793 -0.336060 
1710 -0.336060 
1843 -0.336060 
1894 -0.336060 
1672 -0.336060 
72 -0.336060 
1730 -0.336060 
1855 -0.336060 
1916 -0.336060 
1762 -0.336060 
2015 -0.336060 
1979 -0.336060 
1367 -0.357747 
1395 -0.357747 
484 -0.357747 
28 -0.357747 
1481 -0.357747 
1538 -0.357747 
1577 -0.357747 
1441 -0.357747 
1293 -0.357747 
589 -0.357747 
226 -0.357747 
362 -0.357747 
1257 -0.357747 
1644 -0.357747 
1076 -0.361391 
1971 -0.366882 
2051 -0.366882 
103 -0.366882 
2002 -0.366882 
95 -0.366882 
2038 -0.366882 
1878 -0.366882 
1939 -0.366882 
1155 -0.367543 
632 -0.367543 
723 -0.367543 
420 -0.367543 
897 -0.367543 
298 -0.367543 
1048 -0.367543 
813 -0.367543 
974 -0.367543 
525 -0.367543 
162 -0.367543 
1094 -0.367543 
797 -0.370836 
616 -0.370836 
960 -0.370836 
283 -0.370836 
1032 -0.370836 
509 -0.370836 
404 -0.370836 
881 -0.370836 
707 -0.370836 
293 -0.370836 
1077 -0.376539 
1990 -0.377728 
1773 -0.377728 
1959 -0.377728 
2041 -0.377728 
2026 -0.377728 
83 -0.377728 
1905 -0.377728 
1741 -0.377728 
1927 -0.377728 
1804 -0.377728 
1683 -0.377728 
1866 -0.377728 
1306 -0.384765 
1270 -0.384765 
1408 -0.384765 
1551 -0.384765 
1600 -0.384765 
1494 -0.384765 
41 -0.384765 
1454 -0.384765 
239 -0.384765 
375 -0.384765 
1750 -0.385983 
1968 -0.385983 
92 -0.385983 
1875 -0.385983 
1782 -0.385983 
100 -0.385983 
1999 -0.385983 
2035 -0.385983 
1813 -0.385983 
1936 -0.385983 
2050 -0.385983 
137 -0.396008 
1079 -0.398504 
1080 -0.400195 
1430 -0.402143 
1384 -0.402143 
1527 -0.402143 
1209 -0.402143 
215 -0.402143 
1152 -0.402143 
473 -0.402143 
685 -0.402143 
1282 -0.402143 
1246 -0.402143 
17 -0.402143 
1356 -0.402143 
578 -0.402143 
351 -0.402143 
1633 -0.402143 
1566 -0.402143 
840 -0.418489 
750 -0.418489 
447 -0.418489 
924 -0.418489 
1330 -0.418489 
189 -0.418489 
997 -0.418489 
1220 -0.418489 
1182 -0.418489 
552 -0.418489 
1126 -0.418489 
1121 -0.418489 
325 -0.418489 
659 -0.418489 
1361 -0.420299 
1475 -0.420299 
1287 -0.420299 
220 -0.420299 
1251 -0.420299 
1532 -0.420299 
583 -0.420299 
22 -0.420299 
1435 -0.420299 
356 -0.420299 
1638 -0.420299 
1571 -0.420299 
478 -0.420299 
1389 -0.420299 
1214 -0.420299 
259 -0.420847 
139 -0.420847 
117 -0.438501 
2117 -0.438501 
2085 -0.438501 
2065 -0.438501 
1063 -0.439252 
1100 -0.439309 
168 -0.439309 
976 -0.439309 
1161 -0.439309 
426 -0.439309 
729 -0.439309 
638 -0.439309 
903 -0.439309 
531 -0.439309 
304 -0.439309 
819 -0.439309 
891 -0.440927 
807 -0.440927 
968 -0.440927 
1088 -0.440927 
717 -0.440927 
1042 -0.440927 
626 -0.440927 
414 -0.440927 
519 -0.440927 
586 -0.449809 
1641 -0.449809 
1478 -0.449809 
1392 -0.449809 
1438 -0.449809 
359 -0.449809 
223 -0.449809 
1290 -0.449809 
1364 -0.449809 
481 -0.449809 
1574 -0.449809 
1535 -0.449809 
1254 -0.449809 
25 -0.449809 
585 -0.451937 
1534 -0.451937 
1391 -0.451937 
1289 -0.451937 
1437 -0.451937 
1640 -0.451937 
358 -0.451937 
1477 -0.451937 
222 -0.451937 
1253 -0.451937 
480 -0.451937 
1363 -0.451937 
1573 -0.451937 
24 -0.451937 
1081 -0.457743 
1668 -0.460493 
1912 -0.460493 
1890 -0.460493 
1851 -0.460493 
1944 -0.460493 
1706 -0.460493 
1839 -0.460493 
1726 -0.460493 
68 -0.460493 
2011 -0.460493 
1758 -0.460493 
1789 -0.460493 
779 -0.463146 
145 -0.463146 
491 -0.463146 
382 -0.463146 
863 -0.463146 
265 -0.463146 
689 -0.463146 
593 -0.463146 
1145 -0.471120 
1202 -0.471120 
10 -0.471120 
1559 -0.471120 
466 -0.471120 
1239 -0.471120 
678 -0.471120 
1626 -0.471120 
1520 -0.471120 
571 -0.471120 
208 -0.471120 
1016 -0.471120 
1349 -0.471120 
772 -0.471120 
859 -0.471120 
344 -0.471120 
1275 -0.471120 
816 -0.471715 
423 -0.471715 
301 -0.471715 
528 -0.471715 
726 -0.471715 
1158 -0.471715 
1051 -0.471715 
900 -0.471715 
165 -0.471715 
635 -0.471715 
1097 -0.471715 
2090 -0.479348 
2070 -0.479348 
2122 -0.479348 
122 -0.479348 
2127 -0.490142 
127 -0.490142 
2095 -0.490142 
2103 -0.491693 
1056 -0.491693 
2064 -0.491836 
2116 -0.491836 
2084 -0.491836 
116 -0.491836 
1468 -0.493960 
1693 -0.493960 
253 -0.493960 
1826 -0.493960 
1422 -0.493960 
1614 -0.493960 
1508 -0.493960 
1320 -0.493960 
55 -0.493960 
