5962 1
346 0.494898 
382 0.494898 
381 0.494898 
380 0.494898 
356 0.494898 
355 0.494898 
353 0.494898 
352 0.494898 
351 0.494898 
350 0.494898 
349 0.494898 
348 0.494898 
347 0.494898 
383 0.494898 
345 0.494898 
344 0.494898 
343 0.494898 
342 0.494898 
2550 0.494898 
319 0.494898 
318 0.494898 
316 0.494898 
315 0.494898 
314 0.494898 
313 0.494898 
312 0.494898 
422 0.494898 
450 0.494898 
449 0.494898 
432 0.494898 
431 0.494898 
430 0.494898 
429 0.494898 
428 0.494898 
427 0.494898 
426 0.494898 
425 0.494898 
424 0.494898 
423 0.494898 
311 0.494898 
421 0.494898 
420 0.494898 
419 0.494898 
393 0.494898 
392 0.494898 
390 0.494898 
389 0.494898 
388 0.494898 
387 0.494898 
386 0.494898 
385 0.494898 
384 0.494898 
235 0.494898 
266 0.494898 
265 0.494898 
264 0.494898 
263 0.494898 
262 0.494898 
261 0.494898 
260 0.494898 
247 0.494898 
246 0.494898 
243 0.494898 
237 0.494898 
236 0.494898 
267 0.494898 
234 0.494898 
233 0.494898 
232 0.494898 
231 0.494898 
230 0.494898 
229 0.494898 
228 0.494898 
227 0.494898 
226 0.494898 
225 0.494898 
224 0.494898 
223 0.494898 
279 0.494898 
310 0.494898 
309 0.494898 
308 0.494898 
307 0.494898 
306 0.494898 
305 0.494898 
304 0.494898 
303 0.494898 
302 0.494898 
284 0.494898 
283 0.494898 
280 0.494898 
451 0.494898 
278 0.494898 
277 0.494898 
276 0.494898 
275 0.494898 
274 0.494898 
273 0.494898 
272 0.494898 
271 0.494898 
270 0.494898 
269 0.494898 
268 0.494898 
2904 0.494898 
611 0.494898 
610 0.494898 
2946 0.494898 
2942 0.494898 
2941 0.494898 
5014 0.494898 
600 0.494898 
599 0.494898 
598 0.494898 
597 0.494898 
596 0.494898 
2905 0.494898 
612 0.494898 
5041 0.494898 
587 0.494898 
586 0.494898 
585 0.494898 
584 0.494898 
583 0.494898 
2902 0.494898 
2898 0.494898 
574 0.494898 
573 0.494898 
572 0.494898 
571 0.494898 
4845 0.494898 
3812 0.494898 
3772 0.494898 
3384 0.494898 
3358 0.494898 
3320 0.494898 
4380 0.494898 
3319 0.494898 
4549 0.494898 
796 0.494898 
4703 0.494898 
4734 0.494898 
4747 0.494898 
570 0.494898 
4872 0.494898 
3007 0.494898 
3006 0.494898 
3000 0.494898 
2988 0.494898 
627 0.494898 
626 0.494898 
625 0.494898 
624 0.494898 
623 0.494898 
614 0.494898 
613 0.494898 
487 0.494898 
528 0.494898 
517 0.494898 
516 0.494898 
515 0.494898 
514 0.494898 
503 0.494898 
502 0.494898 
501 0.494898 
500 0.494898 
490 0.494898 
489 0.494898 
488 0.494898 
529 0.494898 
5183 0.494898 
475 0.494898 
474 0.494898 
461 0.494898 
460 0.494898 
458 0.494898 
457 0.494898 
456 0.494898 
455 0.494898 
454 0.494898 
453 0.494898 
452 0.494898 
2865 0.494898 
569 0.494898 
568 0.494898 
562 0.494898 
561 0.494898 
560 0.494898 
559 0.494898 
558 0.494898 
557 0.494898 
556 0.494898 
555 0.494898 
554 0.494898 
549 0.494898 
2861 0.494898 
547 0.494898 
546 0.494898 
545 0.494898 
544 0.494898 
543 0.494898 
542 0.494898 
541 0.494898 
2864 0.494898 
532 0.494898 
531 0.494898 
530 0.494898 
109 0.494898 
79 0.494898 
190 0.494898 
3 0.494898 
2097 0.494898 
189 0.494898 
188 0.494898 
117 0.494898 
116 0.494898 
115 0.494898 
114 0.494898 
2478 0.494898 
113 0.494898 
112 0.494898 
111 0.494898 
110 0.494898 
145 0.494898 
148 0.494898 
187 0.494898 
186 0.494898 
185 0.494898 
149 0.494898 
108 0.494898 
150 0.494898 
151 0.494898 
152 0.494898 
153 0.494898 
154 0.494898 
155 0.494898 
156 0.494898 
157 0.494898 
2210 0.494898 
74 0.494898 
36 0.494898 
35 0.494898 
34 0.494898 
2 0.494898 
33 0.494898 
32 0.494898 
31 0.494898 
4 0.494898 
5 0.494898 
69 0.494898 
70 0.494898 
71 0.494898 
72 0.494898 
73 0.494898 
195 0.494898 
78 0.494898 
191 0.494898 
192 0.494898 
193 0.494898 
194 0.494898 
75 0.494898 
196 0.494898 
197 0.494898 
198 0.494898 
199 0.494898 
76 0.494898 
4765 0.486010 
790 0.486010 
1793 0.486010 
5850 0.486010 
777 0.486010 
5770 0.486010 
5769 0.486010 
5766 0.486010 
5851 0.486010 
5767 0.486010 
2246 0.486010 
2568 0.486010 
4373 0.486010 
5813 0.486010 
1789 0.486010 
1790 0.486010 
4391 0.486010 
4406 0.486010 
4407 0.486010 
5885 0.486010 
5884 0.486010 
2565 0.486010 
5803 0.486010 
5883 0.486010 
5882 0.486010 
5807 0.486010 
5806 0.486010 
5881 0.486010 
5880 0.486010 
1792 0.486010 
5805 0.486010 
5804 0.486010 
5929 0.486010 
5924 0.486010 
5844 0.486010 
1379 0.486010 
3015 0.486010 
5843 0.486010 
5926 0.486010 
1830 0.486010 
5927 0.486010 
2106 0.486010 
4934 0.486010 
1861 0.486010 
5923 0.486010 
1407 0.486010 
1408 0.486010 
5930 0.486010 
2074 0.486010 
5103 0.486010 
2063 0.486010 
2053 0.486010 
5842 0.486010 
2028 0.486010 
2029 0.486010 
1336 0.486010 
1302 0.486010 
5286 0.486010 
5274 0.486010 
5273 0.486010 
5272 0.486010 
5849 0.486010 
5848 0.486010 
5260 0.486010 
5847 0.486010 
1612 0.486010 
1299 0.486010 
1341 0.486010 
5846 0.486010 
1342 0.486010 
5771 0.486010 
5920 0.486010 
699 0.486010 
5921 0.486010 
3016 0.486010 
1378 0.486010 
5845 0.486010 
3948 0.486010 
5418 0.486010 
4028 0.486010 
4025 0.486010 
959 0.486010 
2522 0.486010 
4024 0.486010 
5486 0.486010 
5485 0.486010 
5484 0.486010 
3947 0.486010 
4029 0.486010 
3951 0.486010 
3535 0.486010 
5471 0.486010 
3988 0.486010 
3990 0.486010 
3534 0.486010 
3991 0.486010 
3995 0.486010 
5472 0.486010 
946 0.486010 
4312 0.486010 
5444 0.486010 
4299 0.486010 
5886 0.486010 
5887 0.486010 
5888 0.486010 
5443 0.486010 
4032 0.486010 
5808 0.486010 
5457 0.486010 
868 0.486010 
5458 0.486010 
5732 0.486010 
5470 0.486010 
3403 0.486010 
5733 0.486010 
5431 0.486010 
5430 0.486010 
5261 0.479238 
964 0.479238 
937 0.479238 
3329 0.479238 
768 0.479238 
4763 0.479238 
965 0.479238 
1809 0.479238 
5092 0.479238 
1959 0.479238 
3782 0.479238 
1418 0.479238 
2986 0.479238 
1393 0.479238 
1392 0.479238 
1390 0.479238 
1389 0.479238 
4776 0.479238 
3009 0.479238 
4848 0.479238 
4847 0.479238 
1465 0.479238 
2178 0.479238 
1356 0.479238 
3112 0.479238 
2181 0.479238 
4563 0.479238 
3360 0.479238 
3325 0.479238 
3503 0.479238 
4261 0.479238 
4262 0.479238 
2525 0.479238 
3326 0.479238 
4131 0.473981 
3864 0.473981 
3865 0.473981 
2955 0.473981 
4133 0.473981 
3436 0.473981 
4135 0.473981 
4877 0.473981 
3411 0.473981 
3410 0.473981 
4130 0.473981 
5324 0.473981 
4891 0.473981 
5323 0.473981 
5322 0.473981 
2733 0.473981 
3446 0.473981 
2730 0.473981 
2444 0.473981 
3448 0.473981 
3644 0.473981 
3900 0.473981 
4987 0.473981 
4986 0.473981 
4985 0.473981 
2957 0.473981 
2536 0.473981 
5126 0.473981 
3679 0.473981 
3677 0.473981 
3675 0.473981 
5127 0.473981 
3408 0.473981 
2992 0.473981 
3904 0.473981 
5140 0.473981 
5141 0.473981 
2994 0.473981 
3867 0.473981 
4904 0.473981 
5114 0.473981 
5113 0.473981 
3901 0.473981 
2862 0.473981 
5154 0.473981 
3902 0.473981 
5295 0.473981 
3225 0.473981 
4702 0.473981 
4676 0.473981 
4675 0.473981 
4016 0.473981 
4100 0.473981 
4097 0.473981 
4096 0.473981 
5312 0.473981 
5311 0.473981 
5310 0.473981 
5309 0.473981 
5308 0.473981 
3643 0.473981 
4619 0.473981 
5298 0.473981 
5296 0.473981 
4053 0.473981 
4055 0.473981 
4058 0.473981 
4063 0.473981 
3223 0.473981 
4633 0.473981 
5282 0.473981 
5283 0.473981 
3221 0.473981 
2688 0.473981 
2234 0.473981 
3641 0.473981 
2690 0.473981 
3827 0.473981 
3153 0.473981 
3640 0.473981 
3190 0.473981 
3187 0.473981 
5723 0.458658 
5731 0.458658 
5609 0.458658 
5725 0.458658 
5726 0.458658 
5608 0.458658 
5729 0.458658 
5762 0.458658 
3875 0.458658 
2959 0.458658 
5727 0.458658 
5728 0.458658 
5644 0.458658 
5724 0.458658 
5730 0.458658 
5840 0.458658 
5612 0.458658 
5761 0.458658 
5838 0.458658 
5605 0.458658 
5606 0.458658 
5607 0.458658 
5759 0.458658 
5610 0.458658 
5611 0.458658 
5837 0.458658 
5760 0.458658 
4363 0.458658 
5613 0.458658 
4752 0.458658 
5764 0.458658 
5765 0.458658 
5681 0.458658 
3497 0.458658 
5768 0.458658 
5682 0.458658 
5683 0.458658 
5616 0.458658 
3507 0.458658 
5684 0.458658 
4567 0.458658 
5643 0.458658 
5685 0.458658 
5686 0.458658 
5687 0.458658 
5688 0.458658 
5689 0.458658 
5690 0.458658 
5691 0.458658 
5692 0.458658 
5693 0.458658 
5641 0.458658 
5455 0.458658 
5719 0.458658 
5763 0.458658 
4921 0.458658 
2996 0.458658 
2999 0.458658 
5720 0.458658 
5721 0.458658 
5722 0.458658 
5640 0.458658 
5615 0.458658 
3910 0.458658 
3913 0.458658 
4554 0.458658 
5642 0.458658 
5679 0.458658 
5680 0.458658 
3952 0.458658 
3953 0.458658 
3954 0.458658 
5386 0.458658 
5645 0.458658 
1543 0.458658 
5361 0.458658 
5362 0.458658 
2542 0.458658 
2540 0.458658 
5374 0.458658 
5375 0.458658 
5376 0.458658 
5377 0.458658 
5646 0.458658 
5387 0.458658 
5388 0.458658 
5389 0.458658 
5390 0.458658 
5400 0.458658 
2442 0.458658 
5401 0.458658 
5402 0.458658 
5403 0.458658 
2086 0.458658 
5654 0.458658 
1645 0.458658 
1644 0.458658 
5801 0.458658 
5802 0.458658 
5650 0.458658 
5651 0.458658 
5652 0.458658 
5649 0.458658 
5259 0.458658 
5653 0.458658 
5841 0.458658 
5648 0.458658 
5800 0.458658 
5647 0.458658 
5799 0.458658 
5798 0.458658 
5797 0.458658 
1602 0.458658 
1601 0.458658 
2641 0.458658 
2497 0.458658 
5414 0.458658 
5415 0.458658 
5416 0.458658 
5456 0.458658 
5570 0.458658 
2503 0.458658 
5572 0.458658 
5573 0.458658 
5569 0.458658 
5441 0.458658 
2061 0.458658 
2049 0.458658 
5417 0.458658 
5090 0.458658 
5429 0.458658 
5428 0.458658 
5404 0.458658 
5442 0.458658 
2674 0.442208 
4644 0.442208 
4643 0.442208 
3174 0.442208 
4642 0.442208 
5440 0.442208 
3213 0.442208 
5914 0.442208 
3695 0.442208 
3212 0.442208 
5915 0.442208 
4631 0.442208 
3149 0.442208 
3215 0.442208 
4629 0.442208 
3216 0.442208 
5285 0.442208 
2718 0.442208 
4085 0.442208 
2717 0.442208 
3833 0.442208 
2695 0.442208 
3836 0.442208 
3178 0.442208 
2698 0.442208 
4710 0.442208 
3794 0.442208 
3831 0.442208 
5454 0.442208 
5468 0.442208 
2720 0.442208 
5217 0.442208 
3177 0.442208 
3874 0.442208 
3175 0.442208 
2680 0.442208 
3179 0.442208 
4125 0.442208 
5717 0.442208 
5718 0.442208 
5413 0.442208 
2507 0.442208 
3634 0.442208 
3633 0.442208 
3417 0.442208 
3631 0.442208 
3630 0.442208 
4126 0.442208 
3380 0.442208 
2467 0.442208 
3627 0.442208 
3533 0.442208 
4064 0.442208 
3571 0.442208 
4089 0.442208 
4088 0.442208 
4087 0.442208 
4084 0.442208 
4086 0.442208 
3670 0.442208 
5875 0.442208 
5876 0.442208 
5427 0.442208 
5320 0.442208 
2243 0.442208 
2264 0.442208 
2269 0.442208 
3671 0.442208 
2306 0.442208 
5333 0.442208 
5874 0.442208 
3669 0.442208 
5360 0.442208 
5482 0.442208 
5758 0.442208 
5757 0.442208 
5756 0.442208 
4291 0.442208 
5373 0.442208 
3377 0.442208 
4969 0.442208 
4826 0.442208 
2760 0.442208 
2761 0.442208 
2785 0.442208 
5164 0.442208 
5796 0.442208 
5151 0.442208 
5138 0.442208 
5795 0.442208 
4947 0.442208 
4960 0.442208 
5794 0.442208 
2721 0.442208 
5116 0.442208 
4982 0.442208 
2960 0.442208 
2921 0.442208 
5035 0.442208 
5036 0.442208 
5836 0.442208 
5835 0.442208 
5048 0.442208 
5049 0.442208 
5834 0.442208 
3148 0.442208 
2724 0.442208 
4813 0.442208 
5205 0.442208 
3137 0.442208 
4800 0.442208 
2723 0.442208 
5204 0.442208 
3276 0.425049 
3274 0.425049 
2823 0.425049 
3317 0.425049 
3273 0.425049 
3465 0.425049 
2826 0.425049 
3736 0.425049 
3365 0.425049 
2206 0.425049 
4844 0.425049 
2869 0.425049 
1901 0.413307 
2394 0.413307 
2432 0.413307 
1447 0.413307 
2392 0.413307 
2358 0.413307 
2357 0.413307 
3176 0.413307 
3141 0.413307 
4444 0.413307 
1876 0.413307 
3418 0.413307 
1904 0.413307 
911 0.413307 
1275 0.413307 
4489 0.413307 
4502 0.413307 
4515 0.413307 
4517 0.413307 
5042 0.413307 
4787 0.413307 
1238 0.413307 
2851 0.413307 
3400 0.413307 
3597 0.413307 
4252 0.413307 
2948 0.413307 
3632 0.413307 
4265 0.413307 
3361 0.413307 
2848 0.413307 
2431 0.413307 
3138 0.413307 
1239 0.413307 
729 0.413307 
1938 0.413307 
966 0.413307 
4151 0.413307 
1242 0.413307 
2396 0.413307 
2395 0.413307 
2811 0.413307 
2687 0.413307 
2685 0.413307 
4881 0.413307 
4880 0.413307 
3696 0.413307 
1738 0.413307 
1316 0.413307 
2673 0.413307 
4893 0.413307 
1735 0.413307 
1737 0.413307 
1773 0.413307 
4873 0.413307 
3775 0.413307 
3012 0.413307 
3774 0.413307 
2786 0.413307 
1774 0.413307 
2355 0.413307 
2192 0.413307 
2648 0.413307 
4827 0.413307 
3268 0.413307 
1282 0.413307 
1319 0.413307 
1276 0.413307 
742 0.413307 
2814 0.413307 
3267 0.413307 
4704 0.413307 
1448 0.413307 
4949 0.377273 
5287 0.377273 
5299 0.377273 
5300 0.377273 
5313 0.377273 
5118 0.377273 
3577 0.377273 
1140 0.371482 
539 0.371482 
1143 0.371482 
294 0.371482 
1144 0.371482 
1640 0.371482 
290 0.371482 
215 0.371482 
293 0.371482 
292 0.371482 
1145 0.371482 
291 0.371482 
527 0.371482 
211 0.371482 
298 0.371482 
297 0.371482 
296 0.371482 
295 0.371482 
524 0.371482 
525 0.371482 
526 0.371482 
1146 0.371482 
1148 0.371482 
2017 0.371482 
212 0.371482 
213 0.371482 
214 0.371482 
537 0.371482 
1147 0.371482 
538 0.371482 
256 0.371482 
1111 0.371482 
183 0.371482 
222 0.371482 
709 0.371482 
184 0.371482 
2185 0.371482 
567 0.371482 
259 0.371482 
258 0.371482 
1108 0.371482 
257 0.371482 
181 0.371482 
1107 0.371482 
566 0.371482 
255 0.371482 
254 0.371482 
253 0.371482 
252 0.371482 
251 0.371482 
250 0.371482 
565 0.371482 
1101 0.371482 
553 0.371482 
2069 0.371482 
216 0.371482 
2068 0.371482 
217 0.371482 
218 0.371482 
2066 0.371482 
2065 0.371482 
551 0.371482 
552 0.371482 
219 0.371482 
2484 0.371482 
540 0.371482 
220 0.371482 
1566 0.371482 
221 0.371482 
174 0.371482 
175 0.371482 
176 0.371482 
177 0.371482 
178 0.371482 
179 0.371482 
180 0.371482 
147 0.371482 
143 0.371482 
4360 0.371482 
144 0.371482 
146 0.371482 
2552 0.371482 
849 0.371482 
850 0.371482 
852 0.371482 
838 0.371482 
104 0.371482 
668 0.371482 
2102 0.371482 
1224 0.371482 
669 0.371482 
863 0.371482 
333 0.371482 
4405 0.371482 
2562 0.371482 
2596 0.371482 
2105 0.371482 
4446 0.371482 
1526 0.371482 
4417 0.371482 
2109 0.371482 
2103 0.371482 
336 0.371482 
4401 0.371482 
4388 0.371482 
140 0.371482 
656 0.371482 
141 0.371482 
142 0.371482 
837 0.371482 
106 0.371482 
878 0.371482 
2975 0.371482 
4219 0.371482 
330 0.371482 
680 0.371482 
681 0.371482 
2679 0.371482 
107 0.371482 
1223 0.371482 
2966 0.371482 
1187 0.371482 
1186 0.371482 
1185 0.371482 
1184 0.371482 
696 0.371482 
1182 0.371482 
3019 0.371482 
2142 0.371482 
2979 0.371482 
2143 0.371482 
103 0.371482 
4232 0.371482 
2153 0.371482 
4233 0.371482 
2978 0.371482 
4532 0.368216 
671 0.368216 
1532 0.368216 
4866 0.368216 
2468 0.368216 
3832 0.368216 
3834 0.368216 
3835 0.368216 
5066 0.368216 
2885 0.368216 
3798 0.368216 
3795 0.368216 
2888 0.368216 
4559 0.368216 
3870 0.368216 
658 0.368216 
3884 0.368216 
3871 0.368216 
3872 0.368216 
4879 0.368216 
4194 0.368216 
2922 0.368216 
2923 0.368216 
3339 0.368216 
2925 0.368216 
3376 0.368216 
3378 0.368216 
3379 0.368216 
2974 0.368216 
1987 0.368216 
3415 0.368216 
3416 0.368216 
3429 0.368216 
2515 0.368216 
2429 0.368216 
2962 0.368216 
3458 0.368216 
2555 0.368216 
840 0.368216 
2554 0.368216 
4897 0.368216 
2330 0.367339 
2968 0.367339 
3665 0.367339 
3667 0.367339 
4149 0.367339 
3423 0.367339 
2754 0.367339 
3668 0.367339 
2758 0.367339 
3565 0.367339 
3211 0.367339 
2757 0.367339 
3673 0.367339 
3042 0.367339 
3237 0.367339 
3664 0.367339 
3214 0.367339 
3691 0.367339 
3693 0.367339 
2093 0.367339 
3603 0.367339 
2983 0.367339 
3635 0.367339 
2751 0.367339 
2663 0.367339 
3240 0.367339 
3637 0.367339 
3239 0.367339 
3638 0.367339 
5344 0.367339 
4150 0.367339 
4147 0.367339 
77 0.367339 
4129 0.367339 
4127 0.367339 
4124 0.367339 
4123 0.367339 
4122 0.367339 
5563 0.367339 
5564 0.367339 
5565 0.367339 
4121 0.367339 
5346 0.367339 
5345 0.367339 
5152 0.367339 
80 0.367339 
4091 0.367339 
5177 0.367339 
5601 0.367339 
5602 0.367339 
4057 0.367339 
43 0.367339 
42 0.367339 
41 0.367339 
4020 0.367339 
40 0.367339 
39 0.367339 
3992 0.367339 
3917 0.367339 
3916 0.367339 
5372 0.367339 
5519 0.367339 
5520 0.367339 
5521 0.367339 
5522 0.367339 
4726 0.367339 
5523 0.367339 
5524 0.367339 
5525 0.367339 
5526 0.367339 
4657 0.367339 
5527 0.367339 
5528 0.367339 
4894 0.367339 
4895 0.367339 
6 0.367339 
4945 0.367339 
4958 0.367339 
4967 0.367339 
4970 0.367339 
4972 0.367339 
4984 0.367339 
4993 0.367339 
4994 0.367339 
4995 0.367339 
5359 0.367339 
5358 0.367339 
5064 0.367339 
5561 0.367339 
5562 0.367339 
38 0.367339 
10 0.367339 
5246 0.367339 
9 0.367339 
3877 0.367339 
3879 0.367339 
8 0.367339 
5233 0.367339 
3880 0.367339 
7 0.367339 
5232 0.367339 
5321 0.367339 
3876 0.367339 
37 0.367339 
464 0.367339 
463 0.367339 
3914 0.367339 
3873 0.367339 
462 0.367339 
5220 0.367339 
476 0.367339 
477 0.367339 
11 0.367339 
2735 0.326045 
1227 0.326045 
1226 0.326045 
3222 0.326045 
3224 0.326045 
2166 0.326045 
3562 0.326045 
879 0.326045 
2689 0.326045 
2977 0.326045 
2169 0.326045 
4134 0.326045 
1643 0.326045 
2732 0.326045 
3359 0.326045 
3498 0.326045 
4560 0.326045 
3439 0.326045 
4132 0.326045 
2652 0.326045 
3678 0.326045 
4775 0.326045 
3599 0.326045 
2454 0.326045 
4788 0.326045 
3145 0.326045 
2481 0.326045 
3106 0.326045 
3143 0.326045 
1750 0.326045 
3645 0.326045 
2168 0.290198 
4399 0.290198 
822 0.290198 
4412 0.290198 
3105 0.290198 
4414 0.290198 
4427 0.290198 
3140 0.290198 
1061 0.290198 
1678 0.290198 
2647 0.290198 
4796 0.290198 
1025 0.290198 
1062 0.290198 
3142 0.290198 
4345 0.290198 
4276 0.290198 
4809 0.290198 
2584 0.290198 
1677 0.290198 
2132 0.290198 
1673 0.290198 
2583 0.290198 
4289 0.290198 
4331 0.290198 
4386 0.290198 
2582 0.290198 
2935 0.290198 
1023 0.290198 
2164 0.290198 
1024 0.290198 
2165 0.290198 
1593 0.290198 
1767 0.290198 
2167 0.290198 
2683 0.290198 
3166 0.290198 
1642 0.290198 
1641 0.290198 
3167 0.290198 
3168 0.290198 
1639 0.290198 
1638 0.290198 
2475 0.290198 
1636 0.290198 
3050 0.290198 
2208 0.290198 
1632 0.290198 
1630 0.290198 
4810 0.290198 
2518 0.290198 
4627 0.290198 
2221 0.290198 
2684 0.290198 
4943 0.290198 
2549 0.290198 
3103 0.290198 
4956 0.290198 
3102 0.290198 
2548 0.290198 
2546 0.290198 
3066 0.290198 
4568 0.290198 
808 0.290198 
4941 0.290198 
4570 0.290198 
2545 0.290198 
4928 0.290198 
4582 0.290198 
4583 0.290198 
4596 0.290198 
3056 0.290198 
3556 0.290198 
2623 0.290198 
1728 0.290198 
1727 0.290198 
2622 0.290198 
2620 0.290198 
5330 0.290198 
5161 0.290198 
1719 0.290198 
1718 0.290198 
5160 0.290198 
3559 0.290198 
3557 0.290198 
1139 0.290198 
1716 0.290198 
1715 0.290198 
2610 0.290198 
3520 0.290198 
4114 0.290198 
1710 0.290198 
5134 0.290198 
1935 0.290198 
3495 0.290198 
1176 0.290198 
1933 0.290198 
4015 0.290198 
1516 0.290198 
987 0.290198 
3950 0.290198 
3955 0.290198 
3974 0.290198 
3976 0.290198 
1099 0.290198 
2626 0.290198 
4011 0.290198 
4012 0.290198 
4013 0.290198 
1679 0.290198 
2625 0.290198 
1514 0.290198 
4048 0.290198 
4049 0.290198 
4050 0.290198 
3623 0.290198 
3620 0.290198 
4052 0.290198 
3596 0.290198 
3594 0.290198 
3593 0.290198 
4244 0.290198 
1019 0.290198 
1481 0.290198 
4216 0.290198 
5112 0.290198 
2588 0.290198 
1022 0.290198 
2585 0.290198 
2127 0.290198 
4229 0.290198 
2128 0.290198 
2129 0.290198 
1932 0.290198 
4245 0.290198 
2130 0.290198 
2131 0.290198 
1219 0.290198 
1682 0.290198 
1681 0.290198 
1222 0.290198 
4246 0.290198 
1680 0.290198 
1225 0.290198 
3915 0.290198 
1897 0.290198 
4144 0.290198 
4142 0.290198 
892 0.290198 
2090 0.290198 
891 0.290198 
2589 0.290198 
5125 0.290198 
1479 0.290198 
1443 0.290198 
1929 0.290198 
2091 0.290198 
5133 0.290198 
5026 0.285462 
5211 0.285462 
5223 0.285462 
2676 0.285462 
5201 0.285462 
2633 0.285462 
5224 0.285462 
2443 0.285462 
2403 0.285462 
3126 0.285462 
5027 0.285462 
5365 0.285462 
5655 0.285462 
2906 0.285462 
5032 0.285462 
4886 0.285462 
5391 0.285462 
5379 0.285462 
5214 0.285462 
4863 0.285462 
5392 0.285462 
5659 0.285462 
5237 0.285462 
3005 0.285462 
4885 0.285462 
1493 0.285462 
5405 0.285462 
2967 0.285462 
5658 0.285462 
5406 0.285462 
5660 0.285462 
5657 0.285462 
4846 0.285462 
5656 0.285462 
5378 0.285462 
5055 0.285462 
5054 0.285462 
3049 0.285462 
3893 0.285462 
5581 0.285462 
5582 0.285462 
4445 0.285462 
2171 0.285462 
2177 0.285462 
1990 0.285462 
2179 0.285462 
2180 0.285462 
4430 0.285462 
3889 0.285462 
3888 0.285462 
3886 0.285462 
5734 0.285462 
1754 0.285462 
2205 0.285462 
5697 0.285462 
5696 0.285462 
3333 0.285462 
907 0.285462 
906 0.285462 
918 0.285462 
3398 0.285462 
919 0.285462 
3395 0.285462 
3352 0.285462 
2139 0.285462 
3885 0.285462 
2140 0.285462 
1720 0.285462 
3323 0.285462 
3322 0.285462 
1723 0.285462 
3318 0.285462 
3315 0.285462 
3783 0.285462 
3853 0.285462 
737 0.285462 
5621 0.285462 
4717 0.285462 
5622 0.285462 
3852 0.285462 
3851 0.285462 
3849 0.285462 
1757 0.285462 
3784 0.285462 
3790 0.285462 
3846 0.285462 
3845 0.285462 
3843 0.285462 
3808 0.285462 
3816 0.285462 
3127 0.285462 
2213 0.285462 
2216 0.285462 
2214 0.285462 
3856 0.285462 
5694 0.285462 
749 0.285462 
5618 0.285462 
5619 0.285462 
4716 0.285462 
5620 0.285462 
5695 0.285462 
5574 0.235761 
2670 0.235761 
5571 0.235761 
5839 0.235761 
2640 0.235761 
1794 0.235761 
5951 0.235761 
5314 0.235761 
2055 0.235761 
5575 0.235761 
5335 0.235761 
5614 0.235761 
5617 0.235761 
5576 0.235761 
1785 0.235761 
5577 0.235761 
5578 0.235761 
5579 0.235761 
5580 0.235761 
5334 0.235761 
5327 0.235761 
5328 0.235761 
1988 0.235761 
5583 0.235761 
1989 0.235761 
5514 0.235761 
5949 0.235761 
5948 0.235761 
5947 0.235761 
5946 0.235761 
2236 0.235761 
5469 0.235761 
1567 0.235761 
5483 0.235761 
1572 0.235761 
5495 0.235761 
2250 0.235761 
1609 0.235761 
2275 0.235761 
2278 0.235761 
5529 0.235761 
5496 0.235761 
5497 0.235761 
5513 0.235761 
5512 0.235761 
5503 0.235761 
5511 0.235761 
5504 0.235761 
5510 0.235761 
5509 0.235761 
5508 0.235761 
5507 0.235761 
5506 0.235761 
5505 0.235761 
5363 0.235761 
5950 0.235761 
5348 0.235761 
5545 0.235761 
5544 0.235761 
5543 0.235761 
5542 0.235761 
1690 0.235761 
5541 0.235761 
5540 0.235761 
5349 0.235761 
5350 0.235761 
5351 0.235761 
5352 0.235761 
5539 0.235761 
5347 0.235761 
5538 0.235761 
5537 0.235761 
5536 0.235761 
5364 0.235761 
5535 0.235761 
5534 0.235761 
5533 0.235761 
5532 0.235761 
2187 0.235761 
5531 0.235761 
2198 0.235761 
2199 0.235761 
5530 0.235761 
3160 0.235761 
4283 0.235761 
854 0.235761 
4264 0.235761 
867 0.235761 
1326 0.235761 
5913 0.235761 
3393 0.235761 
5916 0.235761 
4208 0.235761 
4140 0.235761 
4377 0.235761 
901 0.235761 
914 0.235761 
5919 0.235761 
1156 0.235761 
1155 0.235761 
1154 0.235761 
4111 0.235761 
4997 0.235761 
4998 0.235761 
5878 0.235761 
4624 0.235761 
4621 0.235761 
1292 0.235761 
1291 0.235761 
1289 0.235761 
1365 0.235761 
1288 0.235761 
1325 0.235761 
3077 0.235761 
5877 0.235761 
5011 0.235761 
5879 0.235761 
4455 0.235761 
4453 0.235761 
3275 0.235761 
4452 0.235761 
3278 0.235761 
4443 0.235761 
3312 0.235761 
1249 0.235761 
3768 0.235761 
3730 0.235761 
3731 0.235761 
3733 0.235761 
5181 0.235761 
5918 0.235761 
3765 0.235761 
5182 0.235761 
5194 0.235761 
5195 0.235761 
3766 0.235761 
5012 0.235761 
5208 0.235761 
3769 0.235761 
2704 0.235761 
5221 0.235761 
3842 0.235761 
3803 0.235761 
3805 0.235761 
3806 0.235761 
5917 0.235761 
1079 0.235761 
927 0.235761 
929 0.235761 
5013 0.235761 
5025 0.235761 
5039 0.235761 
932 0.235761 
4073 0.235761 
4071 0.235761 
4070 0.235761 
1117 0.235761 
3725 0.235761 
5145 0.235761 
3726 0.235761 
5159 0.235761 
3728 0.235761 
3729 0.235761 
5167 0.235761 
3157 0.229202 
3198 0.229202 
4780 0.229202 
3822 0.229202 
4630 0.229202 
4617 0.229202 
4573 0.229202 
3368 0.229202 
3369 0.229202 
3405 0.229202 
3431 0.229202 
3539 0.229202 
3654 0.229202 
3859 0.229202 
3825 0.229202 
3821 0.229202 
4806 0.229202 
2681 0.229202 
3014 0.229202 
5045 0.229202 
4876 0.229202 
4890 0.229202 
4807 0.229202 
4903 0.229202 
2744 0.229202 
3048 0.229202 
4597 0.228335 
4228 0.228335 
2527 0.228335 
1200 0.228335 
3083 0.228335 
2072 0.228335 
1174 0.228335 
1172 0.228335 
4935 0.228335 
3537 0.228335 
2526 0.228335 
3082 0.228335 
1209 0.228335 
4615 0.228335 
2110 0.228335 
1211 0.228335 
4237 0.228335 
4241 0.228335 
1675 0.228335 
1382 0.228335 
1665 0.228335 
4300 0.228335 
2586 0.228335 
1796 0.228335 
4766 0.228335 
2629 0.228335 
2628 0.228335 
3084 0.228335 
3134 0.228335 
2563 0.228335 
1626 0.228335 
1628 0.228335 
1625 0.228335 
856 0.213104 
3546 0.213104 
4284 0.213104 
3367 0.213104 
4875 0.213104 
4271 0.213104 
4272 0.213104 
1676 0.213104 
2655 0.213104 
5263 0.213104 
4278 0.213104 
5262 0.213104 
2658 0.213104 
5250 0.213104 
1751 0.213104 
3996 0.213104 
4000 0.213104 
4037 0.213104 
1995 0.213104 
5107 0.213104 
3399 0.213104 
2031 0.213104 
2032 0.213104 
5044 0.213104 
2939 0.213104 
5276 0.213104 
917 0.213104 
4608 0.213104 
1578 0.213104 
4616 0.213104 
774 0.213104 
4777 0.213104 
761 0.213104 
2487 0.213104 
4609 0.213104 
2491 0.213104 
760 0.213104 
4440 0.213104 
4439 0.213104 
1295 0.213104 
4706 0.213104 
2227 0.213104 
2230 0.213104 
748 0.213104 
2217 0.208423 
2256 0.208423 
1713 0.208423 
3496 0.208423 
4457 0.208423 
2710 0.208423 
2790 0.169570 
3544 0.169570 
5165 0.169570 
2817 0.169570 
3722 0.169570 
2820 0.169570 
3727 0.169570 
4996 0.169570 
3724 0.169570 
4856 0.169570 
3723 0.169570 
2320 0.169570 
3700 0.169570 
935 0.169570 
3698 0.169570 
4038 0.169570 
3087 0.169570 
3474 0.169570 
2291 0.169570 
2360 0.169570 
4829 0.169570 
4828 0.169570 
1386 0.169570 
3023 0.169570 
3026 0.169570 
1803 0.169570 
4483 0.169570 
3271 0.169570 
3270 0.169570 
4576 0.169570 
3244 0.169570 
1840 0.169570 
3480 0.169570 
1866 0.169570 
3242 0.169570 
2788 0.169570 
4916 0.169570 
5119 0.164520 
2044 0.164520 
2860 0.164520 
4781 0.164520 
1983 0.164520 
2287 0.164520 
3686 0.164520 
3163 0.164520 
3164 0.164520 
2776 0.164520 
3197 0.164520 
3094 0.164520 
4808 0.164520 
2639 0.164520 
5120 0.164520 
5146 0.164520 
4821 0.164520 
2081 0.164520 
2082 0.164520 
5499 0.164520 
2537 0.164520 
5961 0.164520 
4601 0.164520 
5498 0.164520 
3396 0.164520 
2118 0.164520 
4950 0.164520 
5489 0.164520 
4857 0.164520 
4396 0.164520 
5476 0.164520 
4383 0.164520 
2500 0.164520 
4382 0.164520 
4369 0.164520 
5501 0.164520 
4036 0.164520 
3201 0.164520 
3587 0.164520 
2007 0.164520 
3583 0.164520 
3581 0.164520 
5502 0.164520 
4074 0.164520 
4035 0.164520 
2041 0.164520 
3580 0.164520 
2045 0.164520 
5500 0.164520 
4965 0.164520 
4964 0.164520 
4952 0.164520 
3230 0.164520 
5960 0.164520 
5931 0.164520 
5928 0.164520 
5894 0.164520 
5954 0.164520 
5897 0.164520 
5935 0.164520 
1627 0.164520 
5932 0.164520 
5958 0.164520 
5959 0.164520 
5898 0.164520 
5953 0.164520 
5934 0.164520 
5957 0.164520 
5922 0.164520 
5956 0.164520 
5925 0.164520 
5933 0.164520 
5955 0.164520 
5952 0.164520 
2301 0.163416 
1826 0.163416 
1827 0.163416 
1352 0.163416 
1829 0.163416 
1391 0.163416 
865 0.163416 
4304 0.163416 
4305 0.163416 
1768 0.163416 
1841 0.163416 
2304 0.163416 
1844 0.163416 
1847 0.163416 
1848 0.163416 
1357 0.163416 
1701 0.163416 
1106 0.163416 
4292 0.163416 
4319 0.163416 
1603 0.163416 
2937 0.163416 
2042 0.163416 
898 0.163416 
1420 0.163416 
2283 0.163416 
4297 0.163416 
4298 0.163416 
1183 0.163416 
1787 0.163416 
1807 0.163416 
1698 0.163416 
1811 0.163416 
1394 0.163416 
1279 0.163416 
5481 0.138306 
2644 0.138306 
2643 0.138306 
1510 0.138306 
1511 0.138306 
2665 0.138306 
1966 0.138306 
1972 0.138306 
909 0.138306 
1970 0.138306 
1967 0.138306 
985 0.138306 
858 0.138306 
3911 0.138306 
5792 0.138306 
832 0.138306 
4384 0.138306 
5793 0.138306 
1017 0.138306 
5870 0.138306 
5869 0.138306 
2080 0.138306 
5062 0.138306 
5830 0.138306 
5075 0.138306 
859 0.138306 
1749 0.138306 
861 0.138306 
860 0.138306 
4604 0.138306 
4266 0.138306 
5868 0.138306 
1703 0.138306 
900 0.138306 
821 0.138306 
5908 0.138306 
5218 0.138306 
4279 0.138306 
5866 0.138306 
1546 0.138306 
5865 0.138306 
1734 0.138306 
5906 0.138306 
1548 0.138306 
1550 0.138306 
846 0.138306 
1551 0.138306 
1553 0.138306 
1733 0.138306 
1554 0.138306 
1555 0.138306 
5833 0.138306 
5465 0.138306 
1729 0.138306 
5230 0.138306 
5231 0.138306 
5453 0.138306 
5452 0.138306 
4397 0.138306 
5244 0.138306 
847 0.138306 
2043 0.138306 
4290 0.138306 
848 0.138306 
2046 0.138306 
5439 0.138306 
5438 0.138306 
1589 0.138306 
983 0.138306 
1592 0.138306 
1517 0.138306 
1518 0.138306 
5867 0.138306 
981 0.138306 
1591 0.138306 
1590 0.138306 
5425 0.138306 
2606 0.138306 
2601 0.138306 
1055 0.138306 
2600 0.138306 
5426 0.138306 
1515 0.138306 
5831 0.138306 
5832 0.138306 
5480 0.138306 
5479 0.138306 
1587 0.138306 
2003 0.138306 
2004 0.138306 
5467 0.138306 
2006 0.138306 
1584 0.138306 
2567 0.138306 
2009 0.138306 
2566 0.138306 
5466 0.138306 
5754 0.138306 
5752 0.138306 
5753 0.138306 
1210 0.138306 
873 0.138306 
2117 0.138306 
4342 0.138306 
1137 0.138306 
1136 0.138306 
1135 0.138306 
1134 0.138306 
1133 0.138306 
1132 0.138306 
5678 0.138306 
4343 0.138306 
679 0.138306 
5677 0.138306 
5755 0.138306 
1131 0.138306 
1247 0.138306 
678 0.138306 
677 0.138306 
1130 0.138306 
5911 0.138306 
731 0.138306 
4175 0.138306 
4423 0.138306 
2083 0.138306 
1664 0.138306 
5829 0.138306 
4215 0.138306 
2150 0.138306 
5399 0.138306 
1168 0.138306 
1170 0.138306 
1171 0.138306 
1173 0.138306 
2157 0.138306 
4202 0.138306 
5716 0.138306 
886 0.138306 
1666 0.138306 
807 0.138306 
887 0.138306 
4189 0.138306 
5912 0.138306 
874 0.138306 
4357 0.138306 
2120 0.138306 
705 0.138306 
692 0.138306 
4358 0.138306 
1204 0.138306 
691 0.138306 
1207 0.138306 
5751 0.138306 
4371 0.138306 
1695 0.138306 
666 0.138306 
4251 0.138306 
4253 0.138306 
1696 0.138306 
4410 0.138306 
3052 0.138306 
1063 0.138306 
1060 0.138306 
1059 0.138306 
806 0.138306 
1697 0.138306 
1058 0.138306 
637 0.138306 
1056 0.138306 
2261 0.138306 
1054 0.138306 
805 0.138306 
1052 0.138306 
835 0.138306 
5788 0.138306 
5412 0.138306 
5789 0.138306 
897 0.138306 
1020 0.138306 
5790 0.138306 
5791 0.138306 
1629 0.138306 
665 0.138306 
663 0.138306 
5715 0.138306 
653 0.138306 
5873 0.138306 
5872 0.138306 
5828 0.138306 
5871 0.138306 
1312 0.138306 
1313 0.138306 
5827 0.138306 
5905 0.138306 
4370 0.138306 
744 0.138306 
1100 0.138306 
1098 0.138306 
1097 0.138306 
5714 0.138306 
5909 0.138306 
1096 0.138306 
1095 0.138306 
1094 0.138306 
1093 0.138306 
1092 0.138306 
1091 0.138306 
1090 0.138306 
3514 0.129419 
5253 0.129419 
2121 0.129419 
4551 0.129419 
3481 0.129419 
4914 0.129419 
3937 0.129419 
3484 0.129419 
3932 0.129419 
3931 0.129419 
3483 0.129419 
3482 0.129419 
4915 0.129419 
3935 0.129419 
5084 0.129419 
4929 0.129419 
3878 0.129419 
3100 0.129419 
3462 0.129419 
3028 0.129419 
2989 0.129419 
4902 0.129419 
3517 0.129419 
3516 0.129419 
1994 0.129419 
4579 0.129419 
5240 0.129419 
2575 0.129419 
4746 0.129419 
2572 0.129419 
4564 0.129419 
4235 0.128993 
2107 0.128993 
4678 0.128993 
4679 0.128993 
4698 0.128993 
4236 0.128993 
3290 0.128993 
3432 0.128993 
2104 0.128993 
3287 0.128993 
4729 0.128993 
2855 0.128993 
4898 0.128993 
5067 0.128993 
2040 0.128993 
2512 0.128993 
2534 0.128993 
2439 0.128993 
4395 0.128993 
2075 0.128993 
3477 0.128993 
2984 0.128993 
2830 0.128993 
4673 0.128993 
2926 0.128993 
2871 0.128993 
3848 0.128993 
2152 0.125776 
4772 0.125776 
4760 0.125776 
2172 0.125776 
4436 0.125776 
2151 0.125776 
2646 0.125776 
3518 0.125776 
2155 0.125776 
2191 0.125776 
2194 0.125776 
4774 0.125776 
3560 0.125776 
3555 0.125776 
4605 0.125776 
3977 0.125776 
3975 0.125776 
2607 0.125776 
2608 0.125776 
2611 0.125776 
4591 0.125776 
2649 0.125776 
2650 0.125776 
5110 0.125776 
2686 0.125776 
5099 0.125776 
5097 0.125776 
4759 0.125776 
4618 0.125776 
2232 0.125776 
2231 0.125776 
3061 0.125776 
2228 0.125776 
3062 0.125776 
3063 0.125776 
3101 0.125776 
3104 0.125776 
4449 0.125776 
2195 0.125776 
1777 0.125776 
4409 0.125776 
1740 0.125776 
2115 0.125776 
2114 0.125776 
4422 0.125776 
4350 0.105374 
657 0.105374 
2976 0.105374 
4181 0.105374 
3231 0.105374 
1109 0.105374 
1110 0.105374 
3460 0.105374 
4990 0.105374 
826 0.105374 
1112 0.105374 
1113 0.105374 
1569 0.105374 
5077 0.105374 
4141 0.105374 
3685 0.105374 
4908 0.105374 
1149 0.105374 
1945 0.105374 
1153 0.105374 
2821 0.105374 
1150 0.105374 
2818 0.105374 
1616 0.105374 
1152 0.105374 
1617 0.105374 
4625 0.105374 
4688 0.105374 
3656 0.105374 
3162 0.105374 
4519 0.105374 
2033 0.105374 
2368 0.105374 
4210 0.105374 
2900 0.105374 
1073 0.105374 
853 0.105374 
1072 0.105374 
1492 0.105374 
1908 0.105374 
1953 0.105374 
1911 0.105374 
2405 0.105374 
3013 0.105374 
4351 0.105374 
3618 0.105374 
3619 0.105374 
4977 0.105374 
3574 0.073623 
4948 0.073623 
5117 0.073623 
4961 0.073623 
4068 0.073623 
2667 0.073623 
4067 0.073623 
1576 0.058452 
4508 0.058452 
4535 0.058452 
1577 0.058452 
1086 0.058452 
2446 0.058452 
1537 0.058452 
1503 0.058452 
1536 0.058452 
2452 0.058452 
2450 0.058452 
2447 0.058452 
1580 0.058452 
1996 0.058452 
1502 0.058452 
1499 0.058452 
2409 0.058452 
2413 0.058452 
2412 0.058452 
1540 0.058452 
2486 0.058452 
2489 0.058452 
2490 0.058452 
4197 0.058452 
4170 0.058452 
1542 0.058452 
1487 0.057602 
4979 0.057602 
4978 0.057602 
1034 0.057602 
1484 0.057602 
3662 0.057602 
3661 0.057602 
1486 0.057602 
2327 0.057602 
4980 0.057602 
2329 0.057602 
1488 0.057602 
1489 0.057602 
1490 0.057602 
1491 0.057602 
1672 0.057602 
3659 0.057602 
1906 0.057602 
969 0.057602 
4981 0.057602 
4191 0.057602 
1524 0.057602 
3687 0.057602 
1880 0.057602 
1525 0.057602 
4230 0.057602 
4321 0.057602 
1976 0.057602 
1037 0.057602 
1071 0.057602 
991 0.057602 
992 0.057602 
4656 0.057602 
2516 0.057602 
968 0.057602 
4081 0.057602 
1900 0.057602 
1979 0.057602 
630 0.057602 
1981 0.057602 
3655 0.057602 
824 0.057602 
4075 0.057602 
4110 0.057602 
4112 0.057602 
4072 0.057602 
4113 0.057602 
2064 0.057602 
4115 0.057602 
967 0.057602 
1937 0.057602 
825 0.057602 
4118 0.057602 
1032 0.057602 
1562 0.057602 
3628 0.057602 
4333 0.057602 
4334 0.057602 
3622 0.057602 
3621 0.057602 
3658 0.057602 
2023 0.057602 
812 0.057602 
811 0.057602 
4968 0.057602 
1446 0.057602 
1451 0.057602 
1527 0.057602 
1450 0.057602 
4152 0.057602 
4153 0.057602 
1074 0.057602 
3689 0.057602 
2477 0.057602 
1445 0.057602 
3208 0.057602 
1877 0.057602 
1423 0.057602 
1449 0.057602 
1424 0.057602 
3205 0.057602 
994 0.057602 
4166 0.057602 
4165 0.057602 
2781 0.057602 
4164 0.057602 
4655 0.057602 
1943 0.057602 
3202 0.057602 
2783 0.057602 
997 0.057602 
1634 0.057602 
970 0.057602 
642 0.057602 
1944 0.057602 
643 0.057602 
4145 0.057602 
2022 0.057602 
1942 0.057602 
2929 0.057602 
3666 0.057602 
1878 0.057602 
3235 0.057602 
4991 0.057602 
2020 0.057602 
4992 0.057602 
1939 0.057602 
2745 0.057602 
2973 0.057602 
2972 0.057602 
2930 0.057602 
2748 0.057602 
1940 0.057602 
993 0.057602 
3233 0.057602 
2932 0.057602 
797 0.057602 
2019 0.057602 
2755 0.057602 
1422 0.057602 
4179 0.057602 
4143 0.057602 
1452 0.057602 
3573 0.057602 
4178 0.057602 
3642 0.020343 
1519 0.020343 
1556 0.020343 
4019 0.020343 
5155 0.020343 
4959 0.020343 
4062 0.020343 
2052 0.020343 
3146 0.020343 
5297 0.020343 
4021 0.020343 
5247 0.020343 
3188 0.020343 
4018 0.020343 
4059 0.020343 
4056 0.020343 
3109 0.020343 
1558 0.020343 
4909 0.020343 
3185 0.020343 
1102 0.020343 
5078 0.020343 
4203 0.020343 
4791 0.020343 
4190 0.020343 
3018 0.020343 
2909 0.020343 
1947 0.020343 
1179 0.020343 
3463 0.020343 
876 0.020343 
1218 0.020343 
4349 0.020343 
3602 0.020343 
3605 0.020343 
1633 0.020343 
1635 0.020343 
707 0.020343 
706 0.020343 
4790 0.020343 
4217 0.020343 
4095 0.020343 
4098 0.020343 
2089 0.020343 
4099 0.020343 
1142 0.020343 
5128 0.020343 
694 0.020343 
1595 0.020343 
1596 0.020343 
2951 -0.005981 
3407 -0.005981 
4735 -0.005981 
2460 -0.005981 
2255 -0.005981 
2953 -0.005981 
2950 -0.005981 
5058 -0.005981 
4709 -0.005981 
3572 -0.005981 
4708 -0.005981 
5059 -0.005981 
2465 -0.005981 
5060 -0.005981 
3412 -0.005981 
3903 -0.005981 
4917 -0.005981 
5047 -0.005981 
3504 -0.005981 
2879 -0.005981 
5229 -0.005981 
2882 -0.005981 
3501 -0.005981 
5398 -0.005981 
5216 -0.005981 
3485 -0.005981 
5242 -0.005981 
2539 -0.005981 
2502 -0.005981 
3861 -0.005981 
3826 -0.005981 
5385 -0.005981 
5255 -0.005981 
3863 -0.005981 
3866 -0.005981 
4927 -0.005981 
3829 -0.005981 
2914 -0.005981 
4027 -0.005981 
3449 -0.005981 
3447 -0.005981 
2919 -0.005981 
3445 -0.005981 
4722 -0.005981 
4696 -0.005981 
3370 -0.005981 
2428 -0.005981 
3606 -0.005981 
4589 -0.005981 
2990 -0.005981 
2991 -0.005981 
2993 -0.005981 
3941 -0.005981 
4682 -0.005981 
2956 -0.005981 
3338 -0.005981 
1838 -0.005981 
4066 -0.005981 
3031 -0.005981 
4973 -0.005981 
4974 -0.005981 
5073 -0.005981 
3375 -0.005981 
3060 -0.005981 
4721 -0.005981 
4758 -0.005981 
3039 -0.013141 
3682 -0.013141 
1070 -0.013141 
3151 -0.013141 
1035 -0.013141 
4648 -0.013141 
5142 -0.013141 
3158 -0.013141 
1069 -0.013141 
3074 -0.013141 
5143 -0.013141 
3075 -0.013141 
3154 -0.013141 
4649 -0.013141 
3156 -0.013141 
1033 -0.013141 
2662 -0.013141 
2660 -0.013141 
2630 -0.013141 
5129 -0.013141 
4650 -0.013141 
3152 -0.013141 
3155 -0.013141 
5130 -0.013141 
5131 -0.013141 
2764 -0.013141 
2774 -0.013141 
2772 -0.013141 
2771 -0.013141 
2770 -0.013141 
2769 -0.013141 
3111 -0.013141 
2768 -0.013141 
3114 -0.013141 
1530 -0.013141 
1529 -0.013141 
2767 -0.013141 
3118 -0.013141 
2938 -0.013141 
5158 -0.013141 
1036 -0.013141 
2741 -0.013141 
5157 -0.013141 
2738 -0.013141 
2737 -0.013141 
5566 -0.013141 
4938 -0.013141 
2734 -0.013141 
5091 -0.013141 
2726 -0.013141 
5567 -0.013141 
5568 -0.013141 
2700 -0.013141 
5144 -0.013141 
2699 -0.013141 
2288 -0.013141 
3611 -0.013141 
3610 -0.013141 
4479 -0.013141 
3609 -0.013141 
3608 -0.013141 
682 -0.013141 
4065 -0.013141 
683 -0.013141 
4061 -0.013141 
3607 -0.013141 
1864 -0.013141 
3228 -0.013141 
4361 -0.013141 
3226 -0.013141 
2285 -0.013141 
4136 -0.013141 
4138 -0.013141 
3218 -0.013141 
3584 -0.013141 
2247 -0.013141 
4820 -0.013141 
2245 -0.013141 
3195 -0.013141 
3194 -0.013141 
2244 -0.013141 
4362 -0.013141 
4750 -0.013141 
4753 -0.013141 
5603 -0.013141 
5604 -0.013141 
3636 -0.013141 
4482 -0.013141 
4481 -0.013141 
4105 -0.013141 
839 -0.013141 
1858 -0.013141 
5325 -0.013141 
5326 -0.013141 
2279 -0.013141 
4480 -0.013141 
670 -0.013141 
3648 -0.013141 
2318 -0.013141 
1860 -0.013141 
2317 -0.013141 
1862 -0.013141 
3651 -0.013141 
2316 -0.013141 
2314 -0.013141 
3614 -0.013141 
2312 -0.013141 
3180 -0.013141 
4818 -0.013141 
4817 -0.013141 
4815 -0.013141 
3674 -0.013141 
3189 -0.013141 
4805 -0.013141 
4804 -0.013141 
4803 -0.013141 
4801 -0.013141 
3182 -0.013141 
3183 -0.013141 
4922 -0.013141 
3680 -0.013141 
4180 -0.013141 
4792 -0.013141 
3684 -0.013141 
4193 -0.013141 
4778 -0.013141 
3500 -0.013141 
4779 -0.013141 
3193 -0.013141 
4819 -0.013141 
2241 -0.013141 
3191 -0.013141 
3192 -0.013141 
2326 -0.017585 
5626 -0.017585 
5068 -0.017585 
2324 -0.017585 
5584 -0.017585 
2184 -0.017585 
2322 -0.017585 
3017 -0.017585 
1843 -0.017585 
5623 -0.017585 
5017 -0.017585 
3780 -0.017585 
1384 -0.017585 
5016 -0.017585 
3387 -0.017585 
3434 -0.017585 
2328 -0.017585 
782 -0.017585 
3467 -0.017585 
3468 -0.017585 
3469 -0.017585 
1687 -0.017585 
783 -0.017585 
4224 -0.017585 
4484 -0.017585 
4485 -0.017585 
2678 -0.017585 
2677 -0.017585 
4486 -0.017585 
1416 -0.017585 
5585 -0.017585 
2137 -0.017585 
3890 -0.017585 
2300 -0.017585 
1414 -0.017585 
2297 -0.017585 
2294 -0.017585 
5340 -0.017585 
1769 -0.017585 
1806 -0.017585 
4263 -0.017585 
2073 -0.017585 
780 -0.017585 
5341 -0.017585 
1412 -0.017585 
4471 -0.017585 
4472 -0.017585 
3366 -0.017585 
2944 -0.017585 
5080 -0.017585 
2262 -0.017585 
2523 -0.017585 
3433 -0.017585 
1387 -0.017585 
2257 -0.017585 
5353 -0.017585 
1805 -0.017585 
2259 -0.017585 
2260 -0.017585 
3435 -0.017585 
2219 -0.017585 
779 -0.017585 
2220 -0.017585 
5367 -0.017585 
2222 -0.017585 
2223 -0.017585 
5366 -0.017585 
781 -0.017585 
950 -0.017585 
1353 -0.017585 
4574 -0.017585 
5187 -0.017585 
5549 -0.017585 
1874 -0.017585 
5548 -0.017585 
5186 -0.017585 
4742 -0.017585 
4913 -0.017585 
4730 -0.017585 
4912 -0.017585 
5547 -0.017585 
5546 -0.017585 
5185 -0.017585 
5518 -0.017585 
5586 -0.017585 
936 -0.017585 
949 -0.017585 
948 -0.017585 
1872 -0.017585 
3745 -0.017585 
1870 -0.017585 
3740 -0.017585 
4899 -0.017585 
2599 -0.017585 
5172 -0.017585 
1868 -0.017585 
5515 -0.017585 
5516 -0.017585 
5517 -0.017585 
923 -0.017585 
5587 -0.017585 
2524 -0.017585 
2521 -0.017585 
5588 -0.017585 
2520 -0.017585 
4487 -0.017585 
963 -0.017585 
962 -0.017585 
961 -0.017585 
4925 -0.017585 
795 -0.017585 
794 -0.017585 
4561 -0.017585 
1347 -0.017585 
2557 -0.017585 
2558 -0.017585 
951 -0.017585 
793 -0.017585 
4303 -0.017585 
1351 -0.017585 
4743 -0.017585 
1350 -0.017585 
3354 -0.020635 
3809 -0.020635 
3773 -0.020635 
3813 -0.020635 
3850 -0.020635 
3847 -0.020635 
2899 -0.020635 
3807 -0.020635 
5053 -0.020635 
3430 -0.020635 
3392 -0.020635 
3313 -0.020635 
3353 -0.020635 
4884 -0.020635 
3316 -0.020635 
3770 -0.020635 
4428 -0.033668 
2895 -0.033668 
2896 -0.033668 
4858 -0.033668 
2479 -0.033668 
4923 -0.033668 
4936 -0.033668 
3997 -0.033668 
2908 -0.033668 
3918 -0.033668 
2026 -0.033668 
2627 -0.033668 
2025 -0.033668 
3542 -0.033668 
3548 -0.033668 
2863 -0.033668 
3502 -0.033668 
1985 -0.033668 
1986 -0.033668 
3961 -0.033668 
3022 -0.035694 
4930 -0.035694 
3444 -0.035694 
1331 -0.035694 
3443 -0.035694 
1121 -0.035694 
3021 -0.035694 
1044 -0.035694 
3442 -0.035694 
3441 -0.035694 
1371 -0.035694 
1924 -0.035694 
3438 -0.035694 
3025 -0.035694 
1375 -0.035694 
1122 -0.035694 
3024 -0.035694 
1259 -0.035694 
843 -0.035694 
595 -0.035694 
1435 -0.035694 
592 -0.035694 
3519 -0.035694 
1125 -0.035694 
593 -0.035694 
1124 -0.035694 
1433 -0.035694 
1337 -0.035694 
1373 -0.035694 
3522 -0.035694 
594 -0.035694 
3046 -0.035694 
622 -0.035694 
1338 -0.035694 
3479 -0.035694 
3478 -0.035694 
1335 -0.035694 
1334 -0.035694 
1332 -0.035694 
1262 -0.035694 
4745 -0.035694 
1374 -0.035694 
762 -0.035694 
3255 -0.035694 
1084 -0.035694 
620 -0.035694 
3257 -0.035694 
4901 -0.035694 
1828 -0.035694 
1890 -0.035694 
1891 -0.035694 
1831 -0.035694 
619 -0.035694 
1892 -0.035694 
1893 -0.035694 
4668 -0.035694 
606 -0.035694 
687 -0.035694 
607 -0.035694 
621 -0.035694 
4341 -0.035694 
608 -0.035694 
4329 -0.035694 
661 -0.035694 
1895 -0.035694 
750 -0.035694 
4328 -0.035694 
1294 -0.035694 
609 -0.035694 
686 -0.035694 
1296 -0.035694 
1298 -0.035694 
3356 -0.035694 
1297 -0.035694 
1088 -0.035694 
700 -0.035694 
674 -0.035694 
1369 -0.035694 
2987 -0.035694 
1887 -0.035694 
4326 -0.035694 
1921 -0.035694 
4665 -0.035694 
2943 -0.035694 
1889 -0.035694 
2945 -0.035694 
4666 -0.035694 
2947 -0.035694 
1376 -0.035694 
4330 -0.035694 
2949 -0.035694 
4327 -0.035694 
1368 -0.035694 
1087 -0.035694 
1377 -0.035694 
1085 -0.035694 
3068 -0.035694 
4344 -0.035694 
4732 -0.035694 
4366 -0.035694 
4667 -0.035694 
3261 -0.035694 
3259 -0.035694 
1047 -0.035694 
2799 -0.035694 
5070 -0.035694 
5069 -0.035694 
374 -0.035694 
3899 -0.035694 
4247 -0.035694 
3896 -0.035694 
776 -0.035694 
410 -0.035694 
337 -0.035694 
335 -0.035694 
775 -0.035694 
334 -0.035694 
2351 -0.035694 
332 -0.035694 
2098 -0.035694 
331 -0.035694 
4239 -0.035694 
2801 -0.035694 
3972 -0.035694 
2116 -0.035694 
2803 -0.035694 
945 -0.035694 
2805 -0.035694 
4231 -0.035694 
3940 -0.035694 
1010 -0.035694 
763 -0.035694 
3973 -0.035694 
2420 -0.035694 
370 -0.035694 
369 -0.035694 
2379 -0.035694 
5086 -0.035694 
368 -0.035694 
2382 -0.035694 
371 -0.035694 
2389 -0.035694 
4402 -0.035694 
5083 -0.035694 
372 -0.035694 
1470 -0.035694 
4497 -0.035694 
299 -0.035694 
407 -0.035694 
408 -0.035694 
373 -0.035694 
1467 -0.035694 
409 -0.035694 
341 -0.035694 
340 -0.035694 
339 -0.035694 
2092 -0.035694 
338 -0.035694 
5071 -0.035694 
4496 -0.035694 
944 -0.035694 
1963 -0.035694 
4550 -0.035694 
3938 -0.035694 
377 -0.035694 
1441 -0.035694 
582 -0.035694 
448 -0.035694 
378 -0.035694 
3933 -0.035694 
1964 -0.035694 
441 -0.035694 
379 -0.035694 
2346 -0.035694 
442 -0.035694 
581 -0.035694 
2138 -0.035694 
443 -0.035694 
2345 -0.035694 
447 -0.035694 
1541 -0.035694 
444 -0.035694 
1930 -0.035694 
2344 -0.035694 
445 -0.035694 
1437 -0.035694 
446 -0.035694 
1439 -0.035694 
417 -0.035694 
411 -0.035694 
2349 -0.035694 
3978 -0.035694 
375 -0.035694 
412 -0.035694 
376 -0.035694 
413 -0.035694 
414 -0.035694 
415 -0.035694 
5098 -0.035694 
416 -0.035694 
2834 -0.035694 
4548 -0.035694 
300 -0.035694 
579 -0.035694 
2840 -0.035694 
3939 -0.035694 
580 -0.035694 
788 -0.035694 
301 -0.035694 
2347 -0.035694 
418 -0.035694 
3934 -0.035694 
3936 -0.045364 
3065 -0.045364 
1120 -0.045364 
3762 -0.045364 
5558 -0.045364 
3064 -0.045364 
4874 -0.045364 
1973 -0.045364 
5600 -0.045364 
5550 -0.045364 
1969 -0.045364 
5551 -0.045364 
5599 -0.045364 
5598 -0.045364 
4868 -0.045364 
4686 -0.045364 
5552 -0.045364 
5589 -0.045364 
4014 -0.045364 
5592 -0.045364 
2464 -0.045364 
4540 -0.045364 
3122 -0.045364 
1575 -0.045364 
1570 -0.045364 
5591 -0.045364 
1568 -0.045364 
5199 -0.045364 
5590 -0.045364 
4527 -0.045364 
2008 -0.045364 
2010 -0.045364 
3139 -0.045364 
5709 -0.045364 
5219 -0.045364 
5206 -0.045364 
2030 -0.045364 
5212 -0.045364 
1552 -0.045364 
2427 -0.045364 
3760 -0.045364 
4513 -0.045364 
3265 -0.045364 
3078 -0.045364 
2402 -0.045364 
855 -0.045364 
2417 -0.045364 
3086 -0.045364 
2424 -0.045364 
2425 -0.045364 
5597 -0.045364 
5596 -0.045364 
3971 -0.045364 
4699 -0.045364 
5595 -0.045364 
5594 -0.045364 
5593 -0.045364 
4051 -0.045364 
5672 -0.045364 
4705 -0.045364 
5369 -0.045364 
5629 -0.045364 
5384 -0.045364 
5015 -0.045364 
2920 -0.045364 
3558 -0.045364 
1157 -0.045364 
3819 -0.045364 
4176 -0.045364 
5371 -0.045364 
5370 -0.045364 
3837 -0.045364 
5368 -0.045364 
5357 -0.045364 
3777 -0.045364 
5355 -0.045364 
1614 -0.045364 
3802 -0.045364 
1613 -0.045364 
5354 -0.045364 
4163 -0.045364 
3797 -0.045364 
3521 -0.045364 
5639 -0.045364 
5638 -0.045364 
5637 -0.045364 
5037 -0.045364 
5636 -0.045364 
5635 -0.045364 
1026 -0.045364 
1931 -0.045364 
5043 -0.045364 
2883 -0.045364 
5356 -0.045364 
5632 -0.045364 
2887 -0.045364 
1934 -0.045364 
4209 -0.045364 
2850 -0.045364 
1442 -0.045364 
3840 -0.045364 
3839 -0.045364 
3857 -0.045364 
4640 -0.045364 
5675 -0.045364 
1477 -0.045364 
1478 -0.045364 
5559 -0.045364 
1480 -0.045364 
3343 -0.045364 
3342 -0.045364 
3781 -0.045364 
3613 -0.045364 
2712 -0.045364 
5676 -0.045364 
3779 -0.045364 
4162 -0.045364 
5674 -0.045364 
4855 -0.045364 
5712 -0.045364 
5557 -0.045364 
4861 -0.045364 
5673 -0.045364 
5556 -0.045364 
5555 -0.045364 
5554 -0.045364 
3304 -0.045364 
5553 -0.045364 
5411 -0.045364 
3364 -0.045364 
988 -0.045364 
2298 -0.045364 
5560 -0.045364 
3595 -0.045364 
3346 -0.045364 
3796 -0.045364 
5713 -0.045364 
2146 -0.051823 
4433 -0.051823 
2136 -0.051823 
1611 -0.051823 
910 -0.051823 
2149 -0.051823 
2148 -0.051823 
3355 -0.051823 
2145 -0.051823 
4522 -0.051823 
4786 -0.051823 
4521 -0.051823 
2411 -0.051823 
4831 -0.051823 
1732 -0.051823 
1610 -0.051823 
3248 -0.051823 
4520 -0.051823 
2372 -0.051823 
2370 -0.051823 
2189 -0.051823 
2204 -0.051823 
2186 -0.051823 
4182 -0.051823 
2369 -0.051823 
2183 -0.051823 
2182 -0.051823 
4183 -0.051823 
4184 -0.051823 
4448 -0.051823 
2866 -0.051823 
4773 -0.051823 
2070 -0.051823 
4352 -0.051823 
2225 -0.051823 
4353 -0.051823 
4223 -0.051823 
2226 -0.051823 
4493 -0.051823 
1571 -0.051823 
3280 -0.051823 
4871 -0.051823 
1918 -0.051823 
2642 -0.051823 
1919 -0.051823 
3059 -0.051823 
3058 -0.051823 
1462 -0.051823 
1459 -0.051823 
2793 -0.051823 
2794 -0.051823 
3091 -0.051823 
3092 -0.051823 
3093 -0.051823 
4600 -0.051823 
4662 -0.051823 
5040 -0.051823 
1917 -0.051823 
3133 -0.051823 
2556 -0.051823 
1884 -0.051823 
1914 -0.051823 
3098 -0.051823 
2825 -0.051823 
3099 -0.051823 
3136 -0.051823 
3135 -0.051823 
1956 -0.051823 
5209 -0.051823 
3132 -0.051823 
4346 -0.054984 
1977 -0.054984 
1978 -0.054984 
1521 -0.054984 
1105 -0.054984 
2763 -0.054984 
4767 -0.054984 
1522 -0.054984 
1364 -0.054984 
4309 -0.054984 
4177 -0.054984 
1401 -0.054984 
1361 -0.054984 
1941 -0.054984 
4632 -0.054984 
1823 -0.054984 
2311 -0.054984 
2309 -0.054984 
1482 -0.054984 
2725 -0.054984 
2727 -0.054984 
2728 -0.054984 
990 -0.054984 
1485 -0.054984 
1399 -0.054984 
2280 -0.054984 
2277 -0.054984 
2274 -0.054984 
2271 -0.054984 
1815 -0.054984 
1853 -0.054984 
1821 -0.054984 
1855 -0.054984 
1065 -0.054984 
1067 -0.054984 
1820 -0.054984 
1068 -0.054984 
4646 -0.054984 
1819 -0.054984 
1818 -0.054984 
3388 -0.054984 
1817 -0.054984 
1030 -0.054984 
4192 -0.054984 
1028 -0.054984 
810 -0.054984 
4294 -0.054984 
3120 -0.054984 
4295 -0.054984 
1031 -0.054984 
4307 -0.054984 
1559 -0.054984 
2015 -0.054984 
1103 -0.054984 
1104 -0.054984 
3219 -0.054984 
1029 -0.054984 
4308 -0.054984 
3461 -0.054984 
3181 -0.054984 
4034 -0.080768 
4033 -0.080768 
5315 -0.080768 
5132 -0.080768 
5289 -0.080768 
5302 -0.080768 
2980 -0.080768 
4963 -0.080768 
3617 -0.080768 
4794 -0.080768 
5301 -0.080768 
3994 -0.083768 
4030 -0.083768 
1927 -0.083768 
5105 -0.083768 
3582 -0.083768 
3362 -0.083768 
2378 -0.083768 
3473 -0.083768 
2903 -0.083768 
4534 -0.083768 
4599 -0.083768 
4354 -0.083768 
3993 -0.083768 
4031 -0.083768 
1926 -0.083768 
3054 -0.083768 
3043 -0.083768 
4355 -0.083768 
1965 -0.083768 
3579 -0.083768 
4524 -0.083768 
4523 -0.083768 
2056 -0.083768 
2595 -0.083768 
4525 -0.083768 
3088 -0.083768 
2594 -0.083768 
1923 -0.083768 
3612 -0.083768 
4587 -0.083768 
4976 -0.083768 
2448 -0.083768 
4185 -0.083768 
4186 -0.083768 
1471 -0.083768 
1928 -0.083768 
3540 -0.083768 
2634 -0.083768 
4975 -0.083768 
3578 -0.083768 
1468 -0.083768 
2635 -0.083768 
1839 -0.096498 
4315 -0.096498 
2867 -0.096498 
5339 -0.096498 
1833 -0.096498 
4313 -0.096498 
1836 -0.096498 
2292 -0.096498 
5030 -0.096498 
4314 -0.096498 
5338 -0.096498 
2868 -0.096498 
2870 -0.096498 
5001 -0.096498 
1799 -0.096498 
4653 -0.096498 
1798 -0.096498 
4663 -0.096498 
4664 -0.096498 
2828 -0.096498 
2798 -0.096498 
2797 -0.096498 
2795 -0.096498 
4652 -0.096498 
2777 -0.096498 
2775 -0.096498 
2773 -0.096498 
2831 -0.096498 
1413 -0.096498 
4470 -0.096498 
1411 -0.096498 
1409 -0.096498 
1920 -0.096498 
2749 -0.096498 
4651 -0.096498 
2746 -0.096498 
1795 -0.096498 
2254 -0.096498 
4638 -0.096498 
4639 -0.096498 
2743 -0.096498 
5029 -0.096498 
4833 -0.096498 
4677 -0.096498 
2668 -0.096498 
5170 -0.096498 
2342 -0.096498 
1863 -0.096498 
2323 -0.096498 
3165 -0.096498 
1867 -0.096498 
2706 -0.096498 
2705 -0.096498 
3324 -0.096498 
2669 -0.096498 
1888 -0.096498 
2702 -0.096498 
3705 -0.096498 
3708 -0.096498 
2341 -0.096498 
1865 -0.096498 
3738 -0.096498 
2709 -0.096498 
3253 -0.096498 
2708 -0.096498 
4301 -0.096498 
3252 -0.096498 
2319 -0.096498 
2321 -0.096498 
3251 -0.096498 
3327 -0.096498 
3286 -0.096498 
4495 -0.096498 
2343 -0.096498 
3161 -0.096498 
2376 -0.096498 
4280 -0.106903 
2253 -0.106903 
1739 -0.106903 
3389 -0.106903 
1359 -0.106903 
2713 -0.106903 
1206 -0.106903 
1813 -0.106903 
1810 -0.106903 
1752 -0.106903 
2190 -0.106903 
1283 -0.106903 
4883 -0.106903 
1771 -0.106903 
3079 -0.106903 
1285 -0.106903 
1699 -0.106903 
4254 -0.106903 
1850 -0.106903 
899 -0.106903 
1702 -0.106903 
1243 -0.106903 
1244 -0.106903 
1245 -0.106903 
1246 -0.106903 
4267 -0.106903 
1241 -0.106903 
1248 -0.106903 
4293 -0.106903 
1396 -0.106903 
1322 -0.106903 
4545 -0.106903 
1736 -0.106903 
4306 -0.106903 
1776 -0.106903 
4458 -0.106903 
4714 -0.106903 
5052 -0.106903 
1320 -0.106903 
1317 -0.106903 
3422 -0.124734 
778 -0.124734 
1346 -0.124734 
1343 -0.124734 
2934 -0.124734 
766 -0.124734 
765 -0.124734 
764 -0.124734 
1303 -0.124734 
1304 -0.124734 
3538 -0.124734 
2173 -0.124734 
2248 -0.124734 
1834 -0.124734 
752 -0.124734 
4468 -0.124734 
1763 -0.124734 
921 -0.124734 
2666 -0.127450 
4507 -0.127450 
4504 -0.127450 
4503 -0.127450 
3097 -0.127450 
5284 -0.127450 
3053 -0.127450 
2397 -0.127450 
3531 -0.127450 
5271 -0.127450 
5270 -0.127450 
4459 -0.127450 
5102 -0.127450 
5258 -0.127450 
2716 -0.127450 
4602 -0.127450 
2398 -0.127450 
2401 -0.127450 
2400 -0.127450 
2094 -0.127450 
2414 -0.127450 
4516 -0.127450 
1984 -0.127450 
2410 -0.127450 
3524 -0.135929 
3563 -0.135929 
3525 -0.135929 
3526 -0.135929 
3527 -0.135929 
3528 -0.135929 
3529 -0.135929 
3530 -0.135929 
3598 -0.135929 
3570 -0.135929 
3564 -0.135929 
4754 -0.135929 
3986 -0.135929 
3566 -0.135929 
4572 -0.135929 
3568 -0.135929 
740 -0.135929 
4026 -0.135929 
4598 -0.135929 
3600 -0.135929 
4023 -0.135929 
4022 -0.135929 
883 -0.135929 
728 -0.135929 
4017 -0.135929 
3912 -0.135929 
3604 -0.135929 
3567 -0.135929 
4603 -0.135929 
3944 -0.135929 
4697 -0.135929 
4060 -0.135929 
3907 -0.135929 
3949 -0.135929 
3561 -0.135929 
4585 -0.135929 
3906 -0.135929 
4094 -0.135929 
727 -0.135929 
3946 -0.135929 
726 -0.135929 
4054 -0.135929 
4416 -0.135929 
4434 -0.135929 
3069 -0.135929 
3989 -0.135929 
1114 -0.135929 
3869 -0.135929 
3979 -0.135929 
3980 -0.135929 
3982 -0.135929 
4762 -0.135929 
3868 -0.135929 
3983 -0.135929 
3984 -0.135929 
3985 -0.135929 
3943 -0.135929 
3905 -0.135929 
4684 -0.135929 
4594 -0.135929 
829 -0.135929 
2593 -0.135929 
3144 -0.135929 
4957 -0.135929 
248 -0.135929 
5243 -0.135929 
5088 -0.135929 
249 -0.135929 
2659 -0.135929 
3036 -0.135929 
3450 -0.135929 
1501 -0.135929 
3452 -0.135929 
3453 -0.135929 
2657 -0.135929 
5087 -0.135929 
3150 -0.135929 
2656 -0.135929 
3303 -0.135929 
2433 -0.135929 
1565 -0.135929 
2483 -0.135929 
2476 -0.135929 
5100 -0.135929 
5257 -0.135929 
5256 -0.135929 
3076 -0.135929 
5101 -0.135929 
5061 -0.135929 
3073 -0.135929 
3455 -0.135929 
550 -0.135929 
5089 -0.135929 
714 -0.135929 
3413 -0.135929 
634 -0.135929 
4971 -0.135929 
5269 -0.135929 
5115 -0.135929 
3494 -0.135929 
3340 -0.135929 
3456 -0.135929 
4892 -0.135929 
3489 -0.135929 
3490 -0.135929 
3491 -0.135929 
4931 -0.135929 
3493 -0.135929 
3487 -0.135929 
647 -0.135929 
4946 -0.135929 
2645 -0.135929 
287 -0.135929 
4905 -0.135929 
4918 -0.135929 
4919 -0.135929 
4920 -0.135929 
5074 -0.135929 
2430 -0.135929 
646 -0.135929 
1655 -0.135929 
3306 -0.135929 
2847 -0.135929 
3108 -0.135929 
3113 -0.135929 
4933 -0.135929 
2393 -0.135929 
4932 -0.135929 
660 -0.135929 
2615 -0.135929 
2884 -0.135929 
2886 -0.135929 
4944 -0.135929 
3616 -0.143391 
3615 -0.143391 
1669 -0.143391 
4962 -0.143391 
2200 -0.143391 
3110 -0.143391 
4607 -0.143391 
4620 -0.143391 
2654 -0.143391 
2163 -0.143391 
2123 -0.143391 
2617 -0.143391 
2616 -0.143391 
2126 -0.143391 
4069 -0.143391 
2133 -0.143391 
4793 -0.143391 
3159 -0.143391 
4580 -0.143391 
3033 -0.143391 
3428 -0.143391 
4634 -0.143391 
2580 -0.143391 
1707 -0.143391 
2692 -0.143391 
4622 -0.143391 
2694 -0.143391 
2577 -0.143391 
1670 -0.143391 
2587 -0.165825 
4167 -0.165825 
1494 -0.165825 
1000 -0.165825 
1712 -0.165825 
1003 -0.165825 
2891 -0.165825 
3575 -0.165825 
2510 -0.165825 
4530 -0.165825 
1080 -0.165825 
2933 -0.165825 
2440 -0.165825 
3034 -0.183050 
3032 -0.183050 
2099 -0.183050 
3035 -0.183050 
1671 -0.183050 
862 -0.183050 
3010 -0.183050 
3004 -0.183050 
3003 -0.183050 
2995 -0.183050 
1674 -0.183050 
4413 -0.183050 
3942 -0.183050 
2822 -0.183050 
2100 -0.183050 
2970 -0.183050 
2969 -0.183050 
2125 -0.183050 
5002 -0.183050 
1429 -0.183050 
1427 -0.183050 
1039 -0.183050 
4661 -0.183050 
4660 -0.183050 
1040 -0.183050 
4356 -0.183050 
2791 -0.183050 
2789 -0.183050 
2792 -0.183050 
4438 -0.183050 
2796 -0.183050 
3908 -0.183050 
3090 -0.183050 
3739 -0.183050 
3741 -0.183050 
1474 -0.183050 
3742 -0.183050 
3707 -0.183050 
3706 -0.183050 
2162 -0.183050 
813 -0.183050 
1001 -0.183050 
1004 -0.183050 
1005 -0.183050 
3072 -0.183050 
3071 -0.183050 
1495 -0.183050 
4404 -0.183050 
2819 -0.183050 
827 -0.183050 
4200 -0.183050 
2829 -0.183050 
4469 -0.183050 
2336 -0.183050 
693 -0.183050 
4830 -0.183050 
4324 -0.183050 
4832 -0.183050 
4323 -0.183050 
1912 -0.183050 
1138 -0.183050 
890 -0.183050 
1215 -0.183050 
1883 -0.183050 
4465 -0.183050 
1217 -0.183050 
1220 -0.183050 
1221 -0.183050 
2541 -0.183050 
833 -0.183050 
2551 -0.183050 
2553 -0.183050 
2559 -0.183050 
1180 -0.183050 
2371 -0.183050 
708 -0.183050 
3488 -0.183050 
1177 -0.183050 
720 -0.183050 
721 -0.183050 
1178 -0.183050 
2363 -0.183050 
4492 -0.183050 
4491 -0.183050 
1513 -0.183050 
2436 -0.183050 
3454 -0.183050 
4764 -0.183050 
3451 -0.183050 
1181 -0.183050 
1881 -0.183050 
1882 -0.183050 
2339 -0.183050 
2337 -0.183050 
2618 -0.183050 
3285 -0.183050 
4451 -0.183050 
4187 -0.183050 
3250 -0.183050 
3246 -0.183050 
4749 -0.183050 
2238 -0.183050 
3245 -0.183050 
2251 -0.183050 
1258 -0.183050 
1257 -0.183050 
3283 -0.183050 
3945 -0.183050 
1254 -0.183050 
3981 -0.183050 
2581 -0.183050 
734 -0.183050 
4736 -0.183050 
2579 -0.183050 
2578 -0.183050 
3277 -0.183050 
2841 -0.183510 
2111 -0.183510 
2875 -0.183510 
1650 -0.183510 
5173 -0.183510 
5174 -0.183510 
2846 -0.183510 
2350 -0.183510 
5046 -0.183510 
5175 -0.183510 
4488 -0.183510 
2352 -0.183510 
2838 -0.183510 
2844 -0.183510 
2384 -0.183510 
5018 -0.183510 
4499 -0.183510 
4500 -0.183510 
4501 -0.183510 
5019 -0.183510 
5020 -0.183510 
922 -0.183510 
5021 -0.183510 
2112 -0.183510 
933 -0.183510 
2381 -0.183510 
5034 -0.183510 
2385 -0.183510 
1430 -0.183510 
4514 -0.183510 
2387 -0.183510 
2388 -0.183510 
2390 -0.183510 
4498 -0.183510 
2605 -0.183510 
2881 -0.183510 
5033 -0.183510 
4461 -0.183510 
5343 -0.183510 
2229 -0.183510 
2267 -0.183510 
2802 -0.183510 
2756 -0.183510 
4156 -0.183510 
2528 -0.183510 
2800 -0.183510 
2759 -0.183510 
2144 -0.183510 
5190 -0.183510 
1463 -0.183510 
4460 -0.183510 
2266 -0.183510 
2263 -0.183510 
5203 -0.183510 
2252 -0.183510 
4562 -0.183510 
2782 -0.183510 
5202 -0.183510 
2784 -0.183510 
2289 -0.183510 
1533 -0.183510 
5176 -0.183510 
976 -0.183510 
1012 -0.183510 
4474 -0.183510 
2303 -0.183510 
2302 -0.183510 
2809 -0.183510 
2299 -0.183510 
2808 -0.183510 
2348 -0.183510 
5342 -0.183510 
4473 -0.183510 
2806 -0.183510 
767 -0.183510 
2804 -0.183510 
5188 -0.183510 
2719 -0.183510 
2722 -0.183510 
5189 -0.183510 
1835 -0.183510 
3710 -0.183510 
3711 -0.183510 
3712 -0.183510 
3264 -0.183510 
3713 -0.183510 
3714 -0.183510 
3715 -0.183510 
4731 -0.183510 
3716 -0.183510 
3717 -0.183510 
3718 -0.183510 
3719 -0.183510 
3121 -0.183510 
4393 -0.183510 
3115 -0.183510 
741 -0.183510 
1832 -0.183510 
1812 -0.183510 
3746 -0.183510 
3748 -0.183510 
3749 -0.183510 
3750 -0.183510 
3751 -0.183510 
3752 -0.183510 
3753 -0.183510 
3754 -0.183510 
3755 -0.183510 
3692 -0.183510 
3236 -0.183510 
3238 -0.183510 
1898 -0.183510 
1896 -0.183510 
4900 -0.183510 
3210 -0.183510 
754 -0.183510 
1899 -0.183510 
3254 -0.183510 
3256 -0.183510 
1339 -0.183510 
1894 -0.183510 
4824 -0.183510 
3747 -0.183510 
4825 -0.183510 
3694 -0.183510 
1349 -0.183510 
3258 -0.183510 
4834 -0.183510 
4332 -0.183510 
3260 -0.183510 
3262 -0.183510 
1875 -0.183510 
1766 -0.183510 
4287 -0.183510 
1849 -0.183510 
1846 -0.183510 
5006 -0.183510 
4837 -0.183510 
1797 -0.183510 
4838 -0.183510 
3786 -0.183510 
3787 -0.183510 
5008 -0.183510 
3788 -0.183510 
3789 -0.183510 
3334 -0.183510 
5007 -0.183510 
3785 -0.183510 
5005 -0.183510 
3791 -0.183510 
4839 -0.183510 
3792 -0.183510 
3793 -0.183510 
5004 -0.183510 
4670 -0.183510 
2971 -0.183510 
4249 -0.183510 
4836 -0.183510 
3289 -0.183510 
3291 -0.183510 
1808 -0.183510 
3292 -0.183510 
3294 -0.183510 
3295 -0.183510 
3297 -0.183510 
3298 -0.183510 
3756 -0.183510 
3299 -0.183510 
4851 -0.183510 
4852 -0.183510 
4420 -0.183510 
753 -0.183510 
4835 -0.183510 
3300 -0.183510 
1936 -0.183510 
1228 -0.199892 
4547 -0.199892 
1915 -0.199892 
1649 -0.199892 
4325 -0.199892 
1229 -0.199892 
894 -0.199892 
893 -0.199892 
4727 -0.199892 
2176 -0.199892 
1922 -0.199892 
4558 -0.199892 
1925 -0.199892 
1265 -0.199892 
4172 -0.199892 
1266 -0.199892 
4740 -0.199892 
895 -0.199892 
1755 -0.199892 
1267 -0.199892 
1268 -0.199892 
1271 -0.199892 
1756 -0.199892 
1997 -0.199892 
1230 -0.199892 
1234 -0.199892 
1758 -0.199892 
1646 -0.199892 
1759 -0.199892 
1760 -0.199892 
2591 -0.199892 
3357 -0.199892 
2592 -0.199892 
4728 -0.199892 
1231 -0.199892 
2519 -0.199892 
711 -0.199892 
1464 -0.199892 
2416 -0.199892 
5065 -0.199892 
920 -0.199892 
1007 -0.199892 
881 -0.199892 
880 -0.199892 
2832 -0.199892 
2835 -0.199892 
4510 -0.199892 
4260 -0.199892 
4641 -0.199892 
4509 -0.199892 
2631 -0.199892 
4429 -0.199892 
1683 -0.199892 
712 -0.199892 
2380 -0.199892 
1686 -0.199892 
751 -0.199892 
2892 -0.199892 
1431 -0.199892 
2377 -0.199892 
2940 -0.199892 
2375 -0.199892 
2374 -0.199892 
1689 -0.199892 
725 -0.199892 
1194 -0.199892 
4390 -0.199892 
1885 -0.199892 
3426 -0.199892 
1191 -0.199892 
738 -0.199892 
2715 -0.199892 
1509 -0.199892 
698 -0.199892 
2175 -0.199892 
4896 -0.199892 
2632 -0.199892 
1305 -0.199892 
724 -0.199892 
5631 -0.221428 
1656 -0.221428 
904 -0.221428 
5633 -0.221428 
5854 -0.221428 
5630 -0.221428 
5634 -0.221428 
5111 -0.221428 
5852 -0.221428 
5855 -0.221428 
896 -0.221428 
5625 -0.221428 
5820 -0.221428 
5706 -0.221428 
5819 -0.221428 
5818 -0.221428 
25 -0.221428 
24 -0.221428 
5853 -0.221428 
5624 -0.221428 
5817 -0.221428 
5824 -0.221428 
5711 -0.221428 
5816 -0.221428 
5710 -0.221428 
5627 -0.221428 
5628 -0.221428 
5821 -0.221428 
5822 -0.221428 
5823 -0.221428 
1714 -0.221428 
5420 -0.221428 
5421 -0.221428 
5422 -0.221428 
5423 -0.221428 
5424 -0.221428 
5432 -0.221428 
5433 -0.221428 
5434 -0.221428 
4408 -0.221428 
5435 -0.221428 
5436 -0.221428 
5437 -0.221428 
2147 -0.221428 
5397 -0.221428 
5396 -0.221428 
5707 -0.221428 
5407 -0.221428 
4421 -0.221428 
1691 -0.221428 
2108 -0.221428 
1692 -0.221428 
1693 -0.221428 
1688 -0.221428 
1694 -0.221428 
4250 -0.221428 
4207 -0.221428 
5408 -0.221428 
5708 -0.221428 
4258 -0.221428 
5409 -0.221428 
2134 -0.221428 
5410 -0.221428 
5419 -0.221428 
1651 -0.221428 
5462 -0.221428 
5463 -0.221428 
5473 -0.221428 
1657 -0.221428 
5474 -0.221428 
5475 -0.221428 
1654 -0.221428 
1653 -0.221428 
5461 -0.221428 
5383 -0.221428 
5382 -0.221428 
5381 -0.221428 
5380 -0.221428 
5487 -0.221428 
5488 -0.221428 
4376 -0.221428 
5395 -0.221428 
4206 -0.221428 
4205 -0.221428 
5445 -0.221428 
5446 -0.221428 
5447 -0.221428 
5448 -0.221428 
5449 -0.221428 
5450 -0.221428 
4375 -0.221428 
5459 -0.221428 
5394 -0.221428 
1730 -0.221428 
1731 -0.221428 
5393 -0.221428 
2021 -0.221428 
5460 -0.221428 
5109 -0.221428 
1237 -0.221428 
5699 -0.221428 
5698 -0.221428 
2637 -0.221428 
2638 -0.221428 
1240 -0.221428 
735 -0.221428 
5124 -0.221428 
5700 -0.221428 
3930 -0.221428 
3927 -0.221428 
5096 -0.221428 
5094 -0.221428 
5671 -0.221428 
5661 -0.221428 
5081 -0.221428 
5670 -0.221428 
5889 -0.221428 
2560 -0.221428 
2561 -0.221428 
3590 -0.221428 
2564 -0.221428 
3591 -0.221428 
2571 -0.221428 
2574 -0.221428 
5701 -0.221428 
4939 -0.221428 
2590 -0.221428 
3970 -0.221428 
3969 -0.221428 
3968 -0.221428 
3966 -0.221428 
3965 -0.221428 
3964 -0.221428 
5784 -0.221428 
4955 -0.221428 
5665 -0.221428 
5775 -0.221428 
5786 -0.221428 
5666 -0.221428 
5667 -0.221428 
5668 -0.221428 
5785 -0.221428 
5774 -0.221428 
5776 -0.221428 
5777 -0.221428 
5783 -0.221428 
5782 -0.221428 
5778 -0.221428 
5781 -0.221428 
5780 -0.221428 
5779 -0.221428 
4942 -0.221428 
4940 -0.221428 
5740 -0.221428 
5739 -0.221428 
5772 -0.221428 
5738 -0.221428 
5737 -0.221428 
5736 -0.221428 
5735 -0.221428 
3967 -0.221428 
5662 -0.221428 
3124 -0.221428 
5773 -0.221428 
5663 -0.221428 
5787 -0.221428 
5669 -0.221428 
5664 -0.221428 
5750 -0.221428 
5858 -0.221428 
2441 -0.221428 
5859 -0.221428 
5812 -0.221428 
5811 -0.221428 
4047 -0.221428 
5278 -0.221428 
4771 -0.221428 
4004 -0.221428 
5857 -0.221428 
5265 -0.221428 
5744 -0.221428 
1160 -0.221428 
5264 -0.221428 
5743 -0.221428 
3552 -0.221428 
5702 -0.221428 
3553 -0.221428 
5746 -0.221428 
3513 -0.221428 
5705 -0.221428 
5704 -0.221428 
3511 -0.221428 
3515 -0.221428 
3510 -0.221428 
3509 -0.221428 
5895 -0.221428 
5745 -0.221428 
5703 -0.221428 
5815 -0.221428 
5814 -0.221428 
5747 -0.221428 
5856 -0.221428 
5748 -0.221428 
1163 -0.221428 
3472 -0.221428 
5749 -0.221428 
1197 -0.221428 
5810 -0.221428 
5809 -0.221428 
5891 -0.221428 
5890 -0.221428 
5252 -0.221428 
3554 -0.221428 
5896 -0.221428 
5741 -0.221428 
5742 -0.221428 
1203 -0.221428 
1564 -0.221428 
3585 -0.221428 
4010 -0.221428 
4009 -0.221428 
4008 -0.221428 
4007 -0.221428 
5861 -0.221428 
5893 -0.221428 
5860 -0.221428 
5892 -0.221428 
3345 -0.226474 
4713 -0.226474 
3592 -0.226474 
4544 -0.226474 
4954 -0.226474 
3011 -0.226474 
2931 -0.226474 
4882 -0.226474 
5292 -0.226474 
3347 -0.226474 
3348 -0.226474 
2096 -0.226474 
3386 -0.226474 
3125 -0.226474 
5123 -0.226474 
5279 -0.226474 
5051 -0.226474 
3381 -0.226474 
3344 -0.226474 
3382 -0.226474 
4867 -0.226474 
2889 -0.226474 
2890 -0.226474 
3841 -0.226474 
4612 -0.226474 
2435 -0.226474 
2434 -0.226474 
2071 -0.226474 
4720 -0.228100 
631 -0.228100 
632 -0.228100 
659 -0.228100 
645 -0.228100 
1782 -0.228100 
633 -0.228100 
4694 -0.228100 
719 -0.228100 
4878 -0.228100 
4645 -0.228100 
745 -0.228100 
4814 -0.228100 
4707 -0.228100 
828 -0.228100 
4865 -0.228100 
644 -0.228100 
440 -0.228100 
367 -0.228100 
798 -0.228100 
366 -0.228100 
365 -0.228100 
364 -0.228100 
437 -0.228100 
438 -0.228100 
363 -0.228100 
362 -0.228100 
439 -0.228100 
4464 -0.228100 
436 -0.228100 
361 -0.228100 
360 -0.228100 
359 -0.228100 
789 -0.228100 
329 -0.228100 
4450 -0.228100 
328 -0.228100 
327 -0.228100 
787 -0.228100 
786 -0.228100 
397 -0.228100 
401 -0.228100 
801 -0.228100 
800 -0.228100 
400 -0.228100 
402 -0.228100 
399 -0.228100 
403 -0.228100 
398 -0.228100 
4494 -0.228100 
404 -0.228100 
785 -0.228100 
405 -0.228100 
406 -0.228100 
396 -0.228100 
799 -0.228100 
4478 -0.228100 
4476 -0.228100 
4538 -0.228100 
433 -0.228100 
434 -0.228100 
435 -0.228100 
605 -0.228100 
802 -0.228100 
590 -0.228100 
591 -0.228100 
289 -0.228100 
288 -0.228100 
4425 -0.228100 
4424 -0.228100 
602 -0.228100 
603 -0.228100 
604 -0.228100 
758 -0.228100 
4415 -0.228100 
747 -0.228100 
615 -0.228100 
616 -0.228100 
4411 -0.228100 
617 -0.228100 
618 -0.228100 
4983 -0.228100 
286 -0.228100 
285 -0.228100 
814 -0.228100 
326 -0.228100 
325 -0.228100 
324 -0.228100 
4447 -0.228100 
323 -0.228100 
784 -0.228100 
322 -0.228100 
563 -0.228100 
564 -0.228100 
4610 -0.228100 
746 -0.228100 
815 -0.228100 
576 -0.228100 
773 -0.228100 
4437 -0.228100 
772 -0.228100 
771 -0.228100 
577 -0.228100 
578 -0.228100 
759 -0.228100 
589 -0.228100 
1498 -0.228100 
2196 -0.228100 
2201 -0.228100 
2202 -0.228100 
1496 -0.228100 
2682 -0.228100 
1497 -0.228100 
1955 -0.228100 
1954 -0.228100 
2174 -0.228100 
975 -0.228100 
974 -0.228100 
973 -0.228100 
1952 -0.228100 
972 -0.228100 
1500 -0.228100 
1951 -0.228100 
971 -0.228100 
1667 -0.228100 
1748 -0.228100 
2161 -0.228100 
2762 -0.228100 
2159 -0.228100 
1668 -0.228100 
1461 -0.228100 
1460 -0.228100 
1458 -0.228100 
2135 -0.228100 
1457 -0.228100 
1455 -0.228100 
1454 -0.228100 
995 -0.228100 
996 -0.228100 
943 -0.228100 
1250 -0.228100 
1251 -0.228100 
916 -0.228100 
1252 -0.228100 
2603 -0.228100 
2235 -0.228100 
928 -0.228100 
930 -0.228100 
1256 -0.228100 
2233 -0.228100 
1175 -0.228100 
2215 -0.228100 
940 -0.228100 
941 -0.228100 
942 -0.228100 
998 -0.228100 
1286 -0.228100 
1287 -0.228100 
1290 -0.228100 
1909 -0.228100 
953 -0.228100 
955 -0.228100 
956 -0.228100 
957 -0.228100 
958 -0.228100 
1910 -0.228100 
1913 -0.228100 
2203 -0.228100 
1293 -0.228100 
1916 -0.228100 
3217 -0.228100 
1329 -0.228100 
1406 -0.228100 
1405 -0.228100 
1404 -0.228100 
1403 -0.228100 
1402 -0.228100 
1400 -0.228100 
1704 -0.228100 
1398 -0.228100 
1397 -0.228100 
1705 -0.228100 
1706 -0.228100 
1324 -0.228100 
1327 -0.228100 
1711 -0.228100 
1328 -0.228100 
1323 -0.228100 
1330 -0.228100 
1083 -0.228100 
1372 -0.228100 
1370 -0.228100 
1367 -0.228100 
1366 -0.228100 
1363 -0.228100 
1362 -0.228100 
3672 -0.228100 
1333 -0.228100 
1747 -0.228100 
1746 -0.228100 
1360 -0.228100 
1745 -0.228100 
3119 -0.228100 
2911 -0.228100 
1968 -0.228100 
2815 -0.228100 
999 -0.228100 
1002 -0.228100 
2873 -0.228100 
1006 -0.228100 
2874 -0.228100 
1008 -0.228100 
1009 -0.228100 
2876 -0.228100 
2878 -0.228100 
2122 -0.228100 
3862 -0.228100 
1428 -0.228100 
2910 -0.228100 
954 -0.228100 
2913 -0.228100 
2915 -0.228100 
2916 -0.228100 
2917 -0.228100 
2918 -0.228100 
1426 -0.228100 
3830 -0.228100 
1425 -0.228100 
1042 -0.228100 
1043 -0.228100 
1421 -0.228100 
2952 -0.228100 
2954 -0.228100 
1045 -0.228100 
1046 -0.228100 
4168 -0.228100 
2276 -0.228100 
3337 -0.228100 
3335 -0.228100 
1856 -0.228100 
3374 -0.228100 
4169 -0.228100 
1214 -0.228100 
1857 -0.228100 
3409 -0.228100 
1213 -0.228100 
4281 -0.228100 
4282 -0.228100 
4274 -0.228100 
1859 -0.228100 
2362 -0.228100 
3331 -0.228100 
3406 -0.228100 
1539 -0.228100 
1212 -0.228100 
1879 -0.228100 
4155 -0.228100 
4154 -0.228100 
4296 -0.228100 
888 -0.228100 
2310 -0.228100 
2340 -0.228100 
4242 -0.228100 
2338 -0.228100 
2335 -0.228100 
2315 -0.228100 
1822 -0.228100 
2313 -0.228100 
1742 -0.228100 
875 -0.228100 
1824 -0.228100 
1825 -0.228100 
2499 -0.228100 
1907 -0.228100 
2498 -0.228100 
1743 -0.228100 
2307 -0.228100 
4255 -0.228100 
1852 -0.228100 
3371 -0.228100 
4256 -0.228100 
3372 -0.228100 
4268 -0.228100 
4269 -0.228100 
4270 -0.228100 
3328 -0.228100 
1788 -0.228100 
2239 -0.228100 
1786 -0.228100 
903 -0.228100 
1902 -0.228100 
2462 -0.228100 
1784 -0.228100 
1783 -0.228100 
1781 -0.228100 
4320 -0.228100 
1903 -0.228100 
2364 -0.228100 
1741 -0.228100 
4322 -0.228100 
4335 -0.228100 
2406 -0.228100 
4338 -0.228100 
2407 -0.228100 
2423 -0.228100 
2422 -0.228100 
1905 -0.228100 
915 -0.228100 
1778 -0.228100 
4310 -0.228100 
4311 -0.228100 
1779 -0.228100 
1886 -0.228100 
2365 -0.228100 
2373 -0.228100 
391 -0.230889 
2057 -0.230889 
3814 -0.230889 
3057 -0.230889 
2451 -0.230889 
769 -0.230889 
588 -0.230889 
2827 -0.230889 
770 -0.230889 
3811 -0.230889 
317 -0.230889 
1980 -0.230889 
2078 -0.230889 
4347 -0.230889 
1775 -0.230889 
1358 -0.230889 
1355 -0.230889 
1354 -0.230889 
2824 -0.230889 
2077 -0.230889 
2421 -0.230889 
3321 -0.230889 
1770 -0.230889 
4381 -0.230889 
1814 -0.230889 
1395 -0.230889 
4689 -0.230889 
4690 -0.230889 
4691 -0.230889 
395 -0.230889 
3737 -0.230889 
3735 -0.230889 
3734 -0.230889 
755 -0.230889 
756 -0.230889 
3771 -0.230889 
394 -0.230889 
757 -0.230889 
3776 -0.230889 
601 -0.230889 
1772 -0.230889 
743 -0.230889 
5028 -0.230889 
1432 -0.230889 
1015 -0.230889 
2494 -0.230889 
3778 -0.230889 
3815 -0.230889 
358 -0.230889 
5210 -0.230889 
2268 -0.230889 
4511 -0.230889 
4512 -0.230889 
4475 -0.230889 
3284 -0.230889 
1315 -0.230889 
1314 -0.230889 
357 -0.230889 
938 -0.230889 
2265 -0.230889 
939 -0.230889 
4157 -0.230889 
4462 -0.230889 
1318 -0.230889 
952 -0.230889 
5198 -0.230889 
5197 -0.230889 
5196 -0.230889 
3282 -0.230889 
4526 -0.230889 
4539 -0.230889 
3279 -0.230889 
1277 -0.230889 
1278 -0.230889 
1280 -0.230889 
1284 -0.230889 
1281 -0.230889 
5184 -0.230889 
1971 -0.230889 
354 -0.230889 
913 -0.230889 
1962 -0.230889 
575 -0.230889 
3363 -0.230889 
1528 -0.230889 
1466 -0.230889 
320 -0.230889 
912 -0.230889 
321 -0.230889 
1851 -0.230889 
5171 -0.230889 
926 -0.230889 
2305 -0.230889 
4860 -0.230889 
925 -0.230889 
978 -0.230889 
924 -0.230889 
1321 -0.230889 
4859 -0.230889 
2036 -0.235484 
2453 -0.235484 
3743 -0.235484 
3744 -0.235484 
3330 -0.235484 
3397 -0.235484 
4693 -0.235484 
2602 -0.235484 
4692 -0.235484 
3709 -0.235484 
4862 -0.235484 
3459 -0.235484 
4536 -0.235484 
931 -0.235484 
1791 -0.235484 
2282 -0.235484 
2281 -0.235484 
4198 -0.235484 
3588 -0.235484 
2284 -0.235484 
3987 -0.235484 
5031 -0.235484 
5104 -0.235484 
4211 -0.235484 
4588 -0.235484 
4756 -0.235484 
1999 -0.235484 
3824 -0.235484 
4432 -0.235484 
4285 -0.235484 
5200 -0.235484 
3823 -0.235484 
5003 -0.235484 
4419 -0.235484 
4418 -0.235484 
4757 -0.235484 
2035 -0.260532 
1202 -0.260532 
662 -0.260532 
2000 -0.260532 
172 -0.260532 
2038 -0.260532 
3130 -0.260532 
3170 -0.260532 
3169 -0.260532 
170 -0.260532 
2037 -0.260532 
685 -0.260532 
2034 -0.260532 
200 -0.260532 
672 -0.260532 
648 -0.260532 
207 -0.260532 
201 -0.260532 
202 -0.260532 
3401 -0.260532 
2012 -0.260532 
206 -0.260532 
2018 -0.260532 
171 -0.260532 
675 -0.260532 
203 -0.260532 
204 -0.260532 
173 -0.260532 
2001 -0.260532 
205 -0.260532 
649 -0.260532 
3173 -0.260532 
3172 -0.260532 
684 -0.260532 
5163 -0.260532 
1535 -0.260532 
479 -0.260532 
480 -0.260532 
481 -0.260532 
482 -0.260532 
1531 -0.260532 
491 -0.260532 
492 -0.260532 
493 -0.260532 
494 -0.260532 
495 -0.260532 
478 -0.260532 
5162 -0.260532 
496 -0.260532 
1618 -0.260532 
2224 -0.260532 
1621 -0.260532 
504 -0.260532 
505 -0.260532 
5150 -0.260532 
5149 -0.260532 
5148 -0.260532 
5318 -0.260532 
5293 -0.260532 
1581 -0.260532 
5305 -0.260532 
5306 -0.260532 
5307 -0.260532 
2466 -0.260532 
2469 -0.260532 
2471 -0.260532 
2472 -0.260532 
2480 -0.260532 
5316 -0.260532 
5147 -0.260532 
5319 -0.260532 
2508 -0.260532 
2509 -0.260532 
5329 -0.260532 
5331 -0.260532 
5332 -0.260532 
465 -0.260532 
466 -0.260532 
467 -0.260532 
1544 -0.260532 
241 -0.260532 
5056 -0.260532 
2859 -0.260532 
2928 -0.260532 
282 -0.260532 
2964 -0.260532 
281 -0.260532 
3001 -0.260532 
3002 -0.260532 
245 -0.260532 
244 -0.260532 
242 -0.260532 
548 -0.260532 
240 -0.260532 
2054 -0.260532 
636 -0.260532 
239 -0.260532 
3095 -0.260532 
4953 -0.260532 
238 -0.260532 
210 -0.260532 
209 -0.260532 
208 -0.260532 
519 -0.260532 
506 -0.260532 
507 -0.260532 
508 -0.260532 
509 -0.260532 
510 -0.260532 
5137 -0.260532 
5136 -0.260532 
1507 -0.260532 
1505 -0.260532 
1504 -0.260532 
518 -0.260532 
3123 -0.260532 
5122 -0.260532 
5121 -0.260532 
520 -0.260532 
521 -0.260532 
522 -0.260532 
523 -0.260532 
533 -0.260532 
534 -0.260532 
535 -0.260532 
536 -0.260532 
4529 -0.260532 
844 -0.260532 
831 -0.260532 
124 -0.260532 
4711 -0.260532 
1089 -0.260532 
1082 -0.260532 
1081 -0.260532 
1078 -0.260532 
4046 -0.260532 
1076 -0.260532 
4528 -0.260532 
1075 -0.260532 
57 -0.260532 
123 -0.260532 
4045 -0.260532 
4044 -0.260532 
122 -0.260532 
121 -0.260532 
4674 -0.260532 
1051 -0.260532 
1050 -0.260532 
120 -0.260532 
1049 -0.260532 
816 -0.260532 
4077 -0.260532 
1128 -0.260532 
4079 -0.260532 
133 -0.260532 
1127 -0.260532 
1126 -0.260532 
132 -0.260532 
131 -0.260532 
130 -0.260532 
1119 -0.260532 
4078 -0.260532 
1118 -0.260532 
1048 -0.260532 
129 -0.260532 
128 -0.260532 
1116 -0.260532 
1115 -0.260532 
15 -0.260532 
4724 -0.260532 
127 -0.260532 
126 -0.260532 
125 -0.260532 
4718 -0.260532 
56 -0.260532 
3891 -0.260532 
84 -0.260532 
83 -0.260532 
4006 -0.260532 
4555 -0.260532 
4557 -0.260532 
857 -0.260532 
4005 -0.260532 
17 -0.260532 
4003 -0.260532 
4002 -0.260532 
4001 -0.260532 
871 -0.260532 
1011 -0.260532 
3892 -0.260532 
1975 -0.260532 
81 -0.260532 
82 -0.260532 
977 -0.260532 
1961 -0.260532 
1960 -0.260532 
1957 -0.260532 
1958 -0.260532 
818 -0.260532 
870 -0.260532 
94 -0.260532 
119 -0.260532 
4041 -0.260532 
118 -0.260532 
830 -0.260532 
817 -0.260532 
16 -0.260532 
4277 -0.260532 
1041 -0.260532 
1038 -0.260532 
97 -0.260532 
96 -0.260532 
46 -0.260532 
93 -0.260532 
92 -0.260532 
91 -0.260532 
4541 -0.260532 
90 -0.260532 
89 -0.260532 
88 -0.260532 
87 -0.260532 
86 -0.260532 
85 -0.260532 
4542 -0.260532 
1165 -0.260532 
47 -0.260532 
159 -0.260532 
158 -0.260532 
4120 -0.260532 
49 -0.260532 
4811 -0.260532 
4812 -0.260532 
50 -0.260532 
1166 -0.260532 
701 -0.260532 
1164 -0.260532 
803 -0.260532 
4364 -0.260532 
13 -0.260532 
167 -0.260532 
168 -0.260532 
44 -0.260532 
4367 -0.260532 
1201 -0.260532 
4148 -0.260532 
165 -0.260532 
164 -0.260532 
4799 -0.260532 
4340 -0.260532 
163 -0.260532 
841 -0.260532 
48 -0.260532 
162 -0.260532 
161 -0.260532 
134 -0.260532 
166 -0.260532 
4146 -0.260532 
4195 -0.260532 
4339 -0.260532 
4785 -0.260532 
4784 -0.260532 
4783 -0.260532 
160 -0.260532 
54 -0.260532 
3586 -0.260532 
53 -0.260532 
52 -0.260532 
51 -0.260532 
45 -0.260532 
3589 -0.260532 
169 -0.260532 
3629 -0.260532 
3624 -0.260532 
136 -0.260532 
3625 -0.260532 
4082 -0.260532 
4080 -0.260532 
12 -0.260532 
14 -0.260532 
135 -0.260532 
3999 -0.260651 
5277 -0.260651 
4426 -0.260651 
4595 -0.260651 
5207 -0.260651 
3349 -0.260651 
4869 -0.260651 
3800 -0.260651 
3799 -0.260651 
5038 -0.260651 
5108 -0.260651 
2621 -0.260651 
3549 -0.260651 
4687 -0.260651 
4700 -0.260651 
1709 -0.260651 
5290 -0.260651 
4243 -0.260651 
4257 -0.260651 
1753 -0.260651 
4770 -0.260651 
1383 -0.261584 
1800 -0.261584 
1340 -0.261584 
934 -0.261584 
1380 -0.261584 
3470 -0.261584 
1837 -0.261584 
2325 -0.271919 
2736 -0.271919 
2739 -0.271919 
4593 -0.271919 
2740 -0.271919 
2671 -0.271919 
2742 -0.271919 
2752 -0.271919 
2714 -0.271919 
2160 -0.271919 
2711 -0.271919 
2197 -0.271919 
2672 -0.271919 
2779 -0.271919 
2675 -0.271919 
2691 -0.271919 
4606 -0.271919 
2295 -0.271919 
4101 -0.271919 
3227 -0.271919 
2653 -0.271919 
4107 -0.271919 
4106 -0.271919 
4104 -0.271919 
1780 -0.271919 
3070 -0.271919 
3683 -0.271919 
3681 -0.271919 
2614 -0.271919 
5156 -0.271919 
4103 -0.271919 
4102 -0.271919 
4108 -0.271919 
3653 -0.271919 
3652 -0.271919 
3107 -0.271919 
3650 -0.271919 
3649 -0.271919 
3647 -0.271919 
3646 -0.271919 
1744 -0.271919 
3199 -0.271919 
3147 -0.271919 
3196 -0.271919 
3601 -0.271919 
3229 -0.271919 
2258 -0.271919 
2651 -0.271919 
4654 -0.271919 
4139 -0.271919 
2237 -0.271919 
4137 -0.271919 
1762 -0.271919 
4988 -0.271919 
3536 -0.271919 
4109 -0.271919 
4989 -0.271919 
4174 -0.295472 
4566 -0.295472 
4159 -0.295472 
2535 -0.295472 
4160 -0.295472 
4161 -0.295472 
982 -0.295472 
2893 -0.295472 
2170 -0.295472 
1475 -0.295472 
1508 -0.295472 
4173 -0.295472 
4158 -0.295472 
4553 -0.295472 
2249 -0.295472 
4188 -0.295472 
980 -0.295472 
4537 -0.295472 
2538 -0.295472 
4201 -0.295472 
2530 -0.295472 
1512 -0.295472 
4681 -0.295472 
2843 -0.295472 
2845 -0.295472 
1440 -0.295472 
1438 -0.295472 
1436 -0.295472 
1434 -0.295472 
2877 -0.295472 
2880 -0.295472 
2912 -0.295472 
2354 -0.295472 
3336 -0.295472 
4286 -0.295472 
2084 -0.295472 
4669 -0.295472 
4680 -0.295472 
984 -0.295472 
4683 -0.295472 
4695 -0.295472 
3440 -0.295472 
2463 -0.295472 
2461 -0.295472 
3301 -0.295472 
2047 -0.295472 
3296 -0.295472 
2383 -0.295472 
2386 -0.295472 
3293 -0.295472 
2426 -0.295472 
2391 -0.295472 
3263 -0.295472 
1588 -0.295472 
2839 -0.295472 
2842 -0.295472 
3373 -0.295472 
2807 -0.295472 
986 -0.295472 
1472 -0.295472 
2833 -0.295472 
2836 -0.295472 
2837 -0.295472 
1469 -0.295472 
2501 -0.295472 
2353 -0.295472 
3550 -0.295994 
3512 -0.295994 
3532 -0.295994 
5095 -0.295994 
3929 -0.295994 
3928 -0.295994 
3926 -0.295994 
3925 -0.295994 
3962 -0.295994 
3963 -0.295994 
2664 -0.295994 
3421 -0.295994 
5902 -0.296455 
5939 -0.296455 
1196 -0.296455 
5477 -0.296455 
5904 -0.296455 
5862 -0.296455 
5478 -0.296455 
5942 -0.296455 
2242 -0.296455 
5901 -0.296455 
5941 -0.296455 
1195 -0.296455 
5943 -0.296455 
5903 -0.296455 
3402 -0.296455 
1162 -0.296455 
1615 -0.296455 
5491 -0.296455 
5825 -0.296455 
5863 -0.296455 
5492 -0.296455 
1198 -0.296455 
5493 -0.296455 
5222 -0.296455 
5864 -0.296455 
5494 -0.296455 
5940 -0.296455 
1199 -0.296455 
3466 -0.296455 
3394 -0.296455 
4441 -0.296455 
4466 -0.296455 
5490 -0.296455 
4467 -0.296455 
3919 -0.296455 
5899 -0.296455 
5938 -0.296455 
5235 -0.296455 
5236 -0.296455 
5826 -0.296455 
4392 -0.296455 
5900 -0.296455 
2209 -0.296455 
3882 -0.296455 
1982 -0.296455 
3883 -0.296455 
5234 -0.296455 
3920 -0.296455 
3922 -0.296455 
3960 -0.296455 
3959 -0.296455 
3923 -0.296455 
3957 -0.296455 
3956 -0.296455 
869 -0.296455 
5249 -0.296455 
5248 -0.296455 
5079 -0.296455 
1077 -0.296455 
1534 -0.296455 
5464 -0.296455 
1161 -0.296455 
5944 -0.296455 
5937 -0.296455 
3551 -0.296455 
1159 -0.296455 
1158 -0.296455 
5945 -0.296455 
4910 -0.296455 
4926 -0.296455 
4741 -0.296455 
5936 -0.296455 
5451 -0.296455 
5907 -0.296455 
3085 -0.296455 
5910 -0.296455 
2437 -0.331269 
2897 -0.331269 
1998 -0.331269 
4870 -0.331269 
4701 -0.331269 
842 -0.356035 
2514 -0.356035 
4365 -0.356035 
2750 -0.356035 
3690 -0.356035 
3688 -0.356035 
3660 -0.356035 
3657 -0.356035 
3200 -0.356035 
3203 -0.356035 
4911 -0.356035 
3204 -0.356035 
3232 -0.356035 
3234 -0.356035 
2780 -0.356035 
2778 -0.356035 
2753 -0.356035 
2747 -0.356035 
5093 -0.356035 
3998 -0.356035 
2293 -0.356035 
2290 -0.356035 
4196 -0.356035 
1538 -0.356035 
2296 -0.356035 
4823 -0.356035 
4822 -0.356035 
3437 -0.356035 
4795 -0.356035 
3505 -0.356035 
673 -0.356035 
3506 -0.356035 
3541 -0.356035 
3958 -0.356035 
2011 -0.366091 
2013 -0.366091 
2016 -0.366091 
5294 -0.366091 
2961 -0.366091 
2048 -0.366091 
2050 -0.366091 
2051 -0.366091 
1974 -0.366091 
55 -0.366091 
58 -0.366091 
59 -0.366091 
1631 -0.366091 
60 -0.366091 
61 -0.366091 
62 -0.366091 
23 -0.366091 
1637 -0.366091 
22 -0.366091 
21 -0.366091 
20 -0.366091 
99 -0.366091 
19 -0.366091 
18 -0.366091 
1684 -0.366091 
1685 -0.366091 
2124 -0.366091 
95 -0.366091 
1594 -0.366091 
2101 -0.366091 
2088 -0.366091 
98 -0.366091 
2087 -0.366091 
2085 -0.366091 
484 -0.366091 
651 -0.366091 
652 -0.366091 
1476 -0.366091 
804 -0.366091 
664 -0.366091 
2661 -0.366091 
1013 -0.366091 
1014 -0.366091 
1520 -0.366091 
809 -0.366091 
3383 -0.366091 
497 -0.366091 
2604 -0.366091 
650 -0.366091 
483 -0.366091 
4221 -0.366091 
3414 -0.366091 
3420 -0.366091 
471 -0.366091 
470 -0.366091 
469 -0.366091 
877 -0.366091 
468 -0.366091 
2547 -0.366091 
4234 -0.366091 
1016 -0.366091 
638 -0.366091 
2998 -0.366091 
2997 -0.366091 
2985 -0.366091 
2965 -0.366091 
2963 -0.366091 
2958 -0.366091 
4556 -0.366091 
3055 -0.366091 
4569 -0.366091 
2927 -0.366091 
635 -0.366091 
979 -0.366091 
3419 -0.366091 
639 -0.366091 
640 -0.366091 
1444 -0.366091 
5050 -0.366091 
5063 -0.366091 
989 -0.366091 
3898 -0.366091 
4907 -0.366091 
5072 -0.366091 
5076 -0.366091 
5085 -0.366091 
1473 -0.366091 
5268 -0.366091 
5241 -0.366091 
2506 -0.366091 
2505 -0.366091 
819 -0.366091 
5245 -0.366091 
5254 -0.366091 
4751 -0.366091 
2474 -0.366091 
4387 -0.366091 
4385 -0.366091 
5266 -0.366091 
5267 -0.366091 
2504 -0.366091 
4739 -0.366091 
4738 -0.366091 
1053 -0.366091 
834 -0.366091 
1057 -0.366091 
4725 -0.366091 
4372 -0.366091 
5280 -0.366091 
5281 -0.366091 
4723 -0.366091 
4712 -0.366091 
4359 -0.366091 
5228 -0.366091 
2544 -0.366091 
2543 -0.366091 
5215 -0.366091 
820 -0.366091 
1018 -0.366091 
3457 -0.366091 
1557 -0.366091 
4403 -0.366091 
5227 -0.366091 
4398 -0.366091 
2517 -0.366091 
1021 -0.366091 
4400 -0.366091 
3310 -0.369158 
3855 -0.369158 
3804 -0.369158 
4887 -0.369158 
4719 -0.369158 
3858 -0.369158 
4571 -0.369158 
3881 -0.369158 
3860 -0.369158 
3924 -0.369158 
4647 -0.369158 
3427 -0.369158 
3008 -0.369158 
2062 -0.369158 
3767 -0.369158 
3424 -0.369158 
3314 -0.369158 
3817 -0.369158 
4635 -0.369158 
3887 -0.369158 
3844 -0.369158 
3820 -0.369158 
3894 -0.369158 
2005 -0.369158 
3404 -0.369158 
3818 -0.369158 
3895 -0.369158 
3351 -0.369158 
3810 -0.369158 
3897 -0.369158 
4843 -0.369158 
4889 -0.369158 
4888 -0.369158 
3921 -0.369158 
3854 -0.369158 
4636 -0.369158 
2531 -0.369158 
2765 -0.369158 
2731 -0.369158 
4394 -0.369158 
5057 -0.369158 
5213 -0.369158 
2188 -0.369158 
2457 -0.369158 
2696 -0.369158 
2693 -0.369158 
5239 -0.369158 
2240 -0.369158 
5225 -0.369158 
5226 -0.369158 
4435 -0.369158 
1761 -0.371750 
1842 -0.371750 
1845 -0.371750 
1802 -0.371750 
1804 -0.371750 
872 -0.371750 
1311 -0.371750 
1658 -0.371750 
4238 -0.371750 
1308 -0.371750 
1205 -0.371750 
884 -0.371750 
1764 -0.371750 
1873 -0.371750 
1871 -0.371750 
1208 -0.371750 
960 -0.371750 
703 -0.371750 
1869 -0.371750 
1765 -0.371750 
1624 -0.371750 
2218 -0.371750 
4288 -0.371750 
1167 -0.371750 
1388 -0.371750 
715 -0.371750 
1385 -0.371750 
1410 -0.371750 
1381 -0.371750 
1415 -0.371750 
792 -0.371750 
791 -0.371750 
1417 -0.371750 
4318 -0.371750 
1419 -0.371750 
1721 -0.371750 
4317 -0.371750 
4275 -0.371750 
2113 -0.371750 
4316 -0.371750 
1722 -0.371750 
1724 -0.371750 
1725 -0.371750 
4302 -0.371750 
1348 -0.371750 
1345 -0.371750 
1344 -0.371750 
947 -0.371750 
1801 -0.371750 
1600 -0.372535 
3425 -0.372535 
864 -0.372535 
2014 -0.372535 
695 -0.372535 
4218 -0.372535 
1597 -0.372535 
1141 -0.372535 
2857 -0.372535 
2095 -0.372535 
2438 -0.372535 
4623 -0.373539 
4379 -0.373539 
4378 -0.373539 
4336 -0.373539 
4337 -0.373539 
5291 -0.373539 
4590 -0.373539 
4552 -0.373539 
4039 -0.373539 
4565 -0.373539 
1949 -0.373539 
4040 -0.373539 
4577 -0.373539 
4042 -0.373539 
4043 -0.373539 
4531 -0.373539 
4171 -0.373539 
4592 -0.373539 
4518 -0.373539 
4076 -0.373539 
4083 -0.373539 
4116 -0.373539 
4117 -0.373539 
4119 -0.373539 
4454 -0.373539 
2154 -0.373539 
5135 -0.373539 
1506 -0.373539 
2701 -0.373539 
2193 -0.373539 
1662 -0.373539 
1663 -0.373539 
2158 -0.373539 
2156 -0.373539 
2612 -0.373539 
2894 -0.373539 
2119 -0.373539 
1700 -0.373539 
3029 -0.373539 
2060 -0.373539 
4966 -0.373539 
3089 -0.373539 
2492 -0.373539 
2419 -0.373539 
2418 -0.373539 
2415 -0.373539 
5303 -0.373539 
5304 -0.373539 
2458 -0.373539 
2459 -0.373539 
2485 -0.373539 
3663 -0.373539 
2493 -0.373539 
5317 -0.373539 
2495 -0.373539 
2496 -0.373539 
2513 -0.373539 
2573 -0.373539 
2609 -0.373539 
3209 -0.373539 
3350 -0.373539 
4798 -0.373539 
3207 -0.373539 
3129 -0.373539 
3206 -0.373539 
4797 -0.373539 
3626 -0.373539 
2002 -0.373539 
1854 -0.376155 
2473 -0.376155 
4802 -0.376155 
2613 -0.376155 
2707 -0.376155 
5153 -0.376155 
5139 -0.376155 
4456 -0.376155 
4816 -0.376155 
2470 -0.376155 
1647 -0.376155 
3676 -0.376155 
2576 -0.376155 
4761 -0.376155 
4222 -0.376155 
3523 -0.376155 
3508 -0.376155 
1607 -0.376155 
1816 -0.376155 
2270 -0.376155 
2272 -0.376155 
2273 -0.376155 
4789 -0.376155 
851 -0.376155 
1563 -0.376155 
2308 -0.376155 
3486 -0.376155 
4748 -0.376155 
4733 -0.376155 
3067 -0.376155 
3047 -0.376155 
3030 -0.376155 
3184 -0.376155 
3027 -0.376155 
4374 -0.376155 
2067 -0.376155 
4543 -0.376155 
3186 -0.376155 
2924 -0.376155 
2766 -0.376155 
3220 -0.376155 
4090 -0.376155 
4092 -0.376155 
4463 -0.376155 
4093 -0.376155 
3639 -0.376155 
2729 -0.376155 
1648 -0.376155 
4128 -0.376155 
4477 -0.376155 
2039 -0.389645 
733 -0.389645 
1123 -0.389645 
1579 -0.389645 
732 -0.389645 
2455 -0.389645 
3545 -0.389645 
2456 -0.389645 
2532 -0.389645 
3116 -0.389645 
4578 -0.389645 
3080 -0.389645 
3171 -0.389645 
1708 -0.389645 
2076 -0.389645 
1255 -0.389645 
4628 -0.389645 
1253 -0.389645 
902 -0.389645 
889 -0.389645 
1216 -0.389645 
4212 -0.389645 
4213 -0.389645 
2570 -0.389645 
2569 -0.389645 
4225 -0.389645 
1608 -0.389645 
2533 -0.389645 
2529 -0.389645 
2981 -0.389800 
4575 -0.389800 
3305 -0.389800 
4442 -0.389800 
5010 -0.389800 
3758 -0.389800 
3302 -0.389800 
3721 -0.389800 
3471 -0.389800 
3020 -0.389800 
5023 -0.389800 
4854 -0.389800 
4853 -0.389800 
3269 -0.389800 
4611 -0.389800 
4842 -0.389800 
4841 -0.389800 
4840 -0.389800 
3764 -0.389800 
2212 -0.389800 
3390 -0.389800 
3308 -0.389800 
3307 -0.389800 
3801 -0.389800 
3311 -0.389800 
4273 -0.389800 
3761 -0.389800 
5179 -0.389800 
5178 -0.389800 
2488 -0.389800 
2597 -0.389800 
5166 -0.389800 
3763 -0.389800 
3341 -0.389800 
3543 -0.413499 
1066 -0.413499 
836 -0.413499 
1064 -0.413499 
1027 -0.413499 
905 -0.413499 
845 -0.413499 
690 -0.413499 
736 -0.413499 
723 -0.413499 
722 -0.413499 
710 -0.413499 
702 -0.413499 
4199 -0.413499 
823 -0.413499 
1523 -0.413499 
2332 -0.413499 
2334 -0.413499 
2361 -0.413499 
2059 -0.413499 
2404 -0.413499 
1993 -0.413499 
2449 -0.413499 
1717 -0.413499 
1574 -0.413499 
1573 -0.413499 
1560 -0.413499 
1547 -0.413499 
1260 -0.413499 
1483 -0.413499 
2936 -0.413499 
0 -0.413499 
3044 -0.413499 
3081 -0.413499 
3096 -0.413499 
1301 -0.413499 
3128 -0.413499 
1300 -0.413499 
1264 -0.413499 
1263 -0.413499 
1261 -0.413499 
4769 -0.413499 
102 -0.413499 
4951 -0.413499 
4937 -0.413499 
105 -0.413499 
137 -0.413499 
138 -0.413499 
139 -0.413499 
689 -0.413499 
101 -0.413499 
4768 -0.413499 
182 -0.413499 
459 -0.413499 
472 -0.413499 
473 -0.413499 
485 -0.413499 
486 -0.413499 
498 -0.413499 
63 -0.413499 
1 -0.413499 
5288 -0.413499 
5275 -0.413499 
26 -0.413499 
27 -0.413499 
28 -0.413499 
29 -0.413499 
30 -0.413499 
4782 -0.413499 
64 -0.413499 
65 -0.413499 
5106 -0.413499 
66 -0.413499 
67 -0.413499 
68 -0.413499 
100 -0.413499 
4368 -0.413499 
4533 -0.413499 
628 -0.413499 
655 -0.413499 
4259 -0.413499 
4613 -0.413499 
512 -0.413499 
654 -0.413499 
4506 -0.413499 
513 -0.413499 
4505 -0.413499 
641 -0.413499 
629 -0.413499 
667 -0.413499 
4490 -0.413499 
4626 -0.413499 
676 -0.413499 
511 -0.413499 
688 -0.413499 
499 -0.413499 
908 -0.431210 
2982 -0.431210 
1306 -0.431210 
2872 -0.431210 
2024 -0.431210 
739 -0.431210 
1726 -0.431210 
2598 -0.431210 
1309 -0.431210 
3391 -0.431210 
1269 -0.431210 
1270 -0.431210 
1272 -0.431210 
1273 -0.431210 
1274 -0.431210 
3569 -0.431210 
4584 -0.431210 
3045 -0.431210 
1307 -0.431210 
1310 -0.431210 
4586 -0.466700 
3051 -0.466700 
4924 -0.466700 
3499 -0.466700 
2079 -0.466700 
4755 -0.466700 
697 -0.474948 
1660 -0.474948 
2211 -0.474948 
1659 -0.474948 
1549 -0.474948 
1190 -0.474948 
1189 -0.474948 
1188 -0.474948 
1169 -0.474948 
1151 -0.474948 
1129 -0.474948 
866 -0.474948 
1545 -0.474948 
2636 -0.474948 
1623 -0.474948 
1582 -0.474948 
1583 -0.474948 
1585 -0.474948 
1586 -0.474948 
1606 -0.474948 
1619 -0.474948 
1620 -0.474948 
1622 -0.474948 
4214 -0.474948 
4737 -0.474948 
2624 -0.474948 
2697 -0.474948 
4431 -0.474948 
4240 -0.474948 
4227 -0.474948 
4226 -0.474948 
4220 -0.474948 
4389 -0.474948 
3838 -0.474948 
3037 -0.474948 
3038 -0.474948 
3040 -0.474948 
3041 -0.474948 
3475 -0.474948 
3385 -0.474948 
4744 -0.474948 
5238 -0.474948 
5251 -0.474948 
5082 -0.474948 
2619 -0.476033 
1453 -0.476033 
1456 -0.476033 
730 -0.476033 
718 -0.476033 
717 -0.476033 
716 -0.476033 
2366 -0.476033 
704 -0.476033 
2367 -0.476033 
1661 -0.476033 
2027 -0.476033 
885 -0.476033 
3576 -0.476033 
4581 -0.476033 
2703 -0.476033 
3476 -0.476033 
2286 -0.476033 
1950 -0.476033 
4637 -0.476033 
2511 -0.476033 
3703 -0.482335 
3704 -0.482335 
3702 -0.482335 
3701 -0.482335 
3732 -0.482335 
3464 -0.482335 
5336 -0.482335 
5169 -0.482335 
5168 -0.482335 
3828 -0.482335 
4204 -0.482335 
5000 -0.482335 
4999 -0.482335 
4248 -0.482335 
3332 -0.482335 
4864 -0.482335 
4546 -0.482335 
4850 -0.482335 
4614 -0.482335 
4715 -0.482335 
4849 -0.482335 
3131 -0.482335 
1598 -0.482335 
1599 -0.482335 
1604 -0.482335 
1605 -0.482335 
5337 -0.482335 
1561 -0.482335 
2482 -0.482335 
3247 -0.482335 
3249 -0.482335 
2058 -0.482335 
2207 -0.482335 
2141 -0.482335 
3281 -0.482335 
3288 -0.482335 
4672 -0.486100 
2331 -0.486100 
4671 -0.486100 
4659 -0.486100 
4658 -0.486100 
5191 -0.486100 
1652 -0.486100 
5192 -0.486100 
2787 -0.486100 
5193 -0.486100 
2359 -0.486100 
2356 -0.486100 
4348 -0.486100 
4685 -0.486100 
5180 -0.486100 
2445 -0.486100 
1946 -0.486100 
1948 -0.486100 
1991 -0.486100 
1992 -0.486100 
2813 -0.486100 
4906 -0.486100 
2408 -0.486100 
2399 -0.486100 
5009 -0.486100 
5022 -0.486100 
5024 -0.486100 
3272 -0.486100 
3241 -0.486100 
3243 -0.486100 
882 -0.486100 
3699 -0.486100 
3697 -0.486100 
3266 -0.486100 
3547 -0.486100 
3492 -0.486100 
3720 -0.486100 
3309 -0.486100 
2333 -0.486100 
1192 -0.486100 
1193 -0.486100 
1232 -0.486100 
1233 -0.486100 
1235 -0.486100 
2854 -0.486100 
2812 -0.486100 
1236 -0.486100 
2816 -0.486100 
2849 -0.486100 
2852 -0.486100 
3909 -0.486100 
2853 -0.486100 
713 -0.486100 
2810 -0.486100 
2856 -0.486100 
2858 -0.486100 
2901 -0.486100 
3759 -0.486100 
2907 -0.486100 
3757 -0.486100 
3117 -0.486100 
