1440 1
0 -0.423592 
1 -0.423592 
2 -0.423592 
3 0.352248 
4 0.352248 
5 -0.037827 
6 -0.037827 
7 -0.037827 
8 -0.298905 
9 -0.298905 
10 -0.232142 
11 -0.232142 
12 -0.232142 
13 -0.327352 
14 -0.327352 
15 -0.181153 
16 -0.181153 
17 -0.181153 
18 0.217700 
19 0.217700 
20 0.025439 
21 0.025439 
22 0.025439 
23 -0.425363 
24 -0.425363 
25 0.344924 
26 0.344924 
27 0.344924 
28 0.151741 
29 0.151741 
30 0.475722 
31 0.475722 
32 0.475722 
33 0.048641 
34 0.048641 
35 0.048641 
36 -0.329797 
37 -0.329797 
38 -0.329797 
39 -0.497134 
40 -0.340256 
41 -0.340256 
42 -0.340256 
43 0.015303 
44 0.015303 
45 -0.389831 
46 -0.389831 
47 -0.389831 
48 0.061020 
49 0.061020 
50 0.061020 
51 0.390897 
52 0.390897 
53 0.390897 
54 0.438433 
55 -0.230255 
56 -0.230255 
57 -0.230255 
58 -0.230255 
59 -0.230255 
60 0.344924 
61 0.344924 
62 0.344924 
63 0.352248 
64 0.352248 
65 -0.497134 
66 -0.497134 
67 -0.497134 
68 0.025439 
69 0.025439 
70 0.025439 
71 -0.189868 
72 -0.189868 
73 -0.189868 
74 -0.348157 
75 -0.445146 
76 -0.445146 
77 -0.445146 
78 0.048641 
79 0.048641 
80 -0.381509 
81 -0.381509 
82 -0.381509 
83 -0.305399 
84 -0.305399 
85 -0.305399 
86 -0.333113 
87 -0.333113 
88 -0.333113 
89 0.138734 
90 0.280116 
91 0.280116 
92 0.280116 
93 0.497096 
94 0.497096 
95 0.352248 
96 -0.423592 
97 0.352248 
98 -0.214744 
99 -0.351387 
100 0.463811 
101 0.463811 
102 0.463811 
103 0.416383 
104 0.416383 
105 -0.298905 
106 -0.037827 
107 -0.298905 
108 0.269117 
109 0.016733 
110 -0.456702 
111 -0.456702 
112 -0.456702 
113 0.090828 
114 0.090828 
115 0.239990 
116 -0.232142 
117 0.209211 
118 0.209211 
119 0.358282 
120 -0.333113 
121 -0.333113 
122 -0.333113 
123 0.138734 
124 0.138734 
125 0.217700 
126 -0.181153 
127 0.014330 
128 0.014330 
129 -0.155052 
130 0.352248 
131 0.352248 
132 0.352248 
133 0.348598 
134 0.348598 
135 -0.296849 
136 -0.425363 
137 -0.381509 
138 -0.381509 
139 0.118916 
140 0.342541 
141 0.342541 
142 0.342541 
143 0.449334 
144 0.449334 
145 0.224861 
146 0.245825 
147 -0.381509 
148 -0.181153 
149 0.173553 
150 0.131923 
151 0.131923 
152 0.131923 
153 -0.343786 
154 -0.343786 
155 0.002477 
156 -0.091373 
157 -0.497134 
158 -0.159200 
159 0.471151 
160 0.495736 
161 0.495736 
162 0.495736 
163 -0.301072 
164 -0.301072 
165 -0.343786 
166 0.131923 
167 -0.497134 
168 0.000486 
169 0.278391 
170 -0.449061 
171 -0.449061 
172 -0.449061 
173 -0.091373 
174 -0.091373 
175 -0.449061 
176 0.315212 
177 0.015303 
178 0.290965 
179 -0.145369 
180 -0.091373 
181 0.002477 
182 0.002477 
183 0.002477 
184 -0.425363 
185 0.209211 
186 -0.080481 
187 0.208624 
188 -0.224572 
189 0.213319 
190 -0.296849 
191 -0.296849 
192 -0.296849 
193 -0.004932 
194 -0.004932 
195 0.106855 
196 -0.230255 
197 0.438433 
198 0.438433 
199 0.239990 
200 -0.189868 
201 -0.189868 
202 -0.189868 
203 -0.189868 
204 -0.189868 
205 0.183110 
206 -0.306442 
207 -0.445146 
208 -0.445146 
209 -0.327854 
210 0.106855 
211 0.106855 
212 0.106855 
213 0.315212 
214 0.315212 
215 0.051052 
216 -0.064673 
217 -0.445146 
218 -0.497134 
219 0.202900 
220 0.315212 
221 -0.449061 
222 -0.449061 
223 -0.449061 
224 -0.091373 
225 0.014330 
226 -0.456702 
227 -0.456702 
228 -0.076627 
229 -0.301072 
230 0.002477 
231 0.002477 
232 0.002477 
233 -0.425363 
234 -0.425363 
235 0.464145 
236 0.265997 
237 0.174529 
238 -0.336307 
239 -0.066063 
240 -0.329797 
241 -0.329797 
242 -0.329797 
243 0.348598 
244 0.348598 
245 0.044005 
246 -0.445146 
247 0.047582 
248 0.047582 
249 -0.295439 
250 0.348598 
251 0.441308 
252 0.441308 
253 0.441308 
254 0.385203 
255 0.438433 
256 0.390897 
257 -0.423592 
258 -0.367582 
259 -0.366895 
260 0.189747 
261 -0.006469 
262 0.193698 
263 0.193698 
264 0.193698 
265 0.138734 
266 -0.333113 
267 0.138734 
268 0.226007 
269 0.133681 
270 -0.180780 
271 -0.236999 
272 0.441308 
273 0.441308 
274 0.139763 
275 -0.348157 
276 -0.189868 
277 0.352248 
278 -0.008972 
279 0.224861 
280 0.209211 
281 -0.080481 
282 0.441308 
283 -0.009435 
284 0.245825 
285 0.014330 
286 -0.456702 
287 0.352248 
288 -0.112998 
289 0.213319 
290 -0.310015 
291 0.415900 
292 -0.425363 
293 -0.425363 
294 0.126292 
295 0.238951 
296 -0.069434 
297 -0.425363 
298 -0.296849 
299 -0.373910 
300 0.428591 
301 -0.376605 
302 -0.091373 
303 -0.091373 
304 -0.400971 
305 -0.004932 
306 -0.309684 
307 -0.091373 
308 0.002477 
309 -0.435057 
310 0.138734 
311 -0.333113 
312 0.463811 
313 0.463811 
314 0.183110 
315 0.416383 
316 0.463811 
317 0.463811 
318 0.416383 
319 0.051052 
320 0.426221 
321 0.318409 
322 0.014330 
323 0.014330 
324 -0.064673 
325 -0.086130 
326 0.153896 
327 0.014330 
328 0.315212 
329 -0.310015 
330 -0.162022 
331 -0.033819 
332 -0.343786 
333 -0.343786 
334 0.119568 
335 0.428597 
336 0.342541 
337 0.428597 
338 0.428597 
339 0.224264 
340 -0.361231 
341 -0.030672 
342 -0.301072 
343 -0.224572 
344 0.176310 
345 0.495736 
346 0.151741 
347 0.113172 
348 0.113172 
349 0.474800 
350 0.296818 
351 0.400217 
352 -0.264916 
353 -0.264916 
354 0.490160 
355 0.260503 
356 0.002700 
357 0.044005 
358 0.044005 
359 0.220811 
360 0.299091 
361 0.106250 
362 -0.425363 
363 -0.425363 
364 -0.312014 
365 0.473598 
366 -0.264916 
367 -0.272632 
368 -0.272632 
369 -0.131346 
370 -0.309749 
371 0.147542 
372 -0.272632 
373 -0.004932 
374 -0.009435 
375 -0.489306 
376 -0.272632 
377 0.147542 
378 0.147542 
379 -0.112998 
380 0.218424 
381 -0.119093 
382 -0.348157 
383 0.390897 
384 -0.322591 
385 -0.381456 
386 0.047582 
387 0.390897 
388 0.390897 
389 -0.307407 
390 0.130747 
391 0.362748 
392 -0.348157 
393 0.048641 
394 0.299578 
395 0.113172 
396 0.032262 
397 0.438433 
398 -0.497134 
399 -0.258149 
400 0.048641 
401 0.475722 
402 -0.091373 
403 -0.091373 
404 0.320717 
405 0.015303 
406 -0.340256 
407 -0.298905 
408 -0.298905 
409 -0.185951 
410 -0.385667 
411 -0.137477 
412 -0.425363 
413 -0.298905 
414 0.230740 
415 -0.131436 
416 -0.285029 
417 -0.423592 
418 -0.423592 
419 0.392673 
420 -0.068813 
421 -0.305399 
422 -0.445146 
423 -0.445146 
424 0.171982 
425 0.174529 
426 -0.381509 
427 0.047582 
428 -0.445146 
429 -0.199246 
430 0.171276 
431 0.090828 
432 -0.340256 
433 -0.340256 
434 0.171442 
435 0.497096 
436 0.280116 
437 -0.340256 
438 0.475722 
439 -0.442880 
440 0.448357 
441 -0.273859 
442 0.169438 
443 0.169438 
444 0.169438 
445 0.061020 
446 -0.389831 
447 0.015303 
448 0.015303 
449 -0.307533 
450 0.416383 
451 0.497096 
452 -0.214744 
453 -0.214744 
454 -0.214744 
455 0.282878 
456 -0.089167 
457 0.217700 
458 0.217700 
459 -0.229000 
460 -0.089167 
461 -0.089167 
462 -0.089167 
463 0.282878 
464 0.282878 
465 0.138734 
466 0.032262 
467 0.032262 
468 0.032262 
469 0.113172 
470 -0.052661 
471 0.212302 
472 0.014330 
473 -0.080481 
474 0.269117 
475 0.217700 
476 0.212302 
477 0.212302 
478 0.212302 
479 -0.052661 
480 0.348598 
481 0.441308 
482 0.441308 
483 0.441308 
484 0.449334 
485 0.344924 
486 0.025439 
487 -0.305399 
488 -0.305399 
489 0.255343 
490 -0.425363 
491 -0.296849 
492 -0.296849 
493 -0.296849 
494 0.245825 
495 -0.224572 
496 -0.224572 
497 -0.327352 
498 -0.327352 
499 -0.327352 
500 0.048641 
501 0.475722 
502 -0.351387 
503 -0.497134 
504 -0.329797 
505 -0.091373 
506 -0.091373 
507 -0.091373 
508 0.002477 
509 0.002477 
510 0.385203 
511 0.385203 
512 0.385203 
513 0.217019 
514 0.217019 
515 0.015303 
516 -0.340256 
517 0.278391 
518 0.441308 
519 0.348598 
520 -0.080481 
521 -0.080481 
522 -0.080481 
523 0.209211 
524 0.209211 
525 -0.376605 
526 -0.376605 
527 -0.376605 
528 0.428591 
529 0.428591 
530 -0.149489 
531 0.376634 
532 -0.309749 
533 -0.309749 
534 0.120271 
535 -0.230255 
536 -0.230255 
537 -0.230255 
538 0.106855 
539 0.106855 
540 0.016733 
541 0.016733 
542 0.016733 
543 0.085803 
544 0.085803 
545 0.352248 
546 0.344924 
547 -0.456702 
548 -0.497134 
549 0.440003 
550 -0.456702 
551 0.014330 
552 0.014330 
553 0.014330 
554 0.352248 
555 -0.162022 
556 -0.162022 
557 -0.162022 
558 -0.309684 
559 -0.309684 
560 -0.407083 
561 -0.327352 
562 0.106855 
563 0.106855 
564 -0.159200 
565 -0.327352 
566 -0.327352 
567 -0.327352 
568 0.044005 
569 0.044005 
570 0.217019 
571 0.217019 
572 0.217019 
573 0.449334 
574 0.449334 
575 -0.305399 
576 -0.381509 
577 -0.145369 
578 -0.149489 
579 -0.423592 
580 0.138734 
581 -0.423592 
582 -0.423592 
583 -0.149489 
584 -0.149489 
585 0.238951 
586 0.426221 
587 -0.023719 
588 0.352248 
589 0.402624 
590 -0.298905 
591 -0.037827 
592 -0.229000 
593 0.318409 
594 0.217700 
595 -0.296849 
596 -0.425363 
597 -0.296849 
598 -0.076627 
599 0.239990 
600 0.002477 
601 -0.091373 
602 0.002477 
603 -0.336307 
604 0.224861 
605 0.416383 
606 0.463811 
607 0.416383 
608 0.139763 
609 0.245825 
610 -0.449061 
611 0.315212 
612 -0.080481 
613 0.176310 
614 0.213319 
615 -0.181153 
616 -0.343786 
617 -0.343786 
618 0.342541 
619 0.005248 
620 0.193698 
621 0.449334 
622 0.090828 
623 0.090828 
624 -0.172338 
625 0.217019 
626 0.385203 
627 0.106250 
628 0.106250 
629 0.474800 
630 0.131923 
631 -0.306442 
632 -0.119093 
633 -0.119093 
634 0.171442 
635 0.464145 
636 0.265997 
637 -0.119093 
638 -0.489306 
639 -0.442880 
640 -0.232142 
641 0.044005 
642 -0.348157 
643 0.438433 
644 0.019373 
645 0.337906 
646 0.117661 
647 0.438433 
648 0.416383 
649 -0.066063 
650 0.106855 
651 -0.230255 
652 -0.296849 
653 -0.296849 
654 0.133681 
655 0.183110 
656 0.051052 
657 -0.296849 
658 -0.037827 
659 0.189747 
660 0.415900 
661 -0.445146 
662 -0.381509 
663 -0.381509 
664 -0.006469 
665 -0.474065 
666 0.169438 
667 -0.305399 
668 -0.305399 
669 0.033661 
670 -0.086130 
671 0.153896 
672 -0.389831 
673 -0.389831 
674 -0.389831 
675 0.090828 
676 0.171276 
677 0.171276 
678 0.171276 
679 0.362748 
680 0.376634 
681 -0.327352 
682 0.209211 
683 0.217700 
684 0.494690 
685 -0.327352 
686 0.376634 
687 0.376634 
688 0.376634 
689 0.239990 
690 0.193698 
691 0.193698 
692 0.193698 
693 -0.407083 
694 -0.407083 
695 0.495736 
696 0.151741 
697 0.428597 
698 -0.033819 
699 -0.393522 
700 0.002477 
701 0.151741 
702 0.495736 
703 0.495736 
704 0.495736 
705 -0.069434 
706 -0.069434 
707 -0.069434 
708 0.415900 
709 0.415900 
710 0.061020 
711 -0.389831 
712 -0.064673 
713 0.438433 
714 0.390897 
715 0.209211 
716 0.106855 
717 0.213319 
718 0.213319 
719 0.213319 
720 0.426221 
721 0.426221 
722 0.426221 
723 0.238951 
724 0.238951 
725 0.025439 
726 -0.497134 
727 -0.310015 
728 -0.348157 
729 -0.189868 
730 -0.348157 
731 -0.348157 
732 0.265997 
733 0.265997 
734 0.265997 
735 -0.329797 
736 0.441308 
737 -0.361231 
738 -0.069434 
739 0.428591 
740 0.348598 
741 0.352248 
742 -0.030672 
743 -0.376605 
744 -0.004932 
745 0.296818 
746 0.400217 
747 0.348598 
748 0.348598 
749 0.120271 
750 0.260503 
751 0.002700 
752 0.002477 
753 -0.296849 
754 -0.023719 
755 0.218424 
756 -0.381456 
757 -0.080481 
758 -0.080481 
759 -0.172338 
760 0.130747 
761 0.362748 
762 -0.309684 
763 -0.309684 
764 0.033661 
765 -0.309684 
766 0.209211 
767 0.416383 
768 0.315212 
769 0.118916 
770 -0.162022 
771 -0.080481 
772 -0.305399 
773 -0.340256 
774 0.173553 
775 -0.033819 
776 0.014330 
777 -0.080481 
778 -0.080481 
779 -0.327854 
780 0.113172 
781 0.032262 
782 -0.343786 
783 -0.181153 
784 0.046340 
785 0.171276 
786 0.090828 
787 -0.033819 
788 -0.033819 
789 0.198502 
790 0.497096 
791 0.280116 
792 -0.181153 
793 0.342541 
794 -0.476122 
795 0.428597 
796 0.342541 
797 -0.264916 
798 0.473598 
799 0.202900 
800 0.299091 
801 0.106250 
802 0.044005 
803 0.265997 
804 -0.295439 
805 0.473598 
806 -0.264916 
807 0.473598 
808 0.106250 
809 -0.366895 
810 -0.309749 
811 0.147542 
812 0.428591 
813 0.415900 
814 0.046340 
815 -0.489306 
816 -0.272632 
817 -0.309749 
818 -0.264916 
819 0.198502 
820 -0.119093 
821 0.047582 
822 -0.272632 
823 -0.272632 
824 -0.476122 
825 -0.456702 
826 0.138734 
827 0.048641 
828 0.048641 
829 0.126292 
830 -0.333113 
831 0.416383 
832 0.025439 
833 0.025439 
834 -0.373910 
835 0.463811 
836 0.048641 
837 0.463811 
838 0.416383 
839 -0.400971 
840 0.282878 
841 -0.068813 
842 -0.305399 
843 -0.309684 
844 -0.156179 
845 -0.089167 
846 0.174529 
847 -0.381509 
848 0.106855 
849 -0.025288 
850 -0.052661 
851 0.337906 
852 -0.305399 
853 -0.305399 
854 -0.048376 
855 0.212302 
856 0.117661 
857 0.117661 
858 0.449334 
859 -0.435057 
860 -0.407083 
861 -0.474065 
862 0.015303 
863 0.475722 
864 0.119568 
865 0.193698 
866 0.169438 
867 0.061020 
868 0.061020 
869 0.224264 
870 0.449334 
871 0.217019 
872 0.390897 
873 -0.149489 
874 -0.156179 
875 0.475722 
876 0.015303 
877 0.475722 
878 0.061020 
879 -0.322591 
880 0.385203 
881 0.376634 
882 0.475722 
883 0.390897 
884 -0.307407 
885 -0.006469 
886 -0.006469 
887 -0.006469 
888 0.189747 
889 0.189747 
890 0.085803 
891 0.085803 
892 0.085803 
893 0.015584 
894 0.015584 
895 -0.232142 
896 0.337906 
897 0.348598 
898 -0.189868 
899 -0.439853 
900 -0.327352 
901 0.217700 
902 -0.456702 
903 -0.456702 
904 0.261077 
905 0.117661 
906 -0.474065 
907 -0.456702 
908 0.014330 
909 0.444261 
910 -0.340256 
911 -0.305399 
912 -0.340256 
913 0.463811 
914 0.299578 
915 0.169438 
916 0.376634 
917 -0.181153 
918 -0.162022 
919 -0.258149 
920 -0.181153 
921 -0.381509 
922 -0.340256 
923 0.463811 
924 0.320717 
925 -0.343786 
926 0.131923 
927 -0.033819 
928 -0.033819 
929 -0.185951 
930 -0.327352 
931 -0.224572 
932 0.032262 
933 0.032262 
934 -0.025288 
935 -0.301072 
936 0.495736 
937 -0.033819 
938 -0.162022 
939 0.290965 
940 0.151741 
941 0.296818 
942 0.315212 
943 0.348598 
944 0.208624 
945 -0.306442 
946 0.464145 
947 -0.489306 
948 0.348598 
949 -0.367582 
950 0.265997 
951 0.044005 
952 0.315212 
953 0.348598 
954 0.230740 
955 0.415900 
956 -0.069434 
957 0.147542 
958 0.147542 
959 0.226007 
960 0.400217 
961 0.428591 
962 -0.189868 
963 -0.348157 
964 0.392673 
965 -0.376605 
966 -0.004932 
967 0.147542 
968 -0.309749 
969 -0.048376 
970 0.260503 
971 0.002700 
972 0.025439 
973 0.416383 
974 0.171982 
975 0.061020 
976 -0.389831 
977 -0.149489 
978 -0.149489 
979 -0.199246 
980 0.025439 
981 -0.497134 
982 -0.389831 
983 -0.333113 
984 -0.307533 
985 0.238951 
986 0.426221 
987 -0.037827 
988 -0.037827 
989 0.255343 
990 -0.309684 
991 -0.329797 
992 -0.305399 
993 -0.068813 
994 0.440003 
995 0.218424 
996 -0.162022 
997 -0.068813 
998 -0.068813 
999 -0.008972 
1000 0.441308 
1001 0.348598 
1002 0.209211 
1003 0.209211 
1004 0.402624 
1005 -0.381456 
1006 0.130747 
1007 0.131923 
1008 0.131923 
1009 -0.439853 
1010 0.362748 
1011 0.113172 
1012 0.342541 
1013 0.428597 
1014 -0.009435 
1015 -0.033819 
1016 0.428597 
1017 0.428597 
1018 0.428597 
1019 0.005248 
1020 0.032262 
1021 0.171276 
1022 0.497096 
1023 0.497096 
1024 0.019373 
1025 0.090828 
1026 0.497096 
1027 0.315212 
1028 -0.449061 
1029 0.189747 
1030 0.280116 
1031 0.282878 
1032 -0.449061 
1033 -0.162022 
1034 -0.006469 
1035 -0.089167 
1036 -0.052661 
1037 -0.449061 
1038 -0.181153 
1039 0.494690 
1040 0.212302 
1041 -0.407083 
1042 -0.162022 
1043 -0.052661 
1044 -0.393522 
1045 0.193698 
1046 0.449334 
1047 0.209211 
1048 -0.309684 
1049 0.118916 
1050 0.342541 
1051 0.352248 
1052 -0.333113 
1053 -0.333113 
1054 0.173553 
1055 0.217019 
1056 0.385203 
1057 0.342541 
1058 0.342541 
1059 -0.112998 
1060 -0.232142 
1061 0.299091 
1062 0.438433 
1063 0.438433 
1064 -0.327854 
1065 0.106250 
1066 0.473598 
1067 0.299091 
1068 -0.272632 
1069 0.261077 
1070 -0.264916 
1071 -0.309749 
1072 -0.489306 
1073 -0.489306 
1074 -0.229000 
1075 0.337906 
1076 0.147542 
1077 0.147542 
1078 -0.272632 
1079 0.269117 
1080 0.117661 
1081 -0.489306 
1082 -0.264916 
1083 -0.264916 
1084 -0.159200 
1085 -0.474065 
1086 -0.272632 
1087 0.265997 
1088 -0.272632 
1089 -0.076627 
1090 0.169438 
1091 -0.119093 
1092 0.265997 
1093 0.265997 
1094 -0.336307 
1095 0.015584 
1096 -0.296849 
1097 0.147542 
1098 0.147542 
1099 0.139763 
1100 -0.425363 
1101 0.002477 
1102 0.342541 
1103 0.428597 
1104 0.176310 
1105 -0.091373 
1106 -0.449061 
1107 0.428597 
1108 0.428597 
1109 0.202900 
1110 0.085803 
1111 0.016733 
1112 0.138734 
1113 0.138734 
1114 -0.295439 
1115 0.315212 
1116 0.047582 
1117 0.015303 
1118 0.015303 
1119 -0.366895 
1120 0.471151 
1121 0.106855 
1122 0.315212 
1123 0.174529 
1124 0.474800 
1125 0.318409 
1126 -0.086130 
1127 -0.149489 
1128 0.344924 
1129 0.126292 
1130 -0.068813 
1131 0.174529 
1132 0.344924 
1133 0.344924 
1134 -0.373910 
1135 0.344924 
1136 -0.149489 
1137 -0.423592 
1138 0.174529 
1139 -0.400971 
1140 -0.423592 
1141 -0.298905 
1142 -0.230255 
1143 -0.340256 
1144 -0.435057 
1145 -0.037827 
1146 -0.296849 
1147 -0.230255 
1148 -0.230255 
1149 0.119568 
1150 -0.425363 
1151 0.002477 
1152 0.475722 
1153 0.475722 
1154 0.224264 
1155 -0.091373 
1156 -0.449061 
1157 0.138734 
1158 -0.456702 
1159 -0.322591 
1160 0.315212 
1161 0.106855 
1162 -0.456702 
1163 -0.456702 
1164 -0.307407 
1165 0.153896 
1166 -0.361231 
1167 0.315212 
1168 0.130747 
1169 0.299578 
1170 -0.449061 
1171 -0.449061 
1172 -0.449061 
1173 0.131923 
1174 -0.343786 
1175 -0.030672 
1176 0.015584 
1177 -0.343786 
1178 -0.343786 
1179 -0.258149 
1180 0.085803 
1181 0.016733 
1182 0.130747 
1183 0.130747 
1184 0.320717 
1185 0.471151 
1186 0.440003 
1187 0.385203 
1188 0.002700 
1189 -0.185951 
1190 0.402624 
1191 0.005248 
1192 0.217019 
1193 0.385203 
1194 0.230740 
1195 0.019373 
1196 -0.066063 
1197 0.400217 
1198 0.400217 
1199 0.392673 
1200 -0.066063 
1201 -0.066063 
1202 -0.066063 
1203 0.019373 
1204 0.019373 
1205 -0.230255 
1206 -0.230255 
1207 -0.445146 
1208 -0.445146 
1209 0.171442 
1210 -0.230255 
1211 -0.306442 
1212 -0.306442 
1213 -0.306442 
1214 -0.064673 
1215 -0.445146 
1216 -0.445146 
1217 0.438433 
1218 0.047582 
1219 -0.442880 
1220 0.438433 
1221 0.438433 
1222 0.390897 
1223 0.390897 
1224 0.120271 
1225 0.390897 
1226 0.390897 
1227 -0.348157 
1228 -0.348157 
1229 -0.023719 
1230 -0.348157 
1231 -0.348157 
1232 0.390897 
1233 0.044005 
1234 -0.172338 
1235 -0.189868 
1236 -0.189868 
1237 -0.119093 
1238 -0.119093 
1239 0.033661 
1240 0.085803 
1241 0.400217 
1242 0.400217 
1243 0.400217 
1244 -0.295439 
1245 -0.224572 
1246 0.209211 
1247 -0.069434 
1248 -0.069434 
1249 0.046340 
1250 -0.080481 
1251 0.014330 
1252 -0.309684 
1253 -0.004932 
1254 0.198502 
1255 -0.301072 
1256 0.495736 
1257 -0.004932 
1258 -0.004932 
1259 -0.476122 
1260 0.151741 
1261 0.296818 
1262 0.014330 
1263 0.014330 
1264 0.171982 
1265 0.400217 
1266 0.260503 
1267 -0.037827 
1268 -0.037827 
1269 -0.199246 
1270 0.002700 
1271 0.218424 
1272 -0.080481 
1273 -0.080481 
1274 -0.307533 
1275 -0.381456 
1276 0.130747 
1277 -0.037827 
1278 -0.298905 
1279 0.255343 
1280 0.362748 
1281 -0.456702 
1282 0.415900 
1283 0.415900 
1284 -0.156179 
1285 0.138734 
1286 -0.333113 
1287 -0.376605 
1288 -0.376605 
1289 -0.025288 
1290 0.113172 
1291 0.032262 
1292 -0.376605 
1293 0.428591 
1294 -0.048376 
1295 0.171276 
1296 0.090828 
1297 -0.080481 
1298 0.209211 
1299 0.440003 
1300 0.416383 
1301 0.463811 
1302 -0.329797 
1303 -0.329797 
1304 -0.439853 
1305 0.497096 
1306 0.280116 
1307 -0.329797 
1308 0.209211 
1309 0.261077 
1310 0.444261 
1311 -0.214744 
1312 -0.236999 
1313 0.428591 
1314 0.428591 
1315 0.282878 
1316 0.048641 
1317 0.390897 
1318 0.475722 
1319 0.000486 
1320 0.438433 
1321 0.438433 
1322 0.438433 
1323 0.048641 
1324 0.044005 
1325 -0.089167 
1326 0.475722 
1327 0.015303 
1328 0.174529 
1329 0.290965 
1330 -0.052661 
1331 0.015303 
1332 0.475722 
1333 0.315212 
1334 0.208624 
1335 0.212302 
1336 -0.340256 
1337 0.415900 
1338 0.174529 
1339 -0.367582 
1340 -0.407083 
1341 -0.305399 
1342 0.415900 
1343 0.415900 
1344 0.494690 
1345 -0.381509 
1346 0.061020 
1347 0.025439 
1348 0.025439 
1349 0.444261 
1350 0.061020 
1351 0.061020 
1352 0.061020 
1353 -0.381509 
1354 -0.381509 
1355 -0.389831 
1356 0.025439 
1357 -0.189868 
1358 -0.189868 
1359 -0.214744 
1360 -0.497134 
1361 -0.329797 
1362 -0.348157 
1363 0.025439 
1364 0.000486 
1365 0.402624 
1366 0.005248 
1367 -0.348157 
1368 -0.348157 
1369 -0.329797 
1370 0.019373 
1371 -0.180780 
1372 -0.273859 
1373 -0.273859 
1374 -0.273859 
1375 0.015584 
1376 0.085803 
1377 0.117661 
1378 0.117661 
1379 0.212302 
1380 0.193698 
1381 0.441308 
1382 0.212302 
1383 0.212302 
1384 -0.236999 
1385 0.449334 
1386 0.217019 
1387 -0.407083 
1388 -0.407083 
1389 -0.391814 
1390 0.385203 
1391 0.348598 
1392 -0.068813 
1393 -0.068813 
1394 -0.393522 
1395 0.385203 
1396 0.385203 
1397 -0.401929 
1398 0.440003 
1399 0.440003 
1400 -0.180780 
1401 -0.180780 
1402 -0.180780 
1403 0.133681 
1404 0.133681 
1405 0.133681 
1406 -0.180780 
1407 0.448357 
1408 0.448357 
1409 0.448357 
1410 -0.236999 
1411 0.448357 
1412 0.463811 
1413 0.416383 
1414 -0.273859 
1415 -0.273859 
1416 -0.385667 
1417 0.416383 
1418 -0.131436 
1419 -0.385667 
1420 -0.137477 
1421 -0.131436 
1422 0.416383 
1423 -0.333113 
1424 -0.137477 
1425 -0.285029 
1426 -0.351387 
1427 0.138734 
1428 -0.145369 
1429 -0.131436 
1430 0.278391 
1431 -0.145369 
1432 0.138734 
1433 0.138734 
1434 -0.285029 
1435 -0.145369 
1436 -0.145369 
1437 0.278391 
1438 0.278391 
1439 0.278391 
