3031 1
0 -0.330582 
1 -0.085871 
2 0.208518 
3 -0.263813 
4 -0.431733 
5 0.285198 
6 0.247845 
7 0.399793 
8 0.144356 
9 0.312018 
10 -0.125253 
11 0.137558 
12 0.482880 
13 0.137558 
14 0.137558 
15 0.137558 
16 -0.421178 
17 0.325579 
18 -0.041155 
19 -0.343599 
20 -0.048109 
21 -0.204255 
22 -0.469177 
23 0.194136 
24 -0.181295 
25 -0.293985 
26 0.025095 
27 -0.145465 
28 0.019950 
29 -0.083839 
30 0.032838 
31 0.137558 
32 0.137558 
33 0.137558 
34 -0.272971 
35 0.081187 
36 -0.151626 
37 0.045391 
38 -0.491327 
39 0.465635 
40 -0.499792 
41 0.072425 
42 0.244836 
43 0.161114 
44 -0.405208 
45 0.179499 
46 0.034772 
47 0.049980 
48 -0.148269 
49 -0.224757 
50 0.132865 
51 -0.374919 
52 -0.330582 
53 -0.038165 
54 -0.269626 
55 0.448750 
56 0.137558 
57 0.497989 
58 -0.486034 
59 0.104908 
60 0.244836 
61 0.104761 
62 0.319821 
63 0.257116 
64 -0.077849 
65 0.071682 
66 0.148918 
67 0.137558 
68 -0.418228 
69 0.497989 
70 0.018214 
71 -0.421178 
72 -0.227582 
73 0.143376 
74 0.143376 
75 -0.017719 
76 0.143376 
77 -0.421178 
78 0.334072 
79 -0.421178 
80 -0.421178 
81 0.275569 
82 0.148918 
83 -0.421178 
84 0.036461 
85 -0.421178 
86 -0.272971 
87 0.325579 
88 0.325579 
89 0.325579 
90 0.325579 
91 0.325579 
92 0.325579 
93 0.325579 
94 0.325579 
95 0.325579 
96 0.325579 
97 0.325579 
98 0.325579 
99 0.325579 
100 0.325579 
101 0.325579 
102 0.325579 
103 0.325579 
104 0.325579 
105 0.325579 
106 0.325579 
107 0.325579 
108 0.325579 
109 0.325579 
110 0.325579 
111 0.325579 
112 0.325579 
113 0.325579 
114 0.325579 
115 0.325579 
116 0.081187 
117 -0.151626 
118 0.071682 
119 0.045391 
120 -0.491327 
121 0.465635 
122 -0.499792 
123 -0.421178 
124 0.072425 
125 0.161114 
126 -0.405208 
127 0.179499 
128 0.034772 
129 0.049980 
130 -0.339483 
131 0.241401 
132 0.461447 
133 0.104908 
134 -0.243665 
135 -0.227582 
136 -0.017879 
137 -0.085871 
138 -0.263813 
139 -0.431733 
140 0.285198 
141 0.247845 
142 0.132865 
143 -0.100467 
144 -0.232080 
145 0.038514 
146 0.414797 
147 0.071682 
148 0.482880 
149 0.072805 
150 0.143376 
151 0.143376 
152 0.143376 
153 -0.148269 
154 -0.224757 
155 -0.278385 
156 0.143376 
157 0.143376 
158 -0.421178 
159 0.143376 
160 0.143376 
161 0.071682 
162 0.143376 
163 0.109421 
164 0.482880 
165 0.414797 
166 -0.170251 
167 0.406780 
168 -0.125253 
169 -0.374919 
170 -0.343599 
171 0.241401 
172 0.461447 
173 -0.278385 
174 0.109421 
175 0.072805 
176 -0.269626 
177 -0.083839 
178 -0.227582 
179 -0.204255 
180 0.036461 
181 -0.469177 
182 0.032838 
183 -0.418228 
184 0.000594 
185 0.414797 
186 0.101708 
187 -0.425072 
188 -0.048109 
189 0.194136 
190 -0.181295 
191 -0.471049 
192 -0.109292 
193 -0.038165 
194 -0.293985 
195 0.018214 
196 0.025095 
197 0.299553 
198 -0.145465 
199 0.319821 
200 0.257116 
201 0.233201 
202 0.448750 
203 -0.077849 
204 -0.486034 
205 -0.041155 
206 0.334072 
207 0.312018 
208 0.019950 
209 0.482880 
210 0.143376 
211 -0.017719 
212 -0.374919 
213 -0.374919 
214 -0.374919 
215 -0.374919 
216 -0.374919 
217 -0.374919 
218 -0.374919 
219 -0.374919 
220 -0.374919 
221 -0.374919 
222 -0.374919 
223 -0.374919 
224 -0.374919 
225 -0.374919 
226 -0.374919 
227 -0.374919 
228 -0.374919 
229 0.109421 
230 0.109421 
231 0.109421 
232 0.109421 
233 0.109421 
234 -0.278385 
235 -0.421178 
236 0.211842 
237 0.482880 
238 -0.421178 
239 -0.421178 
240 0.482784 
241 0.482784 
242 0.482784 
243 0.482784 
244 0.482784 
245 0.482784 
246 0.167346 
247 -0.478910 
248 0.467868 
249 0.261156 
250 -0.268483 
251 -0.390842 
252 -0.301038 
253 0.427571 
254 0.389656 
255 -0.153001 
256 0.482784 
257 0.497989 
258 0.226546 
259 -0.498260 
260 -0.345988 
261 0.023498 
262 -0.142026 
263 0.364473 
264 0.218128 
265 -0.039268 
266 -0.404154 
267 0.264371 
268 0.344022 
269 0.211842 
270 0.344022 
271 -0.227582 
272 0.482784 
273 0.482880 
274 0.482784 
275 -0.227582 
276 -0.266476 
277 -0.155505 
278 -0.330582 
279 -0.038165 
280 -0.269626 
281 0.211842 
282 0.344022 
283 0.275569 
284 0.482784 
285 0.482784 
286 0.482784 
287 0.482784 
288 -0.421178 
289 -0.418228 
290 0.497989 
291 0.497989 
292 0.018214 
293 -0.421178 
294 -0.227582 
295 -0.227582 
296 -0.227582 
297 -0.227582 
298 -0.227582 
299 -0.227582 
300 -0.227582 
301 -0.227582 
302 0.143376 
303 0.143376 
304 -0.017719 
305 0.137558 
306 0.143376 
307 -0.421178 
308 0.334072 
309 0.137558 
310 -0.421178 
311 -0.421178 
312 0.137558 
313 0.275569 
314 0.325579 
315 0.101708 
316 -0.170251 
317 -0.421178 
318 0.109421 
319 0.036461 
320 -0.421178 
321 0.325579 
322 -0.421178 
323 0.325579 
324 0.325579 
325 0.325579 
326 0.325579 
327 0.325579 
328 0.325579 
329 0.325579 
330 0.325579 
331 0.325579 
332 0.325579 
333 0.325579 
334 0.325579 
335 0.325579 
336 0.325579 
337 0.325579 
338 0.325579 
339 0.325579 
340 0.325579 
341 0.325579 
342 0.325579 
343 0.325579 
344 0.325579 
345 0.325579 
346 0.325579 
347 0.325579 
348 0.325579 
349 0.325579 
350 0.325579 
351 0.325579 
352 0.325579 
353 0.325579 
354 0.325579 
355 0.325579 
356 0.325579 
357 0.081187 
358 -0.151626 
359 0.071682 
360 0.045391 
361 -0.491327 
362 0.465635 
363 -0.499792 
364 -0.421178 
365 0.072425 
366 0.161114 
367 -0.405208 
368 0.179499 
369 0.034772 
370 0.049980 
371 -0.339483 
372 0.241401 
373 0.461447 
374 0.104908 
375 -0.243665 
376 -0.227582 
377 -0.017879 
378 -0.085871 
379 -0.263813 
380 -0.431733 
381 0.285198 
382 0.247845 
383 0.132865 
384 -0.100467 
385 -0.232080 
386 0.038514 
387 0.414797 
388 0.414797 
389 0.071682 
390 0.482880 
391 -0.405208 
392 0.179499 
393 0.034772 
394 0.072805 
395 0.049980 
396 -0.148269 
397 -0.224757 
398 0.132865 
399 0.109421 
400 0.275569 
401 0.143376 
402 0.143376 
403 0.143376 
404 -0.278385 
405 -0.278385 
406 -0.278385 
407 -0.278385 
408 -0.278385 
409 -0.278385 
410 -0.278385 
411 0.143376 
412 0.143376 
413 -0.421178 
414 0.143376 
415 0.143376 
416 0.143376 
417 0.143376 
418 0.143376 
419 0.071682 
420 0.143376 
421 0.109421 
422 -0.278385 
423 -0.278385 
424 0.482880 
425 0.482880 
426 0.482880 
427 0.482880 
428 0.482880 
429 0.482880 
430 0.482880 
431 0.482880 
432 0.482880 
433 0.482880 
434 0.482880 
435 0.482880 
436 0.482880 
437 0.482880 
438 -0.278385 
439 0.414797 
440 0.414797 
441 0.414797 
442 0.414797 
443 0.414797 
444 0.414797 
445 0.414797 
446 0.414797 
447 0.414797 
448 0.414797 
449 0.414797 
450 0.414797 
451 0.414797 
452 0.414797 
453 0.414797 
454 -0.278385 
455 -0.278385 
456 -0.278385 
457 -0.170251 
458 -0.170251 
459 -0.170251 
460 -0.170251 
461 -0.170251 
462 -0.170251 
463 -0.170251 
464 -0.170251 
465 -0.170251 
466 -0.170251 
467 -0.170251 
468 -0.170251 
469 -0.170251 
470 -0.170251 
471 0.448750 
472 0.448750 
473 0.448750 
474 0.448750 
475 0.448750 
476 0.448750 
477 0.137558 
478 0.137558 
479 0.137558 
480 0.137558 
481 -0.041155 
482 -0.041155 
483 -0.041155 
484 -0.041155 
485 -0.343599 
486 -0.343599 
487 -0.343599 
488 -0.343599 
489 -0.204255 
490 -0.204255 
491 -0.204255 
492 -0.204255 
493 -0.469177 
494 -0.469177 
495 -0.469177 
496 -0.469177 
497 0.194136 
498 0.194136 
499 0.194136 
500 0.194136 
501 -0.181295 
502 -0.181295 
503 -0.181295 
504 -0.181295 
505 -0.181295 
506 -0.170251 
507 -0.170251 
508 -0.170251 
509 -0.170251 
510 -0.278385 
511 -0.278385 
512 -0.278385 
513 -0.278385 
514 -0.278385 
515 0.406780 
516 0.406780 
517 0.406780 
518 0.406780 
519 0.406780 
520 0.406780 
521 0.406780 
522 0.406780 
523 0.406780 
524 0.406780 
525 0.406780 
526 0.406780 
527 0.406780 
528 0.406780 
529 0.406780 
530 0.406780 
531 0.406780 
532 0.406780 
533 0.406780 
534 0.406780 
535 0.406780 
536 0.406780 
537 0.406780 
538 0.406780 
539 0.406780 
540 0.406780 
541 0.406780 
542 0.406780 
543 0.406780 
544 0.406780 
545 0.406780 
546 0.406780 
547 0.406780 
548 0.406780 
549 0.406780 
550 -0.278385 
551 -0.125253 
552 -0.125253 
553 -0.125253 
554 -0.125253 
555 -0.125253 
556 -0.125253 
557 -0.125253 
558 -0.125253 
559 -0.125253 
560 -0.125253 
561 -0.125253 
562 -0.125253 
563 -0.125253 
564 -0.125253 
565 -0.125253 
566 -0.125253 
567 -0.125253 
568 -0.125253 
569 -0.125253 
570 -0.125253 
571 -0.125253 
572 -0.125253 
573 -0.125253 
574 -0.125253 
575 -0.125253 
576 -0.125253 
577 -0.125253 
578 -0.125253 
579 -0.125253 
580 -0.125253 
581 -0.125253 
582 -0.125253 
583 -0.125253 
584 -0.125253 
585 -0.125253 
586 -0.125253 
587 -0.125253 
588 -0.125253 
589 -0.125253 
590 -0.125253 
591 -0.125253 
592 -0.125253 
593 -0.125253 
594 -0.125253 
595 -0.125253 
596 -0.125253 
597 -0.125253 
598 -0.125253 
599 -0.125253 
600 -0.125253 
601 -0.125253 
602 -0.374919 
603 -0.374919 
604 -0.374919 
605 -0.374919 
606 -0.374919 
607 -0.374919 
608 -0.374919 
609 -0.374919 
610 -0.374919 
611 -0.374919 
612 -0.374919 
613 -0.374919 
614 -0.374919 
615 -0.374919 
616 -0.374919 
617 -0.374919 
618 -0.374919 
619 -0.374919 
620 -0.374919 
621 -0.374919 
622 -0.374919 
623 -0.374919 
624 -0.374919 
625 -0.374919 
626 -0.374919 
627 -0.374919 
628 -0.374919 
629 -0.374919 
630 -0.374919 
631 -0.374919 
632 -0.374919 
633 -0.374919 
634 -0.374919 
635 -0.343599 
636 -0.343599 
637 -0.343599 
638 -0.343599 
639 -0.343599 
640 -0.343599 
641 -0.343599 
642 -0.343599 
643 -0.343599 
644 -0.343599 
645 -0.343599 
646 -0.343599 
647 -0.343599 
648 -0.343599 
649 -0.343599 
650 -0.343599 
651 -0.343599 
652 -0.343599 
653 -0.343599 
654 -0.343599 
655 -0.343599 
656 -0.343599 
657 -0.343599 
658 -0.343599 
659 -0.343599 
660 -0.343599 
661 -0.343599 
662 -0.343599 
663 -0.343599 
664 -0.343599 
665 -0.343599 
666 -0.343599 
667 -0.343599 
668 -0.343599 
669 -0.343599 
670 -0.343599 
671 -0.343599 
672 -0.343599 
673 -0.343599 
674 -0.343599 
675 -0.343599 
676 -0.343599 
677 -0.343599 
678 -0.343599 
679 -0.343599 
680 -0.343599 
681 -0.343599 
682 -0.343599 
683 -0.343599 
684 -0.343599 
685 -0.343599 
686 -0.278385 
687 0.241401 
688 0.241401 
689 0.241401 
690 0.241401 
691 0.241401 
692 0.241401 
693 0.241401 
694 0.241401 
695 0.241401 
696 0.241401 
697 0.241401 
698 0.241401 
699 0.241401 
700 0.241401 
701 0.241401 
702 0.241401 
703 0.241401 
704 0.241401 
705 0.241401 
706 0.241401 
707 0.241401 
708 0.241401 
709 0.241401 
710 0.241401 
711 0.241401 
712 -0.278385 
713 -0.278385 
714 0.414797 
715 -0.278385 
716 -0.278385 
717 -0.278385 
718 0.461447 
719 0.461447 
720 0.461447 
721 0.461447 
722 0.461447 
723 0.461447 
724 0.461447 
725 0.461447 
726 0.461447 
727 0.461447 
728 0.461447 
729 0.461447 
730 0.461447 
731 0.461447 
732 0.461447 
733 0.461447 
734 0.461447 
735 0.461447 
736 0.461447 
737 0.461447 
738 0.461447 
739 0.461447 
740 0.461447 
741 0.461447 
742 0.461447 
743 0.461447 
744 0.461447 
745 -0.278385 
746 -0.278385 
747 -0.278385 
748 -0.278385 
749 -0.278385 
750 -0.278385 
751 0.275569 
752 0.275569 
753 0.275569 
754 -0.278385 
755 -0.278385 
756 0.109421 
757 0.109421 
758 0.109421 
759 0.109421 
760 0.109421 
761 0.109421 
762 0.109421 
763 0.109421 
764 0.109421 
765 0.109421 
766 0.109421 
767 0.109421 
768 0.109421 
769 0.109421 
770 0.109421 
771 0.109421 
772 0.109421 
773 0.109421 
774 0.109421 
775 0.109421 
776 0.109421 
777 0.109421 
778 0.109421 
779 0.109421 
780 0.109421 
781 0.109421 
782 0.109421 
783 0.109421 
784 0.109421 
785 0.109421 
786 0.109421 
787 0.109421 
788 0.109421 
789 0.109421 
790 0.109421 
791 0.109421 
792 0.109421 
793 0.109421 
794 0.109421 
795 0.109421 
796 0.109421 
797 0.109421 
798 0.109421 
799 0.109421 
800 0.109421 
801 0.109421 
802 0.109421 
803 0.109421 
804 0.109421 
805 0.109421 
806 0.109421 
807 0.109421 
808 0.109421 
809 0.109421 
810 0.109421 
811 0.109421 
812 0.072805 
813 0.072805 
814 0.072805 
815 0.072805 
816 0.072805 
817 0.072805 
818 0.072805 
819 0.072805 
820 0.072805 
821 0.072805 
822 0.072805 
823 0.072805 
824 0.072805 
825 0.072805 
826 0.072805 
827 0.072805 
828 0.072805 
829 0.072805 
830 0.072805 
831 0.072805 
832 0.072805 
833 0.072805 
834 0.072805 
835 0.072805 
836 0.072805 
837 0.072805 
838 0.072805 
839 0.072805 
840 0.072805 
841 0.072805 
842 0.072805 
843 0.072805 
844 0.072805 
845 0.072805 
846 0.072805 
847 0.072805 
848 0.072805 
849 0.072805 
850 0.072805 
851 0.072805 
852 0.072805 
853 0.072805 
854 0.072805 
855 0.072805 
856 0.072805 
857 0.072805 
858 0.072805 
859 0.072805 
860 0.072805 
861 0.072805 
862 0.072805 
863 -0.278385 
864 -0.278385 
865 -0.278385 
866 -0.278385 
867 -0.278385 
868 -0.278385 
869 -0.278385 
870 -0.278385 
871 -0.278385 
872 -0.269626 
873 -0.269626 
874 -0.269626 
875 -0.269626 
876 -0.269626 
877 -0.269626 
878 -0.269626 
879 -0.269626 
880 -0.269626 
881 -0.269626 
882 -0.269626 
883 -0.269626 
884 -0.269626 
885 -0.269626 
886 -0.269626 
887 -0.269626 
888 -0.269626 
889 -0.269626 
890 -0.269626 
891 -0.269626 
892 -0.269626 
893 -0.269626 
894 -0.269626 
895 -0.269626 
896 -0.269626 
897 -0.269626 
898 -0.269626 
899 -0.269626 
900 -0.269626 
901 -0.269626 
902 -0.269626 
903 -0.269626 
904 -0.269626 
905 -0.269626 
906 -0.269626 
907 -0.269626 
908 -0.269626 
909 -0.269626 
910 -0.269626 
911 -0.269626 
912 -0.269626 
913 -0.269626 
914 -0.269626 
915 -0.269626 
916 -0.269626 
917 -0.269626 
918 -0.269626 
919 -0.269626 
920 -0.269626 
921 -0.269626 
922 -0.269626 
923 -0.269626 
924 -0.269626 
925 -0.269626 
926 -0.269626 
927 -0.269626 
928 -0.269626 
929 -0.269626 
930 -0.269626 
931 -0.278385 
932 -0.278385 
933 -0.083839 
934 -0.083839 
935 -0.083839 
936 -0.083839 
937 -0.083839 
938 -0.083839 
939 0.032838 
940 0.032838 
941 0.032838 
942 0.032838 
943 0.032838 
944 0.032838 
945 -0.002399 
946 -0.002399 
947 -0.002399 
948 -0.002399 
949 -0.002399 
950 -0.002399 
951 0.406780 
952 0.406780 
953 0.406780 
954 0.406780 
955 -0.401337 
956 -0.401337 
957 -0.401337 
958 -0.401337 
959 -0.080991 
960 -0.080991 
961 -0.080991 
962 -0.080991 
963 0.134296 
964 0.134296 
965 0.134296 
966 0.134296 
967 -0.365495 
968 -0.365495 
969 -0.365495 
970 -0.365495 
971 0.292576 
972 0.292576 
973 0.292576 
974 0.292576 
975 -0.176140 
976 -0.176140 
977 -0.176140 
978 -0.176140 
979 -0.176140 
980 -0.083839 
981 -0.083839 
982 -0.083839 
983 -0.083839 
984 -0.083839 
985 -0.227582 
986 -0.227582 
987 -0.227582 
988 -0.227582 
989 -0.227582 
990 -0.227582 
991 -0.227582 
992 -0.227582 
993 -0.227582 
994 -0.227582 
995 -0.227582 
996 -0.227582 
997 -0.227582 
998 -0.227582 
999 -0.227582 
1000 -0.227582 
1001 -0.227582 
1002 -0.227582 
1003 -0.227582 
1004 -0.227582 
1005 -0.227582 
1006 -0.227582 
1007 -0.227582 
1008 -0.227582 
1009 -0.227582 
1010 -0.227582 
1011 -0.227582 
1012 -0.227582 
1013 -0.227582 
1014 -0.227582 
1015 -0.227582 
1016 -0.227582 
1017 -0.227582 
1018 -0.227582 
1019 -0.227582 
1020 -0.227582 
1021 -0.227582 
1022 -0.227582 
1023 -0.227582 
1024 -0.227582 
1025 -0.227582 
1026 -0.227582 
1027 -0.227582 
1028 -0.227582 
1029 -0.227582 
1030 -0.227582 
1031 -0.227582 
1032 -0.227582 
1033 -0.227582 
1034 -0.227582 
1035 -0.227582 
1036 -0.227582 
1037 -0.227582 
1038 -0.204255 
1039 -0.204255 
1040 -0.204255 
1041 -0.204255 
1042 -0.204255 
1043 -0.204255 
1044 -0.204255 
1045 -0.204255 
1046 -0.204255 
1047 -0.204255 
1048 -0.204255 
1049 -0.204255 
1050 -0.204255 
1051 -0.204255 
1052 -0.204255 
1053 -0.204255 
1054 -0.204255 
1055 -0.204255 
1056 -0.204255 
1057 -0.204255 
1058 -0.204255 
1059 -0.204255 
1060 -0.204255 
1061 -0.204255 
1062 -0.204255 
1063 -0.204255 
1064 -0.204255 
1065 -0.204255 
1066 -0.204255 
1067 -0.204255 
1068 -0.204255 
1069 -0.204255 
1070 -0.204255 
1071 -0.204255 
1072 -0.204255 
1073 -0.204255 
1074 -0.204255 
1075 -0.204255 
1076 -0.204255 
1077 -0.204255 
1078 -0.204255 
1079 -0.204255 
1080 -0.204255 
1081 -0.204255 
1082 -0.204255 
1083 -0.204255 
1084 -0.204255 
1085 -0.204255 
1086 -0.204255 
1087 -0.204255 
1088 -0.204255 
1089 -0.170251 
1090 -0.418228 
1091 0.036461 
1092 0.036461 
1093 0.036461 
1094 0.036461 
1095 0.036461 
1096 0.036461 
1097 0.036461 
1098 0.036461 
1099 0.036461 
1100 0.036461 
1101 0.036461 
1102 0.036461 
1103 0.036461 
1104 0.036461 
1105 0.036461 
1106 0.036461 
1107 0.036461 
1108 0.036461 
1109 0.036461 
1110 0.036461 
1111 0.036461 
1112 0.036461 
1113 0.036461 
1114 0.036461 
1115 0.036461 
1116 0.036461 
1117 0.036461 
1118 0.036461 
1119 0.036461 
1120 0.036461 
1121 0.036461 
1122 0.036461 
1123 0.036461 
1124 0.036461 
1125 0.036461 
1126 0.036461 
1127 0.036461 
1128 0.036461 
1129 0.036461 
1130 0.036461 
1131 0.036461 
1132 0.036461 
1133 0.036461 
1134 0.036461 
1135 0.036461 
1136 0.036461 
1137 -0.469177 
1138 -0.469177 
1139 -0.469177 
1140 -0.469177 
1141 -0.469177 
1142 -0.469177 
1143 -0.469177 
1144 -0.469177 
1145 -0.469177 
1146 -0.469177 
1147 -0.469177 
1148 -0.469177 
1149 -0.469177 
1150 -0.469177 
1151 -0.469177 
1152 -0.469177 
1153 -0.469177 
1154 -0.469177 
1155 -0.469177 
1156 -0.469177 
1157 -0.469177 
1158 -0.469177 
1159 -0.469177 
1160 -0.469177 
1161 -0.469177 
1162 -0.469177 
1163 -0.469177 
1164 -0.469177 
1165 -0.469177 
1166 -0.469177 
1167 -0.469177 
1168 -0.469177 
1169 -0.469177 
1170 -0.469177 
1171 -0.469177 
1172 -0.469177 
1173 -0.469177 
1174 -0.469177 
1175 -0.469177 
1176 -0.469177 
1177 -0.469177 
1178 -0.469177 
1179 -0.469177 
1180 -0.469177 
1181 -0.469177 
1182 -0.469177 
1183 -0.469177 
1184 -0.469177 
1185 -0.469177 
1186 -0.469177 
1187 -0.469177 
1188 0.032838 
1189 0.032838 
1190 0.032838 
1191 0.032838 
1192 0.032838 
1193 0.032838 
1194 0.032838 
1195 0.032838 
1196 0.032838 
1197 0.032838 
1198 0.032838 
1199 0.032838 
1200 0.032838 
1201 0.032838 
1202 0.032838 
1203 0.032838 
1204 0.032838 
1205 0.032838 
1206 0.032838 
1207 0.032838 
1208 0.032838 
1209 0.032838 
1210 0.032838 
1211 0.032838 
1212 0.032838 
1213 0.032838 
1214 0.032838 
1215 0.032838 
1216 0.032838 
1217 0.032838 
1218 -0.293985 
1219 -0.293985 
1220 -0.293985 
1221 -0.293985 
1222 -0.293985 
1223 -0.293985 
1224 0.025095 
1225 0.025095 
1226 0.025095 
1227 0.025095 
1228 -0.145465 
1229 -0.145465 
1230 -0.145465 
1231 -0.145465 
1232 0.019950 
1233 0.019950 
1234 0.019950 
1235 0.019950 
1236 0.032838 
1237 0.032838 
1238 0.032838 
1239 0.032838 
1240 0.104761 
1241 0.104761 
1242 0.104761 
1243 0.104761 
1244 0.104761 
1245 0.104761 
1246 0.104761 
1247 0.104761 
1248 0.104761 
1249 0.104761 
1250 0.104761 
1251 0.104761 
1252 0.104761 
1253 0.104761 
1254 0.104761 
1255 0.104761 
1256 0.104761 
1257 0.104761 
1258 0.104761 
1259 0.104761 
1260 0.104761 
1261 0.104761 
1262 0.104761 
1263 0.104761 
1264 0.104761 
1265 0.104761 
1266 0.104761 
1267 0.104761 
1268 0.104761 
1269 0.104761 
1270 0.104761 
1271 0.104761 
1272 0.104761 
1273 0.104761 
1274 0.104761 
1275 0.104761 
1276 0.104761 
1277 0.104761 
1278 0.104761 
1279 0.104761 
1280 0.104761 
1281 0.104761 
1282 0.104761 
1283 0.104761 
1284 0.104761 
1285 0.104761 
1286 0.104761 
1287 0.104761 
1288 0.104761 
1289 0.104761 
1290 0.104761 
1291 0.104761 
1292 -0.418228 
1293 -0.418228 
1294 -0.418228 
1295 -0.418228 
1296 -0.418228 
1297 -0.418228 
1298 -0.418228 
1299 -0.418228 
1300 -0.418228 
1301 -0.418228 
1302 -0.418228 
1303 -0.418228 
1304 -0.418228 
1305 -0.418228 
1306 -0.418228 
1307 -0.418228 
1308 -0.418228 
1309 -0.418228 
1310 -0.418228 
1311 -0.418228 
1312 -0.418228 
1313 -0.418228 
1314 -0.418228 
1315 -0.418228 
1316 -0.418228 
1317 -0.418228 
1318 -0.418228 
1319 -0.418228 
1320 0.312018 
1321 0.312018 
1322 0.312018 
1323 0.312018 
1324 0.312018 
1325 0.312018 
1326 -0.125253 
1327 -0.125253 
1328 -0.125253 
1329 -0.125253 
1330 0.072805 
1331 0.072805 
1332 0.072805 
1333 0.072805 
1334 0.000594 
1335 0.000594 
1336 0.000594 
1337 0.000594 
1338 0.000594 
1339 -0.471049 
1340 -0.471049 
1341 -0.471049 
1342 -0.471049 
1343 -0.471049 
1344 -0.471049 
1345 -0.471049 
1346 -0.418228 
1347 0.000594 
1348 0.000594 
1349 0.000594 
1350 0.000594 
1351 0.000594 
1352 0.000594 
1353 0.000594 
1354 0.000594 
1355 0.000594 
1356 0.000594 
1357 0.000594 
1358 0.000594 
1359 0.000594 
1360 0.000594 
1361 0.000594 
1362 0.000594 
1363 0.000594 
1364 0.000594 
1365 0.000594 
1366 0.000594 
1367 0.000594 
1368 0.000594 
1369 0.000594 
1370 0.000594 
1371 0.000594 
1372 0.000594 
1373 0.000594 
1374 0.000594 
1375 0.000594 
1376 0.000594 
1377 0.000594 
1378 0.000594 
1379 0.000594 
1380 0.000594 
1381 0.000594 
1382 0.000594 
1383 0.000594 
1384 0.000594 
1385 0.000594 
1386 0.000594 
1387 0.000594 
1388 0.000594 
1389 0.000594 
1390 0.000594 
1391 0.000594 
1392 0.000594 
1393 0.000594 
1394 0.000594 
1395 0.000594 
1396 0.000594 
1397 0.000594 
1398 0.414797 
1399 0.414797 
1400 0.414797 
1401 0.414797 
1402 0.414797 
1403 0.414797 
1404 0.414797 
1405 0.414797 
1406 0.414797 
1407 0.414797 
1408 0.414797 
1409 0.414797 
1410 0.414797 
1411 0.414797 
1412 0.414797 
1413 0.414797 
1414 0.414797 
1415 0.414797 
1416 0.414797 
1417 0.414797 
1418 0.414797 
1419 0.414797 
1420 0.414797 
1421 0.414797 
1422 0.414797 
1423 0.414797 
1424 0.414797 
1425 0.414797 
1426 0.414797 
1427 0.414797 
1428 0.414797 
1429 0.414797 
1430 0.414797 
1431 0.414797 
1432 0.414797 
1433 0.414797 
1434 0.414797 
1435 0.414797 
1436 0.414797 
1437 0.414797 
1438 0.414797 
1439 0.414797 
1440 0.414797 
1441 0.414797 
1442 0.414797 
1443 0.414797 
1444 0.414797 
1445 0.414797 
1446 0.414797 
1447 0.414797 
1448 0.414797 
1449 0.414797 
1450 0.414797 
1451 0.414797 
1452 0.101708 
1453 0.101708 
1454 0.101708 
1455 0.101708 
1456 0.101708 
1457 0.101708 
1458 0.299553 
1459 0.299553 
1460 0.299553 
1461 0.299553 
1462 0.299553 
1463 -0.414280 
1464 -0.414280 
1465 -0.414280 
1466 -0.414280 
1467 -0.127015 
1468 -0.127015 
1469 -0.127015 
1470 -0.127015 
1471 -0.477746 
1472 -0.477746 
1473 -0.477746 
1474 -0.477746 
1475 0.235063 
1476 0.235063 
1477 0.235063 
1478 0.235063 
1479 -0.118812 
1480 -0.118812 
1481 -0.118812 
1482 -0.118812 
1483 -0.095752 
1484 -0.095752 
1485 -0.095752 
1486 -0.095752 
1487 0.461698 
1488 0.461698 
1489 0.461698 
1490 0.461698 
1491 0.208518 
1492 0.208518 
1493 0.208518 
1494 0.208518 
1495 0.208518 
1496 0.101708 
1497 0.101708 
1498 0.101708 
1499 0.101708 
1500 0.101708 
1501 0.101708 
1502 0.101708 
1503 0.101708 
1504 -0.425072 
1505 -0.425072 
1506 -0.425072 
1507 -0.425072 
1508 -0.425072 
1509 -0.425072 
1510 -0.425072 
1511 -0.425072 
1512 -0.425072 
1513 -0.425072 
1514 -0.425072 
1515 -0.425072 
1516 -0.425072 
1517 -0.425072 
1518 -0.425072 
1519 -0.425072 
1520 -0.425072 
1521 -0.425072 
1522 -0.425072 
1523 -0.425072 
1524 -0.425072 
1525 -0.425072 
1526 -0.425072 
1527 -0.425072 
1528 -0.425072 
1529 -0.425072 
1530 -0.425072 
1531 -0.425072 
1532 -0.425072 
1533 -0.425072 
1534 -0.425072 
1535 -0.425072 
1536 -0.425072 
1537 -0.425072 
1538 -0.425072 
1539 -0.425072 
1540 -0.425072 
1541 -0.425072 
1542 -0.425072 
1543 -0.425072 
1544 -0.425072 
1545 -0.425072 
1546 -0.425072 
1547 -0.425072 
1548 -0.425072 
1549 -0.425072 
1550 -0.425072 
1551 -0.425072 
1552 -0.425072 
1553 -0.425072 
1554 -0.425072 
1555 -0.425072 
1556 -0.425072 
1557 -0.425072 
1558 -0.425072 
1559 -0.425072 
1560 -0.425072 
1561 -0.425072 
1562 -0.425072 
1563 -0.425072 
1564 -0.425072 
1565 -0.425072 
1566 -0.425072 
1567 -0.320123 
1568 -0.320123 
1569 -0.320123 
1570 -0.320123 
1571 0.101708 
1572 0.101708 
1573 0.101708 
1574 -0.425072 
1575 -0.048109 
1576 -0.048109 
1577 -0.048109 
1578 -0.048109 
1579 -0.048109 
1580 -0.048109 
1581 -0.048109 
1582 -0.048109 
1583 -0.048109 
1584 -0.048109 
1585 -0.048109 
1586 -0.048109 
1587 -0.048109 
1588 -0.048109 
1589 -0.048109 
1590 -0.048109 
1591 -0.048109 
1592 -0.048109 
1593 -0.048109 
1594 -0.048109 
1595 -0.048109 
1596 -0.048109 
1597 -0.048109 
1598 -0.048109 
1599 -0.048109 
1600 -0.048109 
1601 -0.048109 
1602 -0.048109 
1603 -0.048109 
1604 -0.048109 
1605 -0.048109 
1606 -0.048109 
1607 -0.048109 
1608 -0.048109 
1609 -0.048109 
1610 -0.048109 
1611 -0.048109 
1612 -0.048109 
1613 -0.048109 
1614 -0.048109 
1615 -0.048109 
1616 -0.048109 
1617 -0.048109 
1618 -0.048109 
1619 -0.048109 
1620 -0.048109 
1621 -0.048109 
1622 -0.048109 
1623 -0.048109 
1624 -0.048109 
1625 -0.048109 
1626 -0.048109 
1627 -0.048109 
1628 -0.048109 
1629 -0.048109 
1630 -0.048109 
1631 0.194136 
1632 0.194136 
1633 0.194136 
1634 0.194136 
1635 0.194136 
1636 0.194136 
1637 0.194136 
1638 0.194136 
1639 0.194136 
1640 0.194136 
1641 0.194136 
1642 0.194136 
1643 0.194136 
1644 0.194136 
1645 0.194136 
1646 0.194136 
1647 0.194136 
1648 0.194136 
1649 0.194136 
1650 0.194136 
1651 0.194136 
1652 0.194136 
1653 0.194136 
1654 0.194136 
1655 0.194136 
1656 0.194136 
1657 0.194136 
1658 0.194136 
1659 0.194136 
1660 0.194136 
1661 0.194136 
1662 0.194136 
1663 0.194136 
1664 0.194136 
1665 0.194136 
1666 0.194136 
1667 0.194136 
1668 0.194136 
1669 0.194136 
1670 0.194136 
1671 0.194136 
1672 0.194136 
1673 0.194136 
1674 0.194136 
1675 0.194136 
1676 0.194136 
1677 0.194136 
1678 0.194136 
1679 0.194136 
1680 0.194136 
1681 0.194136 
1682 -0.181295 
1683 -0.181295 
1684 -0.181295 
1685 -0.181295 
1686 -0.181295 
1687 -0.181295 
1688 -0.181295 
1689 -0.181295 
1690 -0.181295 
1691 -0.181295 
1692 -0.181295 
1693 -0.181295 
1694 -0.181295 
1695 -0.181295 
1696 -0.181295 
1697 -0.181295 
1698 -0.181295 
1699 -0.181295 
1700 -0.181295 
1701 -0.181295 
1702 -0.181295 
1703 -0.181295 
1704 -0.181295 
1705 -0.181295 
1706 -0.181295 
1707 -0.181295 
1708 -0.181295 
1709 -0.181295 
1710 -0.181295 
1711 -0.181295 
1712 -0.181295 
1713 -0.181295 
1714 -0.181295 
1715 -0.181295 
1716 -0.181295 
1717 -0.181295 
1718 -0.181295 
1719 -0.181295 
1720 -0.181295 
1721 -0.181295 
1722 -0.181295 
1723 -0.181295 
1724 -0.181295 
1725 -0.181295 
1726 -0.181295 
1727 -0.181295 
1728 -0.181295 
1729 -0.181295 
1730 -0.181295 
1731 -0.181295 
1732 -0.181295 
1733 -0.471049 
1734 -0.471049 
1735 -0.471049 
1736 -0.471049 
1737 -0.471049 
1738 -0.471049 
1739 -0.471049 
1740 -0.471049 
1741 -0.471049 
1742 -0.471049 
1743 -0.471049 
1744 -0.471049 
1745 -0.471049 
1746 -0.471049 
1747 -0.471049 
1748 -0.471049 
1749 -0.471049 
1750 -0.471049 
1751 -0.471049 
1752 -0.471049 
1753 -0.471049 
1754 -0.471049 
1755 -0.471049 
1756 -0.471049 
1757 -0.471049 
1758 -0.471049 
1759 -0.471049 
1760 -0.471049 
1761 -0.471049 
1762 -0.471049 
1763 -0.471049 
1764 -0.471049 
1765 -0.471049 
1766 -0.471049 
1767 -0.471049 
1768 -0.471049 
1769 -0.471049 
1770 -0.471049 
1771 -0.471049 
1772 -0.471049 
1773 -0.471049 
1774 -0.471049 
1775 -0.471049 
1776 -0.471049 
1777 -0.471049 
1778 -0.471049 
1779 -0.471049 
1780 -0.471049 
1781 -0.471049 
1782 -0.471049 
1783 -0.471049 
1784 -0.471049 
1785 -0.109292 
1786 -0.109292 
1787 -0.109292 
1788 -0.109292 
1789 -0.109292 
1790 -0.109292 
1791 -0.109292 
1792 -0.109292 
1793 -0.109292 
1794 -0.109292 
1795 -0.109292 
1796 -0.109292 
1797 -0.109292 
1798 -0.109292 
1799 -0.109292 
1800 -0.109292 
1801 -0.109292 
1802 -0.109292 
1803 -0.109292 
1804 -0.109292 
1805 -0.109292 
1806 -0.109292 
1807 -0.109292 
1808 -0.109292 
1809 -0.109292 
1810 -0.109292 
1811 -0.109292 
1812 -0.109292 
1813 -0.109292 
1814 -0.109292 
1815 -0.109292 
1816 -0.109292 
1817 -0.109292 
1818 -0.109292 
1819 -0.109292 
1820 -0.109292 
1821 -0.109292 
1822 -0.109292 
1823 -0.109292 
1824 -0.109292 
1825 -0.109292 
1826 -0.109292 
1827 -0.109292 
1828 -0.109292 
1829 -0.109292 
1830 -0.109292 
1831 -0.109292 
1832 -0.109292 
1833 -0.109292 
1834 -0.109292 
1835 -0.109292 
1836 -0.109292 
1837 -0.109292 
1838 -0.109292 
1839 -0.109292 
1840 -0.109292 
1841 -0.109292 
1842 -0.109292 
1843 -0.109292 
1844 -0.109292 
1845 -0.109292 
1846 -0.109292 
1847 -0.109292 
1848 -0.109292 
1849 -0.038165 
1850 -0.038165 
1851 -0.038165 
1852 -0.038165 
1853 -0.038165 
1854 -0.038165 
1855 -0.038165 
1856 -0.038165 
1857 -0.038165 
1858 -0.038165 
1859 -0.038165 
1860 -0.038165 
1861 -0.038165 
1862 -0.038165 
1863 -0.038165 
1864 -0.038165 
1865 -0.038165 
1866 -0.038165 
1867 -0.038165 
1868 -0.038165 
1869 -0.038165 
1870 -0.038165 
1871 -0.038165 
1872 -0.038165 
1873 -0.038165 
1874 -0.038165 
1875 -0.038165 
1876 -0.038165 
1877 -0.038165 
1878 -0.038165 
1879 -0.038165 
1880 -0.038165 
1881 -0.038165 
1882 -0.038165 
1883 -0.038165 
1884 -0.038165 
1885 -0.038165 
1886 -0.038165 
1887 -0.038165 
1888 -0.038165 
1889 -0.038165 
1890 -0.038165 
1891 -0.038165 
1892 -0.038165 
1893 -0.038165 
1894 -0.038165 
1895 -0.038165 
1896 -0.038165 
1897 -0.038165 
1898 -0.038165 
1899 -0.038165 
1900 -0.038165 
1901 -0.038165 
1902 -0.038165 
1903 -0.038165 
1904 -0.038165 
1905 -0.038165 
1906 -0.293985 
1907 -0.293985 
1908 -0.293985 
1909 -0.293985 
1910 -0.293985 
1911 -0.293985 
1912 -0.293985 
1913 -0.293985 
1914 -0.293985 
1915 -0.293985 
1916 -0.293985 
1917 -0.293985 
1918 -0.293985 
1919 -0.293985 
1920 -0.293985 
1921 -0.293985 
1922 -0.293985 
1923 -0.293985 
1924 -0.293985 
1925 -0.293985 
1926 -0.293985 
1927 -0.293985 
1928 -0.293985 
1929 -0.293985 
1930 -0.293985 
1931 -0.293985 
1932 -0.293985 
1933 -0.293985 
1934 -0.293985 
1935 -0.293985 
1936 -0.293985 
1937 -0.293985 
1938 -0.293985 
1939 -0.293985 
1940 -0.293985 
1941 -0.293985 
1942 -0.293985 
1943 -0.293985 
1944 -0.293985 
1945 -0.293985 
1946 -0.293985 
1947 -0.293985 
1948 -0.293985 
1949 -0.293985 
1950 -0.293985 
1951 -0.293985 
1952 -0.293985 
1953 -0.293985 
1954 -0.293985 
1955 -0.293985 
1956 -0.293985 
1957 0.018214 
1958 0.018214 
1959 0.018214 
1960 0.018214 
1961 0.018214 
1962 0.018214 
1963 -0.083839 
1964 -0.083839 
1965 -0.083839 
1966 -0.076857 
1967 -0.076857 
1968 -0.076857 
1969 -0.076857 
1970 0.018214 
1971 0.018214 
1972 0.018214 
1973 0.018214 
1974 0.018214 
1975 0.018214 
1976 0.018214 
1977 0.018214 
1978 0.018214 
1979 0.018214 
1980 0.018214 
1981 0.018214 
1982 0.018214 
1983 0.018214 
1984 0.018214 
1985 0.018214 
1986 0.018214 
1987 0.018214 
1988 0.018214 
1989 0.018214 
1990 0.018214 
1991 0.018214 
1992 0.018214 
1993 0.018214 
1994 0.018214 
1995 0.018214 
1996 0.018214 
1997 0.018214 
1998 0.071682 
1999 0.071682 
2000 0.071682 
2001 0.071682 
2002 0.071682 
2003 0.071682 
2004 0.018214 
2005 0.018214 
2006 0.018214 
2007 0.018214 
2008 0.025095 
2009 0.025095 
2010 0.025095 
2011 0.025095 
2012 0.025095 
2013 0.025095 
2014 0.025095 
2015 0.025095 
2016 0.025095 
2017 0.025095 
2018 0.025095 
2019 0.025095 
2020 0.025095 
2021 0.025095 
2022 0.025095 
2023 0.025095 
2024 0.025095 
2025 0.025095 
2026 0.025095 
2027 0.025095 
2028 0.025095 
2029 0.025095 
2030 0.025095 
2031 0.025095 
2032 0.025095 
2033 0.025095 
2034 0.025095 
2035 0.025095 
2036 0.025095 
2037 0.025095 
2038 0.025095 
2039 0.025095 
2040 0.025095 
2041 0.025095 
2042 0.025095 
2043 0.025095 
2044 0.025095 
2045 0.025095 
2046 0.025095 
2047 0.025095 
2048 0.025095 
2049 0.025095 
2050 0.025095 
2051 0.025095 
2052 0.025095 
2053 0.025095 
2054 0.025095 
2055 0.025095 
2056 0.025095 
2057 0.025095 
2058 0.025095 
2059 0.299553 
2060 0.299553 
2061 0.299553 
2062 0.299553 
2063 0.299553 
2064 0.299553 
2065 0.299553 
2066 0.299553 
2067 0.299553 
2068 0.299553 
2069 0.299553 
2070 0.299553 
2071 0.299553 
2072 0.299553 
2073 0.299553 
2074 0.299553 
2075 0.299553 
2076 0.299553 
2077 0.299553 
2078 0.299553 
2079 0.299553 
2080 0.299553 
2081 0.299553 
2082 0.299553 
2083 0.299553 
2084 0.299553 
2085 0.299553 
2086 0.299553 
2087 0.299553 
2088 0.299553 
2089 0.299553 
2090 0.299553 
2091 0.299553 
2092 0.299553 
2093 0.299553 
2094 0.299553 
2095 0.299553 
2096 0.299553 
2097 0.299553 
2098 0.299553 
2099 0.299553 
2100 0.299553 
2101 0.299553 
2102 0.299553 
2103 0.299553 
2104 0.299553 
2105 0.299553 
2106 0.299553 
2107 0.299553 
2108 0.299553 
2109 0.299553 
2110 0.299553 
2111 -0.145465 
2112 -0.145465 
2113 -0.145465 
2114 -0.145465 
2115 -0.145465 
2116 -0.145465 
2117 -0.145465 
2118 -0.145465 
2119 -0.145465 
2120 -0.145465 
2121 -0.145465 
2122 -0.145465 
2123 -0.145465 
2124 -0.145465 
2125 -0.145465 
2126 -0.145465 
2127 -0.145465 
2128 -0.145465 
2129 -0.145465 
2130 -0.145465 
2131 -0.145465 
2132 -0.145465 
2133 -0.145465 
2134 -0.145465 
2135 -0.145465 
2136 -0.145465 
2137 -0.145465 
2138 -0.145465 
2139 -0.145465 
2140 -0.145465 
2141 -0.145465 
2142 -0.145465 
2143 -0.145465 
2144 -0.145465 
2145 -0.145465 
2146 -0.145465 
2147 -0.145465 
2148 -0.145465 
2149 -0.145465 
2150 -0.145465 
2151 -0.145465 
2152 -0.145465 
2153 -0.145465 
2154 -0.145465 
2155 -0.145465 
2156 -0.145465 
2157 -0.145465 
2158 -0.145465 
2159 -0.145465 
2160 -0.145465 
2161 -0.145465 
2162 0.319821 
2163 0.319821 
2164 0.319821 
2165 0.319821 
2166 0.319821 
2167 0.319821 
2168 0.319821 
2169 0.319821 
2170 0.319821 
2171 0.319821 
2172 0.319821 
2173 0.319821 
2174 0.319821 
2175 0.319821 
2176 0.319821 
2177 0.319821 
2178 0.319821 
2179 0.319821 
2180 0.319821 
2181 0.319821 
2182 0.319821 
2183 0.319821 
2184 0.319821 
2185 0.319821 
2186 0.319821 
2187 0.319821 
2188 0.319821 
2189 0.319821 
2190 0.319821 
2191 0.319821 
2192 0.319821 
2193 0.319821 
2194 0.319821 
2195 0.319821 
2196 0.319821 
2197 0.319821 
2198 0.319821 
2199 0.319821 
2200 0.319821 
2201 0.319821 
2202 0.319821 
2203 0.319821 
2204 0.319821 
2205 0.319821 
2206 0.319821 
2207 0.319821 
2208 0.319821 
2209 0.319821 
2210 0.319821 
2211 0.319821 
2212 0.319821 
2213 0.257116 
2214 0.257116 
2215 0.257116 
2216 0.257116 
2217 0.257116 
2218 0.257116 
2219 0.257116 
2220 0.257116 
2221 0.257116 
2222 0.257116 
2223 0.257116 
2224 0.257116 
2225 0.257116 
2226 0.257116 
2227 0.257116 
2228 0.257116 
2229 0.257116 
2230 0.257116 
2231 0.257116 
2232 0.257116 
2233 0.257116 
2234 0.257116 
2235 0.257116 
2236 0.257116 
2237 0.257116 
2238 0.257116 
2239 0.257116 
2240 0.257116 
2241 0.257116 
2242 0.257116 
2243 0.257116 
2244 0.257116 
2245 0.257116 
2246 0.257116 
2247 0.257116 
2248 0.257116 
2249 0.257116 
2250 0.257116 
2251 0.257116 
2252 0.257116 
2253 0.257116 
2254 0.257116 
2255 0.257116 
2256 0.257116 
2257 0.257116 
2258 0.257116 
2259 0.257116 
2260 0.257116 
2261 0.257116 
2262 0.257116 
2263 0.257116 
2264 0.233201 
2265 0.233201 
2266 0.233201 
2267 0.233201 
2268 0.233201 
2269 0.233201 
2270 0.233201 
2271 0.233201 
2272 0.233201 
2273 0.233201 
2274 0.233201 
2275 0.233201 
2276 0.233201 
2277 0.233201 
2278 0.233201 
2279 0.233201 
2280 0.233201 
2281 0.233201 
2282 0.233201 
2283 0.233201 
2284 0.233201 
2285 0.233201 
2286 0.233201 
2287 0.233201 
2288 0.233201 
2289 0.233201 
2290 0.233201 
2291 0.233201 
2292 0.233201 
2293 0.233201 
2294 0.233201 
2295 0.233201 
2296 0.233201 
2297 0.233201 
2298 0.233201 
2299 0.233201 
2300 0.233201 
2301 0.233201 
2302 0.233201 
2303 0.233201 
2304 0.233201 
2305 0.233201 
2306 0.233201 
2307 0.233201 
2308 0.233201 
2309 0.233201 
2310 0.233201 
2311 0.233201 
2312 0.233201 
2313 0.233201 
2314 0.233201 
2315 0.448750 
2316 0.448750 
2317 0.448750 
2318 0.448750 
2319 0.448750 
2320 0.448750 
2321 0.448750 
2322 0.448750 
2323 0.448750 
2324 0.448750 
2325 0.448750 
2326 0.448750 
2327 0.448750 
2328 0.448750 
2329 0.448750 
2330 0.448750 
2331 0.448750 
2332 0.448750 
2333 0.448750 
2334 0.448750 
2335 0.448750 
2336 0.448750 
2337 0.448750 
2338 0.448750 
2339 0.448750 
2340 0.448750 
2341 0.448750 
2342 0.448750 
2343 0.448750 
2344 0.448750 
2345 0.448750 
2346 0.448750 
2347 0.448750 
2348 0.448750 
2349 0.448750 
2350 0.448750 
2351 0.448750 
2352 0.448750 
2353 0.448750 
2354 0.448750 
2355 0.448750 
2356 0.448750 
2357 0.448750 
2358 0.448750 
2359 0.448750 
2360 0.448750 
2361 0.448750 
2362 0.448750 
2363 0.448750 
2364 0.448750 
2365 0.448750 
2366 0.448750 
2367 0.448750 
2368 0.448750 
2369 0.448750 
2370 0.448750 
2371 0.448750 
2372 -0.077849 
2373 -0.077849 
2374 -0.077849 
2375 -0.077849 
2376 -0.077849 
2377 -0.077849 
2378 -0.077849 
2379 -0.077849 
2380 -0.077849 
2381 -0.077849 
2382 -0.077849 
2383 -0.077849 
2384 -0.077849 
2385 -0.077849 
2386 -0.077849 
2387 -0.077849 
2388 -0.077849 
2389 -0.077849 
2390 -0.077849 
2391 -0.077849 
2392 -0.077849 
2393 -0.077849 
2394 -0.077849 
2395 -0.077849 
2396 -0.077849 
2397 -0.077849 
2398 -0.077849 
2399 -0.077849 
2400 -0.077849 
2401 -0.077849 
2402 -0.077849 
2403 -0.077849 
2404 -0.077849 
2405 -0.077849 
2406 -0.077849 
2407 -0.077849 
2408 -0.077849 
2409 -0.077849 
2410 -0.077849 
2411 -0.077849 
2412 -0.077849 
2413 -0.077849 
2414 -0.077849 
2415 -0.077849 
2416 -0.077849 
2417 -0.077849 
2418 -0.077849 
2419 -0.077849 
2420 -0.077849 
2421 -0.077849 
2422 -0.077849 
2423 -0.486034 
2424 -0.486034 
2425 -0.486034 
2426 -0.486034 
2427 -0.486034 
2428 -0.486034 
2429 -0.486034 
2430 -0.486034 
2431 -0.486034 
2432 -0.486034 
2433 -0.486034 
2434 -0.486034 
2435 -0.486034 
2436 -0.486034 
2437 -0.486034 
2438 -0.486034 
2439 -0.486034 
2440 -0.486034 
2441 -0.486034 
2442 -0.486034 
2443 -0.486034 
2444 -0.486034 
2445 -0.486034 
2446 -0.486034 
2447 -0.486034 
2448 -0.486034 
2449 -0.486034 
2450 -0.486034 
2451 -0.486034 
2452 -0.486034 
2453 -0.486034 
2454 -0.486034 
2455 -0.486034 
2456 -0.486034 
2457 -0.486034 
2458 -0.486034 
2459 -0.486034 
2460 -0.486034 
2461 -0.486034 
2462 -0.486034 
2463 -0.486034 
2464 -0.486034 
2465 -0.486034 
2466 -0.486034 
2467 -0.486034 
2468 -0.486034 
2469 -0.486034 
2470 -0.486034 
2471 -0.486034 
2472 -0.486034 
2473 -0.486034 
2474 -0.486034 
2475 -0.041155 
2476 -0.041155 
2477 -0.041155 
2478 -0.041155 
2479 -0.041155 
2480 -0.041155 
2481 -0.041155 
2482 -0.041155 
2483 -0.041155 
2484 -0.041155 
2485 -0.041155 
2486 -0.041155 
2487 -0.041155 
2488 -0.041155 
2489 -0.041155 
2490 -0.041155 
2491 -0.041155 
2492 -0.041155 
2493 -0.041155 
2494 -0.041155 
2495 -0.041155 
2496 -0.041155 
2497 -0.041155 
2498 -0.041155 
2499 -0.041155 
2500 -0.041155 
2501 -0.041155 
2502 -0.041155 
2503 -0.041155 
2504 -0.041155 
2505 -0.041155 
2506 -0.041155 
2507 -0.041155 
2508 -0.041155 
2509 -0.041155 
2510 -0.041155 
2511 -0.041155 
2512 -0.041155 
2513 -0.041155 
2514 -0.041155 
2515 -0.041155 
2516 -0.041155 
2517 -0.041155 
2518 -0.041155 
2519 -0.041155 
2520 -0.041155 
2521 -0.041155 
2522 -0.041155 
2523 -0.041155 
2524 -0.041155 
2525 0.334072 
2526 0.334072 
2527 0.334072 
2528 0.334072 
2529 0.334072 
2530 0.334072 
2531 0.334072 
2532 0.334072 
2533 0.334072 
2534 0.334072 
2535 0.334072 
2536 0.334072 
2537 0.334072 
2538 0.334072 
2539 0.334072 
2540 0.334072 
2541 0.334072 
2542 0.334072 
2543 0.334072 
2544 0.233201 
2545 0.233201 
2546 0.233201 
2547 0.233201 
2548 0.233201 
2549 0.233201 
2550 -0.486034 
2551 -0.486034 
2552 -0.486034 
2553 -0.486034 
2554 0.244836 
2555 0.244836 
2556 0.244836 
2557 0.244836 
2558 0.104761 
2559 0.104761 
2560 0.104761 
2561 0.104761 
2562 0.319821 
2563 0.319821 
2564 0.319821 
2565 0.319821 
2566 0.257116 
2567 0.257116 
2568 0.257116 
2569 0.257116 
2570 -0.077849 
2571 -0.077849 
2572 -0.077849 
2573 -0.077849 
2574 -0.077849 
2575 0.334072 
2576 0.312018 
2577 0.312018 
2578 0.312018 
2579 0.312018 
2580 0.312018 
2581 0.312018 
2582 0.312018 
2583 0.312018 
2584 0.312018 
2585 0.312018 
2586 0.312018 
2587 0.312018 
2588 0.312018 
2589 0.312018 
2590 0.312018 
2591 0.312018 
2592 0.312018 
2593 0.312018 
2594 0.312018 
2595 0.312018 
2596 0.312018 
2597 0.312018 
2598 0.312018 
2599 0.312018 
2600 0.312018 
2601 0.312018 
2602 0.312018 
2603 0.312018 
2604 0.312018 
2605 0.312018 
2606 0.312018 
2607 0.312018 
2608 0.312018 
2609 0.312018 
2610 0.312018 
2611 0.312018 
2612 0.312018 
2613 0.312018 
2614 0.312018 
2615 0.312018 
2616 0.312018 
2617 0.312018 
2618 0.312018 
2619 0.312018 
2620 0.312018 
2621 0.312018 
2622 0.312018 
2623 0.312018 
2624 0.312018 
2625 0.312018 
2626 0.312018 
2627 0.019950 
2628 0.019950 
2629 0.019950 
2630 0.019950 
2631 0.019950 
2632 0.019950 
2633 0.019950 
2634 0.019950 
2635 0.019950 
2636 0.019950 
2637 0.019950 
2638 0.019950 
2639 0.019950 
2640 0.019950 
2641 0.019950 
2642 0.019950 
2643 0.019950 
2644 0.019950 
2645 0.019950 
2646 0.019950 
2647 0.019950 
2648 0.019950 
2649 0.019950 
2650 0.019950 
2651 0.019950 
2652 0.019950 
2653 0.019950 
2654 0.019950 
2655 0.019950 
2656 0.019950 
2657 0.019950 
2658 0.019950 
2659 0.019950 
2660 0.019950 
2661 0.019950 
2662 0.019950 
2663 0.019950 
2664 0.019950 
2665 0.019950 
2666 0.019950 
2667 0.019950 
2668 0.019950 
2669 0.019950 
2670 0.019950 
2671 0.019950 
2672 0.019950 
2673 0.019950 
2674 0.019950 
2675 0.019950 
2676 0.019950 
2677 0.019950 
2678 0.482880 
2679 0.482880 
2680 0.482880 
2681 0.482880 
2682 0.482880 
2683 0.482880 
2684 0.482880 
2685 0.482880 
2686 0.482880 
2687 0.482880 
2688 0.482880 
2689 0.482880 
2690 0.482880 
2691 0.482880 
2692 0.482880 
2693 0.482880 
2694 0.482880 
2695 0.482880 
2696 0.482880 
2697 0.482880 
2698 0.482880 
2699 0.482880 
2700 0.482880 
2701 0.482880 
2702 0.482880 
2703 0.482880 
2704 0.482880 
2705 0.482880 
2706 0.482880 
2707 0.482880 
2708 0.482880 
2709 0.482880 
2710 0.482880 
2711 0.482880 
2712 0.482880 
2713 0.482880 
2714 0.482880 
2715 0.482880 
2716 0.482880 
2717 0.482880 
2718 0.482880 
2719 0.482880 
2720 0.482880 
2721 0.482880 
2722 0.482880 
2723 0.482880 
2724 0.482880 
2725 0.482880 
2726 0.482880 
2727 0.482880 
2728 0.482880 
2729 0.482880 
2730 0.482880 
2731 -0.017719 
2732 0.143376 
2733 0.143376 
2734 -0.017719 
2735 -0.017719 
2736 -0.017719 
2737 -0.017719 
2738 -0.017719 
2739 -0.374919 
2740 -0.374919 
2741 -0.374919 
2742 -0.374919 
2743 -0.374919 
2744 -0.374919 
2745 -0.374919 
2746 -0.374919 
2747 -0.374919 
2748 -0.374919 
2749 -0.374919 
2750 -0.374919 
2751 -0.374919 
2752 -0.374919 
2753 -0.374919 
2754 -0.374919 
2755 -0.374919 
2756 -0.374919 
2757 -0.374919 
2758 -0.374919 
2759 -0.374919 
2760 -0.374919 
2761 -0.374919 
2762 -0.374919 
2763 -0.374919 
2764 -0.374919 
2765 -0.374919 
2766 -0.374919 
2767 -0.374919 
2768 -0.374919 
2769 -0.374919 
2770 -0.374919 
2771 -0.374919 
2772 -0.374919 
2773 -0.374919 
2774 -0.374919 
2775 -0.374919 
2776 -0.374919 
2777 -0.374919 
2778 -0.374919 
2779 -0.374919 
2780 -0.374919 
2781 -0.374919 
2782 -0.374919 
2783 -0.374919 
2784 -0.374919 
2785 -0.374919 
2786 -0.374919 
2787 -0.374919 
2788 -0.374919 
2789 -0.374919 
2790 -0.374919 
2791 -0.374919 
2792 0.109421 
2793 0.109421 
2794 0.109421 
2795 0.109421 
2796 0.109421 
2797 0.109421 
2798 0.109421 
2799 0.109421 
2800 0.109421 
2801 0.109421 
2802 0.109421 
2803 0.109421 
2804 0.109421 
2805 0.109421 
2806 0.109421 
2807 0.109421 
2808 0.109421 
2809 0.109421 
2810 0.109421 
2811 0.109421 
2812 0.109421 
2813 0.109421 
2814 0.109421 
2815 0.109421 
2816 0.018214 
2817 -0.278385 
2818 -0.421178 
2819 0.211842 
2820 0.482880 
2821 0.482880 
2822 0.482880 
2823 0.482880 
2824 0.482880 
2825 0.482880 
2826 0.482880 
2827 0.482880 
2828 0.482784 
2829 -0.421178 
2830 -0.421178 
2831 -0.421178 
2832 -0.421178 
2833 -0.421178 
2834 -0.421178 
2835 -0.421178 
2836 0.334072 
2837 -0.421178 
2838 -0.421178 
2839 0.399793 
2840 0.144356 
2841 0.482784 
2842 0.482784 
2843 0.482784 
2844 0.482784 
2845 0.482784 
2846 0.482784 
2847 0.167346 
2848 -0.478910 
2849 0.467868 
2850 0.261156 
2851 -0.268483 
2852 -0.390842 
2853 -0.301038 
2854 0.427571 
2855 0.389656 
2856 -0.153001 
2857 0.482784 
2858 0.497989 
2859 0.226546 
2860 -0.498260 
2861 -0.345988 
2862 0.023498 
2863 -0.142026 
2864 0.364473 
2865 0.218128 
2866 -0.039268 
2867 -0.404154 
2868 0.264371 
2869 -0.401337 
2870 -0.080991 
2871 0.134296 
2872 -0.365495 
2873 0.344022 
2874 0.292576 
2875 -0.176140 
2876 -0.076857 
2877 -0.414280 
2878 -0.127015 
2879 -0.477746 
2880 0.235063 
2881 -0.118812 
2882 -0.095752 
2883 0.461698 
2884 0.482784 
2885 0.482784 
2886 -0.227582 
2887 0.482784 
2888 0.482880 
2889 0.482784 
2890 -0.227582 
2891 -0.227582 
2892 -0.266476 
2893 -0.155505 
2894 -0.330582 
2895 -0.038165 
2896 -0.269626 
2897 0.211842 
2898 0.344022 
2899 0.275569 
2900 0.482784 
2901 0.482784 
2902 0.482784 
2903 0.482784 
2904 -0.421178 
2905 -0.421178 
2906 0.233201 
2907 -0.017879 
2908 -0.330582 
2909 -0.330582 
2910 -0.243665 
2911 -0.272971 
2912 -0.499792 
2913 -0.499792 
2914 0.000594 
2915 0.081187 
2916 0.000594 
2917 0.072425 
2918 0.072425 
2919 -0.151626 
2920 0.000594 
2921 0.045391 
2922 -0.491327 
2923 0.000594 
2924 0.465635 
2925 -0.339483 
2926 -0.330582 
2927 -0.330582 
2928 -0.330582 
2929 -0.017879 
2930 -0.330582 
2931 -0.017879 
2932 -0.330582 
2933 -0.017879 
2934 -0.017879 
2935 -0.320123 
2936 -0.330582 
2937 -0.320123 
2938 -0.320123 
2939 0.497989 
2940 0.497989 
2941 0.497989 
2942 0.497989 
2943 0.497989 
2944 -0.330582 
2945 -0.339483 
2946 -0.017879 
2947 -0.320123 
2948 -0.320123 
2949 -0.330582 
2950 -0.320123 
2951 -0.330582 
2952 -0.330582 
2953 -0.330582 
2954 -0.320123 
2955 -0.320123 
2956 -0.330582 
2957 -0.330582 
2958 -0.227582 
2959 -0.320123 
2960 -0.017879 
2961 -0.227582 
2962 -0.339483 
2963 0.148918 
2964 0.148918 
2965 0.148918 
2966 0.148918 
2967 0.148918 
2968 0.148918 
2969 0.148918 
2970 0.148918 
2971 0.148918 
2972 0.148918 
2973 0.148918 
2974 0.148918 
2975 0.148918 
2976 0.148918 
2977 0.148918 
2978 0.148918 
2979 0.148918 
2980 0.148918 
2981 0.148918 
2982 0.148918 
2983 0.148918 
2984 0.148918 
2985 0.148918 
2986 0.148918 
2987 0.148918 
2988 0.148918 
2989 0.148918 
2990 0.148918 
2991 0.148918 
2992 0.148918 
2993 0.148918 
2994 0.148918 
2995 0.148918 
2996 -0.330582 
2997 -0.330582 
2998 -0.330582 
2999 -0.330582 
3000 -0.471049 
3001 -0.330582 
3002 -0.330582 
3003 -0.330582 
3004 -0.330582 
3005 -0.330582 
3006 -0.330582 
3007 -0.339483 
3008 0.299553 
3009 0.299553 
3010 0.299553 
3011 -0.017879 
3012 -0.048109 
3013 -0.330582 
3014 0.161114 
3015 -0.471049 
3016 -0.320123 
3017 -0.320123 
3018 0.233201 
3019 -0.330582 
3020 0.233201 
3021 0.233201 
3022 -0.330582 
3023 -0.471049 
3024 -0.339483 
3025 0.299553 
3026 0.299553 
3027 0.233201 
3028 0.161114 
3029 0.233201 
3030 -0.330582 
