958 1
491 0.489040 
407 0.489040 
587 0.489040 
653 0.489040 
728 0.489040 
58 0.489040 
558 0.489040 
447 0.469649 
488 0.469649 
550 0.469649 
954 0.469649 
27 0.469649 
619 0.469649 
237 0.469649 
231 0.469649 
180 0.469649 
853 0.469649 
855 0.469649 
53 0.469649 
74 0.469649 
583 0.469649 
191 0.469649 
146 0.469649 
766 0.469649 
615 0.469649 
758 0.469649 
756 0.469649 
746 0.469649 
261 0.469649 
342 0.449981 
819 0.449981 
774 0.449981 
343 0.449981 
344 0.449981 
676 0.449981 
100 0.449981 
214 0.449981 
349 0.449981 
780 0.449981 
753 0.449981 
98 0.449981 
939 0.449981 
67 0.449981 
691 0.449981 
285 0.449981 
941 0.449981 
14 0.449981 
622 0.449981 
889 0.449981 
228 0.449981 
41 0.449981 
696 0.449981 
620 0.425883 
872 0.425883 
265 0.425883 
497 0.425883 
415 0.425883 
201 0.425883 
871 0.425883 
888 0.425883 
627 0.425883 
806 0.425883 
892 0.425883 
271 0.425883 
664 0.425883 
895 0.425883 
330 0.425883 
571 0.425883 
745 0.425883 
598 0.425883 
435 0.421167 
510 0.421167 
376 0.393404 
458 0.393404 
519 0.393404 
175 0.392285 
863 0.392285 
168 0.392285 
580 0.392285 
876 0.392285 
599 0.392285 
553 0.392285 
927 0.392285 
601 0.392285 
551 0.392285 
520 0.392285 
878 0.392285 
229 0.392285 
178 0.392285 
220 0.392285 
678 0.392285 
672 0.392285 
59 0.392285 
32 0.392285 
713 0.392285 
714 0.392285 
716 0.392285 
718 0.392285 
198 0.392285 
743 0.392285 
267 0.392285 
572 0.391380 
821 0.391380 
249 0.391380 
570 0.391380 
699 0.391380 
824 0.391380 
46 0.391380 
186 0.391380 
207 0.391380 
643 0.391380 
298 0.384610 
399 0.384610 
268 0.384610 
398 0.384610 
133 0.384610 
394 0.384610 
369 0.384610 
296 0.384610 
134 0.384610 
902 0.384610 
239 0.384610 
424 0.384610 
840 0.384610 
881 0.384610 
459 0.384610 
352 0.384610 
325 0.384610 
879 0.384610 
12 0.384610 
123 0.384610 
85 0.384610 
693 0.384610 
775 0.384610 
640 0.384610 
782 0.384610 
778 0.384610 
115 0.384610 
31 0.384610 
476 0.374429 
540 0.374429 
390 0.374429 
0 0.364061 
555 0.364061 
490 0.364061 
406 0.364061 
585 0.364061 
727 0.364061 
294 0.356186 
582 0.356186 
584 0.356186 
761 0.356186 
586 0.356186 
730 0.356186 
179 0.356186 
251 0.356186 
870 0.356186 
73 0.356186 
48 0.356186 
190 0.356186 
715 0.356186 
300 0.356186 
25 0.356186 
712 0.356186 
235 0.356186 
951 0.356186 
219 0.356186 
828 0.356186 
826 0.356186 
554 0.356186 
106 0.356186 
525 0.352023 
378 0.352023 
461 0.352023 
164 0.330155 
508 0.330155 
501 0.330155 
629 0.330020 
579 0.330020 
188 0.330020 
70 0.330020 
641 0.330020 
200 0.330020 
203 0.330020 
658 0.330020 
34 0.330020 
244 0.330020 
804 0.330020 
800 0.330020 
613 0.330020 
611 0.330020 
764 0.327857 
894 0.327857 
747 0.327857 
119 0.327857 
682 0.327857 
868 0.327857 
337 0.327857 
833 0.327857 
336 0.327857 
346 0.327857 
227 0.327857 
256 0.327857 
866 0.327857 
773 0.327857 
324 0.327857 
104 0.327857 
299 0.327857 
63 0.327857 
81 0.327857 
634 0.327857 
368 0.327857 
114 0.327857 
3 0.327857 
2 0.327857 
124 0.323097 
240 0.323097 
457 0.323097 
791 0.323097 
141 0.323097 
304 0.323097 
899 0.323097 
137 0.323097 
427 0.323097 
35 0.323097 
15 0.323097 
379 0.323097 
905 0.323097 
297 0.323097 
87 0.323097 
353 0.323097 
904 0.323097 
841 0.323097 
130 0.323097 
776 0.323097 
355 0.323097 
431 0.323097 
783 0.323097 
272 0.323097 
644 0.323097 
448 0.323097 
404 0.323097 
694 0.323097 
511 0.314271 
436 0.314271 
451 0.312273 
517 0.312273 
373 0.312273 
544 0.311693 
396 0.311693 
481 0.311693 
687 0.305673 
827 0.305673 
633 0.305673 
893 0.305673 
763 0.305673 
354 0.305673 
347 0.305673 
680 0.305673 
726 0.305673 
334 0.305673 
831 0.305673 
332 0.305673 
825 0.305673 
289 0.305673 
326 0.305673 
318 0.305673 
1 0.305673 
250 0.305673 
54 0.305673 
948 0.305673 
222 0.305673 
950 0.305673 
78 0.305673 
112 0.305673 
117 0.305673 
102 0.305673 
485 0.260419 
578 0.260419 
402 0.260419 
723 0.260419 
548 0.260419 
526 0.228231 
463 0.228231 
382 0.228231 
592 0.215136 
802 0.215136 
423 0.215136 
420 0.215136 
412 0.215136 
328 0.215136 
660 0.215136 
93 0.215136 
139 0.215136 
563 0.215136 
742 0.215136 
384 0.205169 
468 0.205169 
532 0.205169 
61 0.176591 
11 0.176591 
284 0.176591 
348 0.176591 
10 0.176591 
656 0.176591 
752 0.176591 
618 0.176591 
684 0.176591 
816 0.176591 
329 0.176591 
333 0.176591 
225 0.176591 
95 0.176591 
739 0.176591 
887 0.176591 
675 0.176591 
737 0.176591 
210 0.176591 
936 0.176591 
99 0.176591 
938 0.176591 
449 0.111219 
513 0.111219 
371 0.111219 
467 0.095713 
383 0.095713 
529 0.095713 
909 0.087949 
194 0.087949 
51 0.087949 
686 0.087949 
688 0.087949 
213 0.087949 
536 0.087949 
740 0.087949 
40 0.087949 
226 0.087949 
569 0.087949 
733 0.087949 
937 0.087949 
577 0.087949 
719 0.087949 
607 0.087949 
609 0.087949 
865 0.087949 
915 0.087949 
173 0.087949 
278 0.087949 
539 0.087949 
69 0.087949 
187 0.087949 
538 0.078827 
389 0.078827 
474 0.078827 
835 0.058501 
859 0.058501 
264 0.058501 
113 0.058501 
319 0.058501 
47 0.058501 
327 0.058501 
77 0.002316 
82 0.002316 
654 0.002316 
561 0.002316 
410 0.002316 
588 0.002316 
734 0.002316 
492 0.002316 
471 -0.016910 
387 -0.016910 
534 -0.016910 
605 -0.030169 
176 -0.030169 
697 -0.030169 
552 -0.030169 
258 -0.030169 
709 -0.030169 
30 -0.030169 
674 -0.030169 
861 -0.030169 
167 -0.030169 
600 -0.030169 
843 -0.030169 
594 -0.030169 
593 -0.030169 
469 -0.030169 
846 -0.030169 
157 -0.030169 
925 -0.030169 
215 -0.030169 
196 -0.030169 
192 -0.030169 
692 -0.030169 
542 -0.030169 
671 -0.030169 
55 -0.030169 
515 -0.030169 
820 -0.062380 
350 -0.062380 
754 -0.062380 
755 -0.062380 
741 -0.062380 
711 -0.062380 
677 -0.062380 
303 -0.062380 
105 -0.062380 
103 -0.062380 
757 -0.062380 
307 -0.062380 
18 -0.062380 
71 -0.062380 
942 -0.062380 
625 -0.062380 
890 -0.062380 
218 -0.062380 
286 -0.062380 
64 -0.062380 
943 -0.062380 
230 -0.062380 
935 -0.078617 
608 -0.078617 
357 -0.078617 
668 -0.078617 
212 -0.078617 
953 -0.078617 
276 -0.078617 
810 -0.078617 
877 -0.078617 
917 -0.078617 
282 -0.078617 
956 -0.078617 
911 -0.078617 
932 -0.078617 
417 -0.078617 
749 -0.078617 
290 -0.078617 
685 -0.078617 
721 -0.078617 
722 -0.091454 
401 -0.091454 
547 -0.091454 
576 -0.091454 
483 -0.091454 
565 -0.098608 
182 -0.098608 
560 -0.098608 
128 -0.108790 
13 -0.108790 
118 -0.108790 
765 -0.108790 
260 -0.108790 
6 -0.108790 
110 -0.108790 
837 -0.108790 
897 -0.108790 
769 -0.108790 
335 -0.108790 
83 -0.108790 
386 -0.108790 
689 -0.108790 
882 -0.108790 
770 -0.108790 
345 -0.108790 
370 -0.108790 
366 -0.108790 
638 -0.108790 
313 -0.108790 
311 -0.108790 
236 -0.108790 
852 -0.108790 
101 -0.108790 
148 -0.120873 
39 -0.120873 
913 -0.120873 
646 -0.120873 
814 -0.120873 
452 -0.120873 
500 -0.120873 
784 -0.120873 
277 -0.120873 
507 -0.120873 
817 -0.120873 
374 -0.120873 
364 -0.120873 
126 -0.120873 
129 -0.120873 
360 -0.120873 
165 -0.120873 
845 -0.120873 
443 -0.120873 
247 -0.120873 
470 -0.120873 
439 -0.120873 
921 -0.120873 
19 -0.120873 
702 -0.120873 
484 -0.120873 
916 -0.120873 
156 -0.120873 
512 -0.136288 
444 -0.136288 
79 -0.143391 
659 -0.143391 
411 -0.143391 
591 -0.143391 
495 -0.143391 
738 -0.143391 
88 -0.143391 
562 -0.143391 
797 -0.143391 
310 -0.143391 
52 -0.167149 
537 -0.167149 
514 -0.167149 
947 -0.167149 
818 -0.167149 
945 -0.167149 
24 -0.167149 
815 -0.167149 
647 -0.167149 
703 -0.167149 
786 -0.167149 
478 -0.167149 
166 -0.167149 
919 -0.167149 
442 -0.167149 
413 -0.167149 
409 -0.167149 
159 -0.167149 
849 -0.167149 
248 -0.167149 
393 -0.167149 
391 -0.167149 
149 -0.167149 
288 -0.167149 
138 -0.167149 
132 -0.167149 
509 -0.167149 
516 -0.167149 
68 -0.182642 
302 -0.182642 
4 -0.182642 
331 -0.182642 
635 -0.182642 
108 -0.182642 
729 -0.182642 
847 -0.182642 
848 -0.182642 
759 -0.182642 
306 -0.182642 
768 -0.182642 
234 -0.182642 
122 -0.182642 
362 -0.182642 
90 -0.182642 
351 -0.182642 
683 -0.182642 
385 -0.182642 
896 -0.182642 
7 -0.182642 
116 -0.182642 
834 -0.182642 
259 -0.182642 
612 -0.187575 
862 -0.187575 
28 -0.187575 
657 -0.187575 
793 -0.187575 
955 -0.187575 
858 -0.187575 
199 -0.187575 
56 -0.187575 
181 -0.187575 
75 -0.187575 
462 -0.187575 
233 -0.187575 
789 -0.187575 
559 -0.187575 
465 -0.187575 
263 -0.187575 
556 -0.187575 
153 -0.187575 
338 -0.189212 
340 -0.189212 
359 -0.189212 
771 -0.189212 
772 -0.189212 
131 -0.189212 
639 -0.189212 
690 -0.189212 
84 -0.189212 
238 -0.189212 
777 -0.189212 
372 -0.189212 
875 -0.189212 
403 -0.189212 
873 -0.189212 
380 -0.189212 
381 -0.189212 
320 -0.189212 
21 -0.189212 
109 -0.189212 
293 -0.189212 
839 -0.189212 
292 -0.189212 
9 -0.189212 
120 -0.189212 
901 -0.189212 
266 -0.189212 
125 -0.189212 
217 -0.194707 
779 -0.194707 
189 -0.194707 
65 -0.194707 
822 -0.194707 
44 -0.194707 
869 -0.194707 
785 -0.194707 
72 -0.194707 
232 -0.194707 
242 -0.194707 
701 -0.194707 
940 -0.194707 
174 -0.194707 
23 -0.194707 
710 -0.194707 
796 -0.194707 
596 -0.194707 
590 -0.194707 
614 -0.194707 
617 -0.194707 
649 -0.195391 
914 -0.195391 
283 -0.195391 
813 -0.195391 
655 -0.195391 
751 -0.195391 
280 -0.195391 
908 -0.195391 
315 -0.195391 
60 -0.195391 
425 -0.195391 
5 -0.195391 
934 -0.195391 
363 -0.195391 
673 -0.195391 
209 -0.195391 
884 -0.195391 
94 -0.195391 
732 -0.195391 
735 -0.195391 
931 -0.195391 
616 -0.195391 
223 -0.195391 
314 -0.195391 
92 -0.200109 
418 -0.200109 
670 -0.200109 
930 -0.200109 
698 -0.200109 
305 -0.200109 
322 -0.200109 
358 -0.200109 
49 -0.200109 
700 -0.200109 
216 -0.200109 
883 -0.200109 
933 -0.200109 
291 -0.200109 
750 -0.200109 
281 -0.200109 
812 -0.200109 
610 -0.200109 
949 -0.200109 
952 -0.200109 
246 -0.219281 
43 -0.219281 
642 -0.219281 
145 -0.219281 
86 -0.219281 
630 -0.219281 
446 -0.219281 
808 -0.219281 
811 -0.219281 
204 -0.219281 
487 -0.219281 
309 -0.220746 
437 -0.220746 
426 -0.220746 
143 -0.220746 
91 -0.220746 
316 -0.220746 
440 -0.220746 
445 -0.220746 
16 -0.220746 
499 -0.220746 
274 -0.220746 
767 -0.220746 
805 -0.220746 
464 -0.220746 
886 -0.220746 
144 -0.220746 
844 -0.220746 
245 -0.220746 
361 -0.220746 
400 -0.220746 
903 -0.220746 
695 -0.220746 
781 -0.220746 
135 -0.220746 
36 -0.220746 
907 -0.220746 
127 -0.220746 
645 -0.220746 
405 -0.227353 
581 -0.227353 
486 -0.227353 
724 -0.227353 
549 -0.227353 
477 -0.236219 
652 -0.236219 
341 -0.236219 
650 -0.236219 
152 -0.236219 
206 -0.236219 
45 -0.236219 
147 -0.236219 
255 -0.236219 
498 -0.236219 
494 -0.236219 
421 -0.236219 
438 -0.236219 
606 -0.236219 
707 -0.236219 
832 -0.236219 
854 -0.236219 
121 -0.236219 
595 -0.236219 
923 -0.236219 
809 -0.236219 
441 -0.236219 
22 -0.236219 
790 -0.236219 
632 -0.236219 
160 -0.236219 
456 -0.236219 
193 -0.236219 
906 -0.236568 
273 -0.236568 
493 -0.236568 
489 -0.236568 
161 -0.236568 
910 -0.236568 
900 -0.240783 
885 -0.240783 
798 -0.240783 
795 -0.240783 
829 -0.240783 
792 -0.240783 
957 -0.240783 
269 -0.240783 
202 -0.240783 
628 -0.240783 
197 -0.240783 
184 -0.240783 
29 -0.240783 
662 -0.240783 
631 -0.240783 
621 -0.240783 
252 -0.240783 
241 -0.240783 
57 -0.240783 
567 -0.240783 
666 -0.240783 
76 -0.240783 
504 -0.254663 
430 -0.254663 
367 -0.254663 
898 -0.314862 
602 -0.314862 
604 -0.314862 
172 -0.314862 
929 -0.314862 
224 -0.314862 
270 -0.314862 
566 -0.314862 
211 -0.314862 
177 -0.314862 
183 -0.314862 
533 -0.314862 
528 -0.314862 
880 -0.314862 
864 -0.314862 
20 -0.314862 
736 -0.314862 
731 -0.314862 
717 -0.314862 
38 -0.314862 
681 -0.314862 
62 -0.314862 
624 -0.314862 
661 -0.314862 
518 -0.338949 
375 -0.338949 
454 -0.338949 
429 -0.347072 
365 -0.347072 
838 -0.384293 
17 -0.384293 
472 -0.384293 
527 -0.384293 
466 -0.384293 
836 -0.384293 
205 -0.384293 
254 -0.384293 
453 -0.384293 
522 -0.384293 
851 -0.384293 
432 -0.384293 
433 -0.384293 
651 -0.384293 
623 -0.384293 
97 -0.384293 
706 -0.384293 
42 -0.384293 
142 -0.384293 
150 -0.384293 
788 -0.384293 
155 -0.384293 
636 -0.384293 
922 -0.384293 
170 -0.384293 
530 -0.384293 
96 -0.385865 
339 -0.385865 
663 -0.385865 
323 -0.385865 
744 -0.385865 
496 -0.385865 
597 -0.385865 
803 -0.385865 
414 -0.385865 
158 -0.385865 
564 -0.385865 
546 -0.385865 
541 -0.385865 
33 -0.393128 
762 -0.393128 
946 -0.393128 
944 -0.393128 
66 -0.393128 
321 -0.393128 
317 -0.393128 
89 -0.393128 
312 -0.393128 
308 -0.393128 
301 -0.393128 
295 -0.393128 
287 -0.393128 
891 -0.393128 
107 -0.393128 
111 -0.393128 
243 -0.393128 
221 -0.393128 
626 -0.393128 
760 -0.393128 
799 -0.393128 
725 -0.393128 
720 -0.393128 
823 -0.393128 
679 -0.393128 
208 -0.394698 
479 -0.394698 
257 -0.394698 
502 -0.394698 
154 -0.394698 
506 -0.394698 
521 -0.394698 
523 -0.394698 
924 -0.394698 
794 -0.394698 
162 -0.394698 
195 -0.394698 
185 -0.394698 
573 -0.394698 
169 -0.394698 
568 -0.394698 
842 -0.394698 
867 -0.394698 
26 -0.394698 
708 -0.394698 
705 -0.394698 
50 -0.394698 
860 -0.394698 
669 -0.394698 
667 -0.394698 
475 -0.394698 
637 -0.394698 
388 -0.399276 
535 -0.399276 
473 -0.399276 
136 -0.418680 
8 -0.418680 
920 -0.418680 
163 -0.418680 
419 -0.418680 
37 -0.418680 
801 -0.418680 
140 -0.418680 
787 -0.418680 
704 -0.418680 
80 -0.418680 
589 -0.418680 
648 -0.418680 
151 -0.418680 
830 -0.418680 
450 -0.418680 
850 -0.418680 
455 -0.418680 
422 -0.418680 
171 -0.418680 
253 -0.418680 
503 -0.418680 
395 -0.418680 
408 -0.418680 
557 -0.418680 
531 -0.418680 
428 -0.452085 
524 -0.463589 
460 -0.463589 
377 -0.463589 
482 -0.482654 
545 -0.482654 
397 -0.482654 
480 -0.497888 
543 -0.497888 
392 -0.497888 
575 -0.497888 
434 -0.498111 
505 -0.498111 
356 -0.499759 
275 -0.499759 
874 -0.499759 
748 -0.499759 
416 -0.499759 
857 -0.499759 
856 -0.499759 
665 -0.499759 
279 -0.499759 
603 -0.499759 
262 -0.499759 
928 -0.499759 
926 -0.499759 
574 -0.499759 
912 -0.499759 
918 -0.499759 
807 -0.499759 
