1518 1
846 3.145944 
1233 3.125211 
894 3.083354 
88 3.051529 
517 2.985219 
1119 2.977629 
342 2.962914 
215 2.957437 
1373 2.950923 
233 2.942253 
755 2.933368 
1221 2.919283 
735 2.905453 
709 2.880249 
377 2.862319 
545 2.851502 
840 2.833756 
208 2.829468 
351 2.820820 
195 2.809506 
231 2.803197 
466 2.800542 
739 2.790196 
1356 2.767565 
864 2.765168 
199 2.748500 
344 2.719234 
988 2.711532 
448 2.709374 
720 2.702573 
613 2.677418 
1256 2.672030 
238 2.655212 
217 2.652859 
1108 2.621218 
1092 2.605931 
339 2.605528 
170 2.584018 
553 2.581266 
111 2.574738 
1354 2.574373 
900 2.554860 
50 2.551623 
588 2.549718 
361 2.542094 
1155 2.541634 
1114 2.534035 
632 2.515285 
206 2.514280 
1386 2.508680 
958 2.508168 
1348 2.501655 
809 2.499865 
1319 2.486663 
1382 2.483103 
452 2.479301 
1419 2.474200 
114 2.459523 
224 2.457848 
889 2.456308 
783 2.442801 
1044 2.434462 
542 2.432356 
978 2.430699 
743 2.426760 
1477 2.426568 
264 2.416003 
163 2.411191 
1057 2.400588 
1088 2.392612 
1406 2.390620 
1469 2.386884 
1014 2.383988 
355 2.361541 
176 2.358906 
1429 2.356800 
76 2.354928 
492 2.348204 
1199 2.341881 
601 2.339045 
907 2.335143 
1161 2.334901 
943 2.328110 
970 2.328054 
1426 2.320613 
1176 2.318820 
1008 2.307183 
167 2.306144 
394 2.300430 
826 2.295930 
620 2.292008 
8 2.288388 
65 2.286383 
1294 2.278818 
1288 2.278464 
1268 2.276834 
1131 2.272317 
1347 2.271603 
857 2.271546 
105 2.262548 
879 2.259161 
409 2.258162 
521 2.257656 
121 2.255950 
1204 2.250646 
791 2.236594 
299 2.235601 
1167 2.234134 
1200 2.225519 
85 2.222423 
1007 2.219569 
311 2.217463 
831 2.215763 
751 2.208887 
1105 2.207663 
798 2.204552 
1460 2.197657 
187 2.196937 
491 2.195359 
1003 2.193114 
1446 2.192289 
1314 2.188133 
256 2.163817 
1323 2.161644 
249 2.158788 
1227 2.157688 
658 2.149759 
1017 2.147921 
932 2.146767 
1448 2.145845 
1181 2.141272 
472 2.137926 
1189 2.132005 
434 2.108063 
1409 2.105943 
1336 2.105556 
918 2.104130 
1026 2.101983 
630 2.101061 
134 2.100755 
240 2.100016 
388 2.099634 
550 2.099319 
129 2.093482 
1441 2.093008 
325 2.090462 
581 2.086418 
1230 2.080901 
952 2.080728 
407 2.080437 
1315 2.079620 
36 2.078862 
1126 2.076219 
415 2.073786 
1362 2.073765 
564 2.073473 
1142 2.069363 
1051 2.068449 
884 2.067840 
1071 2.064694 
124 2.061925 
1133 2.059121 
1396 2.058035 
93 2.052348 
1485 2.049261 
75 2.049058 
183 2.039670 
139 2.037215 
833 2.034314 
1467 2.033538 
995 2.032662 
1219 2.032100 
860 2.023427 
1261 2.023073 
275 2.022361 
1481 2.022264 
1068 2.016769 
59 2.000936 
1080 2.000928 
322 1.993544 
1022 1.990029 
774 1.989331 
364 1.986296 
333 1.985846 
616 1.985050 
675 1.984287 
372 1.984133 
1074 1.981883 
1185 1.975921 
1301 1.974315 
897 1.974158 
771 1.973996 
356 1.971588 
917 1.967593 
496 1.965190 
1391 1.949665 
1297 1.948394 
1060 1.943174 
1146 1.942486 
182 1.938509 
98 1.937436 
608 1.936357 
1377 1.930957 
731 1.930791 
442 1.926153 
203 1.926003 
483 1.925488 
292 1.922249 
220 1.921781 
158 1.909002 
1137 1.908461 
1474 1.907543 
757 1.905897 
1364 1.904354 
444 1.902574 
166 1.891387 
1272 1.887244 
18 1.886859 
547 1.885995 
42 1.880434 
871 1.878881 
704 1.872603 
568 1.871661 
873 1.870854 
587 1.869218 
261 1.868027 
11 1.867216 
1213 1.864411 
431 1.862861 
653 1.858930 
52 1.858044 
320 1.851050 
103 1.848953 
5 1.845271 
462 1.844932 
328 1.838468 
787 1.836876 
1174 1.835994 
1324 1.834701 
269 1.833865 
60 1.825983 
419 1.822903 
1341 1.821360 
637 1.820322 
927 1.820170 
1278 1.817403 
664 1.815909 
1332 1.814667 
427 1.812608 
766 1.811741 
38 1.810449 
966 1.810332 
1065 1.808074 
99 1.806357 
1454 1.805222 
1510 1.795140 
692 1.785909 
933 1.782485 
1422 1.782225 
939 1.780008 
1192 1.777920 
485 1.776443 
606 1.774329 
646 1.774122 
95 1.764122 
1415 1.763909 
1175 1.758682 
1032 1.756876 
1 1.756801 
468 1.756623 
456 1.751892 
815 1.749107 
648 1.746005 
1471 1.745700 
1042 1.745139 
820 1.744538 
619 1.740601 
1052 1.740047 
498 1.737342 
1330 1.736982 
1369 1.735861 
1165 1.731579 
270 1.731511 
578 1.728634 
1395 1.728621 
403 1.727162 
382 1.724271 
792 1.723957 
399 1.721062 
1516 1.719723 
677 1.717991 
788 1.715412 
222 1.714595 
869 1.712900 
784 1.709092 
770 1.708790 
1269 1.703886 
930 1.701660 
420 1.701122 
700 1.700729 
398 1.700670 
665 1.699477 
1023 1.699355 
1376 1.698040 
1458 1.697821 
177 1.697660 
252 1.696360 
1148 1.693939 
1036 1.691899 
1035 1.684586 
1184 1.680889 
668 1.677125 
314 1.671660 
1030 1.669552 
574 1.668975 
1499 1.666896 
306 1.656543 
153 1.652802 
1237 1.650798 
837 1.647309 
331 1.645119 
173 1.642469 
286 1.640943 
13 1.637370 
283 1.633067 
1434 1.633013 
1031 1.628707 
1049 1.628462 
459 1.626932 
1504 1.626871 
258 1.626460 
70 1.625553 
1421 1.624511 
1217 1.622332 
712 1.621675 
1363 1.618153 
271 1.616368 
487 1.615730 
779 1.609702 
1236 1.607922 
28 1.600553 
1459 1.598840 
683 1.596007 
1157 1.593474 
1506 1.592436 
670 1.588243 
726 1.587429 
502 1.587026 
1413 1.584550 
1085 1.584476 
414 1.582995 
1210 1.580874 
972 1.580573 
690 1.580143 
1209 1.571680 
1517 1.570582 
936 1.569529 
1282 1.569512 
931 1.562398 
1073 1.556661 
246 1.550943 
1437 1.549963 
35 1.549037 
685 1.548471 
1248 1.546925 
1488 1.546002 
560 1.542078 
157 1.540910 
1309 1.539915 
964 1.535754 
716 1.535239 
1329 1.534770 
1513 1.532727 
817 1.532347 
1370 1.529934 
301 1.529357 
681 1.528156 
417 1.528064 
72 1.526105 
44 1.526006 
1250 1.525854 
1298 1.525567 
189 1.523886 
1149 1.523015 
101 1.522036 
1453 1.520182 
354 1.518388 
950 1.511911 
1018 1.509201 
963 1.507996 
611 1.503712 
416 1.502112 
705 1.499137 
188 1.497727 
926 1.495311 
383 1.491444 
687 1.486884 
695 1.483191 
703 1.481755 
300 1.478821 
190 1.477157 
1515 1.475853 
686 1.468354 
55 1.467368 
764 1.462427 
312 1.462254 
1115 1.461282 
133 1.460994 
944 1.458978 
150 1.455878 
909 1.455560 
855 1.455214 
538 1.454705 
384 1.453460 
126 1.450979 
273 1.449873 
976 1.449183 
660 1.447995 
2 1.446633 
1408 1.446170 
822 1.443812 
1191 1.443158 
1500 1.439317 
1147 1.436149 
583 1.435127 
571 1.434477 
1264 1.431858 
1292 1.429310 
641 1.427122 
1091 1.416709 
313 1.416615 
525 1.415758 
1055 1.415618 
1304 1.410559 
573 1.409950 
993 1.408680 
1496 1.408046 
1338 1.406005 
1439 1.401715 
1087 1.401299 
539 1.400263 
430 1.400153 
1342 1.398233 
385 1.395933 
937 1.394084 
1501 1.393751 
117 1.393214 
1433 1.387780 
1337 1.382091 
24 1.381233 
629 1.380013 
567 1.379088 
663 1.375668 
636 1.373826 
288 1.369391 
1334 1.362247 
812 1.359958 
947 1.359527 
1311 1.358677 
245 1.356453 
558 1.353530 
293 1.351703 
1399 1.351604 
426 1.349962 
493 1.346012 
1002 1.339995 
1455 1.339588 
10 1.334354 
980 1.329235 
793 1.328847 
128 1.324562 
63 1.323375 
957 1.319382 
1225 1.314487 
14 1.314107 
1138 1.313610 
475 1.312808 
655 1.311226 
1287 1.305369 
1048 1.304951 
1062 1.304014 
806 1.301204 
1276 1.298795 
1435 1.295277 
12 1.286156 
699 1.280980 
1331 1.279627 
3 1.279443 
777 1.278580 
435 1.273333 
30 1.260162 
549 1.258048 
1425 1.255994 
48 1.253023 
816 1.248210 
172 1.244976 
1180 1.244167 
289 1.243536 
1381 1.242934 
267 1.239992 
647 1.237011 
1136 1.229252 
1205 1.223618 
1365 1.222176 
949 1.220984 
469 1.219780 
805 1.218912 
679 1.218272 
470 1.214491 
159 1.214156 
1410 1.211135 
953 1.207201 
120 1.203995 
775 1.202411 
107 1.201678 
463 1.201349 
1242 1.196580 
859 1.189765 
387 1.188466 
778 1.187162 
1240 1.173443 
830 1.165466 
1475 1.165396 
962 1.162993 
145 1.161958 
876 1.159866 
147 1.159151 
913 1.158426 
823 1.157656 
41 1.156436 
136 1.154201 
1371 1.153984 
296 1.153365 
1483 1.151344 
57 1.149849 
1141 1.148776 
242 1.147598 
891 1.141179 
295 1.140807 
1443 1.139206 
800 1.138867 
562 1.138495 
130 1.137894 
794 1.136913 
818 1.134733 
1098 1.132455 
689 1.132076 
148 1.131398 
672 1.130851 
274 1.128469 
1005 1.127447 
366 1.119080 
1358 1.115497 
1027 1.110192 
748 1.108908 
1346 1.108104 
112 1.107294 
476 1.105539 
1514 1.102745 
960 1.101738 
104 1.098874 
807 1.097214 
1182 1.092807 
1262 1.091394 
406 1.089154 
725 1.087919 
297 1.086637 
1053 1.085579 
901 1.085438 
1353 1.084336 
1004 1.083075 
756 1.082586 
674 1.078467 
310 1.072198 
370 1.071847 
109 1.067282 
178 1.066584 
1321 1.064994 
1162 1.062319 
1263 1.060409 
1243 1.058394 
290 1.054971 
678 1.052176 
955 1.050886 
58 1.050651 
204 1.044705 
1463 1.043967 
1393 1.043465 
251 1.040832 
804 1.036648 
480 1.035119 
1328 1.033489 
928 1.032120 
961 1.027877 
1058 1.027795 
1457 1.027649 
621 1.026913 
623 1.026044 
1512 1.024496 
572 1.023840 
654 1.017313 
661 1.009985 
241 1.009596 
599 1.009305 
1296 1.007645 
255 1.007316 
33 1.006586 
1436 1.005811 
1462 1.005592 
1427 1.001404 
1507 0.997921 
671 0.997050 
942 0.995675 
447 0.995666 
1151 0.995585 
1489 0.992700 
706 0.989836 
316 0.988960 
1389 0.988605 
262 0.979801 
359 0.978538 
268 0.974682 
1284 0.969508 
642 0.965962 
1449 0.964972 
998 0.962255 
785 0.961212 
603 0.957975 
1163 0.957194 
1177 0.956983 
1025 0.950438 
1130 0.947463 
216 0.946402 
66 0.945839 
742 0.943010 
423 0.942368 
1394 0.941252 
1201 0.941119 
715 0.936428 
349 0.934693 
152 0.932590 
728 0.932046 
898 0.931982 
557 0.931432 
358 0.930407 
1064 0.929206 
511 0.925894 
464 0.923523 
1260 0.921414 
1302 0.920678 
1428 0.916872 
1011 0.912071 
1040 0.910757 
1077 0.909527 
1127 0.908746 
143 0.904183 
367 0.901075 
205 0.897373 
1484 0.891517 
1223 0.887277 
625 0.884547 
1132 0.883555 
1430 0.882224 
338 0.881813 
761 0.880332 
386 0.879096 
1476 0.876804 
1281 0.876012 
1029 0.875774 
26 0.873791 
1325 0.873122 
1438 0.871176 
908 0.869200 
49 0.868561 
825 0.865955 
1159 0.863261 
181 0.859851 
1110 0.859693 
1244 0.859329 
615 0.858786 
1318 0.857374 
651 0.856158 
1333 0.855836 
1140 0.848995 
948 0.845834 
488 0.845215 
47 0.840050 
657 0.837644 
1254 0.830316 
1197 0.829586 
454 0.825312 
1102 0.820696 
39 0.812125 
1094 0.810437 
536 0.809013 
1206 0.797817 
1239 0.796958 
649 0.793543 
624 0.792794 
254 0.792588 
875 0.791896 
1293 0.791556 
228 0.790231 
782 0.779466 
526 0.779401 
915 0.779228 
1097 0.777432 
433 0.777412 
904 0.770203 
380 0.769329 
827 0.767855 
1289 0.766647 
994 0.764839 
1183 0.764261 
633 0.763896 
1203 0.762288 
780 0.752646 
1123 0.750604 
453 0.746550 
67 0.745172 
87 0.744425 
1046 0.743902 
227 0.743150 
604 0.742848 
0 0.736833 
1059 0.732473 
1420 0.731946 
1207 0.730269 
516 0.726355 
347 0.719996 
1172 0.710914 
371 0.706654 
684 0.702024 
125 0.701156 
1063 0.696639 
34 0.693751 
1212 0.691654 
1383 0.689831 
1253 0.684257 
302 0.684137 
1280 0.683404 
439 0.682064 
478 0.681984 
814 0.680485 
698 0.676871 
337 0.674211 
602 0.672522 
1034 0.671649 
740 0.670633 
548 0.668994 
1013 0.668519 
62 0.667083 
736 0.663407 
580 0.662989 
174 0.662100 
1466 0.661573 
395 0.653918 
965 0.653531 
1265 0.648707 
161 0.647659 
336 0.646116 
1277 0.643870 
1509 0.640169 
505 0.637281 
1041 0.636037 
412 0.634550 
691 0.633621 
56 0.632816 
1069 0.630891 
474 0.630480 
781 0.629826 
868 0.627323 
1214 0.625858 
357 0.621361 
717 0.617724 
243 0.616441 
7 0.613211 
317 0.612835 
131 0.612665 
628 0.608064 
682 0.602997 
522 0.601746 
192 0.600884 
938 0.600812 
919 0.594351 
20 0.593658 
82 0.587322 
614 0.586506 
169 0.585989 
191 0.584479 
842 0.580481 
1143 0.579957 
1028 0.578223 
1352 0.576928 
1045 0.576398 
1320 0.570201 
1397 0.568210 
408 0.565484 
1047 0.563221 
1368 0.560236 
1444 0.557802 
71 0.555766 
92 0.555308 
142 0.555269 
1402 0.551709 
923 0.551605 
135 0.551057 
1299 0.546439 
610 0.544345 
193 0.544330 
1486 0.544323 
298 0.542730 
1313 0.537737 
1473 0.535676 
1226 0.535488 
198 0.531874 
759 0.530085 
1461 0.526600 
209 0.525275 
753 0.524561 
321 0.524430 
803 0.523127 
865 0.522888 
180 0.519522 
741 0.518700 
389 0.518700 
750 0.517581 
1431 0.515527 
410 0.511998 
722 0.510346 
477 0.503618 
1153 0.502861 
1372 0.502050 
786 0.501786 
990 0.497563 
600 0.496682 
1224 0.493127 
450 0.490912 
554 0.488610 
745 0.485245 
23 0.483109 
1095 0.482497 
1106 0.476070 
1290 0.475923 
903 0.473342 
916 0.468923 
108 0.467393 
234 0.462271 
707 0.458979 
861 0.458839 
586 0.453243 
1118 0.452004 
1491 0.451490 
323 0.448772 
1021 0.438550 
369 0.435709 
737 0.435597 
1112 0.434534 
1218 0.429035 
1081 0.423189 
528 0.419849 
890 0.419736 
278 0.418219 
551 0.417901 
710 0.415971 
598 0.415934 
31 0.415895 
413 0.415294 
652 0.414711 
1099 0.412997 
77 0.404140 
1019 0.396497 
1412 0.392566 
51 0.387949 
832 0.383158 
892 0.382266 
259 0.377722 
1345 0.373468 
244 0.371446 
73 0.369125 
1020 0.368252 
425 0.367215 
127 0.365931 
154 0.363941 
197 0.363750 
486 0.357952 
1117 0.356407 
1145 0.347432 
341 0.346474 
1335 0.346306 
1178 0.344029 
194 0.338498 
1366 0.337359 
165 0.337327 
265 0.336683 
9 0.328928 
362 0.328125 
221 0.327836 
110 0.324698 
1251 0.324329 
467 0.322766 
1038 0.321042 
490 0.317137 
941 0.314267 
974 0.313642 
379 0.311473 
282 0.311295 
1418 0.310485 
882 0.307815 
1417 0.307327 
455 0.306456 
1090 0.306141 
1361 0.305568 
612 0.301681 
106 0.300185 
638 0.298845 
179 0.297828 
888 0.295946 
1456 0.290075 
334 0.287020 
432 0.283899 
1359 0.272569 
1375 0.268923 
1187 0.267566 
829 0.267048 
811 0.265457 
645 0.263714 
115 0.261852 
219 0.260699 
1385 0.260222 
1116 0.259657 
870 0.254221 
1306 0.254078 
589 0.254049 
1160 0.253644 
239 0.247360 
1006 0.247051 
90 0.245746 
229 0.243514 
796 0.241501 
999 0.238281 
212 0.237741 
1374 0.234097 
754 0.232395 
277 0.231821 
200 0.231219 
1190 0.229402 
987 0.227693 
673 0.225664 
494 0.224419 
1387 0.221684 
329 0.219650 
758 0.206770 
1360 0.204844 
808 0.195151 
226 0.193292 
667 0.184793 
1075 0.176711 
396 0.173592 
1245 0.172742 
992 0.164698 
509 0.163491 
21 0.156185 
850 0.151020 
1259 0.150967 
575 0.146892 
1152 0.146864 
1326 0.146116 
343 0.144509 
1202 0.144155 
544 0.143076 
365 0.137074 
74 0.136762 
1270 0.136595 
1056 0.136374 
1390 0.133777 
1211 0.133600 
391 0.132079 
693 0.131502 
546 0.130012 
89 0.129864 
1450 0.129359 
308 0.128652 
867 0.125384 
27 0.123749 
596 0.122161 
969 0.120408 
744 0.113034 
97 0.109809 
332 0.109288 
1234 0.107397 
543 0.104135 
893 0.084921 
582 0.082440 
1432 0.079230 
315 0.078132 
979 0.069789 
854 0.060765 
883 0.055083 
1232 0.045550 
484 0.043049 
218 0.041386 
96 0.037289 
595 0.034687 
257 0.031642 
847 0.031600 
1255 0.016194 
346 0.004704 
465 -0.000634 
724 -0.000980 
977 -0.005985 
418 -0.009476 
635 -0.009844 
1492 -0.012462 
207 -0.014588 
15 -0.021168 
954 -0.029509 
94 -0.039113 
734 -0.040153 
824 -0.044445 
1267 -0.048717 
471 -0.051026 
1111 -0.054233 
799 -0.057648 
378 -0.078253 
789 -0.082948 
968 -0.088058 
626 -0.094399 
880 -0.102559 
552 -0.109967 
738 -0.110231 
723 -0.110765 
1379 -0.116372 
752 -0.129585 
555 -0.131780 
86 -0.133979 
1400 -0.144686 
776 -0.148683 
1129 -0.151449 
500 -0.154394 
711 -0.155273 
1235 -0.158981 
164 -0.161069 
458 -0.169871 
1295 -0.174967 
845 -0.176763 
991 -0.184758 
1380 -0.184775 
839 -0.192204 
213 -0.192784 
1271 -0.195798 
878 -0.205246 
1010 -0.206655 
360 -0.221887 
248 -0.223214 
732 -0.231539 
168 -0.240306 
352 -0.242941 
1307 -0.247144 
1452 -0.258085 
232 -0.258948 
214 -0.259668 
856 -0.272506 
1124 -0.274163 
1317 -0.286368 
618 -0.313872 
353 -0.324662 
79 -0.332613 
499 -0.348953 
1216 -0.354015 
235 -0.360216 
617 -0.373049 
729 -0.391519 
1220 -0.397976 
767 -0.403630 
497 -0.408544 
795 -0.415177 
43 -0.427680 
230 -0.448160 
1173 -0.453410 
902 -0.459881 
137 -0.469372 
374 -0.473765 
1170 -0.492067 
91 -0.493431 
622 -0.516839 
702 -0.519173 
886 -0.526914 
1238 -0.541740 
440 -0.558523 
532 -0.568236 
520 -0.584765 
281 -0.588822 
1113 -0.600234 
210 -0.606927 
1033 -0.613935 
714 -0.615431 
925 -0.619764 
1150 -0.620094 
1350 -0.620227 
1343 -0.625877 
1407 -0.642615 
1039 -0.646621 
1339 -0.651284 
83 -0.659211 
348 -0.662218 
160 -0.670152 
284 -0.673607 
1231 -0.673701 
1378 -0.677263 
1480 -0.678591 
1355 -0.681729 
749 -0.691675 
1024 -0.695290 
1082 -0.707287 
1000 -0.707580 
838 -0.714088 
171 -0.717400 
1257 -0.723566 
1222 -0.732151 
566 -0.740289 
669 -0.746426 
495 -0.746478 
1089 -0.751514 
100 -0.782937 
1079 -0.787286 
223 -0.789204 
437 -0.792492 
895 -0.797565 
946 -0.798245 
718 -0.800733 
569 -0.804128 
294 -0.805936 
920 -0.810888 
118 -0.811873 
1349 -0.814647 
529 -0.816652 
1416 -0.821593 
534 -0.826734 
1139 -0.836806 
841 -0.840548 
449 -0.845560 
401 -0.845781 
1494 -0.851562 
1012 -0.868781 
186 -0.877770 
122 -0.877804 
429 -0.878727 
989 -0.891566 
929 -0.894747 
1404 -0.905196 
1498 -0.906299 
514 -0.908601 
956 -0.909838 
844 -0.912660 
330 -0.914862 
747 -0.915556 
843 -0.919986 
393 -0.922246 
905 -0.926213 
1398 -0.930381 
858 -0.932095 
324 -0.936652 
1084 -0.956851 
821 -0.962825 
1193 -0.964705 
156 -0.969941 
266 -0.970433 
607 -0.970457 
609 -0.976139 
565 -0.976575 
862 -0.978758 
1424 -0.981800 
851 -0.983777 
519 -0.990902 
451 -0.996889 
237 -0.997468 
285 -1.008141 
874 -1.015285 
263 -1.021659 
304 -1.021721 
631 -1.022781 
102 -1.027901 
340 -1.030760 
1198 -1.033320 
211 -1.034552 
272 -1.047772 
518 -1.049831 
375 -1.053111 
327 -1.058189 
64 -1.064180 
1344 -1.066379 
196 -1.067940 
1479 -1.077759 
1196 -1.079490 
345 -1.086733 
6 -1.092378 
590 -1.092948 
376 -1.102543 
591 -1.106862 
1440 -1.107488 
959 -1.110274 
773 -1.127079 
986 -1.132056 
482 -1.151428 
424 -1.152454 
1166 -1.162446 
1340 -1.167570 
1357 -1.167604 
515 -1.168247 
1107 -1.168808 
1316 -1.173334 
1258 -1.175261 
350 -1.176114 
1144 -1.181314 
885 -1.190890 
772 -1.200685 
561 -1.210664 
762 -1.216435 
1171 -1.226502 
1050 -1.231365 
708 -1.240636 
523 -1.242675 
428 -1.248884 
381 -1.251402 
81 -1.253902 
68 -1.257958 
1465 -1.261997 
1134 -1.267514 
1405 -1.278880 
400 -1.283140 
694 -1.291481 
1016 -1.296837 
113 -1.298176 
1300 -1.303393 
983 -1.305222 
593 -1.308226 
866 -1.310660 
634 -1.312502 
769 -1.312936 
828 -1.326405 
1497 -1.328414 
1093 -1.334817 
1054 -1.350198 
1070 -1.353891 
721 -1.357369 
1109 -1.361172 
1186 -1.366096 
1487 -1.371572 
1511 -1.380624 
666 -1.381671 
1442 -1.381929 
1367 -1.385994 
1482 -1.390673 
1195 -1.391104 
577 -1.404657 
1121 -1.406945 
1478 -1.406977 
78 -1.407273 
1414 -1.408989 
765 -1.412226 
1188 -1.412534 
1411 -1.419627 
1061 -1.426751 
997 -1.435537 
185 -1.437730 
1303 -1.441582 
225 -1.445353 
1275 -1.452876 
236 -1.460418 
877 -1.461657 
247 -1.471036 
305 -1.476092 
910 -1.479179 
1179 -1.487865 
810 -1.490162 
138 -1.492872 
473 -1.493931 
1274 -1.495495 
1164 -1.500341 
1423 -1.501234 
975 -1.503181 
460 -1.506820 
1308 -1.507146 
1279 -1.509107 
441 -1.512303 
404 -1.514746 
934 -1.516786 
1464 -1.520357 
397 -1.520860 
184 -1.525403 
659 -1.526242 
1384 -1.530576 
790 -1.531713 
144 -1.547882 
1101 -1.554160 
132 -1.558708 
1154 -1.560266 
1505 -1.573498 
61 -1.574268 
123 -1.575815 
53 -1.578536 
54 -1.579108 
1104 -1.580550 
984 -1.588202 
680 -1.589693 
405 -1.591817 
1503 -1.593931 
175 -1.602307 
914 -1.610073 
1249 -1.618075 
46 -1.618587 
489 -1.626621 
1445 -1.628513 
17 -1.629784 
149 -1.640561 
887 -1.645753 
1285 -1.646026 
291 -1.646936 
540 -1.651181 
697 -1.654325 
446 -1.663147 
1015 -1.664216 
481 -1.667677 
84 -1.674216 
260 -1.674390 
835 -1.678054 
445 -1.678253 
37 -1.684107 
319 -1.684147 
1009 -1.687048 
202 -1.691144 
733 -1.699826 
1001 -1.700427 
1502 -1.707991 
513 -1.712048 
935 -1.721308 
392 -1.721935 
1078 -1.723973 
1229 -1.726898 
1401 -1.732336 
363 -1.732846 
1128 -1.736093 
676 -1.739871 
1322 -1.746674 
162 -1.755494 
643 -1.759535 
422 -1.761783 
1156 -1.769286 
1215 -1.775711 
570 -1.782248 
576 -1.783266 
701 -1.790843 
1066 -1.794410 
390 -1.794895 
896 -1.798482 
524 -1.805821 
967 -1.812618 
768 -1.816842 
848 -1.824116 
119 -1.824858 
1327 -1.824992 
1351 -1.831996 
303 -1.835943 
834 -1.838927 
537 -1.841543 
1072 -1.843971 
507 -1.844363 
276 -1.848938 
1291 -1.850745 
1086 -1.868086 
640 -1.873131 
797 -1.874455 
1135 -1.875587 
801 -1.876502 
760 -1.879687 
1286 -1.881936 
1208 -1.882201 
4 -1.883478 
585 -1.884408 
1451 -1.887296 
541 -1.894169 
461 -1.895692 
45 -1.899580 
201 -1.904624 
1067 -1.905866 
1120 -1.914768 
402 -1.915267 
1194 -1.917906 
1392 -1.921266 
559 -1.923492 
1083 -1.936334 
1388 -1.940580 
1310 -1.940786 
326 -1.945886 
906 -1.952815 
1508 -1.955787 
656 -1.956699 
1312 -1.959281 
1472 -1.959874 
819 -1.963392 
921 -1.964385 
836 -1.966372 
250 -1.981109 
912 -1.982828 
945 -1.998810 
151 -2.002620 
924 -2.005453 
981 -2.006682 
1273 -2.015826 
1470 -2.018742 
457 -2.020467 
307 -2.021693 
32 -2.028928 
853 -2.030130 
899 -2.032410 
527 -2.033258 
922 -2.037436 
951 -2.039683 
309 -2.042089 
579 -2.043243 
1447 -2.049233 
813 -2.050109 
16 -2.051391 
1158 -2.054714 
639 -2.058081 
1043 -2.059798 
504 -2.069876 
584 -2.073565 
116 -2.090721 
40 -2.091964 
141 -2.101016 
644 -2.105278 
971 -2.105502 
1468 -2.107264 
146 -2.108431 
438 -2.126548 
982 -2.133254 
501 -2.138995 
503 -2.157622 
1125 -2.158981 
140 -2.159673 
512 -2.186926 
556 -2.193125 
662 -2.193932 
940 -2.194482 
287 -2.202286 
802 -2.203545 
411 -2.204926 
1169 -2.206111 
253 -2.206191 
1100 -2.207725 
155 -2.214264 
373 -2.215797 
508 -2.217614 
1495 -2.240946 
335 -2.241933 
872 -2.261576 
563 -2.267763 
279 -2.276104 
863 -2.278170 
1246 -2.288677 
421 -2.295059 
592 -2.295763 
1228 -2.296167 
1493 -2.299806 
510 -2.300224 
1122 -2.305377 
69 -2.308631 
911 -2.308634 
29 -2.309636 
1305 -2.324215 
1490 -2.333790 
318 -2.343691 
1247 -2.346276 
506 -2.359569 
594 -2.386540 
973 -2.403372 
1283 -2.406725 
443 -2.413673 
280 -2.416036 
1168 -2.443397 
1241 -2.445845 
25 -2.450337 
1103 -2.458845 
533 -2.460708 
531 -2.462725 
688 -2.464333 
436 -2.473116 
852 -2.482098 
19 -2.509928 
530 -2.516017 
696 -2.519248 
605 -2.544754 
763 -2.556477 
597 -2.563360 
730 -2.578088 
1037 -2.587340 
1076 -2.637102 
80 -2.647644 
713 -2.670255 
1266 -2.676897 
727 -2.777617 
535 -2.781710 
368 -2.791018 
985 -2.804433 
996 -2.808974 
1403 -2.841914 
650 -2.870422 
479 -2.871923 
719 -2.905872 
881 -2.932262 
22 -2.932721 
1096 -2.951516 
746 -2.956632 
849 -3.024515 
1252 -3.164505 
627 -3.180398 
