1518 1
670 3.175174 
1337 2.930720 
527 2.918176 
16 2.918176 
799 2.779854 
776 2.711149 
411 2.710008 
747 2.710008 
872 2.710008 
986 2.710008 
1381 2.671063 
901 2.671063 
80 2.644903 
421 2.644903 
714 2.552140 
985 2.511812 
1472 2.511812 
1351 2.468000 
997 2.468000 
1296 2.466783 
343 2.466581 
1402 2.466581 
222 2.459289 
34 2.459289 
13 2.459289 
14 2.459289 
912 2.452924 
1312 2.452924 
1219 2.440829 
1088 2.438291 
1508 2.412652 
925 2.411887 
609 2.411887 
1372 2.411887 
1492 2.411887 
1447 2.393762 
591 2.393762 
489 2.393762 
287 2.393762 
1246 2.391324 
1470 2.391324 
720 2.375849 
699 2.364983 
1271 2.351385 
1205 2.349375 
805 2.349375 
310 2.349375 
1512 2.345196 
840 2.344583 
1157 2.309726 
887 2.308806 
1286 2.306664 
1279 2.306664 
449 2.301105 
977 2.301105 
1101 2.301105 
277 2.301105 
1121 2.295679 
509 2.285472 
495 2.285472 
546 2.285472 
503 2.285472 
861 2.283335 
236 2.279345 
137 2.265682 
894 2.259773 
1423 2.245609 
1368 2.245225 
1009 2.233527 
148 2.233010 
451 2.230646 
1054 2.230646 
78 2.230646 
508 2.230646 
811 2.229620 
1473 2.227725 
1417 2.227725 
948 2.227725 
531 2.223155 
1397 2.220165 
658 2.220165 
1239 2.220165 
24 2.220165 
1257 2.219889 
697 2.216169 
443 2.208558 
1511 2.208558 
1490 2.208558 
337 2.205766 
1029 2.205766 
966 2.205766 
165 2.205766 
1109 2.192356 
79 2.186689 
91 2.186689 
154 2.186689 
649 2.186689 
786 2.186111 
63 2.180080 
848 2.177111 
297 2.172019 
629 2.172019 
118 2.169567 
1215 2.167335 
863 2.161559 
824 2.158845 
1076 2.158554 
594 2.157357 
1495 2.152142 
554 2.149136 
7 2.147302 
1086 2.118827 
910 2.112486 
1222 2.112103 
595 2.112103 
1187 2.112103 
480 2.112103 
276 2.111136 
1070 2.110944 
247 2.107599 
510 2.100766 
758 2.086194 
381 2.067018 
436 2.065512 
797 2.061679 
892 2.059027 
785 2.059027 
789 2.059027 
1016 2.059027 
536 2.053943 
548 2.053943 
11 2.053943 
472 2.053943 
921 2.049174 
768 2.049174 
501 2.048918 
767 2.048918 
84 2.048918 
445 2.048918 
1266 2.044153 
1311 2.041266 
1231 2.041266 
230 2.041266 
1214 2.037988 
590 2.035442 
924 2.034948 
235 2.034285 
1466 2.030029 
827 2.022869 
1025 2.019628 
20 2.019628 
1194 2.016393 
1020 2.016393 
947 2.016393 
1102 2.016393 
1367 2.015340 
1387 2.008906 
856 2.008906 
937 2.006988 
911 2.006988 
1345 2.006988 
1453 1.999004 
1094 1.990160 
1285 1.986670 
763 1.984141 
196 1.982562 
1229 1.982562 
345 1.982562 
1304 1.982562 
1313 1.982073 
1318 1.982073 
1306 1.982073 
1317 1.982073 
575 1.976657 
168 1.976620 
424 1.975375 
757 1.973223 
89 1.965114 
808 1.954349 
268 1.952634 
1235 1.952634 
1336 1.952634 
769 1.950172 
662 1.950172 
838 1.950172 
69 1.950172 
1050 1.936464 
1045 1.933181 
549 1.930882 
533 1.930882 
772 1.930882 
612 1.930882 
127 1.930592 
156 1.926925 
624 1.925391 
551 1.923967 
1385 1.921085 
1037 1.915952 
32 1.915952 
996 1.910518 
1327 1.909948 
273 1.904866 
1042 1.904866 
70 1.904704 
661 1.898383 
1170 1.898383 
833 1.898383 
1299 1.898383 
886 1.894847 
640 1.894847 
1424 1.894847 
184 1.894312 
1085 1.887910 
1015 1.886747 
1283 1.885984 
746 1.885984 
1394 1.878207 
940 1.878207 
1388 1.878207 
315 1.872305 
516 1.872305 
57 1.872305 
280 1.872305 
481 1.867518 
1411 1.861147 
584 1.861147 
1497 1.859941 
851 1.859941 
821 1.859941 
896 1.858535 
1480 1.858535 
405 1.855221 
690 1.849453 
1164 1.848757 
269 1.838839 
286 1.838839 
176 1.838839 
394 1.838839 
136 1.837312 
995 1.836632 
1072 1.836084 
164 1.834923 
1238 1.834923 
1380 1.833846 
455 1.830572 
408 1.830572 
477 1.830572 
125 1.830572 
1128 1.822218 
1457 1.822076 
1172 1.820734 
830 1.820734 
1390 1.820734 
1081 1.820734 
1090 1.819086 
1097 1.819086 
916 1.819086 
1277 1.819086 
1099 1.806271 
635 1.806271 
854 1.806271 
1095 1.806271 
906 1.801194 
432 1.788921 
160 1.788921 
169 1.788921 
502 1.788921 
1329 1.784229 
1196 1.784229 
1328 1.784229 
1148 1.784229 
459 1.778552 
1208 1.775895 
713 1.775471 
1307 1.772820 
905 1.769833 
1270 1.769833 
671 1.769833 
810 1.769833 
307 1.769664 
321 1.763135 
1505 1.755409 
1107 1.755409 
1440 1.755409 
1156 1.755409 
295 1.750636 
1265 1.750636 
913 1.750636 
1342 1.749829 
141 1.745299 
576 1.744768 
1154 1.739323 
1404 1.738907 
108 1.736979 
183 1.736979 
327 1.736979 
680 1.736979 
86 1.735881 
47 1.735881 
197 1.735881 
106 1.735881 
390 1.735102 
716 1.734908 
518 1.734018 
666 1.734018 
237 1.734018 
719 1.734018 
853 1.732390 
151 1.732390 
973 1.732390 
1134 1.732390 
1365 1.727705 
31 1.727705 
214 1.725778 
749 1.725778 
253 1.725778 
194 1.725778 
885 1.723907 
1093 1.723907 
724 1.723907 
1103 1.723907 
1138 1.722856 
625 1.722856 
1068 1.719617 
1130 1.719617 
621 1.708377 
353 1.708377 
614 1.708377 
633 1.708377 
760 1.705660 
202 1.697784 
116 1.697784 
29 1.697784 
899 1.697784 
1216 1.697119 
1166 1.695076 
457 1.695076 
979 1.693191 
598 1.693191 
500 1.683919 
1002 1.683919 
1361 1.683919 
870 1.682764 
201 1.681910 
54 1.681324 
46 1.681324 
27 1.681324 
61 1.681324 
1168 1.680185 
1066 1.680185 
1195 1.679609 
1407 1.678380 
1482 1.678380 
1418 1.678380 
1251 1.678380 
586 1.673152 
593 1.673152 
991 1.673152 
606 1.673152 
474 1.671361 
379 1.671361 
221 1.671361 
317 1.671361 
306 1.668444 
1253 1.668444 
566 1.668444 
529 1.668444 
122 1.667831 
730 1.667831 
266 1.667831 
592 1.667831 
401 1.666904 
580 1.666474 
225 1.665113 
740 1.655022 
717 1.655022 
511 1.655022 
71 1.655022 
1013 1.651485 
1012 1.651485 
423 1.651142 
149 1.647369 
438 1.647369 
497 1.647369 
330 1.647369 
515 1.643914 
1509 1.643914 
1111 1.643914 
1340 1.643914 
752 1.640835 
128 1.640835 
192 1.640835 
161 1.640835 
102 1.639264 
110 1.639264 
64 1.639264 
866 1.639264 
37 1.635169 
1082 1.630594 
309 1.630594 
467 1.629601 
1063 1.626595 
1143 1.626114 
119 1.625493 
721 1.625493 
262 1.625493 
123 1.625493 
175 1.625070 
718 1.625070 
534 1.625070 
627 1.625070 
694 1.624999 
935 1.624999 
1077 1.623016 
578 1.622460 
562 1.622460 
285 1.622460 
504 1.622460 
976 1.621970 
1112 1.621584 
1384 1.621584 
971 1.621584 
1120 1.621584 
471 1.621060 
928 1.621060 
859 1.621060 
950 1.621060 
1190 1.616127 
981 1.614876 
368 1.614876 
835 1.614876 
1100 1.614876 
841 1.609217 
637 1.609217 
302 1.609217 
936 1.609217 
1398 1.607852 
1378 1.607852 
1145 1.605010 
959 1.605010 
389 1.602283 
1438 1.601076 
350 1.601076 
1275 1.601076 
791 1.599882 
147 1.599882 
44 1.599882 
130 1.599882 
400 1.594293 
1412 1.592996 
1461 1.586746 
1160 1.586336 
1450 1.586336 
1462 1.586336 
145 1.585192 
1153 1.585192 
1515 1.585192 
348 1.583294 
567 1.583294 
777 1.583294 
209 1.583294 
255 1.581831 
651 1.581831 
737 1.575378 
144 1.572060 
622 1.569285 
15 1.569285 
263 1.569285 
254 1.569285 
1019 1.566633 
819 1.566560 
186 1.566560 
877 1.566560 
429 1.566560 
1389 1.565993 
1416 1.565993 
1305 1.565993 
688 1.565993 
946 1.565965 
1274 1.565965 
1478 1.565965 
1308 1.565965 
556 1.565959 
1360 1.565774 
218 1.565774 
117 1.564569 
1000 1.564258 
949 1.564258 
795 1.564258 
868 1.564258 
674 1.563864 
1486 1.563864 
305 1.558892 
28 1.558892 
126 1.558892 
211 1.558892 
1074 1.558222 
744 1.553096 
243 1.553096 
410 1.553096 
462 1.553096 
756 1.552638 
632 1.552574 
1436 1.552574 
951 1.549896 
191 1.549896 
340 1.549896 
473 1.549896 
544 1.547455 
522 1.547455 
180 1.547455 
357 1.547455 
290 1.546251 
244 1.546251 
1504 1.546251 
888 1.546251 
140 1.544383 
1241 1.543752 
1247 1.543752 
155 1.543752 
519 1.543622 
1228 1.541454 
226 1.541454 
862 1.538457 
294 1.538457 
1017 1.538457 
437 1.538457 
920 1.536659 
1061 1.536659 
537 1.536659 
1325 1.535482 
710 1.535482 
113 1.534081 
360 1.534081 
115 1.534081 
723 1.534081 
1126 1.526842 
914 1.525777 
461 1.523487 
619 1.522360 
679 1.522198 
1067 1.522198 
404 1.522198 
828 1.522198 
1087 1.518104 
53 1.516816 
335 1.515886 
656 1.515886 
543 1.508571 
131 1.508117 
228 1.508117 
67 1.508117 
93 1.508117 
610 1.504980 
712 1.504980 
1014 1.504980 
957 1.504980 
234 1.502735 
323 1.502735 
143 1.502735 
249 1.502735 
229 1.500685 
365 1.500685 
433 1.500685 
391 1.500685 
677 1.498205 
893 1.496379 
1243 1.494928 
1212 1.494928 
941 1.493990 
1211 1.493990 
812 1.493990 
964 1.493990 
765 1.493870 
1425 1.489094 
787 1.488734 
1127 1.487100 
685 1.487100 
530 1.484972 
1464 1.484972 
479 1.484972 
1004 1.480808 
120 1.480310 
428 1.479758 
1139 1.478711 
1183 1.478711 
1034 1.477687 
745 1.477687 
876 1.477687 
571 1.477687 
393 1.475850 
284 1.475850 
223 1.475850 
702 1.475850 
1179 1.474864 
639 1.474864 
1043 1.474864 
1322 1.474864 
1252 1.473498 
858 1.473196 
193 1.472798 
68 1.472798 
153 1.472798 
109 1.472798 
207 1.472514 
420 1.472514 
43 1.472514 
248 1.472514 
588 1.469964 
822 1.469964 
8 1.469964 
751 1.469964 
832 1.469854 
540 1.469854 
676 1.469854 
1089 1.469854 
413 1.469224 
607 1.469224 
615 1.469224 
938 1.469224 
761 1.468575 
1484 1.468575 
1467 1.468575 
1191 1.468575 
258 1.467658 
219 1.467658 
1314 1.467658 
217 1.467658 
132 1.465737 
834 1.465673 
369 1.465641 
1465 1.463972 
1078 1.463972 
1058 1.463972 
561 1.463972 
1152 1.463427 
1122 1.463427 
1083 1.462995 
644 1.460812 
352 1.460459 
1049 1.460459 
73 1.460459 
371 1.460459 
818 1.459489 
999 1.454093 
1150 1.454093 
727 1.454093 
659 1.454093 
807 1.450741 
1400 1.450741 
1249 1.450741 
585 1.450741 
212 1.450544 
987 1.449169 
51 1.449169 
908 1.449169 
1118 1.449169 
1371 1.446536 
1226 1.446536 
178 1.446536 
1234 1.443648 
829 1.443648 
878 1.443648 
1047 1.443648 
204 1.441220 
700 1.440204 
780 1.440204 
241 1.440204 
447 1.440204 
338 1.437922 
982 1.433895 
1240 1.433895 
1267 1.433895 
945 1.433895 
94 1.431312 
1445 1.423977 
1479 1.423977 
1493 1.423977 
250 1.419910 
984 1.417225 
206 1.416438 
487 1.416438 
1500 1.416438 
359 1.415590 
775 1.415590 
494 1.415390 
1421 1.413948 
1084 1.412016 
1188 1.411719 
265 1.409063 
100 1.409063 
934 1.409063 
1021 1.409063 
708 1.403677 
240 1.399858 
969 1.399858 
1151 1.399858 
648 1.399858 
813 1.397974 
12 1.395622 
3 1.395622 
92 1.395622 
1260 1.395622 
441 1.392515 
895 1.392515 
446 1.392515 
460 1.392515 
980 1.386705 
1264 1.384697 
1437 1.384697 
372 1.384374 
484 1.384374 
1469 1.384374 
476 1.384374 
336 1.383008 
1073 1.383008 
301 1.383008 
329 1.383008 
514 1.381034 
988 1.380715 
579 1.374761 
1343 1.374761 
177 1.369055 
1481 1.369055 
565 1.366846 
308 1.366846 
1430 1.366846 
560 1.366846 
1452 1.363036 
1357 1.363036 
1038 1.363036 
734 1.363036 
42 1.362852 
257 1.360519 
678 1.360519 
74 1.360519 
0 1.360519 
1209 1.357234 
1106 1.357013 
1377 1.355645 
1344 1.352154 
1401 1.352154 
1300 1.352154 
617 1.352154 
506 1.350866 
1392 1.350866 
440 1.350866 
1349 1.349079 
1284 1.342885 
1142 1.342442 
741 1.342442 
1207 1.342442 
6 1.342442 
684 1.340516 
693 1.340516 
505 1.340516 
698 1.340516 
974 1.340293 
1039 1.340293 
406 1.340293 
704 1.340293 
728 1.339583 
1132 1.339035 
1006 1.339035 
351 1.339035 
681 1.339035 
645 1.327133 
464 1.325556 
453 1.325556 
488 1.325556 
1488 1.325556 
463 1.323445 
339 1.323445 
252 1.323445 
283 1.323445 
1352 1.315196 
603 1.315196 
552 1.314443 
1220 1.307725 
903 1.307725 
4 1.307149 
40 1.304230 
1451 1.304230 
1242 1.303493 
1441 1.299303 
281 1.299303 
475 1.293149 
874 1.293149 
682 1.293149 
814 1.293149 
303 1.292849 
482 1.292849 
373 1.292849 
983 1.292849 
526 1.289726 
1001 1.289252 
673 1.289252 
850 1.289252 
1104 1.289252 
274 1.284467 
1432 1.284092 
1468 1.284092 
1075 1.284092 
1186 1.284092 
646 1.283152 
1123 1.283152 
1114 1.283152 
1346 1.283152 
541 1.270724 
583 1.270724 
1136 1.269415 
1184 1.269415 
638 1.269415 
1011 1.269415 
1177 1.267879 
1023 1.267879 
689 1.267879 
942 1.267879 
282 1.267579 
647 1.255118 
773 1.253940 
83 1.253940 
349 1.253089 
1203 1.253089 
1359 1.253089 
779 1.253089 
601 1.251421 
553 1.251421 
232 1.251421 
1474 1.251421 
97 1.247557 
26 1.245805 
417 1.245805 
66 1.245805 
41 1.245805 
260 1.241664 
882 1.241447 
1036 1.241447 
322 1.240976 
1463 1.240976 
213 1.240976 
370 1.240976 
642 1.240048 
358 1.240048 
782 1.240048 
512 1.240048 
722 1.237486 
611 1.237486 
1175 1.237486 
990 1.237486 
735 1.231573 
1117 1.231573 
1173 1.231573 
1375 1.231573 
1116 1.220453 
1331 1.220453 
1245 1.220453 
1303 1.220453 
298 1.212627 
643 1.208948 
715 1.208183 
456 1.206552 
48 1.206552 
1292 1.206552 
412 1.206552 
159 1.204483 
788 1.204483 
1483 1.204483 
1395 1.204483 
171 1.203511 
1498 1.203511 
362 1.203511 
152 1.203511 
618 1.198896 
486 1.198896 
669 1.198896 
711 1.198896 
570 1.198511 
374 1.187571 
121 1.185507 
439 1.185507 
992 1.185507 
589 1.185507 
356 1.183212 
435 1.183212 
907 1.183212 
380 1.183212 
857 1.183019 
600 1.183016 
107 1.183016 
932 1.183016 
604 1.183016 
304 1.174011 
216 1.169853 
820 1.169853 
581 1.169853 
521 1.169853 
1163 1.166560 
845 1.166560 
1254 1.164697 
628 1.164697 
1091 1.164697 
1062 1.164697 
395 1.162819 
525 1.155793 
933 1.155793 
657 1.155793 
703 1.155793 
972 1.154425 
550 1.154425 
923 1.152881 
396 1.152881 
1280 1.152881 
1255 1.152881 
96 1.152423 
278 1.152311 
87 1.152311 
965 1.152311 
319 1.152311 
929 1.147764 
542 1.146108 
289 1.146108 
613 1.146108 
414 1.146108 
1444 1.145808 
1262 1.145808 
478 1.145808 
792 1.141167 
750 1.141167 
133 1.141167 
706 1.141167 
587 1.140835 
181 1.140835 
205 1.134032 
557 1.134032 
667 1.134032 
754 1.134032 
1420 1.129417 
873 1.129417 
1003 1.129417 
762 1.123648 
1232 1.123488 
1244 1.123488 
300 1.123488 
1393 1.123488 
1149 1.119399 
523 1.117627 
10 1.110852 
95 1.107633 
766 1.107633 
574 1.107633 
1282 1.107091 
238 1.107091 
190 1.104797 
328 1.104521 
1414 1.096905 
626 1.092123 
81 1.084966 
1455 1.084302 
239 1.084302 
316 1.084302 
112 1.084302 
376 1.079803 
138 1.079803 
596 1.079803 
1501 1.079803 
513 1.077953 
801 1.076972 
1046 1.070216 
1514 1.070216 
1223 1.058267 
559 1.052522 
1221 1.039879 
1489 1.037513 
251 1.037513 
9 1.037513 
242 1.037513 
1258 1.031795 
363 1.031795 
790 1.031795 
922 1.031795 
1309 1.021084 
686 1.021084 
568 1.021084 
271 1.020336 
1356 1.005930 
1261 1.005930 
823 1.005930 
558 1.005930 
1124 0.973246 
1022 0.973246 
1165 0.973246 
1180 0.973246 
1053 0.952734 
189 0.952734 
135 0.952734 
279 0.952734 
267 0.942213 
1405 0.941309 
843 0.941309 
150 0.933848 
375 0.933672 
605 0.933672 
524 0.924178 
77 0.923290 
1140 0.923290 
1510 0.923290 
842 0.912610 
687 0.912610 
803 0.912610 
142 0.912610 
490 0.901849 
825 0.891534 
748 0.861254 
1141 0.861254 
573 0.861254 
1217 0.861254 
1137 0.854474 
104 0.854474 
1225 0.854474 
960 0.854474 
344 0.854348 
668 0.854348 
739 0.854348 
483 0.854348 
39 0.853761 
1158 0.851357 
17 0.850497 
1224 0.846263 
1443 0.846263 
663 0.842395 
422 0.839562 
1197 0.832879 
865 0.832879 
1080 0.821726 
1 0.821726 
1276 0.821726 
1248 0.821726 
124 0.809754 
325 0.809754 
1288 0.809754 
157 0.809754 
1135 0.794182 
1456 0.783266 
1259 0.783266 
200 0.782784 
846 0.778268 
1363 0.778268 
270 0.778268 
1133 0.778268 
577 0.773164 
88 0.762198 
958 0.762198 
378 0.762198 
416 0.762198 
517 0.753873 
170 0.753873 
172 0.753873 
187 0.753873 
864 0.747258 
742 0.747258 
926 0.747258 
970 0.747258 
72 0.733406 
36 0.733406 
114 0.733406 
21 0.733406 
1289 0.731389 
1026 0.731389 
1041 0.731389 
879 0.731389 
1382 0.722147 
889 0.722147 
653 0.722147 
1339 0.722147 
880 0.715505 
1064 0.707050 
634 0.707050 
507 0.683023 
1144 0.683023 
852 0.683023 
849 0.683023 
1048 0.672390 
139 0.672390 
847 0.669099 
1193 0.669099 
1125 0.669099 
1503 0.669099 
246 0.660449 
50 0.660449 
259 0.660449 
245 0.660449 
65 0.659405 
366 0.641486 
660 0.631199 
891 0.627869 
1169 0.626658 
1376 0.612738 
1347 0.612738 
683 0.612738 
1181 0.612738 
469 0.611139 
312 0.611139 
470 0.611139 
85 0.611139 
867 0.604235 
956 0.596758 
655 0.559077 
927 0.559077 
426 0.559077 
1295 0.559077 
597 0.556332 
19 0.556332 
707 0.546560 
105 0.542827 
208 0.542827 
199 0.542827 
203 0.542827 
1350 0.529202 
952 0.527473 
291 0.517957 
1494 0.507669 
1096 0.507669 
1273 0.507669 
1321 0.496474 
1146 0.465070 
1189 0.465070 
630 0.461873 
1409 0.461873 
636 0.461873 
641 0.461873 
535 0.453738 
989 0.453738 
185 0.453738 
23 0.439482 
332 0.435750 
1403 0.434252 
1182 0.416942 
1272 0.416942 
1422 0.416942 
1040 0.416942 
528 0.409976 
794 0.409976 
90 0.409976 
817 0.409976 
367 0.408180 
1293 0.394377 
695 0.381909 
616 0.381909 
599 0.381909 
163 0.381909 
1079 0.377085 
1198 0.370642 
1506 0.369788 
1201 0.355888 
800 0.355888 
738 0.355888 
341 0.355888 
902 0.354033 
1449 0.354033 
691 0.354033 
1227 0.354033 
1369 0.344837 
1204 0.344837 
385 0.333545 
98 0.333545 
387 0.333545 
167 0.333545 
620 0.331618 
1364 0.331618 
1287 0.331618 
1396 0.331618 
377 0.320465 
448 0.320465 
427 0.320465 
361 0.320465 
59 0.316127 
425 0.316127 
1297 0.315462 
563 0.309152 
1044 0.299183 
76 0.299183 
56 0.294941 
1435 0.294941 
736 0.289567 
454 0.281732 
498 0.281732 
318 0.281732 
402 0.281732 
296 0.271447 
292 0.271447 
465 0.271447 
918 0.271447 
264 0.264730 
493 0.264730 
496 0.264730 
399 0.264730 
798 0.263836 
672 0.263836 
1477 0.263836 
499 0.263836 
398 0.262730 
837 0.262730 
35 0.260617 
58 0.260617 
75 0.260617 
545 0.260617 
1448 0.257716 
1399 0.257716 
547 0.254944 
415 0.254944 
388 0.254944 
382 0.254944 
968 0.247466 
733 0.226139 
883 0.220477 
1202 0.220477 
1028 0.216514 
346 0.216514 
796 0.216514 
1206 0.216514 
1218 0.213456 
1192 0.213456 
1334 0.213456 
492 0.213456 
1233 0.208328 
582 0.207330 
1113 0.190226 
1319 0.168931 
1415 0.168931 
1434 0.168931 
1386 0.168931 
1428 0.163992 
944 0.163992 
1162 0.144678 
931 0.143410 
1033 0.142122 
195 0.139605 
158 0.137579 
419 0.137579 
430 0.136483 
631 0.128837 
652 0.117065 
793 0.097361 
860 0.089115 
692 0.087112 
875 0.080778 
1330 0.080778 
1281 0.080778 
1167 0.080778 
1487 0.080418 
326 0.073258 
844 0.063198 
1027 0.062929 
1475 0.062929 
386 0.062929 
52 0.062929 
101 0.061672 
1326 0.049798 
654 0.038044 
1507 0.019968 
227 0.019968 
1030 0.018663 
1108 0.018663 
1060 0.018663 
1485 0.018663 
783 0.015031 
1176 0.008822 
1370 0.008370 
963 0.006785 
520 0.001650 
664 0.001649 
975 -0.008818 
1291 -0.016870 
25 -0.016870 
146 -0.016870 
210 -0.018395 
1502 -0.020500 
182 -0.021805 
1008 -0.021805 
2 -0.022976 
1171 -0.033603 
967 -0.037331 
347 -0.037331 
1024 -0.037331 
569 -0.037331 
826 -0.044044 
1071 -0.044044 
409 -0.044044 
564 -0.044044 
220 -0.055609 
60 -0.055609 
299 -0.055609 
231 -0.055609 
539 -0.056909 
314 -0.056909 
1007 -0.056909 
532 -0.056909 
1373 -0.062428 
1391 -0.062428 
1446 -0.062428 
1419 -0.062428 
1052 -0.081398 
804 -0.081398 
1035 -0.081398 
1459 -0.081398 
802 -0.096227 
334 -0.102204 
485 -0.102204 
729 -0.102204 
778 -0.102204 
1442 -0.104601 
179 -0.109938 
1460 -0.122024 
38 -0.124702 
1471 -0.137532 
62 -0.138719 
855 -0.138719 
1427 -0.140214 
1333 -0.140214 
602 -0.140214 
342 -0.140916 
331 -0.140916 
1147 -0.140916 
354 -0.140916 
272 -0.142686 
1031 -0.149145 
705 -0.149145 
994 -0.149145 
962 -0.149145 
608 -0.154634 
45 -0.157799 
162 -0.164484 
731 -0.172271 
725 -0.172271 
198 -0.172271 
726 -0.172271 
1174 -0.172644 
1178 -0.173402 
33 -0.187421 
233 -0.187421 
173 -0.187421 
1131 -0.187421 
732 -0.188665 
839 -0.188665 
188 -0.188665 
915 -0.188665 
753 -0.222924 
320 -0.222924 
815 -0.222924 
897 -0.222924 
781 -0.223601 
759 -0.225746 
623 -0.229228 
1433 -0.253509 
1115 -0.253509 
1517 -0.256845 
1159 -0.256845 
1335 -0.256845 
1383 -0.267298 
1320 -0.269509 
1005 -0.274437 
1230 -0.274437 
313 -0.283681 
701 -0.293692 
1098 -0.299552 
1110 -0.304834 
904 -0.306004 
1476 -0.306004 
890 -0.306004 
898 -0.306004 
884 -0.312791 
1237 -0.312791 
1413 -0.312791 
1323 -0.312791 
555 -0.316450 
954 -0.320657 
458 -0.330711 
1379 -0.330711 
418 -0.330711 
397 -0.330711 
491 -0.331096 
1338 -0.334244 
392 -0.336536 
324 -0.336536 
696 -0.336536 
650 -0.336536 
917 -0.355194 
1499 -0.355194 
1263 -0.358675 
1310 -0.365249 
978 -0.365849 
771 -0.365849 
1496 -0.368898 
1105 -0.368898 
1458 -0.368898 
1431 -0.370941 
1129 -0.374473 
261 -0.377808 
1290 -0.379100 
1358 -0.383809 
1069 -0.383921 
444 -0.392512 
1059 -0.419320 
572 -0.419320 
1010 -0.419320 
1018 -0.419320 
1513 -0.429903 
384 -0.429903 
49 -0.458610 
1092 -0.458610 
99 -0.458610 
55 -0.458610 
30 -0.458663 
961 -0.458663 
355 -0.466263 
1426 -0.475865 
364 -0.475865 
174 -0.479726 
955 -0.482271 
18 -0.483322 
784 -0.483322 
1055 -0.483322 
1032 -0.483322 
434 -0.497249 
1491 -0.500086 
943 -0.501982 
5 -0.501982 
288 -0.501982 
431 -0.501982 
1429 -0.504515 
1332 -0.504515 
871 -0.504515 
1119 -0.504515 
1315 -0.512002 
452 -0.512002 
466 -0.512002 
407 -0.512002 
665 -0.514811 
675 -0.514811 
831 -0.514811 
1155 -0.514811 
1065 -0.521534 
1301 -0.521534 
770 -0.521534 
1408 -0.535749 
1269 -0.535749 
1278 -0.535749 
215 -0.535749 
311 -0.539513 
909 -0.539513 
930 -0.539513 
1302 -0.539513 
1516 -0.552664 
764 -0.582945 
1056 -0.587332 
1298 -0.607392 
1316 -0.607392 
1374 -0.607392 
1454 -0.615702 
809 -0.615702 
1250 -0.635847 
1348 -0.676881 
383 -0.697047 
1210 -0.725087 
442 -0.748213 
293 -0.765132 
111 -0.789293 
743 -0.789293 
755 -0.789293 
450 -0.789293 
403 -0.794012 
1200 -0.810450 
1268 -0.855573 
82 -0.855573 
1353 -0.869161 
134 -0.876771 
774 -0.948582 
806 -0.948582 
1057 -0.948582 
1362 -0.948582 
224 -0.960477 
1366 -0.960477 
998 -0.960477 
1185 -0.963414 
919 -0.963414 
1341 -0.963414 
1236 -0.964221 
166 -0.965748 
1354 -0.967000 
468 -0.967000 
1051 -0.967000 
129 -1.020135 
1406 -1.020135 
1439 -1.021176 
993 -1.021176 
1294 -1.047100 
1213 -1.088601 
256 -1.088601 
900 -1.088601 
1256 -1.088601 
709 -1.098353 
1161 -1.098901 
939 -1.147523 
836 -1.171416 
538 -1.184196 
1199 -1.193144 
333 -1.251711 
103 -1.293527 
275 -1.437033 
953 -1.504224 
869 -1.602027 
1355 -1.635592 
816 -1.720249 
1410 -2.989259 
22 -3.284846 
881 -3.284846 
1324 -3.552958 
