2314 1
0 -0.412977 
1 -0.143194 
2 0.278496 
3 -0.245153 
4 -0.101522 
5 -0.105951 
6 -0.483920 
7 -0.101522 
8 -0.245153 
9 0.287424 
10 0.245946 
11 0.287424 
12 0.245946 
13 0.236141 
14 -0.105951 
15 0.172940 
16 0.245946 
17 0.365175 
18 0.319874 
19 0.016031 
20 0.172940 
21 -0.474294 
22 -0.125559 
23 -0.143194 
24 -0.215384 
25 -0.425071 
26 -0.215384 
27 -0.245153 
28 -0.228896 
29 -0.466171 
30 -0.483920 
31 0.365175 
32 -0.245153 
33 0.365175 
34 -0.474294 
35 -0.101522 
36 -0.412977 
37 -0.105951 
38 -0.295472 
39 0.245946 
40 0.245946 
41 0.245946 
42 -0.295472 
43 0.245946 
44 0.236141 
45 0.287424 
46 0.287424 
47 -0.101522 
48 -0.026049 
49 0.245946 
50 -0.245153 
51 -0.105951 
52 -0.483920 
53 -0.228896 
54 -0.483920 
55 0.474075 
56 0.365175 
57 -0.483920 
58 0.016031 
59 0.287424 
60 0.287424 
61 0.159497 
62 -0.492572 
63 -0.245153 
64 0.159497 
65 -0.483920 
66 0.278496 
67 -0.412977 
68 0.287424 
69 -0.466171 
70 0.016031 
71 -0.245153 
72 -0.425071 
73 -0.425071 
74 -0.466171 
75 -0.412977 
76 -0.425071 
77 -0.474294 
78 0.016031 
79 -0.412977 
80 0.477483 
81 0.365175 
82 0.172940 
83 -0.229478 
84 0.058247 
85 -0.245153 
86 0.245946 
87 0.485775 
88 0.159497 
89 0.172940 
90 -0.026049 
91 0.081447 
92 -0.245153 
93 -0.229478 
94 0.159497 
95 -0.457998 
96 0.365175 
97 -0.295472 
98 0.477483 
99 0.236141 
100 0.172940 
101 0.159497 
102 0.245946 
103 -0.245153 
104 -0.101522 
105 0.319874 
106 0.319874 
107 0.477483 
108 -0.215384 
109 0.477483 
110 0.477483 
111 -0.101522 
112 0.245946 
113 -0.125559 
114 0.081447 
115 -0.125559 
116 0.365175 
117 -0.101522 
118 0.245946 
119 0.172940 
120 -0.102889 
121 0.245946 
122 0.477483 
123 -0.125559 
124 0.365175 
125 -0.026049 
126 0.236141 
127 -0.466171 
128 -0.483920 
129 -0.425071 
130 0.016031 
131 0.159497 
132 0.245946 
133 0.278496 
134 0.016031 
135 -0.492572 
136 0.172940 
137 0.029008 
138 -0.026049 
139 0.245946 
140 0.477483 
141 0.172940 
142 -0.414353 
143 0.159497 
144 -0.466171 
145 0.159497 
146 0.172940 
147 0.172940 
148 -0.026049 
149 -0.198289 
150 -0.466171 
151 -0.198289 
152 0.365175 
153 0.236141 
154 -0.215384 
155 -0.105951 
156 0.236141 
157 -0.483920 
158 0.172940 
159 -0.425071 
160 0.319874 
161 0.434540 
162 -0.229478 
163 0.365175 
164 0.319874 
165 -0.105951 
166 -0.466171 
167 0.159497 
168 -0.229478 
169 0.278496 
170 -0.414353 
171 -0.245153 
172 -0.466171 
173 -0.229478 
174 0.245946 
175 -0.414353 
176 -0.425071 
177 -0.295472 
178 -0.466171 
179 -0.245153 
180 -0.229478 
181 0.159497 
182 0.245946 
183 -0.228896 
184 -0.356636 
185 -0.425071 
186 0.236141 
187 -0.215384 
188 -0.466171 
189 0.172940 
190 0.245946 
191 0.245946 
192 0.245946 
193 -0.215384 
194 -0.245153 
195 -0.105951 
196 -0.425071 
197 -0.125559 
198 0.365175 
199 0.319874 
200 -0.245153 
201 -0.105951 
202 0.392737 
203 -0.228896 
204 -0.466171 
205 -0.488012 
206 0.278496 
207 -0.125559 
208 -0.125559 
209 0.172940 
210 -0.356636 
211 -0.026049 
212 -0.356636 
213 -0.026049 
214 0.236141 
215 0.159497 
216 -0.105951 
217 -0.295472 
218 0.159497 
219 -0.356636 
220 0.392737 
221 -0.425071 
222 -0.105951 
223 -0.245153 
224 -0.215384 
225 -0.026049 
226 0.434540 
227 0.159497 
228 -0.466171 
229 -0.245153 
230 -0.295472 
231 0.477483 
232 -0.026049 
233 -0.228896 
234 -0.125559 
235 0.287424 
236 -0.143194 
237 -0.474294 
238 0.245946 
239 -0.228896 
240 0.319874 
241 -0.228896 
242 0.278398 
243 -0.492572 
244 0.485775 
245 -0.425071 
246 -0.474294 
247 0.245946 
248 0.434540 
249 -0.356636 
250 0.392737 
251 0.159497 
252 -0.215384 
253 -0.198289 
254 -0.125559 
255 -0.492572 
256 -0.026049 
257 0.159497 
258 0.485775 
259 -0.474294 
260 -0.198289 
261 -0.295472 
262 -0.125559 
263 -0.295472 
264 0.172940 
265 0.016031 
266 -0.466171 
267 0.245946 
268 -0.026049 
269 0.245946 
270 -0.474294 
271 -0.466171 
272 -0.105951 
273 0.485775 
274 -0.245153 
275 -0.229478 
276 -0.414353 
277 0.159497 
278 -0.143194 
279 -0.026049 
280 0.236141 
281 -0.026049 
282 0.245946 
283 -0.492572 
284 -0.474294 
285 -0.356636 
286 -0.466171 
287 -0.200726 
288 -0.026049 
289 -0.105951 
290 -0.295472 
291 -0.229478 
292 -0.356636 
293 -0.143194 
294 -0.026049 
295 -0.228896 
296 0.200724 
297 -0.356636 
298 -0.198289 
299 0.066550 
300 -0.414353 
301 0.245946 
302 -0.105951 
303 -0.245153 
304 0.245946 
305 0.245946 
306 -0.105951 
307 -0.466171 
308 -0.245153 
309 -0.229478 
310 -0.229478 
311 -0.245153 
312 -0.356636 
313 -0.356636 
314 0.159497 
315 -0.425071 
316 0.287424 
317 -0.356636 
318 -0.474294 
319 -0.229478 
320 -0.102889 
321 -0.414353 
322 0.081447 
323 0.392737 
324 -0.488012 
325 -0.245153 
326 -0.356636 
327 -0.125559 
328 -0.295472 
329 -0.228896 
330 0.245946 
331 -0.466171 
332 0.016031 
333 -0.474294 
334 0.392737 
335 -0.229478 
336 -0.466171 
337 0.278398 
338 0.016031 
339 0.278398 
340 -0.102889 
341 -0.229478 
342 -0.245153 
343 0.245946 
344 -0.125559 
345 -0.488012 
346 -0.105951 
347 -0.105951 
348 -0.245153 
349 0.434540 
350 0.245946 
351 0.236141 
352 -0.229478 
353 -0.228896 
354 0.245946 
355 0.392737 
356 0.159497 
357 0.236141 
358 0.392737 
359 -0.125559 
360 0.392737 
361 -0.105951 
362 0.236141 
363 -0.474294 
364 -0.414353 
365 -0.245153 
366 -0.228896 
367 0.278398 
368 -0.412977 
369 0.236141 
370 -0.439388 
371 -0.492572 
372 -0.125559 
373 -0.198289 
374 0.172940 
375 0.159497 
376 0.236141 
377 0.159497 
378 -0.488012 
379 0.172940 
380 0.286761 
381 -0.125559 
382 -0.414353 
383 -0.245153 
384 -0.466171 
385 0.392737 
386 -0.295472 
387 -0.483920 
388 -0.229478 
389 -0.245153 
390 0.392737 
391 0.477483 
392 0.477483 
393 -0.466171 
394 0.477483 
395 -0.228896 
396 -0.143194 
397 -0.245153 
398 -0.466171 
399 0.245946 
400 0.016031 
401 -0.245153 
402 0.319874 
403 -0.483920 
404 0.159497 
405 0.245946 
406 -0.488012 
407 0.319874 
408 0.245946 
409 -0.295472 
410 0.319874 
411 -0.474294 
412 0.159497 
413 0.172940 
414 -0.228896 
415 -0.105951 
416 0.172940 
417 0.172940 
418 -0.245153 
419 -0.229478 
420 -0.466171 
421 0.245946 
422 0.159497 
423 -0.125559 
424 0.485775 
425 -0.143194 
426 -0.143194 
427 0.278496 
428 0.081447 
429 -0.245153 
430 0.485775 
431 -0.245153 
432 -0.474294 
433 -0.105951 
434 -0.245153 
435 -0.143194 
436 0.434540 
437 -0.245153 
438 0.172940 
439 -0.229478 
440 -0.245153 
441 0.172940 
442 -0.215384 
443 -0.425071 
444 -0.125559 
445 -0.295472 
446 -0.125559 
447 0.172940 
448 0.319874 
449 -0.474294 
450 0.287424 
451 -0.466171 
452 0.245946 
453 -0.101522 
454 -0.198289 
455 0.319874 
456 -0.198289 
457 0.081447 
458 -0.105951 
459 0.172940 
460 0.287424 
461 0.236141 
462 -0.026049 
463 0.172940 
464 -0.125559 
465 -0.105951 
466 0.287424 
467 0.081447 
468 -0.229478 
469 -0.143194 
470 -0.125559 
471 0.319874 
472 0.287424 
473 0.172940 
474 -0.295472 
475 -0.414353 
476 -0.229478 
477 -0.457998 
478 0.485775 
479 0.485775 
480 0.172940 
481 -0.105951 
482 0.172940 
483 -0.466171 
484 0.287424 
485 -0.414353 
486 -0.474294 
487 -0.245153 
488 -0.229478 
489 -0.466171 
490 0.278496 
491 -0.228896 
492 -0.228896 
493 0.081447 
494 -0.228896 
495 -0.215384 
496 -0.245153 
497 0.477483 
498 0.236141 
499 -0.474294 
500 0.081447 
501 -0.105951 
502 0.159497 
503 -0.101522 
504 0.392737 
505 -0.125559 
506 0.485775 
507 0.392737 
508 -0.466171 
509 -0.105951 
510 -0.198289 
511 0.159497 
512 -0.245153 
513 -0.105951 
514 -0.105951 
515 -0.198289 
516 -0.228896 
517 -0.101522 
518 0.392737 
519 0.172940 
520 0.081447 
521 0.485775 
522 -0.105951 
523 0.159497 
524 -0.101522 
525 -0.026049 
526 -0.245153 
527 -0.198289 
528 -0.229478 
529 -0.295472 
530 -0.474294 
531 -0.105951 
532 -0.414353 
533 -0.198289 
534 0.159497 
535 0.066550 
536 -0.215384 
537 -0.198289 
538 -0.466171 
539 -0.143194 
540 -0.474294 
541 -0.105951 
542 0.477483 
543 0.434540 
544 0.392737 
545 0.485775 
546 -0.483920 
547 -0.474294 
548 -0.474294 
549 0.287424 
550 -0.101522 
551 -0.198289 
552 -0.466171 
553 -0.105951 
554 -0.102889 
555 0.245946 
556 -0.414353 
557 -0.198289 
558 0.278496 
559 -0.026049 
560 -0.102889 
561 -0.245153 
562 -0.245153 
563 -0.245153 
564 -0.483920 
565 0.236141 
566 0.434540 
567 -0.198289 
568 0.278496 
569 -0.229478 
570 -0.492572 
571 0.159497 
572 -0.492572 
573 -0.466171 
574 -0.245153 
575 0.200724 
576 -0.295472 
577 -0.198289 
578 -0.228896 
579 0.172940 
580 -0.245153 
581 0.016031 
582 -0.474294 
583 -0.356636 
584 -0.425071 
585 -0.245153 
586 -0.143194 
587 -0.105951 
588 -0.215384 
589 0.016031 
590 -0.229478 
591 -0.425071 
592 -0.125559 
593 0.236141 
594 -0.229478 
595 -0.295472 
596 0.236141 
597 -0.101522 
598 -0.466171 
599 0.172940 
600 -0.245153 
601 0.016031 
602 0.278496 
603 -0.102889 
604 -0.295472 
605 -0.102889 
606 0.159497 
607 -0.425071 
608 0.159497 
609 0.485775 
610 -0.228896 
611 -0.125559 
612 -0.295472 
613 -0.105951 
614 -0.229478 
615 -0.215384 
616 -0.026049 
617 -0.198289 
618 0.365175 
619 -0.198289 
620 -0.466171 
621 -0.414353 
622 -0.229478 
623 -0.295472 
624 0.287424 
625 -0.229478 
626 -0.245153 
627 -0.105951 
628 -0.215384 
629 -0.105951 
630 -0.105951 
631 -0.245153 
632 0.392737 
633 0.485775 
634 -0.466171 
635 0.477483 
636 -0.198289 
637 -0.125559 
638 -0.143194 
639 -0.245153 
640 -0.026049 
641 0.319874 
642 0.016031 
643 0.485775 
644 -0.492572 
645 -0.026049 
646 -0.245153 
647 0.245946 
648 -0.105951 
649 -0.228896 
650 -0.466171 
651 0.016031 
652 -0.026049 
653 0.485775 
654 -0.105951 
655 -0.228896 
656 -0.198289 
657 -0.466171 
658 -0.229478 
659 -0.483920 
660 0.392737 
661 -0.228896 
662 0.236141 
663 0.236141 
664 0.278496 
665 0.477483 
666 0.485775 
667 -0.228896 
668 -0.105951 
669 0.016031 
670 -0.295472 
671 -0.295472 
672 0.236141 
673 0.287424 
674 0.245946 
675 -0.414353 
676 0.319874 
677 -0.245153 
678 -0.245153 
679 -0.466171 
680 -0.466171 
681 0.172940 
682 -0.245153 
683 0.434540 
684 0.319874 
685 -0.229478 
686 -0.198289 
687 0.236141 
688 -0.105951 
689 -0.229478 
690 0.236141 
691 0.016031 
692 -0.143194 
693 0.081447 
694 -0.245153 
695 0.016031 
696 -0.229478 
697 0.016031 
698 -0.295472 
699 -0.101522 
700 -0.414353 
701 -0.295472 
702 0.016031 
703 0.287424 
704 -0.488012 
705 0.245946 
706 0.159497 
707 -0.125559 
708 -0.026049 
709 0.245946 
710 0.016031 
711 -0.295472 
712 0.159497 
713 -0.356636 
714 -0.198289 
715 -0.105951 
716 0.392737 
717 0.081447 
718 -0.105951 
719 0.278496 
720 -0.229478 
721 -0.245153 
722 0.159497 
723 -0.425071 
724 -0.143194 
725 -0.102889 
726 -0.198289 
727 -0.474294 
728 0.159497 
729 -0.245153 
730 -0.474294 
731 0.319874 
732 -0.245153 
733 -0.425071 
734 0.236141 
735 -0.143194 
736 -0.105951 
737 -0.105951 
738 -0.026049 
739 -0.102889 
740 -0.466171 
741 -0.105951 
742 -0.295472 
743 0.081447 
744 0.236141 
745 0.434540 
746 -0.105951 
747 -0.229478 
748 -0.198289 
749 -0.414353 
750 0.159497 
751 -0.414353 
752 0.159497 
753 0.434540 
754 0.474075 
755 -0.356636 
756 0.392737 
757 0.200724 
758 -0.295472 
759 -0.105951 
760 -0.026049 
761 -0.245153 
762 0.278496 
763 0.066550 
764 -0.425071 
765 -0.105951 
766 -0.466171 
767 -0.102889 
768 -0.488012 
769 -0.125559 
770 -0.125559 
771 -0.466171 
772 -0.125559 
773 -0.425071 
774 -0.425071 
775 0.159497 
776 -0.102889 
777 0.319874 
778 0.016031 
779 0.434540 
780 0.319874 
781 0.236141 
782 0.016031 
783 -0.466171 
784 -0.143194 
785 0.319874 
786 0.016031 
787 -0.102889 
788 0.474075 
789 -0.356636 
790 -0.466171 
791 0.066550 
792 0.365175 
793 -0.295472 
794 -0.105951 
795 -0.414353 
796 -0.414353 
797 0.434540 
798 0.172940 
799 0.278398 
800 0.236141 
801 -0.228896 
802 -0.105951 
803 0.159497 
804 0.485775 
805 0.485775 
806 -0.483920 
807 -0.101522 
808 -0.466171 
809 -0.414353 
810 0.319874 
811 -0.215384 
812 -0.425071 
813 0.474075 
814 0.287424 
815 0.159497 
816 0.172940 
817 -0.488012 
818 0.319874 
819 0.477483 
820 0.081447 
821 0.066550 
822 0.236141 
823 0.236141 
824 -0.414353 
825 0.172940 
826 0.485775 
827 -0.229478 
828 0.365175 
829 0.172940 
830 0.159497 
831 -0.105951 
832 -0.125559 
833 0.016031 
834 0.236141 
835 0.245946 
836 -0.466171 
837 -0.229478 
838 -0.466171 
839 -0.198289 
840 0.159497 
841 0.245946 
842 0.159497 
843 -0.105951 
844 -0.198289 
845 0.066550 
846 0.066550 
847 0.278496 
848 0.236141 
849 -0.215384 
850 0.159497 
851 -0.102889 
852 -0.245153 
853 -0.105951 
854 -0.474294 
855 0.485775 
856 -0.102889 
857 -0.105951 
858 0.287424 
859 -0.488012 
860 0.287424 
861 0.485775 
862 0.172940 
863 -0.215384 
864 0.236141 
865 -0.105951 
866 0.485775 
867 -0.295472 
868 0.319874 
869 0.434540 
870 -0.488012 
871 -0.143194 
872 0.016031 
873 -0.198289 
874 -0.425071 
875 0.159497 
876 -0.474294 
877 0.236141 
878 -0.245153 
879 -0.425071 
880 -0.488012 
881 -0.215384 
882 0.485775 
883 -0.228896 
884 -0.492572 
885 -0.105951 
886 -0.466171 
887 0.172940 
888 -0.198289 
889 -0.228896 
890 -0.125559 
891 0.434540 
892 -0.245153 
893 0.081447 
894 -0.295472 
895 -0.356636 
896 -0.356636 
897 0.365175 
898 -0.412977 
899 -0.466171 
900 0.236141 
901 -0.143194 
902 -0.492572 
903 -0.215384 
904 0.016031 
905 -0.356636 
906 0.159497 
907 0.159497 
908 0.236141 
909 0.159497 
910 0.066550 
911 -0.356636 
912 0.066550 
913 0.485775 
914 -0.414353 
915 -0.026049 
916 -0.425071 
917 0.159497 
918 -0.198289 
919 0.245946 
920 -0.245153 
921 -0.245153 
922 -0.492572 
923 -0.466171 
924 -0.228896 
925 -0.474294 
926 0.434540 
927 -0.228896 
928 -0.105951 
929 -0.102889 
930 -0.229478 
931 -0.125559 
932 0.434540 
933 -0.425071 
934 0.245946 
935 0.066550 
936 -0.483920 
937 0.159497 
938 -0.105951 
939 0.066550 
940 -0.295472 
941 -0.245153 
942 0.016031 
943 -0.295472 
944 -0.245153 
945 -0.425071 
946 0.287424 
947 -0.425071 
948 -0.295472 
949 -0.295472 
950 -0.245153 
951 -0.143194 
952 -0.488012 
953 -0.125559 
954 0.287424 
955 0.434540 
956 -0.229478 
957 -0.295472 
958 0.434540 
959 -0.229478 
960 0.236141 
961 -0.198289 
962 -0.295472 
963 -0.215384 
964 -0.295472 
965 0.016031 
966 0.287424 
967 0.081447 
968 0.236141 
969 -0.105951 
970 -0.245153 
971 -0.425071 
972 0.236141 
973 -0.466171 
974 -0.295472 
975 0.392737 
976 0.172940 
977 -0.483920 
978 -0.229478 
979 -0.466171 
980 0.474075 
981 0.159497 
982 0.159497 
983 -0.125559 
984 -0.295472 
985 -0.125559 
986 -0.425071 
987 -0.466171 
988 -0.488012 
989 0.200724 
990 -0.245153 
991 0.236141 
992 -0.228896 
993 -0.229478 
994 -0.229478 
995 -0.198289 
996 0.016031 
997 0.066550 
998 0.434540 
999 0.365175 
1000 -0.466171 
1001 -0.143194 
1002 0.434540 
1003 0.287424 
1004 -0.229478 
1005 -0.466171 
1006 0.081447 
1007 -0.252548 
1008 -0.105951 
1009 -0.229478 
1010 -0.425071 
1011 -0.245153 
1012 -0.488012 
1013 0.236141 
1014 0.474075 
1015 0.474075 
1016 0.287424 
1017 0.287424 
1018 0.365175 
1019 0.200724 
1020 -0.245153 
1021 -0.425071 
1022 -0.414353 
1023 -0.474294 
1024 0.434540 
1025 -0.228896 
1026 -0.466171 
1027 0.159497 
1028 -0.466171 
1029 0.236141 
1030 -0.215384 
1031 0.434540 
1032 -0.143194 
1033 0.236141 
1034 -0.295472 
1035 0.319874 
1036 -0.474294 
1037 -0.425071 
1038 0.287424 
1039 0.434540 
1040 0.278496 
1041 -0.414353 
1042 0.236141 
1043 0.392737 
1044 0.236141 
1045 -0.105951 
1046 -0.229478 
1047 -0.295472 
1048 -0.105951 
1049 0.319874 
1050 -0.125559 
1051 -0.229478 
1052 -0.102889 
1053 0.474075 
1054 0.236141 
1055 -0.198289 
1056 0.066550 
1057 -0.198289 
1058 -0.425071 
1059 -0.026049 
1060 -0.200726 
1061 -0.425071 
1062 0.159497 
1063 -0.425071 
1064 0.474075 
1065 0.434540 
1066 0.278496 
1067 0.287424 
1068 -0.245153 
1069 -0.245153 
1070 0.392737 
1071 -0.245153 
1072 -0.457998 
1073 0.066550 
1074 0.434540 
1075 0.172940 
1076 -0.143194 
1077 -0.295472 
1078 0.236141 
1079 -0.198289 
1080 -0.466171 
1081 -0.474294 
1082 -0.466171 
1083 -0.229478 
1084 0.200724 
1085 0.287424 
1086 -0.215384 
1087 0.287424 
1088 -0.466171 
1089 0.287424 
1090 -0.425071 
1091 -0.229478 
1092 -0.474294 
1093 -0.356636 
1094 0.319874 
1095 -0.026049 
1096 0.081447 
1097 -0.245153 
1098 0.319874 
1099 0.319874 
1100 0.434540 
1101 0.081447 
1102 -0.466171 
1103 -0.425071 
1104 -0.228896 
1105 -0.474294 
1106 -0.488012 
1107 -0.488012 
1108 0.365175 
1109 -0.492572 
1110 -0.198289 
1111 0.319874 
1112 0.474075 
1113 -0.245153 
1114 -0.215384 
1115 -0.356636 
1116 -0.492572 
1117 -0.492572 
1118 -0.105951 
1119 0.434540 
1120 0.236141 
1121 0.287424 
1122 -0.414353 
1123 -0.474294 
1124 -0.143194 
1125 -0.105951 
1126 -0.425071 
1127 -0.295472 
1128 0.278496 
1129 -0.414353 
1130 0.172940 
1131 0.365175 
1132 -0.466171 
1133 -0.198289 
1134 -0.245153 
1135 -0.295472 
1136 0.477483 
1137 -0.425071 
1138 -0.198289 
1139 -0.143194 
1140 0.172940 
1141 0.287424 
1142 -0.125559 
1143 -0.143194 
1144 0.477483 
1145 -0.492572 
1146 -0.143194 
1147 -0.295472 
1148 0.236141 
1149 -0.102889 
1150 0.434540 
1151 -0.101522 
1152 0.287424 
1153 -0.474294 
1154 0.236141 
1155 -0.125559 
1156 0.081447 
1157 -0.105951 
1158 -0.105951 
1159 0.172940 
1160 0.172940 
1161 0.172940 
1162 0.172940 
1163 0.236141 
1164 0.434540 
1165 -0.474294 
1166 -0.295472 
1167 0.236141 
1168 -0.228896 
1169 -0.215384 
1170 0.287424 
1171 0.474075 
1172 -0.198289 
1173 0.200724 
1174 -0.474294 
1175 0.287424 
1176 0.287424 
1177 -0.229478 
1178 -0.295472 
1179 0.016031 
1180 -0.466171 
1181 0.287424 
1182 -0.105951 
1183 -0.466171 
1184 -0.295472 
1185 -0.198289 
1186 0.434540 
1187 -0.474294 
1188 0.200724 
1189 -0.474294 
1190 -0.198289 
1191 0.278496 
1192 -0.215384 
1193 0.200724 
1194 -0.425071 
1195 0.287424 
1196 -0.466171 
1197 -0.483920 
1198 -0.101522 
1199 0.287424 
1200 -0.143194 
1201 0.474075 
1202 -0.295472 
1203 0.081447 
1204 0.319874 
1205 0.434540 
1206 0.236141 
1207 0.236141 
1208 0.319874 
1209 -0.215384 
1210 0.400296 
1211 0.278496 
1212 -0.105951 
1213 0.485775 
1214 -0.356636 
1215 -0.466171 
1216 -0.483920 
1217 0.278496 
1218 -0.414353 
1219 -0.228896 
1220 -0.474294 
1221 -0.425071 
1222 0.434540 
1223 -0.229478 
1224 -0.457998 
1225 -0.492572 
1226 -0.105951 
1227 0.365175 
1228 -0.466171 
1229 -0.143194 
1230 0.278496 
1231 -0.295472 
1232 -0.295472 
1233 -0.425071 
1234 0.485775 
1235 -0.492572 
1236 -0.245153 
1237 -0.198289 
1238 0.434540 
1239 -0.474294 
1240 0.365175 
1241 0.172940 
1242 0.319874 
1243 0.066550 
1244 -0.295472 
1245 -0.215384 
1246 -0.488012 
1247 -0.488012 
1248 0.066550 
1249 0.236141 
1250 0.434540 
1251 0.485775 
1252 0.474075 
1253 0.016031 
1254 -0.156831 
1255 0.434540 
1256 -0.198289 
1257 0.236141 
1258 -0.198289 
1259 -0.215384 
1260 0.319874 
1261 -0.125559 
1262 0.236141 
1263 -0.229478 
1264 0.236141 
1265 -0.425071 
1266 -0.295472 
1267 0.200724 
1268 0.434540 
1269 -0.414353 
1270 0.159497 
1271 0.287424 
1272 0.474075 
1273 -0.457998 
1274 0.236141 
1275 -0.245153 
1276 0.287424 
1277 0.016031 
1278 0.236141 
1279 0.236141 
1280 0.200724 
1281 0.159497 
1282 0.245946 
1283 -0.215384 
1284 -0.425071 
1285 -0.466171 
1286 -0.215384 
1287 -0.143194 
1288 0.287424 
1289 -0.228896 
1290 -0.466171 
1291 0.287424 
1292 -0.295472 
1293 -0.414353 
1294 -0.425071 
1295 0.200724 
1296 -0.143194 
1297 -0.483920 
1298 0.287424 
1299 -0.457998 
1300 -0.229478 
1301 -0.466171 
1302 0.200724 
1303 -0.105951 
1304 -0.215384 
1305 -0.215384 
1306 -0.425071 
1307 -0.295472 
1308 0.159497 
1309 -0.356636 
1310 0.172940 
1311 -0.466171 
1312 0.236141 
1313 0.236141 
1314 -0.125559 
1315 0.365175 
1316 0.200724 
1317 0.236141 
1318 0.365175 
1319 -0.425071 
1320 -0.492572 
1321 -0.295472 
1322 -0.228896 
1323 -0.245153 
1324 0.474075 
1325 0.278496 
1326 -0.457998 
1327 0.319874 
1328 0.434540 
1329 -0.228896 
1330 -0.229478 
1331 -0.457998 
1332 0.172940 
1333 0.392737 
1334 0.236141 
1335 -0.457998 
1336 -0.425071 
1337 0.081447 
1338 0.434540 
1339 -0.295472 
1340 0.066550 
1341 -0.425071 
1342 0.066550 
1343 0.236141 
1344 0.434540 
1345 -0.125559 
1346 0.485775 
1347 -0.295472 
1348 0.434540 
1349 0.172940 
1350 -0.125559 
1351 0.081447 
1352 -0.466171 
1353 0.474075 
1354 0.392737 
1355 -0.143194 
1356 -0.198289 
1357 -0.457998 
1358 0.474075 
1359 0.278496 
1360 -0.356636 
1361 0.434540 
1362 0.477483 
1363 0.434540 
1364 -0.215384 
1365 -0.356636 
1366 -0.229478 
1367 0.016031 
1368 -0.143194 
1369 0.200724 
1370 0.287424 
1371 -0.295472 
1372 0.477483 
1373 0.474075 
1374 -0.229478 
1375 0.278398 
1376 0.016031 
1377 -0.143194 
1378 0.392737 
1379 -0.412977 
1380 0.245946 
1381 0.434540 
1382 -0.466171 
1383 0.016031 
1384 -0.215384 
1385 -0.229478 
1386 -0.198289 
1387 -0.229478 
1388 -0.125559 
1389 -0.229478 
1390 -0.229478 
1391 0.474075 
1392 0.365175 
1393 -0.425071 
1394 -0.105951 
1395 0.236141 
1396 -0.466171 
1397 -0.229478 
1398 0.365175 
1399 0.159497 
1400 -0.483920 
1401 0.278496 
1402 0.365175 
1403 -0.245153 
1404 0.172940 
1405 -0.474294 
1406 0.434540 
1407 -0.474294 
1408 0.434540 
1409 -0.295472 
1410 -0.229478 
1411 0.200724 
1412 0.485775 
1413 -0.483920 
1414 -0.425071 
1415 0.474075 
1416 0.319874 
1417 -0.425071 
1418 0.200724 
1419 -0.198289 
1420 -0.483920 
1421 0.172940 
1422 0.287424 
1423 -0.412977 
1424 -0.483920 
1425 -0.483920 
1426 -0.105951 
1427 0.172940 
1428 -0.466171 
1429 -0.425071 
1430 -0.229478 
1431 -0.143194 
1432 0.477483 
1433 -0.425071 
1434 -0.466171 
1435 0.474075 
1436 -0.474294 
1437 -0.466171 
1438 0.474075 
1439 -0.425071 
1440 -0.105951 
1441 -0.143194 
1442 -0.105951 
1443 -0.425071 
1444 0.319874 
1445 0.172940 
1446 -0.143194 
1447 -0.425071 
1448 0.200724 
1449 -0.143194 
1450 -0.457998 
1451 0.016031 
1452 -0.179234 
1453 0.365175 
1454 0.278496 
1455 -0.295472 
1456 0.172940 
1457 -0.295472 
1458 0.172940 
1459 -0.105951 
1460 -0.474294 
1461 0.081447 
1462 -0.215384 
1463 -0.483920 
1464 -0.295472 
1465 -0.412977 
1466 0.081447 
1467 0.474075 
1468 -0.474294 
1469 -0.295472 
1470 -0.105951 
1471 0.365175 
1472 -0.466171 
1473 -0.245153 
1474 0.319874 
1475 0.016031 
1476 -0.105951 
1477 -0.466171 
1478 -0.295472 
1479 -0.143194 
1480 -0.483920 
1481 -0.252548 
1482 -0.229478 
1483 -0.425071 
1484 0.172940 
1485 0.365175 
1486 -0.412977 
1487 -0.356636 
1488 -0.229478 
1489 -0.295472 
1490 0.434540 
1491 -0.026049 
1492 -0.425071 
1493 0.434540 
1494 0.236141 
1495 0.172940 
1496 -0.425071 
1497 -0.425071 
1498 -0.198289 
1499 -0.466171 
1500 0.474075 
1501 -0.425071 
1502 -0.356636 
1503 -0.105951 
1504 -0.483920 
1505 0.434540 
1506 -0.425071 
1507 0.172940 
1508 -0.414353 
1509 -0.102889 
1510 -0.466171 
1511 -0.101522 
1512 0.159497 
1513 0.477483 
1514 -0.143194 
1515 -0.215384 
1516 -0.215384 
1517 -0.229478 
1518 0.159497 
1519 -0.105951 
1520 -0.425071 
1521 -0.414353 
1522 0.319874 
1523 -0.466171 
1524 -0.425071 
1525 -0.492572 
1526 -0.295472 
1527 0.319874 
1528 -0.101522 
1529 0.434540 
1530 -0.229478 
1531 0.392737 
1532 -0.483920 
1533 -0.102889 
1534 -0.105951 
1535 -0.295472 
1536 -0.425071 
1537 -0.492572 
1538 -0.356636 
1539 0.066550 
1540 0.278496 
1541 -0.425071 
1542 0.434540 
1543 0.434540 
1544 -0.295472 
1545 -0.483920 
1546 0.236141 
1547 0.172940 
1548 0.081447 
1549 0.474075 
1550 -0.295472 
1551 0.477483 
1552 -0.466171 
1553 -0.125559 
1554 0.365175 
1555 -0.457998 
1556 -0.356636 
1557 0.392737 
1558 -0.105951 
1559 -0.425071 
1560 0.434540 
1561 0.081447 
1562 -0.245153 
1563 0.066550 
1564 0.319874 
1565 0.392737 
1566 0.477483 
1567 -0.229478 
1568 -0.105951 
1569 0.319874 
1570 -0.198289 
1571 0.365175 
1572 0.287424 
1573 -0.474294 
1574 0.287424 
1575 0.365175 
1576 -0.474294 
1577 -0.026049 
1578 0.081447 
1579 0.287424 
1580 -0.101522 
1581 0.365175 
1582 -0.229478 
1583 -0.412977 
1584 0.485775 
1585 0.081447 
1586 -0.295472 
1587 -0.474294 
1588 -0.457998 
1589 0.474075 
1590 0.172940 
1591 0.392737 
1592 -0.474294 
1593 -0.488012 
1594 -0.425071 
1595 -0.466171 
1596 0.434540 
1597 0.365175 
1598 -0.356636 
1599 -0.492572 
1600 -0.228896 
1601 -0.105951 
1602 0.319874 
1603 -0.295472 
1604 0.016031 
1605 -0.295472 
1606 -0.228896 
1607 0.172940 
1608 -0.474294 
1609 -0.295472 
1610 -0.143194 
1611 -0.295472 
1612 0.236141 
1613 0.434540 
1614 -0.295472 
1615 0.474075 
1616 -0.229478 
1617 0.365175 
1618 0.477483 
1619 -0.125559 
1620 -0.474294 
1621 -0.215384 
1622 -0.215384 
1623 0.016031 
1624 0.081447 
1625 -0.179234 
1626 -0.295472 
1627 -0.425071 
1628 -0.198289 
1629 0.016031 
1630 0.081447 
1631 -0.425071 
1632 -0.412977 
1633 -0.125559 
1634 -0.143194 
1635 0.485775 
1636 0.319874 
1637 -0.466171 
1638 0.058247 
1639 0.434540 
1640 -0.425071 
1641 -0.457998 
1642 0.392737 
1643 0.485775 
1644 -0.483920 
1645 -0.125559 
1646 0.172940 
1647 -0.215384 
1648 -0.492572 
1649 -0.457998 
1650 -0.474294 
1651 0.066550 
1652 -0.466171 
1653 0.365175 
1654 0.474075 
1655 -0.125559 
1656 0.477483 
1657 0.236141 
1658 -0.492572 
1659 -0.474294 
1660 -0.229478 
1661 -0.425071 
1662 -0.356636 
1663 -0.295472 
1664 -0.474294 
1665 -0.215384 
1666 0.172940 
1667 0.365175 
1668 -0.483920 
1669 0.434540 
1670 -0.483920 
1671 -0.466171 
1672 -0.105951 
1673 0.434540 
1674 0.392737 
1675 -0.295472 
1676 -0.474294 
1677 0.236141 
1678 0.474075 
1679 0.081447 
1680 0.474075 
1681 -0.474294 
1682 -0.105951 
1683 0.319874 
1684 -0.125559 
1685 0.474075 
1686 -0.228896 
1687 0.159497 
1688 0.392737 
1689 0.081447 
1690 -0.198289 
1691 -0.425071 
1692 -0.295472 
1693 -0.125559 
1694 0.485775 
1695 -0.215384 
1696 -0.488012 
1697 0.172940 
1698 0.016031 
1699 -0.143194 
1700 0.477483 
1701 -0.466171 
1702 -0.425071 
1703 0.172940 
1704 -0.457998 
1705 0.392737 
1706 -0.466171 
1707 -0.425071 
1708 -0.143194 
1709 -0.198289 
1710 0.172940 
1711 -0.295472 
1712 -0.492572 
1713 0.236141 
1714 -0.474294 
1715 0.236141 
1716 0.434540 
1717 0.434540 
1718 0.172940 
1719 -0.425071 
1720 -0.466171 
1721 -0.295472 
1722 0.365175 
1723 0.400296 
1724 0.392737 
1725 -0.198289 
1726 0.081447 
1727 0.365175 
1728 -0.198289 
1729 0.434540 
1730 -0.474294 
1731 -0.295472 
1732 -0.295472 
1733 -0.425071 
1734 -0.101522 
1735 -0.105951 
1736 -0.143194 
1737 -0.198289 
1738 -0.295472 
1739 0.319874 
1740 0.365175 
1741 -0.125559 
1742 -0.412977 
1743 -0.125559 
1744 0.287424 
1745 -0.229478 
1746 -0.466171 
1747 0.392737 
1748 -0.026049 
1749 -0.229478 
1750 -0.215384 
1751 0.016031 
1752 -0.228896 
1753 0.236141 
1754 0.477483 
1755 0.066550 
1756 0.200724 
1757 -0.198289 
1758 -0.295472 
1759 -0.101522 
1760 0.477483 
1761 0.066550 
1762 -0.105951 
1763 0.286761 
1764 0.172940 
1765 -0.228896 
1766 -0.474294 
1767 -0.143194 
1768 0.392737 
1769 -0.102889 
1770 0.172940 
1771 0.319874 
1772 0.287424 
1773 -0.198289 
1774 -0.466171 
1775 0.236141 
1776 0.319874 
1777 -0.228896 
1778 0.066550 
1779 0.172940 
1780 -0.295472 
1781 -0.229478 
1782 -0.356636 
1783 0.365175 
1784 -0.105951 
1785 -0.198289 
1786 0.066550 
1787 -0.215384 
1788 -0.215384 
1789 -0.125559 
1790 -0.026049 
1791 -0.215384 
1792 0.365175 
1793 -0.229478 
1794 -0.143194 
1795 -0.492572 
1796 -0.215384 
1797 -0.143194 
1798 -0.483920 
1799 -0.215384 
1800 -0.102889 
1801 -0.466171 
1802 -0.492572 
1803 0.172940 
1804 0.172940 
1805 0.058247 
1806 0.066550 
1807 0.066550 
1808 -0.215384 
1809 -0.198289 
1810 -0.228896 
1811 -0.198289 
1812 0.392737 
1813 0.066550 
1814 -0.229478 
1815 -0.457998 
1816 0.172940 
1817 0.365175 
1818 0.172940 
1819 0.485775 
1820 -0.295472 
1821 -0.492572 
1822 -0.229478 
1823 -0.102889 
1824 -0.229478 
1825 -0.295472 
1826 -0.215384 
1827 -0.245153 
1828 -0.143194 
1829 -0.356636 
1830 0.172940 
1831 -0.102889 
1832 -0.105951 
1833 -0.466171 
1834 0.236141 
1835 -0.483920 
1836 0.434540 
1837 -0.026049 
1838 -0.105951 
1839 0.319874 
1840 -0.295472 
1841 -0.295472 
1842 -0.102889 
1843 -0.295472 
1844 0.172940 
1845 -0.198289 
1846 -0.143194 
1847 -0.101522 
1848 -0.295472 
1849 -0.143194 
1850 -0.198289 
1851 -0.026049 
1852 0.159497 
1853 -0.457998 
1854 -0.198289 
1855 -0.229478 
1856 -0.483920 
1857 -0.295472 
1858 -0.198289 
1859 -0.102889 
1860 -0.105951 
1861 -0.143194 
1862 -0.252548 
1863 -0.229478 
1864 -0.412977 
1865 -0.102889 
1866 0.236141 
1867 -0.143194 
1868 -0.215384 
1869 -0.457998 
1870 0.159497 
1871 0.392737 
1872 -0.102889 
1873 0.474075 
1874 0.319874 
1875 -0.229478 
1876 -0.466171 
1877 0.081447 
1878 0.236141 
1879 -0.198289 
1880 -0.198289 
1881 0.477483 
1882 0.016031 
1883 0.477483 
1884 -0.356636 
1885 -0.026049 
1886 0.081447 
1887 0.172940 
1888 0.474075 
1889 -0.483920 
1890 -0.295472 
1891 0.365175 
1892 0.365175 
1893 0.016031 
1894 -0.026049 
1895 0.319874 
1896 -0.457998 
1897 0.434540 
1898 -0.026049 
1899 -0.245153 
1900 -0.228896 
1901 -0.414353 
1902 0.434540 
1903 -0.295472 
1904 -0.229478 
1905 0.319874 
1906 -0.295472 
1907 -0.026049 
1908 0.172940 
1909 0.278496 
1910 0.392737 
1911 -0.252548 
1912 -0.198289 
1913 -0.102889 
1914 -0.228896 
1915 -0.295472 
1916 -0.229478 
1917 -0.229478 
1918 -0.425071 
1919 -0.425071 
1920 0.172940 
1921 -0.356636 
1922 -0.488012 
1923 -0.414353 
1924 -0.356636 
1925 -0.143194 
1926 -0.229478 
1927 0.365175 
1928 -0.228896 
1929 0.392737 
1930 0.016031 
1931 -0.295472 
1932 -0.492572 
1933 -0.245153 
1934 -0.412977 
1935 -0.295472 
1936 -0.102889 
1937 0.434540 
1938 0.287424 
1939 0.172940 
1940 -0.356636 
1941 -0.198289 
1942 -0.425071 
1943 0.081447 
1944 -0.295472 
1945 -0.466171 
1946 0.485775 
1947 -0.245153 
1948 0.066550 
1949 0.434540 
1950 0.159497 
1951 -0.228896 
1952 -0.026049 
1953 0.400296 
1954 -0.215384 
1955 0.172940 
1956 -0.483920 
1957 -0.457998 
1958 0.392737 
1959 -0.215384 
1960 -0.105951 
1961 -0.101522 
1962 -0.412977 
1963 0.485775 
1964 0.477483 
1965 -0.228896 
1966 0.287424 
1967 -0.457998 
1968 0.066550 
1969 0.236141 
1970 -0.198289 
1971 0.278496 
1972 -0.026049 
1973 -0.466171 
1974 -0.102889 
1975 -0.026049 
1976 -0.414353 
1977 -0.474294 
1978 0.172940 
1979 -0.295472 
1980 0.365175 
1981 0.172940 
1982 -0.102889 
1983 -0.026049 
1984 -0.245153 
1985 -0.488012 
1986 0.392737 
1987 0.365175 
1988 0.365175 
1989 -0.252548 
1990 -0.143194 
1991 0.477483 
1992 0.016031 
1993 0.236141 
1994 0.016031 
1995 -0.414353 
1996 0.434540 
1997 -0.105951 
1998 -0.425071 
1999 -0.026049 
2000 0.278496 
2001 -0.102889 
2002 -0.295472 
2003 -0.356636 
2004 0.172940 
2005 -0.466171 
2006 -0.101522 
2007 -0.466171 
2008 0.434540 
2009 0.392737 
2010 0.287424 
2011 0.485775 
2012 -0.101522 
2013 -0.483920 
2014 -0.125559 
2015 0.477483 
2016 0.434540 
2017 -0.101522 
2018 0.434540 
2019 -0.466171 
2020 -0.356636 
2021 -0.215384 
2022 0.172940 
2023 -0.457998 
2024 0.365175 
2025 0.172940 
2026 0.485775 
2027 -0.466171 
2028 -0.125559 
2029 0.365175 
2030 -0.252548 
2031 -0.101522 
2032 0.434540 
2033 0.434540 
2034 -0.143194 
2035 0.172940 
2036 -0.229478 
2037 0.474075 
2038 -0.125559 
2039 -0.101522 
2040 -0.026049 
2041 0.016031 
2042 0.319874 
2043 -0.101522 
2044 0.485775 
2045 0.365175 
2046 0.319874 
2047 -0.229478 
2048 -0.101522 
2049 -0.102889 
2050 0.319874 
2051 0.159497 
2052 -0.457998 
2053 0.365175 
2054 0.172940 
2055 0.236141 
2056 0.016031 
2057 -0.412977 
2058 0.434540 
2059 0.172940 
2060 0.172940 
2061 0.236141 
2062 -0.466171 
2063 -0.228896 
2064 -0.245153 
2065 -0.466171 
2066 0.365175 
2067 -0.483920 
2068 -0.229478 
2069 -0.143194 
2070 -0.457998 
2071 -0.228896 
2072 -0.492572 
2073 -0.229478 
2074 -0.252548 
2075 0.365175 
2076 -0.474294 
2077 -0.245153 
2078 0.365175 
2079 0.287424 
2080 0.474075 
2081 -0.414353 
2082 0.434540 
2083 0.172940 
2084 0.245946 
2085 0.319874 
2086 -0.474294 
2087 -0.102889 
2088 0.477483 
2089 -0.102889 
2090 0.278496 
2091 -0.245153 
2092 -0.295472 
2093 0.485775 
2094 -0.457998 
2095 -0.105951 
2096 0.172940 
2097 0.287424 
2098 -0.143194 
2099 -0.228896 
2100 0.236141 
2101 0.058247 
2102 -0.483920 
2103 -0.215384 
2104 -0.105951 
2105 0.172940 
2106 0.058247 
2107 -0.102889 
2108 -0.125559 
2109 -0.412977 
2110 0.434540 
2111 -0.143194 
2112 0.365175 
2113 -0.102889 
2114 -0.198289 
2115 -0.295472 
2116 0.200724 
2117 -0.414353 
2118 -0.245153 
2119 0.016031 
2120 0.159497 
2121 0.434540 
2122 -0.412977 
2123 -0.425071 
2124 -0.457998 
2125 0.058247 
2126 -0.245153 
2127 -0.105951 
2128 -0.228896 
2129 0.172940 
2130 0.319874 
2131 0.365175 
2132 0.236141 
2133 -0.026049 
2134 -0.228896 
2135 -0.245153 
2136 -0.101522 
2137 0.245946 
2138 -0.295472 
2139 0.477483 
2140 -0.215384 
2141 -0.229478 
2142 -0.466171 
2143 -0.295472 
2144 0.200724 
2145 0.172940 
2146 -0.101522 
2147 -0.229478 
2148 -0.414353 
2149 -0.102889 
2150 -0.466171 
2151 -0.198289 
2152 -0.125559 
2153 0.172940 
2154 -0.295472 
2155 -0.143194 
2156 -0.466171 
2157 -0.229478 
2158 -0.229478 
2159 -0.412977 
2160 -0.414353 
2161 -0.229478 
2162 0.236141 
2163 -0.229478 
2164 0.434540 
2165 0.400296 
2166 0.172940 
2167 -0.228896 
2168 -0.457998 
2169 -0.026049 
2170 -0.198289 
2171 0.477483 
2172 -0.143194 
2173 0.236141 
2174 0.319874 
2175 0.081447 
2176 -0.229478 
2177 -0.425071 
2178 -0.295472 
2179 -0.101522 
2180 -0.425071 
2181 0.477483 
2182 0.081447 
2183 -0.228896 
2184 -0.412977 
2185 0.485775 
2186 -0.198289 
2187 -0.228896 
2188 0.434540 
2189 -0.488012 
2190 0.159497 
2191 0.172940 
2192 -0.101522 
2193 -0.457998 
2194 -0.492572 
2195 -0.102889 
2196 -0.356636 
2197 -0.101522 
2198 0.245946 
2199 0.434540 
2200 -0.356636 
2201 0.319874 
2202 -0.228896 
2203 -0.474294 
2204 -0.198289 
2205 -0.143194 
2206 -0.356636 
2207 -0.483920 
2208 -0.295472 
2209 0.287424 
2210 -0.143194 
2211 -0.252548 
2212 0.319874 
2213 0.392737 
2214 -0.026049 
2215 -0.105951 
2216 -0.198289 
2217 -0.414353 
2218 -0.105951 
2219 -0.295472 
2220 -0.143194 
2221 0.365175 
2222 -0.245153 
2223 0.278496 
2224 0.159497 
2225 -0.474294 
2226 -0.474294 
2227 -0.026049 
2228 0.172940 
2229 -0.101522 
2230 0.319874 
2231 -0.466171 
2232 0.365175 
2233 -0.483920 
2234 0.392737 
2235 -0.143194 
2236 -0.179234 
2237 0.434540 
2238 0.365175 
2239 0.159497 
2240 0.066550 
2241 -0.105951 
2242 0.066550 
2243 -0.125559 
2244 -0.295472 
2245 -0.143194 
2246 -0.198289 
2247 -0.229478 
2248 0.245946 
2249 -0.356636 
2250 0.081447 
2251 0.066550 
2252 -0.466171 
2253 -0.198289 
2254 0.319874 
2255 -0.198289 
2256 0.319874 
2257 -0.125559 
2258 0.278496 
2259 -0.483920 
2260 -0.412977 
2261 -0.425071 
2262 0.434540 
2263 0.485775 
2264 -0.356636 
2265 -0.105951 
2266 -0.198289 
2267 -0.412977 
2268 0.434540 
2269 0.392737 
2270 0.172940 
2271 -0.125559 
2272 0.392737 
2273 0.172940 
2274 0.236141 
2275 -0.229478 
2276 -0.466171 
2277 0.474075 
2278 -0.143194 
2279 0.365175 
2280 -0.198289 
2281 0.477483 
2282 0.058247 
2283 0.477483 
2284 -0.229478 
2285 0.172940 
2286 0.287424 
2287 0.172940 
2288 0.365175 
2289 0.319874 
2290 -0.228896 
2291 0.434540 
2292 0.319874 
2293 -0.198289 
2294 -0.466171 
2295 -0.466171 
2296 -0.105951 
2297 0.172940 
2298 0.172940 
2299 -0.412977 
2300 -0.425071 
2301 -0.105951 
2302 0.081447 
2303 0.172940 
2304 -0.457998 
2305 -0.474294 
2306 -0.466171 
2307 0.474075 
2308 -0.412977 
2309 -0.245153 
2310 -0.466171 
2311 0.477483 
2312 -0.356636 
2313 -0.356636 
