2314 1
1808 2.918487 
888 2.893029 
1832 2.781048 
1582 2.775373 
1341 2.751342 
1918 2.751342 
927 2.747401 
183 2.747401 
456 2.713173 
619 2.713173 
636 2.713173 
726 2.713173 
151 2.713173 
961 2.713173 
211 2.712708 
1851 2.712708 
1534 2.703767 
1678 2.698055 
1220 2.693770 
1340 2.670540 
1674 2.670540 
1531 2.670540 
1461 2.670540 
1565 2.670540 
1354 2.670540 
944 2.669812 
2186 2.658927 
513 2.651267 
885 2.651267 
237 2.647772 
1187 2.647772 
1417 2.641309 
738 2.638789 
1861 2.635700 
235 2.634876 
148 2.625087 
1739 2.610284 
1014 2.583395 
1539 2.576050 
935 2.576050 
1056 2.576050 
1073 2.576050 
1145 2.576050 
1116 2.576050 
1177 2.569897 
800 2.569075 
1733 2.556953 
1719 2.556953 
1640 2.556953 
1691 2.556953 
1433 2.556953 
1393 2.556953 
837 2.553483 
462 2.545841 
868 2.540866 
780 2.540866 
641 2.540866 
402 2.540866 
818 2.540866 
1522 2.540866 
1445 2.538905 
2052 2.536966 
563 2.528926 
2239 2.528531 
1961 2.490140 
1636 2.472868 
1869 2.472868 
1745 2.472868 
1742 2.472868 
1660 2.472868 
1658 2.472868 
63 2.463051 
1038 2.458650 
708 2.454076 
1579 2.450710 
1536 2.448478 
2190 2.430246 
2185 2.430246 
2093 2.430246 
1946 2.430246 
1584 2.430246 
2177 2.430246 
1816 2.418493 
252 2.409232 
663 2.405922 
1207 2.405922 
156 2.405922 
1054 2.405922 
1148 2.405922 
968 2.405922 
1237 2.396303 
1297 2.396066 
886 2.396066 
806 2.396066 
572 2.396066 
65 2.396066 
846 2.396066 
293 2.393597 
1610 2.393597 
1699 2.393597 
2227 2.393597 
784 2.393597 
539 2.393597 
2126 2.382422 
972 2.382422 
1154 2.382422 
1859 2.382422 
2163 2.382422 
1963 2.382422 
865 2.366191 
519 2.358482 
2168 2.355091 
878 2.334652 
731 2.319095 
1474 2.319095 
985 2.319095 
684 2.319095 
1388 2.319095 
1602 2.319095 
1867 2.314068 
51 2.311332 
762 2.297987 
949 2.297987 
1218 2.297987 
1217 2.297987 
1211 2.297987 
1359 2.297987 
706 2.292140 
1749 2.292059 
1065 2.291963 
2155 2.275184 
2011 2.271110 
1504 2.268188 
1956 2.268188 
2136 2.268188 
2162 2.268188 
936 2.268188 
1216 2.268188 
259 2.265522 
615 2.244842 
1245 2.244842 
425 2.239402 
2105 2.216958 
1332 2.216958 
1421 2.216958 
1671 2.216958 
1755 2.216958 
1456 2.216958 
2230 2.204926 
1771 2.204926 
2289 2.204926 
676 2.204926 
2099 2.195829 
2183 2.195829 
1752 2.195829 
801 2.195829 
310 2.185347 
2 2.183538 
1378 2.176879 
350 2.168390 
919 2.159994 
1682 2.159081 
2104 2.159081 
575 2.157970 
1983 2.155587 
681 2.148889 
956 2.144126 
1530 2.144126 
2263 2.144126 
1482 2.144126 
1098 2.138871 
1416 2.138871 
1645 2.138871 
2034 2.138871 
2048 2.138871 
1633 2.138871 
908 2.133939 
1463 2.121077 
1807 2.121077 
1400 2.121077 
1520 2.121077 
1248 2.121077 
1342 2.121077 
1112 2.116171 
642 2.096958 
1588 2.094652 
1156 2.094652 
1394 2.094652 
1167 2.094652 
95 2.094652 
1192 2.094652 
2017 2.093149 
2106 2.093149 
1718 2.093149 
1630 2.093149 
1815 2.093149 
1843 2.093149 
1883 2.092906 
1688 2.092906 
773 2.092906 
1754 2.092906 
443 2.092906 
1784 2.092906 
472 2.082593 
11 2.082593 
45 2.082593 
9 2.082593 
68 2.082593 
59 2.082593 
840 2.080458 
982 2.080458 
131 2.080458 
917 2.080458 
571 2.080458 
1281 2.080458 
2241 2.079745 
2128 2.079745 
2150 2.079745 
1997 2.079745 
421 2.074393 
1185 2.067532 
2051 2.066919 
750 2.066919 
1209 2.064778 
702 2.064344 
760 2.063257 
2041 2.061881 
1882 2.061881 
601 2.061881 
2167 2.058082 
223 2.036839 
171 2.036839 
92 2.036839 
437 2.036839 
303 2.036839 
3 2.036839 
2096 2.032765 
1834 2.032765 
2274 2.032765 
2061 2.032765 
1838 2.032765 
2149 2.032765 
594 2.012109 
720 2.012109 
1475 1.999932 
2176 1.999932 
1794 1.993400 
1318 1.993400 
1892 1.991711 
275 1.986369 
26 1.984859 
2175 1.984287 
5 1.980290 
1634 1.976669 
1 1.976669 
1880 1.972463 
1516 1.970482 
835 1.966595 
2132 1.961960 
565 1.961960 
652 1.958444 
155 1.958141 
579 1.956003 
1763 1.953650 
380 1.953650 
712 1.945570 
301 1.943662 
383 1.934955 
368 1.912278 
1569 1.911442 
1927 1.910083 
2291 1.905386 
2280 1.896127 
2267 1.896127 
2122 1.896127 
1190 1.896127 
130 1.895850 
651 1.895850 
710 1.895850 
782 1.895850 
669 1.895850 
695 1.895850 
737 1.893655 
416 1.892738 
1443 1.883260 
141 1.883227 
497 1.882063 
2171 1.882063 
418 1.879000 
1373 1.878053 
2070 1.872691 
2275 1.871794 
180 1.871794 
1525 1.866652 
248 1.864561 
753 1.864561 
2032 1.864561 
1385 1.860060 
15 1.854650 
139 1.854172 
1724 1.848642 
599 1.847030 
1017 1.846769 
994 1.845691 
2287 1.845691 
2068 1.845691 
138 1.845515 
2023 1.843838 
196 1.836088 
348 1.831122 
1286 1.830975 
1972 1.830975 
628 1.830975 
1895 1.830975 
588 1.830975 
1030 1.830975 
1836 1.829527 
796 1.820482 
1041 1.820482 
1503 1.819872 
279 1.818235 
1988 1.809875 
711 1.805751 
1550 1.805751 
134 1.804388 
417 1.802650 
1083 1.799835 
2016 1.798713 
490 1.796058 
602 1.796058 
2090 1.796058 
427 1.796058 
568 1.796058 
558 1.796058 
2024 1.794636 
1338 1.794143 
463 1.794108 
209 1.794108 
447 1.794108 
473 1.794108 
480 1.794108 
459 1.794108 
32 1.791583 
640 1.790976 
1587 1.783944 
1051 1.775207 
1777 1.773011 
214 1.771236 
1181 1.770307 
631 1.767062 
1813 1.763866 
1709 1.758724 
158 1.758515 
268 1.754898 
55 1.754736 
1369 1.752756 
413 1.749937 
715 1.746344 
269 1.745635 
1169 1.744266 
2213 1.740978 
1642 1.740978 
250 1.740246 
512 1.736801 
2206 1.736801 
397 1.734104 
2307 1.733709 
2173 1.732717 
461 1.732717 
812 1.732525 
1995 1.730778 
1164 1.730778 
226 1.730778 
1902 1.730778 
1205 1.730778 
1558 1.730778 
709 1.730664 
685 1.730590 
1159 1.730410 
1427 1.730410 
206 1.729932 
2258 1.729932 
2079 1.729932 
2223 1.729932 
1868 1.729932 
1909 1.729932 
1690 1.728553 
1129 1.728553 
1518 1.728553 
1269 1.728553 
809 1.728553 
1689 1.728553 
1306 1.722196 
388 1.719231 
168 1.719231 
341 1.719231 
528 1.719231 
83 1.719231 
162 1.719231 
1509 1.718169 
1926 1.717185 
2301 1.715055 
1330 1.713185 
1233 1.712768 
723 1.708846 
1472 1.702528 
1881 1.702528 
538 1.702528 
1701 1.702528 
1781 1.702528 
1746 1.702528 
1405 1.694164 
119 1.689384 
1949 1.689024 
2265 1.685791 
1596 1.680956 
1936 1.677177 
2201 1.677177 
2169 1.677177 
1940 1.677177 
1128 1.677177 
755 1.677177 
1283 1.676295 
607 1.674600 
1732 1.674426 
50 1.674426 
1987 1.673219 
971 1.670840 
1298 1.669472 
1212 1.662343 
175 1.662281 
142 1.662281 
364 1.662281 
300 1.662281 
276 1.662281 
382 1.662281 
591 1.659464 
1783 1.658842 
1629 1.658593 
1819 1.658593 
1698 1.658593 
1751 1.658593 
1992 1.658593 
1930 1.658593 
1431 1.656630 
8 1.656351 
466 1.652273 
2272 1.651461 
129 1.651178 
1776 1.650775 
1527 1.650775 
567 1.649968 
748 1.649968 
918 1.649968 
839 1.649968 
527 1.649968 
1057 1.649968 
822 1.648834 
13 1.648834 
662 1.648834 
376 1.648834 
823 1.648834 
690 1.648834 
258 1.646719 
1500 1.642347 
522 1.639949 
1402 1.632648 
71 1.632050 
1557 1.627045 
716 1.627045 
1361 1.627045 
694 1.626816 
2147 1.625044 
2031 1.623717 
47 1.623717 
2146 1.623717 
2210 1.623717 
2197 1.623717 
2161 1.622246 
2283 1.619253 
334 1.613294 
390 1.613294 
202 1.613294 
385 1.613294 
358 1.613294 
756 1.613294 
1905 1.611449 
2013 1.611449 
2026 1.611449 
986 1.611449 
1828 1.611449 
1898 1.611449 
525 1.609212 
1939 1.608368 
431 1.608368 
2300 1.608368 
1947 1.608368 
1113 1.608368 
1150 1.605813 
1284 1.605774 
848 1.602366 
280 1.602366 
44 1.602366 
126 1.602366 
186 1.602366 
153 1.602366 
2268 1.602112 
2256 1.602112 
14 1.602112 
2282 1.602112 
1990 1.602112 
2085 1.602112 
1559 1.601654 
2088 1.598971 
2220 1.598971 
2015 1.598971 
1136 1.598971 
819 1.598971 
1649 1.598971 
825 1.598477 
305 1.598068 
584 1.597474 
1182 1.594712 
90 1.592619 
363 1.590912 
530 1.590912 
284 1.590912 
21 1.590912 
432 1.590912 
34 1.590912 
1547 1.584387 
969 1.582448 
2130 1.581253 
729 1.581142 
1871 1.580270 
247 1.576423 
1996 1.575971 
136 1.575776 
82 1.575776 
89 1.575776 
147 1.575776 
146 1.575776 
189 1.575776 
540 1.574743 
1573 1.574743 
1650 1.574743 
514 1.569527 
668 1.569527 
759 1.569527 
629 1.569527 
306 1.569527 
843 1.569527 
2058 1.566264 
1743 1.563801 
1513 1.563801 
542 1.563801 
1991 1.563801 
1857 1.562217 
1767 1.562217 
1977 1.560822 
1578 1.560822 
1886 1.560822 
1466 1.560822 
1969 1.560822 
1877 1.560822 
482 1.558815 
1049 1.556825 
316 1.556320 
7 1.556167 
117 1.556167 
111 1.556167 
35 1.556167 
104 1.556167 
550 1.556167 
2127 1.553464 
1672 1.553464 
1090 1.551480 
1548 1.549853 
1213 1.549853 
1346 1.549853 
1489 1.549853 
633 1.549853 
1451 1.549853 
283 1.542521 
243 1.542521 
255 1.542521 
135 1.542521 
1932 1.542521 
62 1.542521 
639 1.540053 
260 1.539841 
1497 1.539826 
705 1.538515 
1362 1.535951 
660 1.532632 
504 1.532632 
507 1.532632 
518 1.532632 
544 1.532632 
632 1.532632 
216 1.531978 
1021 1.530068 
861 1.529337 
805 1.529337 
804 1.529337 
913 1.529337 
866 1.529337 
826 1.529337 
191 1.529196 
2022 1.527494 
319 1.526260 
291 1.526260 
879 1.523164 
934 1.522858 
2281 1.516186 
831 1.516186 
1948 1.516186 
1420 1.516186 
2309 1.516186 
2125 1.516186 
108 1.514989 
154 1.514989 
1826 1.514989 
24 1.514989 
224 1.514989 
187 1.514989 
1023 1.514614 
1747 1.507638 
1426 1.506468 
2250 1.506208 
91 1.506208 
2302 1.506208 
2182 1.506208 
1679 1.506208 
1501 1.504199 
1336 1.503880 
354 1.503683 
1039 1.502996 
185 1.502996 
2033 1.502996 
1762 1.502996 
1542 1.502996 
1937 1.502996 
1079 1.500136 
1055 1.500136 
551 1.500136 
557 1.500136 
1138 1.500136 
1845 1.500136 
361 1.496181 
1664 1.496178 
1436 1.493972 
2251 1.492770 
23 1.484260 
524 1.482547 
517 1.482547 
503 1.482547 
453 1.482547 
699 1.482547 
597 1.482547 
1166 1.482391 
1139 1.482391 
2067 1.482391 
1197 1.482391 
1186 1.482391 
763 1.482391 
1356 1.481476 
617 1.481476 
537 1.481476 
454 1.481476 
656 1.481476 
510 1.481476 
10 1.480931 
49 1.480931 
43 1.480931 
12 1.480931 
41 1.480931 
1282 1.480931 
1071 1.477671 
1515 1.475688 
335 1.472628 
1335 1.471747 
2225 1.471618 
270 1.471618 
1498 1.467098 
161 1.464484 
1024 1.464484 
1344 1.464484 
1268 1.464484 
779 1.464484 
1250 1.464484 
2043 1.463272 
4 1.463272 
1511 1.463272 
401 1.462691 
200 1.462691 
325 1.462691 
429 1.462691 
308 1.462691 
274 1.462691 
1900 1.460748 
945 1.458928 
774 1.458928 
792 1.456973 
124 1.456973 
56 1.456973 
116 1.456973 
31 1.456973 
33 1.456973 
1942 1.454231 
1319 1.454231 
251 1.451604 
1062 1.451604 
1122 1.451604 
1293 1.451604 
1270 1.451604 
875 1.451604 
207 1.450755 
262 1.450755 
707 1.450755 
123 1.450755 
611 1.450755 
113 1.450755 
409 1.448771 
1266 1.448771 
97 1.448771 
445 1.448771 
290 1.448771 
263 1.448771 
1966 1.444365 
677 1.444365 
547 1.443518 
2226 1.443518 
449 1.443518 
318 1.443518 
411 1.443518 
499 1.443518 
1591 1.442694 
220 1.442694 
323 1.442694 
975 1.442694 
1043 1.442694 
1070 1.442694 
1067 1.441574 
1087 1.441239 
647 1.437895 
2246 1.435624 
624 1.431603 
592 1.427894 
2257 1.427894 
1289 1.426700 
222 1.426697 
440 1.426312 
227 1.423926 
1668 1.421141 
1391 1.416076 
1965 1.415462 
850 1.415140 
2217 1.412479 
1704 1.409660 
814 1.408051 
786 1.404343 
2139 1.403534 
665 1.403534 
320 1.403059 
554 1.403059 
767 1.403059 
603 1.403059 
605 1.403059 
725 1.403059 
294 1.402687 
288 1.402687 
281 1.402687 
256 1.402687 
48 1.402687 
1975 1.402687 
1119 1.401129 
1002 1.401129 
1074 1.401129 
926 1.401129 
932 1.401129 
683 1.401129 
845 1.399782 
1778 1.399782 
791 1.399782 
761 1.399513 
858 1.396985 
1106 1.395859 
988 1.395859 
1985 1.395859 
1107 1.395859 
903 1.395859 
1246 1.395859 
1171 1.392530 
100 1.391650 
76 1.385685 
176 1.385685 
315 1.385685 
245 1.385685 
73 1.385685 
159 1.385685 
1912 1.385579 
125 1.381213 
977 1.380948 
2191 1.380592 
608 1.379459 
606 1.379459 
64 1.379459 
314 1.379459 
422 1.379459 
412 1.379459 
1538 1.378980 
1889 1.375353 
2306 1.373860 
1005 1.373860 
1434 1.373860 
581 1.373213 
406 1.371657 
904 1.369812 
1604 1.369812 
1620 1.368177 
2129 1.366711 
1011 1.365984 
1708 1.358145 
2235 1.358145 
970 1.355771 
1741 1.354637 
1655 1.354637 
1619 1.354637 
637 1.354637 
1684 1.354637 
2028 1.354637 
1929 1.354349 
1381 1.352972 
955 1.351500 
1031 1.351500 
566 1.351500 
543 1.351500 
998 1.351500 
958 1.351500 
2095 1.349330 
1641 1.344253 
365 1.343662 
321 1.342216 
1521 1.342216 
675 1.342216 
475 1.342216 
556 1.342216 
751 1.342216 
1309 1.339302 
326 1.339302 
285 1.339302 
313 1.339302 
210 1.339302 
249 1.339302 
2172 1.337178 
1078 1.336152 
1980 1.336126 
1153 1.335985 
1923 1.335327 
824 1.335327 
1624 1.335327 
1694 1.335327 
2006 1.335327 
1960 1.335327 
2243 1.328358 
1789 1.328358 
1809 1.328358 
853 1.327989 
193 1.327160 
299 1.326965 
912 1.326965 
939 1.326965 
1651 1.326965 
910 1.326965 
997 1.326965 
1799 1.320411 
190 1.320169 
137 1.315958 
1844 1.303495 
1492 1.298635 
346 1.297509 
1821 1.297509 
732 1.297306 
179 1.297306 
434 1.297306 
990 1.297306 
852 1.297306 
1097 1.297306 
2198 1.295494 
399 1.295494 
1976 1.295494 
1994 1.295494 
2299 1.295494 
2084 1.295494 
1053 1.295039 
1858 1.287291 
85 1.284711 
2111 1.283197 
1020 1.282098 
941 1.274232 
1984 1.273106 
2107 1.273106 
2001 1.273106 
776 1.273106 
2089 1.273106 
739 1.273106 
764 1.272958 
1061 1.272376 
1779 1.270164 
366 1.269310 
414 1.269310 
494 1.269310 
329 1.269310 
353 1.269310 
395 1.269310 
1076 1.269247 
169 1.266263 
351 1.266110 
160 1.265035 
2293 1.265035 
1483 1.264994 
733 1.264994 
1414 1.260216 
1962 1.258407 
692 1.254933 
435 1.254933 
951 1.254933 
1001 1.254933 
901 1.254933 
1514 1.254933 
2269 1.249672 
950 1.247571 
373 1.244974 
577 1.244974 
515 1.244974 
298 1.244974 
714 1.244974 
686 1.244974 
332 1.241573 
1251 1.241573 
244 1.241573 
942 1.241573 
1032 1.241573 
1277 1.241573 
1465 1.240776 
1439 1.240776 
1864 1.240776 
1796 1.240776 
898 1.240776 
2184 1.240776 
2290 1.239033 
500 1.228581 
493 1.228581 
457 1.228581 
467 1.228581 
520 1.228581 
114 1.228581 
1105 1.227523 
342 1.223867 
2228 1.217556 
2004 1.211402 
1612 1.210851 
2237 1.210685 
345 1.209402 
880 1.209402 
952 1.209402 
1922 1.209402 
1012 1.209402 
768 1.209402 
408 1.202181 
829 1.201508 
1452 1.201176 
1625 1.201176 
2236 1.201176 
1951 1.197728 
1519 1.196697 
94 1.195938 
1572 1.193563 
1823 1.192076 
787 1.192076 
387 1.188193 
1425 1.188193 
659 1.188193 
546 1.188193 
564 1.188193 
403 1.188193 
872 1.187822 
2232 1.186735 
2209 1.186735 
2109 1.186735 
2080 1.186735 
439 1.186735 
1917 1.186735 
1928 1.186440 
2187 1.186440 
1665 1.183291 
2202 1.183291 
1810 1.183291 
1399 1.181870 
902 1.175440 
644 1.175440 
884 1.175440 
1413 1.175440 
1109 1.175440 
1261 1.175440 
70 1.171465 
61 1.168595 
1910 1.164338 
672 1.163383 
1677 1.163383 
781 1.163383 
687 1.163383 
734 1.163383 
744 1.163383 
1670 1.163130 
1856 1.163130 
2276 1.161798 
25 1.161798 
2311 1.161798 
1262 1.158256 
1993 1.158256 
2304 1.156583 
317 1.154663 
1365 1.154663 
312 1.154663 
184 1.154663 
292 1.154663 
219 1.154663 
304 1.154554 
593 1.154384 
1835 1.151157 
1488 1.148643 
1860 1.148423 
433 1.145030 
302 1.145030 
379 1.137449 
1410 1.136582 
295 1.131116 
661 1.131116 
492 1.131116 
491 1.131116 
516 1.131116 
924 1.131116 
562 1.128101 
1506 1.126992 
2207 1.126905 
1226 1.124723 
1560 1.122547 
883 1.121861 
53 1.121861 
203 1.121861 
233 1.121861 
239 1.121861 
241 1.121861 
1543 1.121643 
2145 1.118508 
959 1.118316 
1669 1.116969 
847 1.114940 
719 1.114940 
1303 1.114940 
1540 1.114940 
1040 1.114940 
133 1.114940 
1955 1.113186 
2159 1.111799 
2057 1.111799 
808 1.111525 
1088 1.111525 
1337 1.111525 
1290 1.111525 
1215 1.111525 
634 1.111525 
1000 1.109339 
906 1.107447 
1326 1.101322 
1585 1.099336 
1545 1.099336 
1576 1.099336 
84 1.099336 
1638 1.099336 
1753 1.099336 
820 1.091617 
1726 1.091617 
1096 1.091617 
2261 1.090761 
1037 1.090761 
916 1.090761 
1094 1.090761 
1265 1.090761 
1194 1.090761 
2221 1.084552 
198 1.084552 
978 1.083657 
849 1.078747 
2308 1.078343 
1095 1.078343 
2249 1.074779 
1804 1.074779 
2264 1.074779 
2060 1.068644 
1735 1.068557 
1016 1.066977 
983 1.066105 
1621 1.063995 
2103 1.063995 
730 1.055121 
1252 1.051745 
907 1.051469 
1069 1.048614 
496 1.048068 
1111 1.042848 
1444 1.042848 
1327 1.042848 
1458 1.042848 
777 1.042848 
1242 1.042848 
1631 1.039063 
1048 1.037520 
920 1.036612 
915 1.035352 
1491 1.035352 
2181 1.035352 
2118 1.035352 
1894 1.035352 
2142 1.035352 
2037 1.034753 
1873 1.034753 
1888 1.034753 
1351 1.034753 
1654 1.034753 
1064 1.034753 
1793 1.032327 
1853 1.032139 
469 1.031336 
586 1.031336 
638 1.031336 
735 1.031336 
396 1.031336 
278 1.031336 
793 1.028714 
1178 1.028714 
698 1.028714 
604 1.028714 
758 1.028714 
670 1.028714 
1004 1.028582 
1390 1.028582 
589 1.023766 
947 1.022941 
691 1.019144 
1623 1.019144 
374 1.018978 
389 1.018406 
1766 1.012344 
1608 1.012344 
2119 1.012344 
1659 1.012344 
2064 1.012344 
1714 1.012344 
2292 1.009631 
370 1.002721 
549 0.996852 
722 0.992789 
2008 0.992734 
182 0.985678 
1707 0.985500 
1627 0.985500 
1661 0.985500 
1063 0.985500 
1524 0.985500 
1716 0.985500 
1059 0.983189 
1068 0.983189 
769 0.983189 
423 0.983189 
1125 0.983189 
470 0.983189 
1058 0.982171 
1546 0.979077 
1257 0.979077 
747 0.977272 
569 0.977272 
1875 0.977272 
476 0.977272 
352 0.977272 
614 0.977272 
167 0.965395 
143 0.965395 
215 0.965395 
257 0.965395 
218 0.965395 
511 0.965395 
452 0.964465 
765 0.960798 
1091 0.956979 
2035 0.956568 
1007 0.956568 
1989 0.956568 
2074 0.956568 
1862 0.956568 
2030 0.956568 
2114 0.955484 
1775 0.954284 
1878 0.954284 
502 0.951574 
181 0.951574 
375 0.951574 
277 0.951574 
377 0.951574 
145 0.951574 
2199 0.950414 
2134 0.950205 
1422 0.943209 
1157 0.941925 
1300 0.940452 
1541 0.937938 
1345 0.937363 
2310 0.935699 
286 0.935699 
1720 0.935699 
1555 0.933299 
477 0.933299 
1137 0.931187 
2262 0.929260 
506 0.927879 
521 0.927879 
87 0.927879 
1412 0.927879 
479 0.927879 
478 0.927879 
728 0.924723 
585 0.920131 
1780 0.908775 
1841 0.908775 
623 0.908775 
1731 0.908775 
2077 0.908775 
1675 0.908775 
1805 0.907093 
264 0.904650 
442 0.902839 
2140 0.902839 
132 0.895437 
174 0.892702 
2285 0.888806 
954 0.886815 
1913 0.884997 
851 0.884997 
1769 0.884997 
2137 0.882402 
267 0.882402 
1380 0.882402 
2081 0.882402 
1562 0.868546 
1223 0.865201 
2216 0.855044 
1140 0.853655 
832 0.849387 
344 0.849387 
770 0.849387 
2038 0.849387 
772 0.849387 
208 0.849387 
2071 0.843883 
2059 0.839949 
2018 0.838462 
359 0.836888 
372 0.836888 
234 0.836888 
327 0.836888 
254 0.836888 
446 0.836888 
1958 0.827765 
2055 0.815046 
864 0.815046 
622 0.815016 
590 0.815016 
625 0.815016 
2157 0.815016 
173 0.815016 
488 0.815016 
1214 0.810253 
1921 0.810253 
2003 0.810253 
1360 0.810253 
1093 0.810253 
2313 0.810253 
778 0.810100 
1029 0.809326 
2007 0.806001 
331 0.806001 
1036 0.805088 
555 0.803602 
1460 0.795123 
2260 0.790195 
273 0.787864 
1925 0.787001 
1736 0.787001 
272 0.783519 
1085 0.780861 
2205 0.777657 
103 0.775874 
471 0.762773 
455 0.762773 
1564 0.762773 
240 0.762773 
410 0.762773 
407 0.762773 
841 0.759085 
2296 0.758358 
501 0.758358 
654 0.758358 
718 0.758358 
541 0.758358 
481 0.758358 
289 0.758033 
1310 0.758023 
900 0.756833 
46 0.754292 
1089 0.754292 
1772 0.754292 
1449 0.746193 
1302 0.744865 
1100 0.744865 
1328 0.744865 
1238 0.744865 
1222 0.744865 
2121 0.744865 
1447 0.742785 
2242 0.742785 
2010 0.742785 
1370 0.742785 
966 0.742785 
1276 0.742785 
993 0.741619 
2102 0.740300 
1363 0.729363 
498 0.729183 
1493 0.709908 
788 0.709311 
1229 0.708962 
296 0.708962 
1756 0.708962 
1280 0.708962 
1019 0.708962 
1295 0.708962 
1176 0.706614 
553 0.702797 
2063 0.702278 
667 0.702278 
655 0.702278 
649 0.702278 
28 0.702278 
578 0.702278 
2218 0.702168 
465 0.702168 
2259 0.700500 
1259 0.700230 
1914 0.699394 
1271 0.696075 
1615 0.696075 
996 0.694811 
2245 0.691957 
2101 0.685578 
1959 0.685578 
1952 0.685578 
2212 0.685578 
2040 0.685578 
1842 0.685578 
1013 0.676172 
1046 0.673191 
1255 0.669715 
122 0.663862 
391 0.663862 
98 0.663862 
392 0.663862 
107 0.663862 
394 0.663862 
1374 0.663832 
1092 0.660413 
2086 0.660413 
531 0.651044 
1118 0.649986 
1075 0.642596 
338 0.639892 
115 0.636919 
22 0.636919 
381 0.636919 
505 0.636919 
197 0.636919 
2152 0.636919 
72 0.636193 
635 0.635258 
1551 0.635258 
1656 0.635258 
1428 0.635258 
1372 0.635258 
1685 0.635258 
2271 0.627031 
1314 0.627031 
1050 0.627031 
444 0.627031 
1797 0.625239 
362 0.625231 
2211 0.614068 
613 0.601746 
330 0.601649 
1574 0.586079 
1386 0.585873 
1018 0.583039 
1727 0.583039 
897 0.583039 
105 0.580613 
199 0.580613 
18 0.580613 
164 0.580613 
1874 0.580613 
106 0.580613 
213 0.579267 
1201 0.571580 
1440 0.562091 
2073 0.559640 
246 0.559640 
2252 0.559640 
2222 0.559640 
1730 0.559640 
1512 0.558208 
1424 0.554865 
1312 0.554865 
923 0.554865 
1102 0.554865 
1301 0.554865 
1080 0.554865 
1681 0.550091 
1126 0.540803 
1165 0.539104 
1803 0.538205 
2098 0.534977 
1865 0.528670 
1831 0.528670 
2123 0.528670 
1703 0.526050 
1580 0.524141 
2238 0.515215 
2224 0.509381 
1850 0.509381 
1941 0.509381 
1837 0.509381 
2151 0.509381 
1896 0.509381 
533 0.503709 
1407 0.496498 
1204 0.492794 
39 0.471558 
836 0.466243 
1811 0.466243 
2087 0.466243 
1132 0.466243 
1945 0.466243 
1790 0.466243 
1294 0.461602 
1103 0.461602 
1224 0.459266 
221 0.458625 
1998 0.458625 
874 0.458625 
645 0.456000 
2069 0.454618 
854 0.444081 
931 0.444081 
1081 0.444081 
925 0.444081 
876 0.444081 
727 0.444081 
1676 0.437680 
355 0.429230 
1904 0.429230 
1846 0.427830 
2195 0.422959 
1632 0.410895 
1879 0.409301 
1964 0.407408 
80 0.407408 
140 0.407408 
109 0.407408 
110 0.407408 
231 0.407408 
121 0.405806 
343 0.392252 
2050 0.378983 
448 0.378983 
810 0.378983 
785 0.378983 
1035 0.378983 
1099 0.378983 
991 0.355953 
673 0.354335 
674 0.349507 
1321 0.345871 
1563 0.345871 
1247 0.345871 
1401 0.345871 
441 0.345871 
1495 0.345871 
1189 0.345666 
27 0.342014 
484 0.335117 
2286 0.332223 
1121 0.332223 
1239 0.320478 
1486 0.314013 
0 0.314013 
36 0.314013 
79 0.314013 
67 0.314013 
75 0.314013 
404 0.313029 
1680 0.307073 
2113 0.307073 
2020 0.307073 
2229 0.307073 
2192 0.307073 
587 0.303508 
1210 0.293931 
386 0.293931 
701 0.293931 
1278 0.293931 
984 0.293931 
1202 0.293931 
2116 0.292606 
2047 0.292350 
2277 0.292350 
1729 0.292350 
1468 0.289287 
1599 0.289287 
1404 0.289287 
922 0.289287 
1561 0.289287 
1225 0.289287 
419 0.282739 
1348 0.281868 
1221 0.280123 
1830 0.276709 
1822 0.276487 
965 0.275736 
570 0.267659 
2194 0.267659 
2072 0.267659 
1170 0.266935 
232 0.261738 
415 0.258660 
1770 0.247894 
1852 0.246122 
2082 0.235304 
815 0.229735 
2214 0.229328 
2062 0.229328 
1911 0.229328 
172 0.229328 
746 0.222934 
2133 0.219736 
1907 0.219736 
1999 0.219736 
1577 0.219736 
1441 0.216695 
1003 0.193374 
813 0.193283 
1643 0.176636 
2180 0.176636 
1982 0.176636 
2049 0.176636 
2117 0.176636 
1234 0.176636 
892 0.171399 
88 0.149116 
1616 0.133335 
1644 0.115391 
1814 0.113382 
1635 0.112663 
225 0.110711 
754 0.104126 
1943 0.086685 
405 0.083466 
2066 0.083221 
1773 0.082856 
1785 0.082856 
1601 0.082856 
1570 0.082856 
1728 0.082856 
2266 0.082856 
534 0.078835 
869 0.077671 
2009 0.075375 
58 0.070468 
833 0.065098 
60 0.061068 
1854 0.059940 
1143 0.058897 
2112 0.048995 
1430 0.048725 
1855 0.041738 
2158 0.041738 
1517 0.041738 
1467 0.039592 
1384 0.037188 
1275 0.037188 
1473 0.037188 
1323 0.037188 
682 0.037188 
194 0.037188 
1305 0.024219 
238 0.022136 
752 0.019519 
311 0.018189 
195 0.015520 
1263 0.010717 
2131 0.008433 
1174 0.006086 
2240 0.005385 
535 0.005385 
1429 0.004391 
529 0.004391 
1840 0.004391 
1464 0.004391 
1738 0.004391 
2178 0.004391 
1015 0.003555 
438 0.002356 
86 -0.005490 
1008 -0.015943 
561 -0.017594 
1134 -0.017594 
721 -0.017594 
855 -0.017594 
921 -0.017594 
526 -0.017594 
1009 -0.019828 
1788 -0.020195 
1717 -0.022944 
775 -0.024099 
1950 -0.024099 
830 -0.024099 
842 -0.024099 
803 -0.024099 
1027 -0.024099 
2270 -0.024533 
19 -0.035885 
192 -0.036068 
1647 -0.040609 
1505 -0.046965 
980 -0.048373 
580 -0.050459 
1435 -0.051120 
1334 -0.066919 
1744 -0.073589 
1908 -0.080678 
1613 -0.083315 
523 -0.084635 
1646 -0.086945 
816 -0.087370 
1086 -0.089130 
811 -0.089130 
1423 -0.089867 
666 -0.092132 
1568 -0.092132 
873 -0.092132 
1702 -0.092132 
1172 -0.092132 
1628 -0.092132 
1151 -0.092193 
976 -0.100084 
20 -0.100084 
1353 -0.106283 
1787 -0.113551 
1802 -0.120870 
1618 -0.136779 
1144 -0.136779 
1566 -0.136779 
1316 -0.136779 
797 -0.136779 
1496 -0.136779 
937 -0.143855 
1639 -0.147616 
1175 -0.150513 
99 -0.153948 
205 -0.158933 
1970 -0.161549 
871 -0.164400 
1798 -0.180658 
2233 -0.180658 
2025 -0.185127 
102 -0.188438 
1274 -0.189487 
74 -0.192259 
536 -0.196416 
1484 -0.196416 
1419 -0.196416 
1304 -0.196416 
1364 -0.196416 
1954 -0.196416 
1272 -0.196826 
1567 -0.197921 
1916 -0.197921 
2141 -0.197921 
2247 -0.197921 
938 -0.202083 
688 -0.202083 
1045 -0.202083 
928 -0.202083 
802 -0.202083 
794 -0.202083 
1243 -0.206334 
1006 -0.206334 
1117 -0.206334 
1173 -0.206334 
893 -0.206334 
428 -0.206334 
1135 -0.208459 
1235 -0.208459 
821 -0.208459 
1626 -0.208459 
1034 -0.208459 
1230 -0.208459 
1311 -0.209783 
1308 -0.209783 
953 -0.209783 
890 -0.209783 
1123 -0.209783 
1622 -0.209783 
582 -0.212007 
2305 -0.212007 
486 -0.212007 
77 -0.212007 
548 -0.212007 
333 -0.212007 
1149 -0.213789 
1974 -0.213789 
1533 -0.213789 
2110 -0.213789 
1872 -0.213789 
1800 -0.213789 
2044 -0.238094 
1768 -0.250238 
2312 -0.250891 
1160 -0.260001 
460 -0.261101 
1141 -0.261532 
2097 -0.261532 
1603 -0.261532 
1450 -0.262503 
1357 -0.262503 
1072 -0.262503 
1331 -0.262503 
1600 -0.262503 
1595 -0.262503 
2124 -0.263124 
1490 -0.264391 
1978 -0.269410 
1986 -0.270245 
1333 -0.270245 
360 -0.270245 
1725 -0.271247 
2215 -0.272250 
889 -0.272433 
1219 -0.272433 
610 -0.272433 
992 -0.272433 
1025 -0.272433 
1168 -0.272433 
1206 -0.277532 
1866 -0.277532 
1715 -0.277532 
78 -0.277731 
881 -0.281011 
1885 -0.286518 
212 -0.286518 
1782 -0.286518 
1502 -0.286518 
1818 -0.286518 
1114 -0.286518 
2193 -0.297425 
1609 -0.309925 
322 -0.309925 
743 -0.309925 
717 -0.309925 
1101 -0.309925 
1480 -0.309925 
2255 -0.310303 
940 -0.314676 
948 -0.314676 
974 -0.314676 
742 -0.314676 
894 -0.314676 
576 -0.314676 
1120 -0.325975 
369 -0.325975 
697 -0.338243 
1398 -0.340942 
40 -0.342001 
2248 -0.342001 
1812 -0.343360 
1723 -0.348355 
2165 -0.348355 
1953 -0.348355 
1657 -0.348355 
1389 -0.348537 
2204 -0.350872 
877 -0.378986 
118 -0.379625 
1322 -0.383698 
1686 -0.383698 
1532 -0.383698 
1104 -0.383698 
1606 -0.383698 
1700 -0.383698 
1442 -0.395088 
1459 -0.395088 
1476 -0.395088 
857 -0.395088 
741 -0.395088 
627 -0.395088 
1710 -0.407362 
282 -0.416053 
724 -0.416552 
1376 -0.416552 
1849 -0.416552 
1367 -0.416552 
1529 -0.416552 
1287 -0.416552 
1920 -0.416695 
1791 -0.418287 
1571 -0.420749 
101 -0.421747 
458 -0.427909 
1827 -0.430173 
1973 -0.431132 
1833 -0.431132 
766 -0.431132 
188 -0.431132 
1010 -0.432398 
1161 -0.432915 
1162 -0.432915 
887 -0.432915 
798 -0.432915 
862 -0.432915 
1130 -0.432915 
2234 -0.456013 
112 -0.456437 
1887 -0.471092 
1748 -0.472421 
1254 -0.473925 
736 -0.481348 
1825 -0.483450 
2203 -0.485206 
2076 -0.485206 
1457 -0.485206 
1592 -0.485206 
1901 -0.485206 
2075 -0.489469 
2012 -0.492968 
1761 -0.492968 
1968 -0.492968 
1806 -0.492968 
1786 -0.492968 
2036 -0.492968 
2188 -0.498278 
2189 -0.504318 
1696 -0.504318 
979 -0.504318 
704 -0.504318 
1152 -0.511355 
596 -0.515030 
1313 -0.517098 
860 -0.524615 
450 -0.527392 
2083 -0.531141 
2253 -0.534066 
2170 -0.534066 
1133 -0.534066 
1757 -0.534066 
1258 -0.534066 
424 -0.535781 
430 -0.535781 
643 -0.535781 
653 -0.535781 
609 -0.535781 
545 -0.535781 
1967 -0.536523 
509 -0.551432 
630 -0.552004 
616 -0.552314 
265 -0.555606 
2196 -0.558935 
827 -0.561011 
930 -0.561011 
309 -0.561011 
689 -0.561011 
93 -0.561011 
696 -0.561011 
1383 -0.571189 
1893 -0.571189 
2056 -0.571189 
1981 -0.578630 
1607 -0.581891 
1199 -0.584187 
981 -0.589331 
2120 -0.589331 
229 -0.604815 
2135 -0.608777 
487 -0.608777 
1403 -0.608777 
1705 -0.608777 
2091 -0.608777 
1695 -0.612810 
863 -0.612810 
1462 -0.612810 
963 -0.612810 
1750 -0.612810 
165 -0.613020 
1253 -0.632415 
2164 -0.632450 
703 -0.635480 
2297 -0.641348 
1938 -0.642406 
1195 -0.642406 
1324 -0.643018 
1273 -0.643018 
1203 -0.643018 
967 -0.643018 
693 -0.643018 
1299 -0.643018 
1408 -0.644192 
2046 -0.644192 
347 -0.650704 
1438 -0.655330 
468 -0.655793 
1824 -0.655793 
1863 -0.655793 
1387 -0.655793 
1366 -0.655793 
1131 -0.656727 
1437 -0.666394 
271 -0.666394 
2284 -0.666394 
2231 -0.666394 
679 -0.666394 
37 -0.666503 
1479 -0.669905 
1368 -0.669905 
2278 -0.669905 
236 -0.669905 
891 -0.669905 
426 -0.669905 
1673 -0.674332 
1957 -0.675821 
1033 -0.693017 
1044 -0.693017 
1042 -0.693017 
834 -0.693017 
960 -0.693017 
357 -0.693017 
2273 -0.704715 
1146 -0.707769 
658 -0.712746 
253 -0.713386 
1589 -0.719776 
1317 -0.727068 
989 -0.727068 
1163 -0.727068 
1395 -0.727068 
1279 -0.727068 
795 -0.727068 
356 -0.733322 
2148 -0.745120 
1358 -0.745120 
1411 -0.745120 
1022 -0.745120 
1415 -0.745120 
1549 -0.745120 
1764 -0.751898 
201 -0.766154 
1765 -0.786347 
1919 -0.789794 
1594 -0.789794 
66 -0.807885 
1971 -0.807885 
1198 -0.812044 
807 -0.812044 
909 -0.825945 
999 -0.833481 
1471 -0.833481 
1581 -0.833481 
559 -0.838058 
1377 -0.838307 
1446 -0.838307 
1200 -0.838307 
1296 -0.838307 
1355 -0.838307 
1124 -0.838307 
2094 -0.842484 
1891 -0.854623 
1315 -0.854623 
648 -0.873445 
1397 -0.876700 
1870 -0.877799 
1687 -0.877799 
1897 -0.878183 
1288 -0.908602 
1494 -0.964508 
1933 -0.964508 
1264 -0.964508 
1249 -0.964508 
1155 -0.964508 
1713 -0.964508 
384 -0.970348 
620 -0.970348 
349 -0.970348 
436 -0.970348 
1406 -0.970348 
495 -0.970348 
1191 -0.979030 
1066 -0.979030 
2000 -0.979030 
1454 -0.979030 
664 -0.979030 
1325 -0.979030 
1158 -1.001202 
1470 -1.001202 
1884 -1.019454 
598 -1.021076 
1597 -1.023894 
1329 -1.045918 
1208 -1.052052 
1697 -1.055059 
1349 -1.055059 
1666 -1.055059 
1241 -1.055059 
2042 -1.061615 
1260 -1.061615 
1683 -1.061615 
2179 -1.061615 
2174 -1.061615 
1839 -1.061615 
2160 -1.078004 
700 -1.078004 
1760 -1.078004 
532 -1.078004 
1508 -1.078004 
1379 -1.084125 
1934 -1.084125 
1448 -1.108023 
1553 -1.108023 
2144 -1.108023 
1481 -1.108023 
757 -1.108023 
1528 -1.108023 
1115 -1.115411 
905 -1.115411 
1662 -1.115411 
1487 -1.115411 
1829 -1.115411 
1598 -1.115411 
1817 -1.123501 
1485 -1.123501 
1693 -1.130012 
2014 -1.130012 
1350 -1.130012 
2108 -1.130012 
1142 -1.130012 
1499 -1.157965 
2294 -1.157965 
150 -1.157965 
946 -1.159969 
2166 -1.187919 
2208 -1.233459 
1392 -1.275314 
2019 -1.282502 
16 -1.282502 
1179 -1.343704 
2039 -1.348533 
1236 -1.348533 
1712 -1.348533 
371 -1.348533 
2054 -1.348533 
1795 -1.348533 
745 -1.354284 
1307 -1.361403 
1371 -1.361403 
1469 -1.361403 
1526 -1.361403 
1455 -1.361403 
1583 -1.361403 
170 -1.375215 
485 -1.375215 
914 -1.375215 
574 -1.375215 
621 -1.375215 
600 -1.375215 
1924 -1.388487 
1537 -1.404501 
1890 -1.404501 
1847 -1.404501 
2021 -1.404501 
1759 -1.404501 
1734 -1.404501 
1575 -1.418281 
128 -1.428625 
1637 -1.428938 
1291 -1.428938 
1711 -1.433903 
1184 -1.433903 
2254 -1.433903 
1906 -1.433903 
2295 -1.433903 
2303 -1.433903 
1801 -1.445826 
2065 -1.445826 
1196 -1.445826 
489 -1.445826 
144 -1.454792 
1028 -1.454792 
1026 -1.454792 
1774 -1.454792 
2005 -1.454792 
2078 -1.501326 
2115 -1.507547 
1147 -1.507547 
2244 -1.507547 
1320 -1.509963 
552 -1.510641 
1915 -1.570981 
1232 -1.570981 
1544 -1.570981 
1292 -1.570981 
2138 -1.570981 
2143 -1.570981 
52 -1.571821 
57 -1.571821 
30 -1.571821 
6 -1.571821 
54 -1.571821 
157 -1.571821 
2288 -1.573988 
337 -1.579298 
1375 -1.579298 
339 -1.579298 
230 -1.579298 
242 -1.579298 
42 -1.579298 
987 -1.585442 
973 -1.585442 
367 -1.585442 
1228 -1.585442 
1082 -1.585442 
657 -1.585442 
340 -1.595846 
929 -1.595846 
560 -1.595846 
120 -1.595846 
856 -1.595846 
1052 -1.595846 
799 -1.598635 
817 -1.598635 
1899 -1.598635 
678 -1.598635 
859 -1.598635 
626 -1.598635 
1507 -1.609011 
1590 -1.609011 
2298 -1.609011 
2153 -1.609011 
1706 -1.609011 
2100 -1.609011 
1692 -1.621738 
964 -1.621738 
1614 -1.621738 
69 -1.628175 
297 -1.629162 
2002 -1.634877 
1347 -1.634877 
1352 -1.634877 
1648 -1.634877 
1409 -1.634877 
1077 -1.634877 
1979 -1.677852 
1605 -1.677852 
1663 -1.677852 
2219 -1.677852 
1478 -1.677852 
1903 -1.677852 
995 -1.687334 
1110 -1.687334 
844 -1.687334 
149 -1.687334 
1737 -1.687334 
962 -1.687334 
1586 -1.692104 
1611 -1.692104 
393 -1.697069 
1935 -1.697069 
1231 -1.699357 
163 -1.704811 
81 -1.704811 
2045 -1.704811 
96 -1.704811 
17 -1.704811 
152 -1.704811 
1084 -1.719798 
1188 -1.719798 
1267 -1.719798 
1418 -1.719798 
1343 -1.719798 
1193 -1.719798 
943 -1.729041 
2279 -1.743335 
1617 -1.743335 
1722 -1.743335 
828 -1.743335 
2200 -1.743901 
583 -1.743901 
895 -1.743901 
911 -1.743901 
713 -1.743901 
896 -1.743901 
2154 -1.755109 
1931 -1.755109 
867 -1.755109 
1382 -1.791286 
899 -1.791286 
483 -1.791286 
1183 -1.791286 
1180 -1.791286 
838 -1.791286 
957 -1.791804 
1848 -1.804908 
1944 -1.804908 
783 -1.829766 
1556 -1.829766 
1593 -1.850373 
324 -1.850373 
378 -1.850373 
882 -1.850373 
870 -1.850373 
749 -1.850373 
1554 -1.870074 
2053 -1.870074 
29 -1.870085 
1552 -1.870085 
1523 -1.870085 
204 -1.870085 
1876 -1.870085 
1396 -1.870085 
1510 -1.885941 
127 -1.885941 
680 -1.887985 
1758 -1.887985 
1285 -1.887985 
1477 -1.887985 
1652 -1.887985 
508 -1.887985 
1227 -1.894291 
400 -1.900506 
307 -1.900506 
166 -1.900506 
178 -1.900506 
228 -1.900506 
266 -1.900506 
261 -1.905953 
646 -1.905953 
474 -1.905953 
573 -1.905953 
38 -1.905953 
595 -1.905953 
217 -1.915663 
1256 -1.915663 
328 -1.915663 
1535 -1.915663 
671 -1.915663 
612 -1.915663 
1240 -1.917136 
398 -1.936723 
1244 -1.958843 
451 -1.967494 
1047 -1.998629 
1339 -1.998873 
1820 -1.998873 
336 -2.023615 
740 -2.031829 
2027 -2.031829 
464 -2.036258 
2156 -2.043504 
420 -2.043504 
790 -2.045290 
650 -2.061641 
177 -2.061641 
771 -2.061641 
1653 -2.061641 
2092 -2.061641 
1453 -2.072099 
1127 -2.117008 
1432 -2.130142 
1108 -2.213317 
618 -2.213317 
2029 -2.213317 
1667 -2.220855 
1792 -2.242379 
1740 -2.291641 
933 -2.319073 
789 -2.329232 
1721 -2.354871 
287 -3.071515 
1060 -3.071515 
