3072 1
970 3.005294 
971 2.717078 
1007 2.637658 
1006 2.551464 
1090 2.523706 
1101 2.504059 
1005 2.490121 
1103 2.489563 
1089 2.474768 
1102 2.458013 
969 2.408315 
1091 2.379509 
1009 2.355317 
1151 2.341684 
1055 2.286727 
1010 2.286016 
1149 2.266144 
1137 2.249164 
1141 2.240094 
1139 2.230750 
1054 2.210710 
1017 2.205758 
1008 2.203201 
1022 2.196734 
984 2.195031 
1053 2.190952 
1140 2.190209 
1142 2.180462 
1021 2.178178 
960 2.156578 
1020 2.127151 
1138 2.113069 
985 2.111778 
961 2.110734 
986 2.100573 
1150 2.100168 
1019 2.080609 
1114 2.068463 
962 2.061739 
1065 2.023655 
1106 2.016341 
1018 1.969711 
1113 1.954521 
1115 1.945862 
1067 1.931658 
1105 1.931283 
995 1.919791 
993 1.918763 
1104 1.907261 
981 1.906728 
983 1.904942 
1130 1.877024 
1066 1.866580 
1093 1.859899 
982 1.850322 
1129 1.843705 
1118 1.825318 
1128 1.814705 
1117 1.763318 
994 1.762007 
1094 1.759789 
1033 1.746527 
1116 1.738422 
1092 1.738275 
974 1.727082 
998 1.717351 
996 1.690723 
997 1.685564 
973 1.679980 
1919 1.664551 
1043 1.659797 
1042 1.656059 
1031 1.644225 
1918 1.637984 
1127 1.637458 
972 1.635890 
1032 1.631668 
1125 1.621518 
1126 1.618405 
1917 1.617755 
1034 1.609938 
1041 1.592985 
1057 1.588118 
1881 1.568880 
1079 1.548473 
1077 1.542510 
1080 1.542234 
1078 1.534324 
1030 1.524951 
1883 1.519936 
1029 1.517673 
1045 1.517258 
1081 1.512426 
1739 1.498933 
1056 1.486914 
1082 1.482210 
1058 1.481101 
1882 1.458821 
1737 1.449104 
1046 1.441951 
1044 1.430426 
1738 1.389843 
1069 1.387458 
1068 1.340966 
1874 1.337067 
201 1.332386 
1070 1.330179 
1872 1.328438 
1873 1.270444 
202 1.252984 
203 1.236688 
1894 1.186723 
1898 1.103477 
1885 1.093281 
1886 1.092020 
346 1.070246 
1893 1.068877 
1773 1.068433 
1895 1.055527 
345 1.052902 
1740 1.051844 
1908 1.048873 
347 1.047852 
1741 1.032744 
1884 1.030214 
1742 1.025554 
1896 0.999272 
1775 0.994235 
1897 0.957442 
1774 0.941812 
362 0.914099 
1905 0.907249 
1909 0.883807 
358 0.866022 
338 0.865717 
360 0.855340 
1907 0.848945 
1910 0.833809 
206 0.826052 
357 0.812186 
214 0.811828 
205 0.810598 
337 0.808476 
1749 0.797609 
359 0.788911 
336 0.777006 
204 0.764298 
213 0.764063 
361 0.756396 
1834 0.752535 
1906 0.746407 
1833 0.696077 
1729 0.688539 
1751 0.682633 
1869 0.674808 
1750 0.670964 
1857 0.665881 
1752 0.654004 
215 0.651263 
1859 0.633412 
1870 0.607415 
237 0.588507 
1871 0.580965 
1858 0.569058 
239 0.541910 
1778 0.511559 
1730 0.511406 
238 0.509922 
1754 0.501386 
1777 0.500513 
216 0.496605 
1776 0.487458 
1847 0.468408 
1862 0.463789 
348 0.458051 
1753 0.442674 
1861 0.425881 
1835 0.413642 
240 0.412308 
297 0.403611 
1860 0.393189 
349 0.379694 
350 0.363406 
2507 0.355077 
1846 0.353309 
242 0.352138 
241 0.340917 
218 0.315297 
2505 0.301066 
1826 0.298600 
1825 0.285353 
373 0.263104 
2506 0.254951 
217 0.229642 
335 0.224875 
325 0.220721 
1824 0.219446 
333 0.215126 
192 0.213171 
298 0.198381 
1845 0.195982 
704 0.188984 
2649 0.186110 
334 0.177419 
382 0.172824 
1728 0.168263 
1785 0.164799 
381 0.148166 
372 0.119733 
326 0.107560 
1822 0.085548 
194 0.079869 
2650 0.067610 
2665 0.064868 
2664 0.045033 
2666 0.040863 
2651 0.011912 
2653 0.009259 
1787 -0.002487 
374 -0.005583 
324 -0.019976 
2654 -0.026833 
3008 -0.034631 
1763 -0.037756 
193 -0.041506 
1472 -0.049707 
383 -0.065660 
1837 -0.072304 
323 -0.079485 
2652 -0.097100 
322 -0.099055 
1762 -0.100102 
321 -0.106975 
370 -0.111152 
290 -0.117794 
369 -0.123093 
299 -0.136615 
2240 -0.140595 
1797 -0.141497 
1786 -0.157867 
286 -0.174241 
288 -0.182229 
752 -0.184267 
311 -0.188198 
2510 -0.200829 
2637 -0.211767 
1799 -0.212862 
2661 -0.214156 
2640 -0.215784 
2912 -0.229531 
2151 -0.240872 
1836 -0.251495 
2641 -0.251924 
1849 -0.252304 
249 -0.254016 
1789 -0.254898 
2663 -0.258082 
227 -0.258634 
371 -0.263765 
1848 -0.265526 
608 -0.270754 
2639 -0.280705 
2509 -0.280866 
2368 -0.284089 
579 -0.285038 
2496 -0.285166 
1761 -0.286821 
423 -0.290092 
2883 -0.298125 
1959 -0.300692 
1823 -0.305906 
253 -0.306595 
2517 -0.310054 
2638 -0.313109 
3056 -0.315070 
615 -0.318929 
251 -0.331797 
2144 -0.332059 
2508 -0.333065 
2919 -0.335310 
1788 -0.342509 
2642 -0.356827 
1765 -0.365595 
1821 -0.370350 
309 -0.372965 
2677 -0.373206 
2752 -0.384082 
735 -0.385356 
2662 -0.386326 
3 -0.391416 
448 -0.392271 
896 -0.393861 
1383 -0.396882 
225 -0.397307 
3063 -0.400595 
2288 -0.408440 
1790 -0.420784 
2541 -0.422805 
1376 -0.425463 
1766 -0.435702 
2543 -0.444764 
2686 -0.445131 
2601 -0.448341 
3015 -0.449165 
2307 -0.452438 
3039 -0.454171 
312 -0.457718 
263 -0.458254 
759 -0.464469 
2542 -0.465925 
2295 -0.476183 
2519 -0.476955 
1798 -0.485710 
2944 -0.487930 
2687 -0.488124 
1575 -0.488735 
2521 -0.490168 
1527 -0.490464 
2685 -0.495421 
2627 -0.498788 
1577 -0.500631 
2727 -0.506182 
2153 -0.508558 
387 -0.509071 
1801 -0.519790 
2921 -0.521252 
2625 -0.521492 
226 -0.526617 
855 -0.537226 
262 -0.539123 
2518 -0.542525 
250 -0.547720 
2152 -0.549103 
252 -0.553948 
3027 -0.554600 
640 -0.554683 
2592 -0.557838 
261 -0.559041 
857 -0.560373 
1764 -0.562885 
2391 -0.566892 
289 -0.568839 
2112 -0.574371 
254 -0.575974 
1479 -0.582861 
2115 -0.583117 
1813 -0.585777 
711 -0.587066 
416 -0.595920 
1347 -0.597469 
617 -0.598959 
1001 -0.599295 
1385 -0.599495 
2629 -0.602731 
1520 -0.605352 
832 -0.605460 
471 -0.608684 
425 -0.608961 
1191 -0.609763 
2432 -0.612468 
1961 -0.613405 
2630 -0.614857 
1600 -0.620636 
302 -0.624084 
1810 -0.626264 
285 -0.628441 
229 -0.628853 
2880 -0.629719 
1491 -0.631496 
771 -0.634993 
1568 -0.635717 
2187 -0.636290 
2345 -0.637036 
2103 -0.637215 
1812 -0.639333 
287 -0.645949 
277 -0.647307 
2885 -0.647719 
736 -0.647987 
1344 -0.650968 
1152 -0.651579 
64 -0.656980 
2617 -0.662741 
2626 -0.662933 
2678 -0.666728 
230 -0.668962 
39 -0.670025 
1952 -0.671036 
1384 -0.674312 
2247 -0.675864 
1850 -0.675968 
1920 -0.676823 
2720 -0.685514 
2615 -0.689105 
2602 -0.690410 
903 -0.695644 
843 -0.695864 
663 -0.696243 
576 -0.696613 
2606 -0.702540 
301 -0.704704 
1768 -0.705374 
1664 -0.705766 
128 -0.708320 
616 -0.710413 
232 -0.712137 
800 -0.713728 
723 -0.713959 
2729 -0.714376 
2920 -0.717544 
1802 -0.718509 
2439 -0.720856 
1923 -0.722776 
2537 -0.726094 
310 -0.728312 
2775 -0.728630 
233 -0.742589 
1419 -0.743293 
1257 -0.746746 
2271 -0.747103 
1809 -0.747157 
2546 -0.747281 
2590 -0.747874 
473 -0.752272 
32 -0.752677 
2007 -0.754385 
2393 -0.755508 
1193 -0.756293 
1769 -0.756817 
1800 -0.756889 
807 -0.757636 
1838 -0.759343 
848 -0.759514 
1305 -0.764128 
813 -0.764823 
2693 -0.765179 
558 -0.766932 
2691 -0.767099 
2536 -0.768789 
2676 -0.778314 
809 -0.780148 
176 -0.781398 
1984 -0.782663 
1198 -0.787607 
2955 -0.788383 
2674 -0.791726 
651 -0.794230 
440 -0.794293 
1960 -0.794647 
1623 -0.797339 
1000 -0.797594 
5 -0.798095 
2343 -0.799193 
1335 -0.799545 
2688 -0.799580 
1163 -0.799601 
2936 -0.804094 
11 -0.804167 
2176 -0.805087 
2793 -0.806891 
1481 -0.808289 
87 -0.809965 
3040 -0.810155 
2336 -0.811068 
384 -0.811557 
1433 -0.813941 
228 -0.814011 
1408 -0.814855 
2471 -0.814949 
808 -0.815148 
1192 -0.815454 
798 -0.816414 
1576 -0.816819 
2533 -0.817568 
1710 -0.821008 
560 -0.822018 
41 -0.822044 
3051 -0.823444 
2025 -0.825090 
1539 -0.825275 
45 -0.825369 
2763 -0.826651 
2969 -0.827910 
750 -0.829310 
1431 -0.829673 
1259 -0.830706 
773 -0.831258 
3055 -0.831869 
2105 -0.832375 
553 -0.833754 
2096 -0.834280 
1515 -0.834479 
2272 -0.837270 
1582 -0.841009 
2734 -0.841971 
1294 -0.842461 
921 -0.843183 
1625 -0.843566 
2675 -0.844295 
424 -0.844443 
873 -0.845811 
2 -0.846406 
2297 -0.848933 
1374 -0.849377 
567 -0.849427 
2628 -0.849597 
300 -0.852043 
761 -0.854561 
265 -0.857352 
1611 -0.858037 
2864 -0.858377 
2967 -0.858562 
2384 -0.859205 
2673 -0.859606 
1248 -0.859615 
1283 -0.860513 
2488 -0.861085 
274 -0.862325 
835 -0.863476 
1970 -0.864598 
751 -0.865085 
1360 -0.865925 
544 -0.869594 
836 -0.869815 
1262 -0.870426 
793 -0.871265 
2777 -0.871332 
2009 -0.872618 
2594 -0.875905 
197 -0.875958 
1811 -0.876286 
1239 -0.876727 
1733 -0.877325 
2501 -0.882053 
2117 -0.882666 
281 -0.882751 
2286 -0.883125 
1240 -0.883518 
2776 -0.885491 
409 -0.886527 
891 -0.886632 
1703 -0.887781 
2544 -0.888591 
89 -0.888915 
2087 -0.891232 
784 -0.891934 
1184 -0.893905 
1145 -0.895887 
174 -0.896122 
275 -0.896220 
569 -0.897298 
2830 -0.898353 
313 -0.901632 
1995 -0.901651 
2315 -0.901669 
2329 -0.902387 
958 -0.902440 
2605 -0.903622 
1696 -0.904511 
2379 -0.905262 
2520 -0.906101 
2104 -0.906784 
3017 -0.907593 
167 -0.908395 
587 -0.908436 
1503 -0.908931 
1411 -0.909796 
9 -0.909947 
1659 -0.910345 
1369 -0.911650 
1648 -0.914524 
2910 -0.914940 
1480 -0.916486 
2578 -0.916878 
935 -0.917598 
2359 -0.917968 
2530 -0.919150 
2895 -0.920430 
2360 -0.921615 
2309 -0.924545 
395 -0.924961 
367 -0.925343 
2327 -0.925363 
2960 -0.925751 
1504 -0.926306 
1647 -0.926539 
1545 -0.926579 
867 -0.927626 
1155 -0.928768 
2943 -0.929555 
1049 -0.929668 
946 -0.930980 
3064 -0.932607 
2545 -0.933252 
1241 -0.933277 
2529 -0.934502 
1321 -0.934533 
2199 -0.934613 
551 -0.937274 
1945 -0.939025 
489 -0.939225 
1027 -0.940194 
2259 -0.942291 
1200 -0.942421 
1814 -0.943493 
1271 -0.945276 
2249 -0.946309 
2235 -0.946890 
1349 -0.946983 
376 -0.947336 
2473 -0.947686 
656 -0.949519 
1424 -0.949689 
2464 -0.950952 
2616 -0.951349 
1913 -0.951805 
1528 -0.951850 
581 -0.952357 
341 -0.952539 
2911 -0.953570 
2783 -0.953585 
2645 -0.954054 
2039 -0.955065 
2841 -0.955949 
1721 -0.956002 
2699 -0.956225 
1072 -0.956353 
1877 -0.957371 
1245 -0.958185 
485 -0.961213 
1950 -0.962639 
389 -0.963144 
1712 -0.963606 
845 -0.963951 
1258 -0.963959 
815 -0.964474 
791 -0.965309 
2832 -0.965324 
1246 -0.965862 
1394 -0.967463 
1336 -0.967656 
2884 -0.968196 
2871 -0.968410 
2480 -0.969608 
1273 -0.969669 
2784 -0.969979 
856 -0.970339 
2819 -0.971468 
1213 -0.972075 
146 -0.972107 
862 -0.972210 
2671 -0.972239 
1182 -0.973578 
2354 -0.974313 
4 -0.974744 
2037 -0.975246 
99 -0.975417 
160 -0.975952 
2692 -0.976024 
1817 -0.976323 
2994 -0.976474 
112 -0.976819 
2531 -0.978912 
2215 -0.979836 
607 -0.980337 
2188 -0.981646 
2522 -0.981696 
1109 -0.982912 
1216 -0.983092 
1581 -0.984832 
2681 -0.985219 
2334 -0.985698 
2457 -0.985758 
1616 -0.985878 
632 -0.986194 
2843 -0.986582 
1591 -0.987070 
2478 -0.987997 
222 -0.988011 
823 -0.988400 
1566 -0.988645 
48 -0.988959 
459 -0.989241 
103 -0.989302 
2556 -0.993521 
111 -0.993753 
2553 -0.995358 
879 -0.995383 
169 -0.995814 
1269 -0.996011 
679 -0.996390 
1330 -0.996792 
2656 -0.996894 
2697 -0.997620 
1635 -0.997813 
2160 -0.999378 
314 -0.999475 
1931 -0.999931 
273 -1.000069 
864 -1.000473 
2318 -1.001193 
352 -1.002700 
1529 -1.002850 
1048 -1.002925 
121 -1.003169 
1705 -1.003299 
1657 -1.004631 
2143 -1.005816 
828 -1.005969 
905 -1.006521 
3016 -1.007043 
40 -1.007158 
1493 -1.007725 
1547 -1.007854 
779 -1.009179 
2142 -1.009299 
1719 -1.011122 
1310 -1.011713 
1096 -1.012028 
1641 -1.012295 
1234 -1.013493 
2192 -1.013912 
1888 -1.014221 
2863 -1.014343 
259 -1.014380 
2613 -1.014532 
2080 -1.014591 
910 -1.015201 
2418 -1.015927 
1303 -1.016319 
652 -1.016691 
264 -1.016866 
1164 -1.017027 
1161 -1.017433 
196 -1.017735 
266 -1.018296 
686 -1.018660 
1015 -1.019348 
747 -1.020182 
965 -1.021831 
990 -1.022493 
2435 -1.022648 
1157 -1.023006 
2896 -1.023226 
2264 -1.023653 
3029 -1.023803 
430 -1.024653 
2313 -1.024969 
1449 -1.025052 
2951 -1.025418 
2287 -1.027027 
2534 -1.027246 
2381 -1.027280 
2089 -1.027433 
2579 -1.027435 
1725 -1.027515 
1541 -1.027667 
503 -1.028399 
1925 -1.028440 
189 -1.028454 
2891 -1.028879 
2591 -1.029036 
353 -1.029207 
2021 -1.030625 
2781 -1.031706 
928 -1.031714 
1759 -1.032376 
976 -1.032952 
778 -1.033808 
30 -1.034319 
2116 -1.034887 
606 -1.034968 
2857 -1.035261 
480 -1.035320 
1296 -1.035516 
2873 -1.036610 
591 -1.036702 
55 -1.036805 
3068 -1.037681 
1177 -1.037900 
624 -1.038117 
223 -1.038342 
393 -1.039300 
2905 -1.039493 
434 -1.040079 
2700 -1.040299 
1540 -1.040680 
713 -1.042619 
2566 -1.042899 
2809 -1.042925 
31 -1.043503 
105 -1.043904 
2168 -1.044034 
2805 -1.044411 
716 -1.044450 
782 -1.044457 
1156 -1.044766 
1202 -1.044917 
861 -1.045617 
882 -1.045655 
2569 -1.045683 
1912 -1.046394 
1399 -1.046536 
743 -1.046708 
760 -1.046733 
2795 -1.047172 
1120 -1.047747 
1348 -1.048016 
1214 -1.048051 
3054 -1.048915 
1758 -1.049040 
2169 -1.049059 
2045 -1.049444 
2983 -1.051629 
725 -1.051635 
949 -1.051900 
2791 -1.051903 
415 -1.052154 
952 -1.052217 
2405 -1.052684 
1301 -1.053009 
904 -1.053404 
23 -1.053602 
777 -1.054047 
2073 -1.054254 
2071 -1.054371 
366 -1.054633 
1795 -1.054985 
96 -1.056396 
1924 -1.057120 
2016 -1.057809 
1934 -1.057845 
2000 -1.058422 
1676 -1.059400 
2608 -1.059419 
1593 -1.059813 
1982 -1.060064 
1097 -1.060419 
1726 -1.060455 
728 -1.060490 
2907 -1.061837 
2565 -1.062012 
1447 -1.062138 
1806 -1.062253 
2427 -1.062676 
2320 -1.063212 
2139 -1.063364 
1903 -1.063777 
2670 -1.065628 
2797 -1.066186 
2066 -1.066251 
2296 -1.066439 
916 -1.066615 
1929 -1.066858 
1229 -1.067258 
2633 -1.067322 
672 -1.067774 
1255 -1.068310 
2492 -1.068703 
139 -1.068912 
2441 -1.069453 
2527 -1.069975 
2013 -1.070246 
554 -1.070854 
623 -1.071560 
2248 -1.071645 
2032 -1.072305 
2839 -1.072603 
1559 -1.072848 
2283 -1.072999 
633 -1.073144 
2044 -1.073479 
622 -1.075472 
2680 -1.075757 
535 -1.075977 
2159 -1.076127 
1554 -1.076314 
1178 -1.076389 
888 -1.076645 
154 -1.077531 
2217 -1.077718 
2935 -1.079306 
2846 -1.079312 
491 -1.079517 
126 -1.079687 
917 -1.079743 
477 -1.080668 
211 -1.081431 
2279 -1.081531 
1458 -1.082910 
472 -1.084208 
2132 -1.084426 
1464 -1.084489 
2157 -1.084728 
2224 -1.084877 
1328 -1.084898 
2400 -1.085108 
461 -1.085731 
80 -1.086442 
2127 -1.087205 
2718 -1.087277 
1063 -1.087311 
1891 -1.087394 
2059 -1.088028 
531 -1.088674 
2452 -1.090115 
549 -1.090497 
2558 -1.091716 
75 -1.091807 
2900 -1.092749 
1497 -1.092802 
1225 -1.093179 
1744 -1.093588 
1219 -1.093932 
2551 -1.094018 
2736 -1.094243 
1375 -1.094717 
818 -1.095221 
2109 -1.095576 
247 -1.095685 
1603 -1.096428 
1197 -1.096972 
414 -1.097289 
1247 -1.097661 
1270 -1.097812 
871 -1.098071 
1672 -1.098319 
681 -1.098337 
1746 -1.098547 
937 -1.099041 
131 -1.099179 
2789 -1.100065 
1549 -1.100553 
631 -1.100985 
18 -1.101056 
2174 -1.101224 
1279 -1.101295 
585 -1.101304 
2573 -1.102593 
1134 -1.103411 
123 -1.104057 
1639 -1.104247 
400 -1.104303 
377 -1.104570 
745 -1.104609 
2526 -1.105703 
3003 -1.105776 
1902 -1.106769 
1223 -1.107509 
2981 -1.107943 
2738 -1.108158 
2512 -1.108940 
530 -1.109064 
824 -1.109295 
269 -1.110274 
2728 -1.110343 
1653 -1.111201 
1341 -1.111329 
159 -1.111531 
2398 -1.111600 
1322 -1.112355 
46 -1.112525 
699 -1.112569 
1865 -1.112687 
2482 -1.112764 
1144 -1.112946 
1415 -1.112964 
1312 -1.113180 
964 -1.113444 
1606 -1.113941 
501 -1.114543 
822 -1.116449 
1852 -1.116709 
95 -1.116756 
208 -1.117246 
539 -1.117251 
592 -1.117967 
665 -1.119267 
1889 -1.119657 
2848 -1.119700 
1661 -1.119708 
316 -1.119852 
2557 -1.119965 
2555 -1.119992 
464 -1.120004 
1013 -1.120125 
2062 -1.120441 
737 -1.120609 
24 -1.120873 
1667 -1.120999 
140 -1.121853 
830 -1.122637 
1170 -1.122660 
568 -1.123586 
2568 -1.124423 
515 -1.124703 
580 -1.125552 
2027 -1.125799 
1173 -1.126052 
2757 -1.126273 
2051 -1.126346 
1026 -1.127312 
2599 -1.128796 
2632 -1.129289 
772 -1.129483 
2223 -1.129710 
185 -1.129773 
1584 -1.130013 
2761 -1.130625 
2585 -1.130633 
147 -1.130719 
953 -1.131266 
2930 -1.131697 
933 -1.131752 
2158 -1.131910 
2349 -1.132041 
1691 -1.132687 
2878 -1.132736 
25 -1.132995 
3032 -1.133083 
2043 -1.133241 
1168 -1.133388 
329 -1.133449 
2466 -1.134140 
1307 -1.135495 
1720 -1.135556 
2813 -1.135913 
1966 -1.136085 
521 -1.136312 
246 -1.136479 
1253 -1.136961 
991 -1.137287 
2500 -1.137382 
1061 -1.137948 
2167 -1.138401 
930 -1.138668 
2765 -1.138803 
2800 -1.138937 
2554 -1.139226 
1987 -1.139532 
675 -1.139546 
1592 -1.139560 
1037 -1.140679 
1287 -1.141009 
1440 -1.141471 
2261 -1.141799 
2392 -1.141961 
93 -1.142197 
2807 -1.142345 
2550 -1.142451 
1085 -1.142584 
3041 -1.142904 
493 -1.143219 
2179 -1.143432 
1991 -1.143911 
2237 -1.144096 
2497 -1.144678 
270 -1.144897 
1175 -1.146118 
2121 -1.146131 
2403 -1.147000 
457 -1.147589 
1135 -1.147726 
887 -1.148369 
1211 -1.148505 
2094 -1.148622 
2425 -1.148703 
1264 -1.149782 
3006 -1.149823 
1319 -1.149842 
1353 -1.149954 
1518 -1.150956 
893 -1.151212 
14 -1.151611 
596 -1.152077 
496 -1.152397 
2532 -1.152629 
1673 -1.152715 
1782 -1.153033 
1390 -1.153773 
923 -1.153845 
2303 -1.154525 
2308 -1.154927 
552 -1.155439 
1727 -1.155575 
846 -1.155886 
479 -1.155915 
3061 -1.155939 
1682 -1.155999 
1695 -1.156535 
1840 -1.156799 
2137 -1.157101 
483 -1.157169 
1224 -1.157439 
1805 -1.158008 
1976 -1.158215 
1637 -1.158838 
2110 -1.159726 
2978 -1.160117 
1965 -1.160677 
2015 -1.161396 
2719 -1.161711 
119 -1.162760 
1624 -1.163037 
1359 -1.163161 
2515 -1.163458 
1781 -1.164815 
2325 -1.164990 
795 -1.165653 
47 -1.166007 
67 -1.166264 
1519 -1.166714 
2815 -1.167023 
2489 -1.167163 
2958 -1.167319 
2409 -1.167407 
3065 -1.167702 
926 -1.167710 
688 -1.167881 
2446 -1.168068 
2008 -1.168534 
398 -1.168779 
942 -1.169216 
2549 -1.169809 
2415 -1.171530 
508 -1.171980 
2889 -1.172021 
599 -1.172319 
1277 -1.172740 
56 -1.173148 
168 -1.173254 
2755 -1.173364 
880 -1.173636 
2194 -1.173746 
2057 -1.173803 
2101 -1.174710 
1209 -1.174715 
478 -1.174981 
3049 -1.175658 
2498 -1.176127 
88 -1.176332 
542 -1.176375 
863 -1.176508 
2956 -1.176658 
2281 -1.176833 
1420 -1.177045 
951 -1.177265 
1555 -1.178213 
1221 -1.178298 
57 -1.178505 
912 -1.178540 
101 -1.178704 
2745 -1.178746 
2768 -1.178865 
1218 -1.178895 
1442 -1.179148 
502 -1.179364 
1291 -1.179852 
1586 -1.180016 
1632 -1.180254 
816 -1.180266 
1123 -1.180530 
1397 -1.181236 
2931 -1.181688 
525 -1.181890 
1993 -1.182216 
2423 -1.182436 
2075 -1.182642 
643 -1.183381 
181 -1.183550 
2399 -1.183605 
1400 -1.184768 
1339 -1.184900 
520 -1.184986 
2076 -1.185210 
2061 -1.185662 
2443 -1.186260 
1183 -1.186476 
1997 -1.187208 
1265 -1.187533 
1499 -1.187575 
2711 -1.187623 
2014 -1.187747 
1867 -1.188261 
2706 -1.188412 
2614 -1.188890 
2351 -1.189218 
2979 -1.189565 
1714 -1.189995 
1461 -1.190043 
77 -1.190523 
2823 -1.190570 
2078 -1.190740 
2798 -1.190920 
690 -1.191105 
2301 -1.191188 
1333 -1.191255 
355 -1.191293 
2408 -1.191734 
1371 -1.192427 
1783 -1.193529 
1932 -1.193555 
331 -1.193737 
2222 -1.193837 
1228 -1.194183 
1293 -1.194477 
165 -1.194649 
1878 -1.194996 
977 -1.196505 
396 -1.196638 
1165 -1.196797 
2659 -1.197361 
1227 -1.197598 
3071 -1.197667 
1508 -1.197846 
1084 -1.197970 
1486 -1.198166 
2925 -1.198255 
2560 -1.198293 
2829 -1.198414 
1689 -1.198655 
2856 -1.199136 
1513 -1.199982 
827 -1.200135 
306 -1.200335 
2363 -1.200647 
2085 -1.200896 
2821 -1.200914 
2206 -1.201273 
1940 -1.202312 
153 -1.202558 
1532 -1.202768 
2704 -1.203152 
94 -1.203287 
1662 -1.203715 
2985 -1.203843 
2229 -1.203889 
2710 -1.203960 
190 -1.204541 
1671 -1.204637 
768 -1.204854 
340 -1.205299 
2344 -1.205392 
1038 -1.205441 
1680 -1.205826 
2825 -1.205969 
117 -1.206240 
601 -1.206335 
145 -1.206387 
2567 -1.206427 
2407 -1.206704 
2855 -1.207095 
2597 -1.207281 
2166 -1.207549 
1655 -1.207558 
1567 -1.207682 
2131 -1.207773 
574 -1.208349 
446 -1.208823 
899 -1.208985 
729 -1.209072 
1422 -1.209157 
712 -1.210128 
2123 -1.210332 
915 -1.211364 
1314 -1.211426 
418 -1.211474 
802 -1.211479 
1535 -1.212118 
1954 -1.212158 
1205 -1.213848 
2208 -1.214128 
2610 -1.214167 
2213 -1.214188 
1842 -1.214501 
317 -1.215061 
1337 -1.215086 
533 -1.215287 
429 -1.216033 
1936 -1.216042 
1272 -1.216320 
526 -1.216595 
2584 -1.216833 
149 -1.216913 
2350 -1.217145 
1318 -1.217268 
2487 -1.217726 
629 -1.218256 
559 -1.219084 
276 -1.219249 
1326 -1.219837 
853 -1.219880 
2352 -1.219893 
2263 -1.220336 
2750 -1.220410 
2635 -1.220482 
2866 -1.220870 
2647 -1.220917 
1509 -1.221420 
2090 -1.221644 
621 -1.222266 
1864 -1.222622 
505 -1.222972 
504 -1.223834 
2858 -1.223864 
575 -1.224166 
2201 -1.224241 
183 -1.224610 
210 -1.224707 
1174 -1.224763 
2875 -1.225088 
2479 -1.225723 
1 -1.225990 
1455 -1.226528 
1470 -1.226771 
697 -1.226907 
1732 -1.227344 
885 -1.227592 
2448 -1.228234 
3045 -1.228585 
2277 -1.228925 
2872 -1.228991 
2458 -1.228994 
68 -1.230998 
701 -1.231327 
1488 -1.231449 
1166 -1.231925 
1401 -1.231971 
1364 -1.232444 
2050 -1.233322 
626 -1.233879 
455 -1.234121 
1683 -1.234350 
187 -1.235024 
2026 -1.235457 
1560 -1.235543 
2701 -1.235570 
1342 -1.235716 
2933 -1.235983 
1327 -1.236180 
2069 -1.236410 
2934 -1.236852 
2029 -1.236902 
940 -1.237221 
959 -1.238094 
1403 -1.238303 
658 -1.238615 
2974 -1.238637 
1404 -1.238795 
73 -1.239165 
2093 -1.239299 
603 -1.239422 
2657 -1.240114 
498 -1.240323 
388 -1.240386 
141 -1.240474 
2314 -1.240518 
2364 -1.240731 
2472 -1.240925 
1250 -1.241110 
1389 -1.241301 
175 -1.241723 
453 -1.241795 
692 -1.241896 
2175 -1.242400 
1355 -1.242623 
1951 -1.242911 
1599 -1.243269 
2040 -1.243624 
72 -1.244089 
431 -1.244992 
786 -1.245117 
328 -1.245128 
2428 -1.245190 
1282 -1.245357 
2451 -1.245362 
869 -1.245397 
2414 -1.245641 
767 -1.245721 
2749 -1.245773 
2581 -1.245806 
2525 -1.245979 
2211 -1.246259 
1604 -1.246481 
799 -1.246517 
2623 -1.246547 
702 -1.246647 
2252 -1.246716 
2253 -1.246899 
1405 -1.247149 
2928 -1.247258 
1642 -1.247582 
1288 -1.247681 
1343 -1.249323 
2758 -1.249719 
868 -1.249755 
404 -1.249778 
467 -1.250621 
2430 -1.251711 
2991 -1.251764 
1260 -1.252151 
2782 -1.252436 
2644 -1.252898 
765 -1.253479 
1609 -1.253727 
180 -1.253784 
676 -1.254194 
245 -1.254232 
1204 -1.254484 
1525 -1.254554 
1819 -1.254598 
391 -1.254718 
543 -1.255610 
2048 -1.255654 
1086 -1.255691 
2770 -1.256142 
2397 -1.256290 
693 -1.256456 
62 -1.256573 
410 -1.256944 
1967 -1.257712 
841 -1.258259 
941 -1.258419 
2947 -1.258651 
2273 -1.258796 
1261 -1.259288 
2513 -1.259325 
1927 -1.259535 
2038 -1.259951 
653 -1.260608 
3033 -1.261010 
2463 -1.261490 
1550 -1.261552 
944 -1.261938 
2485 -1.262281 
645 -1.262293 
1734 -1.263431 
2335 -1.263569 
1275 -1.263747 
2371 -1.264445 
851 -1.264677 
1108 -1.265089 
638 -1.265860 
677 -1.265985 
2976 -1.266119 
2903 -1.266773 
50 -1.266878 
1660 -1.266942 
2870 -1.267021 
136 -1.267309 
540 -1.267349 
789 -1.268086 
3069 -1.268354 
649 -1.268849 
1133 -1.269173 
60 -1.269241 
883 -1.269326 
2837 -1.269511 
2733 -1.269543 
1298 -1.269970 
514 -1.270169 
1701 -1.270556 
537 -1.270837 
1365 -1.270874 
1598 -1.270920 
1757 -1.271423 
639 -1.271541 
957 -1.272485 
783 -1.272535 
1289 -1.273128 
2997 -1.273639 
407 -1.274085 
839 -1.274086 
781 -1.274128 
1717 -1.274343 
1646 -1.274486 
1199 -1.275196 
2162 -1.275372 
2228 -1.275410 
757 -1.276366 
1358 -1.276374 
2715 -1.276889 
523 -1.277240 
134 -1.277435 
687 -1.277489 
936 -1.277753 
1747 -1.277910 
2574 -1.278382 
3000 -1.278588 
1357 -1.278832 
2996 -1.278857 
2293 -1.279137 
1454 -1.280440 
1687 -1.280596 
278 -1.280625 
2047 -1.280901 
19 -1.281144 
158 -1.281333 
1121 -1.281349 
2984 -1.281358 
2876 -1.281719 
518 -1.281727 
2265 -1.281983 
2125 -1.282180 
989 -1.282967 
1561 -1.283206 
2212 -1.283596 
1417 -1.284204 
1074 -1.284417 
1686 -1.284429 
2927 -1.284653 
2182 -1.284661 
1973 -1.285268 
1583 -1.285281 
1677 -1.285324 
2453 -1.285414 
2850 -1.285805 
1285 -1.286362 
178 -1.286661 
2226 -1.286741 
1485 -1.286776 
2854 -1.287656 
2803 -1.287811 
13 -1.287922 
221 -1.288446 
2128 -1.288561 
2130 -1.288734 
2373 -1.288853 
511 -1.289016 
2563 -1.289366 
1636 -1.289648 
437 -1.289819 
825 -1.290096 
1317 -1.290526 
2052 -1.290775 
1829 -1.290814 
53 -1.291075 
1398 -1.291084 
2095 -1.291313 
1230 -1.291365 
2421 -1.291697 
1444 -1.291878 
2189 -1.292126 
2853 -1.292158 
1459 -1.292263 
2669 -1.292402 
1989 -1.292755 
1614 -1.293793 
2773 -1.294192 
644 -1.294485 
379 -1.294718 
114 -1.294864 
1998 -1.294971 
1613 -1.295404 
2375 -1.295405 
1235 -1.296140 
110 -1.296385 
2836 -1.296569 
451 -1.296696 
2683 -1.296762 
1308 -1.296924 
3024 -1.297168 
70 -1.297298 
2088 -1.297626 
967 -1.298079 
161 -1.298958 
1933 -1.299410 
2759 -1.299488 
2713 -1.299907 
562 -1.300244 
2031 -1.300314 
1331 -1.300775 
21 -1.302521 
509 -1.302664 
1099 -1.302960 
155 -1.303270 
1629 -1.303278 
76 -1.303318 
3023 -1.303381 
979 -1.303704 
2429 -1.303955 
209 -1.303968 
2357 -1.304536 
2020 -1.305156 
819 -1.305172 
191 -1.305173 
137 -1.305357 
2416 -1.305523 
895 -1.305779 
1669 -1.306262 
2317 -1.307080 
1111 -1.307267 
2940 -1.307324 
2741 -1.307474 
1630 -1.307561 
1233 -1.308030 
2707 -1.308045 
2419 -1.308387 
3021 -1.308645 
727 -1.309028 
1207 -1.309094 
1176 -1.310277 
1381 -1.310958 
342 -1.311021 
635 -1.311544 
1014 -1.311652 
2603 -1.311695 
1147 -1.311738 
3007 -1.311988 
703 -1.312291 
1876 -1.312307 
1792 -1.312471 
2365 -1.312500 
2562 -1.312619 
494 -1.312730 
2604 -1.312731 
922 -1.313083 
670 -1.313085 
909 -1.313464 
3028 -1.313689 
1210 -1.313718 
2766 -1.314055 
3035 -1.314539 
3047 -1.314707 
2053 -1.315080 
2618 -1.315513 
894 -1.316104 
1563 -1.316191 
1612 -1.316279 
2389 -1.316767 
439 -1.316799 
1937 -1.317398 
1122 -1.318305 
1939 -1.318718 
2743 -1.320104 
2444 -1.320603 
1309 -1.321110 
1237 -1.321223 
151 -1.321352 
1456 -1.321817 
2338 -1.321853 
2180 -1.322098 
2751 -1.322346 
1158 -1.323312 
2202 -1.323949 
2135 -1.324145 
3020 -1.324261 
1189 -1.324379 
1060 -1.324877 
1492 -1.324924 
2957 -1.324976 
124 -1.325036 
184 -1.325223 
3031 -1.325933 
876 -1.326160 
1618 -1.326218 
907 -1.326240 
2620 -1.326865 
2786 -1.327461 
2382 -1.327492 
2894 -1.327957 
1392 -1.328891 
2254 -1.328938 
1395 -1.329008 
1675 -1.329046 
1340 -1.329175 
770 -1.329753 
637 -1.330322 
484 -1.330447 
2033 -1.330742 
2377 -1.331163 
720 -1.331318 
1188 -1.331464 
432 -1.331523 
764 -1.331583 
1367 -1.331815 
2621 -1.331984 
600 -1.332005 
2018 -1.332542 
1938 -1.332722 
86 -1.333010 
2494 -1.333230 
892 -1.333496 
499 -1.333514 
304 -1.333921 
1650 -1.334019 
1501 -1.334535 
2622 -1.334613 
61 -1.334808 
1299 -1.335245 
2926 -1.335815 
1716 -1.335901 
1854 -1.336160 
1631 -1.336215 
258 -1.336218 
1471 -1.336384 
1974 -1.336465 
914 -1.336623 
104 -1.337471 
908 -1.337517 
1946 -1.337564 
1439 -1.337701 
837 -1.338212 
2834 -1.338294 
401 -1.338741 
1222 -1.338794 
1325 -1.339447 
2082 -1.339606 
91 -1.340137 
330 -1.340152 
1406 -1.340218 
2861 -1.340393 
1556 -1.340679 
1557 -1.340703 
2079 -1.341025 
1692 -1.341483 
1975 -1.341645 
1266 -1.343935 
2003 -1.344838 
2067 -1.344908 
2072 -1.345061 
465 -1.345186 
447 -1.345203 
2714 -1.345744 
2827 -1.346514 
2973 -1.346655 
2251 -1.346877 
28 -1.346902 
788 -1.347866 
1487 -1.348121 
950 -1.348210 
125 -1.348367 
2440 -1.348774 
1698 -1.349014 
2019 -1.349047 
170 -1.349091 
1295 -1.349261 
1437 -1.349564 
2808 -1.349574 
2124 -1.350066 
715 -1.350416 
199 -1.351005 
775 -1.351724 
1573 -1.351802 
1522 -1.351858 
1957 -1.351865 
2818 -1.351932 
156 -1.352441 
2811 -1.352480 
1941 -1.353209 
2794 -1.353495 
913 -1.353621 
648 -1.353763 
1278 -1.354548 
106 -1.355624 
37 -1.355817 
2238 -1.356110 
925 -1.356817 
2953 -1.356874 
402 -1.357253 
627 -1.357324 
2583 -1.357622 
1075 -1.357825 
931 -1.357918 
69 -1.358514 
2185 -1.358952 
1180 -1.359916 
671 -1.360110 
3044 -1.360328 
1186 -1.360340 
1628 -1.360468 
707 -1.360473 
2111 -1.360485 
1443 -1.360518 
573 -1.361283 
1685 -1.362285 
34 -1.362367 
1391 -1.363061 
365 -1.363576 
2845 -1.363842 
1990 -1.364280 
2099 -1.364500 
717 -1.364550 
445 -1.364978 
2937 -1.365536 
1745 -1.365551 
1281 -1.365749 
2005 -1.366400 
1901 -1.366524 
2459 -1.366860 
3022 -1.366863 
1607 -1.367301 
2901 -1.367503 
1656 -1.367556 
1412 -1.367561 
2030 -1.368086 
343 -1.368291 
1517 -1.369071 
280 -1.369192 
2001 -1.369331 
586 -1.369419 
2133 -1.370368 
256 -1.371016 
1564 -1.371423 
1841 -1.371507 
978 -1.371649 
866 -1.371950 
2514 -1.372369 
1036 -1.372525 
1831 -1.372802 
1943 -1.372872 
1706 -1.373376 
2990 -1.373585 
2806 -1.373647 
12 -1.373772 
1252 -1.373880 
2367 -1.374010 
2988 -1.374288 
872 -1.374472 
572 -1.374819 
590 -1.375126 
405 -1.375242 
1538 -1.375423 
2243 -1.375692 
2964 -1.375805 
1276 -1.376132 
927 -1.376281 
1866 -1.376315 
2658 -1.376557 
2233 -1.377000 
636 -1.377121 
785 -1.377365 
664 -1.377466 
2374 -1.377743 
1704 -1.378613 
490 -1.378835 
2939 -1.379202 
2165 -1.379465 
2216 -1.379667 
1690 -1.379865 
2462 -1.380521 
1370 -1.380546 
378 -1.380922 
2461 -1.381153 
886 -1.381488 
2587 -1.381493 
2893 -1.381709 
2322 -1.381924 
2897 -1.382252 
1460 -1.382778 
2323 -1.383120 
594 -1.383427 
2589 -1.383563 
2764 -1.383615 
1438 -1.383704 
1413 -1.383742 
2831 -1.383886 
1900 -1.384025 
2269 -1.384312 
724 -1.384482 
2413 -1.384488 
507 -1.385104 
2190 -1.385289 
441 -1.385751 
2411 -1.385857 
1154 -1.386159 
1634 -1.386341 
1915 -1.386962 
947 -1.387024 
1110 -1.387267 
438 -1.387269 
741 -1.387680 
2245 -1.387985 
2035 -1.389219 
1596 -1.389743 
595 -1.389878 
135 -1.391674 
294 -1.391828 
943 -1.391848 
1542 -1.392510 
2785 -1.392700 
805 -1.392823 
1711 -1.392986 
667 -1.393125 
2802 -1.393592 
516 -1.393785 
120 -1.393890 
2197 -1.394065 
2372 -1.394375 
1354 -1.395228 
1548 -1.395380 
877 -1.395537 
719 -1.395820 
1467 -1.395907 
2023 -1.396802 
2098 -1.398084 
1432 -1.398533 
2258 -1.398611 
81 -1.399097 
875 -1.399147 
709 -1.399669 
1496 -1.399767 
295 -1.399866 
460 -1.400112 
2028 -1.400404 
2572 -1.400675 
2385 -1.401111 
79 -1.401913 
435 -1.402097 
2495 -1.402119 
1652 -1.402215 
1320 -1.402655 
2989 -1.402683 
109 -1.402747 
1536 -1.402769 
2735 -1.402957 
1828 -1.403154 
1511 -1.403333 
519 -1.403692 
2267 -1.404483 
2723 -1.405457 
1465 -1.406385 
1645 -1.406630 
2239 -1.407307 
1475 -1.407340 
565 -1.407359 
462 -1.407397 
506 -1.407516 
1968 -1.408004 
733 -1.408150 
283 -1.408450 
2503 -1.408853 
1947 -1.409109 
454 -1.409156 
1286 -1.409261 
71 -1.409377 
1890 -1.409428 
2064 -1.409882 
806 -1.410127 
475 -1.410387 
2746 -1.410531 
2034 -1.410860 
2204 -1.410883 
2424 -1.411180 
1162 -1.411228 
406 -1.411297 
1853 -1.411719 
662 -1.411828 
1700 -1.411908 
1212 -1.411945 
354 -1.412009 
1552 -1.412205 
593 -1.412335 
1981 -1.412392 
2769 -1.413170 
1914 -1.413699 
2849 -1.413881 
1495 -1.414642 
2065 -1.414969 
397 -1.414999 
492 -1.415203 
884 -1.415254 
2331 -1.415329 
3037 -1.415358 
2486 -1.415601 
2328 -1.415752 
2646 -1.415958 
293 -1.416262 
932 -1.416454 
1267 -1.416733 
1469 -1.416786 
2702 -1.416989 
2899 -1.417011 
2760 -1.417873 
517 -1.417901 
1621 -1.418122 
83 -1.418242 
2184 -1.418438 
2231 -1.418916 
1830 -1.419191 
2200 -1.419370 
948 -1.419588 
945 -1.419608 
2402 -1.419827 
1640 -1.421049 
2869 -1.421297 
118 -1.421486 
2149 -1.421531 
954 -1.421666 
2017 -1.422615 
1694 -1.422620 
513 -1.422668 
2302 -1.422750 
2742 -1.423274 
1051 -1.423299 
1502 -1.423409 
292 -1.423441 
546 -1.424310 
2450 -1.425012 
685 -1.425439 
939 -1.425721 
1428 -1.425801 
2207 -1.426185 
307 -1.426587 
2054 -1.426807 
1463 -1.427039 
2483 -1.427424 
2724 -1.427508 
2801 -1.427685 
1570 -1.428500 
82 -1.428712 
2577 -1.428843 
36 -1.429148 
2041 -1.429161 
1617 -1.429419 
512 -1.429467 
582 -1.429481 
1999 -1.429504 
821 -1.429692 
1794 -1.429708 
2108 -1.430023 
1251 -1.430024 
2844 -1.430785 
659 -1.430932 
2709 -1.431789 
2941 -1.431945 
1324 -1.432782 
1983 -1.432926 
2980 -1.433062 
1723 -1.433687 
1622 -1.433855 
305 -1.434315 
244 -1.434920 
3019 -1.435070 
1477 -1.435151 
2952 -1.436056 
1816 -1.436187 
132 -1.436253 
198 -1.436405 
2824 -1.436450 
1879 -1.436607 
3059 -1.436725 
2948 -1.436939 
2771 -1.437269 
2914 -1.437806 
1526 -1.438348 
107 -1.438491 
452 -1.438593 
1780 -1.438847 
142 -1.438853 
3067 -1.439286 
955 -1.439346 
924 -1.439538 
2455 -1.439610 
2256 -1.439835 
528 -1.439900 
589 -1.439973 
1300 -1.440215 
731 -1.440530 
1678 -1.441052 
1597 -1.441633 
463 -1.441697 
2171 -1.441768 
2962 -1.441817 
2042 -1.442456 
2898 -1.442490 
78 -1.442812 
2744 -1.443324 
1649 -1.443352 
2993 -1.443690 
536 -1.444023 
2270 -1.444033 
1169 -1.444311 
840 -1.444658 
2580 -1.445246 
1132 -1.445497 
1185 -1.445765 
150 -1.445813 
2422 -1.445949 
1421 -1.445988 
1699 -1.446305 
654 -1.447045 
1451 -1.447115 
2172 -1.447594 
10 -1.448090 
1709 -1.448269 
2999 -1.448433 
1507 -1.449251 
2998 -1.449658 
1505 -1.450096 
1523 -1.450301 
1407 -1.450367 
1590 -1.450678 
3013 -1.450813 
1362 -1.450989 
1533 -1.451047 
1977 -1.451066 
130 -1.451086 
17 -1.451097 
3046 -1.451431 
487 -1.451643 
2502 -1.451653 
792 -1.451934 
2810 -1.452885 
1615 -1.452914 
2968 -1.453290 
2722 -1.453304 
100 -1.454083 
2299 -1.454633 
510 -1.454927 
1666 -1.455008 
2747 -1.455609 
162 -1.456248 
116 -1.456325 
2122 -1.456740 
482 -1.457888 
588 -1.458004 
2992 -1.458341 
27 -1.458430 
1187 -1.459118 
2879 -1.459269 
1807 -1.459388 
674 -1.459527 
1668 -1.460204 
2725 -1.460627 
1537 -1.461179 
1453 -1.461472 
1452 -1.461703 
1171 -1.462006 
2163 -1.462369 
2355 -1.462523 
2995 -1.462956 
2342 -1.463420 
2877 -1.463893 
63 -1.464280 
2816 -1.464336 
563 -1.464917 
1378 -1.465017 
532 -1.465347 
1942 -1.465614 
1715 -1.465826 
1571 -1.466367 
2437 -1.466389 
1361 -1.466545 
647 -1.466698 
2210 -1.466923 
538 -1.466984 
630 -1.467650 
740 -1.468055 
2596 -1.468337 
2740 -1.468408 
2420 -1.468456 
938 -1.468602 
1512 -1.469168 
1410 -1.469836 
2484 -1.469883 
874 -1.469899 
742 -1.470139 
2380 -1.470346 
1688 -1.470478 
966 -1.470550 
1793 -1.470556 
3005 -1.470573 
1735 -1.470762 
2404 -1.471555 
115 -1.471822 
2178 -1.472968 
3011 -1.473235 
2255 -1.473361 
1297 -1.473775 
1562 -1.475584 
456 -1.476526 
718 -1.476612 
919 -1.477213 
179 -1.477287 
1445 -1.477600 
744 -1.477665 
1448 -1.477910 
1024 -1.478745 
2867 -1.478883 
694 -1.478883 
2376 -1.479579 
2049 -1.480123 
1332 -1.480295 
2260 -1.480911 
2924 -1.481565 
2767 -1.481571 
51 -1.481798 
16 -1.481829 
2366 -1.482099 
1969 -1.482258 
2449 -1.482410 
829 -1.482629 
2227 -1.483030 
2386 -1.483053 
1978 -1.483154 
2081 -1.483300 
2181 -1.483626 
164 -1.483891 
1619 -1.483966 
878 -1.484127 
1232 -1.484537 
1930 -1.484600 
2147 -1.484705 
597 -1.484815 
2346 -1.485050 
2963 -1.485110 
1992 -1.485549 
2474 -1.485609 
394 -1.485769 
495 -1.485938 
1315 -1.486354 
1546 -1.486372 
2311 -1.486546 
1996 -1.486666 
469 -1.486831 
2812 -1.487396 
547 -1.488229 
1208 -1.488294 
695 -1.488358 
602 -1.488492 
2173 -1.488586 
2120 -1.488607 
2460 -1.488676 
2814 -1.488734 
2055 -1.489088 
1363 -1.489109 
766 -1.490347 
2890 -1.490671 
2136 -1.490771 
2068 -1.491077 
2445 -1.491257 
698 -1.491690 
2431 -1.491946 
1238 -1.492572 
1928 -1.492607 
1534 -1.493350 
2022 -1.493740 
889 -1.493991 
271 -1.494695 
1388 -1.495902 
598 -1.496025 
557 -1.496043 
2083 -1.496284 
2490 -1.496326 
1425 -1.496459 
186 -1.496582 
2917 -1.496781 
849 -1.496874 
901 -1.497031 
1979 -1.497072 
403 -1.497875 
2609 -1.498066 
1986 -1.498144 
1366 -1.498591 
497 -1.498962 
486 -1.499073 
710 -1.499407 
1855 -1.499448 
1087 -1.499514 
2971 -1.499557 
1352 -1.499600 
2304 -1.499770 
399 -1.500021 
173 -1.500557 
2275 -1.500592 
2860 -1.500616 
2949 -1.500776 
2006 -1.500937 
2682 -1.501307 
2321 -1.501469 
408 -1.501630 
1506 -1.501754 
2257 -1.501806 
2835 -1.502185 
2221 -1.503479 
2412 -1.504561 
834 -1.505206 
2961 -1.505590 
571 -1.506119 
1274 -1.506734 
1484 -1.506741 
127 -1.506801 
1643 -1.507129 
2909 -1.507268 
911 -1.509361 
691 -1.509843 
148 -1.510437 
318 -1.510532 
1684 -1.510562 
1313 -1.511552 
2183 -1.511619 
682 -1.514064 
3004 -1.514211 
1944 -1.514512 
2306 -1.514872 
2790 -1.515042 
1980 -1.515866 
2493 -1.515870 
1587 -1.516063 
2469 -1.516177 
2276 -1.516599 
3002 -1.516697 
2234 -1.516989 
1718 -1.517127 
844 -1.517745 
2561 -1.517994 
468 -1.518121 
1290 -1.519098 
749 -1.519129 
2712 -1.519282 
956 -1.519542 
364 -1.519684 
1651 -1.520026 
680 -1.520731 
22 -1.521235 
436 -1.521701 
133 -1.521768 
763 -1.521996 
2289 -1.522291 
1843 -1.522522 
1427 -1.523230 
2282 -1.523449 
1236 -1.523687 
1249 -1.524301 
2410 -1.524361 
2294 -1.524623 
2611 -1.524859 
2280 -1.525122 
1462 -1.525215 
2278 -1.525261 
1510 -1.525525 
2198 -1.525565 
2084 -1.525714 
2129 -1.526964 
2975 -1.527201 
2796 -1.528133 
2468 -1.528225 
610 -1.528329 
113 -1.529265 
2822 -1.529309 
2524 -1.529718 
900 -1.529753 
2056 -1.530358 
898 -1.531464 
1426 -1.531616 
1722 -1.531955 
2906 -1.532356 
2161 -1.533520 
1220 -1.533959 
722 -1.534090 
98 -1.534163 
847 -1.534194 
481 -1.534252 
988 -1.535865 
2817 -1.536118 
2010 -1.536946 
2593 -1.537051 
683 -1.538172 
1206 -1.538373 
1589 -1.538816 
2246 -1.538932 
2716 -1.539421 
2316 -1.539521 
2787 -1.539601 
2195 -1.540284 
696 -1.540852 
20 -1.541151 
870 -1.541182 
1610 -1.541786 
2383 -1.541815 
1254 -1.542122 
1972 -1.542533 
2387 -1.543315 
668 -1.543649 
1955 -1.543792 
2395 -1.544206 
2965 -1.544424 
2634 -1.545327 
2340 -1.545464 
2826 -1.546516 
2401 -1.546664 
2378 -1.546739 
669 -1.546782 
2477 -1.548451 
3048 -1.549659 
2232 -1.550030 
564 -1.550077 
2847 -1.550466 
257 -1.551237 
3034 -1.551537 
524 -1.551864 
796 -1.552044 
2434 -1.552136 
1489 -1.552635 
85 -1.553060 
754 -1.553105 
2002 -1.553305 
3038 -1.553987 
2141 -1.554024 
319 -1.554081 
2476 -1.555012 
2134 -1.555062 
1756 -1.555584 
3025 -1.557051 
1379 -1.557513 
2262 -1.558704 
1306 -1.560292 
54 -1.560718 
1356 -1.561164 
613 -1.561767 
442 -1.561841 
420 -1.562335 
2902 -1.563861 
881 -1.564474 
1284 -1.564766 
1280 -1.564966 
628 -1.565262 
2219 -1.565372 
1416 -1.565491 
1243 -1.565630 
1988 -1.566418 
612 -1.567178 
2447 -1.567434 
1608 -1.567622 
15 -1.569207 
1476 -1.569646 
794 -1.570115 
2406 -1.570269 
2070 -1.570548 
35 -1.570904 
730 -1.571125 
797 -1.571649 
1949 -1.571972 
2146 -1.572033 
2300 -1.572233 
1708 -1.573386 
163 -1.573455 
1633 -1.574334 
545 -1.574537 
2390 -1.574590 
2290 -1.575001 
1531 -1.575103 
1697 -1.575778 
2851 -1.576120 
2203 -1.576458 
2011 -1.576465 
2987 -1.576512 
2698 -1.576752 
1373 -1.576953 
2339 -1.577513 
2598 -1.577773 
2862 -1.579472 
1316 -1.580086 
2438 -1.580261 
611 -1.580468 
2888 -1.580777 
1605 -1.580823 
84 -1.580972 
59 -1.581007 
1681 -1.581172 
3053 -1.581492 
2788 -1.581570 
2341 -1.581699 
1231 -1.582155 
2236 -1.582448 
550 -1.582594 
1595 -1.583052 
1553 -1.583443 
2063 -1.584165 
1073 -1.585025 
642 -1.585417 
1025 -1.585507 
1654 -1.585797 
411 -1.586136 
1201 -1.586269 
220 -1.586721 
2799 -1.588618 
2970 -1.590697 
2570 -1.591144 
661 -1.591347 
58 -1.591438 
2220 -1.591944 
3058 -1.592203 
2986 -1.592540 
2690 -1.592545 
102 -1.593713 
2305 -1.594135 
803 -1.594647 
1012 -1.594977 
2150 -1.595040 
1626 -1.595119 
2266 -1.595584 
2138 -1.595795 
1544 -1.596246 
1693 -1.596507 
787 -1.597773 
3014 -1.598766 
2942 -1.599991 
2285 -1.600835 
2833 -1.601152 
2218 -1.601515 
1160 -1.602840 
66 -1.603323 
1098 -1.603512 
646 -1.603952 
831 -1.604267 
1159 -1.604275 
2842 -1.604352 
1466 -1.604682 
1663 -1.604776 
2164 -1.604806 
42 -1.605191 
1707 -1.605253 
2950 -1.605318 
2571 -1.605422 
2582 -1.605466 
850 -1.606214 
1578 -1.606251 
2539 -1.606743 
2126 -1.608054 
721 -1.608649 
2332 -1.608801 
854 -1.609405 
386 -1.609823 
108 -1.609856 
1620 -1.609943 
2774 -1.610010 
1585 -1.611585 
689 -1.612087 
1551 -1.612806 
444 -1.613191 
2904 -1.614023 
3043 -1.614329 
529 -1.614616 
1402 -1.615052 
1039 -1.615347 
625 -1.615951 
1478 -1.616276 
2892 -1.617447 
466 -1.618356 
1483 -1.619006 
2333 -1.619244 
2319 -1.620652 
1434 -1.621560 
1558 -1.622075 
566 -1.622603 
1146 -1.622625 
2470 -1.623791 
2972 -1.624219 
1334 -1.624598 
1350 -1.624612 
1670 -1.624649 
755 -1.624753 
605 -1.625521 
801 -1.625554 
739 -1.626448 
1971 -1.626768 
1393 -1.627104 
1468 -1.628372 
2106 -1.629043 
2426 -1.629089 
1311 -1.629370 
2548 -1.629407 
172 -1.629758 
74 -1.629845 
817 -1.630230 
3001 -1.630395 
1601 -1.631100 
2916 -1.631575 
1203 -1.633730 
804 -1.634220 
1713 -1.635442 
1638 -1.636632 
614 -1.637199 
2467 -1.637342 
234 -1.638512 
758 -1.638529 
2230 -1.639278 
1304 -1.639401 
1498 -1.639498 
97 -1.640068 
2291 -1.640439 
1956 -1.641107 
1242 -1.641214 
1627 -1.641277 
182 -1.641776 
2209 -1.642031 
726 -1.643096 
2358 -1.643591 
1179 -1.644069 
2225 -1.644350 
1435 -1.644893 
1429 -1.645021 
1922 -1.645359 
433 -1.646412 
790 -1.647291 
2361 -1.647666 
604 -1.647728 
412 -1.648516 
1588 -1.649081 
2244 -1.649282 
734 -1.649455 
2586 -1.649525 
413 -1.649591 
3062 -1.649797 
618 -1.649881 
2705 -1.650107 
2938 -1.650331 
2454 -1.650621 
1338 -1.650659 
1644 -1.650882 
920 -1.650949 
527 -1.651506 
2946 -1.652748 
2779 -1.653263 
2820 -1.653856 
2929 -1.655115 
1543 -1.655248 
1948 -1.655862 
2324 -1.656612 
2417 -1.656633 
769 -1.656737 
2668 -1.656771 
1494 -1.658966 
2102 -1.658992 
838 -1.659462 
152 -1.660484 
470 -1.660559 
2205 -1.660901 
1964 -1.661093 
2086 -1.661580 
1414 -1.662255 
2696 -1.662469 
235 -1.662887 
780 -1.663477 
1804 -1.663572 
700 -1.664053 
1771 -1.664259 
2852 -1.665141 
1436 -1.665452 
1935 -1.666397 
541 -1.667835 
2060 -1.668087 
2772 -1.669394 
1329 -1.669671 
774 -1.669743 
1382 -1.669850 
842 -1.670253 
2739 -1.673585 
2887 -1.673718 
890 -1.674275 
2918 -1.674514 
26 -1.674655 
390 -1.674944 
2695 -1.675317 
1226 -1.676242 
157 -1.677618 
6 -1.677829 
1430 -1.679164 
1572 -1.679819 
918 -1.681490 
1351 -1.681703 
1985 -1.681895 
1423 -1.682531 
2436 -1.684503 
2170 -1.684554 
2004 -1.684849 
2737 -1.685022 
2058 -1.685427 
3009 -1.685817 
421 -1.686532 
666 -1.687362 
561 -1.687621 
753 -1.687748 
684 -1.688127 
2107 -1.688905 
392 -1.690055 
428 -1.690870 
443 -1.693076 
1062 -1.693202 
2369 -1.693845 
2748 -1.693959 
122 -1.694690 
65 -1.696416 
2575 -1.696953 
534 -1.697288 
2118 -1.698501 
746 -1.698981 
458 -1.699397 
2756 -1.699559 
810 -1.699716 
814 -1.700506 
897 -1.701358 
2274 -1.701525 
1679 -1.703583 
2119 -1.706312 
548 -1.706389 
2100 -1.706529 
2456 -1.707485 
268 -1.707559 
570 -1.708233 
583 -1.708258 
2913 -1.708266 
1172 -1.709492 
2092 -1.709519 
1516 -1.710453 
1594 -1.711369 
3066 -1.711393 
2840 -1.711542 
1215 -1.711833 
859 -1.712446 
1500 -1.713571 
902 -1.713729 
1450 -1.714432 
2074 -1.715215 
3012 -1.715636 
2915 -1.716389 
2097 -1.717249 
1770 -1.718865 
2193 -1.719752 
2077 -1.720414 
1217 -1.722559 
2242 -1.722815 
2465 -1.723694 
714 -1.724226 
450 -1.725577 
2475 -1.727581 
2310 -1.727924 
812 -1.728188 
2959 -1.729160 
2330 -1.731869 
3050 -1.732055 
1181 -1.733161 
2868 -1.733776 
177 -1.734133 
826 -1.735392 
929 -1.735954 
2708 -1.735988 
2954 -1.736998 
708 -1.737075 
3042 -1.738375 
609 -1.739483 
3030 -1.740884 
449 -1.741772 
1994 -1.742567 
188 -1.742590 
2703 -1.744931 
865 -1.746169 
1167 -1.747247 
3057 -1.749674 
419 -1.751832 
52 -1.752269 
2491 -1.752384 
1377 -1.753562 
655 -1.755495 
2145 -1.755660 
1530 -1.755806 
1380 -1.756748 
762 -1.756914 
2932 -1.758532 
2091 -1.758946 
1521 -1.760495 
1818 -1.761450 
2196 -1.761678 
2140 -1.762170 
2754 -1.763524 
2268 -1.764413 
2326 -1.765603 
1457 -1.765617 
1665 -1.767097 
33 -1.767712 
2730 -1.768076 
934 -1.768675 
143 -1.770029 
1194 -1.771046 
1196 -1.771425 
49 -1.774001 
282 -1.774209 
858 -1.776104 
1263 -1.776928 
90 -1.779894 
2966 -1.780463 
1003 -1.782132 
2337 -1.785227 
3026 -1.785696 
2394 -1.787065 
1195 -1.789953 
7 -1.792027 
963 -1.792893 
2388 -1.795346 
1514 -1.797403 
1302 -1.797696 
811 -1.798807 
1724 -1.799321 
906 -1.799933 
427 -1.800965 
488 -1.803002 
2804 -1.803173 
2362 -1.807189 
1602 -1.807234 
1368 -1.807857 
820 -1.808504 
2732 -1.808529 
1153 -1.809104 
657 -1.809274 
1002 -1.809328 
577 -1.809673 
2396 -1.810890 
1323 -1.811505 
1926 -1.812686 
171 -1.813801 
1702 -1.814981 
2298 -1.815179 
852 -1.815262 
1418 -1.816008 
422 -1.816524 
1035 -1.817107 
2717 -1.817633 
1473 -1.818350 
3070 -1.818377 
2356 -1.821251 
2552 -1.821826 
279 -1.823176 
1490 -1.824418 
2865 -1.824759 
1396 -1.825730 
2731 -1.827820 
634 -1.827985 
2778 -1.828699 
2348 -1.830920 
522 -1.833210 
2481 -1.835587 
2284 -1.838068 
1345 -1.838311 
2538 -1.839663 
2874 -1.844240 
2923 -1.845813 
2148 -1.846687 
2046 -1.846693 
2753 -1.846804 
1372 -1.846834 
2191 -1.848494 
166 -1.848861 
417 -1.851073 
1658 -1.853027 
732 -1.853174 
267 -1.855569 
1574 -1.858433 
38 -1.860564 
776 -1.863055 
2442 -1.867550 
756 -1.868281 
1474 -1.870074 
3052 -1.870204 
2689 -1.870928 
1921 -1.875912 
92 -1.882018 
3036 -1.882151 
1148 -1.885756 
584 -1.886425 
660 -1.890281 
2945 -1.891893 
2694 -1.892516 
1569 -1.893625 
8 -1.896444 
620 -1.898974 
2721 -1.899236 
2559 -1.907921 
2012 -1.908257 
556 -1.910264 
1565 -1.911499 
476 -1.912838 
673 -1.913491 
2353 -1.915575 
2241 -1.915940 
1446 -1.916072 
1387 -1.916759 
738 -1.916837 
2177 -1.917400 
2154 -1.918363 
2250 -1.922328 
1136 -1.923280 
2838 -1.925283 
1674 -1.927180 
1482 -1.934444 
2762 -1.936136 
705 -1.937507 
2881 -1.938672 
1962 -1.939192 
3018 -1.945343 
3010 -1.945564 
2312 -1.946782 
138 -1.949218 
2156 -1.951909 
129 -1.952902 
2114 -1.954771 
1190 -1.955666 
833 -1.958115 
474 -1.958529 
2370 -1.960270 
2186 -1.962676 
1050 -1.963395 
641 -1.966296 
1441 -1.968964 
2908 -1.971794 
1346 -1.973904 
2433 -1.975363 
1953 -1.976327 
2859 -1.977589 
2886 -1.983669 
2977 -1.986150 
1386 -1.988256 
1088 -1.991893 
2576 -1.992827 
385 -1.993132 
1963 -1.995501 
2024 -1.999614 
706 -1.999962 
2113 -2.000190 
650 -2.004446 
2828 -2.004570 
2564 -2.004910 
1292 -2.012060 
2922 -2.013003 
860 -2.016530 
2292 -2.016624 
43 -2.017066 
29 -2.037477 
2499 -2.040117 
1004 -2.045035 
426 -2.049933 
272 -2.050982 
3060 -2.054222 
1011 -2.062654 
500 -2.065625 
2726 -2.067310 
748 -2.067590 
2792 -2.080375 
315 -2.092107 
1958 -2.098388 
2528 -2.099280 
2982 -2.102811 
1244 -2.102993 
1016 -2.108313 
1524 -2.109409 
2155 -2.110694 
2780 -2.113585 
619 -2.124508 
1143 -2.124611 
2535 -2.129083 
1100 -2.130009 
1767 -2.136127 
1409 -2.141372 
1268 -2.143219 
2347 -2.145642 
2588 -2.150889 
2882 -2.150996 
1052 -2.154754 
2619 -2.155543 
2036 -2.169243 
303 -2.205491 
678 -2.206615 
1580 -2.209058 
2595 -2.213935 
2214 -2.227618 
1808 -2.228686 
1047 -2.240705 
578 -2.241998 
231 -2.242805 
2523 -2.254257 
44 -2.261622 
987 -2.276576 
144 -2.287154 
555 -2.288177 
2607 -2.305363 
2672 -2.314994 
1815 -2.317876 
2547 -2.336287 
1023 -2.350415 
2612 -2.361152 
1579 -2.388711 
1851 -2.447345 
1803 -2.474492 
1256 -2.496821 
1731 -2.498321 
1028 -2.511377 
0 -2.554554 
1916 -2.555468 
968 -2.568329 
1839 -2.591396 
2600 -2.652866 
1791 -2.686214 
380 -2.689855 
1107 -2.792546 
224 -2.799699 
255 -2.801198 
999 -2.807819 
2679 -2.845546 
1911 -2.867480 
1064 -2.876404 
1040 -2.890068 
1760 -2.912125 
2624 -2.932478 
2631 -2.940594 
260 -2.942166 
284 -2.946356 
1071 -2.981381 
2684 -3.013847 
248 -3.015517 
992 -3.029846 
1076 -3.063639 
1059 -3.092779 
1820 -3.098337 
308 -3.160277 
1796 -3.199234 
1083 -3.205517 
980 -3.260184 
1112 -3.315198 
2540 -3.342354 
291 -3.349975 
1832 -3.358126 
375 -3.458010 
1887 -3.458668 
1784 -3.477911 
195 -3.496971 
320 -3.497361 
2516 -3.524930 
368 -3.617227 
1095 -3.646554 
2643 -3.701956 
2660 -3.731384 
1856 -3.775375 
2511 -3.838871 
1827 -3.886605 
1131 -4.033087 
1892 -4.061650 
1904 -4.079827 
2636 -4.098551 
1755 -4.139754 
296 -4.143582 
1844 -4.166500 
1772 -4.170328 
1124 -4.180625 
1863 -4.252261 
351 -4.314851 
2655 -4.347552 
1899 -4.442957 
1875 -4.447815 
2667 -4.492651 
327 -4.531366 
2648 -4.534261 
975 -4.602944 
219 -4.611410 
1779 -4.709683 
1119 -4.787467 
236 -4.791239 
332 -4.815220 
1868 -4.825354 
2504 -4.947214 
243 -4.989820 
200 -5.056173 
1748 -5.133969 
1736 -5.143768 
363 -5.372597 
339 -5.424274 
356 -5.506375 
1880 -5.567637 
1743 -5.595982 
207 -5.615510 
212 -5.654767 
344 -5.746771 
