1518 1
0 0.365690 
1 -0.323507 
2 0.147011 
3 -0.311975 
4 -0.424332 
5 -0.083039 
6 0.311148 
7 0.180746 
8 -0.052023 
9 0.466156 
10 0.147011 
11 -0.026194 
12 -0.311975 
13 -0.209032 
14 -0.209032 
15 -0.183940 
16 -0.385041 
17 -0.343270 
18 -0.046051 
19 -0.083039 
20 -0.052023 
21 -0.364365 
22 -0.302755 
23 -0.107741 
24 -0.026194 
25 -0.364365 
26 -0.040262 
27 -0.471877 
28 -0.083039 
29 -0.107741 
30 -0.421631 
31 0.305452 
32 0.453155 
33 -0.186936 
34 -0.209032 
35 -0.360290 
36 -0.364365 
37 0.305452 
38 0.130239 
39 -0.017939 
40 0.462666 
41 -0.040262 
42 -0.083039 
43 0.333054 
44 -0.127431 
45 -0.052023 
46 -0.471877 
47 0.171283 
48 -0.364365 
49 0.462666 
50 -0.271693 
51 -0.287633 
52 -0.472777 
53 -0.183940 
54 -0.471877 
55 0.462666 
56 0.308102 
57 -0.046051 
58 -0.360290 
59 0.368087 
60 0.252857 
61 -0.471877 
62 -0.044125 
63 0.466156 
64 -0.046051 
65 -0.106785 
66 -0.040262 
67 0.186150 
68 -0.385041 
69 -0.026194 
70 -0.083039 
71 -0.471877 
72 -0.364365 
73 -0.026194 
74 0.365690 
75 -0.360290 
76 -0.083039 
77 -0.311975 
78 -0.079243 
79 -0.142011 
80 0.162439 
81 0.171283 
82 -0.424332 
83 -0.385041 
84 -0.343270 
85 -0.183940 
86 0.171283 
87 -0.209032 
88 0.162439 
89 0.305452 
90 -0.323507 
91 -0.142011 
92 -0.311975 
93 0.186150 
94 0.126104 
95 0.302927 
96 0.305452 
97 -0.079243 
98 0.186150 
99 0.462666 
100 -0.271693 
101 -0.026194 
102 -0.046051 
103 -0.046051 
104 0.162439 
105 -0.323507 
106 0.171283 
107 -0.287633 
108 -0.287633 
109 -0.385041 
110 -0.046051 
111 -0.186936 
112 0.178292 
113 -0.343270 
114 -0.364365 
115 -0.343270 
116 -0.107741 
117 -0.417078 
118 -0.271693 
119 -0.302755 
120 0.466156 
121 0.171283 
122 0.453155 
123 -0.302755 
124 -0.052023 
125 0.233297 
126 -0.083039 
127 0.130239 
128 -0.079243 
129 0.383633 
130 -0.127431 
131 0.186150 
132 -0.302755 
133 0.453155 
134 -0.183940 
135 -0.323507 
136 -0.026194 
137 0.153587 
138 -0.083039 
139 0.126104 
140 -0.364365 
141 -0.404791 
142 -0.421631 
143 -0.303416 
144 -0.142011 
145 -0.107741 
146 -0.364365 
147 -0.127431 
148 0.178292 
149 0.462666 
150 0.186150 
151 -0.302755 
152 -0.311975 
153 -0.385041 
154 -0.142011 
155 -0.052023 
156 0.302927 
157 -0.052023 
158 0.453155 
159 -0.040262 
160 0.305452 
161 -0.079243 
162 0.162439 
163 0.180746 
164 -0.301640 
165 -0.079243 
166 -0.311975 
167 0.186150 
168 -0.010220 
169 0.305452 
170 0.311148 
171 -0.311975 
172 0.311148 
173 -0.186936 
174 0.171283 
175 0.233297 
176 -0.142011 
177 -0.245723 
178 0.445643 
179 -0.303416 
180 0.178292 
181 -0.010220 
182 0.383633 
183 -0.287633 
184 -0.471877 
185 0.153587 
186 0.462666 
187 0.311148 
188 -0.343270 
189 -0.323507 
190 -0.127431 
191 -0.421631 
192 -0.079243 
193 -0.385041 
194 0.162439 
195 0.476133 
196 -0.040262 
197 0.171283 
198 -0.250308 
199 -0.323507 
200 0.301282 
201 0.466156 
202 -0.107741 
203 -0.323507 
204 -0.106785 
205 -0.040262 
206 -0.388086 
207 0.333054 
208 -0.323507 
209 -0.107741 
210 -0.026194 
211 -0.083039 
212 -0.010220 
213 -0.472777 
214 0.162439 
215 0.171283 
216 -0.471877 
217 0.453155 
218 -0.106785 
219 0.453155 
220 0.252857 
221 -0.303416 
222 -0.209032 
223 -0.044125 
224 -0.385041 
225 0.474726 
226 -0.421631 
227 -0.183940 
228 0.186150 
229 0.311148 
230 -0.343270 
231 0.252857 
232 -0.052023 
233 -0.186936 
234 -0.303416 
235 -0.127431 
236 0.308102 
237 -0.127431 
238 -0.186936 
239 0.178292 
240 -0.044125 
241 -0.271693 
242 0.466156 
243 -0.079243 
244 -0.364365 
245 -0.271693 
246 -0.271693 
247 -0.127431 
248 0.333054 
249 -0.303416 
250 -0.079574 
251 0.466156 
252 0.462666 
253 0.162439 
254 -0.183940 
255 0.180623 
256 -0.385041 
257 0.365690 
258 0.453155 
259 -0.271693 
260 -0.104095 
261 -0.271693 
262 -0.302755 
263 -0.183940 
264 -0.142011 
265 -0.271693 
266 0.453155 
267 -0.479476 
268 -0.183940 
269 -0.142011 
270 0.311148 
271 0.126104 
272 -0.076094 
273 -0.364365 
274 -0.052023 
275 -0.079243 
276 -0.479476 
277 -0.311975 
278 -0.209032 
279 -0.323507 
280 -0.046051 
281 -0.142011 
282 0.126104 
283 0.462666 
284 -0.044125 
285 -0.360290 
286 -0.142011 
287 0.213877 
288 -0.083039 
289 0.466156 
290 -0.364365 
291 -0.302755 
292 -0.186936 
293 -0.196947 
294 0.178292 
295 -0.287633 
296 -0.186936 
297 -0.302755 
298 -0.201189 
299 0.252857 
300 0.178292 
301 0.213877 
302 0.252857 
303 -0.040262 
304 -0.052023 
305 -0.083039 
306 -0.250308 
307 0.115182 
308 0.308102 
309 -0.079243 
310 -0.076094 
311 -0.479476 
312 -0.183940 
313 0.365690 
314 0.252857 
315 -0.046051 
316 0.178292 
317 -0.303416 
318 -0.183940 
319 -0.209032 
320 -0.302755 
321 0.233297 
322 -0.472777 
323 -0.303416 
324 0.311148 
325 -0.052023 
326 0.178292 
327 -0.287633 
328 0.171283 
329 0.213877 
330 0.462666 
331 0.445643 
332 -0.323507 
333 0.180623 
334 -0.127431 
335 0.043092 
336 0.213877 
337 -0.079243 
338 -0.287633 
339 0.462666 
340 -0.421631 
341 -0.183940 
342 0.445643 
343 -0.364365 
344 -0.360290 
345 -0.040262 
346 0.466156 
347 -0.364365 
348 -0.107741 
349 0.180746 
350 -0.127431 
351 0.162439 
352 -0.026194 
353 0.252857 
354 0.445643 
355 0.265822 
356 -0.223465 
357 0.178292 
358 -0.186936 
359 0.445643 
360 -0.343270 
361 0.186150 
362 -0.311975 
363 -0.385041 
364 0.383633 
365 0.311148 
366 -0.388086 
367 -0.204578 
368 -0.421631 
369 -0.196947 
370 -0.472777 
371 -0.026194 
372 -0.186936 
373 -0.040262 
374 -0.417078 
375 -0.303416 
376 -0.083039 
377 0.186150 
378 0.162439 
379 -0.303416 
380 -0.223465 
381 -0.017939 
382 0.365690 
383 -0.250308 
384 0.180623 
385 0.186150 
386 -0.472777 
387 0.186150 
388 0.365690 
389 -0.196947 
390 0.271834 
391 0.311148 
392 0.311148 
393 -0.044125 
394 -0.142011 
395 -0.417078 
396 -0.127431 
397 0.305452 
398 -0.417078 
399 -0.142011 
400 -0.388086 
401 -0.204578 
402 -0.183940 
403 0.453155 
404 -0.343270 
405 0.186150 
406 -0.052023 
407 -0.271693 
408 0.233297 
409 -0.471877 
410 -0.079243 
411 -0.385041 
412 -0.364365 
413 -0.209032 
414 0.466156 
415 0.365690 
416 0.162439 
417 -0.040262 
418 0.305452 
419 0.453155 
420 0.333054 
421 0.162439 
422 -0.107741 
423 0.147011 
424 -0.250308 
425 0.368087 
426 0.311148 
427 0.186150 
428 0.448810 
429 0.462666 
430 -0.017939 
431 -0.083039 
432 0.305452 
433 0.311148 
434 0.308102 
435 -0.223465 
436 0.365690 
437 0.178292 
438 0.462666 
439 0.171283 
440 0.171283 
441 0.180746 
442 0.043092 
443 0.252857 
444 0.305452 
445 -0.343270 
446 0.180746 
447 -0.271693 
448 0.186150 
449 -0.311975 
450 -0.186936 
451 -0.079243 
452 -0.271693 
453 -0.471877 
454 -0.183940 
455 0.233297 
456 -0.364365 
457 -0.186936 
458 0.305452 
459 0.043092 
460 0.180746 
461 -0.381444 
462 -0.079243 
463 0.462666 
464 -0.471877 
465 -0.186936 
466 -0.271693 
467 0.301282 
468 0.126104 
469 -0.183940 
470 -0.183940 
471 0.178292 
472 -0.026194 
473 -0.421631 
474 -0.303416 
475 0.333054 
476 -0.186936 
477 0.233297 
478 -0.404791 
479 0.216030 
480 -0.303416 
481 -0.046051 
482 -0.040262 
483 -0.360290 
484 -0.186936 
485 -0.127431 
486 -0.360290 
487 -0.388086 
488 -0.471877 
489 0.213877 
490 -0.044125 
491 -0.311975 
492 -0.104095 
493 -0.142011 
494 0.213877 
495 -0.052023 
496 -0.142011 
497 0.462666 
498 -0.183940 
499 0.305452 
500 0.365690 
501 -0.343270 
502 0.305452 
503 -0.052023 
504 -0.360290 
505 0.445643 
506 0.171283 
507 0.186150 
508 -0.079243 
509 -0.052023 
510 0.171283 
511 -0.471877 
512 -0.186936 
513 -0.271693 
514 -0.183940 
515 -0.287633 
516 -0.046051 
517 0.311148 
518 -0.127431 
519 0.474726 
520 -0.323507 
521 -0.471877 
522 0.178292 
523 -0.083039 
524 -0.017939 
525 -0.385041 
526 -0.076094 
527 -0.385041 
528 -0.323507 
529 -0.250308 
530 0.216030 
531 0.180746 
532 0.252857 
533 0.308102 
534 0.233297 
535 0.153587 
536 -0.026194 
537 -0.364365 
538 -0.223465 
539 0.252857 
540 0.180746 
541 0.178292 
542 0.466156 
543 0.252857 
544 0.178292 
545 -0.360290 
546 -0.052023 
547 0.365690 
548 -0.026194 
549 0.308102 
550 0.180746 
551 -0.026194 
552 0.213877 
553 -0.052023 
554 -0.223465 
555 -0.424332 
556 -0.010220 
557 -0.040262 
558 0.186150 
559 0.115182 
560 0.308102 
561 -0.360290 
562 -0.360290 
563 -0.343270 
564 -0.471877 
565 0.308102 
566 -0.250308 
567 -0.107741 
568 -0.311975 
569 -0.364365 
570 -0.204578 
571 0.305452 
572 -0.323507 
573 -0.026194 
574 0.302927 
575 -0.404791 
576 0.043092 
577 0.368087 
578 -0.360290 
579 0.302927 
580 0.305452 
581 -0.471877 
582 -0.183940 
583 -0.479476 
584 -0.343270 
585 -0.271693 
586 -0.142011 
587 -0.010220 
588 -0.052023 
589 0.171283 
590 -0.472777 
591 0.213877 
592 0.453155 
593 -0.142011 
594 0.153587 
595 -0.303416 
596 -0.083039 
597 -0.083039 
598 0.186150 
599 0.180746 
600 -0.287633 
601 -0.052023 
602 -0.046051 
603 -0.079243 
604 -0.287633 
605 -0.303416 
606 -0.142011 
607 -0.209032 
608 -0.127431 
609 -0.142011 
610 -0.323507 
611 -0.107741 
612 0.308102 
613 0.466156 
614 0.252857 
615 -0.209032 
616 0.180746 
617 -0.303416 
618 -0.360290 
619 -0.424332 
620 0.466156 
621 0.252857 
622 -0.183940 
623 0.130239 
624 -0.104095 
625 -0.052023 
626 0.252857 
627 0.233297 
628 -0.083039 
629 -0.302755 
630 -0.302755 
631 -0.127431 
632 0.305452 
633 0.252857 
634 0.453155 
635 -0.303416 
636 -0.302755 
637 0.252857 
638 0.162439 
639 -0.311975 
640 0.466156 
641 -0.302755 
642 -0.186936 
643 -0.479476 
644 -0.245723 
645 -0.381444 
646 -0.107741 
647 -0.204578 
648 -0.044125 
649 -0.142011 
650 0.311148 
651 0.180623 
652 -0.301640 
653 -0.385041 
654 -0.106785 
655 0.311148 
656 0.043092 
657 -0.385041 
658 -0.026194 
659 0.453155 
660 0.474726 
661 -0.364365 
662 -0.026194 
663 0.171283 
664 0.445643 
665 0.186150 
666 -0.127431 
667 -0.040262 
668 -0.360290 
669 -0.360290 
670 0.126104 
671 -0.107741 
672 0.305452 
673 -0.026194 
674 -0.381444 
675 0.186150 
676 0.180746 
677 -0.183940 
678 0.365690 
679 -0.343270 
680 -0.287633 
681 0.162439 
682 0.333054 
683 -0.046051 
684 0.445643 
685 -0.196947 
686 -0.311975 
687 -0.421631 
688 -0.046051 
689 0.365690 
690 -0.142011 
691 -0.323507 
692 -0.196947 
693 0.445643 
694 -0.196947 
695 0.180746 
696 0.311148 
697 0.445643 
698 0.445643 
699 -0.017939 
700 -0.271693 
701 -0.421631 
702 -0.044125 
703 -0.385041 
704 -0.052023 
705 0.311148 
706 0.453155 
707 -0.424332 
708 0.130239 
709 0.130239 
710 -0.302755 
711 -0.360290 
712 -0.323507 
713 -0.083039 
714 -0.404791 
715 0.474726 
716 -0.083039 
717 -0.471877 
718 0.233297 
719 -0.127431 
720 0.186150 
721 -0.302755 
722 -0.107741 
723 -0.343270 
724 -0.046051 
725 -0.250308 
726 -0.250308 
727 0.453155 
728 0.311148 
729 -0.127431 
730 0.453155 
731 -0.250308 
732 -0.343270 
733 -0.026194 
734 -0.385041 
735 0.162439 
736 -0.472777 
737 -0.076094 
738 -0.183940 
739 -0.360290 
740 -0.471877 
741 0.311148 
742 0.365690 
743 -0.186936 
744 -0.079243 
745 0.305452 
746 -0.311975 
747 -0.385041 
748 -0.026194 
749 0.162439 
750 0.453155 
751 -0.052023 
752 -0.079243 
753 -0.302755 
754 -0.040262 
755 -0.186936 
756 0.180623 
757 -0.287633 
758 -0.250308 
759 -0.417078 
760 -0.196947 
761 -0.471877 
762 0.178292 
763 -0.421631 
764 0.180623 
765 -0.127431 
766 0.302927 
767 -0.343270 
768 -0.052023 
769 -0.026194 
770 -0.303416 
771 -0.107741 
772 0.308102 
773 -0.385041 
774 0.162439 
775 0.445643 
776 0.466156 
777 -0.107741 
778 -0.127431 
779 0.180746 
780 -0.271693 
781 -0.424332 
782 -0.186936 
783 -0.271693 
784 -0.046051 
785 0.180746 
786 0.213877 
787 0.308102 
788 -0.040262 
789 0.180746 
790 -0.385041 
791 -0.127431 
792 0.453155 
793 -0.287633 
794 -0.323507 
795 0.171283 
796 0.466156 
797 -0.079574 
798 0.305452 
799 -0.404791 
800 -0.183940 
801 -0.303416 
802 0.453155 
803 -0.421631 
804 0.365690 
805 -0.076094 
806 0.162439 
807 -0.271693 
808 0.213877 
809 -0.303416 
810 -0.107741 
811 -0.127431 
812 0.213877 
813 0.365690 
814 0.333054 
815 -0.302755 
816 0.474726 
817 -0.323507 
818 0.180746 
819 0.462666 
820 -0.471877 
821 -0.017939 
822 -0.052023 
823 0.186150 
824 -0.046051 
825 0.115182 
826 -0.471877 
827 0.453155 
828 -0.343270 
829 0.213877 
830 0.180746 
831 0.186150 
832 0.180746 
833 -0.364365 
834 -0.301640 
835 -0.421631 
836 0.180623 
837 -0.417078 
838 -0.026194 
839 -0.343270 
840 0.115182 
841 0.252857 
842 -0.421631 
843 -0.343270 
844 -0.271693 
845 -0.083039 
846 0.311148 
847 0.305452 
848 -0.311975 
849 0.186150 
850 -0.026194 
851 -0.017939 
852 0.186150 
853 -0.302755 
854 -0.303416 
855 -0.044125 
856 0.466156 
857 0.147011 
858 -0.026194 
859 0.178292 
860 0.233297 
861 -0.044125 
862 0.178292 
863 0.147011 
864 0.365690 
865 0.147011 
866 -0.046051 
867 -0.381444 
868 0.171283 
869 -0.301640 
870 -0.364365 
871 -0.471877 
872 -0.385041 
873 -0.076094 
874 0.333054 
875 0.462666 
876 0.305452 
877 0.462666 
878 0.213877 
879 -0.186936 
880 -0.127431 
881 -0.302755 
882 0.186150 
883 -0.381444 
884 -0.044125 
885 -0.046051 
886 0.466156 
887 0.130239 
888 -0.364365 
889 -0.385041 
890 -0.046051 
891 0.162439 
892 0.180746 
893 0.162439 
894 -0.106785 
895 0.180746 
896 -0.107741 
897 -0.302755 
898 -0.046051 
899 -0.107741 
900 -0.385041 
901 -0.142011 
902 -0.323507 
903 -0.183940 
904 -0.046051 
905 -0.107741 
906 -0.010220 
907 -0.223465 
908 -0.287633 
909 -0.479476 
910 -0.287633 
911 -0.271693 
912 -0.079574 
913 -0.287633 
914 -0.343270 
915 -0.343270 
916 0.171283 
917 -0.479476 
918 -0.186936 
919 0.474726 
920 -0.364365 
921 -0.052023 
922 -0.385041 
923 -0.127431 
924 -0.343270 
925 -0.142011 
926 0.365690 
927 0.311148 
928 0.178292 
929 -0.471877 
930 -0.479476 
931 -0.201189 
932 -0.287633 
933 -0.385041 
934 -0.271693 
935 -0.196947 
936 0.252857 
937 -0.271693 
938 -0.209032 
939 -0.223465 
940 -0.186936 
941 0.213877 
942 0.365690 
943 -0.083039 
944 -0.471877 
945 -0.311975 
946 -0.343270 
947 -0.079243 
948 0.453155 
949 0.171283 
950 0.178292 
951 -0.421631 
952 -0.388086 
953 0.126104 
954 0.302927 
955 0.213877 
956 -0.106785 
957 -0.323507 
958 0.162439 
959 0.365690 
960 0.162439 
961 -0.421631 
962 0.311148 
963 0.302927 
964 0.213877 
965 -0.209032 
966 -0.079243 
967 -0.364365 
968 -0.250308 
969 -0.044125 
970 0.365690 
971 -0.302755 
972 0.180746 
973 -0.302755 
974 -0.052023 
975 -0.301640 
976 -0.417078 
977 -0.311975 
978 -0.107741 
979 0.186150 
980 -0.479476 
981 -0.421631 
982 -0.311975 
983 -0.040262 
984 0.383633 
985 -0.343270 
986 -0.385041 
987 -0.287633 
988 -0.471877 
989 0.153587 
990 -0.107741 
991 -0.142011 
992 0.171283 
993 0.308102 
994 0.311148 
995 0.043092 
996 0.178292 
997 -0.186936 
998 -0.223465 
999 0.453155 
1000 0.171283 
1001 -0.026194 
1002 0.365690 
1003 -0.076094 
1004 0.302927 
1005 0.453155 
1006 0.162439 
1007 0.252857 
1008 0.383633 
1009 0.252857 
1010 -0.323507 
1011 0.162439 
1012 -0.186936 
1013 -0.186936 
1014 -0.323507 
1015 -0.472777 
1016 0.180746 
1017 0.178292 
1018 -0.323507 
1019 0.115182 
1020 -0.079243 
1021 -0.271693 
1022 -0.271693 
1023 0.365690 
1024 -0.364365 
1025 -0.052023 
1026 -0.186936 
1027 -0.472777 
1028 0.466156 
1029 -0.079243 
1030 0.311148 
1031 0.311148 
1032 -0.046051 
1033 0.383633 
1034 0.305452 
1035 0.365690 
1036 0.186150 
1037 0.453155 
1038 -0.385041 
1039 -0.052023 
1040 -0.083039 
1041 -0.186936 
1042 -0.364365 
1043 -0.311975 
1044 0.153587 
1045 -0.106785 
1046 -0.142011 
1047 0.213877 
1048 0.126104 
1049 -0.026194 
1050 0.147011 
1051 0.126104 
1052 0.365690 
1053 -0.323507 
1054 -0.079243 
1055 -0.046051 
1056 0.305452 
1057 0.162439 
1058 -0.360290 
1059 -0.323507 
1060 0.311148 
1061 -0.364365 
1062 -0.083039 
1063 -0.271693 
1064 0.453155 
1065 -0.303416 
1066 0.178292 
1067 -0.343270 
1068 -0.364365 
1069 0.476133 
1070 -0.183940 
1071 -0.471877 
1072 -0.421631 
1073 0.213877 
1074 -0.017939 
1075 -0.471877 
1076 0.453155 
1077 -0.424332 
1078 -0.360290 
1079 0.383633 
1080 -0.323507 
1081 0.180746 
1082 -0.079243 
1083 -0.079243 
1084 -0.223465 
1085 0.301282 
1086 0.153587 
1087 0.308102 
1088 -0.186936 
1089 0.180746 
1090 0.171283 
1091 -0.083039 
1092 0.462666 
1093 -0.046051 
1094 0.162439 
1095 -0.303416 
1096 -0.302755 
1097 0.171283 
1098 -0.044125 
1099 -0.303416 
1100 -0.421631 
1101 -0.311975 
1102 -0.079243 
1103 -0.046051 
1104 -0.026194 
1105 0.308102 
1106 0.466156 
1107 0.462666 
1108 0.311148 
1109 -0.404791 
1110 0.466156 
1111 -0.287633 
1112 -0.302755 
1113 -0.104095 
1114 -0.107741 
1115 -0.079243 
1116 0.466156 
1117 0.162439 
1118 -0.287633 
1119 -0.471877 
1120 -0.302755 
1121 -0.471877 
1122 -0.381444 
1123 -0.107741 
1124 -0.271693 
1125 0.305452 
1126 0.445643 
1127 -0.196947 
1128 -0.472777 
1129 -0.385041 
1130 -0.364365 
1131 -0.186936 
1132 0.162439 
1133 0.311148 
1134 -0.302755 
1135 -0.196947 
1136 0.162439 
1137 0.162439 
1138 -0.052023 
1139 0.302927 
1140 -0.311975 
1141 -0.026194 
1142 0.311148 
1143 -0.204578 
1144 0.186150 
1145 0.365690 
1146 -0.424332 
1147 0.445643 
1148 -0.040262 
1149 0.383633 
1150 0.453155 
1151 -0.044125 
1152 -0.381444 
1153 -0.107741 
1154 -0.385041 
1155 0.186150 
1156 0.462666 
1157 -0.417078 
1158 -0.287633 
1159 0.162439 
1160 0.180746 
1161 -0.323507 
1162 -0.404791 
1163 -0.083039 
1164 0.178292 
1165 -0.271693 
1166 -0.186936 
1167 0.462666 
1168 0.178292 
1169 -0.303416 
1170 -0.364365 
1171 -0.104095 
1172 0.180746 
1173 0.162439 
1174 -0.076094 
1175 -0.107741 
1176 0.252857 
1177 0.365690 
1178 -0.385041 
1179 -0.311975 
1180 -0.271693 
1181 -0.046051 
1182 -0.083039 
1183 0.302927 
1184 0.162439 
1185 0.474726 
1186 -0.471877 
1187 -0.303416 
1188 0.126104 
1189 -0.424332 
1190 0.171283 
1191 -0.471877 
1192 -0.104095 
1193 0.305452 
1194 -0.079243 
1195 0.365690 
1196 -0.040262 
1197 0.147011 
1198 0.043092 
1199 0.180746 
1200 -0.079243 
1201 -0.183940 
1202 -0.381444 
1203 0.180746 
1204 0.130239 
1205 -0.076094 
1206 0.466156 
1207 0.311148 
1208 0.153587 
1209 0.115182 
1210 -0.204578 
1211 0.213877 
1212 0.186150 
1213 -0.385041 
1214 -0.142011 
1215 -0.364365 
1216 0.305452 
1217 -0.026194 
1218 -0.104095 
1219 0.043092 
1220 -0.183940 
1221 0.383633 
1222 -0.303416 
1223 -0.301640 
1224 -0.301640 
1225 0.162439 
1226 0.147011 
1227 -0.323507 
1228 -0.421631 
1229 -0.040262 
1230 0.453155 
1231 -0.343270 
1232 0.178292 
1233 -0.381444 
1234 0.213877 
1235 -0.183940 
1236 -0.421631 
1237 -0.044125 
1238 -0.301640 
1239 -0.026194 
1240 -0.311975 
1241 -0.052023 
1242 0.115182 
1243 0.186150 
1244 0.178292 
1245 0.466156 
1246 -0.107741 
1247 -0.052023 
1248 -0.323507 
1249 -0.271693 
1250 0.474726 
1251 -0.079243 
1252 0.115182 
1253 -0.250308 
1254 -0.083039 
1255 -0.127431 
1256 -0.385041 
1257 0.130239 
1258 -0.385041 
1259 0.252857 
1260 -0.311975 
1261 0.186150 
1262 0.186150 
1263 -0.186936 
1264 0.311148 
1265 -0.287633 
1266 0.445643 
1267 -0.311975 
1268 -0.424332 
1269 0.171283 
1270 -0.107741 
1271 -0.287633 
1272 -0.083039 
1273 -0.302755 
1274 -0.343270 
1275 -0.127431 
1276 -0.323507 
1277 0.171283 
1278 0.171283 
1279 -0.040262 
1280 -0.127431 
1281 0.462666 
1282 -0.186936 
1283 -0.311975 
1284 -0.287633 
1285 0.233297 
1286 -0.040262 
1287 0.466156 
1288 -0.052023 
1289 -0.186936 
1290 -0.183940 
1291 -0.364365 
1292 -0.364365 
1293 0.213877 
1294 -0.301640 
1295 0.311148 
1296 0.178292 
1297 -0.417078 
1298 0.252857 
1299 -0.364365 
1300 -0.303416 
1301 -0.303416 
1302 -0.046051 
1303 0.466156 
1304 -0.040262 
1305 -0.046051 
1306 0.213877 
1307 -0.404791 
1308 -0.343270 
1309 -0.311975 
1310 -0.303416 
1311 -0.343270 
1312 -0.079574 
1313 0.213877 
1314 0.453155 
1315 -0.271693 
1316 0.252857 
1317 0.213877 
1318 0.213877 
1319 0.365690 
1320 -0.106785 
1321 -0.104095 
1322 -0.311975 
1323 -0.044125 
1324 0.180623 
1325 -0.302755 
1326 0.213877 
1327 0.474726 
1328 -0.040262 
1329 -0.040262 
1330 0.462666 
1331 0.466156 
1332 -0.471877 
1333 -0.046051 
1334 -0.104095 
1335 0.162439 
1336 -0.183940 
1337 -0.076094 
1338 -0.250308 
1339 -0.385041 
1340 -0.287633 
1341 0.365690 
1342 0.213877 
1343 -0.026194 
1344 -0.303416 
1345 -0.271693 
1346 -0.107741 
1347 -0.046051 
1348 -0.010220 
1349 -0.303416 
1350 -0.076094 
1351 -0.186936 
1352 -0.079243 
1353 0.115182 
1354 0.126104 
1355 0.147011 
1356 0.186150 
1357 -0.385041 
1358 0.252857 
1359 0.180746 
1360 -0.106785 
1361 0.365690 
1362 0.162439 
1363 0.311148 
1364 0.466156 
1365 0.305452 
1366 -0.385041 
1367 -0.223465 
1368 0.445643 
1369 -0.183940 
1370 0.115182 
1371 0.445643 
1372 -0.142011 
1373 -0.323507 
1374 0.252857 
1375 0.162439 
1376 -0.046051 
1377 0.233297 
1378 0.147011 
1379 0.305452 
1380 0.180623 
1381 -0.142011 
1382 -0.385041 
1383 0.171283 
1384 -0.302755 
1385 0.186150 
1386 0.365690 
1387 0.466156 
1388 -0.186936 
1389 -0.046051 
1390 0.180746 
1391 -0.323507 
1392 0.171283 
1393 0.178292 
1394 -0.186936 
1395 -0.040262 
1396 0.466156 
1397 -0.026194 
1398 -0.104095 
1399 -0.104095 
1400 -0.271693 
1401 -0.303416 
1402 -0.364365 
1403 0.180623 
1404 -0.010220 
1405 -0.343270 
1406 0.383633 
1407 -0.079243 
1408 0.171283 
1409 -0.302755 
1410 0.302927 
1411 -0.343270 
1412 -0.479476 
1413 -0.044125 
1414 0.153587 
1415 0.365690 
1416 -0.046051 
1417 0.453155 
1418 -0.079243 
1419 -0.323507 
1420 -0.186936 
1421 -0.472777 
1422 -0.083039 
1423 -0.302755 
1424 0.466156 
1425 -0.196947 
1426 0.383633 
1427 -0.046051 
1428 -0.471877 
1429 -0.471877 
1430 0.308102 
1431 -0.201189 
1432 -0.471877 
1433 -0.079243 
1434 0.365690 
1435 0.365690 
1436 0.305452 
1437 0.311148 
1438 -0.127431 
1439 0.308102 
1440 0.462666 
1441 -0.142011 
1442 0.180746 
1443 -0.301640 
1444 -0.404791 
1445 -0.026194 
1446 -0.323507 
1447 0.213877 
1448 -0.104095 
1449 -0.323507 
1450 0.180746 
1451 0.462666 
1452 -0.385041 
1453 -0.010220 
1454 -0.303416 
1455 0.178292 
1456 0.252857 
1457 0.252857 
1458 0.308102 
1459 0.365690 
1460 -0.302755 
1461 -0.017939 
1462 0.180746 
1463 -0.472777 
1464 -0.186936 
1465 -0.360290 
1466 0.308102 
1467 -0.471877 
1468 -0.471877 
1469 -0.186936 
1470 -0.107741 
1471 0.233297 
1472 -0.343270 
1473 0.453155 
1474 -0.052023 
1475 -0.472777 
1476 -0.046051 
1477 0.305452 
1478 -0.343270 
1479 -0.026194 
1480 -0.107741 
1481 -0.311975 
1482 -0.079243 
1483 -0.040262 
1484 -0.471877 
1485 0.311148 
1486 -0.381444 
1487 0.153587 
1488 -0.471877 
1489 0.466156 
1490 0.252857 
1491 -0.381444 
1492 -0.142011 
1493 -0.026194 
1494 -0.302755 
1495 0.445643 
1496 0.308102 
1497 -0.017939 
1498 -0.311975 
1499 -0.479476 
1500 -0.388086 
1501 -0.083039 
1502 -0.052023 
1503 0.305452 
1504 -0.364365 
1505 0.462666 
1506 -0.381444 
1507 -0.183940 
1508 -0.196947 
1509 -0.287633 
1510 -0.311975 
1511 0.252857 
1512 0.216030 
1513 0.180623 
1514 0.252857 
1515 -0.107741 
1516 -0.479476 
1517 0.162439 
