2132 1
1858 0.499064 
1872 0.498493 
0 0.497463 
1257 0.487696 
1359 0.487696 
1526 0.487696 
1565 0.487696 
1595 0.487696 
1497 0.487696 
481 0.487696 
114 0.487696 
365 0.487696 
1396 0.487696 
240 0.487696 
1297 0.487696 
1444 0.487696 
1077 0.483111 
741 0.483111 
922 0.483111 
651 0.483111 
1138 0.483111 
324 0.483111 
199 0.483111 
749 0.483111 
1216 0.483111 
1203 0.483111 
549 0.483111 
440 0.483111 
837 0.483111 
73 0.483111 
996 0.483111 
108 0.481990 
1352 0.481990 
1559 0.481990 
475 0.481990 
234 0.481990 
1251 0.481990 
1291 0.481990 
686 0.481990 
584 0.481990 
1491 0.481990 
1520 0.481990 
1390 0.481990 
359 0.481990 
1438 0.481990 
1845 0.474327 
2004 0.474327 
2116 0.474327 
2087 0.474327 
1970 0.474327 
2059 0.474327 
759 0.470131 
847 0.470131 
83 0.470131 
450 0.470131 
1226 0.470131 
559 0.470131 
1148 0.470131 
1006 0.470131 
209 0.470131 
661 0.470131 
1213 0.470131 
1087 0.470131 
932 0.470131 
334 0.470131 
1533 0.469382 
1504 0.469382 
1403 0.469382 
1451 0.469382 
1572 0.469382 
121 0.469382 
247 0.469382 
372 0.469382 
1366 0.469382 
1602 0.469382 
1657 0.469382 
1264 0.469382 
1304 0.469382 
1630 0.469382 
1683 0.469117 
1739 0.469117 
1787 0.469117 
1849 0.469117 
1828 0.469117 
1980 0.469117 
1762 0.469117 
1652 0.469117 
1425 0.469117 
1697 0.469117 
1775 0.469064 
2019 0.469064 
2049 0.469064 
1891 0.469064 
1953 0.469064 
1922 0.469064 
1710 0.469064 
1800 0.469064 
1993 0.469064 
1938 0.467635 
1908 0.467635 
1974 0.467635 
2030 0.467635 
2121 0.467635 
2064 0.467635 
2092 0.467635 
1886 0.462696 
1552 0.462696 
2044 0.462696 
1589 0.462696 
1770 0.462696 
2014 0.462696 
2008 0.462696 
1948 0.462696 
1705 0.462696 
1988 0.462696 
1795 0.462696 
1917 0.462696 
1747 0.462696 
1675 0.460417 
1465 0.460417 
1547 0.460417 
1417 0.460417 
1586 0.460417 
1617 0.460417 
1644 0.460417 
1318 0.460417 
1820 0.460417 
1689 0.460417 
1731 0.460417 
1320 0.460417 
1754 0.460417 
758 0.460408 
558 0.460408 
931 0.460408 
333 0.460408 
1086 0.460408 
660 0.460408 
208 0.460408 
1147 0.460408 
1225 0.460408 
449 0.460408 
82 0.460408 
846 0.460408 
1005 0.460408 
1212 0.460408 
1901 0.459108 
1963 0.459108 
1838 0.459108 
2109 0.459108 
1810 0.459108 
2081 0.459108 
1219 0.458887 
744 0.458887 
999 0.458887 
552 0.458887 
840 0.458887 
443 0.458887 
76 0.458887 
1080 0.458887 
202 0.458887 
1206 0.458887 
654 0.458887 
925 0.458887 
752 0.458887 
1141 0.458887 
327 0.458887 
1870 0.448028 
1052 0.445222 
1178 0.445222 
812 0.445222 
48 0.445222 
299 0.445222 
716 0.445222 
415 0.445222 
1113 0.445222 
174 0.445222 
524 0.445222 
626 0.445222 
971 0.445222 
897 0.445222 
163 0.444634 
705 0.444634 
960 0.444634 
615 0.444634 
1041 0.444634 
1167 0.444634 
288 0.444634 
513 0.444634 
886 0.444634 
1102 0.444634 
37 0.444634 
801 0.444634 
404 0.444634 
1950 0.443165 
1797 0.443165 
1990 0.443165 
1707 0.443165 
1749 0.443165 
2016 0.443165 
1919 0.443165 
1772 0.443165 
2046 0.443165 
1888 0.443165 
905 0.442948 
979 0.442948 
423 0.442948 
1121 0.442948 
634 0.442948 
724 0.442948 
1186 0.442948 
182 0.442948 
56 0.442948 
820 0.442948 
307 0.442948 
1060 0.442948 
532 0.442948 
340 0.441982 
89 0.441982 
938 0.441982 
1333 0.441982 
667 0.441982 
1012 0.441982 
853 0.441982 
565 0.441982 
1232 0.441982 
456 0.441982 
1472 0.441982 
215 0.441982 
765 0.441982 
70 0.437385 
321 0.437385 
1135 0.437385 
993 0.437385 
437 0.437385 
648 0.437385 
834 0.437385 
1200 0.437385 
546 0.437385 
919 0.437385 
746 0.437385 
1074 0.437385 
196 0.437385 
738 0.437385 
2068 0.436732 
2096 0.436732 
2034 0.436732 
1911 0.436732 
2125 0.436732 
1942 0.436732 
1866 0.434997 
1861 0.431528 
2078 0.425788 
2026 0.425788 
1929 0.425788 
2056 0.425788 
1898 0.425788 
1835 0.425788 
2106 0.425788 
1807 0.425788 
1782 0.425788 
1960 0.425788 
1717 0.425788 
1347 0.423379 
1385 0.423379 
103 0.423379 
579 0.423379 
1246 0.423379 
1554 0.423379 
1515 0.423379 
1433 0.423379 
470 0.423379 
354 0.423379 
1486 0.423379 
229 0.423379 
1286 0.423379 
681 0.423379 
343 0.387041 
941 0.387041 
856 0.387041 
670 0.387041 
459 0.387041 
1475 0.387041 
92 0.387041 
1015 0.387041 
1235 0.387041 
218 0.387041 
568 0.387041 
1336 0.387041 
1275 0.387041 
768 0.387041 
2000 0.384796 
1904 0.384796 
1813 0.384796 
2112 0.384796 
2084 0.384796 
1966 0.384796 
1932 0.384796 
1841 0.384796 
1857 0.376557 
776 0.366761 
351 0.366761 
1483 0.366761 
1283 0.366761 
226 0.366761 
1430 0.366761 
467 0.366761 
678 0.366761 
100 0.366761 
1344 0.366761 
1243 0.366761 
1382 0.366761 
576 0.366761 
296 0.366284 
412 0.366284 
894 0.366284 
521 0.366284 
1049 0.366284 
1175 0.366284 
968 0.366284 
623 0.366284 
713 0.366284 
45 0.366284 
171 0.366284 
1110 0.366284 
809 0.366284 
1856 0.365624 
766 0.362067 
341 0.362067 
566 0.362067 
1233 0.362067 
854 0.362067 
216 0.362067 
668 0.362067 
1334 0.362067 
457 0.362067 
1013 0.362067 
90 0.362067 
939 0.362067 
1473 0.362067 
2102 0.359501 
2131 0.359501 
843 0.357318 
755 0.357318 
446 0.357318 
1002 0.357318 
1209 0.357318 
205 0.357318 
330 0.357318 
928 0.357318 
1222 0.357318 
1144 0.357318 
555 0.357318 
79 0.357318 
1083 0.357318 
657 0.357318 
2120 0.346677 
2091 0.346677 
2029 0.346677 
1973 0.346677 
1907 0.346677 
2063 0.346677 
1937 0.346677 
1173 0.344584 
892 0.344584 
410 0.344584 
169 0.344584 
711 0.344584 
807 0.344584 
43 0.344584 
1108 0.344584 
966 0.344584 
294 0.344584 
519 0.344584 
1047 0.344584 
621 0.344584 
1850 0.340410 
2103 0.340410 
2023 0.338150 
1895 0.338150 
1997 0.338150 
1926 0.338150 
1714 0.338150 
2053 0.338150 
1779 0.338150 
1957 0.338150 
1804 0.338150 
1832 0.338150 
2075 0.338150 
243 0.333674 
1300 0.333674 
1260 0.333674 
1399 0.333674 
484 0.333674 
1362 0.333674 
1598 0.333674 
1568 0.333674 
1447 0.333674 
368 0.333674 
1529 0.333674 
1626 0.333674 
1500 0.333674 
117 0.333674 
912 0.331118 
986 0.331118 
1067 0.331118 
430 0.331118 
314 0.331118 
641 0.331118 
1128 0.331118 
189 0.331118 
1193 0.331118 
827 0.331118 
539 0.331118 
63 0.331118 
731 0.331118 
1384 0.324870 
1346 0.324870 
228 0.324870 
1432 0.324870 
1553 0.324870 
1285 0.324870 
102 0.324870 
1514 0.324870 
578 0.324870 
1485 0.324870 
1245 0.324870 
680 0.324870 
353 0.324870 
469 0.324870 
1423 0.317149 
1695 0.317149 
1326 0.317149 
1681 0.317149 
1737 0.317149 
1760 0.317149 
1785 0.317149 
1826 0.317149 
1946 0.317149 
1978 0.317149 
1650 0.317149 
1471 0.317149 
1623 0.317149 
2 0.315668 
1239 0.312412 
572 0.312412 
463 0.312412 
347 0.312412 
674 0.312412 
860 0.312412 
1479 0.312412 
96 0.312412 
222 0.312412 
1340 0.312412 
1279 0.312412 
772 0.312412 
370 0.308838 
486 0.308838 
1449 0.308838 
1262 0.308838 
1401 0.308838 
119 0.308838 
1302 0.308838 
1628 0.308838 
245 0.308838 
1600 0.308838 
1570 0.308838 
1531 0.308838 
1364 0.308838 
1502 0.308838 
1853 0.300870 
1480 0.289419 
861 0.289419 
464 0.289419 
1379 0.289419 
773 0.289419 
1427 0.289419 
1280 0.289419 
1341 0.289419 
223 0.289419 
573 0.289419 
1240 0.289419 
97 0.289419 
675 0.289419 
348 0.289419 
1254 0.282750 
587 0.282750 
1441 0.282750 
1393 0.282750 
1523 0.282750 
111 0.282750 
1494 0.282750 
237 0.282750 
1356 0.282750 
1562 0.282750 
362 0.282750 
1592 0.282750 
1294 0.282750 
478 0.282750 
1169 0.270715 
617 0.270715 
515 0.270715 
1043 0.270715 
165 0.270715 
39 0.270715 
1104 0.270715 
803 0.270715 
707 0.270715 
962 0.270715 
888 0.270715 
406 0.270715 
290 0.270715 
259 0.268555 
8 0.268555 
134 0.268555 
2105 0.259575 
1999 0.259575 
2025 0.259575 
1716 0.259575 
2055 0.259575 
1959 0.259575 
1928 0.259575 
2077 0.259575 
1781 0.259575 
1806 0.259575 
1897 0.259575 
1834 0.259575 
399 0.241739 
158 0.241739 
796 0.241739 
32 0.241739 
1162 0.241739 
1097 0.241739 
283 0.241739 
610 0.241739 
1036 0.241739 
955 0.241739 
700 0.241739 
881 0.241739 
508 0.241739 
2099 0.240723 
2071 0.240723 
2128 0.240723 
2037 0.240723 
345 0.238016 
220 0.238016 
1477 0.238016 
570 0.238016 
858 0.238016 
94 0.238016 
1017 0.238016 
672 0.238016 
1277 0.238016 
770 0.238016 
461 0.238016 
1237 0.238016 
1338 0.238016 
1940 0.230040 
2032 0.230040 
1909 0.230040 
2007 0.230040 
2094 0.230040 
2123 0.230040 
2066 0.230040 
276 0.228678 
603 0.228678 
501 0.228678 
874 0.228678 
1029 0.228678 
1090 0.228678 
948 0.228678 
25 0.228678 
151 0.228678 
1155 0.228678 
693 0.228678 
789 0.228678 
392 0.228678 
1862 0.216370 
1402 0.214903 
120 0.214903 
246 0.214903 
1656 0.214903 
1629 0.214903 
371 0.214903 
1450 0.214903 
1601 0.214903 
1303 0.214903 
1571 0.214903 
1365 0.214903 
1503 0.214903 
1263 0.214903 
1532 0.214903 
1868 0.209770 
6 0.196209 
1566 0.192199 
115 0.192199 
241 0.192199 
1397 0.192199 
366 0.192199 
1624 0.192199 
1527 0.192199 
1360 0.192199 
1596 0.192199 
1258 0.192199 
1445 0.192199 
1298 0.192199 
1498 0.192199 
482 0.192199 
1863 0.191823 
7 0.189135 
144 0.176827 
867 0.176827 
782 0.176827 
1022 0.176827 
269 0.176827 
596 0.176827 
385 0.176827 
18 0.176827 
494 0.176827 
935 0.166016 
453 0.166016 
337 0.166016 
562 0.166016 
762 0.166016 
1009 0.166016 
1229 0.166016 
212 0.166016 
1330 0.166016 
86 0.166016 
664 0.166016 
850 0.166016 
1151 0.166016 
1234 0.157420 
217 0.157420 
940 0.157420 
767 0.157420 
458 0.157420 
1335 0.157420 
669 0.157420 
1274 0.157420 
567 0.157420 
342 0.157420 
1014 0.157420 
855 0.157420 
1474 0.157420 
91 0.157420 
317 0.151339 
915 0.151339 
66 0.151339 
830 0.151339 
192 0.151339 
1070 0.151339 
734 0.151339 
433 0.151339 
1131 0.151339 
542 0.151339 
1196 0.151339 
989 0.151339 
644 0.151339 
1879 0.151230 
1864 0.146134 
289 0.145119 
405 0.145119 
164 0.145119 
1103 0.145119 
38 0.145119 
961 0.145119 
887 0.145119 
802 0.145119 
616 0.145119 
706 0.145119 
1042 0.145119 
514 0.145119 
1168 0.145119 
1211 0.138229 
557 0.138229 
930 0.138229 
1146 0.138229 
332 0.138229 
1085 0.138229 
845 0.138229 
207 0.138229 
659 0.138229 
757 0.138229 
81 0.138229 
1224 0.138229 
448 0.138229 
1004 0.138229 
118 0.123299 
485 0.123299 
1501 0.123299 
244 0.123299 
1400 0.123299 
1448 0.123299 
369 0.123299 
1363 0.123299 
1627 0.123299 
1599 0.123299 
1530 0.123299 
1569 0.123299 
1301 0.123299 
1261 0.123299 
1852 0.122770 
51 0.117595 
815 0.117595 
1116 0.117595 
1055 0.117595 
719 0.117595 
302 0.117595 
629 0.117595 
1181 0.117595 
527 0.117595 
900 0.117595 
974 0.117595 
418 0.117595 
177 0.117595 
1912 0.106755 
1983 0.106755 
1790 0.106755 
1831 0.106755 
1881 0.106755 
1765 0.106755 
1655 0.106755 
1742 0.106755 
1686 0.106755 
1700 0.106755 
1215 0.101637 
934 0.101637 
336 0.101637 
452 0.101637 
761 0.101637 
1329 0.101637 
1150 0.101637 
561 0.101637 
1228 0.101637 
211 0.101637 
85 0.101637 
849 0.101637 
663 0.101637 
1008 0.101637 
1855 0.101273 
927 0.100334 
656 0.100334 
1221 0.100334 
754 0.100334 
1001 0.100334 
1208 0.100334 
204 0.100334 
445 0.100334 
554 0.100334 
1143 0.100334 
1082 0.100334 
842 0.100334 
78 0.100334 
329 0.100334 
1321 0.094995 
1821 0.094995 
1319 0.094995 
1690 0.094995 
1755 0.094995 
1732 0.094995 
1548 0.094995 
1418 0.094995 
1676 0.094995 
1466 0.094995 
1645 0.094995 
1618 0.094995 
1587 0.094995 
1 0.085915 
1851 0.085882 
350 0.079585 
99 0.079585 
1429 0.079585 
1381 0.079585 
677 0.079585 
225 0.079585 
1482 0.079585 
1242 0.079585 
1343 0.079585 
575 0.079585 
1282 0.079585 
775 0.079585 
466 0.079585 
1827 0.071340 
1651 0.071340 
1848 0.071340 
1738 0.071340 
1947 0.071340 
1761 0.071340 
1424 0.071340 
1979 0.071340 
1696 0.071340 
1786 0.071340 
1682 0.071340 
1647 0.070084 
1420 0.070084 
1823 0.070084 
1757 0.070084 
1620 0.070084 
1550 0.070084 
1468 0.070084 
1734 0.070084 
1323 0.070084 
1692 0.070084 
1678 0.070084 
380 0.049436 
264 0.049436 
489 0.049436 
13 0.049436 
591 0.049436 
139 0.049436 
1584 0.048224 
1642 0.048224 
1463 0.048224 
1545 0.048224 
1378 0.048224 
1752 0.048224 
1818 0.048224 
1729 0.048224 
1615 0.048224 
1614 0.048224 
1673 0.048224 
1316 0.048224 
1415 0.048224 
1728 0.045997 
1462 0.045997 
1315 0.045997 
1544 0.045997 
1583 0.045997 
1414 0.045997 
1641 0.045997 
1377 0.045997 
133 0.045997 
132 0.045997 
1817 0.045997 
258 0.045997 
1672 0.045997 
1613 0.045997 
1284 0.044162 
777 0.044162 
468 0.044162 
577 0.044162 
1244 0.044162 
1345 0.044162 
352 0.044162 
1484 0.044162 
227 0.044162 
101 0.044162 
1431 0.044162 
1383 0.044162 
679 0.044162 
1166 0.041128 
287 0.041128 
704 0.041128 
512 0.041128 
403 0.041128 
614 0.041128 
800 0.041128 
162 0.041128 
1040 0.041128 
1101 0.041128 
36 0.041128 
885 0.041128 
959 0.041128 
499 0.031730 
946 0.031730 
23 0.031730 
872 0.031730 
1027 0.031730 
691 0.031730 
390 0.031730 
601 0.031730 
274 0.031730 
1088 0.031730 
149 0.031730 
787 0.031730 
1867 0.020182 
190 0.018740 
315 0.018740 
642 0.018740 
732 0.018740 
1068 0.018740 
987 0.018740 
913 0.018740 
828 0.018740 
1194 0.018740 
64 0.018740 
540 0.018740 
1129 0.018740 
431 0.018740 
1991 0.017139 
2047 0.017139 
1920 0.017139 
1951 0.017139 
2017 0.017139 
1750 0.017139 
1889 0.017139 
1773 0.017139 
1798 0.017139 
1708 0.017139 
1958 0.011487 
2024 0.011487 
2104 0.011487 
2054 0.011487 
1896 0.011487 
1833 0.011487 
1780 0.011487 
1927 0.011487 
1805 0.011487 
2076 0.011487 
1998 0.011487 
1715 0.011487 
107 0.007632 
474 0.007632 
1389 0.007632 
1351 0.007632 
1290 0.007632 
685 0.007632 
583 0.007632 
1519 0.007632 
1558 0.007632 
233 0.007632 
358 0.007632 
1490 0.007632 
1250 0.007632 
1437 0.007632 
2130 -0.004222 
2039 -0.004222 
2101 -0.004222 
2035 -0.005271 
2126 -0.005271 
2097 -0.005271 
1943 -0.005271 
2069 -0.005271 
1387 -0.018718 
105 -0.018718 
1349 -0.018718 
1556 -0.018718 
1248 -0.018718 
1517 -0.018718 
231 -0.018718 
356 -0.018718 
1488 -0.018718 
1435 -0.018718 
581 -0.018718 
472 -0.018718 
1288 -0.018718 
683 -0.018718 
1873 -0.029523 
2022 -0.030704 
2074 -0.030704 
1778 -0.030704 
1713 -0.030704 
1894 -0.030704 
1956 -0.030704 
1996 -0.030704 
2052 -0.030704 
1803 -0.030704 
1925 -0.030704 
1588 -0.032631 
1619 -0.032631 
1646 -0.032631 
1322 -0.032631 
1549 -0.032631 
1677 -0.032631 
1822 -0.032631 
1691 -0.032631 
1419 -0.032631 
1756 -0.032631 
1733 -0.032631 
1467 -0.032631 
1236 -0.033362 
569 -0.033362 
1016 -0.033362 
769 -0.033362 
671 -0.033362 
1476 -0.033362 
344 -0.033362 
857 -0.033362 
942 -0.033362 
93 -0.033362 
219 -0.033362 
1337 -0.033362 
460 -0.033362 
1276 -0.033362 
1071 -0.044029 
318 -0.044029 
735 -0.044029 
831 -0.044029 
193 -0.044029 
1132 -0.044029 
67 -0.044029 
543 -0.044029 
916 -0.044029 
434 -0.044029 
1197 -0.044029 
990 -0.044029 
645 -0.044029 
1665 -0.045232 
1312 -0.045232 
1374 -0.045232 
1411 -0.045232 
1725 -0.045232 
255 -0.045232 
1669 -0.045232 
129 -0.045232 
1512 -0.045232 
1638 -0.045232 
1610 -0.045232 
1580 -0.045232 
1541 -0.045232 
1272 -0.045232 
1459 -0.045232 
425 -0.048930 
1188 -0.048930 
184 -0.048930 
1062 -0.048930 
58 -0.048930 
534 -0.048930 
1123 -0.048930 
309 -0.048930 
907 -0.048930 
636 -0.048930 
726 -0.048930 
822 -0.048930 
981 -0.048930 
1840 -0.050940 
1931 -0.050940 
2111 -0.050940 
1965 -0.050940 
1812 -0.050940 
1903 -0.050940 
2083 -0.050940 
1406 -0.053304 
1660 -0.053304 
1369 -0.053304 
124 -0.053304 
1536 -0.053304 
1575 -0.053304 
1267 -0.053304 
1720 -0.053304 
1307 -0.053304 
1507 -0.053304 
375 -0.053304 
1605 -0.053304 
1454 -0.053304 
250 -0.053304 
1633 -0.053304 
983 -0.058067 
1064 -0.058067 
1125 -0.058067 
638 -0.058067 
311 -0.058067 
909 -0.058067 
427 -0.058067 
1190 -0.058067 
536 -0.058067 
728 -0.058067 
824 -0.058067 
186 -0.058067 
60 -0.058067 
1875 -0.078091 
1736 -0.078288 
1977 -0.078288 
1622 -0.078288 
1649 -0.078288 
1759 -0.078288 
1680 -0.078288 
1470 -0.078288 
1784 -0.078288 
1694 -0.078288 
1325 -0.078288 
1825 -0.078288 
1945 -0.078288 
1422 -0.078288 
1296 -0.078361 
589 -0.078361 
364 -0.078361 
239 -0.078361 
113 -0.078361 
1443 -0.078361 
1496 -0.078361 
1594 -0.078361 
1395 -0.078361 
480 -0.078361 
1564 -0.078361 
1256 -0.078361 
1358 -0.078361 
1525 -0.078361 
1865 -0.078660 
1837 -0.085501 
2080 -0.085501 
1900 -0.085501 
2108 -0.085501 
1719 -0.085501 
1809 -0.085501 
1962 -0.085501 
1871 -0.089576 
2048 -0.089595 
1890 -0.089595 
1992 -0.089595 
1952 -0.089595 
2018 -0.089595 
1799 -0.089595 
1774 -0.089595 
1709 -0.089595 
1921 -0.089595 
2060 -0.090911 
2117 -0.090911 
1846 -0.090911 
2088 -0.090911 
2005 -0.090911 
465 -0.091190 
862 -0.091190 
574 -0.091190 
1241 -0.091190 
224 -0.091190 
774 -0.091190 
1281 -0.091190 
1342 -0.091190 
676 -0.091190 
98 -0.091190 
1481 -0.091190 
1428 -0.091190 
349 -0.091190 
1380 -0.091190 
34 -0.092166 
1164 -0.092166 
285 -0.092166 
1099 -0.092166 
510 -0.092166 
160 -0.092166 
1038 -0.092166 
401 -0.092166 
612 -0.092166 
883 -0.092166 
957 -0.092166 
702 -0.092166 
798 -0.092166 
1860 -0.092592 
1350 -0.096506 
1289 -0.096506 
1518 -0.096506 
1388 -0.096506 
106 -0.096506 
232 -0.096506 
357 -0.096506 
1489 -0.096506 
1436 -0.096506 
1249 -0.096506 
1557 -0.096506 
473 -0.096506 
684 -0.096506 
582 -0.096506 
1202 -0.096615 
72 -0.096615 
548 -0.096615 
439 -0.096615 
198 -0.096615 
995 -0.096615 
323 -0.096615 
1076 -0.096615 
1137 -0.096615 
650 -0.096615 
748 -0.096615 
740 -0.096615 
836 -0.096615 
921 -0.096615 
1751 -0.106722 
1961 -0.106722 
2057 -0.106722 
2107 -0.106722 
1808 -0.106722 
1783 -0.106722 
2079 -0.106722 
1718 -0.106722 
1836 -0.106722 
1899 -0.106722 
1859 -0.107622 
5 -0.107885 
1687 -0.112935 
1766 -0.112935 
1743 -0.112935 
1882 -0.112935 
2010 -0.112935 
1984 -0.112935 
1913 -0.112935 
2040 -0.112935 
1791 -0.112935 
1701 -0.112935 
625 -0.117836 
1112 -0.117836 
970 -0.117836 
523 -0.117836 
715 -0.117836 
298 -0.117836 
47 -0.117836 
414 -0.117836 
896 -0.117836 
1177 -0.117836 
173 -0.117836 
811 -0.117836 
1051 -0.117836 
2090 -0.119480 
1936 -0.119480 
2119 -0.119480 
1906 -0.119480 
2028 -0.119480 
1972 -0.119480 
2062 -0.119480 
1648 -0.130795 
1976 -0.130795 
1693 -0.130795 
1944 -0.130795 
1621 -0.130795 
1551 -0.130795 
1469 -0.130795 
1679 -0.130795 
1421 -0.130795 
1824 -0.130795 
1735 -0.130795 
1758 -0.130795 
1324 -0.130795 
952 -0.135663 
280 -0.135663 
1033 -0.135663 
155 -0.135663 
697 -0.135663 
505 -0.135663 
29 -0.135663 
1159 -0.135663 
1094 -0.135663 
878 -0.135663 
793 -0.135663 
396 -0.135663 
607 -0.135663 
507 -0.140345 
1096 -0.140345 
282 -0.140345 
699 -0.140345 
1035 -0.140345 
157 -0.140345 
609 -0.140345 
795 -0.140345 
31 -0.140345 
954 -0.140345 
880 -0.140345 
398 -0.140345 
1161 -0.140345 
943 -0.145571 
598 -0.145571 
496 -0.145571 
20 -0.145571 
688 -0.145571 
784 -0.145571 
146 -0.145571 
1024 -0.145571 
271 -0.145571 
387 -0.145571 
869 -0.145571 
665 -0.146714 
763 -0.146714 
1152 -0.146714 
1010 -0.146714 
454 -0.146714 
338 -0.146714 
563 -0.146714 
87 -0.146714 
936 -0.146714 
1230 -0.146714 
851 -0.146714 
213 -0.146714 
1331 -0.146714 
1578 -0.149071 
1409 -0.149071 
1510 -0.149071 
1608 -0.149071 
1667 -0.149071 
127 -0.149071 
1663 -0.149071 
253 -0.149071 
1310 -0.149071 
1372 -0.149071 
1539 -0.149071 
1723 -0.149071 
1636 -0.149071 
1270 -0.149071 
1457 -0.149071 
455 -0.150919 
214 -0.150919 
937 -0.150919 
666 -0.150919 
764 -0.150919 
1153 -0.150919 
1332 -0.150919 
852 -0.150919 
339 -0.150919 
1011 -0.150919 
564 -0.150919 
1231 -0.150919 
88 -0.150919 
261 -0.152414 
10 -0.152414 
136 -0.152414 
377 -0.152414 
2070 -0.152732 
2036 -0.152732 
2127 -0.152732 
2098 -0.152732 
1611 -0.157809 
256 -0.157809 
1542 -0.157809 
1273 -0.157809 
130 -0.157809 
1666 -0.157809 
1375 -0.157809 
1726 -0.157809 
1639 -0.157809 
1313 -0.157809 
1670 -0.157809 
1513 -0.157809 
1412 -0.157809 
1460 -0.157809 
1581 -0.157809 
771 -0.159754 
1339 -0.159754 
95 -0.159754 
221 -0.159754 
462 -0.159754 
859 -0.159754 
1238 -0.159754 
571 -0.159754 
346 -0.159754 
1278 -0.159754 
673 -0.159754 
1478 -0.159754 
279 -0.162953 
395 -0.162953 
504 -0.162953 
154 -0.162953 
696 -0.162953 
877 -0.162953 
1032 -0.162953 
1093 -0.162953 
606 -0.162953 
792 -0.162953 
1158 -0.162953 
28 -0.162953 
951 -0.162953 
1105 -0.163146 
804 -0.163146 
40 -0.163146 
166 -0.163146 
1170 -0.163146 
516 -0.163146 
708 -0.163146 
407 -0.163146 
618 -0.163146 
963 -0.163146 
291 -0.163146 
1044 -0.163146 
889 -0.163146 
635 -0.180865 
1187 -0.180865 
1061 -0.180865 
57 -0.180865 
533 -0.180865 
725 -0.180865 
821 -0.180865 
308 -0.180865 
980 -0.180865 
424 -0.180865 
906 -0.180865 
183 -0.180865 
1122 -0.180865 
1916 -0.183270 
1769 -0.183270 
1704 -0.183270 
1987 -0.183270 
2043 -0.183270 
2013 -0.183270 
1794 -0.183270 
1746 -0.183270 
1885 -0.183270 
528 -0.183665 
303 -0.183665 
419 -0.183665 
178 -0.183665 
1182 -0.183665 
901 -0.183665 
1056 -0.183665 
720 -0.183665 
52 -0.183665 
1117 -0.183665 
816 -0.183665 
975 -0.183665 
630 -0.183665 
360 -0.186808 
109 -0.186808 
235 -0.186808 
1492 -0.186808 
1439 -0.186808 
1590 -0.186808 
1354 -0.186808 
1292 -0.186808 
476 -0.186808 
1521 -0.186808 
1391 -0.186808 
1353 -0.186808 
1560 -0.186808 
585 -0.186808 
1252 -0.186808 
778 -0.191135 
14 -0.191135 
265 -0.191135 
1018 -0.191135 
381 -0.191135 
490 -0.191135 
592 -0.191135 
863 -0.191135 
140 -0.191135 
2002 -0.192642 
1843 -0.192642 
2114 -0.192642 
1968 -0.192642 
1815 -0.192642 
1934 -0.192642 
1612 -0.199179 
1461 -0.199179 
1314 -0.199179 
1671 -0.199179 
1582 -0.199179 
1543 -0.199179 
1640 -0.199179 
1413 -0.199179 
257 -0.199179 
1376 -0.199179 
1816 -0.199179 
1727 -0.199179 
131 -0.199179 
1876 -0.206646 
1811 -0.208975 
1902 -0.208975 
2082 -0.208975 
1839 -0.208975 
2110 -0.208975 
1964 -0.208975 
1930 -0.208975 
978 -0.210158 
306 -0.210158 
1185 -0.210158 
904 -0.210158 
723 -0.210158 
531 -0.210158 
819 -0.210158 
1059 -0.210158 
55 -0.210158 
1120 -0.210158 
181 -0.210158 
422 -0.210158 
633 -0.210158 
2118 -0.219235 
1847 -0.219235 
1935 -0.219235 
2061 -0.219235 
2006 -0.219235 
2089 -0.219235 
1971 -0.219235 
1905 -0.219235 
2027 -0.219235 
267 -0.223362 
1020 -0.223362 
865 -0.223362 
492 -0.223362 
594 -0.223362 
16 -0.223362 
142 -0.223362 
383 -0.223362 
780 -0.223362 
270 -0.225151 
687 -0.225151 
19 -0.225151 
495 -0.225151 
145 -0.225151 
868 -0.225151 
386 -0.225151 
783 -0.225151 
597 -0.225151 
1023 -0.225151 
141 -0.225444 
382 -0.225444 
779 -0.225444 
266 -0.225444 
593 -0.225444 
864 -0.225444 
15 -0.225444 
1019 -0.225444 
491 -0.225444 
242 -0.233455 
1398 -0.233455 
1361 -0.233455 
1528 -0.233455 
1299 -0.233455 
483 -0.233455 
1567 -0.233455 
1259 -0.233455 
1597 -0.233455 
116 -0.233455 
1625 -0.233455 
367 -0.233455 
1499 -0.233455 
1446 -0.233455 
1712 -0.234051 
1777 -0.234051 
1924 -0.234051 
2073 -0.234051 
1995 -0.234051 
1802 -0.234051 
2051 -0.234051 
1893 -0.234051 
1955 -0.234051 
2021 -0.234051 
1192 -0.238259 
429 -0.238259 
985 -0.238259 
538 -0.238259 
826 -0.238259 
188 -0.238259 
640 -0.238259 
1127 -0.238259 
730 -0.238259 
911 -0.238259 
1066 -0.238259 
62 -0.238259 
313 -0.238259 
152 -0.240322 
875 -0.240322 
790 -0.240322 
502 -0.240322 
277 -0.240322 
393 -0.240322 
1156 -0.240322 
694 -0.240322 
1091 -0.240322 
604 -0.240322 
26 -0.240322 
1030 -0.240322 
949 -0.240322 
703 -0.241040 
511 -0.241040 
286 -0.241040 
1039 -0.241040 
1165 -0.241040 
613 -0.241040 
35 -0.241040 
161 -0.241040 
402 -0.241040 
884 -0.241040 
958 -0.241040 
1100 -0.241040 
799 -0.241040 
1607 -0.255810 
1371 -0.255810 
1538 -0.255810 
1577 -0.255810 
252 -0.255810 
1635 -0.255810 
1722 -0.255810 
1408 -0.255810 
1269 -0.255810 
1309 -0.255810 
1456 -0.255810 
126 -0.255810 
1509 -0.255810 
1662 -0.255810 
1348 -0.267127 
1487 -0.267127 
230 -0.267127 
1434 -0.267127 
355 -0.267127 
1386 -0.267127 
580 -0.267127 
682 -0.267127 
1516 -0.267127 
1247 -0.267127 
104 -0.267127 
1287 -0.267127 
471 -0.267127 
1555 -0.267127 
500 -0.270440 
391 -0.270440 
275 -0.270440 
692 -0.270440 
1154 -0.270440 
24 -0.270440 
788 -0.270440 
1089 -0.270440 
602 -0.270440 
873 -0.270440 
947 -0.270440 
1028 -0.270440 
150 -0.270440 
1910 -0.275834 
2033 -0.275834 
2067 -0.275834 
1941 -0.275834 
2095 -0.275834 
2124 -0.275834 
953 -0.281704 
156 -0.281704 
1095 -0.281704 
30 -0.281704 
506 -0.281704 
397 -0.281704 
698 -0.281704 
794 -0.281704 
608 -0.281704 
879 -0.281704 
1034 -0.281704 
281 -0.281704 
1160 -0.281704 
4 -0.286894 
982 -0.291514 
1124 -0.291514 
185 -0.291514 
637 -0.291514 
310 -0.291514 
426 -0.291514 
1189 -0.291514 
1063 -0.291514 
727 -0.291514 
535 -0.291514 
59 -0.291514 
823 -0.291514 
908 -0.291514 
2020 -0.294976 
1776 -0.294976 
1954 -0.294976 
1711 -0.294976 
1801 -0.294976 
1994 -0.294976 
2072 -0.294976 
1923 -0.294976 
2050 -0.294976 
1892 -0.294976 
1819 -0.301511 
1674 -0.301511 
1643 -0.301511 
1317 -0.301511 
1546 -0.301511 
1688 -0.301511 
1753 -0.301511 
1616 -0.301511 
1730 -0.301511 
1585 -0.301511 
1416 -0.301511 
1464 -0.301511 
1869 -0.309509 
498 -0.315085 
148 -0.315085 
22 -0.315085 
1026 -0.315085 
600 -0.315085 
389 -0.315085 
871 -0.315085 
273 -0.315085 
690 -0.315085 
786 -0.315085 
945 -0.315085 
1878 -0.317060 
1854 -0.319187 
1874 -0.319363 
1793 -0.323789 
1884 -0.323789 
1703 -0.323789 
1745 -0.323789 
2042 -0.323789 
1768 -0.323789 
1986 -0.323789 
2012 -0.323789 
1915 -0.323789 
1271 -0.326926 
1458 -0.326926 
1540 -0.326926 
1579 -0.326926 
1410 -0.326926 
1668 -0.326926 
254 -0.326926 
1511 -0.326926 
1609 -0.326926 
1637 -0.326926 
1664 -0.326926 
1373 -0.326926 
1311 -0.326926 
1724 -0.326926 
128 -0.326926 
316 -0.337350 
733 -0.337350 
1195 -0.337350 
432 -0.337350 
541 -0.337350 
191 -0.337350 
829 -0.337350 
988 -0.337350 
65 -0.337350 
643 -0.337350 
1069 -0.337350 
1130 -0.337350 
914 -0.337350 
781 -0.345040 
1021 -0.345040 
143 -0.345040 
268 -0.345040 
866 -0.345040 
493 -0.345040 
17 -0.345040 
595 -0.345040 
384 -0.345040 
1207 -0.347291 
1081 -0.347291 
753 -0.347291 
1000 -0.347291 
1142 -0.347291 
328 -0.347291 
553 -0.347291 
203 -0.347291 
926 -0.347291 
1220 -0.347291 
745 -0.347291 
444 -0.347291 
655 -0.347291 
841 -0.347291 
77 -0.347291 
689 -0.363380 
147 -0.363380 
21 -0.363380 
388 -0.363380 
785 -0.363380 
944 -0.363380 
497 -0.363380 
1025 -0.363380 
599 -0.363380 
870 -0.363380 
272 -0.363380 
1031 -0.363909 
27 -0.363909 
695 -0.363909 
278 -0.363909 
153 -0.363909 
394 -0.363909 
876 -0.363909 
950 -0.363909 
1157 -0.363909 
605 -0.363909 
1092 -0.363909 
503 -0.363909 
791 -0.363909 
998 -0.364215 
326 -0.364215 
743 -0.364215 
751 -0.364215 
1079 -0.364215 
75 -0.364215 
201 -0.364215 
551 -0.364215 
1205 -0.364215 
1218 -0.364215 
839 -0.364215 
1140 -0.364215 
924 -0.364215 
653 -0.364215 
442 -0.364215 
122 -0.364620 
1404 -0.364620 
1452 -0.364620 
373 -0.364620 
1603 -0.364620 
1305 -0.364620 
1573 -0.364620 
248 -0.364620 
1658 -0.364620 
1505 -0.364620 
1265 -0.364620 
1367 -0.364620 
1534 -0.364620 
1631 -0.364620 
1210 -0.372467 
80 -0.372467 
658 -0.372467 
844 -0.372467 
756 -0.372467 
206 -0.372467 
929 -0.372467 
1223 -0.372467 
331 -0.372467 
556 -0.372467 
1145 -0.372467 
447 -0.372467 
1003 -0.372467 
1084 -0.372467 
1814 -0.372670 
1842 -0.372670 
1967 -0.372670 
2085 -0.372670 
2113 -0.372670 
2001 -0.372670 
1933 -0.372670 
808 -0.373635 
712 -0.373635 
170 -0.373635 
1048 -0.373635 
967 -0.373635 
295 -0.373635 
1109 -0.373635 
893 -0.373635 
1174 -0.373635 
411 -0.373635 
44 -0.373635 
520 -0.373635 
622 -0.373635 
1266 -0.375885 
1405 -0.375885 
1632 -0.375885 
1306 -0.375885 
1453 -0.375885 
374 -0.375885 
1604 -0.375885 
1574 -0.375885 
249 -0.375885 
1535 -0.375885 
1659 -0.375885 
123 -0.375885 
1368 -0.375885 
1506 -0.375885 
179 -0.379028 
1183 -0.379028 
1118 -0.379028 
631 -0.379028 
976 -0.379028 
1057 -0.379028 
529 -0.379028 
902 -0.379028 
420 -0.379028 
304 -0.379028 
817 -0.379028 
53 -0.379028 
721 -0.379028 
409 -0.384863 
518 -0.384863 
710 -0.384863 
806 -0.384863 
891 -0.384863 
293 -0.384863 
42 -0.384863 
1046 -0.384863 
620 -0.384863 
965 -0.384863 
168 -0.384863 
1107 -0.384863 
1172 -0.384863 
1199 -0.387615 
195 -0.387615 
992 -0.387615 
918 -0.387615 
737 -0.387615 
320 -0.387615 
545 -0.387615 
69 -0.387615 
436 -0.387615 
1134 -0.387615 
1073 -0.387615 
647 -0.387615 
833 -0.387615 
135 -0.398131 
260 -0.398131 
9 -0.398131 
1495 -0.399186 
588 -0.399186 
1295 -0.399186 
112 -0.399186 
363 -0.399186 
238 -0.399186 
479 -0.399186 
1563 -0.399186 
1442 -0.399186 
1357 -0.399186 
1593 -0.399186 
1255 -0.399186 
1524 -0.399186 
1394 -0.399186 
74 -0.404015 
200 -0.404015 
1139 -0.404015 
997 -0.404015 
325 -0.404015 
550 -0.404015 
1204 -0.404015 
923 -0.404015 
1217 -0.404015 
742 -0.404015 
1078 -0.404015 
750 -0.404015 
441 -0.404015 
652 -0.404015 
838 -0.404015 
297 -0.405284 
172 -0.405284 
1111 -0.405284 
714 -0.405284 
1050 -0.405284 
624 -0.405284 
895 -0.405284 
1176 -0.405284 
969 -0.405284 
413 -0.405284 
810 -0.405284 
46 -0.405284 
522 -0.405284 
890 -0.408128 
1045 -0.408128 
167 -0.408128 
619 -0.408128 
805 -0.408128 
517 -0.408128 
408 -0.408128 
709 -0.408128 
292 -0.408128 
964 -0.408128 
41 -0.408128 
1106 -0.408128 
1171 -0.408128 
1982 -0.409753 
1830 -0.409753 
1327 -0.409753 
1699 -0.409753 
1685 -0.409753 
1764 -0.409753 
1654 -0.409753 
1741 -0.409753 
1789 -0.409753 
1880 -0.409753 
2100 -0.411007 
2038 -0.411007 
2129 -0.411007 
378 -0.417402 
11 -0.417402 
262 -0.417402 
137 -0.417402 
487 -0.417402 
1508 -0.422973 
251 -0.422973 
1370 -0.422973 
1661 -0.422973 
1721 -0.422973 
1634 -0.422973 
1606 -0.422973 
1308 -0.422973 
1576 -0.422973 
1268 -0.422973 
1407 -0.422973 
125 -0.422973 
376 -0.422973 
1537 -0.422973 
1455 -0.422973 
33 -0.430421 
797 -0.430421 
701 -0.430421 
882 -0.430421 
284 -0.430421 
956 -0.430421 
1163 -0.430421 
159 -0.430421 
1098 -0.430421 
611 -0.430421 
400 -0.430421 
509 -0.430421 
1037 -0.430421 
662 -0.434289 
933 -0.434289 
1007 -0.434289 
335 -0.434289 
560 -0.434289 
1227 -0.434289 
84 -0.434289 
760 -0.434289 
1214 -0.434289 
1149 -0.434289 
1328 -0.434289 
848 -0.434289 
210 -0.434289 
451 -0.434289 
1981 -0.438689 
1426 -0.438689 
1829 -0.438689 
1788 -0.438689 
1763 -0.438689 
1653 -0.438689 
1740 -0.438689 
1684 -0.438689 
1698 -0.438689 
12 -0.441585 
263 -0.441585 
488 -0.441585 
590 -0.441585 
379 -0.441585 
138 -0.441585 
530 -0.444162 
632 -0.444162 
1119 -0.444162 
54 -0.444162 
1058 -0.444162 
421 -0.444162 
903 -0.444162 
180 -0.444162 
1184 -0.444162 
722 -0.444162 
818 -0.444162 
305 -0.444162 
977 -0.444162 
2093 -0.444891 
2031 -0.444891 
2122 -0.444891 
2065 -0.444891 
1975 -0.444891 
1939 -0.444891 
1065 -0.448129 
537 -0.448129 
639 -0.448129 
729 -0.448129 
428 -0.448129 
187 -0.448129 
910 -0.448129 
825 -0.448129 
312 -0.448129 
61 -0.448129 
984 -0.448129 
1126 -0.448129 
1191 -0.448129 
1115 -0.468692 
176 -0.468692 
50 -0.468692 
526 -0.468692 
814 -0.468692 
899 -0.468692 
718 -0.468692 
417 -0.468692 
1054 -0.468692 
301 -0.468692 
973 -0.468692 
1180 -0.468692 
628 -0.468692 
544 -0.471877 
1198 -0.471877 
1133 -0.471877 
319 -0.471877 
1072 -0.471877 
435 -0.471877 
991 -0.471877 
646 -0.471877 
68 -0.471877 
917 -0.471877 
194 -0.471877 
832 -0.471877 
736 -0.471877 
1877 -0.473883 
3 -0.479090 
586 -0.479325 
1293 -0.479325 
110 -0.479325 
236 -0.479325 
1591 -0.479325 
1561 -0.479325 
1522 -0.479325 
1493 -0.479325 
361 -0.479325 
1440 -0.479325 
1392 -0.479325 
1355 -0.479325 
477 -0.479325 
1253 -0.479325 
525 -0.480535 
1179 -0.480535 
300 -0.480535 
972 -0.480535 
813 -0.480535 
627 -0.480535 
898 -0.480535 
1114 -0.480535 
717 -0.480535 
1053 -0.480535 
175 -0.480535 
49 -0.480535 
416 -0.480535 
2115 -0.484130 
1969 -0.484130 
2058 -0.484130 
2003 -0.484130 
1844 -0.484130 
2086 -0.484130 
1883 -0.486994 
1767 -0.486994 
1985 -0.486994 
1744 -0.486994 
1702 -0.486994 
1914 -0.486994 
2011 -0.486994 
1792 -0.486994 
2041 -0.486994 
1771 -0.490690 
1949 -0.490690 
1748 -0.490690 
1796 -0.490690 
1706 -0.490690 
1989 -0.490690 
1887 -0.490690 
1918 -0.490690 
2009 -0.490690 
2015 -0.490690 
2045 -0.490690 
71 -0.499972 
739 -0.499972 
747 -0.499972 
835 -0.499972 
197 -0.499972 
920 -0.499972 
547 -0.499972 
649 -0.499972 
322 -0.499972 
994 -0.499972 
438 -0.499972 
1075 -0.499972 
1201 -0.499972 
1136 -0.499972 
