3031 1
0 -3.946491 
1 -2.609752 
2 -3.136712 
3 -2.499621 
4 -2.385699 
5 -1.670213 
6 -0.587606 
7 -0.130679 
8 -0.337489 
9 -0.462913 
10 -0.817745 
11 -2.778139 
12 -1.713881 
13 -0.472409 
14 -0.025719 
15 -3.886825 
16 -2.911622 
17 -2.124713 
18 0.018759 
19 0.291092 
20 -1.740627 
21 -1.572352 
22 -1.333302 
23 -0.692105 
24 -1.536022 
25 -1.282517 
26 -1.386708 
27 -1.258586 
28 -0.921123 
29 -0.748323 
30 -0.603592 
31 -1.968297 
32 -0.115796 
33 -0.037198 
34 -2.660484 
35 -2.796410 
36 -2.320542 
37 -2.496249 
38 -0.549894 
39 -0.362478 
40 -0.605517 
41 -0.917148 
42 -2.988081 
43 -0.701668 
44 -1.587035 
45 -1.177342 
46 -1.369499 
47 -1.143556 
48 -1.242179 
49 -1.309988 
50 -1.454059 
51 -1.290270 
52 -1.428269 
53 -1.581168 
54 -1.648311 
55 -0.505627 
56 -1.334455 
57 -1.857731 
58 1.903622 
59 -0.099484 
60 1.864255 
61 1.614392 
62 2.270310 
63 2.019596 
64 2.137771 
65 1.921158 
66 2.301518 
67 -1.993453 
68 -0.977020 
69 -0.823424 
70 -0.355554 
71 -1.727733 
72 -1.138056 
73 -1.982895 
74 1.097322 
75 -1.197222 
76 1.058617 
77 -2.667185 
78 -1.516504 
79 0.992332 
80 0.250027 
81 -0.340700 
82 0.915369 
83 -3.332828 
84 -2.120284 
85 -1.082162 
86 -1.791777 
87 1.908207 
88 -1.329346 
89 1.404462 
90 1.262823 
91 -2.798559 
92 -3.195610 
93 -0.534464 
94 1.022409 
95 1.002669 
96 1.281878 
97 -1.389132 
98 -0.166591 
99 -2.804597 
100 -0.851022 
101 -2.462868 
102 -0.976136 
103 0.631061 
104 1.553619 
105 -2.227859 
106 -0.444418 
107 -1.530732 
108 -2.983710 
109 -1.621993 
110 1.208761 
111 1.115017 
112 -2.856147 
113 -1.431150 
114 1.061053 
115 1.011985 
116 -2.724065 
117 -1.100912 
118 1.310421 
119 -0.560326 
120 0.042071 
121 -2.998832 
122 0.825359 
123 -0.945027 
124 0.460467 
125 0.975221 
126 -3.194748 
127 -0.633292 
128 -1.635378 
129 -1.347225 
130 1.291119 
131 -1.791504 
132 -1.852459 
133 1.334098 
134 -1.924553 
135 2.079064 
136 1.001840 
137 -2.359017 
138 -1.767612 
139 0.606198 
140 -1.905429 
141 1.406852 
142 -2.104110 
143 0.417171 
144 0.781357 
145 -0.117711 
146 -1.692320 
147 -1.848481 
148 1.475255 
149 -2.212877 
150 -1.934178 
151 -0.139406 
152 -1.316001 
153 0.268364 
154 -2.686257 
155 0.581995 
156 -2.658889 
157 0.461094 
158 0.688193 
159 -1.150364 
160 -1.606229 
161 -0.422542 
162 -1.341281 
163 2.500689 
164 -0.034257 
165 -0.994330 
166 -2.558083 
167 1.751043 
168 -1.684339 
169 -1.823141 
170 -1.019641 
171 -1.124465 
172 -1.719365 
173 -0.269379 
174 -1.231616 
175 -2.101569 
176 -1.971435 
177 -2.229282 
178 4.363318 
179 -0.603167 
180 -1.831890 
181 -1.114522 
182 -1.895896 
183 -1.104633 
184 -1.837505 
185 -0.916933 
186 -1.602668 
187 -2.018920 
188 2.395896 
189 -1.574607 
190 -1.700233 
191 -2.409989 
192 -1.822219 
193 -0.399773 
194 -1.378551 
195 -1.102871 
196 -0.736382 
197 -2.208720 
198 -1.108725 
199 -0.511773 
200 -2.479222 
201 -0.364854 
202 -1.005700 
203 -0.584261 
204 -1.317150 
205 -1.128211 
206 -1.150327 
207 -1.267859 
208 -1.679003 
209 -2.145375 
210 -0.288113 
211 1.403194 
212 -3.029158 
213 1.289710 
214 -0.780843 
215 1.659948 
216 -2.782090 
217 0.850933 
218 -1.388108 
219 1.387363 
220 -2.659478 
221 0.982246 
222 -1.872442 
223 0.794626 
224 -0.429456 
225 1.937310 
226 -2.950065 
227 1.162637 
228 -0.499081 
229 1.407131 
230 1.532151 
231 -3.238706 
232 1.354362 
233 1.257493 
234 -2.391391 
235 -1.390458 
236 -0.486319 
237 -1.175406 
238 -2.714395 
239 0.604349 
240 -2.936272 
241 -0.154930 
242 -0.785146 
243 1.795424 
244 -2.388176 
245 0.445618 
246 -1.606712 
247 1.082043 
248 -3.204296 
249 0.418091 
250 0.667890 
251 -0.678195 
252 -1.139864 
253 0.737716 
254 0.394833 
255 -3.028153 
256 -1.873667 
257 1.786670 
258 -1.961340 
259 -0.539195 
260 -0.356687 
261 -2.393620 
262 1.247892 
263 -1.601231 
264 -1.277265 
265 -1.138298 
266 -2.440626 
267 0.590407 
268 0.565144 
269 1.928807 
270 -2.607677 
271 -1.070676 
272 -1.716127 
273 0.410206 
274 -2.318839 
275 0.098240 
276 0.498837 
277 -2.379689 
278 0.582374 
279 -1.957350 
280 -1.957349 
281 -0.736655 
282 1.553770 
283 -1.710661 
284 -1.000207 
285 1.628405 
286 -1.954941 
287 -1.617733 
288 1.175223 
289 -1.825347 
290 -1.462004 
291 -1.483153 
292 -0.426153 
293 -3.774959 
294 -0.995417 
295 -0.490491 
296 -0.934720 
297 -0.918690 
298 -1.122679 
299 -1.157125 
300 -0.764165 
301 -1.207845 
302 -1.724487 
303 -0.236353 
304 -0.983500 
305 -1.523079 
306 -0.222300 
307 -1.784293 
308 -0.952581 
309 -2.064707 
310 -0.429692 
311 -0.284864 
312 -2.743039 
313 1.466714 
314 -0.282286 
315 -1.072873 
316 -0.211440 
317 -2.291318 
318 -0.543723 
319 2.388518 
320 -1.753762 
321 -1.029016 
322 -0.629368 
323 -0.917058 
324 -1.331017 
325 -2.000283 
326 -0.078706 
327 -0.531043 
328 -0.715025 
329 -0.522447 
330 -1.356897 
331 -2.339526 
332 -2.528508 
333 -1.247598 
334 -0.294331 
335 -0.447067 
336 -0.470730 
337 -1.302588 
338 -1.103792 
339 -1.795479 
340 -2.000561 
341 -1.739950 
342 -0.983194 
343 -0.343245 
344 1.368598 
345 0.320872 
346 -2.200847 
347 -1.811723 
348 -1.907247 
349 -1.851513 
350 -0.602110 
351 -0.284258 
352 -0.608971 
353 -2.332698 
354 -1.057575 
355 -0.598008 
356 -0.561280 
357 -2.318196 
358 -1.287859 
359 -0.281902 
360 -1.145171 
361 -1.087276 
362 -1.962014 
363 -0.576396 
364 -0.879067 
365 -0.478638 
366 -0.507250 
367 -2.508567 
368 -1.498290 
369 -1.768039 
370 -1.067637 
371 -0.271190 
372 -1.701431 
373 -1.171855 
374 -0.668013 
375 -1.231738 
376 -0.201553 
377 -0.394334 
378 -2.350042 
379 -1.439614 
380 -0.718627 
381 -1.718537 
382 -0.131259 
383 -1.962558 
384 -1.410105 
385 -0.366793 
386 -0.856488 
387 -1.479797 
388 -1.432441 
389 -1.489010 
390 -0.536657 
391 -1.771550 
392 -1.561197 
393 -1.237851 
394 -1.406791 
395 -1.040498 
396 -1.133805 
397 -1.131218 
398 -1.607779 
399 -1.455210 
400 -0.629958 
401 -1.586807 
402 -0.627324 
403 -1.486813 
404 -1.483828 
405 -2.438144 
406 0.329194 
407 0.740953 
408 0.799193 
409 -0.893372 
410 0.373672 
411 -3.081342 
412 -1.171564 
413 -0.646916 
414 -1.664901 
415 -1.177612 
416 -1.199252 
417 -1.130974 
418 -1.694705 
419 -0.703826 
420 -0.206027 
421 0.382125 
422 -1.464138 
423 -1.631369 
424 -1.340436 
425 -1.066116 
426 -1.105791 
427 -1.259641 
428 -0.967192 
429 -1.194442 
430 -1.207225 
431 -1.656560 
432 -1.383823 
433 -1.352989 
434 -1.235388 
435 -1.051768 
436 0.079686 
437 -1.188827 
438 -1.742896 
439 -1.491291 
440 -1.194450 
441 -1.153873 
442 -1.264510 
443 -1.295807 
444 -1.195974 
445 -0.708046 
446 -1.231537 
447 -1.658072 
448 -1.814954 
449 -1.501379 
450 -0.885956 
451 -0.970050 
452 -0.177856 
453 -1.414886 
454 -1.254316 
455 -1.429625 
456 -2.140232 
457 -1.074750 
458 -0.354703 
459 -0.518054 
460 -0.593715 
461 -1.344570 
462 -1.609702 
463 -1.439406 
464 -0.961198 
465 -1.634903 
466 -1.127781 
467 -1.277240 
468 -1.550688 
469 -1.079912 
470 -0.819237 
471 -1.450423 
472 -1.277002 
473 -1.450234 
474 -1.238906 
475 -0.788709 
476 -0.856468 
477 -1.310786 
478 -1.484312 
479 -1.273534 
480 -1.064614 
481 -1.303844 
482 -1.364682 
483 -1.179856 
484 -1.699510 
485 -1.564759 
486 -0.741264 
487 -0.862475 
488 -1.157099 
489 -1.555434 
490 -0.807933 
491 -1.312858 
492 -1.602802 
493 -1.119435 
494 -0.856390 
495 -1.267278 
496 -1.728143 
497 -1.182080 
498 -0.895225 
499 -1.122349 
500 -1.658279 
501 -1.173926 
502 -0.708178 
503 -1.407394 
504 -1.441247 
505 -1.496053 
506 -1.113294 
507 -0.806262 
508 -0.032182 
509 -2.305097 
510 -1.028596 
511 -1.126698 
512 -1.297542 
513 -1.236616 
514 -1.258975 
515 1.057863 
516 1.471850 
517 2.473649 
518 2.334663 
519 2.213939 
520 2.888257 
521 2.800166 
522 2.044725 
523 2.347524 
524 1.908595 
525 1.417952 
526 2.777398 
527 1.327739 
528 2.769459 
529 2.839350 
530 2.883665 
531 2.197829 
532 2.401506 
533 2.569094 
534 2.667081 
535 2.693482 
536 3.026689 
537 2.488395 
538 2.417643 
539 2.549209 
540 2.426244 
541 2.892202 
542 2.491465 
543 2.534318 
544 2.270184 
545 2.979331 
546 2.579206 
547 2.217738 
548 0.636610 
549 1.682649 
550 -1.347923 
551 -2.348100 
552 -1.761416 
553 -1.167916 
554 -1.092122 
555 -0.772687 
556 -1.234391 
557 -1.100835 
558 -1.311669 
559 -1.023560 
560 -1.260338 
561 -1.165926 
562 -1.004465 
563 -1.239640 
564 -1.156400 
565 -1.263558 
566 -1.116254 
567 -1.222267 
568 -1.139680 
569 -1.049992 
570 -1.333696 
571 -1.062256 
572 -1.405487 
573 -1.296342 
574 -0.953775 
575 -1.267493 
576 -1.429297 
577 -1.040515 
578 -1.239804 
579 -1.216250 
580 -1.036486 
581 -1.256112 
582 -1.173410 
583 -1.350554 
584 -1.294144 
585 -0.892470 
586 -0.818621 
587 -1.806731 
588 -1.407146 
589 -1.434267 
590 -1.136542 
591 -0.941591 
592 -0.678846 
593 -0.706711 
594 -1.533482 
595 -1.831686 
596 -1.206646 
597 -1.161421 
598 -1.253681 
599 -1.133747 
600 -0.928305 
601 -2.456833 
602 -1.207796 
603 -0.646102 
604 -1.107143 
605 -1.122373 
606 -1.500952 
607 -1.366010 
608 -0.921113 
609 -1.229848 
610 -1.046901 
611 -1.672408 
612 -1.697909 
613 -1.243370 
614 -1.022795 
615 -1.166336 
616 -1.220054 
617 -1.326818 
618 -1.008874 
619 -1.625443 
620 -1.267694 
621 -1.089515 
622 -1.287311 
623 -1.507669 
624 -1.153388 
625 -1.752132 
626 -1.317906 
627 -0.835501 
628 -0.983822 
629 -1.153677 
630 -1.710362 
631 -1.218392 
632 -0.615190 
633 -0.551097 
634 -1.437764 
635 -2.348209 
636 -1.395270 
637 -1.022800 
638 -1.284593 
639 -1.261189 
640 -1.269263 
641 -1.070214 
642 -1.284501 
643 -0.964358 
644 -0.709724 
645 -1.202612 
646 -1.304054 
647 -1.406414 
648 -1.028637 
649 -1.200702 
650 -1.086603 
651 -1.376934 
652 -1.634337 
653 -1.193785 
654 -1.039065 
655 -0.613223 
656 -1.094856 
657 -1.271846 
658 -1.296964 
659 -0.949677 
660 -0.986868 
661 -1.197501 
662 -1.115982 
663 -1.347239 
664 -0.913871 
665 -1.171273 
666 -1.365832 
667 -1.127044 
668 -1.277493 
669 -1.388151 
670 -1.036672 
671 -1.065561 
672 -0.937703 
673 -1.247537 
674 -1.321052 
675 -1.310820 
676 -1.472442 
677 -1.208462 
678 -1.031467 
679 -0.861917 
680 -1.280359 
681 -1.152837 
682 -0.895131 
683 -1.325540 
684 0.148725 
685 -2.915313 
686 -0.749057 
687 -1.489387 
688 -1.757314 
689 -1.146906 
690 -0.846304 
691 -1.148363 
692 -1.243784 
693 -1.131328 
694 -1.227502 
695 -1.144869 
696 -1.235564 
697 -1.485795 
698 -1.117841 
699 -0.937643 
700 -1.127570 
701 -1.107484 
702 -1.181604 
703 -1.451576 
704 -1.329022 
705 -1.642800 
706 -1.107625 
707 -0.782624 
708 -1.004226 
709 -0.944794 
710 -0.956636 
711 -2.342396 
712 -1.590263 
713 -1.352637 
714 -0.337352 
715 -0.657323 
716 -1.136710 
717 -1.309551 
718 -1.362850 
719 -0.371854 
720 -1.287593 
721 -1.126656 
722 -1.068633 
723 -1.433136 
724 -1.144126 
725 -1.445234 
726 -1.064392 
727 -1.210379 
728 -1.181985 
729 -1.405161 
730 -1.247136 
731 -1.219800 
732 -1.306137 
733 -1.545804 
734 -1.229743 
735 -0.971986 
736 -0.659529 
737 -1.205563 
738 -1.255833 
739 -1.738041 
740 -0.787180 
741 -1.472067 
742 -1.481989 
743 -1.048963 
744 -2.278617 
745 -0.969340 
746 -0.714212 
747 -0.996478 
748 -1.183650 
749 -1.438411 
750 -1.626408 
751 -0.905210 
752 -0.184748 
753 0.052373 
754 -1.042993 
755 -2.566413 
756 -1.799033 
757 -1.385105 
758 -0.856839 
759 -0.728629 
760 -1.270361 
761 -1.055350 
762 -1.280703 
763 -1.076045 
764 -1.296670 
765 -1.026652 
766 -1.200848 
767 -1.004378 
768 -1.532413 
769 -0.976140 
770 -1.146792 
771 -0.927913 
772 -0.808007 
773 -1.156080 
774 -1.498882 
775 -1.110497 
776 -1.196529 
777 -0.936342 
778 -1.147213 
779 -1.292861 
780 -1.019023 
781 -0.846197 
782 -1.381293 
783 -1.208795 
784 -1.306098 
785 -1.385399 
786 -1.020749 
787 -0.960454 
788 -1.179039 
789 -1.435283 
790 -1.034013 
791 -1.119937 
792 -0.955259 
793 -1.169462 
794 -1.303640 
795 -1.164005 
796 -1.039329 
797 -1.054007 
798 -1.104532 
799 -1.413354 
800 -1.100326 
801 -1.170568 
802 -1.140663 
803 -1.119292 
804 -1.167333 
805 -1.066011 
806 -1.164698 
807 -1.166488 
808 -0.463829 
809 -0.601733 
810 -0.660828 
811 -3.298736 
812 -2.566453 
813 -1.377758 
814 -0.471909 
815 -0.310264 
816 -1.035935 
817 -1.560306 
818 -1.073377 
819 -1.073846 
820 -1.144857 
821 -1.290351 
822 -1.278259 
823 -1.157732 
824 -1.341321 
825 -1.350152 
826 -0.981944 
827 -1.037691 
828 -0.867671 
829 -1.083801 
830 -1.150545 
831 -1.593334 
832 -1.669115 
833 -1.213449 
834 -0.997466 
835 -0.998664 
836 -0.904452 
837 -1.051331 
838 -1.023614 
839 -1.866350 
840 -1.767296 
841 -1.221491 
842 -1.238279 
843 -0.665680 
844 -0.976754 
845 -1.735700 
846 -0.993642 
847 -1.129558 
848 -0.988266 
849 -1.270406 
850 -1.378603 
851 -1.170373 
852 -1.629414 
853 -1.648397 
854 -0.861429 
855 -0.678045 
856 -1.101931 
857 -1.280475 
858 -1.203753 
859 -1.202829 
860 -0.239764 
861 -0.084643 
862 -2.105009 
863 -1.783597 
864 -0.996215 
865 -1.052880 
866 -0.703440 
867 -0.976649 
868 -0.599453 
869 -1.167494 
870 -1.098244 
871 -1.007795 
872 -2.037709 
873 -0.855316 
874 -0.678976 
875 -0.891128 
876 -0.941033 
877 -1.006316 
878 -1.230938 
879 -1.311370 
880 -1.799116 
881 -1.280031 
882 -1.011648 
883 -0.780840 
884 -1.864524 
885 -1.104771 
886 -0.793997 
887 -0.840551 
888 -0.960008 
889 -0.822422 
890 -1.252569 
891 -1.680125 
892 -1.632323 
893 -1.523792 
894 -0.599590 
895 -0.811497 
896 -1.130319 
897 -0.973129 
898 -1.330546 
899 -1.123446 
900 -1.319622 
901 -0.719282 
902 -1.206824 
903 -1.322736 
904 -1.286562 
905 -1.344893 
906 -0.785032 
907 -1.026682 
908 -1.208357 
909 -0.852461 
910 -1.221307 
911 -1.042937 
912 -1.239596 
913 -0.930529 
914 -1.187964 
915 -1.143990 
916 -1.021854 
917 -1.211894 
918 -1.213954 
919 -1.192541 
920 -1.095867 
921 -1.194602 
922 -0.511657 
923 -1.594761 
924 -1.276073 
925 -1.145295 
926 -1.178922 
927 -0.882813 
928 0.155783 
929 0.243602 
930 -3.863592 
931 -1.252638 
932 -1.214544 
933 -1.810302 
934 -1.021736 
935 -0.273041 
936 -0.572033 
937 -1.206755 
938 -1.396378 
939 -1.352127 
940 -1.014563 
941 -1.347857 
942 -1.200645 
943 -0.907585 
944 -1.013466 
945 -1.288426 
946 -1.153300 
947 -0.846147 
948 -1.144004 
949 -1.081374 
950 -1.160413 
951 -1.235343 
952 -1.156882 
953 -0.887922 
954 -1.026089 
955 -1.190506 
956 -1.356628 
957 -1.022991 
958 -1.142936 
959 -1.077153 
960 -1.292112 
961 -1.079620 
962 -1.114149 
963 -1.121718 
964 -0.644946 
965 -1.146940 
966 -1.355735 
967 -1.536395 
968 -1.388142 
969 -1.050379 
970 -0.905639 
971 -1.345323 
972 -1.055177 
973 -1.369178 
974 -1.376937 
975 -0.861104 
976 -1.214789 
977 -1.397084 
978 -1.406512 
979 -0.601232 
980 -0.853232 
981 -1.343639 
982 -0.951153 
983 -1.409593 
984 -4.071255 
985 1.289343 
986 1.400227 
987 1.475182 
988 1.825240 
989 2.949205 
990 2.738672 
991 2.172330 
992 1.931335 
993 2.646257 
994 2.674028 
995 2.044099 
996 2.890095 
997 1.523830 
998 3.021866 
999 2.513752 
1000 2.123889 
1001 3.037183 
1002 2.874768 
1003 2.621688 
1004 2.155025 
1005 2.080790 
1006 2.342429 
1007 2.103867 
1008 2.570009 
1009 1.862418 
1010 1.950430 
1011 2.287766 
1012 2.889923 
1013 2.410729 
1014 1.928195 
1015 2.530039 
1016 2.578135 
1017 1.916603 
1018 2.270964 
1019 2.312035 
1020 2.488573 
1021 1.833543 
1022 2.198466 
1023 2.762017 
1024 2.358732 
1025 2.283814 
1026 2.256176 
1027 2.301306 
1028 1.913947 
1029 2.229395 
1030 1.735410 
1031 2.593523 
1032 2.579477 
1033 2.736570 
1034 2.090554 
1035 2.552371 
1036 1.767840 
1037 4.457501 
1038 -1.708801 
1039 -1.135852 
1040 -0.858670 
1041 -1.331854 
1042 -1.449083 
1043 -1.137131 
1044 -1.226421 
1045 -1.069970 
1046 -1.121956 
1047 -1.181420 
1048 -1.101944 
1049 -1.340510 
1050 -1.128749 
1051 -1.206688 
1052 -1.345358 
1053 -1.248862 
1054 -1.000514 
1055 -1.121274 
1056 -1.049919 
1057 -1.152158 
1058 -1.259130 
1059 -1.353197 
1060 -1.346041 
1061 -1.096833 
1062 -1.182085 
1063 -1.085514 
1064 -1.292966 
1065 -1.216865 
1066 -1.109802 
1067 -1.066332 
1068 -0.894957 
1069 -0.951080 
1070 -1.297529 
1071 -1.567806 
1072 -1.312289 
1073 -1.114870 
1074 -1.286648 
1075 -1.162507 
1076 -1.557229 
1077 -1.071037 
1078 -0.792951 
1079 -1.242243 
1080 -1.113507 
1081 -1.434157 
1082 -1.164790 
1083 -1.158932 
1084 -1.203346 
1085 -1.198259 
1086 -1.428240 
1087 -0.953576 
1088 -2.605260 
1089 -0.514933 
1090 -0.847626 
1091 -1.147276 
1092 -1.179589 
1093 -1.232134 
1094 -0.964754 
1095 -1.412366 
1096 -1.046039 
1097 -1.271643 
1098 -1.368140 
1099 -1.120183 
1100 -1.400338 
1101 -1.456812 
1102 -1.023525 
1103 -0.840719 
1104 -1.022997 
1105 -0.761556 
1106 -1.305743 
1107 -1.596843 
1108 -1.139585 
1109 -1.012628 
1110 -1.100626 
1111 -1.461439 
1112 -1.226941 
1113 -1.405535 
1114 -1.107543 
1115 -0.948894 
1116 -0.917424 
1117 -1.496746 
1118 -1.302209 
1119 -1.057856 
1120 -1.072056 
1121 -1.023454 
1122 -1.332201 
1123 -1.312723 
1124 -1.043625 
1125 -1.320696 
1126 -1.163572 
1127 -1.313784 
1128 -1.513035 
1129 -1.301199 
1130 -0.834478 
1131 -1.081407 
1132 -1.290276 
1133 -1.102451 
1134 -1.081419 
1135 -1.290391 
1136 -2.258096 
1137 -1.429830 
1138 -0.720452 
1139 -0.565083 
1140 -1.347187 
1141 -1.182851 
1142 -0.889501 
1143 -1.294918 
1144 -1.134528 
1145 -1.285567 
1146 -1.084365 
1147 -1.149128 
1148 -1.245417 
1149 -1.161804 
1150 -0.925203 
1151 -1.352252 
1152 -1.460625 
1153 -1.230819 
1154 -0.990987 
1155 -0.999991 
1156 -1.307806 
1157 -1.469777 
1158 -0.913175 
1159 -0.877748 
1160 -0.955420 
1161 -1.313691 
1162 -1.269571 
1163 -1.058232 
1164 -0.950106 
1165 -1.282397 
1166 -1.196155 
1167 -1.044510 
1168 -0.969505 
1169 -1.000258 
1170 -1.395406 
1171 -1.322559 
1172 -1.256469 
1173 -1.069859 
1174 -1.104342 
1175 -1.136201 
1176 -1.241847 
1177 -1.146864 
1178 -1.046638 
1179 -1.095521 
1180 -1.255998 
1181 -1.184061 
1182 -1.168889 
1183 -1.125857 
1184 -0.904116 
1185 -0.402767 
1186 -0.185888 
1187 -3.588222 
1188 -2.400724 
1189 -1.401969 
1190 -0.572435 
1191 -0.332595 
1192 -0.727947 
1193 -0.991008 
1194 -1.239245 
1195 -1.616425 
1196 -1.266440 
1197 -1.256058 
1198 -1.109150 
1199 -0.873781 
1200 -1.157195 
1201 -1.143779 
1202 -1.191946 
1203 -1.048040 
1204 -1.373640 
1205 -0.938917 
1206 -1.044350 
1207 -1.239490 
1208 -1.120975 
1209 -1.180951 
1210 -1.272332 
1211 -0.916365 
1212 -0.716473 
1213 -1.344458 
1214 -1.296728 
1215 -1.387006 
1216 -1.378534 
1217 -1.069438 
1218 -1.014981 
1219 -1.309329 
1220 -1.073667 
1221 -0.662827 
1222 -1.240813 
1223 -1.722915 
1224 -1.324256 
1225 -1.434021 
1226 -0.863534 
1227 -1.059873 
1228 -1.101571 
1229 -1.014837 
1230 -1.224029 
1231 -1.313721 
1232 -1.061274 
1233 -0.898143 
1234 -1.388231 
1235 -1.444475 
1236 -1.079847 
1237 -0.688210 
1238 -0.385563 
1239 -2.803269 
1240 -1.842011 
1241 -1.463298 
1242 -1.455014 
1243 -0.389896 
1244 -1.103532 
1245 -1.212910 
1246 -1.208609 
1247 -1.347906 
1248 -1.440201 
1249 -1.264982 
1250 -1.116222 
1251 -1.027732 
1252 -1.193549 
1253 -1.236612 
1254 -1.334707 
1255 -1.189117 
1256 -0.938383 
1257 -0.976417 
1258 -1.458405 
1259 -1.444795 
1260 -1.248276 
1261 -1.036076 
1262 -1.276555 
1263 -1.273152 
1264 -1.221854 
1265 -1.312016 
1266 -1.537651 
1267 -0.857254 
1268 -1.161312 
1269 -1.489786 
1270 -1.272194 
1271 -1.136028 
1272 -1.212197 
1273 -1.031714 
1274 -1.510668 
1275 -1.176588 
1276 -1.209406 
1277 -1.162952 
1278 -1.444279 
1279 -1.073030 
1280 -0.966906 
1281 -1.238172 
1282 -1.243666 
1283 -1.417030 
1284 -1.598772 
1285 -1.348378 
1286 -1.062196 
1287 -0.763768 
1288 -0.569582 
1289 -0.518796 
1290 -0.163523 
1291 -3.528128 
1292 -2.160195 
1293 -1.949051 
1294 -0.411476 
1295 -0.269793 
1296 -0.947209 
1297 -1.312185 
1298 -1.392913 
1299 -1.237800 
1300 -1.297988 
1301 -1.536433 
1302 -0.844612 
1303 -1.062090 
1304 -1.282936 
1305 -1.031104 
1306 -1.095676 
1307 -1.511969 
1308 -1.217050 
1309 -1.089811 
1310 -1.108897 
1311 -1.367984 
1312 -1.343264 
1313 -1.287146 
1314 -0.985597 
1315 -1.098026 
1316 -0.992638 
1317 -0.979639 
1318 -1.529997 
1319 -1.266794 
1320 -1.183253 
1321 -1.121162 
1322 -1.001854 
1323 -1.417395 
1324 -1.088515 
1325 -1.001506 
1326 -1.142865 
1327 -1.437676 
1328 -1.291773 
1329 -1.374987 
1330 -1.229919 
1331 -0.946792 
1332 -1.396574 
1333 -0.815560 
1334 -1.145828 
1335 -1.391909 
1336 -1.358967 
1337 -1.278051 
1338 -1.146957 
1339 -1.098217 
1340 -1.222034 
1341 -1.531578 
1342 -1.247022 
1343 -0.792174 
1344 -0.223442 
1345 0.238176 
1346 -2.888777 
1347 -1.909581 
1348 -1.470438 
1349 -1.003245 
1350 -1.419191 
1351 -0.860445 
1352 -1.295040 
1353 -1.382972 
1354 -0.973359 
1355 -1.278771 
1356 -0.736442 
1357 -1.118390 
1358 -1.301816 
1359 -1.620698 
1360 -1.081937 
1361 -1.412205 
1362 -1.320270 
1363 -1.097311 
1364 -1.124599 
1365 -0.943749 
1366 -1.063924 
1367 -1.684575 
1368 -1.187074 
1369 -1.070091 
1370 -1.229030 
1371 -1.256205 
1372 -1.723842 
1373 -1.259569 
1374 -0.551573 
1375 -1.264255 
1376 -1.040142 
1377 -1.202756 
1378 -1.658065 
1379 -0.881970 
1380 -1.184259 
1381 -1.542283 
1382 -0.967225 
1383 -1.176486 
1384 -1.173570 
1385 -1.296193 
1386 -1.208157 
1387 -1.146402 
1388 -0.931034 
1389 -0.924091 
1390 -1.460115 
1391 -1.507830 
1392 -1.086026 
1393 -1.091044 
1394 -1.358082 
1395 -1.217812 
1396 -0.410638 
1397 -2.322129 
1398 -1.752898 
1399 -0.783134 
1400 -1.019275 
1401 -1.083903 
1402 -1.072717 
1403 -1.523127 
1404 -1.271509 
1405 -1.234505 
1406 -0.977944 
1407 -1.189898 
1408 -1.467531 
1409 -1.214131 
1410 -0.909138 
1411 -0.996558 
1412 -1.015000 
1413 -0.975233 
1414 -1.326301 
1415 -1.248027 
1416 -1.266138 
1417 -1.011047 
1418 -1.050353 
1419 -1.192942 
1420 -1.218482 
1421 -1.081528 
1422 -1.076067 
1423 -1.158153 
1424 -1.172419 
1425 -1.101668 
1426 -1.081073 
1427 -1.271640 
1428 -1.222510 
1429 -1.343382 
1430 -1.061702 
1431 -1.096694 
1432 -0.810607 
1433 -1.217001 
1434 -1.247707 
1435 -1.234298 
1436 -1.243135 
1437 -1.088956 
1438 -1.125340 
1439 -1.256593 
1440 -1.180550 
1441 -1.010433 
1442 -1.110724 
1443 -1.230872 
1444 -1.517823 
1445 -1.148230 
1446 -0.987013 
1447 -0.843762 
1448 -0.597916 
1449 -0.384216 
1450 -0.504830 
1451 -3.626479 
1452 -2.200300 
1453 -1.636345 
1454 -0.678037 
1455 -0.210818 
1456 -0.877671 
1457 -0.853743 
1458 -1.569051 
1459 -1.396511 
1460 -1.207884 
1461 -1.193934 
1462 -1.009427 
1463 -1.238814 
1464 -0.766469 
1465 -1.209048 
1466 -0.976397 
1467 -1.524167 
1468 -1.358239 
1469 -0.889525 
1470 -1.153499 
1471 -1.396150 
1472 -1.480698 
1473 -1.034910 
1474 -0.890963 
1475 -1.387481 
1476 -0.927452 
1477 -1.177466 
1478 -1.270787 
1479 -1.487513 
1480 -1.144736 
1481 -1.264053 
1482 -1.407663 
1483 -0.941467 
1484 -0.858718 
1485 -1.084155 
1486 -0.983414 
1487 -1.913729 
1488 -1.163053 
1489 -1.415526 
1490 -0.915194 
1491 -1.266258 
1492 -1.046122 
1493 -1.055382 
1494 -1.508002 
1495 -1.165716 
1496 -1.091091 
1497 -1.329149 
1498 -1.059598 
1499 -1.395000 
1500 -1.078678 
1501 -0.459680 
1502 -0.661085 
1503 -2.875479 
1504 -0.860115 
1505 -2.286104 
1506 -1.219419 
1507 -0.810393 
1508 -0.805400 
1509 -0.821111 
1510 -1.340191 
1511 -1.802183 
1512 -1.504593 
1513 -1.306929 
1514 -0.940640 
1515 -0.994758 
1516 -0.825488 
1517 -1.198591 
1518 -1.285450 
1519 -1.189884 
1520 -1.550909 
1521 -1.167741 
1522 -1.121246 
1523 -0.921307 
1524 -1.477229 
1525 -0.980288 
1526 -1.268282 
1527 -0.938377 
1528 -0.882050 
1529 -0.876369 
1530 -1.446594 
1531 -1.542280 
1532 -1.212380 
1533 -1.150164 
1534 -1.179206 
1535 -1.126101 
1536 -1.290901 
1537 -1.055901 
1538 -1.493735 
1539 -0.780851 
1540 -1.152955 
1541 -1.230588 
1542 -0.981292 
1543 -1.161859 
1544 -0.921186 
1545 -1.062423 
1546 -1.432124 
1547 -0.934813 
1548 -1.249601 
1549 -0.629981 
1550 -0.998838 
1551 -1.592319 
1552 -1.420636 
1553 -0.982825 
1554 -1.085947 
1555 -1.070420 
1556 -0.815072 
1557 -1.112447 
1558 -1.370587 
1559 -1.155074 
1560 -1.239413 
1561 -1.355327 
1562 -1.096629 
1563 -0.886324 
1564 -0.957063 
1565 -1.234407 
1566 -1.263108 
1567 -1.080479 
1568 -1.547318 
1569 -1.249339 
1570 -1.017717 
1571 -0.703583 
1572 0.163364 
1573 0.217704 
1574 -4.922827 
1575 2.288284 
1576 1.999845 
1577 2.367357 
1578 2.264422 
1579 2.692020 
1580 2.540255 
1581 2.329388 
1582 2.270962 
1583 2.659369 
1584 2.376641 
1585 2.261739 
1586 2.657769 
1587 2.644628 
1588 2.439275 
1589 2.082684 
1590 2.417178 
1591 2.563180 
1592 2.390593 
1593 2.673669 
1594 2.717089 
1595 2.390035 
1596 2.184697 
1597 2.000427 
1598 2.324322 
1599 2.745081 
1600 2.846989 
1601 2.472029 
1602 2.793486 
1603 2.655743 
1604 2.550368 
1605 2.999036 
1606 2.316009 
1607 3.068988 
1608 2.418737 
1609 2.796360 
1610 2.620428 
1611 2.547033 
1612 2.334203 
1613 2.539317 
1614 2.491835 
1615 2.723503 
1616 2.661525 
1617 2.772936 
1618 2.504546 
1619 2.636771 
1620 2.884763 
1621 2.371821 
1622 2.566928 
1623 2.510051 
1624 2.665146 
1625 2.479267 
1626 2.640575 
1627 2.504873 
1628 1.642540 
1629 2.103338 
1630 1.557856 
1631 -2.338665 
1632 -1.332852 
1633 -1.340764 
1634 -0.826269 
1635 -1.140908 
1636 -1.567293 
1637 -1.144436 
1638 -1.040570 
1639 -0.892350 
1640 -1.338212 
1641 -1.072239 
1642 -1.354786 
1643 -0.943935 
1644 -1.050810 
1645 -1.204869 
1646 -1.195852 
1647 -1.306591 
1648 -1.049412 
1649 -1.245772 
1650 -0.867696 
1651 -1.492534 
1652 -1.643272 
1653 -1.295853 
1654 -0.924633 
1655 -0.647610 
1656 -0.844036 
1657 -1.227364 
1658 -1.444935 
1659 -1.237783 
1660 -0.954249 
1661 -1.335072 
1662 -1.123132 
1663 -1.280288 
1664 -1.501795 
1665 -1.446398 
1666 -0.805670 
1667 -1.018088 
1668 -1.094691 
1669 -1.601483 
1670 -1.180652 
1671 -0.836776 
1672 -0.811520 
1673 -1.424783 
1674 -1.236842 
1675 -1.086491 
1676 -1.202878 
1677 -1.064078 
1678 -1.282830 
1679 -1.248318 
1680 -0.116718 
1681 -3.046763 
1682 -1.311151 
1683 -0.536659 
1684 -1.292739 
1685 -1.085283 
1686 -1.130620 
1687 -1.212096 
1688 -1.049568 
1689 -1.181958 
1690 -1.104678 
1691 -1.308328 
1692 -1.205978 
1693 -1.382529 
1694 -1.002009 
1695 -1.152911 
1696 -1.478581 
1697 -1.215971 
1698 -1.043187 
1699 -1.078166 
1700 -1.176084 
1701 -1.094213 
1702 -1.101686 
1703 -1.447083 
1704 -1.146597 
1705 -1.018940 
1706 -1.259219 
1707 -1.165658 
1708 -1.172762 
1709 -1.252995 
1710 -1.292770 
1711 -0.964328 
1712 -1.336447 
1713 -1.235790 
1714 -0.977312 
1715 -1.126404 
1716 -0.949033 
1717 -1.272196 
1718 -1.080918 
1719 -1.331979 
1720 -0.968903 
1721 -1.028623 
1722 -1.380141 
1723 -1.288283 
1724 -1.284045 
1725 -1.183520 
1726 -1.244047 
1727 -0.976328 
1728 -1.249445 
1729 -1.551193 
1730 -1.120235 
1731 -0.882609 
1732 -2.720401 
1733 -1.365373 
1734 -1.284831 
1735 0.057675 
1736 -1.265361 
1737 -1.061229 
1738 -1.515542 
1739 -1.205541 
1740 -1.312790 
1741 -1.131002 
1742 -1.098453 
1743 -1.547224 
1744 -1.649866 
1745 -1.328366 
1746 -1.222980 
1747 -0.823658 
1748 -0.717957 
1749 -1.151708 
1750 -1.702725 
1751 -1.425782 
1752 -1.457262 
1753 -1.194028 
1754 -1.388404 
1755 -0.938883 
1756 -0.889330 
1757 -1.024861 
1758 -1.398096 
1759 -1.642445 
1760 -1.282177 
1761 -1.259012 
1762 -1.495345 
1763 -0.961617 
1764 -1.421372 
1765 -0.765057 
1766 -1.059586 
1767 -1.616194 
1768 -1.795536 
1769 -1.270699 
1770 -1.068981 
1771 -0.767927 
1772 -1.498864 
1773 -1.439557 
1774 -0.968193 
1775 -0.976494 
1776 -1.169502 
1777 -1.648103 
1778 -0.898172 
1779 -1.216248 
1780 -1.469183 
1781 -1.314272 
1782 -1.524083 
1783 -0.873627 
1784 -2.812945 
1785 -1.310276 
1786 -0.876310 
1787 -0.438961 
1788 -1.027036 
1789 -1.203919 
1790 -1.460972 
1791 -1.091788 
1792 -1.156782 
1793 -1.221750 
1794 -1.079162 
1795 -1.038905 
1796 -1.300360 
1797 -0.982806 
1798 -1.254866 
1799 -1.143722 
1800 -1.150640 
1801 -1.094801 
1802 -1.129707 
1803 -1.186081 
1804 -1.008138 
1805 -1.220119 
1806 -1.223534 
1807 -1.105893 
1808 -1.210035 
1809 -1.149857 
1810 -1.255392 
1811 -1.028044 
1812 -1.130427 
1813 -1.355095 
1814 -0.749833 
1815 -1.056677 
1816 -1.155235 
1817 -0.965377 
1818 -1.039184 
1819 -1.495494 
1820 -1.245640 
1821 -0.967425 
1822 -1.217171 
1823 -1.257241 
1824 -1.171488 
1825 -1.185939 
1826 -1.117073 
1827 -1.150133 
1828 -1.399467 
1829 -1.147377 
1830 -1.080064 
1831 -0.984535 
1832 -1.053520 
1833 -1.280129 
1834 -1.005919 
1835 -1.260838 
1836 -1.093325 
1837 -1.043893 
1838 -1.275636 
1839 -1.226674 
1840 -1.401300 
1841 -1.166390 
1842 -1.035190 
1843 -1.082081 
1844 -0.727383 
1845 -0.940404 
1846 -1.347740 
1847 -1.322512 
1848 -3.581157 
1849 -2.054002 
1850 -0.618082 
1851 0.338153 
1852 -0.923773 
1853 -1.041809 
1854 -1.196709 
1855 -1.578476 
1856 -1.661432 
1857 -1.633162 
1858 -0.749517 
1859 -0.734357 
1860 -1.235161 
1861 -1.370477 
1862 -1.165862 
1863 -1.233823 
1864 -1.010351 
1865 -0.866060 
1866 -1.234233 
1867 -1.691761 
1868 -1.561185 
1869 -1.566481 
1870 -1.050831 
1871 -0.710016 
1872 -1.067152 
1873 -1.080747 
1874 -1.348172 
1875 -1.364935 
1876 -0.872117 
1877 -1.377883 
1878 -1.262560 
1879 -1.442364 
1880 -1.039295 
1881 -1.204957 
1882 -1.162917 
1883 -1.603000 
1884 -1.109205 
1885 -1.208630 
1886 -1.072659 
1887 -1.489319 
1888 -1.282030 
1889 -1.257570 
1890 -1.077181 
1891 -1.283583 
1892 -1.382921 
1893 -1.067976 
1894 -0.936102 
1895 -1.327380 
1896 -1.222452 
1897 -1.301510 
1898 -1.452600 
1899 -0.916720 
1900 -1.444834 
1901 -1.434896 
1902 -1.195261 
1903 -0.923604 
1904 -0.141360 
1905 -2.589159 
1906 -1.723832 
1907 -0.573242 
1908 -1.476040 
1909 -1.293847 
1910 -1.001588 
1911 -1.097593 
1912 -1.280875 
1913 -1.264115 
1914 -1.154478 
1915 -1.023844 
1916 -1.199803 
1917 -1.267482 
1918 -1.080835 
1919 -1.085505 
1920 -1.170042 
1921 -0.892705 
1922 -1.240597 
1923 -1.385728 
1924 -1.333130 
1925 -1.130789 
1926 -1.223124 
1927 -0.902234 
1928 -0.868213 
1929 -1.277895 
1930 -1.323927 
1931 -0.954064 
1932 -1.097474 
1933 -1.199938 
1934 -1.271684 
1935 -1.173900 
1936 -1.046676 
1937 -1.104608 
1938 -1.276360 
1939 -1.150658 
1940 -1.397715 
1941 -1.230759 
1942 -0.953932 
1943 -0.904842 
1944 -0.969348 
1945 -1.062598 
1946 -1.264192 
1947 -1.373685 
1948 -1.171620 
1949 -1.196785 
1950 -0.937065 
1951 -1.434324 
1952 -1.274067 
1953 -1.168646 
1954 -1.208496 
1955 -0.963140 
1956 -3.094197 
1957 -1.422810 
1958 -1.636640 
1959 0.153611 
1960 -1.220146 
1961 -1.376191 
1962 -1.170870 
1963 -1.050522 
1964 -1.331938 
1965 -1.187385 
1966 -0.972255 
1967 -1.312894 
1968 -1.102804 
1969 -1.188664 
1970 -0.926072 
1971 -1.391717 
1972 -1.084760 
1973 -1.379237 
1974 -1.251660 
1975 -1.133822 
1976 -1.231202 
1977 -1.236624 
1978 -1.174904 
1979 -1.183113 
1980 -1.125422 
1981 -1.031481 
1982 -1.137804 
1983 -1.484296 
1984 -1.276055 
1985 -1.041760 
1986 -1.164711 
1987 -1.437511 
1988 -1.417640 
1989 -1.059216 
1990 -1.332620 
1991 -1.104009 
1992 -1.104948 
1993 -0.811996 
1994 -1.033150 
1995 -1.915191 
1996 -1.888718 
1997 -1.167760 
1998 -0.861432 
1999 -0.943704 
2000 -1.335542 
2001 -1.303281 
2002 -1.496771 
2003 -0.782664 
2004 -0.787994 
2005 -0.888445 
2006 -0.320449 
2007 -3.269350 
2008 -1.890008 
2009 -1.302717 
2010 -0.722368 
2011 -0.619070 
2012 -1.325788 
2013 -1.128976 
2014 -1.238880 
2015 -0.909818 
2016 -1.233460 
2017 -1.102826 
2018 -1.167649 
2019 -1.036170 
2020 -1.530188 
2021 -1.461736 
2022 -0.998663 
2023 -0.647504 
2024 -0.971449 
2025 -1.242155 
2026 -1.406670 
2027 -1.068559 
2028 -1.128944 
2029 -1.389686 
2030 -1.133592 
2031 -1.178699 
2032 -1.352906 
2033 -1.139710 
2034 -1.013226 
2035 -1.233134 
2036 -1.320841 
2037 -1.254239 
2038 -1.240381 
2039 -0.823858 
2040 -0.828794 
2041 -0.795009 
2042 -1.562045 
2043 -1.403250 
2044 -1.614274 
2045 -1.296165 
2046 -0.900198 
2047 -0.924133 
2048 -1.405125 
2049 -1.157243 
2050 -1.065943 
2051 -1.057254 
2052 -1.221393 
2053 -1.221543 
2054 -1.325580 
2055 -0.715074 
2056 0.784354 
2057 0.399435 
2058 -3.870203 
2059 -2.299965 
2060 -2.567188 
2061 -1.226677 
2062 -0.450233 
2063 -0.180917 
2064 -0.986435 
2065 -0.893035 
2066 -1.027750 
2067 -1.810934 
2068 -1.236197 
2069 -0.984262 
2070 -1.324239 
2071 -1.085072 
2072 -1.108368 
2073 -1.173268 
2074 -1.219128 
2075 -1.223365 
2076 -0.977869 
2077 -0.899156 
2078 -1.358172 
2079 -1.527190 
2080 -1.284440 
2081 -1.279351 
2082 -1.229538 
2083 -0.972372 
2084 -0.800428 
2085 -1.086433 
2086 -1.291174 
2087 -1.304146 
2088 -1.116351 
2089 -1.057775 
2090 -1.092597 
2091 -1.494764 
2092 -1.288063 
2093 -0.986877 
2094 -1.075470 
2095 -1.240787 
2096 -1.097362 
2097 -1.276572 
2098 -1.100862 
2099 -1.055283 
2100 -1.138579 
2101 -1.239392 
2102 -1.239725 
2103 -1.042399 
2104 -0.873488 
2105 -1.345582 
2106 -1.360783 
2107 -1.139678 
2108 0.195890 
2109 0.645359 
2110 -3.160335 
2111 -2.544236 
2112 -2.085142 
2113 -0.062787 
2114 -1.054726 
2115 -1.400553 
2116 -1.852633 
2117 -1.207987 
2118 -1.150964 
2119 -0.562320 
2120 -0.613163 
2121 -1.129824 
2122 -1.393403 
2123 -1.673207 
2124 -1.582425 
2125 -0.957101 
2126 -1.209952 
2127 -1.108508 
2128 -0.904691 
2129 -1.363719 
2130 -1.439431 
2131 -1.034463 
2132 -0.984356 
2133 -1.513351 
2134 -1.346546 
2135 -1.087301 
2136 -1.617947 
2137 -1.159360 
2138 -0.826774 
2139 -1.322127 
2140 -1.618567 
2141 -1.542864 
2142 -0.946764 
2143 -0.851352 
2144 -1.218106 
2145 -0.905617 
2146 -1.391854 
2147 -1.413007 
2148 -0.696249 
2149 -1.355471 
2150 -1.550716 
2151 -1.254958 
2152 -1.728118 
2153 -1.336307 
2154 -0.979360 
2155 -0.707749 
2156 -0.896320 
2157 -1.871869 
2158 -1.253599 
2159 -0.740676 
2160 0.145527 
2161 -2.029974 
2162 -1.713899 
2163 -1.527537 
2164 -1.780018 
2165 -1.132954 
2166 -1.139881 
2167 -0.846105 
2168 -1.271924 
2169 -1.100687 
2170 -1.493731 
2171 -0.943937 
2172 -1.203661 
2173 -1.429474 
2174 -1.266219 
2175 -1.087024 
2176 -0.934862 
2177 -1.299980 
2178 -1.127762 
2179 -1.212411 
2180 -1.315160 
2181 -1.057112 
2182 -0.901510 
2183 -1.424667 
2184 -1.338712 
2185 -1.550493 
2186 -0.900648 
2187 -0.990967 
2188 -1.078352 
2189 -1.109440 
2190 -1.253354 
2191 -1.391442 
2192 -1.251811 
2193 -1.263509 
2194 -1.171490 
2195 -1.051369 
2196 -1.142473 
2197 -1.156358 
2198 -1.325242 
2199 -1.118728 
2200 -1.079351 
2201 -1.401298 
2202 -0.975098 
2203 -1.181763 
2204 -0.858174 
2205 -1.128525 
2206 -1.233761 
2207 -1.431327 
2208 -1.367622 
2209 -1.240017 
2210 -1.145250 
2211 -1.047858 
2212 -3.510032 
2213 -1.631018 
2214 -1.448223 
2215 0.297539 
2216 -1.365484 
2217 -1.062149 
2218 -1.156075 
2219 -1.248308 
2220 -1.281505 
2221 -1.163842 
2222 -1.562896 
2223 -0.871012 
2224 -1.084386 
2225 -1.431044 
2226 -1.233071 
2227 -1.109420 
2228 -1.055586 
2229 -1.330704 
2230 -0.987558 
2231 -1.393273 
2232 -1.332634 
2233 -1.157773 
2234 -1.288504 
2235 -1.077992 
2236 -1.349077 
2237 -1.131960 
2238 -1.000821 
2239 -1.382646 
2240 -1.181023 
2241 -0.776610 
2242 -1.092854 
2243 -1.860669 
2244 -1.516462 
2245 -1.659180 
2246 -1.209539 
2247 -0.512935 
2248 -0.729304 
2249 -0.778530 
2250 -1.610740 
2251 -1.774075 
2252 -1.304206 
2253 -1.246027 
2254 -1.370242 
2255 -0.888920 
2256 -1.403280 
2257 -1.228342 
2258 -1.334110 
2259 -1.060328 
2260 -0.600544 
2261 -0.908014 
2262 -0.719583 
2263 -2.976347 
2264 -1.623404 
2265 -1.294749 
2266 -0.956723 
2267 -0.910334 
2268 -1.179415 
2269 -1.204473 
2270 -1.328330 
2271 -1.025181 
2272 -1.081030 
2273 -1.271556 
2274 -1.124657 
2275 -1.209738 
2276 -1.301793 
2277 -1.479016 
2278 -1.035754 
2279 -0.868072 
2280 -1.067971 
2281 -1.110153 
2282 -1.042993 
2283 -1.305662 
2284 -1.335937 
2285 -1.364326 
2286 -0.804440 
2287 -1.255717 
2288 -1.655103 
2289 -1.082327 
2290 -0.865694 
2291 -1.205214 
2292 -1.312319 
2293 -1.533047 
2294 -0.960422 
2295 -1.047790 
2296 -1.179433 
2297 -0.961295 
2298 -1.320481 
2299 -1.122382 
2300 -1.019513 
2301 -1.297604 
2302 -1.289718 
2303 -1.146431 
2304 -1.115818 
2305 -1.182930 
2306 -0.978299 
2307 -1.300182 
2308 -1.617864 
2309 -1.183481 
2310 -0.881956 
2311 -0.854435 
2312 0.454310 
2313 0.777966 
2314 -4.206076 
2315 -2.234521 
2316 -2.298568 
2317 -1.202610 
2318 -0.700256 
2319 -0.528742 
2320 -1.170401 
2321 -1.216633 
2322 -1.093159 
2323 -1.333327 
2324 -1.213337 
2325 -0.967200 
2326 -1.214134 
2327 -1.271570 
2328 -1.124663 
2329 -1.039681 
2330 -1.222435 
2331 -1.340940 
2332 -1.139976 
2333 -1.309588 
2334 -1.017299 
2335 -1.124233 
2336 -1.067946 
2337 -1.041855 
2338 -1.325459 
2339 -1.281918 
2340 -1.020535 
2341 -1.433030 
2342 -1.059789 
2343 -1.188682 
2344 -1.445745 
2345 -1.271731 
2346 -1.038221 
2347 -1.027632 
2348 -1.037353 
2349 -1.078202 
2350 -1.375586 
2351 -1.348968 
2352 -0.979724 
2353 -1.079912 
2354 -1.212947 
2355 -1.428146 
2356 -1.347453 
2357 -1.232675 
2358 -1.205559 
2359 -1.045959 
2360 -1.156013 
2361 -1.228282 
2362 -1.064195 
2363 -1.297617 
2364 -0.970315 
2365 -1.479395 
2366 -1.182586 
2367 -1.117088 
2368 -0.844572 
2369 -0.725808 
2370 -0.133294 
2371 -3.294077 
2372 -2.108900 
2373 -1.727433 
2374 -0.715170 
2375 -0.467735 
2376 -0.691586 
2377 -1.098784 
2378 -1.300165 
2379 -1.889625 
2380 -1.896415 
2381 -1.065584 
2382 -1.235822 
2383 -0.814347 
2384 -1.360493 
2385 -1.104630 
2386 -1.068021 
2387 -1.531822 
2388 -1.337575 
2389 -1.470266 
2390 -1.436054 
2391 -0.775567 
2392 -0.712545 
2393 -1.074650 
2394 -1.169675 
2395 -1.992396 
2396 -1.893248 
2397 -1.361477 
2398 -0.820848 
2399 -0.793302 
2400 -1.070449 
2401 -1.618423 
2402 -1.407314 
2403 -0.904602 
2404 -1.134305 
2405 -1.314518 
2406 -1.689566 
2407 -0.859501 
2408 -1.353452 
2409 -1.532912 
2410 -0.871122 
2411 -1.300516 
2412 -0.555953 
2413 -0.975533 
2414 -1.855570 
2415 -1.509747 
2416 -1.854242 
2417 -1.099621 
2418 -1.493016 
2419 -0.603566 
2420 -0.161987 
2421 0.206122 
2422 -2.509545 
2423 -2.256341 
2424 -1.932045 
2425 -1.300502 
2426 -0.869285 
2427 -0.551143 
2428 -1.115727 
2429 -1.145174 
2430 -1.214099 
2431 -1.264938 
2432 -1.321749 
2433 -1.108539 
2434 -1.103999 
2435 -1.157969 
2436 -0.898150 
2437 -1.123670 
2438 -1.320676 
2439 -1.322276 
2440 -1.111577 
2441 -1.185398 
2442 -1.142383 
2443 -1.145995 
2444 -1.332774 
2445 -1.124567 
2446 -0.851406 
2447 -1.366128 
2448 -0.814799 
2449 -0.915128 
2450 -1.411721 
2451 -1.478264 
2452 -1.114023 
2453 -1.291272 
2454 -1.185290 
2455 -1.053630 
2456 -1.199975 
2457 -1.190534 
2458 -1.127768 
2459 -1.075270 
2460 -1.356983 
2461 -1.169070 
2462 -1.017506 
2463 -1.167041 
2464 -1.291598 
2465 -1.062703 
2466 -1.094710 
2467 -1.168980 
2468 -1.225292 
2469 -1.379629 
2470 -1.165902 
2471 -0.843152 
2472 0.180042 
2473 0.374018 
2474 -3.735130 
2475 -2.005072 
2476 -1.897671 
2477 -1.235615 
2478 -0.790924 
2479 -0.738284 
2480 -0.943160 
2481 -1.265653 
2482 -1.073907 
2483 -1.361342 
2484 -1.089283 
2485 -1.066918 
2486 -1.154969 
2487 -1.336800 
2488 -1.229548 
2489 -0.943324 
2490 -1.086452 
2491 -1.337387 
2492 -1.366231 
2493 -1.049805 
2494 -1.095261 
2495 -1.239287 
2496 -1.438171 
2497 -1.167095 
2498 -0.907459 
2499 -1.246052 
2500 -1.432128 
2501 -1.131141 
2502 -1.223439 
2503 -1.060647 
2504 -1.541692 
2505 -1.523516 
2506 -0.879152 
2507 -0.894400 
2508 -1.352038 
2509 -1.409536 
2510 -0.989207 
2511 -1.082669 
2512 -1.589886 
2513 -1.274725 
2514 -1.184583 
2515 -0.747037 
2516 -1.185675 
2517 -0.935492 
2518 -1.357763 
2519 -1.309949 
2520 -1.431494 
2521 -1.399513 
2522 -1.515207 
2523 -0.352512 
2524 -2.681059 
2525 -0.763810 
2526 -1.049753 
2527 -0.689452 
2528 -1.459627 
2529 -1.137445 
2530 -1.254017 
2531 -1.207402 
2532 -1.315214 
2533 -1.214208 
2534 -1.110792 
2535 -1.202576 
2536 -0.988926 
2537 -1.078212 
2538 -1.362624 
2539 -1.509532 
2540 -1.571665 
2541 -1.283810 
2542 -0.687257 
2543 -1.211847 
2544 -1.142498 
2545 -1.162722 
2546 -1.316109 
2547 -1.355183 
2548 -1.259094 
2549 -1.198357 
2550 -1.045484 
2551 -1.357174 
2552 -1.376915 
2553 -1.137511 
2554 -1.017798 
2555 -1.086173 
2556 -1.053457 
2557 -1.120485 
2558 -1.299486 
2559 -1.485546 
2560 -1.106472 
2561 -1.153468 
2562 -1.118044 
2563 -1.189131 
2564 -1.289091 
2565 -1.291080 
2566 -1.000071 
2567 -1.048403 
2568 -1.164380 
2569 -1.241638 
2570 -1.223034 
2571 -1.242092 
2572 -0.428549 
2573 -0.457346 
2574 0.129259 
2575 -4.367629 
2576 -2.126611 
2577 -1.986125 
2578 -0.587001 
2579 -0.045291 
2580 -0.984275 
2581 -1.235434 
2582 -1.166240 
2583 -1.377114 
2584 -1.448547 
2585 -1.357992 
2586 -1.031927 
2587 -1.040695 
2588 -1.314118 
2589 -1.135675 
2590 -1.169938 
2591 -1.299175 
2592 -0.987842 
2593 -1.305966 
2594 -1.071665 
2595 -1.399393 
2596 -1.244231 
2597 -1.118769 
2598 -1.250856 
2599 -1.133722 
2600 -1.336972 
2601 -1.121861 
2602 -1.238238 
2603 -1.101606 
2604 -1.298363 
2605 -0.909065 
2606 -1.386169 
2607 -1.265224 
2608 -1.292541 
2609 -1.181312 
2610 -1.091196 
2611 -1.092267 
2612 -1.275611 
2613 -1.221706 
2614 -1.094427 
2615 -1.309737 
2616 -1.172676 
2617 -1.100637 
2618 -1.147884 
2619 -1.240817 
2620 -1.340481 
2621 -1.528780 
2622 -1.107960 
2623 -0.718129 
2624 0.101209 
2625 -0.002986 
2626 -2.981940 
2627 -1.828402 
2628 -1.955162 
2629 -1.354543 
2630 -0.735438 
2631 -0.775460 
2632 -1.169334 
2633 -0.694252 
2634 -1.348552 
2635 -1.699072 
2636 -1.567711 
2637 -1.427818 
2638 -0.888042 
2639 -0.883089 
2640 -0.881427 
2641 -0.990324 
2642 -1.116146 
2643 -1.771113 
2644 -1.281806 
2645 -1.035259 
2646 -1.351341 
2647 -1.407668 
2648 -1.719465 
2649 -1.402551 
2650 -1.070135 
2651 -0.674200 
2652 -0.773947 
2653 -1.108262 
2654 -1.063943 
2655 -1.892888 
2656 -1.502613 
2657 -1.149979 
2658 -1.173634 
2659 -0.893728 
2660 -1.099353 
2661 -1.197000 
2662 -1.141215 
2663 -1.498367 
2664 -1.403729 
2665 -1.106048 
2666 -1.224352 
2667 -1.167880 
2668 -0.813655 
2669 -1.098905 
2670 -1.337309 
2671 -1.482850 
2672 -2.154299 
2673 -1.260107 
2674 -0.858156 
2675 -0.548484 
2676 -0.083482 
2677 -2.314259 
2678 -1.632863 
2679 -0.877128 
2680 -0.780820 
2681 -1.416405 
2682 -1.227653 
2683 -1.393009 
2684 -1.688708 
2685 -1.017653 
2686 -1.150088 
2687 -0.965291 
2688 -1.062337 
2689 -1.369604 
2690 -1.035231 
2691 -1.206689 
2692 -1.488435 
2693 -1.002161 
2694 -1.090717 
2695 -1.059323 
2696 -1.196271 
2697 -1.053656 
2698 -0.974946 
2699 -1.426886 
2700 -1.275296 
2701 -0.919680 
2702 -1.093298 
2703 -1.255527 
2704 -0.997979 
2705 -1.038337 
2706 -1.527022 
2707 -0.986647 
2708 -1.253568 
2709 -1.090456 
2710 -1.165645 
2711 -1.022153 
2712 -1.055676 
2713 -1.309739 
2714 -1.070383 
2715 -1.248513 
2716 -1.083614 
2717 -1.238097 
2718 -1.261298 
2719 -0.968890 
2720 -1.080035 
2721 -1.327450 
2722 -1.231427 
2723 -1.041191 
2724 -0.954942 
2725 -1.345538 
2726 -1.151859 
2727 -1.028079 
2728 -0.591904 
2729 -0.628712 
2730 -3.796858 
2731 1.422684 
2732 -2.352432 
2733 -1.605843 
2734 0.283428 
2735 2.046771 
2736 2.358883 
2737 2.257086 
2738 1.820428 
2739 -1.960097 
2740 -1.303510 
2741 -1.584021 
2742 -1.041643 
2743 -0.709534 
2744 -0.610575 
2745 -1.373440 
2746 -1.266837 
2747 -1.393412 
2748 -1.418801 
2749 -1.202350 
2750 -0.974854 
2751 -1.116581 
2752 -1.860985 
2753 -2.224046 
2754 -0.181484 
2755 1.261928 
2756 -0.342063 
2757 0.306285 
2758 -3.418782 
2759 -0.054081 
2760 1.602127 
2761 -1.244473 
2762 -1.487648 
2763 -2.101610 
2764 -0.665125 
2765 1.035535 
2766 -1.682391 
2767 -2.637696 
2768 -2.223632 
2769 -1.745584 
2770 0.005552 
2771 1.353299 
2772 -1.585065 
2773 -2.512707 
2774 -0.456858 
2775 1.551054 
2776 -1.639216 
2777 -2.502812 
2778 -0.511261 
2779 1.240352 
2780 -3.516814 
2781 -0.280427 
2782 0.678148 
2783 -0.085724 
2784 1.673087 
2785 -1.485488 
2786 -2.304920 
2787 -0.481401 
2788 1.058778 
2789 -3.290397 
2790 -0.661695 
2791 -0.033547 
2792 -1.812686 
2793 -0.135176 
2794 1.315671 
2795 -2.016378 
2796 -2.163754 
2797 -1.699178 
2798 0.022378 
2799 1.097763 
2800 -2.048076 
2801 -0.030045 
2802 1.701040 
2803 -2.466894 
2804 -2.096723 
2805 0.063237 
2806 1.223303 
2807 -1.695171 
2808 -0.989352 
2809 -1.225238 
2810 -1.193572 
2811 -1.122449 
2812 -1.297343 
2813 0.012726 
2814 -1.916796 
2815 -1.152657 
2816 -0.875973 
2817 -3.153673 
2818 -1.015636 
2819 0.142541 
2820 -0.684909 
2821 -2.270207 
2822 -0.331905 
2823 -1.545868 
2824 -1.308809 
2825 -1.385284 
2826 -0.930175 
2827 -1.037118 
2828 -1.020260 
2829 -1.312370 
2830 -1.214315 
2831 -0.862160 
2832 -0.833018 
2833 -2.072300 
2834 -1.332526 
2835 -0.639656 
2836 -1.892725 
2837 -0.760781 
2838 0.570402 
2839 -1.692751 
2840 -1.211341 
2841 -1.761220 
2842 -0.998284 
2843 -0.693996 
2844 0.186540 
2845 -2.582207 
2846 -1.038745 
2847 -1.476344 
2848 -0.771084 
2849 -2.386528 
2850 -1.314149 
2851 -0.858647 
2852 -1.634575 
2853 -1.574137 
2854 -1.058512 
2855 -1.055871 
2856 -2.164463 
2857 -1.290329 
2858 -0.088847 
2859 -1.604823 
2860 -1.578432 
2861 -1.452019 
2862 -1.701257 
2863 -0.596096 
2864 -1.517882 
2865 -1.314922 
2866 -1.040343 
2867 -1.603800 
2868 -0.837792 
2869 -1.452402 
2870 -1.366720 
2871 -1.770821 
2872 -1.523671 
2873 -1.601240 
2874 -1.246488 
2875 -1.191122 
2876 -1.274625 
2877 -1.327695 
2878 -1.601528 
2879 -1.259917 
2880 -1.542780 
2881 -1.814864 
2882 -1.448507 
2883 -0.613129 
2884 0.270561 
2885 -1.841078 
2886 -0.697821 
2887 -2.033696 
2888 -0.882340 
2889 -2.457651 
2890 -1.057146 
2891 0.415256 
2892 -0.670517 
2893 -1.901554 
2894 -1.137461 
2895 -1.671930 
2896 -1.693637 
2897 -1.321776 
2898 -0.374098 
2899 -1.886720 
2900 -0.771137 
2901 0.126474 
2902 -2.100766 
2903 -1.632027 
2904 -2.261441 
2905 -0.597748 
2906 -1.125345 
2907 -0.560936 
2908 -0.767724 
2909 -2.547611 
2910 1.018453 
2911 2.572042 
2912 2.245993 
2913 -0.455276 
2914 -1.174725 
2915 3.166448 
2916 -1.756632 
2917 2.905189 
2918 0.080088 
2919 2.491583 
2920 1.103181 
2921 2.841798 
2922 2.872288 
2923 -1.606199 
2924 1.041080 
2925 -0.315914 
2926 0.411077 
2927 -2.666458 
2928 -1.156959 
2929 2.906105 
2930 -1.649292 
2931 0.524605 
2932 -2.725564 
2933 -0.385467 
2934 -0.161815 
2935 -0.100313 
2936 -2.705244 
2937 0.423389 
2938 0.382568 
2939 -0.883138 
2940 -2.057075 
2941 -1.452547 
2942 -0.208331 
2943 -1.528840 
2944 -2.118100 
2945 -0.853100 
2946 -0.203964 
2947 -0.485640 
2948 0.290683 
2949 -1.286866 
2950 -1.524283 
2951 -1.452221 
2952 -1.587760 
2953 -1.278755 
2954 -0.741327 
2955 0.330620 
2956 -1.353538 
2957 -1.294060 
2958 -1.370809 
2959 0.274981 
2960 -0.424048 
2961 -1.080238 
2962 -1.325582 
2963 -2.211992 
2964 -2.090336 
2965 -2.478590 
2966 -0.391187 
2967 -0.136837 
2968 -1.245236 
2969 -1.257035 
2970 -0.954900 
2971 -1.024195 
2972 -1.055945 
2973 -1.113484 
2974 -0.888268 
2975 -1.473645 
2976 -1.139406 
2977 -1.086761 
2978 -0.992184 
2979 -1.246017 
2980 -1.094827 
2981 -0.968654 
2982 -1.138850 
2983 -1.312248 
2984 -0.856907 
2985 -1.465732 
2986 -1.079048 
2987 -1.147751 
2988 -1.280661 
2989 -1.693986 
2990 -1.162683 
2991 -0.669899 
2992 -1.879944 
2993 -1.395807 
2994 -0.786440 
2995 -0.817294 
2996 0.061394 
2997 -0.991012 
2998 -1.103760 
2999 -1.357200 
3000 -0.106045 
3001 1.744876 
3002 -1.962542 
3003 -1.056336 
3004 -0.561596 
3005 -0.186528 
3006 -2.157077 
3007 -0.800663 
3008 -1.954135 
3009 -0.864558 
3010 -1.864512 
3011 1.688470 
3012 0.452955 
3013 -3.366512 
3014 -1.763221 
3015 0.165721 
3016 -1.056316 
3017 -1.092206 
3018 -0.546523 
3019 -1.887738 
3020 -0.607543 
3021 -0.545549 
3022 -2.033926 
3023 -0.716239 
3024 -2.502441 
3025 -1.325720 
3026 -0.432656 
3027 -0.290000 
3028 -1.121912 
3029 -2.337094 
3030 -1.142456 
