3175 1
2918 0.494114 
1169 0.494114 
2019 0.494114 
1626 0.494114 
2336 0.494114 
1533 0.494114 
2156 0.494114 
2875 0.494114 
823 0.494114 
1171 0.494114 
3124 0.494114 
768 0.494114 
2020 0.494114 
2977 0.494114 
49 0.494114 
2613 0.494114 
205 0.494114 
2211 0.494114 
2338 0.494114 
289 0.494114 
948 0.494114 
1170 0.494114 
3048 0.494114 
2018 0.494114 
2337 0.494114 
2559 0.494114 
949 0.494114 
950 0.494114 
2558 0.494114 
2557 0.494114 
1777 0.478844 
389 0.478844 
1467 0.478844 
1557 0.478844 
229 0.478844 
1301 0.478844 
1303 0.478844 
3072 0.478844 
1776 0.478844 
1778 0.478844 
1243 0.478844 
1244 0.478844 
1245 0.478844 
2899 0.478844 
2412 0.478844 
2411 0.478844 
1022 0.478844 
1299 0.478844 
1023 0.478844 
1024 0.478844 
2803 0.478844 
390 0.478844 
1358 0.478844 
2178 0.478844 
3001 0.478844 
388 0.478844 
709 0.478844 
708 0.478844 
706 0.478844 
33 0.478844 
705 0.478844 
2410 0.478844 
763 0.478844 
147 0.478844 
704 0.478844 
766 0.478844 
1505 0.475675 
2375 0.475675 
178 0.475675 
2749 0.475675 
800 0.475675 
640 0.475675 
2321 0.475675 
1602 0.475675 
798 0.475675 
2692 0.475675 
2690 0.475675 
1968 0.475675 
1438 0.475675 
1679 0.475675 
2636 0.475675 
2635 0.475675 
2694 0.475675 
581 0.475675 
2378 0.475675 
854 0.475675 
856 0.475675 
249 0.475675 
858 0.475675 
1573 0.475675 
580 0.475675 
582 0.475675 
2859 0.475675 
2186 0.475675 
2929 0.475675 
638 0.475675 
1704 0.475675 
799 0.475675 
79 0.475675 
636 0.475675 
167 0.457016 
1427 0.457016 
1456 0.457016 
1407 0.457016 
36 0.457016 
125 0.457016 
3100 0.457016 
325 0.457016 
238 0.457016 
66 0.457016 
1376 0.456429 
2707 0.456429 
2708 0.456429 
713 0.456429 
2650 0.456429 
714 0.456429 
2651 0.456429 
715 0.456429 
2709 0.456429 
2159 0.456429 
2902 0.456429 
1578 0.456429 
256 0.456429 
1645 0.456429 
1445 0.456429 
2103 0.456429 
813 0.456429 
814 0.456429 
1709 0.456429 
815 0.456429 
876 0.456429 
873 0.456429 
871 0.456429 
2934 0.456429 
2101 0.456429 
2102 0.456429 
869 0.456429 
1510 0.456429 
2705 0.456429 
1684 0.456429 
185 0.456429 
1723 0.456429 
2736 0.453775 
2665 0.453775 
2717 0.453775 
2718 0.453775 
3087 0.453775 
2664 0.453775 
311 0.453775 
2662 0.453775 
288 0.453775 
2738 0.453775 
1348 0.453775 
1330 0.453775 
1401 0.453775 
1350 0.453775 
3159 0.453775 
10 0.453775 
1868 0.436095 
68 0.436095 
1668 0.436095 
327 0.436095 
1526 0.436095 
1458 0.436095 
549 0.436095 
1927 0.436095 
169 0.436095 
3102 0.436095 
1873 0.436095 
1930 0.436095 
604 0.436095 
1429 0.436095 
240 0.436095 
1872 0.436095 
1409 0.436095 
72 0.436095 
161 0.436095 
1870 0.436095 
2345 0.426344 
292 0.426344 
3137 0.426344 
991 0.426344 
2878 0.426344 
2346 0.426344 
2324 0.426344 
2622 0.426344 
2379 0.426344 
2972 0.426344 
2567 0.426344 
2568 0.426344 
2778 0.426344 
2029 0.426344 
208 0.426344 
52 0.426344 
1745 0.426344 
936 0.426344 
2347 0.426344 
2027 0.426344 
3051 0.426344 
1178 0.426344 
2028 0.426344 
957 0.426344 
1749 0.426344 
958 0.426344 
1629 0.426344 
959 0.426344 
1179 0.426344 
1536 0.426344 
361 0.426344 
1180 0.426344 
3127 0.426344 
2980 0.426344 
357 0.426344 
2566 0.426344 
65 0.422186 
1426 0.422186 
1455 0.422186 
237 0.422186 
322 0.422186 
107 0.422186 
1733 0.422186 
18 0.422186 
3099 0.422186 
166 0.422186 
1824 0.422186 
1056 0.419495 
1055 0.419495 
1476 0.419495 
1826 0.419495 
275 0.419495 
1054 0.419495 
1986 0.419495 
1827 0.419495 
155 0.419495 
1828 0.419495 
2236 0.419495 
2237 0.419495 
2238 0.419495 
2443 0.419495 
1929 0.419495 
1928 0.419495 
2444 0.419495 
1926 0.419495 
1924 0.419495 
3011 0.419495 
2442 0.419495 
2813 0.419495 
438 0.419495 
439 0.419495 
440 0.419495 
2945 0.419495 
2203 0.419495 
1565 0.419495 
1983 0.419495 
2202 0.419495 
2039 0.419495 
6 0.418013 
307 0.418013 
216 0.418013 
2724 0.418013 
2726 0.418013 
1338 0.418013 
3155 0.418013 
1336 0.418013 
3083 0.418013 
309 0.405506 
2730 0.405506 
2732 0.405506 
1342 0.405506 
1344 0.405506 
3157 0.405506 
3085 0.405506 
252 0.405506 
8 0.405506 
328 0.391542 
1410 0.391542 
1497 0.391542 
1596 0.391542 
170 0.391542 
1430 0.391542 
241 0.391542 
3103 0.391542 
1527 0.391542 
179 0.391542 
1669 0.391542 
69 0.391542 
90 0.391542 
1174 0.380656 
2267 0.380656 
2339 0.380656 
3125 0.380656 
2616 0.380656 
2936 0.380656 
953 0.380656 
2340 0.380656 
1173 0.380656 
951 0.380656 
206 0.380656 
952 0.380656 
2560 0.380656 
2978 0.380656 
1627 0.380656 
2021 0.380656 
2212 0.380656 
2023 0.380656 
50 0.380656 
2022 0.380656 
1172 0.380656 
2876 0.380656 
3049 0.380656 
1534 0.380656 
290 0.380656 
824 0.380656 
2341 0.380656 
2562 0.380656 
879 0.380656 
2561 0.380656 
2306 0.371989 
1996 0.371989 
916 0.371989 
1331 0.371989 
279 0.371989 
159 0.371989 
1332 0.371989 
341 0.371989 
918 0.371989 
2719 0.371989 
2720 0.371989 
1960 0.371989 
3107 0.371989 
2305 0.371989 
917 0.371989 
2937 0.371989 
2304 0.371989 
1616 0.371989 
2217 0.371989 
2272 0.371989 
2867 0.371989 
884 0.371989 
1403 0.371989 
1137 0.371989 
1994 0.371989 
3038 0.371989 
1138 0.371989 
1139 0.371989 
3081 0.371989 
829 0.371989 
2527 0.371989 
2967 0.371989 
2526 0.371989 
111 0.371989 
2525 0.371989 
1402 0.371989 
1487 0.371989 
1394 0.371989 
1995 0.371989 
332 0.371989 
1368 0.369900 
2756 0.369900 
2754 0.369900 
3093 0.369900 
16 0.369900 
60 0.369900 
194 0.369900 
1366 0.369900 
317 0.369900 
87 0.369900 
3165 0.369900 
265 0.369900 
2540 0.361561 
1415 0.361561 
2542 0.361561 
2544 0.361561 
2599 0.361561 
76 0.361561 
246 0.361561 
175 0.361561 
1570 0.361561 
1502 0.361561 
1599 0.361561 
2545 0.361561 
1435 0.361561 
1674 0.361561 
2602 0.361561 
3145 0.359412 
2373 0.359412 
2371 0.359412 
401 0.359412 
2488 0.359412 
671 0.359412 
981 0.359412 
672 0.359412 
673 0.359412 
2786 0.359412 
983 0.359412 
1789 0.359412 
982 0.359412 
2369 0.359412 
2370 0.359412 
2590 0.359412 
2591 0.359412 
1204 0.359412 
2888 0.359412 
218 0.359412 
2592 0.359412 
1785 0.359412 
1203 0.359412 
300 0.359412 
1637 0.359412 
3059 0.359412 
2061 0.359412 
20 0.359412 
1202 0.359412 
2060 0.359412 
1544 0.359412 
2988 0.359412 
2059 0.359412 
397 0.359412 
134 0.359412 
2646 0.359412 
1941 0.346336 
1714 0.346336 
555 0.346336 
2957 0.346336 
2924 0.346336 
2850 0.346336 
554 0.346336 
609 0.346336 
1107 0.346336 
553 0.346336 
611 0.346336 
458 0.346336 
457 0.346336 
456 0.346336 
613 0.346336 
1105 0.346336 
1106 0.346336 
841 0.346336 
1845 0.346336 
1846 0.346336 
887 0.346336 
2171 0.346336 
1844 0.346336 
886 0.346336 
783 0.346336 
784 0.346336 
785 0.346336 
1606 0.346336 
3028 0.346336 
843 0.346336 
2276 0.346336 
99 0.346336 
888 0.346336 
2493 0.346336 
2494 0.346336 
2495 0.346336 
839 0.346336 
2819 0.346336 
2274 0.346336 
1676 0.346336 
1667 0.346336 
2275 0.346336 
123 0.346336 
2901 0.336079 
480 0.336079 
481 0.336079 
482 0.336079 
41 0.336079 
484 0.336079 
485 0.336079 
2105 0.336079 
539 0.336079 
306 0.336079 
1392 0.336079 
3036 0.336079 
2521 0.336079 
2520 0.336079 
1485 0.336079 
277 0.336079 
2519 0.336079 
2827 0.336079 
1954 0.336079 
109 0.336079 
717 0.336079 
3105 0.336079 
157 0.336079 
2300 0.336079 
1131 0.336079 
2299 0.336079 
1132 0.336079 
2965 0.336079 
2298 0.336079 
772 0.336079 
912 0.336079 
911 0.336079 
910 0.336079 
1614 0.336079 
542 0.336079 
2160 0.336079 
330 0.336079 
1133 0.336079 
838 0.323989 
552 0.323989 
551 0.323989 
1098 0.323989 
550 0.323989 
1097 0.323989 
2168 0.323989 
1096 0.323989 
782 0.323989 
836 0.323989 
840 0.323989 
881 0.323989 
882 0.323989 
883 0.323989 
1155 0.323989 
2271 0.323989 
2270 0.323989 
1158 0.323989 
2269 0.323989 
1605 0.323989 
1100 0.323989 
781 0.323989 
780 0.323989 
1658 0.323989 
1666 0.323989 
2818 0.323989 
610 0.323989 
608 0.323989 
606 0.323989 
2849 0.323989 
1713 0.323989 
1101 0.323989 
455 0.323989 
3025 0.323989 
2923 0.323989 
98 0.323989 
1843 0.323989 
1842 0.323989 
1841 0.323989 
454 0.323989 
453 0.323989 
122 0.323989 
1938 0.323989 
2956 0.323989 
488 0.314243 
1146 0.314243 
543 0.314243 
1147 0.314243 
1148 0.314243 
2313 0.314243 
1876 0.314243 
2870 0.314243 
282 0.314243 
2314 0.314243 
3041 0.314243 
1490 0.314243 
114 0.314243 
44 0.314243 
2315 0.314243 
1619 0.314243 
1386 0.314243 
347 0.314243 
2317 0.314243 
1969 0.314243 
2828 0.314243 
2970 0.314243 
3171 0.314243 
2004 0.314243 
2005 0.314243 
200 0.314243 
2775 0.314243 
1735 0.314243 
2534 0.314243 
2003 0.314243 
2535 0.314243 
3119 0.314243 
2536 0.314243 
2649 0.314243 
925 0.314243 
926 0.314243 
927 0.314243 
1931 0.314243 
1459 0.299007 
1687 0.299007 
724 0.299007 
2831 0.299007 
2112 0.299007 
2113 0.299007 
2114 0.299007 
725 0.299007 
1940 0.299007 
726 0.299007 
1648 0.299007 
1515 0.299007 
188 0.299007 
1884 0.299007 
1883 0.299007 
1726 0.299007 
2905 0.299007 
1882 0.299007 
2170 0.299007 
1581 0.299007 
259 0.299007 
496 0.299007 
495 0.299007 
494 0.299007 
1448 0.299007 
2225 0.289776 
1313 0.289776 
2224 0.289776 
408 0.289776 
409 0.289776 
410 0.289776 
2807 0.289776 
1796 0.289776 
1471 0.289776 
1311 0.289776 
1798 0.289776 
1797 0.289776 
151 0.289776 
2226 0.289776 
1036 0.289776 
1035 0.289776 
1315 0.289776 
1561 0.289776 
3076 0.289776 
1370 0.289776 
1034 0.289776 
1255 0.289776 
1256 0.289776 
1257 0.289776 
271 0.289776 
2422 0.289776 
2423 0.289776 
3005 0.289776 
2424 0.289776 
39 0.289776 
2941 0.289776 
2190 0.289776 
149 0.287502 
1307 0.287502 
1251 0.287502 
2416 0.287502 
2418 0.287502 
2218 0.287502 
2219 0.287502 
2220 0.287502 
2939 0.287502 
2184 0.287502 
1469 0.287502 
400 0.287502 
399 0.287502 
398 0.287502 
1364 0.287502 
1305 0.287502 
1787 0.287502 
1786 0.287502 
1030 0.287502 
231 0.287502 
3074 0.287502 
1559 0.287502 
1029 0.287502 
3003 0.287502 
1028 0.287502 
37 0.287502 
2417 0.287502 
1249 0.287502 
1788 0.287502 
2805 0.287502 
1309 0.287502 
1250 0.287502 
392 0.282794 
2367 0.282794 
1200 0.282794 
2056 0.282794 
2785 0.282794 
1784 0.282794 
979 0.282794 
396 0.282794 
2057 0.282794 
980 0.282794 
1199 0.282794 
1201 0.282794 
978 0.282794 
2987 0.282794 
1780 0.282794 
3144 0.282794 
2368 0.282794 
2643 0.282794 
1636 0.282794 
2058 0.282794 
2587 0.282794 
2588 0.282794 
2589 0.282794 
217 0.282794 
19 0.282794 
3058 0.282794 
133 0.282794 
668 0.282794 
299 0.282794 
2366 0.282794 
669 0.282794 
2887 0.282794 
670 0.282794 
1543 0.282794 
269 0.264379 
3 0.264379 
1421 0.264379 
2155 0.254319 
767 0.254319 
2900 0.254319 
48 0.254319 
947 0.254319 
2554 0.254319 
1985 0.254319 
3123 0.254319 
3047 0.254319 
1980 0.254319 
2016 0.254319 
2658 0.254319 
1494 0.254319 
1625 0.254319 
2017 0.254319 
204 0.254319 
1168 0.254319 
1167 0.254319 
1166 0.254319 
2976 0.254319 
2874 0.254319 
2556 0.254319 
654 0.254319 
2100 0.254319 
2334 0.254319 
945 0.254319 
2610 0.254319 
651 0.254319 
712 0.254319 
2335 0.254319 
1984 0.254319 
2555 0.254319 
1982 0.254319 
2333 0.254319 
2015 0.254319 
1981 0.254319 
286 0.254319 
946 0.254319 
1997 0.243050 
112 0.243050 
0 0.243050 
1999 0.243050 
1963 0.243050 
280 0.243050 
1998 0.243050 
1488 0.243050 
3039 0.243050 
1142 0.243050 
1141 0.243050 
2266 0.243050 
1140 0.243050 
1617 0.243050 
2309 0.243050 
2868 0.243050 
2308 0.243050 
2528 0.243050 
920 0.243050 
921 0.243050 
2791 0.243050 
919 0.243050 
160 0.243050 
1810 0.243050 
1814 0.243050 
1815 0.243050 
2307 0.243050 
42 0.243050 
422 0.243050 
426 0.243050 
427 0.243050 
2529 0.243050 
431 0.243050 
2968 0.243050 
2530 0.243050 
628 0.230565 
1861 0.230565 
1719 0.230565 
1860 0.230565 
1992 0.230565 
2510 0.230565 
2824 0.230565 
2511 0.230565 
2512 0.230565 
3033 0.230565 
624 0.230565 
2962 0.230565 
104 0.230565 
1122 0.230565 
1123 0.230565 
1124 0.230565 
626 0.230565 
1937 0.230565 
1389 0.230565 
1482 0.230565 
1611 0.230565 
472 0.230565 
471 0.230565 
903 0.230565 
2291 0.230565 
570 0.230565 
1956 0.230565 
902 0.230565 
2855 0.230565 
1945 0.230565 
568 0.230565 
901 0.230565 
569 0.230565 
1859 0.230565 
2290 0.230565 
473 0.230565 
323 0.230565 
2847 0.230565 
2289 0.230565 
2064 0.205456 
219 0.205456 
1794 0.205456 
135 0.205456 
21 0.205456 
1545 0.205456 
2063 0.205456 
2889 0.205456 
2062 0.205456 
984 0.205456 
986 0.205456 
3060 0.205456 
985 0.205456 
406 0.205456 
2428 0.205456 
2430 0.205456 
2432 0.205456 
2433 0.205456 
674 0.205456 
675 0.205456 
676 0.205456 
1205 0.205456 
2593 0.205456 
2594 0.205456 
988 0.205456 
1046 0.205456 
2595 0.205456 
1043 0.205456 
3146 0.205456 
2597 0.205456 
1638 0.205456 
2787 0.205456 
2989 0.205456 
402 0.205456 
301 0.205456 
2487 0.205456 
1207 0.205456 
2486 0.205456 
2484 0.205456 
1206 0.205456 
1790 0.205456 
989 0.205456 
2765 0.188430 
2763 0.188430 
164 0.188430 
3169 0.188430 
268 0.188430 
71 0.188430 
1453 0.188430 
63 0.188430 
320 0.188430 
3096 0.188430 
235 0.188430 
3168 0.188430 
1377 0.188430 
1375 0.188430 
1037 0.188402 
415 0.188402 
1259 0.188402 
1258 0.188402 
1802 0.188402 
2808 0.188402 
2229 0.188402 
1316 0.188402 
2193 0.188402 
40 0.188402 
1314 0.188402 
1038 0.188402 
1039 0.188402 
2228 0.188402 
1807 0.188402 
1472 0.188402 
2227 0.188402 
2427 0.188402 
1803 0.188402 
1562 0.188402 
2942 0.188402 
152 0.188402 
2426 0.188402 
3077 0.188402 
1801 0.188402 
3006 0.188402 
2425 0.188402 
1373 0.188402 
413 0.188402 
414 0.188402 
1260 0.188402 
272 0.188402 
2429 0.188402 
1318 0.188402 
1349 0.187220 
2998 0.187220 
2800 0.187220 
2169 0.187220 
142 0.187220 
697 0.187220 
696 0.187220 
695 0.187220 
374 0.187220 
28 0.187220 
2896 0.187220 
2402 0.187220 
1763 0.187220 
1762 0.187220 
1236 0.187220 
3069 0.187220 
2403 0.187220 
1013 0.187220 
1290 0.187220 
1292 0.187220 
1235 0.187220 
1294 0.187220 
226 0.187220 
1014 0.187220 
1761 0.187220 
2084 0.187220 
2083 0.187220 
30 0.187220 
1015 0.187220 
2401 0.187220 
2085 0.187220 
375 0.187220 
1464 0.187220 
373 0.187220 
1234 0.187220 
1554 0.187220 
816 0.172389 
1326 0.172389 
1325 0.172389 
1511 0.172389 
1323 0.172389 
1710 0.172389 
718 0.172389 
1446 0.172389 
1724 0.172389 
874 0.172389 
1379 0.172389 
1579 0.172389 
2108 0.172389 
257 0.172389 
872 0.172389 
2935 0.172389 
2107 0.172389 
2106 0.172389 
817 0.172389 
818 0.172389 
821 0.172389 
820 0.172389 
1685 0.172389 
719 0.172389 
2652 0.172389 
2653 0.172389 
2654 0.172389 
186 0.172389 
2903 0.172389 
1646 0.172389 
2164 0.172389 
720 0.172389 
2990 0.162893 
2435 0.162893 
362 0.162893 
2349 0.162893 
1630 0.162893 
366 0.162893 
1181 0.162893 
3138 0.162893 
1183 0.162893 
2981 0.162893 
2030 0.162893 
2031 0.162893 
2348 0.162893 
2779 0.162893 
1182 0.162893 
2032 0.162893 
1047 0.162893 
992 0.162893 
127 0.162893 
1537 0.162893 
2380 0.162893 
1754 0.162893 
2879 0.162893 
1750 0.162893 
209 0.162893 
2569 0.162893 
2570 0.162893 
2571 0.162893 
962 0.162893 
961 0.162893 
960 0.162893 
3128 0.162893 
3052 0.162893 
2625 0.162893 
293 0.162893 
2350 0.162893 
2904 0.137242 
1935 0.137242 
1647 0.137242 
2167 0.137242 
723 0.137242 
722 0.137242 
721 0.137242 
1725 0.137242 
491 0.137242 
490 0.137242 
489 0.137242 
1441 0.137242 
2830 0.137242 
1686 0.137242 
2111 0.137242 
187 0.137242 
2095 0.137242 
2098 0.137242 
1879 0.137242 
1580 0.137242 
258 0.137242 
1878 0.137242 
1877 0.137242 
2041 0.137242 
2109 0.137242 
2110 0.137242 
1447 0.137242 
1512 0.137242 
2842 0.136625 
1082 0.136625 
2682 0.136625 
2146 0.136625 
2147 0.136625 
1973 0.136625 
759 0.136625 
758 0.136625 
1917 0.136625 
2469 0.136625 
2470 0.136625 
2471 0.136625 
757 0.136625 
2149 0.136625 
1916 0.136625 
1915 0.136625 
1083 0.136625 
2916 0.136625 
1568 0.136625 
1081 0.136625 
2145 0.136625 
1661 0.136625 
3020 0.136625 
1657 0.136625 
2250 0.136625 
529 0.136625 
2737 0.136625 
2623 0.136625 
528 0.136625 
527 0.136625 
2624 0.136625 
2249 0.136625 
1594 0.136625 
2248 0.136625 
2678 0.136625 
2949 0.136625 
2680 0.136625 
93 0.136625 
1700 0.136625 
177 0.114422 
633 0.114422 
1965 0.114422 
1601 0.114422 
1678 0.114422 
1437 0.114422 
637 0.114422 
635 0.114422 
577 0.114422 
1504 0.114422 
2858 0.114422 
248 0.114422 
78 0.114422 
1572 0.114422 
579 0.114422 
578 0.114422 
1 0.109572 
1419 0.109572 
233 0.109572 
82 0.108653 
2739 0.108653 
2741 0.108653 
11 0.108653 
3160 0.108653 
55 0.108653 
1351 0.108653 
1353 0.108653 
3088 0.108653 
312 0.108653 
1347 0.103256 
3158 0.103256 
1345 0.103256 
310 0.103256 
9 0.103256 
270 0.103256 
3114 0.103256 
3113 0.103256 
3086 0.103256 
2733 0.103256 
2735 0.103256 
2852 0.099327 
615 0.099327 
617 0.099327 
2177 0.099327 
2821 0.099327 
1716 0.099327 
2793 0.099327 
2501 0.099327 
2502 0.099327 
2503 0.099327 
1608 0.099327 
789 0.099327 
790 0.099327 
791 0.099327 
463 0.099327 
1852 0.099327 
1851 0.099327 
1850 0.099327 
345 0.099327 
1947 0.099327 
3030 0.099327 
2959 0.099327 
436 0.099327 
462 0.099327 
561 0.099327 
464 0.099327 
2926 0.099327 
101 0.099327 
619 0.099327 
1385 0.099327 
324 0.099327 
559 0.099327 
560 0.099327 
1114 0.099327 
892 0.099327 
893 0.099327 
2282 0.099327 
894 0.099327 
17 0.099327 
2281 0.099327 
2280 0.099327 
1113 0.099327 
1115 0.099327 
849 0.099327 
845 0.099327 
847 0.099327 
504 0.094858 
2265 0.094858 
505 0.094858 
3109 0.094858 
2908 0.094858 
941 0.094858 
1690 0.094858 
2834 0.094858 
2329 0.094858 
1893 0.094858 
1892 0.094858 
1584 0.094858 
1451 0.094858 
1424 0.094858 
2121 0.094858 
1891 0.094858 
2384 0.094858 
2179 0.094858 
334 0.094858 
2122 0.094858 
2123 0.094858 
2319 0.094858 
1949 0.094858 
2973 0.094858 
1513 0.094858 
735 0.094858 
1518 0.094858 
734 0.094858 
733 0.094858 
1651 0.094858 
2322 0.094858 
996 0.094858 
1396 0.094858 
503 0.094858 
254 0.090587 
2645 0.090587 
2644 0.090587 
1508 0.090587 
183 0.090587 
2932 0.090587 
2862 0.090587 
589 0.090587 
867 0.090587 
807 0.090587 
809 0.090587 
808 0.090587 
1576 0.090587 
2758 0.090587 
1643 0.090587 
863 0.090587 
865 0.090587 
1443 0.090587 
1682 0.090587 
652 0.090587 
2703 0.090587 
649 0.090587 
647 0.090587 
590 0.090587 
591 0.090587 
1707 0.090587 
2699 0.090587 
2701 0.090587 
2195 0.090587 
645 0.090587 
266 0.080199 
88 0.080199 
2042 0.080199 
3094 0.080199 
2757 0.080199 
1371 0.080199 
2759 0.080199 
3118 0.080199 
1369 0.080199 
195 0.080199 
1875 0.080199 
318 0.080199 
61 0.080199 
3166 0.080199 
35 0.080199 
1063 0.079730 
1108 0.079730 
2596 0.079730 
1064 0.079730 
3111 0.079730 
3014 0.079730 
1065 0.079730 
1897 0.079730 
2601 0.079730 
1053 0.079730 
1899 0.079730 
2598 0.079730 
2600 0.079730 
1898 0.079730 
336 0.079730 
2452 0.079730 
739 0.079730 
1653 0.079730 
740 0.079730 
2496 0.079730 
1692 0.079730 
2836 0.079730 
741 0.079730 
2185 0.079730 
1549 0.079730 
2657 0.079730 
2656 0.079730 
2655 0.079730 
2441 0.079730 
511 0.079730 
2453 0.079730 
1520 0.079730 
1588 0.079730 
3009 0.079730 
2127 0.079730 
2128 0.079730 
2129 0.079730 
1460 0.079730 
1398 0.079730 
2451 0.079730 
1955 0.079730 
2910 0.079730 
509 0.079730 
510 0.079730 
2069 0.078303 
3148 0.078303 
2070 0.078303 
1334 0.078303 
23 0.078303 
2387 0.078303 
2068 0.078303 
2386 0.078303 
2388 0.078303 
137 0.078303 
1218 0.078303 
999 0.078303 
998 0.078303 
1547 0.078303 
2891 0.078303 
1738 0.078303 
1737 0.078303 
1736 0.078303 
1219 0.078303 
1000 0.078303 
1217 0.078303 
680 0.078303 
681 0.078303 
682 0.078303 
2795 0.078303 
2789 0.078303 
2764 0.078303 
1800 0.078303 
221 0.078303 
3064 0.078303 
303 0.078303 
1279 0.078303 
1275 0.078303 
1273 0.078303 
348 0.078303 
349 0.078303 
350 0.078303 
2993 0.078303 
1804 0.078303 
412 0.078303 
416 0.078303 
1746 0.056385 
1005 0.056385 
1461 0.056385 
1551 0.056385 
2074 0.056385 
1747 0.056385 
1748 0.056385 
2158 0.056385 
2076 0.056385 
2075 0.056385 
2392 0.056385 
1227 0.056385 
1226 0.056385 
1225 0.056385 
1281 0.056385 
1283 0.056385 
1006 0.056385 
1004 0.056385 
1285 0.056385 
688 0.056385 
687 0.056385 
686 0.056385 
2797 0.056385 
1340 0.056385 
2893 0.056385 
2995 0.056385 
359 0.056385 
2393 0.056385 
2394 0.056385 
223 0.056385 
360 0.056385 
358 0.056385 
25 0.056385 
139 0.056385 
3066 0.056385 
1417 0.042061 
197 0.042061 
3172 0.042061 
148 0.038820 
230 0.038820 
1558 0.038820 
34 0.038820 
1025 0.038820 
1026 0.038820 
1027 0.038820 
1468 0.038820 
2804 0.038820 
826 0.038820 
3073 0.038820 
2215 0.038820 
2214 0.038820 
2213 0.038820 
2181 0.038820 
1781 0.038820 
1782 0.038820 
1783 0.038820 
2938 0.038820 
395 0.038820 
394 0.038820 
393 0.038820 
3002 0.038820 
2415 0.038820 
1306 0.038820 
1304 0.038820 
1302 0.038820 
1361 0.038820 
1248 0.038820 
2414 0.038820 
1247 0.038820 
1246 0.038820 
2413 0.038820 
2661 0.038519 
1478 0.038519 
1068 0.038519 
2722 0.038519 
1589 0.038519 
2131 0.038519 
1067 0.038519 
1567 0.038519 
2497 0.038519 
1958 0.038519 
1164 0.038519 
3015 0.038519 
2667 0.038519 
2663 0.038519 
1902 0.038519 
337 0.038519 
3027 0.038519 
1521 0.038519 
2130 0.038519 
2607 0.038519 
2606 0.038519 
1066 0.038519 
2552 0.038519 
3112 0.038519 
1109 0.038519 
1900 0.038519 
1901 0.038519 
514 0.038519 
2188 0.038519 
2837 0.038519 
1695 0.038519 
1399 0.038519 
2454 0.038519 
2455 0.038519 
2456 0.038519 
2132 0.038519 
1654 0.038519 
513 0.038519 
512 0.038519 
2911 0.038519 
742 0.038519 
743 0.038519 
744 0.038519 
2175 0.037185 
1020 0.037185 
1021 0.037185 
2090 0.037185 
1242 0.037185 
2407 0.037185 
228 0.037185 
2802 0.037185 
1298 0.037185 
1019 0.037185 
2409 0.037185 
2089 0.037185 
1296 0.037185 
1772 0.037185 
1773 0.037185 
1300 0.037185 
2898 0.037185 
2408 0.037185 
2091 0.037185 
1771 0.037185 
2093 0.037185 
385 0.037185 
3071 0.037185 
1355 0.037185 
384 0.037185 
701 0.037185 
702 0.037185 
383 0.037185 
703 0.037185 
1556 0.037185 
3000 0.037185 
146 0.037185 
1241 0.037185 
1466 0.037185 
1240 0.037185 
32 0.037185 
1592 0.032136 
753 0.032136 
1967 0.032136 
1621 0.032136 
2947 0.032136 
2141 0.032136 
2140 0.032136 
2139 0.032136 
2731 0.032136 
751 0.032136 
3018 0.032136 
2676 0.032136 
2674 0.032136 
2672 0.032136 
1532 0.032136 
2618 0.032136 
2617 0.032136 
91 0.032136 
2840 0.032136 
1698 0.032136 
2197 0.032136 
523 0.032136 
522 0.032136 
521 0.032136 
1659 0.032136 
2463 0.032136 
752 0.032136 
2464 0.032136 
2914 0.032136 
2465 0.032136 
2242 0.032136 
2243 0.032136 
2244 0.032136 
1076 0.032136 
1075 0.032136 
1911 0.032136 
1910 0.032136 
1909 0.032136 
1077 0.032136 
1188 0.017381 
2356 0.017381 
1632 0.017381 
1104 0.017381 
653 0.017381 
2881 0.017381 
2577 0.017381 
211 0.017381 
2576 0.017381 
3130 0.017381 
372 0.017381 
376 0.017381 
1187 0.017381 
2575 0.017381 
2355 0.017381 
2038 0.017381 
1189 0.017381 
2492 0.017381 
2040 0.017381 
2354 0.017381 
2983 0.017381 
2547 0.017381 
3140 0.017381 
2781 0.017381 
967 0.017381 
968 0.017381 
966 0.017381 
2037 0.017381 
710 0.017381 
2631 0.017381 
1539 0.017381 
707 0.017381 
295 0.017381 
1764 0.017381 
2036 0.017381 
129 0.017381 
1760 0.017381 
1159 0.017381 
3054 0.017381 
3026 0.017381 
1530 0.002755 
1433 0.002755 
244 0.002755 
1672 0.002755 
173 0.002755 
144 0.002755 
1413 0.002755 
1597 0.002755 
74 0.002755 
1500 0.002755 
2097 0.002755 
2154 0.002755 
2151 0.002755 
795 0.001490 
429 0.001490 
1942 0.001490 
796 0.001490 
797 0.001490 
1119 0.001490 
1120 0.001490 
1481 0.001490 
1610 0.001490 
2774 0.001490 
621 0.001490 
1405 0.001490 
2792 0.001490 
468 0.001490 
469 0.001490 
470 0.001490 
2928 0.001490 
1936 0.001490 
1388 0.001490 
493 0.001490 
1856 0.001490 
623 0.001490 
898 0.001490 
2961 0.001490 
899 0.001490 
900 0.001490 
2823 0.001490 
565 0.001490 
2509 0.001490 
566 0.001490 
2507 0.001490 
1953 0.001490 
567 0.001490 
2854 0.001490 
1857 0.001490 
1858 0.001490 
326 0.001490 
3032 0.001490 
2829 0.001490 
1718 0.001490 
2183 0.001490 
2508 0.001490 
3117 0.001490 
1881 0.001490 
625 0.001490 
855 0.001490 
1121 0.001490 
103 0.001490 
432 0.001490 
851 0.001490 
853 0.001490 
1817 0.001490 
2288 0.001490 
1820 0.001490 
548 0.001490 
2287 0.001490 
2286 0.001490 
1411 -0.016418 
108 -0.016418 
1431 -0.016418 
1524 -0.016418 
1528 -0.016418 
1498 -0.016418 
1670 -0.016418 
171 -0.016418 
3104 -0.016418 
242 -0.016418 
70 -0.016418 
2816 -0.016785 
1664 -0.016785 
536 -0.016785 
2372 -0.016785 
2320 -0.016785 
1090 -0.016785 
541 -0.016785 
540 -0.016785 
1693 -0.016785 
537 -0.016785 
538 -0.016785 
2162 -0.016785 
2318 -0.016785 
830 -0.016785 
832 -0.016785 
834 -0.016785 
1835 -0.016785 
1836 -0.016785 
1837 -0.016785 
595 -0.016785 
2691 -0.016785 
1703 -0.016785 
2952 -0.016785 
2689 -0.016785 
2687 -0.016785 
120 -0.016785 
3023 -0.016785 
598 -0.016785 
2845 -0.016785 
2633 -0.016785 
2632 -0.016785 
2316 -0.016785 
2258 -0.016785 
2921 -0.016785 
1092 -0.016785 
96 -0.016785 
2478 -0.016785 
1622 -0.016785 
2479 -0.016785 
2257 -0.016785 
774 -0.016785 
775 -0.016785 
1091 -0.016785 
776 -0.016785 
2259 -0.016785 
2480 -0.016785 
2746 -0.016785 
449 -0.016785 
448 -0.016785 
447 -0.016785 
2012 -0.028113 
2013 -0.028113 
2873 -0.028113 
2882 -0.028113 
2014 -0.028113 
47 -0.028113 
203 -0.028113 
1979 -0.028113 
1978 -0.028113 
2975 -0.028113 
117 -0.028113 
2044 -0.028113 
3122 -0.028113 
3046 -0.028113 
285 -0.028113 
2099 -0.028113 
1161 -0.028113 
2605 -0.028113 
2332 -0.028113 
942 -0.028113 
2551 -0.028113 
656 -0.028113 
1624 -0.028113 
1163 -0.028113 
2331 -0.028113 
1162 -0.028113 
943 -0.028113 
944 -0.028113 
2330 -0.028113 
1493 -0.028113 
2549 -0.028113 
2550 -0.028113 
711 -0.028113 
263 -0.031864 
315 -0.031864 
1362 -0.031864 
192 -0.031864 
85 -0.031864 
1360 -0.031864 
3091 -0.031864 
58 -0.031864 
2750 -0.031864 
14 -0.031864 
3163 -0.031864 
2748 -0.031864 
1757 -0.053426 
1287 -0.053426 
1756 -0.053426 
2082 -0.053426 
694 -0.053426 
693 -0.053426 
225 -0.053426 
1012 -0.053426 
1758 -0.053426 
3068 -0.053426 
2081 -0.053426 
2080 -0.053426 
1010 -0.053426 
1011 -0.053426 
2400 -0.053426 
27 -0.053426 
369 -0.053426 
368 -0.053426 
1553 -0.053426 
1231 -0.053426 
692 -0.053426 
1291 -0.053426 
2997 -0.053426 
1232 -0.053426 
1233 -0.053426 
29 -0.053426 
1289 -0.053426 
2398 -0.053426 
141 -0.053426 
370 -0.053426 
1463 -0.053426 
2166 -0.053426 
2895 -0.053426 
2799 -0.053426 
2399 -0.053426 
1346 -0.053426 
333 -0.059010 
2118 -0.059010 
2120 -0.059010 
885 -0.059010 
1495 -0.059010 
940 -0.059010 
2955 -0.059010 
1890 -0.059010 
2273 -0.059010 
1889 -0.059010 
1888 -0.059010 
1583 -0.059010 
1517 -0.059010 
261 -0.059010 
2119 -0.059010 
2328 -0.059010 
1728 -0.059010 
2176 -0.059010 
1450 -0.059010 
1689 -0.059010 
1946 -0.059010 
2833 -0.059010 
2907 -0.059010 
3108 -0.059010 
1650 -0.059010 
3170 -0.059010 
730 -0.059010 
731 -0.059010 
502 -0.059010 
732 -0.059010 
500 -0.059010 
2771 -0.059010 
1395 -0.059010 
501 -0.059010 
236 -0.060783 
89 -0.060783 
1380 -0.060783 
1425 -0.060783 
1383 -0.060783 
3097 -0.060783 
1454 -0.060783 
321 -0.060783 
2766 -0.060783 
64 -0.060783 
2768 -0.060783 
2769 -0.060783 
1378 -0.060783 
165 -0.060783 
1381 -0.060783 
81 -0.065302 
2641 -0.065302 
2696 -0.065302 
1974 -0.065302 
1440 -0.065302 
2642 -0.065302 
1871 -0.065302 
1874 -0.065302 
253 -0.065302 
1507 -0.065302 
182 -0.065302 
1642 -0.065302 
1575 -0.065302 
1813 -0.065302 
1812 -0.065302 
1808 -0.065302 
1806 -0.065302 
806 -0.065302 
805 -0.065302 
804 -0.065302 
2755 -0.065302 
2931 -0.065302 
2700 -0.065302 
1681 -0.065302 
646 -0.065302 
644 -0.065302 
642 -0.065302 
586 -0.065302 
587 -0.065302 
588 -0.065302 
2861 -0.065302 
2192 -0.065302 
1706 -0.065302 
860 -0.065302 
2698 -0.065302 
864 -0.065302 
862 -0.065302 
2762 -0.070752 
319 -0.070752 
163 -0.070752 
53 -0.070752 
62 -0.070752 
1452 -0.070752 
1372 -0.070752 
2760 -0.070752 
1374 -0.070752 
196 -0.070752 
267 -0.070752 
3167 -0.070752 
3095 -0.070752 
180 -0.105827 
1422 -0.105827 
3151 -0.105827 
287 -0.105827 
4 -0.105827 
1819 -0.105827 
191 -0.117532 
3162 -0.117532 
57 -0.117532 
262 -0.117532 
1359 -0.117532 
13 -0.117532 
3090 -0.117532 
84 -0.117532 
2747 -0.117532 
1357 -0.117532 
2745 -0.117532 
314 -0.117532 
2585 -0.134393 
1779 -0.134393 
214 -0.134393 
2584 -0.134393 
2054 -0.134393 
1198 -0.134393 
1197 -0.134393 
1775 -0.134393 
1635 -0.134393 
1196 -0.134393 
2784 -0.134393 
667 -0.134393 
1327 -0.134393 
666 -0.134393 
132 -0.134393 
2886 -0.134393 
665 -0.134393 
2053 -0.134393 
2055 -0.134393 
976 -0.134393 
2715 -0.134393 
2716 -0.134393 
387 -0.134393 
3057 -0.134393 
2660 -0.134393 
977 -0.134393 
1542 -0.134393 
2986 -0.134393 
1382 -0.134393 
975 -0.134393 
298 -0.134393 
1328 -0.134393 
2640 -0.134393 
1272 -0.134393 
2365 -0.134393 
2364 -0.134393 
2586 -0.134393 
391 -0.134393 
3080 -0.134393 
3143 -0.134393 
2363 -0.134393 
3029 -0.137400 
612 -0.137400 
124 -0.137400 
556 -0.137400 
2174 -0.137400 
557 -0.137400 
2500 -0.137400 
2499 -0.137400 
2498 -0.137400 
2851 -0.137400 
558 -0.137400 
100 -0.137400 
614 -0.137400 
616 -0.137400 
2279 -0.137400 
1715 -0.137400 
889 -0.137400 
1694 -0.137400 
890 -0.137400 
891 -0.137400 
2820 -0.137400 
3115 -0.137400 
788 -0.137400 
787 -0.137400 
1847 -0.137400 
1607 -0.137400 
459 -0.137400 
1848 -0.137400 
460 -0.137400 
461 -0.137400 
786 -0.137400 
1849 -0.137400 
2958 -0.137400 
842 -0.137400 
844 -0.137400 
1944 -0.137400 
1112 -0.137400 
1111 -0.137400 
846 -0.137400 
1110 -0.137400 
2278 -0.137400 
2925 -0.137400 
2277 -0.137400 
1420 -0.137703 
2 -0.137703 
251 -0.137703 
12 -0.140284 
3161 -0.140284 
56 -0.140284 
313 -0.140284 
2742 -0.140284 
2744 -0.140284 
1354 -0.140284 
1356 -0.140284 
83 -0.140284 
3089 -0.140284 
1529 -0.181590 
1432 -0.181590 
172 -0.181590 
243 -0.181590 
73 -0.181590 
1671 -0.181590 
1412 -0.181590 
1499 -0.181590 
126 -0.181590 
2125 -0.187526 
3110 -0.187526 
2450 -0.187526 
2909 -0.187526 
2449 -0.187526 
3013 -0.187526 
1587 -0.187526 
2991 -0.187526 
2126 -0.187526 
2124 -0.187526 
2448 -0.187526 
2385 -0.187526 
2440 -0.187526 
2835 -0.187526 
2182 -0.187526 
1896 -0.187526 
736 -0.187526 
1397 -0.187526 
1952 -0.187526 
1052 -0.187526 
1442 -0.187526 
1519 -0.187526 
1531 -0.187526 
997 -0.187526 
1060 -0.187526 
1895 -0.187526 
1894 -0.187526 
508 -0.187526 
507 -0.187526 
506 -0.187526 
1652 -0.187526 
1691 -0.187526 
335 -0.187526 
1062 -0.187526 
737 -0.187526 
738 -0.187526 
1061 -0.187526 
2603 -0.191107 
971 -0.191107 
1192 -0.191107 
657 -0.191107 
3055 -0.191107 
2359 -0.191107 
2358 -0.191107 
2357 -0.191107 
1160 -0.191107 
1633 -0.191107 
2548 -0.191107 
2634 -0.191107 
130 -0.191107 
1215 -0.191107 
1190 -0.191107 
1191 -0.191107 
1540 -0.191107 
212 -0.191107 
2884 -0.191107 
3044 -0.191107 
377 -0.191107 
3141 -0.191107 
969 -0.191107 
381 -0.191107 
2782 -0.191107 
1765 -0.191107 
2984 -0.191107 
1769 -0.191107 
2580 -0.191107 
296 -0.191107 
3131 -0.191107 
2045 -0.191107 
970 -0.191107 
2046 -0.191107 
2047 -0.191107 
658 -0.191107 
2579 -0.191107 
2578 -0.191107 
659 -0.191107 
2173 -0.201438 
1887 -0.201438 
1886 -0.201438 
729 -0.201438 
1885 -0.201438 
2906 -0.201438 
499 -0.201438 
1727 -0.201438 
498 -0.201438 
497 -0.201438 
2115 -0.201438 
2116 -0.201438 
2117 -0.201438 
1649 -0.201438 
1688 -0.201438 
260 -0.201438 
1582 -0.201438 
189 -0.201438 
728 -0.201438 
1449 -0.201438 
1943 -0.201438 
727 -0.201438 
2832 -0.201438 
1516 -0.201438 
1477 -0.201438 
1150 -0.218295 
930 -0.218295 
2374 -0.218295 
3042 -0.218295 
2776 -0.218295 
283 -0.218295 
929 -0.218295 
1149 -0.218295 
2541 -0.218295 
1151 -0.218295 
115 -0.218295 
928 -0.218295 
1932 -0.218295 
3135 -0.218295 
1987 -0.218295 
351 -0.218295 
346 -0.218295 
1739 -0.218295 
1734 -0.218295 
1972 -0.218295 
933 -0.218295 
932 -0.218295 
2434 -0.218295 
2537 -0.218295 
2377 -0.218295 
2538 -0.218295 
2539 -0.218295 
2376 -0.218295 
2008 -0.218295 
2971 -0.218295 
3120 -0.218295 
45 -0.218295 
201 -0.218295 
544 -0.218295 
2871 -0.218295 
2431 -0.218295 
2006 -0.218295 
2007 -0.218295 
599 -0.218295 
1491 -0.218295 
990 -0.218295 
2846 -0.218295 
987 -0.218295 
1620 -0.218295 
1416 -0.238816 
764 -0.253541 
1586 -0.253541 
765 -0.253541 
532 -0.253541 
2681 -0.253541 
760 -0.253541 
2950 -0.253541 
2683 -0.253541 
762 -0.253541 
2740 -0.253541 
761 -0.253541 
819 -0.253541 
531 -0.253541 
822 -0.253541 
530 -0.253541 
2472 -0.253541 
1595 -0.253541 
1701 -0.253541 
1662 -0.253541 
1675 -0.253541 
2685 -0.253541 
2474 -0.253541 
2917 -0.253541 
2251 -0.253541 
2252 -0.253541 
2473 -0.253541 
2253 -0.253541 
2843 -0.253541 
94 -0.253541 
3021 -0.253541 
2627 -0.253541 
2626 -0.253541 
1086 -0.253541 
1085 -0.253541 
1084 -0.253541 
1976 -0.253541 
1920 -0.253541 
1919 -0.253541 
118 -0.253541 
1918 -0.253541 
3082 -0.254135 
2721 -0.254135 
305 -0.254135 
2723 -0.254135 
3134 -0.254135 
5 -0.254135 
1335 -0.254135 
1333 -0.254135 
3154 -0.254135 
198 -0.254135 
190 -0.254135 
2770 -0.254135 
639 -0.265027 
857 -0.265027 
250 -0.265027 
641 -0.265027 
1439 -0.265027 
2752 -0.265027 
1641 -0.265027 
861 -0.265027 
859 -0.265027 
2693 -0.265027 
2695 -0.265027 
2930 -0.265027 
1506 -0.265027 
2860 -0.265027 
585 -0.265027 
584 -0.265027 
2697 -0.265027 
583 -0.265027 
181 -0.265027 
1574 -0.265027 
1705 -0.265027 
802 -0.265027 
803 -0.265027 
2639 -0.265027 
643 -0.265027 
801 -0.265027 
1971 -0.265027 
2638 -0.265027 
80 -0.265027 
1680 -0.265027 
2189 -0.265027 
2199 -0.279922 
1050 -0.279922 
433 -0.279922 
154 -0.279922 
1823 -0.279922 
1051 -0.279922 
1822 -0.279922 
1564 -0.279922 
2812 -0.279922 
1821 -0.279922 
1049 -0.279922 
2234 -0.279922 
274 -0.279922 
3010 -0.279922 
434 -0.279922 
435 -0.279922 
2437 -0.279922 
2439 -0.279922 
2438 -0.279922 
2235 -0.279922 
2944 -0.279922 
1475 -0.279922 
2233 -0.279922 
1598 -0.280214 
162 -0.280214 
174 -0.280214 
75 -0.280214 
1569 -0.280214 
1501 -0.280214 
1414 -0.280214 
1673 -0.280214 
245 -0.280214 
1434 -0.280214 
2848 -0.281351 
837 -0.281351 
779 -0.281351 
835 -0.281351 
121 -0.281351 
778 -0.281351 
607 -0.281351 
1933 -0.281351 
603 -0.281351 
833 -0.281351 
545 -0.281351 
546 -0.281351 
601 -0.281351 
547 -0.281351 
2485 -0.281351 
2483 -0.281351 
97 -0.281351 
2482 -0.281351 
2481 -0.281351 
2817 -0.281351 
931 -0.281351 
934 -0.281351 
2165 -0.281351 
777 -0.281351 
1711 -0.281351 
1838 -0.281351 
877 -0.281351 
2922 -0.281351 
452 -0.281351 
1640 -0.281351 
1839 -0.281351 
1840 -0.281351 
2260 -0.281351 
2261 -0.281351 
451 -0.281351 
450 -0.281351 
2953 -0.281351 
2262 -0.281351 
3024 -0.281351 
1665 -0.281351 
2264 -0.281351 
1095 -0.281351 
1094 -0.281351 
1093 -0.281351 
1284 -0.284248 
3067 -0.284248 
1343 -0.284248 
1286 -0.284248 
1288 -0.284248 
2077 -0.284248 
1230 -0.284248 
689 -0.284248 
691 -0.284248 
364 -0.284248 
140 -0.284248 
1008 -0.284248 
690 -0.284248 
1009 -0.284248 
1462 -0.284248 
26 -0.284248 
2078 -0.284248 
2395 -0.284248 
1752 -0.284248 
365 -0.284248 
1552 -0.284248 
2996 -0.284248 
1228 -0.284248 
2396 -0.284248 
1753 -0.284248 
363 -0.284248 
2397 -0.284248 
1229 -0.284248 
1007 -0.284248 
1751 -0.284248 
2798 -0.284248 
224 -0.284248 
2163 -0.284248 
2894 -0.284248 
2079 -0.284248 
308 -0.293646 
7 -0.293646 
3084 -0.293646 
2727 -0.293646 
3156 -0.293646 
2729 -0.293646 
1341 -0.293646 
1339 -0.293646 
234 -0.293646 
2362 -0.311874 
1216 -0.311874 
2659 -0.311874 
662 -0.311874 
2052 -0.311874 
2985 -0.311874 
2051 -0.311874 
2050 -0.311874 
386 -0.311874 
382 -0.311874 
3132 -0.311874 
2581 -0.311874 
3133 -0.311874 
663 -0.311874 
664 -0.311874 
2360 -0.311874 
1271 -0.311874 
1193 -0.311874 
213 -0.311874 
2885 -0.311874 
1194 -0.311874 
1195 -0.311874 
1541 -0.311874 
974 -0.311874 
973 -0.311874 
2583 -0.311874 
1634 -0.311874 
131 -0.311874 
2582 -0.311874 
2361 -0.311874 
1770 -0.311874 
1774 -0.311874 
2783 -0.311874 
2637 -0.311874 
3062 -0.311874 
3142 -0.311874 
3056 -0.311874 
972 -0.311874 
2604 -0.311874 
297 -0.311874 
1525 -0.318077 
3101 -0.318077 
1408 -0.318077 
54 -0.318077 
67 -0.318077 
168 -0.318077 
1428 -0.318077 
143 -0.318077 
239 -0.318077 
1457 -0.318077 
2761 -0.319169 
2647 -0.319169 
1577 -0.319169 
2648 -0.319169 
1722 -0.319169 
811 -0.319169 
184 -0.319169 
870 -0.319169 
2702 -0.319169 
868 -0.319169 
2704 -0.319169 
866 -0.319169 
2706 -0.319169 
2863 -0.319169 
592 -0.319169 
593 -0.319169 
1509 -0.319169 
594 -0.319169 
2933 -0.319169 
596 -0.319169 
597 -0.319169 
1644 -0.319169 
255 -0.319169 
1444 -0.319169 
1683 -0.319169 
648 -0.319169 
650 -0.319169 
2198 -0.319169 
1708 -0.319169 
812 -0.319169 
810 -0.319169 
3173 -0.362162 
907 -0.362162 
908 -0.362162 
909 -0.362162 
2516 -0.362162 
2517 -0.362162 
2518 -0.362162 
1128 -0.362162 
1129 -0.362162 
1130 -0.362162 
478 -0.362162 
661 -0.362162 
1867 -0.362162 
1866 -0.362162 
1865 -0.362162 
3035 -0.362162 
1384 -0.362162 
1391 -0.362162 
2826 -0.362162 
477 -0.362162 
2104 -0.362162 
1484 -0.362162 
479 -0.362162 
1613 -0.362162 
276 -0.362162 
2883 -0.362162 
2297 -0.362162 
2296 -0.362162 
2295 -0.362162 
1721 -0.362162 
2964 -0.362162 
2049 -0.362162 
2772 -0.362162 
1869 -0.362162 
716 -0.362162 
1951 -0.362162 
3098 -0.362162 
106 -0.362162 
329 -0.362162 
156 -0.362162 
3034 -0.366958 
2294 -0.366958 
2963 -0.366958 
2293 -0.366958 
1720 -0.366958 
2515 -0.366958 
1125 -0.366958 
2292 -0.366958 
2514 -0.366958 
1126 -0.366958 
1612 -0.366958 
474 -0.366958 
1127 -0.366958 
2513 -0.366958 
1729 -0.366958 
476 -0.366958 
904 -0.366958 
905 -0.366958 
906 -0.366958 
475 -0.366958 
1862 -0.366958 
631 -0.366958 
1993 -0.366958 
1977 -0.366958 
105 -0.366958 
1959 -0.366958 
2048 -0.366958 
1948 -0.366958 
660 -0.366958 
1390 -0.366958 
2825 -0.366958 
629 -0.366958 
627 -0.366958 
1864 -0.366958 
1483 -0.366958 
2856 -0.366958 
605 -0.366958 
2865 -0.366958 
573 -0.366958 
572 -0.366958 
1863 -0.366958 
571 -0.366958 
1830 -0.370079 
2205 -0.370079 
2204 -0.370079 
1831 -0.370079 
3079 -0.370079 
1265 -0.370079 
1059 -0.370079 
1058 -0.370079 
1057 -0.370079 
3012 -0.370079 
1934 -0.370079 
1829 -0.370079 
2208 -0.370079 
2814 -0.370079 
1479 -0.370079 
2206 -0.370079 
1322 -0.370079 
1320 -0.370079 
875 -0.370079 
1566 -0.370079 
2447 -0.370079 
2446 -0.370079 
878 -0.370079 
2241 -0.370079 
2240 -0.370079 
2239 -0.370079 
2445 -0.370079 
1269 -0.370079 
2209 -0.370079 
1264 -0.370079 
1266 -0.370079 
441 -0.370079 
442 -0.370079 
1268 -0.370079 
2946 -0.370079 
443 -0.370079 
2067 -0.389053 
677 -0.389053 
994 -0.389053 
1212 -0.389053 
995 -0.389053 
1270 -0.389053 
678 -0.389053 
22 -0.389053 
679 -0.389053 
136 -0.389053 
2066 -0.389053 
2065 -0.389053 
2794 -0.389053 
2788 -0.389053 
1267 -0.389053 
3147 -0.389053 
2382 -0.389053 
411 -0.389053 
407 -0.389053 
2992 -0.389053 
1730 -0.389053 
1731 -0.389053 
1732 -0.389053 
344 -0.389053 
343 -0.389053 
342 -0.389053 
302 -0.389053 
2890 -0.389053 
1795 -0.389053 
3061 -0.389053 
1799 -0.389053 
1208 -0.389053 
1209 -0.389053 
1210 -0.389053 
1546 -0.389053 
220 -0.389053 
1213 -0.389053 
993 -0.389053 
2381 -0.389053 
2383 -0.389053 
215 -0.396874 
3174 -0.396874 
1404 -0.396874 
1418 -0.396874 
880 -0.403223 
2268 -0.403223 
3126 -0.403223 
1535 -0.403223 
2344 -0.403223 
2343 -0.403223 
2877 -0.403223 
2342 -0.403223 
2954 -0.403223 
2619 -0.403223 
1177 -0.403223 
1176 -0.403223 
1175 -0.403223 
2565 -0.403223 
2564 -0.403223 
2563 -0.403223 
1628 -0.403223 
2026 -0.403223 
2025 -0.403223 
2024 -0.403223 
2979 -0.403223 
51 -0.403223 
291 -0.403223 
3050 -0.403223 
956 -0.403223 
955 -0.403223 
207 -0.403223 
954 -0.403223 
2323 -0.403223 
935 -0.403223 
2669 -0.410373 
3063 -0.410373 
339 -0.410373 
340 -0.410373 
1906 -0.410373 
2671 -0.410373 
2673 -0.410373 
3017 -0.410373 
2839 -0.410373 
2460 -0.410373 
1274 -0.410373 
1276 -0.410373 
1277 -0.410373 
750 -0.410373 
749 -0.410373 
1697 -0.410373 
748 -0.410373 
2194 -0.410373 
2489 -0.410373 
2728 -0.410373 
2461 -0.410373 
2462 -0.410373 
1221 -0.410373 
1964 -0.410373 
1329 -0.410373 
1656 -0.410373 
2138 -0.410373 
1073 -0.410373 
1523 -0.410373 
1907 -0.410373 
1074 -0.410373 
2615 -0.410373 
2614 -0.410373 
1908 -0.410373 
2546 -0.410373 
519 -0.410373 
1072 -0.410373 
518 -0.410373 
2913 -0.410373 
1514 -0.410373 
2137 -0.410373 
2136 -0.410373 
2543 -0.410373 
520 -0.410373 
1591 -0.410373 
1603 -0.410373 
1712 -0.411581 
2919 -0.411581 
158 -0.411581 
2303 -0.411581 
3153 -0.411581 
828 -0.411581 
2866 -0.411581 
2966 -0.411581 
1615 -0.411581 
2302 -0.411581 
2301 -0.411581 
3106 -0.411581 
2216 -0.411581 
3037 -0.411581 
110 -0.411581 
1957 -0.411581 
1393 -0.411581 
2773 -0.411581 
331 -0.411581 
1134 -0.411581 
1135 -0.411581 
1991 -0.411581 
1136 -0.411581 
773 -0.411581 
2524 -0.411581 
2523 -0.411581 
2522 -0.411581 
278 -0.411581 
3116 -0.411581 
1989 -0.411581 
602 -0.411581 
915 -0.411581 
914 -0.411581 
913 -0.411581 
2161 -0.411581 
1990 -0.411581 
1486 -0.411581 
281 -0.415965 
2969 -0.415965 
423 -0.415965 
1966 -0.415965 
2531 -0.415965 
428 -0.415965 
2810 -0.415965 
2002 -0.415965 
430 -0.415965 
923 -0.415965 
2311 -0.415965 
1811 -0.415965 
2001 -0.415965 
1489 -0.415965 
2312 -0.415965 
2000 -0.415965 
922 -0.415965 
1618 -0.415965 
1406 -0.415965 
924 -0.415965 
1145 -0.415965 
1144 -0.415965 
1143 -0.415965 
43 -0.415965 
487 -0.415965 
2533 -0.415965 
2532 -0.415965 
3040 -0.415965 
2869 -0.415965 
1818 -0.415965 
113 -0.415965 
199 -0.415965 
1816 -0.415965 
2310 -0.415965 
2405 -0.416730 
2201 -0.416730 
2897 -0.416730 
1555 -0.416730 
1352 -0.416730 
2801 -0.416730 
145 -0.416730 
2404 -0.416730 
2088 -0.416730 
1465 -0.416730 
698 -0.416730 
1293 -0.416730 
1295 -0.416730 
2406 -0.416730 
1297 -0.416730 
2087 -0.416730 
700 -0.416730 
2086 -0.416730 
699 -0.416730 
1016 -0.416730 
2172 -0.416730 
227 -0.416730 
2999 -0.416730 
3070 -0.416730 
378 -0.416730 
379 -0.416730 
1018 -0.416730 
1237 -0.416730 
1238 -0.416730 
1239 -0.416730 
380 -0.416730 
1766 -0.416730 
1767 -0.416730 
31 -0.416730 
1017 -0.416730 
1768 -0.416730 
2711 -0.441912 
1741 -0.441912 
304 -0.441912 
353 -0.441912 
1805 -0.441912 
3149 -0.441912 
355 -0.441912 
2710 -0.441912 
3150 -0.441912 
2712 -0.441912 
2713 -0.441912 
2714 -0.441912 
1809 -0.441912 
354 -0.441912 
2389 -0.441912 
2390 -0.441912 
24 -0.441912 
1742 -0.441912 
1548 -0.441912 
1743 -0.441912 
3065 -0.441912 
2150 -0.441912 
1003 -0.441912 
2071 -0.441912 
1002 -0.441912 
2263 -0.441912 
2072 -0.441912 
138 -0.441912 
2152 -0.441912 
1001 -0.441912 
2153 -0.441912 
2073 -0.441912 
1337 -0.441912 
417 -0.441912 
222 -0.441912 
1278 -0.441912 
2767 -0.441912 
421 -0.441912 
1280 -0.441912 
1282 -0.441912 
1224 -0.441912 
1223 -0.441912 
2207 -0.441912 
2210 -0.441912 
2994 -0.441912 
2790 -0.441912 
1222 -0.441912 
2391 -0.441912 
684 -0.441912 
2892 -0.441912 
2796 -0.441912 
683 -0.441912 
685 -0.441912 
3164 -0.450869 
1365 -0.450869 
264 -0.450869 
316 -0.450869 
59 -0.450869 
1363 -0.450869 
15 -0.450869 
193 -0.450869 
3092 -0.450869 
2753 -0.450869 
2751 -0.450869 
86 -0.450869 
1833 -0.455505 
3022 -0.455505 
1702 -0.455505 
2256 -0.455505 
1604 -0.455505 
95 -0.455505 
770 -0.455505 
2743 -0.455505 
535 -0.455505 
1089 -0.455505 
771 -0.455505 
2630 -0.455505 
2629 -0.455505 
533 -0.455505 
2920 -0.455505 
1088 -0.455505 
1087 -0.455505 
1832 -0.455505 
1834 -0.455505 
769 -0.455505 
2688 -0.455505 
2475 -0.455505 
2476 -0.455505 
2477 -0.455505 
445 -0.455505 
446 -0.455505 
831 -0.455505 
444 -0.455505 
534 -0.455505 
827 -0.455505 
825 -0.455505 
2815 -0.455505 
1925 -0.455505 
2157 -0.455505 
2686 -0.455505 
119 -0.455505 
2684 -0.455505 
2254 -0.455505 
1923 -0.455505 
2844 -0.455505 
1922 -0.455505 
2255 -0.455505 
2951 -0.455505 
1921 -0.455505 
1663 -0.455505 
3053 -0.473233 
2352 -0.473233 
294 -0.473233 
2148 -0.473233 
1759 -0.473233 
1755 -0.473233 
1631 -0.473233 
2092 -0.473233 
3008 -0.473233 
2094 -0.473233 
367 -0.473233 
371 -0.473233 
210 -0.473233 
2096 -0.473233 
2982 -0.473233 
2628 -0.473233 
2572 -0.473233 
1048 -0.473233 
1538 -0.473233 
128 -0.473233 
2033 -0.473233 
2034 -0.473233 
2351 -0.473233 
2353 -0.473233 
3129 -0.473233 
1184 -0.473233 
2035 -0.473233 
1103 -0.473233 
965 -0.473233 
3139 -0.473233 
2780 -0.473233 
2436 -0.473233 
964 -0.473233 
963 -0.473233 
2880 -0.473233 
1185 -0.473233 
1186 -0.473233 
2491 -0.473233 
2574 -0.473233 
2573 -0.473233 
1660 -0.474471 
1550 -0.474471 
2467 -0.474471 
1079 -0.474471 
1080 -0.474471 
2468 -0.474471 
2948 -0.474471 
2620 -0.474471 
756 -0.474471 
1699 -0.474471 
1913 -0.474471 
526 -0.474471 
2621 -0.474471 
525 -0.474471 
524 -0.474471 
1970 -0.474471 
2200 -0.474471 
1914 -0.474471 
1912 -0.474471 
2915 -0.474471 
2247 -0.474471 
92 -0.474471 
2466 -0.474471 
2679 -0.474471 
2677 -0.474471 
3019 -0.474471 
754 -0.474471 
2142 -0.474471 
2841 -0.474471 
755 -0.474471 
2246 -0.474471 
2245 -0.474471 
2143 -0.474471 
2675 -0.474471 
2144 -0.474471 
1078 -0.474471 
1639 -0.474471 
2734 -0.474471 
1593 -0.474471 
2222 -0.477264 
405 -0.477264 
3004 -0.477264 
404 -0.477264 
1254 -0.477264 
1253 -0.477264 
403 -0.477264 
2490 -0.477264 
1252 -0.477264 
2187 -0.477264 
232 -0.477264 
3075 -0.477264 
1367 -0.477264 
1033 -0.477264 
1792 -0.477264 
1032 -0.477264 
1031 -0.477264 
1793 -0.477264 
150 -0.477264 
1470 -0.477264 
2940 -0.477264 
1791 -0.477264 
2223 -0.477264 
1560 -0.477264 
2806 -0.477264 
2221 -0.477264 
2421 -0.477264 
2420 -0.477264 
2419 -0.477264 
38 -0.477264 
1308 -0.477264 
1312 -0.477264 
1310 -0.477264 
1590 -0.478579 
1069 -0.478579 
1071 -0.478579 
1165 -0.478579 
2133 -0.478579 
2135 -0.478579 
2134 -0.478579 
2670 -0.478579 
3016 -0.478579 
2608 -0.478579 
3045 -0.478579 
2609 -0.478579 
2666 -0.478579 
2668 -0.478579 
2611 -0.478579 
2612 -0.478579 
1070 -0.478579 
2553 -0.478579 
338 -0.478579 
515 -0.478579 
1904 -0.478579 
2838 -0.478579 
1905 -0.478579 
1496 -0.478579 
1903 -0.478579 
1522 -0.478579 
1655 -0.478579 
1400 -0.478579 
1961 -0.478579 
2912 -0.478579 
516 -0.478579 
745 -0.478579 
746 -0.478579 
1585 -0.478579 
1220 -0.478579 
2725 -0.478579 
2459 -0.478579 
2458 -0.478579 
2457 -0.478579 
2191 -0.478579 
747 -0.478579 
517 -0.478579 
1696 -0.478579 
575 -0.480743 
574 -0.480743 
576 -0.480743 
1503 -0.480743 
2857 -0.480743 
634 -0.480743 
1600 -0.480743 
1571 -0.480743 
176 -0.480743 
630 -0.480743 
632 -0.480743 
77 -0.480743 
247 -0.480743 
1436 -0.480743 
1962 -0.480743 
1677 -0.480743 
2043 -0.490154 
1988 -0.490154 
1975 -0.490154 
46 -0.490154 
3136 -0.490154 
202 -0.490154 
3121 -0.490154 
2011 -0.490154 
2010 -0.490154 
2009 -0.490154 
116 -0.490154 
655 -0.490154 
1152 -0.490154 
1153 -0.490154 
1154 -0.490154 
1156 -0.490154 
1211 -0.490154 
1214 -0.490154 
2777 -0.490154 
1623 -0.490154 
1157 -0.490154 
2327 -0.490154 
2326 -0.490154 
600 -0.490154 
2325 -0.490154 
1492 -0.490154 
2864 -0.490154 
2872 -0.490154 
2974 -0.490154 
284 -0.490154 
3043 -0.490154 
1744 -0.490154 
352 -0.490154 
1740 -0.490154 
356 -0.490154 
937 -0.490154 
938 -0.490154 
939 -0.490154 
2809 -0.490612 
273 -0.490612 
1102 -0.490612 
1045 -0.490612 
1044 -0.490612 
1474 -0.490612 
1473 -0.490612 
1042 -0.490612 
1040 -0.490612 
1099 -0.490612 
1324 -0.490612 
1321 -0.490612 
1319 -0.490612 
1317 -0.490612 
1041 -0.490612 
1263 -0.490612 
1262 -0.490612 
1261 -0.490612 
418 -0.490612 
2232 -0.490612 
2231 -0.490612 
483 -0.490612 
419 -0.490612 
3078 -0.490612 
2943 -0.490612 
486 -0.490612 
2230 -0.490612 
2196 -0.490612 
420 -0.490612 
425 -0.490612 
424 -0.490612 
1563 -0.490612 
3007 -0.490612 
153 -0.490612 
2504 -0.499523 
897 -0.499523 
1855 -0.499523 
3152 -0.499523 
896 -0.499523 
895 -0.499523 
2960 -0.499523 
852 -0.499523 
2505 -0.499523 
2506 -0.499523 
1880 -0.499523 
792 -0.499523 
1854 -0.499523 
1853 -0.499523 
1118 -0.499523 
1117 -0.499523 
1116 -0.499523 
1717 -0.499523 
2180 -0.499523 
1825 -0.499523 
3031 -0.499523 
2822 -0.499523 
564 -0.499523 
562 -0.499523 
2853 -0.499523 
2285 -0.499523 
2284 -0.499523 
2283 -0.499523 
1609 -0.499523 
1480 -0.499523 
492 -0.499523 
618 -0.499523 
620 -0.499523 
622 -0.499523 
1939 -0.499523 
1423 -0.499523 
850 -0.499523 
1387 -0.499523 
1950 -0.499523 
2811 -0.499523 
2927 -0.499523 
467 -0.499523 
466 -0.499523 
465 -0.499523 
102 -0.499523 
437 -0.499523 
563 -0.499523 
793 -0.499523 
794 -0.499523 
848 -0.499523 
