39 1
0 -0.154187 
1 0.125156 
2 -0.499471 
3 -0.051131 
4 0.334365 
5 0.079709 
6 -0.123643 
7 0.314137 
8 0.377720 
9 -0.016433 
10 -0.080578 
11 -0.400500 
12 0.331862 
13 0.259870 
14 -0.229213 
15 -0.344015 
16 0.106206 
17 -0.053494 
18 0.486736 
19 -0.469532 
20 -0.170212 
21 -0.109792 
22 -0.171459 
23 -0.041968 
24 0.484687 
25 -0.403104 
26 0.041667 
27 -0.075430 
28 -0.067012 
29 -0.114281 
30 -0.108854 
31 0.491606 
32 0.125156 
33 -0.499471 
34 -0.051131 
35 0.334365 
36 0.079709 
37 -0.123643 
38 0.314137 
