2851 1
0 -2.485415 
1 -0.677368 
2 -0.703494 
3 -0.730571 
4 -1.472271 
5 -1.372031 
6 -2.956784 
7 -1.399232 
8 -1.583243 
9 -1.640501 
10 -1.695567 
11 -1.753261 
12 -1.432118 
13 -1.426464 
14 -1.625298 
15 -1.669453 
16 -1.672344 
17 -1.511744 
18 -1.415369 
19 -1.760498 
20 -1.572685 
21 -1.522794 
22 -1.472123 
23 -1.634488 
24 -1.647851 
25 -1.474236 
26 -1.772615 
27 -1.533480 
28 -1.725725 
29 -1.795937 
30 -1.551238 
31 -1.686331 
32 -1.448921 
33 -1.692755 
34 -1.560830 
35 -1.581587 
36 -1.656424 
37 -1.651813 
38 -1.620176 
39 -1.409726 
40 -1.234748 
41 -1.554419 
42 -1.709355 
43 -1.704739 
44 -1.450990 
45 -1.764002 
46 -1.590658 
47 -1.423022 
48 -1.586157 
49 -1.678585 
50 -1.581591 
51 -1.572564 
52 -1.685348 
53 -1.912753 
54 -1.418476 
55 -1.690533 
56 -1.811163 
57 -1.512242 
58 -1.542910 
59 -1.736571 
60 -1.583714 
61 -1.531048 
62 -1.774440 
63 -1.475840 
64 -1.505372 
65 -1.626101 
66 -1.628360 
67 -1.517039 
68 -1.775597 
69 -1.779015 
70 -1.346987 
71 -1.547658 
72 -1.582066 
73 -1.369764 
74 -1.623237 
75 -1.854216 
76 -1.480654 
77 -1.599258 
78 -1.500006 
79 -1.636784 
80 -1.606388 
81 -1.612300 
82 -1.526282 
83 -1.555673 
84 -1.622915 
85 -1.639598 
86 -1.546061 
87 -1.473789 
88 -1.484900 
89 -1.408821 
90 -1.690468 
91 -1.847754 
92 -1.787525 
93 -1.616062 
94 -1.476524 
95 -1.529918 
96 -1.396849 
97 -1.381750 
98 -1.920167 
99 -1.576697 
100 -1.634527 
101 -1.768435 
102 -1.588933 
103 -1.571238 
104 -1.562863 
105 -1.671143 
106 -1.665639 
107 -1.585862 
108 -1.743693 
109 -1.593293 
110 -1.522197 
111 -1.544443 
112 -1.376789 
113 -1.730429 
114 -1.569933 
115 -1.477169 
116 -1.788544 
117 -1.818367 
118 -1.235217 
119 -1.534435 
120 -1.601321 
121 -1.392833 
122 -1.669633 
123 -1.759787 
124 -1.328640 
125 -1.650001 
126 -1.645177 
127 -1.851968 
128 -1.485062 
129 -1.673844 
130 -1.641920 
131 -1.474505 
132 -1.672964 
133 -1.694325 
134 -1.553557 
135 -1.747848 
136 -1.464601 
137 -1.533408 
138 -1.558514 
139 -1.622123 
140 -1.450269 
141 -1.985841 
142 -1.604871 
143 -2.178795 
144 -1.329026 
145 -1.773336 
146 -1.792930 
147 -1.670258 
148 -1.557327 
149 -1.486736 
150 -1.366176 
151 -1.676409 
152 -2.866680 
153 -2.723445 
154 0.033434 
155 -0.189601 
156 -0.210878 
157 -1.063919 
158 -0.994508 
159 -2.329242 
160 -1.159615 
161 -1.180813 
162 -2.188548 
163 -2.356688 
164 -1.500131 
165 -1.464611 
166 -1.304202 
167 -1.554956 
168 2.594103 
169 2.080546 
170 1.985889 
171 1.575015 
172 1.996684 
173 2.484013 
174 1.224386 
175 0.517783 
176 -1.051675 
177 -0.662657 
178 -2.790178 
179 -3.040630 
180 -1.894665 
181 -2.279109 
182 1.110580 
183 1.474565 
184 1.561275 
185 1.664993 
186 1.737213 
187 1.735321 
188 2.586931 
189 2.752726 
190 1.293218 
191 1.090923 
192 -1.054199 
193 -0.929183 
194 -2.834050 
195 -2.752645 
196 1.527677 
197 1.772349 
198 1.572464 
199 1.636478 
200 1.604307 
201 1.427640 
202 1.470509 
203 1.807161 
204 2.757294 
205 2.941075 
206 0.696162 
207 0.973267 
208 0.033464 
209 -0.037748 
210 3.024577 
211 2.529418 
212 1.792372 
213 1.685463 
214 1.567672 
215 1.611042 
216 1.461656 
217 1.411269 
218 1.850080 
219 1.575193 
220 2.100491 
221 2.022140 
222 1.652913 
223 1.704285 
224 1.585422 
225 1.672494 
226 1.565574 
227 1.445478 
228 1.802175 
229 1.459998 
230 1.565325 
231 1.491488 
232 1.947805 
233 1.569102 
234 1.351347 
235 1.507834 
236 1.701043 
237 1.581845 
238 1.445245 
239 1.590935 
240 1.689532 
241 1.541579 
242 1.728939 
243 1.603502 
244 1.537350 
245 1.783172 
246 1.462426 
247 1.540528 
248 1.551297 
249 1.666918 
250 1.575609 
251 1.708396 
252 1.585024 
253 1.684764 
254 1.716797 
255 1.657314 
256 1.796470 
257 1.612801 
258 1.479166 
259 1.583077 
260 1.697817 
261 1.529630 
262 1.418177 
263 1.760621 
264 1.629279 
265 1.766691 
266 1.355436 
267 1.555892 
268 1.507463 
269 1.527117 
270 1.653470 
271 1.580426 
272 1.705312 
273 1.493445 
274 1.626235 
275 1.457192 
276 2.020662 
277 2.099670 
278 1.655488 
279 1.802496 
280 1.557248 
281 1.838992 
282 1.425721 
283 1.430239 
284 1.531552 
285 1.596300 
286 1.509199 
287 1.498184 
288 2.695130 
289 2.644751 
290 0.866635 
291 0.909709 
292 0.082765 
293 -0.080350 
294 1.962122 
295 3.366328 
296 1.560472 
297 1.712090 
298 1.710614 
299 1.683039 
300 2.756327 
301 2.439291 
302 0.705432 
303 0.951239 
304 -0.908676 
305 -1.507488 
306 -2.713830 
307 -2.613561 
308 1.607893 
309 1.686276 
310 1.499892 
311 1.533899 
312 1.524180 
313 1.712969 
314 1.709070 
315 1.843770 
316 0.855700 
317 0.666155 
318 -2.235603 
319 -2.580268 
320 -1.581267 
321 -1.549846 
322 1.412242 
323 1.597353 
324 1.393067 
325 1.631769 
326 1.511673 
327 1.662935 
328 2.973237 
329 3.227393 
330 0.431354 
331 0.496820 
332 -0.809714 
333 -0.764828 
334 -2.356660 
335 -2.498769 
336 1.526952 
337 1.815227 
338 1.738405 
339 1.551906 
340 2.038869 
341 2.074735 
342 1.351835 
343 1.177586 
344 0.790166 
345 0.541881 
346 -2.357729 
347 -3.152561 
348 -1.687573 
349 -1.770036 
350 1.413900 
351 1.560590 
352 1.490453 
353 1.690595 
354 1.539879 
355 1.542431 
356 3.678067 
357 2.688109 
358 0.394061 
359 0.141413 
360 -1.129042 
361 -0.916273 
362 -2.171013 
363 -2.071761 
364 1.646423 
365 1.655877 
366 1.845707 
367 1.578264 
368 1.807135 
369 2.038182 
370 1.569828 
371 1.255112 
372 0.071416 
373 0.229292 
374 -3.180436 
375 -2.903523 
376 -1.738028 
377 -1.837118 
378 1.108689 
379 1.270663 
380 1.450619 
381 1.712479 
382 1.830673 
383 1.435733 
384 3.061713 
385 2.578533 
386 0.474498 
387 0.889061 
388 -0.981481 
389 -1.266955 
390 -2.479984 
391 -2.653123 
392 1.622084 
393 1.754138 
394 1.707878 
395 1.433758 
396 1.640425 
397 1.762372 
398 1.427338 
399 1.475213 
400 2.687018 
401 2.461850 
402 0.945318 
403 0.501338 
404 -0.820614 
405 -0.829240 
406 2.727603 
407 2.442035 
408 1.797619 
409 1.677867 
410 1.637016 
411 1.235923 
412 1.670682 
413 1.468048 
414 1.695717 
415 1.691773 
416 2.656883 
417 2.863242 
418 0.354368 
419 -0.111512 
420 1.734877 
421 1.429607 
422 1.698196 
423 1.307152 
424 2.462198 
425 2.446980 
426 1.435233 
427 0.884299 
428 2.074304 
429 1.681960 
430 1.298297 
431 0.968211 
432 -0.740902 
433 -0.564032 
434 3.389399 
435 1.975331 
436 3.847556 
437 1.463249 
438 0.358450 
439 0.116198 
440 -1.406206 
441 -1.260336 
442 -1.527512 
443 -2.348767 
444 -1.278365 
445 -1.551241 
446 -2.401477 
447 -2.305098 
448 2.773462 
449 0.971304 
450 2.943475 
451 0.762816 
452 -0.870146 
453 -1.008435 
454 -2.952923 
455 -2.617116 
456 -1.408200 
457 -1.800507 
458 -1.582330 
459 -1.340746 
460 -2.509989 
461 -2.874932 
462 0.379405 
463 -0.524848 
464 0.976597 
465 -0.693653 
466 -2.871247 
467 -2.664805 
468 -1.736247 
469 -1.600088 
470 -1.271636 
471 -1.417651 
472 -1.506927 
473 -1.513593 
474 -1.543688 
475 -1.546343 
476 0.003321 
477 -3.373620 
478 -0.027142 
479 -2.396860 
480 -1.518573 
481 -1.946963 
482 -1.470271 
483 -1.434747 
484 -1.596436 
485 -1.824679 
486 -1.576672 
487 -1.765059 
488 -2.390573 
489 -2.599072 
490 -0.108894 
491 -1.352862 
492 0.096473 
493 -1.338784 
494 -2.442538 
495 -2.393004 
496 -1.623573 
497 -1.610425 
498 -1.518343 
499 -1.475043 
500 -1.296521 
501 -1.333041 
502 -1.592364 
503 -1.556231 
504 -0.105878 
505 -2.882525 
506 -0.369253 
507 -2.963297 
508 -1.586489 
509 -1.787146 
510 -1.330241 
511 -1.384618 
512 -1.714210 
513 -1.578788 
514 -1.628883 
515 -1.702328 
516 -2.415133 
517 -2.579743 
518 -0.006908 
519 -1.651242 
520 0.114163 
521 -1.479919 
522 -2.524804 
523 -2.272053 
524 -1.656700 
525 -1.746305 
526 -1.469466 
527 -1.557474 
528 -1.345280 
529 -1.502404 
530 -1.781489 
531 -1.582138 
532 0.503261 
533 -2.892898 
534 0.424424 
535 -2.239449 
536 -1.415293 
537 -1.724592 
538 -1.356356 
539 -1.398547 
540 -1.476079 
541 -1.650767 
542 -1.791215 
543 -1.486827 
544 -2.451139 
545 -2.513716 
546 0.376200 
547 -1.092747 
548 0.758189 
549 -1.039575 
550 -2.307262 
551 -2.534559 
552 -1.872294 
553 -1.736334 
554 -1.496336 
555 -1.337902 
556 -1.421564 
557 -1.318029 
558 -1.518800 
559 -1.555774 
560 0.108916 
561 -2.663967 
562 0.468132 
563 -2.668115 
564 -1.804515 
565 -1.687347 
566 -1.565584 
567 -1.265754 
568 -1.547284 
569 -1.324109 
570 -1.607702 
571 -1.807350 
572 -2.164364 
573 -2.389260 
574 -0.112976 
575 -1.592016 
576 0.040317 
577 -1.039264 
578 -2.992873 
579 -2.145980 
580 -1.592796 
581 -1.478717 
582 -1.625032 
583 -1.573537 
584 -1.438721 
585 -1.654147 
586 -1.645873 
587 -1.572721 
588 0.178565 
589 -1.522354 
590 -0.710595 
591 -4.211630 
592 -1.639147 
593 -1.651550 
594 -1.674567 
595 -1.529597 
596 -1.642999 
597 -1.721415 
598 -1.630717 
599 -1.648294 
600 -1.421450 
601 -1.756245 
602 1.833958 
603 1.622548 
604 1.783047 
605 1.873237 
606 1.634522 
607 1.385320 
608 1.513502 
609 1.824033 
610 1.685951 
611 1.531147 
612 1.729916 
613 1.775350 
614 1.636837 
615 1.392155 
616 1.370407 
617 1.391715 
618 1.742308 
619 1.780794 
620 1.439801 
621 1.551397 
622 1.694883 
623 1.587470 
624 2.155964 
625 2.242851 
626 1.740707 
627 2.045387 
628 1.938215 
629 1.666176 
630 1.909454 
631 2.139791 
632 1.805929 
633 1.895901 
634 2.254906 
635 2.086915 
636 1.976739 
637 2.086442 
638 1.834036 
639 1.906427 
640 2.339110 
641 2.057164 
642 2.292469 
643 1.146381 
644 1.638227 
645 1.720514 
646 1.443731 
647 1.540037 
648 1.662163 
649 1.527168 
650 1.609159 
651 1.612580 
652 1.699410 
653 1.582294 
654 1.532032 
655 1.625683 
656 1.701988 
657 1.579157 
658 1.753409 
659 1.542263 
660 1.504269 
661 1.511915 
662 1.605137 
663 1.869672 
664 1.366870 
665 1.593971 
666 1.834167 
667 1.600580 
668 1.509818 
669 1.815568 
670 1.842944 
671 1.690746 
672 1.679442 
673 1.776894 
674 1.469502 
675 1.619899 
676 1.786722 
677 1.516845 
678 1.659979 
679 1.477441 
680 1.581486 
681 1.690719 
682 2.046722 
683 1.330323 
684 1.542929 
685 1.570287 
686 1.673259 
687 1.635984 
688 1.539175 
689 1.599533 
690 1.600791 
691 1.695156 
692 1.597068 
693 1.684106 
694 1.656966 
695 1.607773 
696 1.750892 
697 1.517279 
698 1.520881 
699 1.600658 
700 1.465822 
701 1.622266 
702 1.619574 
703 1.628127 
704 1.601342 
705 1.672367 
706 1.500204 
707 1.799937 
708 1.645924 
709 1.754273 
710 1.671802 
711 1.613401 
712 1.593457 
713 1.659519 
714 1.661420 
715 1.576437 
716 1.768077 
717 1.520840 
718 1.839553 
719 1.543725 
720 1.623220 
721 1.174076 
722 1.771861 
723 1.921157 
724 1.431094 
725 1.685699 
726 1.675773 
727 1.582708 
728 1.530387 
729 1.715878 
730 1.779136 
731 1.597258 
732 1.570761 
733 1.667776 
734 1.700546 
735 1.700709 
736 1.735385 
737 1.659440 
738 1.707747 
739 1.430056 
740 1.598782 
741 1.673329 
742 1.692042 
743 1.568051 
744 1.380355 
745 1.552760 
746 1.678745 
747 1.652800 
748 1.537211 
749 1.455387 
750 1.693876 
751 1.739779 
752 1.500113 
753 1.645835 
754 1.744323 
755 1.431318 
756 1.616927 
757 1.443661 
758 1.800563 
759 1.493951 
760 1.705282 
761 1.579043 
762 1.834073 
763 1.566049 
764 1.620694 
765 1.658967 
766 1.483958 
767 1.654562 
768 1.657345 
769 1.678132 
770 1.647811 
771 1.471151 
772 1.734897 
773 1.563055 
774 1.760011 
775 1.447165 
776 1.574181 
777 1.547727 
778 1.698449 
779 1.663132 
780 1.708711 
781 1.494094 
782 1.681122 
783 1.607913 
784 1.612186 
785 1.474026 
786 1.684852 
787 1.735810 
788 1.801986 
789 1.457766 
790 1.411398 
791 1.740519 
792 1.574162 
793 1.574993 
794 1.673160 
795 1.533822 
796 1.703647 
797 1.591853 
798 1.515082 
799 1.601846 
800 1.600189 
801 1.588890 
802 1.530367 
803 1.675656 
804 1.699030 
805 1.535736 
806 1.653064 
807 1.634290 
808 1.583369 
809 1.430177 
810 1.698849 
811 1.761969 
812 1.695674 
813 1.599112 
814 1.631020 
815 1.603689 
816 1.453328 
817 1.663997 
818 1.593278 
819 1.781313 
820 1.607087 
821 1.542028 
822 1.605464 
823 1.608396 
824 1.663561 
825 1.569710 
826 1.652692 
827 1.573066 
828 1.445552 
829 1.499421 
830 1.667896 
831 1.751353 
832 1.690280 
833 1.654210 
834 1.508026 
835 1.686237 
836 1.512952 
837 1.616949 
838 1.681542 
839 1.659350 
840 1.655896 
841 1.850623 
842 1.437591 
843 1.488831 
844 1.683352 
845 1.547140 
846 1.760567 
847 1.533370 
848 1.575237 
849 1.611480 
850 1.753754 
851 1.549409 
852 1.766118 
853 1.671749 
854 1.538766 
855 1.534685 
856 1.643869 
857 1.580161 
858 1.562079 
859 1.575238 
860 1.873244 
861 1.622854 
862 1.323811 
863 1.643626 
864 1.881583 
865 1.350381 
866 1.628700 
867 1.719812 
868 1.693709 
869 1.425043 
870 1.857077 
871 1.514500 
872 1.436411 
873 1.562941 
874 1.654944 
875 1.838872 
876 1.708962 
877 1.669583 
878 1.485188 
879 1.752070 
880 1.555747 
881 1.431605 
882 1.579914 
883 1.681509 
884 1.716322 
885 1.564145 
886 1.656632 
887 1.622278 
888 1.713495 
889 1.602762 
890 1.584299 
891 1.625271 
892 1.614350 
893 1.604267 
894 1.576236 
895 1.756633 
896 1.734664 
897 1.445705 
898 1.815834 
899 1.526445 
900 1.438885 
901 1.686923 
902 1.565382 
903 1.571420 
904 1.771350 
905 1.560992 
906 1.738253 
907 1.633129 
908 1.520499 
909 1.794335 
910 1.567912 
911 1.626268 
912 1.560482 
913 1.541280 
914 1.610861 
915 1.674851 
916 1.564704 
917 1.760561 
918 1.537032 
919 1.649679 
920 1.614823 
921 1.551557 
922 1.664137 
923 1.730576 
924 1.543805 
925 1.700092 
926 1.505594 
927 1.551990 
928 1.759147 
929 1.600178 
930 1.401288 
931 1.593812 
932 1.611544 
933 1.682384 
934 1.754515 
935 1.514242 
936 1.467040 
937 1.543130 
938 1.490103 
939 1.769480 
940 1.484575 
941 1.620473 
942 1.645702 
943 1.553316 
944 1.635254 
945 1.544991 
946 1.531225 
947 1.651346 
948 1.647894 
949 1.529571 
950 1.464775 
951 1.664782 
952 1.657004 
953 1.681092 
954 1.637670 
955 1.536105 
956 1.567284 
957 1.819660 
958 1.580410 
959 1.504761 
960 1.777572 
961 1.736097 
962 1.580390 
963 1.571551 
964 1.585567 
965 1.535445 
966 1.780505 
967 1.572144 
968 1.613246 
969 1.381975 
970 1.546169 
971 1.885596 
972 1.676180 
973 1.709979 
974 1.766740 
975 1.454794 
976 1.482482 
977 1.628953 
978 1.669920 
979 1.736089 
980 1.758586 
981 1.651949 
982 1.524482 
983 1.507222 
984 1.693329 
985 1.781526 
986 1.504262 
987 1.553593 
988 1.566031 
989 1.579491 
990 1.483182 
991 1.827692 
992 1.512542 
993 1.742627 
994 1.743890 
995 1.596686 
996 1.768734 
997 1.467241 
998 1.515926 
999 1.613128 
1000 1.398054 
1001 1.656805 
1002 1.592693 
1003 1.621469 
1004 1.624169 
1005 1.457103 
1006 1.836978 
1007 1.552885 
1008 1.655440 
1009 1.544019 
1010 1.684679 
1011 1.600138 
1012 1.585117 
1013 1.549208 
1014 1.447271 
1015 1.889858 
1016 1.481493 
1017 1.495307 
1018 1.762736 
1019 1.695513 
1020 1.557540 
1021 1.557513 
1022 1.826457 
1023 1.516623 
1024 1.905121 
1025 1.771738 
1026 1.459278 
1027 1.525789 
1028 1.469456 
1029 1.811954 
1030 1.663969 
1031 1.806090 
1032 1.662262 
1033 1.699689 
1034 1.503619 
1035 1.638303 
1036 1.703479 
1037 1.521212 
1038 1.539822 
1039 1.736582 
1040 1.461169 
1041 1.470706 
1042 1.677898 
1043 1.543728 
1044 2.233736 
1045 2.724685 
1046 0.217028 
1047 0.812296 
1048 0.704328 
1049 1.598180 
1050 2.351217 
1051 2.522519 
1052 1.891829 
1053 1.596727 
1054 1.360620 
1055 1.569757 
1056 1.628929 
1057 1.575143 
1058 1.503587 
1059 1.634727 
1060 1.553381 
1061 1.393321 
1062 1.554528 
1063 1.694167 
1064 2.746447 
1065 2.197659 
1066 -0.347675 
1067 0.561374 
1068 -0.489082 
1069 1.138355 
1070 2.539651 
1071 2.671211 
1072 1.467317 
1073 1.687322 
1074 1.807918 
1075 1.471003 
1076 1.521559 
1077 1.764919 
1078 1.779702 
1079 1.654869 
1080 1.487054 
1081 1.402497 
1082 1.713117 
1083 1.649602 
1084 -2.665706 
1085 0.071749 
1086 -2.688240 
1087 0.144897 
1088 1.248906 
1089 1.415971 
1090 2.105953 
1091 2.380928 
1092 1.833303 
1093 1.450046 
1094 1.503632 
1095 1.507416 
1096 1.587308 
1097 1.393407 
1098 1.775491 
1099 1.765046 
1100 2.708025 
1101 2.100479 
1102 -0.512921 
1103 0.883482 
1104 -0.484330 
1105 1.264905 
1106 2.492933 
1107 2.671126 
1108 1.866330 
1109 1.659701 
1110 1.540378 
1111 1.292984 
1112 1.423151 
1113 1.474785 
1114 1.830726 
1115 1.621079 
1116 2.352813 
1117 2.325826 
1118 0.413717 
1119 0.827239 
1120 0.288494 
1121 1.437970 
1122 2.279677 
1123 2.659475 
1124 1.755830 
1125 1.730616 
1126 1.301464 
1127 1.506073 
1128 1.396826 
1129 1.689958 
1130 1.771386 
1131 1.453006 
1132 1.987427 
1133 1.535717 
1134 1.276732 
1135 1.570696 
1136 1.310948 
1137 1.733593 
1138 1.688578 
1139 1.781756 
1140 1.535553 
1141 1.567845 
1142 1.785012 
1143 1.719255 
1144 1.633880 
1145 1.615043 
1146 1.649583 
1147 1.538226 
1148 1.582429 
1149 1.635398 
1150 1.683168 
1151 1.771785 
1152 1.545108 
1153 1.684276 
1154 1.450747 
1155 1.719654 
1156 1.744669 
1157 1.610674 
1158 1.579113 
1159 1.586738 
1160 1.734134 
1161 1.717303 
1162 1.695265 
1163 1.433074 
1164 1.688583 
1165 1.511607 
1166 1.593574 
1167 1.669972 
1168 1.559474 
1169 1.380888 
1170 1.865784 
1171 1.543233 
1172 1.441584 
1173 1.655788 
1174 1.666854 
1175 1.462131 
1176 1.790097 
1177 1.416861 
1178 1.595461 
1179 1.562338 
1180 1.691717 
1181 1.652938 
1182 1.488902 
1183 1.800785 
1184 1.580551 
1185 1.572055 
1186 1.776740 
1187 1.641259 
1188 1.680259 
1189 1.547058 
1190 1.406104 
1191 1.667883 
1192 1.558954 
1193 1.714509 
1194 1.479064 
1195 1.542945 
1196 1.471654 
1197 1.590948 
1198 1.595475 
1199 1.738379 
1200 1.557015 
1201 1.649485 
1202 1.439641 
1203 1.613721 
1204 2.067155 
1205 1.699528 
1206 1.317626 
1207 1.573448 
1208 1.468961 
1209 1.578929 
1210 1.765028 
1211 1.660108 
1212 1.650842 
1213 1.710107 
1214 1.555056 
1215 1.483564 
1216 1.781916 
1217 1.553507 
1218 1.614218 
1219 1.768110 
1220 1.768108 
1221 1.502504 
1222 1.530914 
1223 1.508785 
1224 1.650133 
1225 1.440823 
1226 1.676358 
1227 1.722031 
1228 1.759043 
1229 1.728694 
1230 1.524748 
1231 1.581196 
1232 1.594132 
1233 1.659146 
1234 1.436693 
1235 1.671535 
1236 1.441211 
1237 1.646212 
1238 1.713792 
1239 1.738984 
1240 1.485620 
1241 1.706125 
1242 1.612870 
1243 1.491875 
1244 -1.401780 
1245 -1.589370 
1246 -1.615361 
1247 -1.729299 
1248 -1.621296 
1249 -1.467147 
1250 -1.569610 
1251 -1.629377 
1252 -1.534350 
1253 -1.619426 
1254 -1.689944 
1255 -1.584069 
1256 -1.459189 
1257 -1.447379 
1258 -1.417354 
1259 -1.794856 
1260 -1.493259 
1261 -1.544937 
1262 -1.506967 
1263 -1.783746 
1264 -1.466449 
1265 -1.650935 
1266 -1.780801 
1267 -1.545724 
1268 -1.619510 
1269 -1.731632 
1270 -1.600817 
1271 -1.468142 
1272 -1.485595 
1273 -1.683631 
1274 -1.549739 
1275 -1.585795 
1276 -1.399893 
1277 -1.534699 
1278 -1.552014 
1279 -1.835840 
1280 -1.679582 
1281 -1.485838 
1282 -1.592428 
1283 -1.498599 
1284 -1.545099 
1285 -1.655015 
1286 -1.666790 
1287 -1.633857 
1288 -1.578243 
1289 -1.710402 
1290 -1.554985 
1291 -1.477390 
1292 -1.531752 
1293 -1.567789 
1294 -1.450932 
1295 -1.665084 
1296 -1.691234 
1297 -1.642281 
1298 -1.460010 
1299 -1.586418 
1300 -1.498007 
1301 -1.484655 
1302 -1.477510 
1303 -1.871769 
1304 -1.607542 
1305 -1.548084 
1306 -1.446973 
1307 -1.749873 
1308 -1.674904 
1309 -1.555915 
1310 -1.697219 
1311 -1.411050 
1312 -1.646361 
1313 -1.358284 
1314 -1.476792 
1315 -1.672918 
1316 -1.518810 
1317 -1.741739 
1318 -1.521056 
1319 -1.464867 
1320 -1.530095 
1321 -1.824321 
1322 -1.610538 
1323 -1.455434 
1324 -1.561616 
1325 -1.575018 
1326 -1.569009 
1327 -1.621677 
1328 -1.440193 
1329 -1.640846 
1330 -1.421000 
1331 -1.750868 
1332 -1.713480 
1333 -1.484476 
1334 -1.528056 
1335 -1.761804 
1336 -1.568134 
1337 -1.632745 
1338 -1.576466 
1339 -1.541228 
1340 -1.487657 
1341 -1.310063 
1342 -1.867214 
1343 -1.590211 
1344 -1.758192 
1345 -1.797418 
1346 -1.563806 
1347 -1.199449 
1348 -1.652331 
1349 -1.613521 
1350 -1.661265 
1351 -1.510605 
1352 -1.770224 
1353 -1.475271 
1354 -1.698220 
1355 -1.459572 
1356 -1.681727 
1357 -1.730735 
1358 -1.554218 
1359 -1.450953 
1360 -1.691977 
1361 -1.586999 
1362 -1.533350 
1363 -1.522815 
1364 -1.731991 
1365 -1.452317 
1366 -1.740316 
1367 -1.289421 
1368 -1.439541 
1369 -1.691002 
1370 -1.632399 
1371 -1.628972 
1372 -1.719387 
1373 -1.466225 
1374 -1.477250 
1375 -1.713398 
1376 -1.330856 
1377 -1.641719 
1378 -1.538622 
1379 -1.763015 
1380 -1.569121 
1381 -1.666443 
1382 -1.799153 
1383 -1.319880 
1384 -1.429756 
1385 -1.736929 
1386 -1.524893 
1387 -1.694842 
1388 -1.417239 
1389 -1.760085 
1390 -1.605678 
1391 -1.492968 
1392 -1.562962 
1393 -1.761981 
1394 -1.717733 
1395 -1.590411 
1396 -1.412077 
1397 -1.408187 
1398 -1.663800 
1399 -1.720147 
1400 -1.613236 
1401 -1.730478 
1402 -1.337310 
1403 -1.462288 
1404 -1.309571 
1405 -1.651646 
1406 -1.503332 
1407 -1.763019 
1408 -1.790003 
1409 -1.588215 
1410 -1.522282 
1411 -1.696652 
1412 -1.753360 
1413 -1.527743 
1414 -1.776137 
1415 -1.467651 
1416 -1.560843 
1417 -1.628923 
1418 -1.725124 
1419 -1.225739 
1420 -1.639180 
1421 -1.519720 
1422 -1.492237 
1423 -1.690471 
1424 -1.735637 
1425 -1.754972 
1426 -1.356292 
1427 -1.486367 
1428 -1.422577 
1429 -1.831686 
1430 -1.623022 
1431 -1.604445 
1432 -1.640538 
1433 -1.355878 
1434 -1.724202 
1435 -1.738408 
1436 -1.350932 
1437 -1.997754 
1438 -1.690174 
1439 -1.452927 
1440 -1.515409 
1441 -1.535938 
1442 -1.421455 
1443 -1.864417 
1444 -1.578486 
1445 -1.826024 
1446 -1.460715 
1447 -1.272773 
1448 -1.639312 
1449 -1.562456 
1450 -1.447253 
1451 -1.745757 
1452 -1.594170 
1453 -1.569285 
1454 -1.479301 
1455 -1.537675 
1456 -1.358544 
1457 -1.815609 
1458 -1.731153 
1459 -1.543390 
1460 -1.460702 
1461 -1.685558 
1462 -1.708255 
1463 -1.303820 
1464 -1.500898 
1465 -1.677122 
1466 -1.590552 
1467 -1.782835 
1468 -1.623089 
1469 -1.517534 
1470 -1.462203 
1471 -1.719932 
1472 -1.552463 
1473 -1.481355 
1474 -1.624667 
1475 -1.627788 
1476 -1.775124 
1477 -1.659693 
1478 -1.531459 
1479 -1.497360 
1480 -1.746963 
1481 -1.693081 
1482 -1.399961 
1483 -1.477075 
1484 -1.668817 
1485 -1.557822 
1486 -1.735031 
1487 -1.519558 
1488 -1.834289 
1489 -1.479038 
1490 -1.656072 
1491 -1.480929 
1492 -1.607957 
1493 -1.626846 
1494 -1.493987 
1495 -1.653360 
1496 -1.606624 
1497 -1.662313 
1498 -1.647563 
1499 -1.590125 
1500 -1.568760 
1501 -1.582979 
1502 -1.846653 
1503 -1.451003 
1504 -1.606221 
1505 -1.509316 
1506 -1.808570 
1507 -1.366709 
1508 -1.837623 
1509 -1.497277 
1510 -1.548588 
1511 -1.638897 
1512 -1.674913 
1513 -1.616253 
1514 -1.681065 
1515 -1.538068 
1516 -1.418668 
1517 -1.640510 
1518 -1.480495 
1519 -1.605893 
1520 -1.733420 
1521 -1.627318 
1522 -1.679407 
1523 -1.338630 
1524 -1.692670 
1525 -1.398597 
1526 -1.651127 
1527 -1.348235 
1528 -1.812200 
1529 -1.497921 
1530 -1.546580 
1531 -1.604049 
1532 -1.700979 
1533 -1.728920 
1534 -1.483635 
1535 -1.528228 
1536 -1.300784 
1537 -2.445571 
1538 -1.235756 
1539 -2.295860 
1540 1.982287 
1541 0.190554 
1542 1.485341 
1543 0.134947 
1544 2.455299 
1545 1.643853 
1546 2.056972 
1547 1.354565 
1548 1.596074 
1549 1.908634 
1550 1.348988 
1551 1.467802 
1552 1.409811 
1553 1.604805 
1554 -1.717720 
1555 -1.661849 
1556 -1.563230 
1557 -1.440011 
1558 -1.814548 
1559 -1.663519 
1560 -2.373688 
1561 -2.550506 
1562 -0.775307 
1563 -0.889500 
1564 1.190746 
1565 0.947660 
1566 2.687965 
1567 2.431196 
1568 1.715978 
1569 -1.573091 
1570 -1.682678 
1571 -1.095287 
1572 -1.423332 
1573 -1.592860 
1574 -1.397212 
1575 -1.866442 
1576 -3.183368 
1577 -1.439480 
1578 -1.482129 
1579 -0.038068 
1580 0.307074 
1581 1.848858 
1582 1.792162 
1583 2.946841 
1584 -1.882116 
1585 -1.702128 
1586 -1.516883 
1587 -1.299245 
1588 -1.427423 
1589 -1.454711 
1590 -1.649856 
1591 -1.879331 
1592 -2.576489 
1593 -2.245779 
1594 -1.349708 
1595 -1.138805 
1596 0.015595 
1597 -0.197304 
1598 0.354851 
1599 -4.446774 
1600 -1.907799 
1601 -1.686409 
1602 -1.525937 
1603 -1.198636 
1604 -1.434865 
1605 -1.607732 
1606 -1.712790 
1607 -1.610181 
1608 -2.552994 
1609 -1.574135 
1610 -1.651994 
1611 -1.131241 
1612 -0.793363 
1613 -0.671473 
1614 -2.510858 
1615 -2.109219 
1616 -1.938357 
1617 -1.706316 
1618 -1.493837 
1619 -1.321707 
1620 -1.393726 
1621 -1.547562 
1622 -1.966321 
1623 -1.483620 
1624 -2.084180 
1625 -1.799745 
1626 -1.346266 
1627 -1.251593 
1628 -1.236051 
1629 -1.460991 
1630 -1.907416 
1631 -2.154206 
1632 -1.707221 
1633 -1.445530 
1634 -1.603480 
1635 -1.801871 
1636 -1.338421 
1637 -1.645508 
1638 -1.536988 
1639 -1.754024 
1640 -1.764942 
1641 -1.590529 
1642 -1.598603 
1643 -1.651238 
1644 -1.242790 
1645 -1.213749 
1646 -1.967147 
1647 -2.434861 
1648 -1.571099 
1649 -1.543750 
1650 -1.678386 
1651 -1.484654 
1652 -1.482254 
1653 -1.565845 
1654 -1.620294 
1655 -1.561941 
1656 -1.927850 
1657 -1.645509 
1658 -1.746094 
1659 -1.071556 
1660 -1.368543 
1661 -1.533527 
1662 -1.610084 
1663 -1.970524 
1664 -1.623349 
1665 -1.569266 
1666 -1.634141 
1667 -1.467707 
1668 -1.588404 
1669 -1.558384 
1670 -1.566765 
1671 -1.724010 
1672 -1.687807 
1673 -1.768026 
1674 -1.593191 
1675 -1.527389 
1676 -1.543247 
1677 -1.400057 
1678 -1.629086 
1679 -1.791574 
1680 -1.539159 
1681 -1.617931 
1682 -1.429137 
1683 -1.564245 
1684 -1.614863 
1685 -1.441915 
1686 -1.557921 
1687 -1.674476 
1688 -1.289179 
1689 -1.746364 
1690 -1.898850 
1691 -1.298211 
1692 -1.653979 
1693 -1.571164 
1694 -1.640020 
1695 -1.713227 
1696 -1.564965 
1697 -1.572744 
1698 -1.576759 
1699 -1.574421 
1700 -1.664663 
1701 -1.651779 
1702 -1.566044 
1703 -1.477610 
1704 -1.844684 
1705 -1.759484 
1706 -1.483178 
1707 -1.364920 
1708 -1.379372 
1709 -1.681038 
1710 -1.379436 
1711 -1.755371 
1712 -1.522688 
1713 -1.566750 
1714 -1.485108 
1715 -1.696882 
1716 -1.426029 
1717 -1.682193 
1718 -1.241008 
1719 -1.897185 
1720 -1.583577 
1721 -1.660754 
1722 -1.497380 
1723 -1.541753 
1724 -1.646485 
1725 -1.711877 
1726 -1.572972 
1727 -1.349626 
1728 -1.543810 
1729 -1.686668 
1730 -1.651070 
1731 -1.482643 
1732 -1.666120 
1733 -1.394997 
1734 -1.626533 
1735 -1.764063 
1736 -1.648708 
1737 -1.571060 
1738 -1.393693 
1739 -1.741727 
1740 -1.538268 
1741 -1.546395 
1742 -1.719613 
1743 -1.497407 
1744 -1.728602 
1745 -1.681999 
1746 -1.388398 
1747 -1.579948 
1748 -1.464957 
1749 -1.594486 
1750 -1.564630 
1751 -1.575571 
1752 -1.535763 
1753 -1.690172 
1754 -1.662852 
1755 -1.546459 
1756 -1.581028 
1757 -1.529243 
1758 -1.734014 
1759 -1.577818 
1760 -1.628232 
1761 -1.602275 
1762 -1.535892 
1763 -1.710522 
1764 -1.624605 
1765 -1.558231 
1766 -1.420084 
1767 -1.767425 
1768 -1.515983 
1769 -1.620495 
1770 -1.511112 
1771 -1.694545 
1772 -1.740597 
1773 -1.528785 
1774 -1.444350 
1775 -1.603998 
1776 -1.746564 
1777 -1.620623 
1778 -1.569017 
1779 -1.511767 
1780 -1.638292 
1781 -1.565236 
1782 -1.464660 
1783 -1.781164 
1784 -1.806320 
1785 -1.488706 
1786 -1.657931 
1787 -1.327364 
1788 -1.738993 
1789 -1.412472 
1790 -1.647082 
1791 -1.564266 
1792 -1.865944 
1793 -1.334746 
1794 -1.668324 
1795 -1.692119 
1796 -1.501605 
1797 -1.705781 
1798 -1.398111 
1799 -1.674480 
1800 -1.620899 
1801 -1.629289 
1802 -1.419664 
1803 -1.733182 
1804 -1.603661 
1805 -1.627336 
1806 -1.522215 
1807 -1.590053 
1808 -1.416410 
1809 -1.806997 
1810 -1.636099 
1811 -1.400294 
1812 -1.741982 
1813 -1.648868 
1814 -1.583513 
1815 -1.441704 
1816 -1.685071 
1817 -1.517846 
1818 -1.392923 
1819 -1.646279 
1820 -1.531703 
1821 -1.324247 
1822 -1.846838 
1823 -1.619526 
1824 -1.784277 
1825 -1.567390 
1826 -1.486420 
1827 -1.420142 
1828 -1.541378 
1829 -1.635487 
1830 -1.637876 
1831 -1.526296 
1832 -1.487955 
1833 -1.625699 
1834 -1.529013 
1835 -1.630739 
1836 -1.701887 
1837 -1.536211 
1838 -1.381335 
1839 -1.605513 
1840 -1.573558 
1841 -1.339400 
1842 -1.624916 
1843 -1.742910 
1844 -1.321567 
1845 -1.889705 
1846 -1.606115 
1847 -1.554519 
1848 -1.635322 
1849 -1.782378 
1850 -1.441129 
1851 -1.360322 
1852 -1.432333 
1853 -1.771498 
1854 -1.238864 
1855 -1.949557 
1856 -1.632333 
1857 -1.547124 
1858 -1.508710 
1859 -1.671615 
1860 -1.555848 
1861 -1.637588 
1862 -1.437638 
1863 -1.702499 
1864 -1.785402 
1865 -1.654721 
1866 -1.398535 
1867 -1.594707 
1868 -1.651189 
1869 -1.471712 
1870 -1.500471 
1871 -1.764990 
1872 -1.678593 
1873 -1.324262 
1874 -1.823316 
1875 -1.471292 
1876 -1.580094 
1877 -1.597853 
1878 -1.469154 
1879 -1.590753 
1880 -1.665726 
1881 -1.422646 
1882 -1.695476 
1883 -1.568887 
1884 -1.659844 
1885 -1.569321 
1886 -1.614338 
1887 -1.693732 
1888 -1.149129 
1889 -1.720501 
1890 -1.593433 
1891 -1.782998 
1892 -1.806481 
1893 -1.467833 
1894 -1.472226 
1895 -1.736256 
1896 -1.387411 
1897 -1.723270 
1898 -1.479303 
1899 -1.834359 
1900 -1.530618 
1901 -1.581800 
1902 -1.721329 
1903 -1.481579 
1904 -1.616087 
1905 -1.503935 
1906 -1.695350 
1907 -1.598754 
1908 -1.609765 
1909 -1.765210 
1910 -1.339240 
1911 -1.586528 
1912 -1.399595 
1913 -1.676034 
1914 -1.678802 
1915 -1.588468 
1916 -1.583633 
1917 -1.562762 
1918 -1.718812 
1919 -1.638712 
1920 -2.333496 
1921 -2.296604 
1922 -0.985928 
1923 -1.100117 
1924 1.527611 
1925 1.636099 
1926 1.535687 
1927 1.727373 
1928 1.762255 
1929 1.471931 
1930 1.560115 
1931 1.783847 
1932 1.695526 
1933 1.414827 
1934 1.543851 
1935 1.661350 
1936 2.203276 
1937 2.503284 
1938 1.435732 
1939 0.153297 
1940 -2.018135 
1941 -2.964685 
1942 -2.075637 
1943 0.442141 
1944 1.304465 
1945 1.457059 
1946 2.066879 
1947 1.685360 
1948 1.904574 
1949 1.449221 
1950 1.500432 
1951 1.787665 
1952 1.801682 
1953 1.648236 
1954 1.447663 
1955 1.602772 
1956 1.818457 
1957 1.671087 
1958 -1.293200 
1959 -1.532680 
1960 -1.523099 
1961 -1.685071 
1962 -1.313585 
1963 -1.849456 
1964 -1.473358 
1965 -1.807005 
1966 -1.471840 
1967 -1.609970 
1968 -1.313124 
1969 -1.893407 
1970 -1.416063 
1971 -1.752630 
1972 -1.343763 
1973 -1.727162 
1974 -1.495500 
1975 -1.748469 
1976 -1.352084 
1977 -1.631924 
1978 -1.493231 
1979 -1.996998 
1980 -1.468272 
1981 -1.554960 
1982 -1.563268 
1983 -1.806566 
1984 -1.511431 
1985 -1.508803 
1986 -1.475583 
1987 -1.784188 
1988 -1.723568 
1989 -1.653154 
1990 -1.653377 
1991 -1.470967 
1992 -1.495965 
1993 -1.724265 
1994 -1.647048 
1995 -1.472050 
1996 -1.604049 
1997 -1.955178 
1998 -1.373893 
1999 -1.441425 
2000 -1.301896 
2001 -1.589035 
2002 -1.614024 
2003 -1.622184 
2004 -1.505016 
2005 -1.614943 
2006 -1.513566 
2007 -1.737967 
2008 -1.710417 
2009 -1.670374 
2010 -1.597731 
2011 -1.536383 
2012 -1.455662 
2013 -1.633896 
2014 -1.792397 
2015 -1.628080 
2016 -1.596713 
2017 -1.145375 
2018 -1.636946 
2019 -1.995790 
2020 -1.788578 
2021 -1.546246 
2022 -1.569309 
2023 -1.467187 
2024 -1.692568 
2025 -1.739296 
2026 -1.555442 
2027 -1.548481 
2028 -1.678438 
2029 -1.086967 
2030 -1.866321 
2031 -1.682103 
2032 -1.672343 
2033 -1.411744 
2034 -1.829888 
2035 -1.385245 
2036 -1.769461 
2037 -1.623399 
2038 -1.371945 
2039 -1.720340 
2040 -1.277807 
2041 -1.379814 
2042 -1.786805 
2043 -1.627640 
2044 -1.555979 
2045 -1.618286 
2046 -1.495615 
2047 -1.561151 
2048 -1.885969 
2049 -1.603461 
2050 -1.514739 
2051 -1.394987 
2052 -1.417950 
2053 -1.369983 
2054 -1.989590 
2055 -1.919920 
2056 -1.565203 
2057 -1.732617 
2058 -1.578606 
2059 -1.477918 
2060 -1.755746 
2061 -1.754162 
2062 -1.260686 
2063 -1.440855 
2064 -1.275312 
2065 -1.558065 
2066 -1.622940 
2067 -1.643252 
2068 -1.371617 
2069 -1.795229 
2070 -1.566900 
2071 -1.342039 
2072 -1.909472 
2073 -1.659614 
2074 -1.493377 
2075 -1.372300 
2076 -1.585578 
2077 -1.548917 
2078 -1.506817 
2079 -1.631786 
2080 -1.614983 
2081 -1.534502 
2082 -1.589242 
2083 -1.674766 
2084 -1.477974 
2085 -1.657736 
2086 -1.456296 
2087 -1.691605 
2088 -1.753899 
2089 -1.659524 
2090 -1.551237 
2091 -1.480119 
2092 -1.602759 
2093 -1.494535 
2094 -1.576648 
2095 -1.519090 
2096 -1.483572 
2097 -1.575602 
2098 -1.582727 
2099 -1.602632 
2100 -1.665801 
2101 -1.692138 
2102 -1.348149 
2103 -1.551628 
2104 -1.571909 
2105 -1.655358 
2106 -1.690316 
2107 -1.552218 
2108 -1.424281 
2109 -1.306300 
2110 -1.511105 
2111 -1.999982 
2112 -1.717445 
2113 -1.848058 
2114 -1.326352 
2115 -1.453588 
2116 -1.648967 
2117 -1.617128 
2118 -1.502219 
2119 -1.559275 
2120 -1.624145 
2121 -1.718693 
2122 -1.565469 
2123 -1.813551 
2124 -1.944497 
2125 -1.741716 
2126 -1.274332 
2127 -1.249879 
2128 -1.594912 
2129 -1.898936 
2130 -1.604008 
2131 -1.339407 
2132 -1.621713 
2133 -1.469723 
2134 -1.437312 
2135 -1.713129 
2136 -1.927074 
2137 -1.718423 
2138 -1.327903 
2139 -1.301249 
2140 -1.601731 
2141 -1.803443 
2142 -1.730392 
2143 -1.351188 
2144 -1.362056 
2145 -1.470531 
2146 -1.689311 
2147 -1.873907 
2148 -1.898601 
2149 -1.702780 
2150 -1.364652 
2151 -1.351241 
2152 -1.256369 
2153 -1.899120 
2154 -1.775171 
2155 -1.668599 
2156 -1.527389 
2157 -1.488595 
2158 -1.553355 
2159 -1.614026 
2160 -1.934571 
2161 -1.745398 
2162 -1.370461 
2163 -1.248472 
2164 -1.489662 
2165 -1.555926 
2166 -1.455124 
2167 -1.910380 
2168 -1.484042 
2169 -1.811313 
2170 -1.634221 
2171 -1.581257 
2172 -1.917387 
2173 -1.777180 
2174 -1.348325 
2175 -1.371866 
2176 -1.658676 
2177 -1.644321 
2178 -1.840679 
2179 -1.537781 
2180 -1.583470 
2181 -1.586354 
2182 -1.678568 
2183 -1.501989 
2184 -1.692130 
2185 -1.624564 
2186 -1.559421 
2187 -1.626179 
2188 -1.688082 
2189 -1.408835 
2190 -1.709428 
2191 -1.507663 
2192 -1.540919 
2193 -1.584138 
2194 -1.529328 
2195 -1.531097 
2196 -1.679177 
2197 -1.444997 
2198 -1.576270 
2199 -1.562590 
2200 -1.726900 
2201 -1.393089 
2202 -1.386288 
2203 -1.851792 
2204 -1.633849 
2205 -1.650665 
2206 -1.513917 
2207 -1.684158 
2208 -1.318879 
2209 -1.442055 
2210 -1.593649 
2211 -1.930285 
2212 -1.660512 
2213 -1.319567 
2214 -1.515237 
2215 -1.613445 
2216 -1.713592 
2217 -1.677660 
2218 -1.445703 
2219 -1.528903 
2220 -1.493535 
2221 -1.341523 
2222 -1.650456 
2223 -1.785570 
2224 -1.596734 
2225 -1.582861 
2226 -1.529297 
2227 -1.617578 
2228 -1.434944 
2229 -1.659109 
2230 -1.572263 
2231 -1.667626 
2232 -1.562559 
2233 -1.395441 
2234 -1.545081 
2235 -1.789548 
2236 -1.839161 
2237 -1.471658 
2238 -1.478766 
2239 -1.531293 
2240 -1.454858 
2241 -1.574656 
2242 -1.831332 
2243 -1.483142 
2244 -1.616266 
2245 -1.346275 
2246 -1.837693 
2247 -1.731878 
2248 -1.692890 
2249 -1.552272 
2250 -1.691112 
2251 -1.461029 
2252 -1.756337 
2253 -1.535264 
2254 -1.757285 
2255 -1.516171 
2256 -1.375432 
2257 -1.629732 
2258 -1.489492 
2259 -1.638285 
2260 -1.653301 
2261 -1.777295 
2262 -1.421987 
2263 -1.507012 
2264 -1.484981 
2265 -1.573545 
2266 -1.566399 
2267 -1.725479 
2268 -1.500892 
2269 -1.644307 
2270 -1.730283 
2271 -1.516313 
2272 -1.630275 
2273 -1.483233 
2274 -1.774681 
2275 -1.592924 
2276 -1.592502 
2277 -1.716282 
2278 -1.600432 
2279 -1.609649 
2280 -1.273912 
2281 -1.715163 
2282 -1.761164 
2283 -1.594792 
2284 -1.622054 
2285 -1.708810 
2286 -1.447762 
2287 -1.495375 
2288 -1.496296 
2289 -1.927912 
2290 -1.620241 
2291 -1.382403 
2292 -1.333785 
2293 -1.538582 
2294 -1.635920 
2295 -1.740502 
2296 -2.035406 
2297 -1.664000 
2298 -1.158732 
2299 -1.420334 
2300 -1.871059 
2301 -1.580425 
2302 -1.369469 
2303 -1.415332 
2304 -1.627232 
2305 -1.665881 
2306 -1.636496 
2307 -1.625517 
2308 -1.760433 
2309 -1.406723 
2310 -1.527663 
2311 -1.647985 
2312 -1.674401 
2313 -1.750774 
2314 -1.531535 
2315 -1.531002 
2316 -1.486543 
2317 -1.563247 
2318 -1.673848 
2319 -1.518202 
2320 -1.429159 
2321 -1.601351 
2322 -1.537092 
2323 -1.647471 
2324 -1.410844 
2325 -1.524042 
2326 -1.536360 
2327 -1.851639 
2328 -1.709247 
2329 -1.653062 
2330 -1.637805 
2331 -1.529857 
2332 -1.721471 
2333 -1.562366 
2334 -1.617767 
2335 -1.720620 
2336 -1.619774 
2337 -1.530991 
2338 -1.643903 
2339 -1.575012 
2340 -1.817928 
2341 -1.262115 
2342 -1.661700 
2343 -1.416799 
2344 -1.694484 
2345 -1.423301 
2346 -1.457721 
2347 -1.916524 
2348 -1.466873 
2349 -1.520843 
2350 -1.673145 
2351 -1.512103 
2352 -1.593817 
2353 -1.687886 
2354 -1.798622 
2355 -1.325833 
2356 -1.089983 
2357 -1.443517 
2358 -1.838061 
2359 -1.670918 
2360 -1.578079 
2361 -1.456081 
2362 -1.609015 
2363 -1.956840 
2364 -1.982908 
2365 -1.221950 
2366 -1.582479 
2367 -1.901729 
2368 -1.684486 
2369 -1.578078 
2370 -1.335528 
2371 -1.359549 
2372 -1.351240 
2373 -1.939814 
2374 -2.076494 
2375 -0.366363 
2376 -2.035261 
2377 -1.841794 
2378 -1.906995 
2379 -3.184100 
2380 -1.523442 
2381 -1.390226 
2382 -1.479353 
2383 -1.791085 
2384 -4.757739 
2385 0.077703 
2386 0.132103 
2387 0.156490 
2388 0.208702 
2389 -0.341394 
2390 -2.530477 
2391 -3.456422 
2392 -1.560785 
2393 -1.695208 
2394 -1.912491 
2395 0.616028 
2396 2.620492 
2397 2.553362 
2398 2.325629 
2399 1.331944 
2400 -0.945053 
2401 -1.401898 
2402 -2.027878 
2403 -2.195221 
2404 -2.080859 
2405 1.382738 
2406 1.309109 
2407 1.512204 
2408 3.130464 
2409 1.867143 
2410 -0.180422 
2411 -1.192997 
2412 -1.479216 
2413 -1.603812 
2414 -1.635433 
2415 1.331152 
2416 1.199863 
2417 1.611826 
2418 1.712276 
2419 1.695283 
2420 0.299154 
2421 -0.570134 
2422 -1.464406 
2423 -3.959497 
2424 -1.751731 
2425 1.657484 
2426 1.509457 
2427 1.445161 
2428 2.420428 
2429 2.538268 
2430 0.971677 
2431 0.203821 
2432 -1.422696 
2433 -1.786072 
2434 -1.750888 
2435 2.922784 
2436 1.370398 
2437 1.595691 
2438 1.702945 
2439 1.704430 
2440 4.150568 
2441 1.609170 
2442 0.495021 
2443 -0.607737 
2444 -0.314442 
2445 1.667324 
2446 2.136172 
2447 1.456188 
2448 1.543062 
2449 1.630975 
2450 1.770861 
2451 1.537429 
2452 0.908649 
2453 0.617125 
2454 0.420615 
2455 4.220079 
2456 1.897630 
2457 1.652177 
2458 1.484020 
2459 1.305165 
2460 1.953719 
2461 1.866166 
2462 1.514177 
2463 1.598047 
2464 0.900012 
2465 1.845345 
2466 1.869458 
2467 1.434028 
2468 1.342207 
2469 1.969557 
2470 1.630935 
2471 1.521965 
2472 1.558608 
2473 1.648574 
2474 1.394147 
2475 1.996965 
2476 1.587849 
2477 1.697959 
2478 1.537572 
2479 1.564718 
2480 1.689501 
2481 1.588017 
2482 1.516206 
2483 1.581205 
2484 1.378271 
2485 1.559716 
2486 1.788471 
2487 1.651820 
2488 1.543579 
2489 1.677677 
2490 1.647266 
2491 1.599955 
2492 1.628482 
2493 1.653825 
2494 1.392401 
2495 1.930520 
2496 1.661297 
2497 1.623381 
2498 1.588041 
2499 1.618069 
2500 1.765186 
2501 1.689397 
2502 1.484857 
2503 1.520905 
2504 1.229461 
2505 1.766329 
2506 1.735187 
2507 1.590389 
2508 1.511685 
2509 1.625228 
2510 1.531508 
2511 1.677552 
2512 1.520173 
2513 1.485834 
2514 1.612021 
2515 1.779149 
2516 1.653792 
2517 1.714463 
2518 1.570652 
2519 1.784819 
2520 1.731783 
2521 1.571076 
2522 1.442184 
2523 1.847534 
2524 1.801842 
2525 1.428904 
2526 1.538172 
2527 1.498164 
2528 1.436394 
2529 1.691942 
2530 1.526354 
2531 1.703288 
2532 1.537917 
2533 1.621691 
2534 1.493705 
2535 1.868006 
2536 1.560081 
2537 1.595727 
2538 1.763886 
2539 1.466915 
2540 1.700157 
2541 1.621158 
2542 1.548816 
2543 1.683677 
2544 1.644053 
2545 1.538142 
2546 1.527107 
2547 1.713843 
2548 1.549348 
2549 1.715747 
2550 1.607868 
2551 1.403813 
2552 1.482206 
2553 1.714830 
2554 1.735098 
2555 1.229845 
2556 1.470897 
2557 1.481369 
2558 1.652706 
2559 1.727345 
2560 1.564941 
2561 1.658473 
2562 1.756368 
2563 1.983028 
2564 2.076954 
2565 1.595793 
2566 1.669210 
2567 1.780076 
2568 1.710335 
2569 1.847487 
2570 1.470983 
2571 1.205994 
2572 1.575513 
2573 1.733981 
2574 1.772458 
2575 1.189632 
2576 1.184640 
2577 1.358832 
2578 1.474491 
2579 2.306112 
2580 2.164397 
2581 1.193578 
2582 1.483721 
2583 1.668815 
2584 1.773512 
2585 1.554759 
2586 1.672862 
2587 1.871045 
2588 1.333028 
2589 1.815908 
2590 1.771245 
2591 1.310699 
2592 1.572598 
2593 1.508139 
2594 1.881163 
2595 1.559950 
2596 1.634920 
2597 1.532238 
2598 1.309954 
2599 1.831003 
2600 1.931385 
2601 1.663528 
2602 1.341573 
2603 1.409085 
2604 1.605162 
2605 1.553321 
2606 1.680429 
2607 1.676778 
2608 1.469491 
2609 1.633632 
2610 1.819469 
2611 1.529757 
2612 2.094374 
2613 1.499066 
2614 1.372911 
2615 1.489017 
2616 1.563539 
2617 1.466059 
2618 1.584938 
2619 1.698951 
2620 1.409246 
2621 1.547537 
2622 1.590091 
2623 1.839319 
2624 1.970354 
2625 1.578897 
2626 1.447518 
2627 1.443277 
2628 1.506807 
2629 1.580409 
2630 1.850063 
2631 1.645973 
2632 1.427619 
2633 1.574433 
2634 1.610101 
2635 1.885522 
2636 1.718091 
2637 1.716684 
2638 1.690579 
2639 1.534262 
2640 1.498269 
2641 1.696012 
2642 1.753182 
2643 1.601184 
2644 1.387531 
2645 1.662953 
2646 1.677855 
2647 1.747433 
2648 1.502688 
2649 1.600373 
2650 1.668891 
2651 1.650471 
2652 1.500397 
2653 1.742197 
2654 1.511234 
2655 1.746035 
2656 1.655162 
2657 1.543641 
2658 1.555328 
2659 1.753022 
2660 1.514692 
2661 1.339219 
2662 1.833444 
2663 1.632196 
2664 1.465253 
2665 1.697524 
2666 1.607064 
2667 1.731900 
2668 1.763049 
2669 1.378211 
2670 1.497442 
2671 1.740930 
2672 1.628806 
2673 1.549739 
2674 1.742445 
2675 1.686534 
2676 1.419128 
2677 1.538060 
2678 1.507518 
2679 1.700822 
2680 1.846130 
2681 1.544990 
2682 1.576812 
2683 1.530505 
2684 1.905085 
2685 1.488306 
2686 1.469786 
2687 1.497813 
2688 1.767870 
2689 1.515316 
2690 1.799602 
2691 1.619200 
2692 1.620128 
2693 1.650760 
2694 1.471199 
2695 1.798112 
2696 1.868178 
2697 1.717113 
2698 1.494926 
2699 1.586730 
2700 1.630068 
2701 1.656195 
2702 1.546888 
2703 1.543537 
2704 1.699643 
2705 1.513034 
2706 1.424893 
2707 1.632016 
2708 1.679332 
2709 1.515584 
2710 1.565319 
2711 1.624104 
2712 1.815056 
2713 1.507474 
2714 1.536123 
2715 1.770996 
2716 1.571595 
2717 1.739632 
2718 1.687395 
2719 1.513896 
2720 1.520102 
2721 1.448935 
2722 1.763974 
2723 1.636147 
2724 1.537460 
2725 1.559255 
2726 1.584856 
2727 1.583208 
2728 1.716432 
2729 1.743127 
2730 1.533000 
2731 1.382885 
2732 1.298312 
2733 1.618025 
2734 1.752881 
2735 1.629826 
2736 1.684232 
2737 1.638716 
2738 1.532680 
2739 1.519560 
2740 1.742971 
2741 1.728334 
2742 1.701804 
2743 1.595081 
2744 1.648059 
2745 1.660908 
2746 1.612993 
2747 1.444826 
2748 1.558868 
2749 1.810634 
2750 1.536802 
2751 1.658463 
2752 1.643695 
2753 1.553853 
2754 1.675993 
2755 1.471624 
2756 1.596121 
2757 1.637087 
2758 1.656749 
2759 1.706500 
2760 1.713920 
2761 1.493133 
2762 1.805486 
2763 1.546763 
2764 1.450769 
2765 1.588281 
2766 1.778127 
2767 1.510821 
2768 1.604839 
2769 1.610479 
2770 1.618933 
2771 1.745575 
2772 1.630429 
2773 1.677626 
2774 1.775619 
2775 1.646289 
2776 1.708734 
2777 1.680714 
2778 1.529018 
2779 1.677274 
2780 1.624428 
2781 1.498353 
2782 1.488529 
2783 1.625328 
2784 1.662657 
2785 1.591868 
2786 1.554944 
2787 1.505515 
2788 1.605653 
2789 1.529085 
2790 1.690224 
2791 1.598873 
2792 1.490083 
2793 1.679118 
2794 1.680794 
2795 1.607366 
2796 1.741893 
2797 1.814855 
2798 1.571960 
2799 1.277016 
2800 1.623142 
2801 1.745746 
2802 1.702430 
2803 1.553450 
2804 1.574676 
2805 1.577953 
2806 1.526731 
2807 1.875062 
2808 1.888205 
2809 1.497779 
2810 1.345995 
2811 1.698535 
2812 1.586129 
2813 1.626783 
2814 1.887547 
2815 1.483089 
2816 1.724161 
2817 1.353647 
2818 1.692312 
2819 1.546129 
2820 1.818628 
2821 1.620721 
2822 1.492954 
2823 1.624809 
2824 1.639977 
2825 1.629422 
2826 1.470695 
2827 1.377632 
2828 1.406721 
2829 1.600231 
2830 1.678902 
2831 1.667182 
2832 1.402132 
2833 1.669564 
2834 1.746673 
2835 1.593711 
2836 1.744104 
2837 1.814655 
2838 1.804675 
2839 1.161161 
2840 1.645609 
2841 1.915961 
2842 1.331121 
2843 1.558038 
2844 1.320280 
2845 1.611814 
2846 1.852978 
2847 1.508727 
2848 0.973784 
2849 4.119263 
2850 1.229707 
