2314 1
0 -0.161210 
1 0.499006 
2 0.274251 
3 0.139287 
4 -0.146594 
5 0.109385 
6 0.067249 
7 0.133833 
8 -0.140525 
9 -0.191266 
10 -0.267023 
11 -0.191266 
12 -0.267023 
13 -0.499771 
14 -0.372374 
15 -0.267023 
16 0.150204 
17 -0.499771 
18 -0.146594 
19 0.070573 
20 0.287609 
21 -0.230014 
22 -0.348039 
23 -0.254662 
24 -0.250190 
25 -0.140525 
26 -0.235560 
27 -0.267023 
28 -0.413440 
29 -0.269535 
30 0.067249 
31 0.499006 
32 -0.156168 
33 0.499006 
34 -0.230014 
35 0.133833 
36 -0.161210 
37 -0.267023 
38 0.265480 
39 -0.267023 
40 0.150204 
41 -0.267023 
42 -0.348039 
43 -0.267023 
44 0.265480 
45 -0.191266 
46 0.265480 
47 0.000293 
48 0.375619 
49 -0.267023 
50 -0.146594 
51 -0.372374 
52 0.067249 
53 -0.155873 
54 0.067249 
55 0.130655 
56 0.499006 
57 0.067249 
58 0.287609 
59 -0.191266 
60 -0.381106 
61 -0.155873 
62 -0.140525 
63 0.150204 
64 -0.156168 
65 -0.140525 
66 0.150204 
67 -0.161210 
68 -0.191266 
69 0.067249 
70 0.287609 
71 -0.146594 
72 -0.014120 
73 0.023126 
74 -0.307420 
75 -0.161210 
76 0.023126 
77 -0.267023 
78 -0.267023 
79 -0.161210 
80 -0.257452 
81 -0.499771 
82 0.082164 
83 0.082164 
84 0.139287 
85 0.287609 
86 -0.146594 
87 -0.499771 
88 0.070573 
89 0.082164 
90 0.133833 
91 -0.402284 
92 0.139287 
93 0.150204 
94 -0.324664 
95 -0.103598 
96 -0.499771 
97 -0.066032 
98 -0.155873 
99 -0.134187 
100 -0.267023 
101 -0.156168 
102 -0.267023 
103 0.287609 
104 0.133833 
105 -0.146594 
106 -0.146594 
107 -0.155873 
108 -0.250190 
109 -0.257452 
110 -0.257452 
111 0.133833 
112 -0.267023 
113 -0.269535 
114 0.490385 
115 -0.348039 
116 0.499006 
117 0.133833 
118 0.287609 
119 0.150204 
120 0.499006 
121 -0.267023 
122 -0.155873 
123 -0.269535 
124 0.499006 
125 0.070573 
126 0.265480 
127 -0.269535 
128 -0.161210 
129 -0.014120 
130 0.461189 
131 0.431021 
132 -0.250190 
133 -0.161210 
134 0.287609 
135 -0.140525 
136 0.082164 
137 -0.273854 
138 0.133833 
139 0.150204 
140 -0.257452 
141 0.287609 
142 -0.235560 
143 0.023126 
144 -0.269535 
145 0.070573 
146 0.082164 
147 0.082164 
148 0.133833 
149 0.070573 
150 0.067249 
151 -0.103598 
152 -0.499771 
153 0.265480 
154 -0.250190 
155 -0.269535 
156 -0.169458 
157 0.067249 
158 -0.146594 
159 0.023126 
160 -0.122500 
161 -0.103598 
162 0.082164 
163 -0.499771 
164 -0.146594 
165 -0.155873 
166 0.130655 
167 0.023126 
168 0.082164 
169 -0.381106 
170 -0.348039 
171 0.139287 
172 -0.014120 
173 -0.363169 
174 -0.155873 
175 -0.235560 
176 0.023126 
177 -0.269535 
178 0.130655 
179 0.081807 
180 -0.423954 
181 0.070573 
182 0.150204 
183 -0.269535 
184 0.252259 
185 0.461189 
186 0.265480 
187 -0.250190 
188 -0.112838 
189 0.082164 
190 0.287609 
191 0.130655 
192 0.287609 
193 -0.146594 
194 0.078785 
195 0.150204 
196 -0.014120 
197 -0.348039 
198 -0.120492 
199 -0.146594 
200 -0.146594 
201 -0.155873 
202 0.287609 
203 -0.155873 
204 -0.269535 
205 -0.307420 
206 -0.169458 
207 -0.269535 
208 -0.348039 
209 0.250335 
210 -0.167784 
211 -0.267023 
212 0.000293 
213 0.070573 
214 0.287609 
215 0.023126 
216 -0.191266 
217 -0.269535 
218 0.023126 
219 0.252259 
220 -0.122500 
221 -0.155873 
222 -0.324664 
223 0.139287 
224 -0.250190 
225 -0.324664 
226 0.479013 
227 0.070573 
228 0.130655 
229 -0.014120 
230 0.250335 
231 -0.257452 
232 0.070573 
233 -0.155873 
234 0.490385 
235 0.150204 
236 0.252259 
237 -0.120492 
238 -0.156168 
239 -0.155873 
240 0.235088 
241 -0.155873 
242 0.250335 
243 -0.140525 
244 0.252259 
245 0.023126 
246 0.431021 
247 0.287609 
248 -0.156168 
249 -0.167784 
250 0.287609 
251 -0.120492 
252 0.150204 
253 -0.155873 
254 0.490385 
255 -0.140525 
256 0.375619 
257 0.023126 
258 -0.169458 
259 -0.269535 
260 0.000293 
261 0.265480 
262 -0.269535 
263 -0.066032 
264 -0.014120 
265 -0.381106 
266 0.130655 
267 0.150204 
268 0.133833 
269 0.150204 
270 -0.267023 
271 0.274251 
272 -0.324664 
273 -0.066032 
274 -0.146594 
275 0.202237 
276 -0.235560 
277 0.070573 
278 -0.269535 
279 -0.267023 
280 0.265480 
281 0.375619 
282 -0.257452 
283 -0.140525 
284 -0.230014 
285 -0.167784 
286 0.020436 
287 -0.498222 
288 0.375619 
289 -0.372374 
290 -0.066032 
291 -0.014120 
292 0.252259 
293 -0.267023 
294 0.375619 
295 -0.191266 
296 -0.437038 
297 -0.348039 
298 0.235088 
299 0.081807 
300 -0.235560 
301 -0.146594 
302 0.070573 
303 0.139287 
304 -0.146594 
305 -0.146594 
306 -0.235560 
307 0.130655 
308 -0.146594 
309 0.150204 
310 -0.146594 
311 0.070573 
312 0.252259 
313 -0.167784 
314 -0.156168 
315 0.023126 
316 -0.146594 
317 0.252259 
318 0.287609 
319 -0.014120 
320 -0.307420 
321 -0.134187 
322 0.461189 
323 -0.122500 
324 -0.307420 
325 -0.146594 
326 -0.167784 
327 0.490385 
328 -0.269535 
329 -0.372374 
330 -0.267023 
331 0.081807 
332 0.252259 
333 -0.267023 
334 0.287609 
335 -0.372374 
336 -0.269535 
337 0.250335 
338 0.287609 
339 0.250335 
340 0.499006 
341 0.082164 
342 -0.155873 
343 -0.267023 
344 -0.348039 
345 -0.207565 
346 0.133833 
347 -0.381106 
348 -0.191266 
349 -0.120492 
350 -0.146594 
351 0.287609 
352 0.274251 
353 -0.372374 
354 -0.155873 
355 -0.372374 
356 -0.155873 
357 -0.324664 
358 0.287609 
359 0.490385 
360 0.375619 
361 -0.269535 
362 0.067249 
363 -0.230014 
364 -0.235560 
365 0.067249 
366 -0.372374 
367 0.250335 
368 -0.146594 
369 0.067249 
370 0.081807 
371 0.082164 
372 0.490385 
373 0.235088 
374 0.150204 
375 0.070573 
376 -0.499771 
377 0.070573 
378 -0.307420 
379 -0.146594 
380 -0.363169 
381 -0.348039 
382 -0.235560 
383 0.070573 
384 -0.120492 
385 0.287609 
386 -0.269535 
387 0.250335 
388 0.082164 
389 -0.155873 
390 0.287609 
391 -0.155873 
392 -0.155873 
393 -0.269535 
394 -0.155873 
395 -0.372374 
396 -0.269535 
397 -0.156168 
398 0.067249 
399 -0.207565 
400 0.130655 
401 -0.146594 
402 -0.014120 
403 0.250335 
404 -0.156168 
405 -0.267023 
406 0.499006 
407 0.235088 
408 0.287609 
409 -0.066032 
410 0.235088 
411 0.287609 
412 -0.156168 
413 0.150204 
414 -0.372374 
415 -0.146594 
416 0.081807 
417 -0.267023 
418 0.067249 
419 0.070573 
420 0.067249 
421 -0.267023 
422 -0.156168 
423 0.109385 
424 -0.324664 
425 0.133833 
426 0.252259 
427 0.130655 
428 0.202237 
429 -0.146594 
430 -0.324664 
431 0.310322 
432 -0.230014 
433 0.070573 
434 0.081807 
435 0.067249 
436 -0.120492 
437 0.139287 
438 -0.324664 
439 -0.122500 
440 0.150204 
441 0.000293 
442 0.287609 
443 0.150204 
444 -0.230014 
445 -0.066032 
446 0.490385 
447 0.250335 
448 0.499006 
449 0.287609 
450 -0.191266 
451 -0.269535 
452 -0.267023 
453 0.479013 
454 -0.167784 
455 0.235088 
456 -0.103598 
457 0.490385 
458 -0.267023 
459 0.250335 
460 0.150204 
461 0.431021 
462 0.133833 
463 0.250335 
464 -0.348039 
465 -0.155873 
466 -0.372374 
467 0.490385 
468 -0.389971 
469 -0.269535 
470 0.109385 
471 0.235088 
472 -0.191266 
473 0.250335 
474 0.265480 
475 -0.134187 
476 0.274251 
477 -0.269535 
478 -0.499771 
479 -0.499771 
480 0.250335 
481 -0.413440 
482 0.150204 
483 -0.267023 
484 -0.372374 
485 -0.348039 
486 -0.267023 
487 -0.120492 
488 -0.363169 
489 0.067249 
490 0.130655 
491 -0.191266 
492 -0.191266 
493 0.490385 
494 -0.372374 
495 -0.120492 
496 -0.146594 
497 -0.161210 
498 -0.324664 
499 0.287609 
500 0.490385 
501 -0.413440 
502 0.070573 
503 0.479013 
504 -0.324664 
505 -0.348039 
506 -0.499771 
507 -0.324664 
508 0.067249 
509 0.070573 
510 -0.167784 
511 0.023126 
512 0.287609 
513 0.150204 
514 -0.235560 
515 0.235088 
516 -0.191266 
517 0.479013 
518 -0.324664 
519 0.150204 
520 0.490385 
521 -0.499771 
522 -0.191266 
523 -0.381106 
524 0.479013 
525 0.150204 
526 -0.402284 
527 -0.307420 
528 0.082164 
529 -0.230014 
530 -0.230014 
531 0.150204 
532 -0.235560 
533 -0.267023 
534 0.133833 
535 -0.437038 
536 0.037090 
537 -0.167784 
538 -0.250190 
539 -0.267023 
540 0.065244 
541 -0.413440 
542 0.375619 
543 -0.257452 
544 -0.324664 
545 -0.324664 
546 0.250335 
547 0.287609 
548 -0.267023 
549 -0.381106 
550 0.133833 
551 -0.120492 
552 -0.155873 
553 0.067249 
554 -0.307420 
555 -0.155873 
556 -0.134187 
557 -0.120492 
558 0.130655 
559 -0.155873 
560 -0.307420 
561 -0.402284 
562 -0.250190 
563 -0.146594 
564 0.250335 
565 0.070573 
566 -0.257452 
567 -0.307420 
568 0.130655 
569 0.274251 
570 0.070573 
571 0.431021 
572 -0.140525 
573 0.265480 
574 -0.348039 
575 -0.267023 
576 -0.402284 
577 0.235088 
578 -0.413440 
579 0.287609 
580 -0.269535 
581 -0.146594 
582 -0.267023 
583 0.130655 
584 -0.267023 
585 -0.381106 
586 -0.269535 
587 0.150204 
588 0.265480 
589 0.150204 
590 -0.363169 
591 -0.267023 
592 -0.499771 
593 -0.307420 
594 0.150204 
595 0.265480 
596 -0.155873 
597 0.479013 
598 0.067249 
599 -0.120492 
600 -0.348039 
601 -0.381106 
602 0.130655 
603 -0.307420 
604 -0.156168 
605 -0.307420 
606 -0.156168 
607 -0.269535 
608 -0.156168 
609 -0.324664 
610 -0.273854 
611 -0.269535 
612 -0.269535 
613 -0.269535 
614 0.274251 
615 -0.191266 
616 -0.155873 
617 -0.167784 
618 0.067249 
619 -0.103598 
620 -0.120492 
621 0.265480 
622 -0.363169 
623 0.133833 
624 0.150204 
625 -0.363169 
626 -0.191266 
627 0.065244 
628 0.265480 
629 -0.235560 
630 0.150204 
631 -0.156168 
632 -0.324664 
633 0.150204 
634 -0.122500 
635 -0.237004 
636 -0.103598 
637 0.252259 
638 -0.269535 
639 0.287609 
640 0.070573 
641 -0.014120 
642 -0.267023 
643 -0.324664 
644 0.202394 
645 0.133833 
646 -0.307420 
647 0.067249 
648 -0.155873 
649 -0.413440 
650 -0.269535 
651 0.461189 
652 -0.267023 
653 -0.324664 
654 -0.413440 
655 -0.413440 
656 -0.167784 
657 -0.269535 
658 0.150204 
659 0.250335 
660 -0.324664 
661 -0.191266 
662 -0.499771 
663 -0.169458 
664 0.150204 
665 -0.237004 
666 0.310322 
667 -0.413440 
668 -0.235560 
669 0.461189 
670 -0.156168 
671 -0.269535 
672 0.067249 
673 -0.267023 
674 0.078785 
675 -0.134187 
676 0.070573 
677 0.133833 
678 -0.191266 
679 0.274251 
680 0.067249 
681 -0.155873 
682 0.078785 
683 -0.112838 
684 -0.257452 
685 -0.140525 
686 0.235088 
687 0.067249 
688 -0.423954 
689 0.150204 
690 -0.499771 
691 -0.250190 
692 0.067249 
693 -0.134187 
694 -0.156168 
695 0.461189 
696 0.150204 
697 -0.254662 
698 -0.156168 
699 0.479013 
700 -0.235560 
701 -0.269535 
702 -0.381106 
703 0.150204 
704 -0.307420 
705 0.067249 
706 0.150204 
707 -0.269535 
708 0.133833 
709 -0.269535 
710 0.461189 
711 -0.257452 
712 -0.267023 
713 0.130655 
714 0.235088 
715 -0.155873 
716 0.067249 
717 0.461189 
718 -0.413440 
719 -0.161210 
720 0.150204 
721 -0.402284 
722 0.070573 
723 -0.014120 
724 0.490385 
725 -0.307420 
726 -0.103598 
727 -0.273854 
728 0.150204 
729 0.067249 
730 -0.269535 
731 -0.257452 
732 0.081807 
733 -0.014120 
734 0.067249 
735 -0.269535 
736 0.150204 
737 -0.381106 
738 0.133833 
739 0.065244 
740 -0.269535 
741 0.065244 
742 -0.402284 
743 0.461189 
744 0.067249 
745 -0.348039 
746 -0.146594 
747 0.274251 
748 -0.307420 
749 -0.307420 
750 0.037090 
751 -0.134187 
752 -0.120492 
753 -0.156168 
754 -0.120492 
755 0.310322 
756 0.287609 
757 0.020436 
758 -0.156168 
759 -0.235560 
760 0.133833 
761 -0.381106 
762 -0.207565 
763 0.130655 
764 -0.146594 
765 -0.146594 
766 -0.112838 
767 -0.307420 
768 -0.207565 
769 0.109385 
770 -0.348039 
771 -0.269535 
772 -0.348039 
773 0.150204 
774 0.078785 
775 0.310322 
776 0.065244 
777 -0.013085 
778 -0.146594 
779 -0.103598 
780 -0.014120 
781 0.067249 
782 0.461189 
783 -0.269535 
784 -0.267023 
785 0.499006 
786 -0.324664 
787 -0.413440 
788 -0.155873 
789 0.130655 
790 -0.269535 
791 0.133833 
792 0.499006 
793 -0.156168 
794 -0.423954 
795 -0.348039 
796 0.081807 
797 0.139287 
798 -0.230014 
799 -0.191266 
800 -0.267023 
801 0.067249 
802 -0.423954 
803 0.310322 
804 -0.112838 
805 -0.112838 
806 -0.140525 
807 -0.155873 
808 -0.122500 
809 0.065244 
810 0.499006 
811 0.150204 
812 -0.146594 
813 0.150204 
814 -0.269535 
815 0.070573 
816 0.150204 
817 -0.191266 
818 -0.014120 
819 0.479013 
820 0.274251 
821 -0.437038 
822 -0.499771 
823 -0.499771 
824 0.000293 
825 -0.307420 
826 -0.112838 
827 0.150204 
828 -0.250190 
829 -0.324664 
830 0.310322 
831 0.250335 
832 -0.348039 
833 -0.269535 
834 -0.324664 
835 -0.191266 
836 0.000293 
837 -0.156168 
838 -0.267023 
839 -0.307420 
840 0.431021 
841 -0.014120 
842 0.310322 
843 -0.235560 
844 0.070573 
845 0.133833 
846 -0.140525 
847 -0.161210 
848 0.265480 
849 -0.235560 
850 0.070573 
851 0.082164 
852 0.081807 
853 -0.191266 
854 -0.273854 
855 -0.402284 
856 0.499006 
857 0.065244 
858 -0.381106 
859 -0.191266 
860 -0.324664 
861 -0.112838 
862 -0.230014 
863 0.250335 
864 -0.413440 
865 -0.250190 
866 -0.112838 
867 -0.269535 
868 -0.014120 
869 0.252259 
870 0.130655 
871 -0.156168 
872 0.150204 
873 0.310322 
874 -0.155873 
875 -0.120492 
876 -0.273854 
877 -0.324664 
878 -0.381106 
879 -0.191266 
880 -0.207565 
881 -0.120492 
882 -0.066032 
883 -0.155873 
884 0.202394 
885 0.150204 
886 -0.140525 
887 -0.230014 
888 -0.267023 
889 -0.273854 
890 0.078785 
891 0.252259 
892 -0.155873 
893 0.202237 
894 -0.402284 
895 0.130655 
896 0.130655 
897 -0.120492 
898 -0.437038 
899 -0.267023 
900 -0.324664 
901 0.067249 
902 0.202394 
903 0.252259 
904 -0.324664 
905 -0.122500 
906 0.070573 
907 -0.257452 
908 0.150204 
909 0.070573 
910 0.081807 
911 -0.267023 
912 0.081807 
913 -0.112838 
914 -0.348039 
915 -0.014120 
916 0.202394 
917 0.431021 
918 -0.307420 
919 0.067249 
920 -0.381106 
921 -0.402284 
922 0.431021 
923 -0.363169 
924 -0.191266 
925 -0.273854 
926 -0.112838 
927 -0.269535 
928 -0.423954 
929 0.499006 
930 0.150204 
931 -0.273854 
932 -0.112838 
933 -0.066032 
934 0.067249 
935 -0.066032 
936 -0.013085 
937 -0.156168 
938 -0.423954 
939 0.081807 
940 -0.402284 
941 0.150204 
942 0.252259 
943 -0.269535 
944 -0.156168 
945 0.078785 
946 -0.381106 
947 -0.014120 
948 -0.402284 
949 -0.207565 
950 -0.156168 
951 0.067249 
952 -0.207565 
953 0.078785 
954 -0.191266 
955 -0.257452 
956 -0.191266 
957 0.150204 
958 -0.257452 
959 -0.155873 
960 -0.324664 
961 -0.103598 
962 0.499006 
963 0.250335 
964 0.067249 
965 -0.155873 
966 0.202394 
967 -0.134187 
968 -0.169458 
969 -0.191266 
970 -0.191266 
971 -0.372374 
972 -0.207565 
973 -0.269535 
974 -0.402284 
975 -0.122500 
976 0.287609 
977 -0.120492 
978 -0.372374 
979 -0.269535 
980 -0.155873 
981 -0.324664 
982 0.431021 
983 -0.134187 
984 -0.269535 
985 -0.257452 
986 0.037090 
987 -0.269535 
988 0.252259 
989 -0.348039 
990 0.081807 
991 -0.191266 
992 -0.273854 
993 -0.155873 
994 -0.499771 
995 0.490385 
996 -0.250190 
997 0.081807 
998 -0.257452 
999 -0.423954 
1000 -0.122500 
1001 0.067249 
1002 -0.112838 
1003 -0.267023 
1004 0.109385 
1005 -0.348039 
1006 0.202237 
1007 -0.169458 
1008 -0.324664 
1009 -0.324664 
1010 -0.381106 
1011 -0.372374 
1012 -0.207565 
1013 0.070573 
1014 0.479013 
1015 -0.372374 
1016 0.150204 
1017 -0.103598 
1018 -0.120492 
1019 -0.437038 
1020 -0.156168 
1021 0.133833 
1022 -0.389971 
1023 -0.499771 
1024 -0.103598 
1025 -0.273854 
1026 -0.269535 
1027 0.310322 
1028 -0.269535 
1029 -0.257452 
1030 0.265480 
1031 -0.257452 
1032 0.252259 
1033 -0.324664 
1034 -0.273854 
1035 0.499006 
1036 -0.120492 
1037 0.202394 
1038 -0.267023 
1039 0.461189 
1040 -0.161210 
1041 0.081807 
1042 -0.324664 
1043 -0.122500 
1044 -0.324664 
1045 -0.423954 
1046 0.078785 
1047 -0.269535 
1048 -0.269535 
1049 -0.389971 
1050 -0.230014 
1051 -0.156168 
1052 0.499006 
1053 -0.381106 
1054 -0.169458 
1055 -0.120492 
1056 -0.066032 
1057 -0.307420 
1058 0.133833 
1059 0.109385 
1060 -0.498222 
1061 -0.499771 
1062 -0.120492 
1063 -0.134187 
1064 -0.014120 
1065 -0.381106 
1066 0.150204 
1067 0.067249 
1068 0.109385 
1069 0.133833 
1070 -0.122500 
1071 -0.191266 
1072 0.202237 
1073 -0.066032 
1074 -0.112838 
1075 0.070573 
1076 0.133833 
1077 -0.348039 
1078 0.037090 
1079 -0.120492 
1080 -0.363169 
1081 -0.273854 
1082 -0.269535 
1083 -0.156168 
1084 0.375619 
1085 -0.191266 
1086 0.150204 
1087 -0.381106 
1088 -0.122500 
1089 0.265480 
1090 -0.267023 
1091 -0.155873 
1092 -0.269535 
1093 0.139287 
1094 0.202394 
1095 0.490385 
1096 0.274251 
1097 0.081807 
1098 -0.112838 
1099 0.499006 
1100 0.274251 
1101 0.461189 
1102 -0.363169 
1103 -0.363169 
1104 0.139287 
1105 -0.324664 
1106 0.252259 
1107 0.252259 
1108 0.067249 
1109 0.202394 
1110 0.490385 
1111 -0.013085 
1112 0.133833 
1113 0.310322 
1114 0.265480 
1115 -0.122500 
1116 -0.066032 
1117 0.431021 
1118 -0.372374 
1119 -0.112838 
1120 0.067249 
1121 0.067249 
1122 -0.120492 
1123 0.078785 
1124 0.081807 
1125 0.109385 
1126 -0.191266 
1127 -0.269535 
1128 -0.161210 
1129 0.065244 
1130 -0.230014 
1131 0.070573 
1132 0.000293 
1133 -0.402284 
1134 -0.402284 
1135 -0.273854 
1136 -0.237004 
1137 0.070573 
1138 -0.120492 
1139 0.130655 
1140 -0.324664 
1141 -0.381106 
1142 0.023126 
1143 -0.324664 
1144 -0.161210 
1145 -0.066032 
1146 -0.235560 
1147 -0.269535 
1148 -0.169458 
1149 0.000293 
1150 -0.155873 
1151 -0.191266 
1152 -0.324664 
1153 0.067249 
1154 -0.207565 
1155 -0.237004 
1156 -0.103598 
1157 0.150204 
1158 0.082164 
1159 -0.372374 
1160 -0.156168 
1161 -0.230014 
1162 -0.230014 
1163 -0.348039 
1164 0.479013 
1165 -0.191266 
1166 0.130655 
1167 0.479013 
1168 -0.273854 
1169 -0.235560 
1170 -0.381106 
1171 0.067249 
1172 0.310322 
1173 0.202237 
1174 -0.402284 
1175 -0.191266 
1176 -0.250190 
1177 -0.267023 
1178 -0.156168 
1179 0.023126 
1180 -0.267023 
1181 -0.381106 
1182 -0.307420 
1183 -0.267023 
1184 -0.269535 
1185 -0.372374 
1186 0.130655 
1187 -0.120492 
1188 0.375619 
1189 0.067249 
1190 -0.156168 
1191 0.150204 
1192 -0.103598 
1193 0.375619 
1194 0.202394 
1195 -0.324664 
1196 0.067249 
1197 0.130655 
1198 -0.155873 
1199 0.078785 
1200 0.081807 
1201 0.078785 
1202 -0.269535 
1203 -0.134187 
1204 -0.155873 
1205 0.479013 
1206 -0.372374 
1207 -0.169458 
1208 0.081807 
1209 0.078785 
1210 -0.269535 
1211 -0.207565 
1212 -0.499771 
1213 0.150204 
1214 0.139287 
1215 -0.122500 
1216 -0.013085 
1217 -0.207565 
1218 -0.207565 
1219 -0.273854 
1220 0.067249 
1221 -0.014120 
1222 0.274251 
1223 -0.155873 
1224 -0.269535 
1225 0.431021 
1226 0.078785 
1227 0.067249 
1228 -0.269535 
1229 -0.437038 
1230 0.252259 
1231 0.067249 
1232 -0.499771 
1233 0.078785 
1234 0.461189 
1235 0.431021 
1236 0.082164 
1237 0.037090 
1238 0.274251 
1239 -0.499771 
1240 0.067249 
1241 -0.372374 
1242 -0.013085 
1243 -0.437038 
1244 0.067249 
1245 -0.191266 
1246 0.252259 
1247 0.202237 
1248 -0.437038 
1249 -0.237004 
1250 -0.103598 
1251 0.252259 
1252 0.078785 
1253 0.067249 
1254 -0.167784 
1255 -0.120492 
1256 -0.269535 
1257 0.133833 
1258 -0.402284 
1259 0.133833 
1260 0.499006 
1261 0.202394 
1262 0.499006 
1263 -0.167784 
1264 -0.237004 
1265 0.202394 
1266 -0.066032 
1267 0.375619 
1268 -0.103598 
1269 0.065244 
1270 -0.120492 
1271 -0.156168 
1272 -0.191266 
1273 0.202237 
1274 -0.372374 
1275 0.078785 
1276 0.202394 
1277 0.252259 
1278 -0.269535 
1279 -0.348039 
1280 -0.437038 
1281 0.431021 
1282 -0.267023 
1283 -0.156168 
1284 0.067249 
1285 0.067249 
1286 0.265480 
1287 0.490385 
1288 0.067249 
1289 0.067249 
1290 -0.122500 
1291 0.067249 
1292 -0.499771 
1293 -0.120492 
1294 -0.363169 
1295 -0.437038 
1296 0.081807 
1297 -0.140525 
1298 -0.250190 
1299 0.202237 
1300 -0.269535 
1301 -0.363169 
1302 0.274251 
1303 -0.155873 
1304 0.037090 
1305 -0.191266 
1306 -0.191266 
1307 -0.269535 
1308 0.078785 
1309 -0.167784 
1310 0.078785 
1311 0.078785 
1312 -0.363169 
1313 -0.250190 
1314 -0.230014 
1315 0.067249 
1316 -0.161210 
1317 -0.348039 
1318 -0.120492 
1319 -0.156168 
1320 0.130655 
1321 -0.273854 
1322 0.139287 
1323 0.078785 
1324 -0.237004 
1325 0.065244 
1326 -0.269535 
1327 -0.013085 
1328 0.274251 
1329 -0.437038 
1330 -0.267023 
1331 0.202237 
1332 0.265480 
1333 0.375619 
1334 -0.372374 
1335 -0.156168 
1336 0.067249 
1337 -0.122500 
1338 0.235088 
1339 -0.191266 
1340 -0.437038 
1341 0.133833 
1342 -0.437038 
1343 0.375619 
1344 -0.103598 
1345 0.265480 
1346 0.150204 
1347 -0.348039 
1348 -0.155873 
1349 -0.372374 
1350 0.023126 
1351 -0.134187 
1352 -0.348039 
1353 -0.267023 
1354 -0.134187 
1355 0.081807 
1356 -0.167784 
1357 0.202237 
1358 0.375619 
1359 -0.207565 
1360 0.139287 
1361 0.067249 
1362 -0.191266 
1363 -0.250190 
1364 0.037090 
1365 0.252259 
1366 -0.389971 
1367 0.490385 
1368 0.252259 
1369 -0.250190 
1370 0.202394 
1371 -0.269535 
1372 -0.237004 
1373 -0.120492 
1374 -0.372374 
1375 0.250335 
1376 0.490385 
1377 0.081807 
1378 0.067249 
1379 -0.156168 
1380 0.150204 
1381 -0.269535 
1382 0.067249 
1383 -0.167784 
1384 0.202237 
1385 -0.269535 
1386 0.078785 
1387 -0.389971 
1388 -0.257452 
1389 -0.499771 
1390 0.109385 
1391 -0.267023 
1392 0.078785 
1393 0.202394 
1394 0.065244 
1395 -0.348039 
1396 -0.269535 
1397 0.078785 
1398 -0.324664 
1399 -0.499771 
1400 -0.014120 
1401 0.252259 
1402 0.067249 
1403 -0.120492 
1404 0.431021 
1405 -0.155873 
1406 -0.120492 
1407 0.078785 
1408 0.037090 
1409 -0.348039 
1410 0.067249 
1411 -0.389971 
1412 -0.499771 
1413 0.202394 
1414 -0.267023 
1415 0.375619 
1416 -0.013085 
1417 -0.372374 
1418 0.375619 
1419 0.037090 
1420 -0.237004 
1421 0.265480 
1422 -0.267023 
1423 -0.014120 
1424 -0.363169 
1425 0.250335 
1426 -0.161210 
1427 -0.372374 
1428 -0.250190 
1429 -0.230014 
1430 -0.372374 
1431 0.078785 
1432 -0.161210 
1433 0.202394 
1434 -0.348039 
1435 -0.250190 
1436 -0.269535 
1437 0.274251 
1438 -0.307420 
1439 -0.437038 
1440 -0.499771 
1441 -0.372374 
1442 0.065244 
1443 0.037090 
1444 -0.013085 
1445 -0.372374 
1446 0.081807 
1447 0.202394 
1448 0.020436 
1449 0.037090 
1450 0.202237 
1451 0.150204 
1452 0.490385 
1453 -0.499771 
1454 0.150204 
1455 -0.269535 
1456 0.265480 
1457 -0.273854 
1458 -0.013085 
1459 0.065244 
1460 -0.499771 
1461 0.479013 
1462 0.250335 
1463 -0.013085 
1464 -0.230014 
1465 -0.437038 
1466 -0.112838 
1467 -0.372374 
1468 -0.389971 
1469 -0.269535 
1470 0.082164 
1471 -0.423954 
1472 -0.250190 
1473 0.078785 
1474 -0.257452 
1475 -0.499771 
1476 0.479013 
1477 0.067249 
1478 -0.250190 
1479 0.252259 
1480 0.461189 
1481 0.020436 
1482 -0.191266 
1483 -0.014120 
1484 0.037090 
1485 0.067249 
1486 -0.161210 
1487 -0.122500 
1488 -0.250190 
1489 0.150204 
1490 -0.499771 
1491 -0.014120 
1492 0.265480 
1493 0.265480 
1494 -0.237004 
1495 0.000293 
1496 -0.161210 
1497 -0.269535 
1498 -0.372374 
1499 0.067249 
1500 -0.267023 
1501 0.067249 
1502 0.000293 
1503 -0.372374 
1504 -0.013085 
1505 -0.014120 
1506 -0.267023 
1507 -0.161210 
1508 -0.235560 
1509 -0.267023 
1510 -0.269535 
1511 -0.146594 
1512 -0.207565 
1513 0.375619 
1514 0.067249 
1515 -0.155873 
1516 0.078785 
1517 -0.235560 
1518 0.065244 
1519 -0.307420 
1520 0.000293 
1521 -0.134187 
1522 -0.014120 
1523 0.490385 
1524 -0.134187 
1525 0.139287 
1526 0.490385 
1527 0.499006 
1528 0.020436 
1529 0.490385 
1530 -0.191266 
1531 -0.134187 
1532 0.139287 
1533 0.000293 
1534 -0.307420 
1535 -0.269535 
1536 0.067249 
1537 -0.066032 
1538 -0.499771 
1539 -0.066032 
1540 -0.161210 
1541 -0.014120 
1542 0.461189 
1543 0.139287 
1544 -0.499771 
1545 -0.013085 
1546 0.133833 
1547 -0.372374 
1548 0.150204 
1549 0.375619 
1550 -0.257452 
1551 0.139287 
1552 0.490385 
1553 0.020436 
1554 -0.191266 
1555 -0.269535 
1556 -0.269535 
1557 0.067249 
1558 0.479013 
1559 -0.372374 
1560 -0.250190 
1561 0.202237 
1562 -0.423954 
1563 -0.402284 
1564 0.235088 
1565 -0.134187 
1566 0.139287 
1567 0.431021 
1568 -0.372374 
1569 -0.269535 
1570 -0.372374 
1571 0.078785 
1572 0.265480 
1573 0.081807 
1574 -0.267023 
1575 0.067249 
1576 0.139287 
1577 -0.237004 
1578 -0.112838 
1579 -0.250190 
1580 -0.140525 
1581 -0.423954 
1582 -0.499771 
1583 0.150204 
1584 0.202237 
1585 0.461189 
1586 -0.269535 
1587 -0.372374 
1588 -0.103598 
1589 -0.257452 
1590 -0.161210 
1591 -0.122500 
1592 -0.230014 
1593 -0.307420 
1594 0.070573 
1595 -0.250190 
1596 0.109385 
1597 -0.499771 
1598 -0.122500 
1599 0.431021 
1600 0.265480 
1601 -0.372374 
1602 -0.257452 
1603 -0.273854 
1604 -0.324664 
1605 -0.269535 
1606 0.000293 
1607 -0.372374 
1608 0.479013 
1609 -0.269535 
1610 -0.267023 
1611 -0.499771 
1612 0.037090 
1613 0.078785 
1614 0.067249 
1615 -0.267023 
1616 -0.250190 
1617 -0.250190 
1618 -0.161210 
1619 0.252259 
1620 -0.250190 
1621 -0.191266 
1622 0.078785 
1623 -0.250190 
1624 -0.134187 
1625 0.490385 
1626 -0.273854 
1627 -0.402284 
1628 0.310322 
1629 0.202237 
1630 -0.324664 
1631 -0.235560 
1632 -0.161210 
1633 -0.112838 
1634 0.499006 
1635 0.037090 
1636 -0.134187 
1637 0.067249 
1638 0.202237 
1639 0.499006 
1640 0.202394 
1641 -0.155873 
1642 0.265480 
1643 0.461189 
1644 0.461189 
1645 -0.013085 
1646 -0.250190 
1647 0.078785 
1648 -0.348039 
1649 -0.103598 
1650 0.065244 
1651 0.081807 
1652 0.067249 
1653 -0.269535 
1654 -0.014120 
1655 0.252259 
1656 -0.237004 
1657 -0.167784 
1658 -0.134187 
1659 0.479013 
1660 -0.122500 
1661 -0.134187 
1662 -0.122500 
1663 -0.250190 
1664 0.081807 
1665 0.000293 
1666 -0.372374 
1667 -0.499771 
1668 -0.372374 
1669 -0.269535 
1670 -0.499771 
1671 0.265480 
1672 -0.120492 
1673 -0.499771 
1674 -0.134187 
1675 0.133833 
1676 -0.372374 
1677 0.067249 
1678 -0.120492 
1679 -0.402284 
1680 0.375619 
1681 0.265480 
1682 0.020436 
1683 0.499006 
1684 0.202237 
1685 -0.237004 
1686 0.139287 
1687 0.023126 
1688 -0.134187 
1689 0.065244 
1690 0.065244 
1691 -0.237004 
1692 0.067249 
1693 0.023126 
1694 -0.389971 
1695 0.250335 
1696 -0.307420 
1697 -0.372374 
1698 0.202237 
1699 -0.267023 
1700 -0.237004 
1701 -0.250190 
1702 0.037090 
1703 -0.372374 
1704 -0.235560 
1705 -0.134187 
1706 -0.112838 
1707 -0.134187 
1708 -0.257452 
1709 -0.372374 
1710 -0.372374 
1711 -0.269535 
1712 0.082164 
1713 -0.237004 
1714 0.479013 
1715 -0.372374 
1716 -0.134187 
1717 -0.155873 
1718 -0.324664 
1719 0.202394 
1720 0.020436 
1721 -0.499771 
1722 -0.250190 
1723 0.067249 
1724 -0.307420 
1725 0.037090 
1726 0.274251 
1727 -0.120492 
1728 -0.237004 
1729 0.235088 
1730 0.431021 
1731 0.133833 
1732 -0.269535 
1733 0.202394 
1734 -0.066032 
1735 -0.307420 
1736 -0.257452 
1737 0.490385 
1738 -0.230014 
1739 -0.269535 
1740 -0.499771 
1741 -0.273854 
1742 -0.134187 
1743 -0.134187 
1744 -0.155873 
1745 -0.122500 
1746 -0.250190 
1747 -0.372374 
1748 0.202237 
1749 0.499006 
1750 0.250335 
1751 0.202237 
1752 0.067249 
1753 0.139287 
1754 -0.161210 
1755 0.265480 
1756 -0.437038 
1757 -0.402284 
1758 -0.269535 
1759 -0.066032 
1760 -0.237004 
1761 -0.402284 
1762 0.461189 
1763 -0.363169 
1764 -0.372374 
1765 -0.155873 
1766 0.479013 
1767 0.431021 
1768 0.078785 
1769 0.082164 
1770 -0.155873 
1771 0.070573 
1772 0.265480 
1773 -0.372374 
1774 -0.269535 
1775 0.109385 
1776 0.499006 
1777 -0.307420 
1778 0.133833 
1779 0.078785 
1780 0.133833 
1781 -0.134187 
1782 0.000293 
1783 0.265480 
1784 0.150204 
1785 -0.372374 
1786 -0.402284 
1787 -0.372374 
1788 -0.014120 
1789 0.265480 
1790 0.375619 
1791 -0.120492 
1792 -0.191266 
1793 -0.499771 
1794 -0.120492 
1795 0.082164 
1796 -0.437038 
1797 -0.120492 
1798 -0.191266 
1799 -0.191266 
1800 0.000293 
1801 0.067249 
1802 0.067249 
1803 -0.372374 
1804 -0.167784 
1805 0.274251 
1806 -0.402284 
1807 -0.437038 
1808 -0.237004 
1809 0.310322 
1810 -0.250190 
1811 -0.372374 
1812 0.150204 
1813 0.461189 
1814 0.265480 
1815 0.078785 
1816 -0.372374 
1817 0.067249 
1818 0.000293 
1819 0.461189 
1820 -0.191266 
1821 0.133833 
1822 -0.269535 
1823 -0.413440 
1824 -0.389971 
1825 -0.499771 
1826 -0.250190 
1827 -0.112838 
1828 0.037090 
1829 -0.122500 
1830 0.265480 
1831 -0.423954 
1832 -0.372374 
1833 -0.112838 
1834 0.109385 
1835 -0.372374 
1836 -0.155873 
1837 -0.014120 
1838 0.109385 
1839 0.499006 
1840 -0.230014 
1841 0.133833 
1842 -0.273854 
1843 -0.103598 
1844 -0.269535 
1845 -0.120492 
1846 -0.103598 
1847 -0.066032 
1848 -0.235560 
1849 0.490385 
1850 0.065244 
1851 -0.267023 
1852 -0.014120 
1853 0.235088 
1854 0.139287 
1855 -0.235560 
1856 -0.499771 
1857 0.431021 
1858 -0.307420 
1859 0.139287 
1860 -0.372374 
1861 -0.014120 
1862 -0.169458 
1863 -0.389971 
1864 -0.437038 
1865 -0.423954 
1866 -0.372374 
1867 -0.155873 
1868 0.000293 
1869 -0.134187 
1870 0.023126 
1871 0.067249 
1872 0.000293 
1873 -0.014120 
1874 -0.146594 
1875 0.274251 
1876 -0.269535 
1877 -0.112838 
1878 0.109385 
1879 -0.235560 
1880 -0.307420 
1881 -0.161210 
1882 -0.381106 
1883 0.310322 
1884 -0.499771 
1885 0.000293 
1886 -0.112838 
1887 -0.269535 
1888 -0.014120 
1889 -0.235560 
1890 -0.066032 
1891 0.067249 
1892 0.499006 
1893 -0.167784 
1894 -0.014120 
1895 0.479013 
1896 0.065244 
1897 -0.155873 
1898 0.037090 
1899 -0.191266 
1900 0.499006 
1901 -0.389971 
1902 -0.363169 
1903 -0.250190 
1904 0.109385 
1905 0.037090 
1906 -0.269535 
1907 -0.237004 
1908 -0.413440 
1909 -0.169458 
1910 0.067249 
1911 -0.169458 
1912 -0.235560 
1913 0.082164 
1914 -0.155873 
1915 -0.499771 
1916 -0.134187 
1917 -0.122500 
1918 0.133833 
1919 0.070573 
1920 -0.499771 
1921 0.139287 
1922 -0.207565 
1923 0.000293 
1924 -0.372374 
1925 -0.257452 
1926 -0.307420 
1927 -0.235560 
1928 -0.146594 
1929 0.139287 
1930 0.065244 
1931 -0.269535 
1932 -0.140525 
1933 -0.014120 
1934 -0.156168 
1935 -0.269535 
1936 0.037090 
1937 0.461189 
1938 -0.324664 
1939 0.310322 
1940 0.310322 
1941 0.065244 
1942 -0.156168 
1943 -0.269535 
1944 -0.235560 
1945 0.000293 
1946 0.202237 
1947 0.310322 
1948 -0.237004 
1949 -0.155873 
1950 0.310322 
1951 -0.269535 
1952 -0.273854 
1953 0.067249 
1954 0.037090 
1955 -0.167784 
1956 -0.013085 
1957 0.078785 
1958 -0.235560 
1959 0.000293 
1960 0.000293 
1961 0.078785 
1962 -0.120492 
1963 -0.207565 
1964 -0.257452 
1965 -0.269535 
1966 -0.324664 
1967 0.499006 
1968 -0.402284 
1969 0.431021 
1970 0.037090 
1971 -0.269535 
1972 0.490385 
1973 -0.112838 
1974 -0.146594 
1975 0.375619 
1976 -0.207565 
1977 0.081807 
1978 -0.499771 
1979 -0.250190 
1980 0.499006 
1981 -0.257452 
1982 0.461189 
1983 0.133833 
1984 0.065244 
1985 0.252259 
1986 0.375619 
1987 -0.499771 
1988 0.067249 
1989 0.202394 
1990 -0.372374 
1991 -0.134187 
1992 0.490385 
1993 0.499006 
1994 -0.207565 
1995 -0.013085 
1996 -0.191266 
1997 -0.169458 
1998 -0.155873 
1999 -0.237004 
2000 0.150204 
2001 0.065244 
2002 -0.348039 
2003 0.139287 
2004 -0.499771 
2005 -0.269535 
2006 0.139287 
2007 0.081807 
2008 -0.014120 
2009 -0.014120 
2010 0.202394 
2011 -0.013085 
2012 -0.066032 
2013 -0.014120 
2014 0.023126 
2015 0.479013 
2016 -0.120492 
2017 0.000293 
2018 0.139287 
2019 0.067249 
2020 0.375619 
2021 0.250335 
2022 -0.307420 
2023 0.265480 
2024 -0.120492 
2025 -0.191266 
2026 0.202237 
2027 -0.269535 
2028 0.252259 
2029 0.067249 
2030 -0.169458 
2031 0.000293 
2032 -0.267023 
2033 0.461189 
2034 -0.013085 
2035 -0.169458 
2036 -0.122500 
2037 -0.014120 
2038 -0.348039 
2039 0.082164 
2040 -0.273854 
2041 -0.381106 
2042 0.499006 
2043 -0.146594 
2044 0.202394 
2045 -0.499771 
2046 0.037090 
2047 0.490385 
2048 -0.013085 
2049 0.461189 
2050 0.499006 
2051 0.037090 
2052 0.499006 
2053 -0.191266 
2054 0.082164 
2055 -0.413440 
2056 -0.167784 
2057 0.265480 
2058 -0.269535 
2059 -0.413440 
2060 0.265480 
2061 0.109385 
2062 -0.014120 
2063 -0.413440 
2064 -0.134187 
2065 0.067249 
2066 0.265480 
2067 0.130655 
2068 -0.499771 
2069 0.250335 
2070 -0.235560 
2071 -0.269535 
2072 0.070573 
2073 0.431021 
2074 -0.169458 
2075 0.499006 
2076 -0.230014 
2077 0.133833 
2078 -0.191266 
2079 0.000293 
2080 -0.122500 
2081 0.000293 
2082 0.109385 
2083 -0.499771 
2084 -0.207565 
2085 -0.372374 
2086 -0.269535 
2087 0.000293 
2088 0.479013 
2089 -0.169458 
2090 0.130655 
2091 -0.120492 
2092 -0.269535 
2093 0.202237 
2094 -0.235560 
2095 -0.257452 
2096 0.000293 
2097 -0.381106 
2098 0.037090 
2099 0.310322 
2100 -0.161210 
2101 -0.273854 
2102 -0.014120 
2103 -0.191266 
2104 0.020436 
2105 0.265480 
2106 -0.324664 
2107 0.375619 
2108 -0.230014 
2109 0.130655 
2110 -0.230014 
2111 0.265480 
2112 -0.014120 
2113 0.000293 
2114 0.037090 
2115 -0.269535 
2116 0.139287 
2117 -0.324664 
2118 -0.237004 
2119 -0.167784 
2120 -0.324664 
2121 0.274251 
2122 0.310322 
2123 0.150204 
2124 0.265480 
2125 -0.207565 
2126 -0.207565 
2127 -0.120492 
2128 -0.169458 
2129 0.037090 
2130 -0.499771 
2131 0.067249 
2132 0.070573 
2133 0.000293 
2134 -0.307420 
2135 -0.120492 
2136 0.461189 
2137 0.150204 
2138 -0.499771 
2139 -0.237004 
2140 0.287609 
2141 0.431021 
2142 0.000293 
2143 -0.499771 
2144 0.020436 
2145 -0.499771 
2146 0.000293 
2147 0.265480 
2148 -0.389971 
2149 0.109385 
2150 -0.169458 
2151 -0.372374 
2152 -0.348039 
2153 -0.161210 
2154 -0.269535 
2155 -0.269535 
2156 0.067249 
2157 -0.363169 
2158 -0.235560 
2159 0.265480 
2160 -0.235560 
2161 -0.120492 
2162 0.431021 
2163 -0.207565 
2164 0.265480 
2165 0.067249 
2166 0.081807 
2167 0.067249 
2168 0.461189 
2169 -0.372374 
2170 -0.402284 
2171 -0.161210 
2172 0.037090 
2173 0.431021 
2174 0.499006 
2175 0.139287 
2176 -0.499771 
2177 0.150204 
2178 -0.230014 
2179 0.499006 
2180 0.150204 
2181 0.479013 
2182 -0.402284 
2183 0.431021 
2184 -0.437038 
2185 0.202237 
2186 -0.307420 
2187 -0.146594 
2188 0.067249 
2189 -0.307420 
2190 0.202237 
2191 -0.257452 
2192 -0.169458 
2193 0.499006 
2194 -0.230014 
2195 0.037090 
2196 -0.307420 
2197 0.000293 
2198 -0.207565 
2199 0.139287 
2200 0.130655 
2201 0.310322 
2202 -0.013085 
2203 -0.230014 
2204 -0.120492 
2205 0.265480 
2206 0.287609 
2207 -0.307420 
2208 -0.363169 
2209 0.202394 
2210 0.000293 
2211 0.499006 
2212 -0.273854 
2213 0.265480 
2214 -0.014120 
2215 0.067249 
2216 0.037090 
2217 0.109385 
2218 -0.155873 
2219 -0.250190 
2220 -0.103598 
2221 -0.120492 
2222 0.431021 
2223 -0.169458 
2224 0.065244 
2225 -0.267023 
2226 0.287609 
2227 -0.267023 
2228 -0.120492 
2229 -0.134187 
2230 0.070573 
2231 0.000293 
2232 -0.423954 
2233 -0.191266 
2234 0.067249 
2235 -0.257452 
2236 0.490385 
2237 0.109385 
2238 -0.307420 
2239 -0.230014 
2240 -0.437038 
2241 -0.169458 
2242 -0.423954 
2243 0.265480 
2244 -0.250190 
2245 -0.257452 
2246 -0.235560 
2247 0.020436 
2248 0.150204 
2249 0.310322 
2250 -0.402284 
2251 0.310322 
2252 0.431021 
2253 -0.402284 
2254 -0.269535 
2255 -0.235560 
2256 -0.122500 
2257 -0.499771 
2258 -0.169458 
2259 0.037090 
2260 0.265480 
2261 0.202394 
2262 -0.235560 
2263 -0.191266 
2264 0.310322 
2265 -0.269535 
2266 -0.372374 
2267 -0.156168 
2268 0.235088 
2269 0.067249 
2270 -0.235560 
2271 -0.230014 
2272 0.067249 
2273 -0.499771 
2274 0.109385 
2275 -0.423954 
2276 0.020436 
2277 0.490385 
2278 0.252259 
2279 -0.250190 
2280 -0.156168 
2281 -0.237004 
2282 0.431021 
2283 -0.389971 
2284 0.274251 
2285 0.265480 
2286 0.067249 
2287 -0.324664 
2288 -0.499771 
2289 0.070573 
2290 -0.269535 
2291 0.235088 
2292 0.020436 
2293 -0.122500 
2294 0.067249 
2295 -0.269535 
2296 -0.413440 
2297 0.078785 
2298 -0.161210 
2299 -0.207565 
2300 -0.191266 
2301 -0.156168 
2302 -0.402284 
2303 -0.161210 
2304 -0.269535 
2305 -0.267023 
2306 -0.267023 
2307 -0.235560 
2308 0.020436 
2309 0.250335 
2310 0.020436 
2311 -0.140525 
2312 -0.269535 
2313 0.310322 
