2314 1
1424 0.491807 
1930 0.491807 
2001 0.491807 
185 0.491807 
1325 0.491807 
294 0.491807 
739 0.491807 
288 0.491807 
23 0.491807 
2033 0.491807 
48 0.491807 
1937 0.491807 
1762 0.491807 
1312 0.491807 
1902 0.491807 
281 0.491807 
256 0.491807 
923 0.491807 
1301 0.491807 
512 0.491807 
1102 0.491807 
776 0.491807 
1650 0.491807 
1984 0.491807 
1039 0.491807 
1542 0.491807 
1080 0.491807 
789 0.491807 
1975 0.491807 
1907 0.490691 
1952 0.490691 
1245 0.490691 
247 0.490691 
1999 0.490691 
1899 0.490691 
1269 0.490691 
259 0.490691 
664 0.490691 
1284 0.490691 
2040 0.490691 
1083 0.490691 
780 0.490691 
119 0.490691 
2092 0.490691 
774 0.490691 
771 0.490691 
2067 0.490691 
763 0.490691 
1112 0.490691 
1118 0.490691 
1954 0.490691 
1129 0.490691 
1139 0.490691 
746 0.490691 
737 0.490691 
177 0.490691 
646 0.490691 
1166 0.490691 
1171 0.490691 
1186 0.490691 
1197 0.490691 
1518 0.490691 
1728 0.490691 
1724 0.490691 
378 0.490691 
379 0.490691 
536 0.490691 
1691 0.490691 
1690 0.490691 
1689 0.490691 
1679 0.490691 
402 0.490691 
519 0.490691 
1484 0.490691 
1519 0.490691 
513 0.490691 
413 0.490691 
1653 0.490691 
1522 0.490691 
1534 0.490691 
1536 0.490691 
1571 0.490691 
1577 0.490691 
1582 0.490691 
1593 0.490691 
615 0.490691 
268 0.490691 
269 0.490691 
1300 0.490691 
650 0.490691 
1304 0.490691 
678 0.490691 
1306 0.490691 
642 0.490691 
641 0.490691 
626 0.490691 
1842 0.490691 
267 0.490691 
1364 0.490691 
324 0.490691 
1373 0.490691 
1380 0.490691 
1390 0.490691 
1419 0.490691 
579 0.490691 
1440 0.490691 
560 0.490691 
1475 0.490691 
809 0.490691 
1071 0.490691 
885 0.490691 
799 0.490691 
1004 0.490691 
869 0.490691 
2182 0.490691 
2262 0.490691 
91 0.490691 
945 0.490691 
2256 0.490691 
868 0.490691 
971 0.490691 
813 0.490691 
859 0.490691 
818 0.490691 
817 0.490691 
977 0.490691 
2137 0.490691 
2133 0.490691 
70 0.490691 
825 0.490691 
1038 0.490691 
2302 0.490691 
919 0.490691 
1853 0.487925 
1132 0.487925 
993 0.487925 
1252 0.487925 
1492 0.487925 
1490 0.487925 
1315 0.487925 
1091 0.487925 
1969 0.487925 
1532 0.487925 
1322 0.487925 
2113 0.487925 
1566 0.487925 
1765 0.487925 
2162 0.487925 
2142 0.487925 
1770 0.487925 
1348 0.487925 
2004 0.487925 
1825 0.487925 
1378 0.487925 
461 0.487925 
1908 0.487925 
1929 0.487925 
1104 0.487925 
1673 0.487925 
61 0.487925 
2088 0.487925 
1945 0.487925 
1891 0.487925 
797 0.487925 
2276 0.487925 
1551 0.487925 
2149 0.487925 
836 0.487925 
1639 0.487925 
1877 0.487925 
1497 0.487925 
1717 0.487925 
1493 0.487925 
255 0.487767 
257 0.487767 
719 0.487767 
1941 0.487767 
2224 0.487767 
1932 0.487767 
62 0.487767 
1850 0.487767 
1896 0.487767 
218 0.487767 
243 0.487767 
1040 0.487767 
215 0.487767 
847 0.487767 
283 0.487767 
1000 0.487767 
167 0.487767 
540 0.487767 
1128 0.487767 
1573 0.487767 
1540 0.487767 
143 0.487767 
135 0.487767 
511 0.487767 
133 0.487767 
1432 0.487767 
938 0.470522 
1274 0.470522 
1278 0.470522 
406 0.470522 
533 0.470522 
939 0.470522 
1506 0.470522 
386 0.470522 
929 0.470522 
1892 0.470522 
928 0.470522 
254 0.470522 
1651 0.470522 
912 0.470522 
910 0.470522 
446 0.470522 
1591 0.470522 
2217 0.470522 
359 0.470522 
856 0.470522 
327 0.470522 
975 0.470522 
340 0.470522 
1836 0.470522 
1341 0.470522 
592 0.470522 
1334 0.470522 
1330 0.470522 
2246 0.470522 
299 0.470522 
962 0.470522 
1443 0.470522 
2255 0.470522 
984 0.470522 
372 0.470522 
2257 0.470522 
1725 0.470522 
2216 0.470522 
997 0.470522 
2259 0.470522 
323 0.470522 
1210 0.470522 
1992 0.470522 
120 0.470522 
2172 0.470522 
794 0.470522 
220 0.470522 
723 0.470522 
1045 0.470522 
701 0.470522 
688 0.470522 
1146 0.470522 
2070 0.470522 
1202 0.470522 
1043 0.470522 
802 0.470522 
1070 0.470522 
1970 0.470522 
2047 0.470522 
182 0.470522 
2114 0.470522 
234 0.470522 
1090 0.470522 
2025 0.470522 
1052 0.470522 
1918 0.470522 
1926 0.470522 
1160 0.470522 
1237 0.470522 
2240 0.393506 
1162 0.393506 
1130 0.393506 
2177 0.393506 
161 0.393506 
1333 0.393506 
2180 0.393506 
602 0.393506 
1784 0.393506 
1729 0.393506 
1338 0.393506 
2242 0.393506 
1344 0.393506 
558 0.393506 
1986 0.393506 
314 0.393506 
1161 0.393506 
568 0.393506 
2123 0.393506 
360 0.393506 
608 0.393506 
862 0.393506 
606 0.393506 
535 0.393506 
1250 0.393506 
443 0.393506 
1268 0.393506 
490 0.393506 
1024 0.393506 
64 0.393506 
779 0.393506 
427 0.393506 
1943 0.393506 
422 0.393506 
887 0.393506 
2090 0.393506 
773 0.393506 
412 0.393506 
711 0.393506 
1512 0.393506 
798 0.393506 
2268 0.393506 
2039 0.391046 
1721 0.391046 
574 0.391046 
485 0.391046 
914 0.391046 
2054 0.391046 
439 0.391046 
1088 0.391046 
468 0.391046 
464 0.391046 
1387 0.391046 
1712 0.391046 
1916 0.391046 
1781 0.391046 
2062 0.391046 
371 0.391046 
2036 0.391046 
1093 0.391046 
399 0.391046 
172 0.391046 
170 0.391046 
808 0.391046 
1745 0.391046 
2087 0.391046 
2084 0.391046 
1660 0.391046 
2150 0.391046 
745 0.391046 
2192 0.391046 
1921 0.391046 
2229 0.391046 
1366 0.391046 
1824 0.391046 
1360 0.391046 
42 0.391046 
1337 0.391046 
2198 0.391046 
983 0.391046 
1976 0.391046 
634 0.391046 
1236 0.391046 
1863 0.391046 
2186 0.391046 
1215 0.391046 
2214 0.391046 
1214 0.391046 
1290 0.391046 
1994 0.391046 
600 0.391046 
2166 0.391046 
1795 0.391046 
2003 0.391046 
1917 0.391046 
2294 0.379677 
383 0.379677 
472 0.379677 
460 0.379677 
496 0.379677 
639 0.379677 
1499 0.379677 
778 0.379677 
150 0.379677 
589 0.379677 
393 0.379677 
2011 0.379677 
338 0.379677 
50 0.379677 
59 0.379677 
522 0.379677 
9 0.379677 
658 0.379677 
11 0.379677 
598 0.379677 
305 0.379677 
1179 0.379677 
68 0.379677 
316 0.379677 
1935 0.379677 
350 0.379677 
1804 0.379677 
348 0.379677 
484 0.379677 
301 0.379677 
45 0.379677 
235 0.379677 
687 0.338041 
2283 0.338041 
1286 0.338041 
672 0.338041 
1086 0.338041 
1909 0.338041 
1600 0.338041 
1881 0.338041 
1618 0.338041 
1533 0.338041 
781 0.338041 
1887 0.338041 
2059 0.338041 
1030 0.338041 
2136 0.338041 
1627 0.338041 
1563 0.338041 
1149 0.338041 
2223 0.338041 
1496 0.338041 
807 0.338041 
25 0.338041 
628 0.338041 
1981 0.338041 
744 0.338041 
1144 0.338041 
2079 0.338041 
811 0.338041 
1754 0.338041 
734 0.338041 
1761 0.338041 
1806 0.338041 
1800 0.338041 
588 0.338041 
1786 0.338041 
1198 0.338041 
55 0.338041 
1959 0.338041 
2128 0.338041 
2273 0.338041 
1677 0.338041 
1114 0.338041 
1520 0.338041 
206 0.338041 
1968 0.338041 
1872 0.338041 
1316 0.338041 
1246 0.329252 
903 0.329252 
1156 0.329252 
1588 0.329252 
1106 0.329252 
1429 0.329252 
1107 0.329252 
1464 0.329252 
529 0.329252 
1192 0.329252 
988 0.329252 
755 0.329252 
2313 0.329252 
2227 0.329252 
92 0.329252 
223 0.329252 
1940 0.329252 
95 0.329252 
437 0.329252 
2178 0.329252 
1885 0.329252 
2201 0.329252 
279 0.329252 
286 0.329252 
1720 0.329252 
1985 0.329252 
2247 0.329252 
303 0.329252 
3 0.329252 
1649 0.329252 
2035 0.329252 
2277 0.329252 
171 0.329252 
1840 0.329252 
2264 0.329252 
1843 0.329252 
1738 0.329252 
2252 0.329252 
2249 0.329252 
407 0.292166 
208 0.292166 
1990 0.292166 
1203 0.292166 
1191 0.292166 
2038 0.292166 
410 0.292166 
212 0.292166 
455 0.292166 
693 0.292166 
240 0.292166 
1255 0.292166 
1502 0.292166 
1294 0.292166 
1320 0.292166 
1324 0.292166 
1846 0.292166 
1351 0.292166 
1812 0.292166 
1782 0.292166 
344 0.292166 
1399 0.292166 
14 0.292166 
471 0.292166 
967 0.292166 
1564 0.292166 
1624 0.292166 
2151 0.292166 
2220 0.292166 
2210 0.292166 
2107 0.292166 
2169 0.292166 
2085 0.292166 
2206 0.292166 
1568 0.292166 
8 0.292166 
772 0.292166 
770 0.292166 
1103 0.292166 
2073 0.292166 
832 0.292166 
1589 0.250860 
382 0.250860 
1014 0.250860 
276 0.250860 
985 0.250860 
300 0.250860 
1332 0.250860 
1474 0.250860 
1602 0.250860 
142 0.250860 
309 0.250860 
930 0.250860 
364 0.250860 
1456 0.250860 
2282 0.250860 
1388 0.250860 
1755 0.250860 
1421 0.250860 
1426 0.250860 
2141 0.250860 
2069 0.250860 
175 0.250860 
731 0.250860 
2105 0.250860 
1671 0.250860 
2111 0.250860 
827 0.250860 
93 0.250860 
696 0.250860 
2155 0.250860 
1567 0.250860 
689 0.250860 
684 0.250860 
132 0.161027 
265 0.161027 
351 0.161027 
1120 0.161027 
347 0.161027 
585 0.161027 
1595 0.161027 
677 0.161027 
190 0.161027 
597 0.161027 
302 0.161027 
227 0.161027 
201 0.161027 
936 0.161027 
631 0.161027 
691 0.161027 
699 0.161027 
1956 0.161027 
1216 0.161027 
523 0.161027 
369 0.161027 
549 0.161027 
1472 0.161027 
1463 0.161027 
1701 0.161027 
1504 0.161027 
524 0.161027 
562 0.161027 
498 0.161027 
1545 0.161027 
1623 0.161027 
538 0.161027 
503 0.161027 
1746 0.161027 
452 0.161027 
362 0.161027 
433 0.161027 
356 0.161027 
1428 0.161027 
517 0.161027 
453 0.161027 
581 0.129093 
106 0.129093 
2116 0.129093 
105 0.129093 
164 0.129093 
2176 0.129093 
2304 0.129093 
199 0.129093 
1642 0.129093 
18 0.129093 
1874 0.129093 
1175 0.129093 
1326 0.129093 
2213 0.129093 
2272 0.129093 
2196 0.120771 
2031 0.120771 
2026 0.120771 
1041 0.120771 
2197 0.120771 
2212 0.120771 
669 0.120771 
160 0.120771 
638 0.120771 
1895 0.120771 
1636 0.120771 
1870 0.120771 
796 0.120771 
278 0.120771 
2146 0.120771 
651 0.120771 
469 0.120771 
1646 0.120771 
1766 0.120771 
1946 0.120771 
586 0.120771 
2060 0.120771 
2064 0.120771 
1687 0.120771 
1386 0.120771 
2263 0.120771 
2017 0.120771 
2080 0.120771 
130 0.120771 
47 0.120771 
782 0.120771 
735 0.120771 
710 0.120771 
2093 0.120771 
396 0.120771 
2022 0.120771 
695 0.120771 
1584 0.120771 
1076 0.114441 
1538 0.114441 
2077 0.114441 
1851 0.114441 
1644 0.114441 
158 0.114441 
1069 0.114441 
2108 0.114441 
2110 0.114441 
2271 0.114441 
1739 0.114441 
444 0.114441 
613 0.114441 
473 0.114441 
1814 0.114441 
1517 0.114441 
447 0.114441 
965 0.114441 
1212 0.114441 
599 0.114441 
1449 0.114441 
463 0.114441 
1780 0.114441 
881 0.114441 
1596 0.114441 
459 0.114441 
1841 0.114441 
1675 0.114441 
2158 0.114441 
1709 0.114441 
211 0.114441 
1050 0.114441 
1314 0.114441 
1855 0.114441 
1731 0.114441 
1854 0.114441 
480 0.114441 
1029 0.114441 
209 0.114441 
623 0.114441 
1515 0.114441 
169 0.099800 
1180 0.099800 
1668 0.099800 
575 0.099800 
826 0.099800 
899 0.099800 
911 0.099800 
1592 0.099800 
913 0.099800 
886 0.099800 
866 0.099800 
861 0.099800 
846 0.099800 
1580 0.099800 
1011 0.099800 
838 0.099800 
65 0.099800 
2048 0.099800 
74 0.099800 
483 0.099800 
2160 0.099800 
1559 0.099800 
806 0.099800 
805 0.099800 
804 0.099800 
2127 0.099800 
1087 0.099800 
429 0.099800 
1547 0.099800 
325 0.099800 
1297 0.099800 
1823 0.099800 
361 0.099800 
1206 0.099800 
700 0.099800 
1880 0.099800 
1369 0.099800 
258 0.099800 
274 0.099800 
1799 0.099800 
1793 0.099800 
1777 0.099800 
1233 0.099800 
532 0.099800 
1508 0.099800 
401 0.099800 
1783 0.099800 
1866 0.099800 
572 0.099800 
1672 0.099800 
200 0.099800 
308 0.099800 
1715 0.099800 
1867 0.099800 
1183 0.099800 
1871 0.099800 
1305 0.099800 
1078 0.079871 
1105 0.079871 
1643 0.079871 
839 0.079871 
531 0.079871 
1234 0.079871 
1003 0.079871 
368 0.079871 
311 0.079871 
1329 0.079871 
51 0.079871 
2185 0.079871 
100 0.079871 
1819 0.079871 
1061 0.079871 
1982 0.079871 
1057 0.079871 
652 0.079871 
88 0.079871 
738 0.079871 
527 0.079871 
754 0.079871 
567 0.079871 
2286 0.079871 
918 0.079871 
888 0.079871 
892 0.079871 
1121 0.079871 
462 0.079871 
748 0.079871 
2049 0.079871 
708 0.079871 
420 0.079871 
525 0.079871 
742 0.052810 
974 0.052810 
287 0.052810 
972 0.052810 
1213 0.052810 
1404 0.052810 
922 0.052810 
2173 0.052810 
1060 0.052810 
1154 0.052810 
2163 0.052810 
419 0.052810 
1963 0.052810 
1548 0.052810 
1451 0.052810 
1225 0.052810 
1117 0.052810 
940 0.052810 
1235 0.052810 
948 0.052810 
576 0.052810 
633 0.052810 
1599 0.052810 
1346 0.052810 
894 0.052810 
2126 0.052810 
1489 0.052810 
1427 0.046373 
987 0.046373 
1461 0.046373 
2309 0.046373 
1830 0.046373 
1758 0.046373 
2221 0.046373 
1460 0.046373 
1157 0.046373 
1775 0.046373 
1382 0.046373 
943 0.046373 
2269 0.046373 
952 0.046373 
957 0.046373 
1381 0.046373 
1587 0.046373 
1801 0.046373 
969 0.046373 
2250 0.046373 
986 0.046373 
1396 0.046373 
1774 0.046373 
2239 0.046373 
2235 0.046373 
1609 0.046373 
980 0.046373 
2226 0.046373 
1401 0.046373 
1828 0.046373 
2029 0.046373 
1912 0.046373 
1922 0.046373 
2103 0.046373 
1931 0.046373 
1936 0.046373 
1230 0.046373 
1228 0.046373 
2065 0.046373 
1108 0.046373 
1224 0.046373 
1535 0.046373 
1126 0.046373 
1127 0.046373 
2045 0.046373 
1510 0.046373 
1910 0.046373 
2028 0.046373 
2027 0.046373 
1205 0.046373 
1523 0.046373 
1159 0.046373 
1652 0.046373 
2019 0.046373 
1196 0.046373 
2005 0.046373 
1164 0.046373 
1655 0.046373 
1167 0.046373 
1987 0.046373 
1670 0.046373 
1182 0.046373 
1285 0.046373 
1615 0.046373 
1574 0.046373 
1477 0.046373 
1026 0.046373 
1619 0.046373 
1028 0.046373 
1621 0.046373 
1844 0.046373 
1735 0.046373 
1856 0.046373 
1047 0.046373 
1049 0.046373 
1500 0.046373 
1708 0.046373 
1878 0.046373 
1012 0.046373 
2154 0.046373 
1558 0.046373 
1556 0.046373 
1884 0.046373 
1283 0.046373 
1552 0.046373 
1503 0.046373 
1082 0.046373 
1898 0.046373 
1267 0.046373 
1256 0.046373 
1702 0.046373 
1641 0.046373 
1905 0.046373 
451 0.046373 
880 0.046373 
657 0.046373 
96 0.046373 
163 0.046373 
612 0.046373 
310 0.046373 
607 0.046373 
69 0.046373 
740 0.046373 
671 0.046373 
29 0.046373 
867 0.046373 
449 0.046373 
637 0.046373 
458 0.046373 
680 0.046373 
198 0.046373 
489 0.046373 
547 0.046373 
831 0.046373 
204 0.046373 
81 0.046373 
499 0.046373 
217 0.046373 
226 0.046373 
508 0.046373 
618 0.046373 
127 0.046373 
336 0.046373 
380 0.046373 
768 0.046373 
790 0.046373 
783 0.046373 
328 0.046373 
17 0.046373 
398 0.046373 
345 0.046373 
144 0.046373 
411 0.046373 
152 0.046373 
318 0.046373 
1350 -0.029077 
707 -0.029077 
685 -0.029077 
1017 -0.029077 
692 -0.029077 
1514 -0.029077 
1693 -0.029077 
159 -0.029077 
1789 -0.029077 
245 -0.029077 
73 -0.029077 
315 -0.029077 
123 -0.029077 
76 -0.029077 
901 -0.029077 
1834 -0.029077 
2274 -0.029077 
1838 -0.029077 
2243 -0.029077 
176 -0.029077 
2014 -0.029077 
1001 -0.029077 
435 -0.029077 
611 -0.029077 
262 -0.029077 
951 -0.029077 
113 -0.029077 
2061 -0.029077 
1142 -0.029077 
207 -0.029077 
1181 -0.054361 
224 -0.054361 
1185 -0.054361 
714 -0.054361 
1541 -0.054361 
1195 -0.054361 
1015 -0.054361 
236 -0.054361 
1009 -0.054361 
1927 -0.054361 
1150 -0.054361 
1826 -0.054361 
415 -0.054361 
408 -0.054361 
1837 -0.054361 
426 -0.054361 
1051 -0.054361 
405 -0.054361 
298 -0.054361 
24 -0.054361 
1141 -0.054361 
108 -0.054361 
1894 -0.054361 
1860 -0.054361 
1861 -0.054361 
1604 -0.054361 
761 -0.054361 
2278 -0.054361 
450 -0.054361 
1169 -0.054361 
1177 -0.054361 
373 -0.054361 
342 -0.054361 
1763 -0.054361 
577 -0.054361 
2082 -0.054361 
134 -0.054361 
196 -0.054361 
195 -0.054361 
2097 -0.054361 
1288 -0.054361 
891 -0.054361 
174 -0.054361 
630 -0.054361 
2102 -0.054361 
1479 -0.054361 
187 -0.054361 
1422 -0.054361 
4 -0.054361 
915 -0.054361 
2008 -0.054361 
2009 -0.054361 
63 -0.054361 
2228 -0.054361 
2013 -0.054361 
1368 -0.054361 
1955 -0.054361 
2211 -0.054361 
841 -0.054361 
1933 -0.054361 
904 -0.054361 
703 -0.054361 
1938 -0.054361 
624 -0.054361 
128 -0.054361 
515 -0.054361 
2043 -0.054361 
1974 -0.054361 
1511 -0.054361 
129 -0.054361 
154 -0.054361 
686 -0.054361 
1962 -0.054361 
1966 -0.054361 
2312 -0.054361 
1491 -0.054361 
1122 -0.055760 
58 -0.055760 
2143 -0.055760 
1730 -0.055760 
1696 -0.055760 
1327 -0.055760 
1710 -0.055760 
1111 -0.055760 
632 -0.055760 
777 -0.055760 
2222 -0.055760 
1736 -0.055760 
2138 -0.055760 
1742 -0.055760 
357 -0.055760 
1764 -0.055760 
507 -0.055760 
2187 -0.055760 
704 -0.055760 
1199 -0.055760 
504 -0.055760 
2089 -0.055760 
518 -0.055760 
1221 -0.055760 
1544 -0.055760 
1505 -0.055760 
544 -0.055760 
1232 -0.055760 
1572 -0.055760 
1467 -0.055760 
1242 -0.055760 
1335 -0.055760 
1458 -0.055760 
2189 -0.055760 
1444 -0.055760 
1397 -0.055760 
2203 -0.055760 
1270 -0.055760 
1272 -0.055760 
1279 -0.055760 
660 -0.055760 
1658 -0.055760 
1292 -0.055760 
1293 -0.055760 
165 -0.055760 
1848 -0.055760 
834 -0.055760 
1925 -0.055760 
1928 -0.055760 
1044 -0.055760 
1915 -0.055760 
979 -0.055760 
1791 -0.055760 
1042 -0.055760 
1991 -0.055760 
118 -0.055760 
251 -0.055760 
960 -0.055760 
225 -0.055760 
1062 -0.055760 
2285 -0.055760 
1869 -0.055760 
222 -0.055760 
2076 -0.055760 
1944 -0.055760 
1879 -0.055760 
246 -0.055760 
2109 -0.055760 
1033 -0.055760 
875 -0.055760 
1886 -0.082194 
1466 -0.082194 
1633 -0.082194 
1630 -0.082194 
718 -0.082194 
1454 -0.082194 
1583 -0.082194 
181 -0.082194 
481 -0.082194 
1570 -0.082194 
1423 -0.082194 
2000 -0.082194 
1601 -0.082194 
277 -0.082194 
1578 -0.082194 
1773 -0.082194 
377 -0.082194 
1785 -0.082194 
145 -0.082194 
541 -0.082194 
1934 -0.082194 
137 -0.082194 
1098 -0.082194 
375 -0.082194 
1204 -0.082194 
2296 -0.082194 
1924 -0.082194 
2266 -0.082194 
1066 -0.082194 
502 -0.082194 
1811 -0.082194 
501 -0.082194 
654 -0.082194 
210 -0.094245 
1447 -0.094245 
528 -0.094245 
1309 -0.094245 
2179 -0.094245 
249 -0.094245 
83 -0.094245 
1530 -0.094245 
1482 -0.094245 
966 -0.094245 
2300 -0.094245 
2174 -0.094245 
388 -0.094245 
933 -0.094245 
2209 -0.094245 
162 -0.094245 
168 -0.094245 
313 -0.094245 
1683 -0.094245 
326 -0.094245 
1839 -0.094245 
1276 -0.094245 
2010 -0.094245 
2042 -0.094245 
1370 -0.094245 
341 -0.094245 
1260 -0.094245 
285 -0.094245 
956 -0.094245 
539 -0.133657 
1957 -0.133657 
34 -0.133657 
1287 -0.133657 
1977 -0.133657 
530 -0.133657 
1289 -0.133657 
1308 -0.133657 
1311 -0.133657 
890 -0.133657 
1317 -0.133657 
1343 -0.133657 
2075 -0.133657 
927 -0.133657 
2068 -0.133657 
1239 -0.133657 
2050 -0.133657 
2066 -0.133657 
666 -0.133657 
183 -0.133657 
1412 -0.133657 
2195 -0.133657 
1262 -0.133657 
1395 -0.133657 
1392 -0.133657 
1431 -0.133657 
594 -0.133657 
601 -0.133657 
1993 -0.133657 
878 -0.133657 
1376 -0.133657 
953 -0.133657 
2188 -0.133657 
950 -0.133657 
865 -0.133657 
873 -0.133657 
1367 -0.133657 
1361 -0.133657 
1410 -0.133657 
1978 -0.133657 
448 -0.133657 
2260 -0.133657 
1620 -0.133657 
442 -0.133657 
291 -0.133657 
87 -0.133657 
1610 -0.133657 
1787 -0.133657 
284 -0.133657 
1622 -0.133657 
1035 -0.133657 
466 -0.133657 
1163 -0.133657 
2140 -0.133657 
477 -0.133657 
478 -0.133657 
1882 -0.133657 
724 -0.133657 
1628 -0.133657 
1849 -0.133657 
1048 -0.133657 
432 -0.133657 
1703 -0.133657 
1647 -0.133657 
1803 -0.133657 
795 -0.133657 
1657 -0.133657 
810 -0.133657 
1669 -0.133657 
319 -0.133657 
2145 -0.133657 
1123 -0.133657 
1809 -0.133657 
1172 -0.133657 
1220 -0.133657 
521 -0.133657 
845 -0.133657 
994 -0.133657 
1516 -0.133657 
1527 -0.133657 
785 -0.133657 
1749 -0.133657 
1529 -0.133657 
1209 -0.133657 
1099 -0.133657 
1768 -0.133657 
506 -0.133657 
363 -0.133657 
1189 -0.133657 
791 -0.133657 
1550 -0.133657 
716 -0.133657 
479 -0.133657 
1779 -0.133657 
1555 -0.133657 
1778 -0.133657 
1557 -0.133657 
21 -0.133657 
720 -0.133657 
1883 -0.133657 
1776 -0.133657 
1769 -0.146353 
124 -0.146353 
1788 -0.146353 
1318 -0.146353 
2094 -0.146353 
56 -0.146353 
1560 -0.146353 
116 -0.146353 
1965 -0.146353 
1967 -0.146353 
229 -0.146353 
1973 -0.146353 
2112 -0.146353 
1914 -0.146353 
1980 -0.146353 
1913 -0.146353 
1897 -0.146353 
2098 -0.146353 
188 -0.146353 
2191 -0.146353 
1996 -0.146353 
470 -0.146353 
2164 -0.146353 
2023 -0.146353 
1833 -0.146353 
2024 -0.146353 
423 -0.146353 
99 -0.146353 
1125 -0.146353 
33 -0.146353 
1298 -0.146353 
766 -0.146353 
709 -0.146353 
1271 -0.146353 
769 -0.146353 
1059 -0.146353 
851 -0.146353 
1068 -0.146353 
31 -0.146353 
792 -0.146353 
954 -0.146353 
1697 -0.175008 
840 -0.175008 
1904 -0.175008 
1911 -0.175008 
571 -0.175008 
1688 -0.175008 
2117 -0.175008 
1686 -0.175008 
263 -0.175008 
1007 -0.175008 
1281 -0.175008 
403 -0.175008 
2207 -0.175008 
1674 -0.175008 
290 -0.175008 
2134 -0.175008 
1808 -0.175008 
787 -0.175008 
1816 -0.175008 
1759 -0.175008 
1832 -0.175008 
1847 -0.175008 
1734 -0.175008 
1385 -0.175008 
1425 -0.175008 
1858 -0.175008 
1266 -0.175008 
1862 -0.175008 
387 -0.175008 
409 -0.175008 
1890 -0.175008 
1705 -0.175008 
253 -0.175008 
1537 -0.175008 
2018 -0.175008 
1241 -0.175008 
1565 -0.175008 
1562 -0.175008 
2030 -0.175008 
2 -0.175008 
2051 -0.175008 
2057 -0.175008 
1666 -0.175008 
1531 -0.175008 
917 -0.175008 
2311 -0.175008 
2074 -0.175008 
131 -0.175008 
908 -0.175008 
546 -0.175008 
2237 -0.175008 
2012 -0.175008 
1354 -0.175008 
982 -0.175008 
750 -0.175008 
97 -0.175008 
1349 -0.175008 
564 -0.175008 
659 -0.175008 
2297 -0.175008 
2159 -0.175008 
2016 -0.175008 
445 -0.175008 
86 -0.183853 
39 -0.183853 
19 -0.183853 
16 -0.183853 
20 -0.183853 
85 -0.183853 
37 -0.183853 
101 -0.183853 
2248 -0.183853 
78 -0.183853 
103 -0.183853 
94 -0.183853 
400 -0.183853 
102 -0.183853 
71 -0.183853 
1187 -0.183853 
27 -0.183853 
976 -0.183853 
266 -0.183853 
12 -0.183853 
10 -0.183853 
41 -0.183853 
112 -0.183853 
237 -0.183853 
228 -0.183853 
43 -0.183853 
1282 -0.183853 
121 -0.183853 
178 -0.183853 
166 -0.183853 
2058 -0.183853 
141 -0.183853 
139 -0.183853 
49 -0.183853 
307 -0.183853 
15 -0.183853 
40 -0.183853 
1165 -0.189413 
932 -0.189413 
721 -0.189413 
1092 -0.189413 
942 -0.189413 
722 -0.189413 
870 -0.189413 
2165 -0.189413 
1829 -0.189413 
871 -0.189413 
1598 -0.189413 
1158 -0.189413 
733 -0.189413 
959 -0.189413 
122 -0.189413 
2041 -0.189413 
926 -0.189413 
713 -0.189413 
391 -0.189413 
921 -0.189413 
107 -0.189413 
526 -0.189413 
1797 -0.189413 
895 -0.189413 
683 -0.189413 
2086 -0.189413 
905 -0.189413 
1487 -0.189413 
1483 -0.189413 
332 -0.189413 
1953 -0.189413 
1032 -0.189413 
1115 -0.189413 
389 -0.189413 
1723 -0.189413 
1852 -0.189413 
1704 -0.189413 
244 -0.189413 
2139 -0.189413 
1119 -0.189413 
392 -0.189413 
394 -0.189413 
2118 -0.189413 
1002 -0.189413 
996 -0.189413 
191 -0.189413 
752 -0.189413 
2291 -0.189413 
98 -0.189413 
1662 -0.189413 
1074 -0.189413 
749 -0.189413 
1744 -0.189413 
1134 -0.189413 
1136 -0.189413 
855 -0.189413 
1835 -0.189413 
1748 -0.189413 
2281 -0.189413 
1151 -0.189413 
1420 -0.189413 
1251 -0.189413 
1407 -0.189413 
1436 -0.189413 
1470 -0.189413 
1345 -0.189413 
2200 -0.189413 
583 -0.189413 
561 -0.189413 
665 -0.189413 
1244 -0.189413 
1263 -0.189413 
1277 -0.189413 
1807 -0.191282 
821 -0.191282 
321 -0.191282 
1248 -0.191282 
675 -0.191282 
751 -0.191282 
1521 -0.191282 
1340 -0.191282 
1243 -0.191282 
475 -0.191282 
712 -0.191282 
556 -0.191282 
1342 -0.191282 
1190 -0.207840 
2258 -0.207840 
1178 -0.207840 
2194 -0.207840 
758 -0.207840 
1168 -0.207840 
1462 -0.207840 
1594 -0.207840 
104 -0.207840 
1625 -0.207840 
1452 -0.207840 
2122 -0.207840 
889 -0.207840 
2021 -0.207840 
963 -0.207840 
863 -0.207840 
2293 -0.207840 
117 -0.207840 
992 -0.207840 
610 -0.207840 
7 -0.207840 
1919 -0.207840 
1025 -0.207840 
1695 -0.207840 
604 -0.207840 
111 -0.207840 
2280 -0.207840 
820 -0.207840 
1398 -0.207840 
793 -0.207840 
550 -0.207840 
1096 -0.207840 
1750 -0.207840 
1726 -0.207840 
670 -0.207840 
2236 -0.207840 
35 -0.207840 
1219 -0.207840 
698 -0.207840 
843 -0.241355 
668 -0.241355 
306 -0.241355 
759 -0.241355 
629 -0.241355 
514 -0.241355 
1319 -0.258137 
115 -0.258137 
2275 -0.258137 
1257 -0.258137 
2152 -0.258137 
1635 -0.258137 
219 -0.258137 
1942 -0.258137 
1741 -0.258137 
2129 -0.258137 
1445 -0.258137 
22 -0.258137 
1137 -0.258137 
1951 -0.258137 
230 -0.258137 
312 -0.258137 
1747 -0.258137 
1631 -0.258137 
1612 -0.258137 
1391 -0.258137 
1752 -0.258137 
436 -0.258137 
645 -0.258137 
2190 -0.258137 
355 -0.258137 
2161 -0.258137 
397 -0.258137 
1714 -0.258137 
38 -0.258137 
384 -0.258137 
2204 -0.258137 
1501 -0.258137 
1889 -0.258137 
261 -0.258137 
273 -0.258137 
1876 -0.258137 
573 -0.258137 
2265 -0.258137 
1498 -0.258137 
381 -0.258137 
1900 -0.258137 
882 -0.258137 
1413 -0.258137 
1021 -0.258137 
1109 -0.258137 
1682 -0.258137 
1678 -0.258137 
292 -0.258137 
1365 -0.258137 
2147 -0.258137 
595 -0.258137 
1417 -0.258137 
1414 -0.258137 
1441 -0.258137 
1485 -0.258137 
884 -0.258137 
1659 -0.258137 
1810 -0.258137 
2104 -0.258137 
2131 -0.258137 
620 -0.258137 
180 -0.258137 
1817 -0.258137 
2168 -0.258137 
1802 -0.258137 
2167 -0.258137 
505 -0.258137 
1259 -0.258137 
906 -0.258137 
1406 -0.258137 
1261 -0.258137 
474 -0.258137 
801 -0.258137 
1575 -0.258137 
184 -0.258137 
1579 -0.258137 
1576 -0.258137 
2270 -0.258137 
1402 -0.258137 
1058 -0.258137 
1608 -0.258137 
1546 -0.258137 
1476 -0.258137 
197 -0.258137 
317 -0.258137 
495 -0.258137 
349 -0.258137 
1336 -0.258137 
125 -0.258137 
644 -0.258137 
2095 -0.258137 
902 -0.258137 
1983 -0.258137 
1700 -0.268071 
636 -0.268071 
635 -0.268071 
621 -0.268071 
296 -0.268071 
1760 -0.268071 
339 -0.268071 
1375 -0.268071 
1229 -0.268071 
1372 -0.268071 
1295 -0.268071 
337 -0.268071 
619 -0.268071 
1019 -0.268071 
242 -0.268071 
1685 -0.268071 
726 -0.268071 
456 -0.268071 
961 -0.268071 
367 -0.268071 
151 -0.268071 
1756 -0.268071 
1280 -0.268071 
1656 -0.268071 
1064 -0.311738 
1006 -0.311738 
1638 -0.311738 
2055 -0.311738 
864 -0.311738 
1561 -0.311738 
2037 -0.311738 
1400 -0.311738 
717 -0.311738 
1753 -0.311738 
743 -0.311738 
1155 -0.311738 
1713 -0.311738 
1888 -0.311738 
2106 -0.311738 
1264 -0.311738 
893 -0.311738 
1948 -0.311738 
1249 -0.311738 
1654 -0.311738 
1494 -0.311738 
2006 -0.311738 
1173 -0.311738 
1585 -0.311738 
84 -0.311738 
1859 -0.311738 
1101 -0.311738 
2101 -0.311738 
322 -0.311738 
428 -0.311738 
1873 -0.311738 
1480 -0.311738 
819 -0.323600 
1757 -0.323600 
603 -0.323600 
767 -0.323600 
331 -0.323600 
2199 -0.323600 
2052 -0.323600 
1384 -0.323600 
1751 -0.323600 
1097 -0.323600 
1258 -0.323600 
320 -0.323600 
946 -0.323600 
1133 -0.323600 
725 -0.323600 
2181 -0.323600 
852 -0.323600 
205 -0.323600 
1247 -0.323600 
434 -0.323600 
1362 -0.323600 
2175 -0.323600 
2215 -0.323600 
2170 -0.323600 
554 -0.323600 
2253 -0.323600 
990 -0.323600 
2015 -0.323600 
179 -0.323600 
2083 -0.323600 
1684 -0.323600 
1629 -0.323600 
605 -0.323600 
1698 -0.323600 
732 -0.323600 
2007 -0.323600 
2071 -0.326968 
955 -0.326968 
36 -0.326968 
2208 -0.326968 
2233 -0.326968 
958 -0.326968 
0 -0.326968 
1486 -0.326968 
1771 -0.326968 
566 -0.326968 
1113 -0.326968 
1031 -0.326968 
260 -0.326968 
2099 -0.326968 
79 -0.326968 
1434 -0.326968 
543 -0.326968 
67 -0.326968 
1632 -0.326968 
1005 -0.326968 
1798 -0.326968 
75 -0.326968 
998 -0.326968 
1939 -0.326968 
1947 -0.326968 
431 -0.326968 
2303 -0.350757 
949 -0.350757 
676 -0.350757 
872 -0.350757 
1193 -0.350757 
1995 -0.350757 
1507 -0.350757 
2305 -0.350757 
824 -0.350757 
2034 -0.350757 
1018 -0.350757 
2096 -0.350757 
1923 -0.350757 
1363 -0.350757 
2289 -0.350757 
1359 -0.350757 
2202 -0.350757 
2046 -0.350757 
2301 -0.350757 
991 -0.350757 
989 -0.350757 
2290 -0.350757 
1960 -0.350757 
2298 -0.350757 
1827 -0.350757 
548 -0.350757 
2130 -0.350757 
77 -0.350757 
189 -0.350757 
2153 -0.350757 
1408 -0.350757 
897 -0.350757 
147 -0.350757 
2267 -0.350757 
896 -0.350757 
136 -0.350757 
2183 -0.350757 
1211 -0.350757 
146 -0.350757 
1616 -0.350757 
89 -0.350757 
333 -0.350757 
1645 -0.350757 
1416 -0.350757 
1664 -0.350757 
1525 -0.350757 
1727 -0.350757 
2193 -0.350757 
1706 -0.350757 
2230 -0.350757 
1418 -0.350757 
582 -0.350757 
762 -0.350757 
730 -0.350757 
1176 -0.350757 
2234 -0.350757 
335 -0.350757 
486 -0.350757 
1569 -0.350757 
1170 -0.350757 
82 -0.350757 
1084 -0.350757 
1188 -0.350757 
1217 -0.350757 
1218 -0.350757 
2251 -0.350757 
1794 -0.350757 
2081 -0.350757 
1590 -0.350757 
874 -0.370942 
2232 -0.370942 
1110 -0.370942 
879 -0.370942 
192 -0.370942 
32 -0.370942 
494 -0.370942 
835 -0.370942 
1524 -0.370942 
931 -0.370942 
395 -0.370942 
252 -0.370942 
2310 -0.370942 
1707 -0.370942 
1716 -0.370942 
214 -0.370942 
876 -0.370942 
1998 -0.370942 
705 -0.370942 
727 -0.370942 
973 -0.370942 
854 -0.370942 
1581 -0.370942 
853 -0.370942 
1471 -0.370942 
647 -0.370942 
1661 -0.370942 
216 -0.370942 
995 -0.370942 
221 -0.370942 
844 -0.370942 
421 -0.370942 
417 -0.370942 
999 -0.370942 
565 -0.370942 
414 -0.370942 
329 -0.370942 
1081 -0.370942 
149 -0.370942 
1737 -0.370942 
694 -0.370942 
1063 -0.370942 
591 -0.370942 
764 -0.370942 
800 -0.370942 
353 -0.370942 
925 -0.370942 
354 -0.370942 
812 -0.370942 
366 -0.370942 
2132 -0.370942 
1743 -0.370942 
1433 -0.373167 
1409 -0.373167 
2284 -0.373167 
297 -0.373167 
1989 -0.373167 
80 -0.373167 
1393 -0.373167 
697 -0.373167 
662 -0.373167 
1437 -0.373167 
1095 -0.373167 
1733 -0.373167 
2288 -0.373167 
1347 -0.373167 
679 -0.373167 
1972 -0.373167 
690 -0.373167 
231 -0.373167 
1640 -0.373167 
110 -0.373167 
109 -0.373167 
1077 -0.373167 
2308 -0.373167 
1719 -0.373167 
13 -0.373167 
271 -0.373167 
823 -0.373167 
140 -0.373167 
2231 -0.373167 
2002 -0.373167 
1964 -0.373167 
1813 -0.373167 
1648 -0.373167 
822 -0.373167 
376 -0.373167 
1352 -0.373167 
1355 -0.382829 
648 -0.382829 
849 -0.382829 
26 -0.382829 
138 -0.382829 
2245 -0.382829 
2292 -0.382829 
1796 -0.382829 
1100 -0.382829 
1222 -0.382829 
944 -0.382829 
1238 -0.382829 
587 -0.382829 
46 -0.382829 
1465 -0.382829 
2184 -0.382829 
148 -0.382829 
553 -0.382829 
907 -0.382829 
1513 -0.382829 
1089 -0.382829 
617 -0.382829 
898 -0.382829 
1772 -0.382829 
1200 -0.382829 
454 -0.382829 
640 -0.382829 
656 -0.382829 
1468 -0.382829 
193 -0.382829 
1302 -0.382829 
803 -0.382829 
1901 -0.382829 
72 -0.382829 
753 -0.382829 
374 -0.382829 
2032 -0.382829 
534 -0.382829 
1124 -0.382829 
1356 -0.382829 
248 -0.382829 
934 -0.382829 
1022 -0.382829 
2121 -0.382829 
2205 -0.382829 
510 -0.382829 
1694 -0.382829 
1027 -0.382829 
542 -0.382829 
1377 -0.382829 
830 -0.382829 
2238 -0.382829 
289 -0.382829 
1864 -0.382829 
537 -0.382829 
1328 -0.382829 
90 -0.382829 
1446 -0.382829 
1411 -0.382829 
1053 -0.382829 
815 -0.382829 
1296 -0.382829 
775 -0.382829 
816 -0.382829 
416 -0.382829 
842 -0.382829 
593 -0.382829 
2148 -0.382829 
1439 -0.382829 
1950 -0.382829 
385 -0.384518 
1553 -0.384518 
1528 -0.384518 
1865 -0.384518 
667 -0.384518 
1448 -0.384518 
1805 -0.384518 
275 -0.384518 
334 -0.384518 
1174 -0.384518 
578 -0.384518 
390 -0.384518 
358 -0.384518 
202 -0.384518 
756 -0.384518 
757 -0.384518 
2144 -0.384518 
649 -0.384518 
1831 -0.384518 
2063 -0.384518 
28 -0.384518 
1481 -0.384518 
655 -0.384518 
622 -0.411692 
1299 -0.411692 
2044 -0.411692 
2072 -0.411692 
625 -0.411692 
173 -0.411692 
1818 -0.411692 
1331 -0.411692 
1821 -0.411692 
2157 -0.411692 
1868 -0.411692 
352 -0.411692 
569 -0.411692 
293 -0.411692 
1845 -0.411692 
1055 -0.411692 
747 -0.411692 
1875 -0.411692 
590 -0.411692 
1072 -0.411692 
1138 -0.411692 
784 -0.411692 
1079 -0.411692 
346 -0.411692 
1665 -0.411692 
1495 -0.411692 
476 -0.411692 
557 -0.411692 
614 -0.411692 
551 -0.411692 
1357 -0.411692 
1699 -0.411692 
1597 -0.411692 
570 -0.411692 
1273 -0.411692 
1606 -0.411692 
488 -0.411692 
1374 -0.411692 
441 -0.411692 
1450 -0.411692 
1145 -0.422342 
1321 -0.422342 
1135 -0.422342 
1626 -0.422342 
1539 -0.422342 
1603 -0.422342 
1457 -0.422342 
457 -0.422342 
467 -0.422342 
370 -0.422342 
493 -0.422342 
114 -0.422342 
500 -0.422342 
935 -0.422342 
2119 -0.422342 
1893 -0.422342 
1034 -0.422342 
1383 -0.422342 
1857 -0.422342 
1056 -0.422342 
1073 -0.422342 
2056 -0.422342 
1767 -0.422342 
520 -0.422342 
1116 -0.422342 
53 -0.442970 
1 -0.442970 
2171 -0.442970 
2100 -0.442970 
2218 -0.442970 
2135 -0.442970 
2125 -0.442970 
2120 -0.442970 
2287 -0.442970 
2306 -0.442970 
2299 -0.442970 
2225 -0.442970 
2091 -0.442970 
1403 -0.442970 
786 -0.442970 
1085 -0.442970 
1634 -0.442970 
788 -0.442970 
1075 -0.442970 
425 -0.442970 
1067 -0.442970 
1054 -0.442970 
1046 -0.442970 
1613 -0.442970 
1680 -0.442970 
1371 -0.442970 
1226 -0.442970 
1718 -0.442970 
829 -0.442970 
833 -0.442970 
1358 -0.442970 
1020 -0.442970 
343 -0.442970 
1790 -0.442970 
1549 -0.442970 
559 -0.442970 
555 -0.442970 
736 -0.442970 
1488 -0.442970 
1148 -0.442970 
516 -0.442970 
509 -0.442970 
1435 -0.442970 
1543 -0.442970 
497 -0.442970 
900 -0.442970 
1430 -0.442970 
492 -0.442970 
491 -0.442970 
487 -0.442970 
1415 -0.442970 
465 -0.442970 
1207 -0.442970 
1607 -0.442970 
1131 -0.442970 
203 -0.442970 
239 -0.442970 
860 -0.442970 
1253 -0.442970 
233 -0.442970 
232 -0.442970 
968 -0.442970 
213 -0.442970 
1254 -0.442970 
1961 -0.442970 
330 -0.442970 
947 -0.442970 
663 -0.442970 
877 -0.442970 
937 -0.442970 
2020 -0.442970 
883 -0.442970 
156 -0.442970 
924 -0.442970 
661 -0.442970 
270 -0.442970 
1008 -0.442970 
295 -0.442970 
282 -0.442970 
241 -0.442970 
616 -0.442970 
1013 -0.442970 
981 -0.442970 
1016 -0.442970 
978 -0.442970 
1231 -0.462379 
1194 -0.462379 
1201 -0.462379 
715 -0.462379 
1227 -0.462379 
1184 -0.462379 
1291 -0.462379 
596 -0.462379 
44 -0.462379 
728 -0.462379 
1275 -0.462379 
1223 -0.462379 
1265 -0.462379 
682 -0.462379 
706 -0.462379 
2241 -0.462379 
702 -0.462379 
681 -0.462379 
1240 -0.462379 
2244 -0.462379 
1208 -0.462379 
674 -0.462379 
673 -0.462379 
858 -0.462379 
1023 -0.462379 
837 -0.462379 
1010 -0.462379 
848 -0.462379 
850 -0.462379 
6 -0.462379 
2295 -0.462379 
857 -0.462379 
1036 -0.462379 
970 -0.462379 
964 -0.462379 
5 -0.462379 
941 -0.462379 
2307 -0.462379 
920 -0.462379 
916 -0.462379 
909 -0.462379 
1140 -0.462379 
2254 -0.462379 
30 -0.462379 
1153 -0.462379 
1152 -0.462379 
1147 -0.462379 
741 -0.462379 
2261 -0.462379 
1143 -0.462379 
729 -0.462379 
760 -0.462379 
765 -0.462379 
1094 -0.462379 
1065 -0.462379 
814 -0.462379 
828 -0.462379 
1037 -0.462379 
2279 -0.462379 
1711 -0.462379 
272 -0.462379 
280 -0.462379 
304 -0.462379 
1822 -0.462379 
1820 -0.462379 
1815 -0.462379 
1792 -0.462379 
365 -0.462379 
1740 -0.462379 
1732 -0.462379 
1722 -0.462379 
2124 -0.462379 
1692 -0.462379 
1681 -0.462379 
1676 -0.462379 
404 -0.462379 
1667 -0.462379 
1663 -0.462379 
418 -0.462379 
424 -0.462379 
430 -0.462379 
1637 -0.462379 
1979 -0.462379 
126 -0.462379 
2078 -0.462379 
2053 -0.462379 
153 -0.462379 
155 -0.462379 
157 -0.462379 
186 -0.462379 
1997 -0.462379 
1988 -0.462379 
194 -0.462379 
2156 -0.462379 
1971 -0.462379 
1958 -0.462379 
1949 -0.462379 
1920 -0.462379 
2115 -0.462379 
238 -0.462379 
1906 -0.462379 
1903 -0.462379 
250 -0.462379 
264 -0.462379 
627 -0.462379 
580 -0.462379 
1405 -0.462379 
584 -0.462379 
1394 -0.462379 
66 -0.462379 
1389 -0.462379 
1379 -0.462379 
609 -0.462379 
1353 -0.462379 
60 -0.462379 
1339 -0.462379 
1438 -0.462379 
57 -0.462379 
1323 -0.462379 
643 -0.462379 
54 -0.462379 
1313 -0.462379 
1310 -0.462379 
2219 -0.462379 
52 -0.462379 
1307 -0.462379 
1303 -0.462379 
1509 -0.462379 
438 -0.462379 
440 -0.462379 
1617 -0.462379 
1614 -0.462379 
1611 -0.462379 
1605 -0.462379 
1586 -0.462379 
482 -0.462379 
1554 -0.462379 
1526 -0.462379 
653 -0.462379 
545 -0.462379 
1478 -0.462379 
552 -0.462379 
1473 -0.462379 
1469 -0.462379 
1459 -0.462379 
1455 -0.462379 
1453 -0.462379 
563 -0.462379 
1442 -0.462379 
