1440 1
142 0.455151 
499 0.455151 
1341 0.455151 
574 0.455151 
323 0.455151 
322 0.455151 
573 0.455151 
1143 0.455151 
33 0.455151 
34 0.455151 
35 0.455151 
375 0.455151 
406 0.455151 
141 0.455151 
512 0.455151 
140 0.455151 
511 0.455151 
510 0.455151 
500 0.455151 
992 0.455151 
497 0.455151 
820 0.455151 
668 0.455151 
667 0.455151 
930 0.455151 
498 0.455151 
1056 0.455151 
776 0.455151 
1385 0.455151 
1050 0.455151 
858 0.455151 
327 0.455151 
70 0.448064 
725 0.448064 
548 0.448064 
981 0.448064 
398 0.448064 
69 0.448064 
68 0.448064 
218 0.448064 
608 0.401291 
259 0.401291 
1419 0.401291 
1244 0.401291 
410 0.401291 
1104 0.401291 
1186 0.401291 
819 0.401291 
1114 0.401291 
1190 0.401291 
774 0.401291 
845 0.396669 
1227 0.396669 
1228 0.396669 
1206 0.396669 
1011 0.396669 
688 0.396669 
687 0.396669 
596 0.396669 
686 0.396669 
680 0.396669 
256 0.396669 
1317 0.396669 
963 0.396669 
744 0.396669 
152 0.396669 
151 0.396669 
1230 0.396669 
150 0.396669 
926 0.396669 
348 0.396669 
883 0.396669 
872 0.396669 
300 0.396669 
1293 0.396669 
297 0.396669 
1276 0.396669 
347 0.396669 
55 0.396669 
56 0.396669 
57 0.396669 
293 0.396669 
292 0.396669 
187 0.352838 
391 0.352838 
115 0.352838 
261 0.352838 
904 0.352838 
929 0.352838 
586 0.352838 
689 0.352838 
720 0.352838 
721 0.352838 
986 0.352838 
722 0.352838 
429 0.352838 
1294 0.352838 
1269 0.352838 
999 0.342461 
749 0.337539 
1009 0.337539 
169 0.337539 
829 0.337539 
334 0.337539 
517 0.337539 
1406 0.337539 
1144 0.337539 
1402 0.337539 
1401 0.337539 
1400 0.337539 
1393 0.318911 
1348 0.318911 
1347 0.318911 
1356 0.318911 
973 0.318911 
1363 0.318911 
446 0.318911 
420 0.318911 
818 0.318911 
1392 0.318911 
674 0.318911 
673 0.318911 
672 0.318911 
831 0.318911 
1085 0.318911 
648 0.318911 
1083 0.318911 
1082 0.318911 
838 0.318911 
1070 0.318911 
318 0.309002 
144 0.309002 
1327 0.309002 
1331 0.309002 
1340 0.309002 
370 0.309002 
766 0.309002 
767 0.309002 
787 0.309002 
1387 0.309002 
788 0.309002 
915 0.309002 
1388 0.309002 
815 0.309002 
1073 0.309002 
1046 0.309002 
1047 0.309002 
1118 0.309002 
1015 0.309002 
1117 0.309002 
605 0.309002 
698 0.309002 
1152 0.309002 
1003 0.309002 
1002 0.309002 
1153 0.309002 
484 0.309002 
401 0.309002 
607 0.309002 
143 0.309002 
603 0.308967 
249 0.308967 
814 0.308967 
1414 0.308967 
1099 0.308967 
1374 0.308967 
1373 0.308967 
1372 0.308967 
1109 0.308967 
769 0.308967 
441 0.308967 
365 0.275126 
923 0.275126 
810 0.275126 
265 0.275126 
267 0.275126 
580 0.275126 
559 0.275126 
693 0.275126 
694 0.275126 
558 0.275126 
731 0.275126 
730 0.275126 
728 0.275126 
316 0.275126 
905 0.275126 
1330 0.275126 
1323 0.275126 
913 0.275126 
968 0.275126 
990 0.275126 
1316 0.275126 
89 0.275126 
1041 0.275126 
74 0.275126 
79 0.275126 
1412 0.275126 
843 0.275126 
78 0.275126 
483 0.271871 
1307 0.271871 
1303 0.271871 
1000 0.271871 
735 0.271871 
1302 0.271871 
481 0.271871 
482 0.271871 
47 0.231073 
833 0.231073 
46 0.231073 
45 0.231073 
832 0.231073 
711 0.231073 
980 0.231073 
972 0.231073 
975 0.231073 
1051 0.218721 
130 0.218721 
131 0.218721 
132 0.218721 
897 0.218721 
740 0.218721 
747 0.218721 
748 0.218721 
1332 0.215315 
557 0.215315 
1045 0.215315 
906 0.215315 
690 0.215315 
73 0.215315 
556 0.215315 
691 0.215315 
692 0.215315 
438 0.215315 
555 0.215315 
1318 0.215315 
1335 0.215315 
266 0.215315 
87 0.215315 
1326 0.215315 
957 0.215315 
958 0.215315 
86 0.215315 
967 0.215315 
811 0.215315 
729 0.215315 
88 0.215315 
366 0.215315 
996 0.215315 
71 0.215315 
400 0.215315 
72 0.215315 
1218 0.181655 
1080 0.181655 
1123 0.181655 
1066 0.181655 
530 0.181655 
445 0.181655 
10 0.181655 
878 0.181655 
830 0.181655 
11 0.181655 
12 0.181655 
868 0.181655 
867 0.181655 
1355 0.181655 
386 0.181655 
983 0.181655 
846 0.181655 
116 0.181655 
374 0.127123 
238 0.127123 
1034 0.127123 
359 0.127123 
1059 0.127123 
285 0.108666 
1102 0.108666 
331 0.108666 
1236 0.108666 
1262 0.108666 
1263 0.108666 
1281 0.108666 
1296 0.108666 
955 0.108666 
112 0.108666 
111 0.108666 
110 0.108666 
113 0.108666 
114 0.108666 
675 0.108666 
1030 0.108666 
650 0.108666 
1057 0.108666 
708 0.108666 
1058 0.108666 
709 0.108666 
937 0.108666 
928 0.108666 
927 0.108666 
796 0.108666 
202 0.108666 
201 0.108666 
200 0.108666 
813 0.108666 
908 0.108666 
870 0.108666 
1424 0.096468 
779 0.096468 
411 0.096468 
824 0.096468 
613 0.096468 
1119 0.096468 
1124 0.096468 
294 0.096468 
1191 0.096468 
1240 0.082454 
543 0.082454 
1181 0.082454 
544 0.082454 
1138 0.082454 
561 0.082454 
565 0.082454 
566 0.082454 
567 0.082454 
1 0.082454 
1339 0.082454 
1131 0.082454 
654 0.082454 
750 0.082454 
1110 0.082454 
1004 0.082454 
462 0.082454 
461 0.082454 
460 0.082454 
456 0.082454 
295 0.082454 
96 0.082454 
0 0.082454 
2 0.082454 
237 0.082454 
656 0.080280 
356 0.080280 
1254 0.080280 
884 0.080280 
885 0.080280 
844 0.080280 
886 0.080280 
1425 0.080280 
887 0.080280 
888 0.080280 
1188 0.080280 
409 0.080280 
319 0.080280 
1184 0.080280 
1201 0.072601 
1202 0.072601 
934 0.072601 
304 0.072601 
416 0.072601 
634 0.072601 
1219 0.072601 
1196 0.072601 
804 0.072601 
1200 0.072601 
1134 0.072601 
1434 0.072601 
554 0.071953 
911 0.071953 
82 0.071953 
81 0.071953 
772 0.071953 
64 0.071953 
576 0.071953 
488 0.071953 
487 0.071953 
545 0.071953 
80 0.071953 
63 0.071953 
802 0.060445 
795 0.060445 
1273 0.060445 
1231 0.060445 
938 0.060445 
678 0.060445 
281 0.060445 
1272 0.060445 
1107 0.060445 
768 0.060445 
472 0.060445 
865 0.060445 
1103 0.060445 
1108 0.060445 
1295 0.060445 
1251 0.060445 
1297 0.060445 
392 0.060445 
1042 0.060445 
1033 0.060445 
1027 0.060445 
1026 0.060445 
357 0.060445 
358 0.060445 
330 0.060445 
1023 0.060445 
1022 0.060445 
127 0.060445 
328 0.060445 
128 0.060445 
611 0.060445 
951 0.060445 
676 0.060445 
677 0.060445 
382 0.060445 
642 0.060445 
1384 0.058477 
271 0.058477 
564 0.058477 
1312 0.058477 
684 0.058477 
1054 0.058477 
624 0.058477 
434 0.058477 
209 0.058477 
1089 0.058477 
442 0.053817 
1150 0.053817 
781 0.053817 
443 0.053817 
444 0.053817 
1261 0.053817 
1193 0.053817 
1092 0.053817 
1170 0.053817 
1093 0.053817 
546 0.053817 
206 0.053817 
970 0.053817 
866 0.053817 
175 0.053817 
60 0.053817 
412 0.053817 
626 0.053817 
1122 0.053817 
1171 0.053817 
1213 0.053817 
1212 0.053817 
1211 0.053817 
234 0.053817 
233 0.053817 
933 0.053817 
1333 0.053817 
1115 0.053817 
636 0.053817 
1172 0.053817 
61 0.053817 
1087 0.053817 
1187 0.053817 
62 0.053817 
932 0.053817 
577 -0.000311 
754 -0.000311 
1149 -0.000311 
834 -0.000311 
1069 -0.000311 
339 -0.000311 
1410 -0.000311 
179 -0.000311 
149 -0.001939 
664 -0.001939 
587 -0.001939 
349 -0.001939 
474 -0.001939 
270 -0.001939 
1049 -0.001939 
1084 -0.001939 
1371 -0.001939 
572 -0.006243 
1162 -0.006243 
1163 -0.006243 
571 -0.006243 
1078 -0.006243 
1345 -0.006243 
501 -0.006243 
32 -0.006243 
1338 -0.006243 
1328 -0.006243 
1386 -0.006243 
1158 -0.006243 
31 -0.006243 
30 -0.006243 
376 -0.006243 
852 -0.006243 
825 -0.006243 
1354 -0.006243 
1067 -0.006243 
1353 -0.006243 
1088 -0.006243 
821 -0.006243 
842 -0.006243 
853 -0.006243 
1060 -0.006243 
425 -0.006243 
1061 -0.006243 
421 -0.006243 
570 -0.006243 
146 -0.019874 
1126 -0.019874 
278 -0.019874 
964 -0.019874 
1279 -0.019874 
670 -0.019874 
1309 -0.019874 
939 -0.019874 
396 -0.019874 
494 -0.019874 
489 -0.019874 
591 -0.023762 
1063 -0.023762 
665 -0.023762 
1006 -0.023762 
1062 -0.023762 
1277 -0.023762 
791 -0.023762 
1271 -0.023762 
1268 -0.023762 
213 -0.023762 
1282 -0.023762 
1267 -0.023762 
1283 -0.023762 
214 -0.023762 
220 -0.023762 
739 -0.023762 
148 -0.023762 
76 -0.023762 
917 -0.023762 
1313 -0.023762 
920 -0.023762 
1314 -0.023762 
1182 -0.023762 
246 -0.023762 
1183 -0.023762 
1220 -0.023762 
75 -0.023762 
1217 -0.023762 
1160 -0.023762 
77 -0.023762 
1168 -0.023762 
291 -0.023762 
3 -0.027769 
95 -0.027769 
85 -0.027769 
575 -0.027769 
97 -0.027769 
4 -0.027769 
519 -0.027769 
1091 -0.027769 
953 -0.027769 
632 -0.027769 
84 -0.027769 
922 -0.027769 
912 -0.027769 
83 -0.027769 
773 -0.027769 
943 -0.027769 
910 -0.027769 
633 -0.027769 
948 -0.027769 
637 -0.027769 
368 -0.030856 
876 -0.030856 
41 -0.030856 
1086 -0.030856 
862 -0.030856 
516 -0.030856 
367 -0.030856 
250 -0.030856 
1391 -0.030856 
40 -0.030856 
372 -0.030856 
244 -0.030856 
518 -0.030856 
243 -0.030856 
447 -0.030856 
448 -0.030856 
42 -0.030856 
746 -0.039836 
531 -0.039836 
1130 -0.039836 
890 -0.039836 
891 -0.039836 
1376 -0.039836 
455 -0.039836 
892 -0.039836 
1398 -0.039836 
158 -0.039836 
290 -0.039836 
1399 -0.039836 
463 -0.039836 
1180 -0.039836 
464 -0.039836 
1095 -0.039836 
649 -0.039836 
994 -0.039836 
129 -0.039836 
1334 -0.039836 
991 -0.045804 
240 -0.045804 
241 -0.045804 
242 -0.045804 
726 -0.045804 
65 -0.045804 
67 -0.045804 
66 -0.045804 
289 -0.064157 
789 -0.064157 
351 -0.064157 
1239 -0.064157 
869 -0.064157 
1169 -0.064157 
1420 -0.064157 
889 -0.064157 
614 -0.064157 
399 -0.064157 
1197 -0.064157 
1198 -0.064157 
1415 -0.075912 
279 -0.075912 
1229 -0.075912 
859 -0.075912 
389 -0.075912 
764 -0.075912 
346 -0.075912 
604 -0.075912 
1159 -0.075912 
1359 -0.075912 
771 -0.077183 
312 -0.077183 
1097 -0.077183 
433 -0.077183 
816 -0.077183 
916 -0.077183 
337 -0.077183 
405 -0.077183 
823 -0.077183 
313 -0.077183 
697 -0.077183 
1098 -0.077183 
437 -0.077183 
432 -0.077183 
778 -0.077183 
777 -0.077183 
822 -0.077183 
317 -0.077183 
371 -0.077183 
612 -0.077183 
606 -0.077183 
262 -0.077183 
263 -0.077183 
1336 -0.077183 
1016 -0.077183 
264 -0.077183 
514 -0.077183 
513 -0.077183 
1068 -0.077183 
338 -0.077183 
1380 -0.077183 
1192 -0.077183 
1055 -0.077183 
117 -0.109254 
855 -0.109254 
469 -0.109254 
118 -0.109254 
302 -0.109254 
601 -0.109254 
303 -0.109254 
276 -0.109254 
1383 -0.109254 
1246 -0.109254 
1290 -0.109254 
305 -0.109254 
1021 -0.109254 
1358 -0.109254 
1357 -0.109254 
1379 -0.109254 
1253 -0.109254 
1257 -0.109254 
1258 -0.109254 
307 -0.109254 
1382 -0.109254 
397 -0.109254 
898 -0.109254 
647 -0.109254 
1221 -0.109254 
643 -0.109254 
770 -0.109254 
946 -0.109254 
918 -0.109254 
682 -0.109254 
44 -0.117014 
515 -0.117014 
38 -0.117014 
251 -0.117014 
1381 -0.117014 
947 -0.117014 
638 -0.117014 
43 -0.117014 
504 -0.117014 
1081 -0.117014 
37 -0.117014 
1072 -0.117014 
863 -0.117014 
36 -0.117014 
875 -0.117014 
253 -0.117014 
877 -0.117014 
252 -0.117014 
177 -0.117014 
882 -0.117014 
198 -0.119679 
807 -0.119679 
54 -0.119679 
552 -0.119679 
103 -0.119679 
805 -0.119679 
1043 -0.119679 
450 -0.119679 
798 -0.119679 
551 -0.119679 
1052 -0.119679 
1053 -0.119679 
553 -0.119679 
895 -0.119679 
1315 -0.119679 
1423 -0.119679 
311 -0.119679 
965 -0.119679 
104 -0.119679 
360 -0.119679 
713 -0.119679 
525 -0.119679 
526 -0.119679 
1300 -0.119679 
527 -0.119679 
1036 -0.119679 
225 -0.119679 
197 -0.119679 
50 -0.137504 
137 -0.137504 
48 -0.137504 
138 -0.137504 
147 -0.137504 
982 -0.137504 
976 -0.137504 
921 -0.137504 
710 -0.137504 
49 -0.137504 
542 -0.155453 
107 -0.155453 
343 -0.155453 
8 -0.155453 
1019 -0.155453 
105 -0.155453 
1185 -0.155453 
320 -0.155453 
931 -0.155453 
594 -0.155453 
479 -0.155453 
1111 -0.155453 
1128 -0.155453 
9 -0.155453 
495 -0.155453 
496 -0.155453 
1133 -0.155453 
1135 -0.155453 
1132 -0.155453 
751 -0.155453 
470 -0.155453 
540 -0.155453 
541 -0.155453 
1137 -0.160739 
1140 -0.160739 
493 -0.160739 
617 -0.160739 
491 -0.160739 
417 -0.160739 
475 -0.160739 
418 -0.160739 
363 -0.160739 
492 -0.160739 
362 -0.160739 
1245 -0.160739 
560 -0.160739 
18 -0.160739 
184 -0.160739 
125 -0.160739 
333 -0.160739 
325 -0.160739 
161 -0.160739 
756 -0.160739 
616 -0.160739 
1100 -0.160739 
782 -0.160739 
19 -0.160739 
936 -0.160739 
162 -0.160739 
135 -0.160739 
160 -0.160739 
5 -0.161361 
321 -0.161361 
1038 -0.161361 
192 -0.161361 
191 -0.161361 
190 -0.161361 
977 -0.161361 
106 -0.161361 
1136 -0.161361 
163 -0.161361 
615 -0.161361 
978 -0.161361 
1024 -0.161361 
164 -0.161361 
935 -0.161361 
1120 -0.161361 
477 -0.161361 
1096 -0.161361 
342 -0.161361 
1127 -0.161361 
755 -0.161361 
783 -0.161361 
792 -0.161361 
476 -0.161361 
6 -0.161361 
478 -0.161361 
7 -0.161361 
471 -0.161361 
28 -0.180137 
619 -0.180137 
592 -0.180137 
1319 -0.180137 
742 -0.180137 
1366 -0.180137 
696 -0.180137 
1175 -0.180137 
701 -0.180137 
29 -0.180137 
215 -0.180137 
984 -0.180137 
188 -0.180137 
435 -0.180137 
893 -0.200857 
229 -0.200857 
119 -0.200857 
108 -0.200857 
1329 -0.200857 
1214 -0.200857 
745 -0.200857 
894 -0.200857 
247 -0.200857 
248 -0.200857 
989 -0.200857 
644 -0.200857 
216 -0.200857 
1370 -0.200857 
1176 -0.200857 
1375 -0.200857 
436 -0.200857 
427 -0.200857 
1116 -0.200857 
959 -0.201099 
1101 -0.202851 
413 -0.202851 
1141 -0.202851 
17 -0.202851 
851 -0.202851 
408 -0.202851 
15 -0.202851 
407 -0.202851 
183 -0.202851 
326 -0.202851 
136 -0.202851 
24 -0.202851 
940 -0.202851 
16 -0.202851 
23 -0.202851 
630 -0.202851 
1255 -0.202851 
760 -0.202851 
620 -0.202851 
182 -0.202851 
490 -0.202851 
181 -0.202851 
126 -0.202851 
657 -0.205929 
171 -0.205929 
635 -0.205929 
1260 -0.205929 
170 -0.205929 
1106 -0.205929 
1173 -0.205929 
507 -0.205929 
341 -0.205929 
1242 -0.205929 
505 -0.205929 
506 -0.205929 
166 -0.205929 
652 -0.205929 
653 -0.205929 
172 -0.205929 
1241 -0.205929 
780 -0.205929 
1146 -0.205929 
1007 -0.205929 
1008 -0.205929 
861 -0.205929 
1243 -0.205929 
625 -0.205929 
156 -0.205929 
960 -0.205929 
579 -0.209411 
224 -0.209411 
622 -0.209411 
786 -0.209411 
645 -0.209411 
623 -0.209411 
734 -0.209411 
1337 -0.209411 
1155 -0.209411 
716 -0.209411 
257 -0.209411 
195 -0.209411 
1210 -0.209411 
539 -0.209411 
1342 -0.209411 
1205 -0.209411 
1266 -0.209411 
58 -0.209411 
236 -0.209411 
1343 -0.209411 
59 -0.209411 
660 -0.209411 
403 -0.209411 
900 -0.209411 
733 -0.209411 
538 -0.209411 
402 -0.209411 
995 -0.209411 
581 -0.209411 
732 -0.209411 
582 -0.209411 
219 -0.216736 
669 -0.216736 
1409 -0.216736 
1094 -0.216736 
699 -0.216736 
1064 -0.216736 
440 -0.216736 
598 -0.216736 
799 -0.216985 
1204 -0.216985 
629 -0.216985 
1129 -0.216985 
1429 -0.216985 
1209 -0.216985 
1203 -0.216985 
299 -0.216985 
874 -0.216985 
1195 -0.216985 
415 -0.216985 
355 -0.218657 
314 -0.218657 
1421 -0.218657 
404 -0.218657 
794 -0.218657 
879 -0.218657 
1179 -0.218657 
1249 -0.218657 
655 -0.218657 
1397 -0.218657 
1418 -0.218657 
924 -0.229482 
178 -0.229482 
424 -0.229482 
260 -0.229482 
585 -0.229482 
1428 -0.229482 
1264 -0.229482 
1431 -0.229482 
985 -0.229482 
724 -0.229482 
1435 -0.229482 
723 -0.229482 
390 -0.229482 
1436 -0.229482 
1199 -0.229482 
1289 -0.229482 
899 -0.229482 
1145 -0.270509 
1174 -0.270509 
1178 -0.270509 
173 -0.270509 
700 -0.270509 
180 -0.270509 
857 -0.270509 
856 -0.270509 
1377 -0.270509 
1256 -0.270509 
1105 -0.270509 
1378 -0.270509 
761 -0.270509 
174 -0.270509 
987 -0.270509 
988 -0.270509 
508 -0.270509 
941 -0.270509 
165 -0.270509 
631 -0.270509 
621 -0.270509 
658 -0.270509 
155 -0.270509 
340 -0.270509 
509 -0.270509 
1177 -0.270509 
759 -0.282106 
1224 -0.282106 
1408 -0.282106 
345 -0.282106 
839 -0.282106 
1349 -0.282106 
384 -0.282106 
1407 -0.282106 
199 -0.282106 
1154 -0.282106 
599 -0.282106 
1411 -0.282106 
210 -0.299295 
753 -0.299295 
211 -0.299295 
1275 -0.299295 
212 -0.299295 
743 -0.299295 
154 -0.299295 
332 -0.299295 
153 -0.299295 
1222 -0.299295 
1223 -0.299295 
255 -0.299295 
1225 -0.299295 
925 -0.299295 
1322 -0.299295 
1321 -0.299295 
597 -0.299295 
1320 -0.299295 
595 -0.299295 
1232 -0.299295 
666 -0.299295 
1010 -0.299295 
296 -0.299295 
1247 -0.299295 
1161 -0.299295 
298 -0.299295 
1248 -0.299295 
840 -0.299295 
1164 -0.304358 
609 -0.304358 
1234 -0.304358 
394 -0.304358 
1416 -0.304358 
864 -0.304358 
784 -0.304358 
350 -0.304358 
284 -0.304358 
1364 -0.304358 
502 -0.307152 
99 -0.307152 
1139 -0.307152 
809 -0.307152 
1404 -0.307152 
309 -0.307152 
639 -0.307152 
1403 -0.307152 
1405 -0.307152 
969 -0.307152 
94 -0.308483 
465 -0.308483 
907 -0.308483 
715 -0.308483 
1305 -0.308483 
286 -0.308483 
707 -0.308483 
706 -0.308483 
705 -0.308483 
1031 -0.308483 
1285 -0.308483 
523 -0.308483 
524 -0.308483 
93 -0.308483 
335 -0.308483 
651 -0.308483 
124 -0.308483 
123 -0.308483 
1017 -0.308483 
903 -0.308483 
902 -0.308483 
871 -0.308483 
956 -0.308483 
185 -0.308483 
1148 -0.308483 
1147 -0.308483 
800 -0.308483 
1013 -0.308483 
451 -0.308483 
1142 -0.308483 
1018 -0.308483 
306 -0.310461 
1037 -0.310461 
383 -0.310461 
387 -0.310461 
473 -0.310461 
388 -0.310461 
280 -0.310461 
468 -0.310461 
467 -0.310461 
466 -0.310461 
1291 -0.310461 
803 -0.310461 
775 -0.310461 
763 -0.310461 
1252 -0.310461 
762 -0.310461 
1250 -0.310461 
860 -0.310461 
758 -0.310461 
757 -0.310461 
1226 -0.310461 
1298 -0.310461 
950 -0.310461 
1308 -0.310461 
1025 -0.310461 
1028 -0.310461 
1032 -0.310461 
610 -0.310461 
589 -0.329079 
949 -0.329079 
431 -0.329079 
159 -0.329079 
979 -0.329079 
1166 -0.329079 
452 -0.329079 
1311 -0.329079 
1365 -0.329079 
695 -0.329079 
702 -0.329079 
703 -0.329079 
704 -0.329079 
288 -0.329079 
737 -0.329079 
454 -0.329079 
453 -0.329079 
205 -0.329079 
1306 -0.333013 
1286 -0.333013 
1427 -0.333013 
1432 -0.333013 
1433 -0.333013 
336 -0.333013 
961 -0.333013 
428 -0.333013 
310 -0.333013 
120 -0.333013 
121 -0.333013 
122 -0.333013 
1035 -0.333013 
1012 -0.333013 
520 -0.333013 
521 -0.333013 
522 -0.333013 
529 -0.333013 
528 -0.333013 
618 -0.333013 
627 -0.333013 
628 -0.333013 
661 -0.333013 
793 -0.333013 
801 -0.333013 
808 -0.333013 
880 -0.333013 
812 -0.333013 
186 -0.333013 
91 -0.333013 
90 -0.333013 
422 -0.333013 
423 -0.333013 
92 -0.333013 
157 -0.336259 
1369 -0.336259 
1361 -0.336259 
39 -0.336259 
393 -0.336259 
503 -0.336259 
836 -0.336259 
167 -0.336259 
378 -0.336259 
377 -0.336259 
827 -0.336259 
1077 -0.336259 
828 -0.336259 
1076 -0.336259 
1344 -0.341320 
239 -0.341320 
659 -0.341320 
379 -0.341320 
274 -0.341320 
1074 -0.341320 
439 -0.341320 
364 -0.341320 
1394 -0.341320 
1039 -0.341320 
1439 -0.352622 
854 -0.352622 
1438 -0.352622 
919 -0.352622 
168 -0.352622 
329 -0.352622 
1437 -0.352622 
1430 -0.352622 
727 -0.352622 
1284 -0.352622 
258 -0.352622 
1194 -0.352622 
419 -0.352622 
385 -0.352622 
426 -0.363335 
254 -0.363335 
1396 -0.363335 
1395 -0.363335 
826 -0.363335 
485 -0.363335 
1390 -0.363335 
381 -0.363335 
1157 -0.363335 
1352 -0.363335 
1351 -0.363335 
1350 -0.363335 
1346 -0.363335 
663 -0.363335 
662 -0.363335 
25 -0.363335 
26 -0.363335 
27 -0.363335 
998 -0.363335 
1113 -0.363335 
1238 -0.363335 
1112 -0.363335 
1237 -0.363335 
1075 -0.363335 
1065 -0.363335 
997 -0.363335 
993 -0.363335 
841 -0.363335 
847 -0.363335 
235 -0.376785 
562 -0.376785 
232 -0.376785 
231 -0.376785 
1233 -0.376785 
942 -0.376785 
785 -0.376785 
230 -0.376785 
641 -0.376785 
563 -0.376785 
176 -0.376785 
952 -0.376785 
1167 -0.376785 
848 -0.376785 
583 -0.376785 
584 -0.376785 
971 -0.376785 
1151 -0.376785 
873 -0.376785 
1121 -0.376785 
640 -0.376785 
578 -0.376785 
881 -0.376785 
1265 -0.376785 
1005 -0.386384 
458 -0.386384 
536 -0.386384 
535 -0.386384 
646 -0.386384 
568 -0.386384 
1215 -0.386384 
1208 -0.386384 
683 -0.386384 
1207 -0.386384 
569 -0.386384 
1324 -0.386384 
901 -0.386384 
245 -0.386384 
590 -0.386384 
1270 -0.386384 
790 -0.386384 
457 -0.386384 
1156 -0.386384 
1278 -0.386384 
196 -0.386384 
223 -0.386384 
222 -0.386384 
221 -0.386384 
537 -0.386384 
738 -0.386384 
228 -0.389576 
1014 -0.389576 
369 -0.389576 
1029 -0.389576 
354 -0.389576 
1189 -0.391361 
712 -0.391361 
414 -0.391361 
1259 -0.391361 
1426 -0.391361 
914 -0.391361 
380 -0.391361 
98 -0.391361 
324 -0.391361 
849 -0.391361 
1125 -0.395257 
593 -0.395257 
954 -0.395257 
1389 -0.395257 
268 -0.395257 
1274 -0.395257 
909 -0.395257 
395 -0.395257 
145 -0.395257 
449 -0.395257 
1304 -0.395257 
269 -0.397323 
1079 -0.397323 
139 -0.397323 
1044 -0.397323 
344 -0.397323 
534 -0.397323 
459 -0.397323 
283 -0.400307 
549 -0.400307 
1165 -0.400307 
974 -0.400307 
944 -0.400307 
671 -0.400307 
189 -0.400307 
1310 -0.400307 
430 -0.400307 
717 -0.400307 
718 -0.400307 
719 -0.400307 
1299 -0.400307 
109 -0.400307 
1367 -0.421147 
1216 -0.421147 
1368 -0.421147 
308 -0.421147 
301 -0.421147 
1048 -0.421147 
13 -0.421147 
1020 -0.421147 
14 -0.421147 
1287 -0.421147 
602 -0.421147 
962 -0.421147 
945 -0.421147 
679 -0.421147 
681 -0.421147 
685 -0.421147 
1235 -0.421147 
1292 -0.421147 
1288 -0.421147 
275 -0.421147 
217 -0.421147 
752 -0.421147 
765 -0.421147 
208 -0.421147 
1280 -0.421147 
207 -0.421147 
204 -0.421147 
203 -0.421147 
850 -0.421147 
600 -0.421147 
1362 -0.421147 
736 -0.425412 
480 -0.425412 
1001 -0.425412 
272 -0.425412 
273 -0.425412 
282 -0.425412 
134 -0.425412 
133 -0.425412 
1417 -0.428805 
101 -0.428805 
100 -0.428805 
1413 -0.428805 
550 -0.428805 
1422 -0.428805 
547 -0.428805 
51 -0.428805 
797 -0.428805 
52 -0.428805 
806 -0.428805 
373 -0.428805 
53 -0.428805 
361 -0.428805 
194 -0.428805 
353 -0.428805 
352 -0.428805 
193 -0.428805 
315 -0.428805 
102 -0.428805 
1325 -0.428805 
966 -0.428805 
1040 -0.428805 
714 -0.428805 
1301 -0.428805 
896 -0.428805 
226 -0.428805 
227 -0.428805 
287 -0.481734 
277 -0.481734 
588 -0.481734 
741 -0.481734 
533 -0.485963 
22 -0.485963 
20 -0.485963 
532 -0.485963 
817 -0.485963 
21 -0.485963 
1090 -0.485963 
486 -0.485963 
1071 -0.485963 
1360 -0.485963 
835 -0.485963 
837 -0.485963 
