3072 1
1107 1.445832 
1100 1.429764 
2636 1.367594 
2643 1.340360 
332 1.241908 
212 1.144206 
339 1.143993 
195 1.118819 
2499 1.063261 
980 1.057486 
1124 1.050385 
231 1.048466 
1868 1.041186 
2516 0.958315 
963 0.958096 
1748 0.935643 
1875 0.933515 
2655 0.891048 
1131 0.854733 
2535 0.828884 
1143 0.819057 
2660 0.817504 
999 0.811175 
1119 0.778580 
351 0.765562 
1088 0.755312 
1136 0.753763 
2679 0.751864 
1095 0.741926 
2672 0.730768 
1112 0.717720 
224 0.716540 
2684 0.706977 
1731 0.700864 
2667 0.697822 
1148 0.697809 
375 0.681076 
320 0.670800 
2528 0.668780 
992 0.632126 
1887 0.627871 
1767 0.615628 
368 0.612198 
356 0.611252 
380 0.598831 
2624 0.596935 
363 0.574982 
1892 0.574796 
1911 0.553088 
2583 0.530208 
200 0.525543 
2631 0.522091 
2648 0.485576 
1904 0.468954 
968 0.460168 
219 0.458195 
1916 0.450234 
207 0.444120 
1760 0.436625 
987 0.435092 
279 0.416325 
243 0.366270 
327 0.364067 
1899 0.363615 
1004 0.346364 
2763 0.342627 
1815 0.338091 
236 0.337910 
1856 0.336504 
2756 0.334300 
1047 0.317505 
452 0.312800 
1011 0.309721 
2564 0.308712 
975 0.306313 
1016 0.285979 
344 0.284804 
1028 0.282365 
1988 0.259735 
471 0.252963 
459 0.240890 
2547 0.240770 
1880 0.215136 
260 0.209423 
2511 0.194666 
2372 0.192724 
248 0.192391 
2504 0.187730 
2523 0.176345 
1035 0.147388 
2775 0.124786 
2540 0.112978 
267 0.096991 
2552 0.089032 
2595 0.073971 
2391 0.071990 
1863 0.054685 
2571 0.048787 
291 0.039670 
836 0.039336 
1059 0.038179 
1736 0.027617 
1076 0.022025 
1099 0.021118 
2379 0.015084 
716 0.014355 
1755 -0.000852 
2007 -0.019296 
1796 -0.022350 
1784 -0.025786 
308 -0.026325 
1995 -0.030781 
1779 -0.062563 
1803 -0.065294 
211 -0.104851 
2755 -0.105506 
331 -0.116992 
1851 -0.130472 
2612 -0.131898 
855 -0.132743 
2635 -0.155876 
1098 -0.164398 
315 -0.181888 
2371 -0.197954 
843 -0.211589 
210 -0.235799 
1604 -0.241322 
2634 -0.267269 
255 -0.270178 
715 -0.271723 
1064 -0.272012 
2645 -0.273353 
1772 -0.279495 
1987 -0.282359 
330 -0.283386 
1743 -0.292957 
1083 -0.293212 
67 -0.295597 
2526 -0.300580 
451 -0.302193 
2619 -0.311150 
978 -0.318093 
979 -0.318503 
1746 -0.321944 
1827 -0.322089 
1023 -0.327049 
1867 -0.328294 
835 -0.339535 
2403 -0.343854 
197 -0.346700 
579 -0.355307 
259 -0.356714 
3019 -0.357100 
2754 -0.357722 
450 -0.360558 
1940 -0.360655 
423 -0.370526 
1844 -0.372635 
233 -0.373972 
1986 -0.381235 
1052 -0.386288 
2894 -0.389274 
2514 -0.391840 
1603 -0.392317 
615 -0.397109 
2501 -0.405995 
483 -0.411980 
2151 -0.419699 
2727 -0.420185 
1484 -0.425058 
66 -0.426023 
140 -0.426070 
1795 -0.426183 
2370 -0.436043 
2252 -0.444266 
2307 -0.452730 
2420 -0.455066 
1959 -0.455493 
2515 -0.459643 
714 -0.459664 
222 -0.462935 
884 -0.465673 
1491 -0.467616 
1611 -0.467717 
3033 -0.470351 
1623 -0.481122 
3049 -0.481931 
2905 -0.482161 
2787 -0.486253 
1832 -0.489280 
500 -0.489372 
1239 -0.491916 
1001 -0.493337 
2537 -0.495533 
223 -0.504389 
2777 -0.504487 
387 -0.508968 
1676 -0.509316 
1220 -0.511743 
2563 -0.516212 
2251 -0.516821 
1483 -0.518249 
2893 -0.522406 
1866 -0.526420 
2444 -0.526423 
1769 -0.527526 
723 -0.529584 
1227 -0.530001 
1108 -0.533031 
3013 -0.536411 
196 -0.541040 
2131 -0.541535 
2562 -0.543168 
1027 -0.545504 
2720 -0.547016 
281 -0.548243 
1747 -0.551828 
908 -0.551924 
499 -0.555669 
1808 -0.557260 
2130 -0.560326 
1347 -0.561597 
2804 -0.563973 
990 -0.564129 
473 -0.569305 
1109 -0.574900 
2803 -0.579145 
2527 -0.582256 
306 -0.582522 
2691 -0.585250 
99 -0.589757 
834 -0.590761 
1026 -0.592100 
3035 -0.592234 
524 -0.598550 
1839 -0.598856 
2891 -0.599396 
341 -0.599554 
1268 -0.600273 
1383 -0.603258 
1191 -0.604112 
3018 -0.607632 
883 -0.608497 
3050 -0.608911 
663 -0.610082 
2393 -0.610133 
788 -0.613671 
115 -0.616787 
3034 -0.617375 
882 -0.618081 
404 -0.620076 
272 -0.622224 
2019 -0.623333 
1575 -0.624725 
2009 -0.625070 
416 -0.627378 
1411 -0.629219 
2776 -0.631149 
2942 -0.632055 
340 -0.634622 
2911 -0.635036 
2036 -0.635471 
2419 -0.635728 
366 -0.635990 
1556 -0.638726 
68 -0.638773 
2892 -0.640751 
2573 -0.643531 
2132 -0.644593 
139 -0.647013 
2940 -0.650414 
1923 -0.650924 
1791 -0.651766 
2765 -0.652888 
2600 -0.654701 
2381 -0.657674 
2910 -0.660468 
2588 -0.661574 
1602 -0.663216 
1364 -0.663781 
857 -0.663784 
75 -0.663944 
2179 -0.664023 
2060 -0.670122 
3045 -0.672067 
1122 -0.672370 
2885 -0.672815 
87 -0.673219 
1218 -0.673638 
114 -0.673790 
1652 -0.674818 
1219 -0.675127 
258 -0.675504 
1794 -0.675701 
3047 -0.676081 
3029 -0.679487 
1554 -0.679720 
3014 -0.680486 
3012 -0.684507 
2671 -0.684522 
964 -0.686346 
2921 -0.686768 
644 -0.686891 
594 -0.690008 
1049 -0.690454 
2418 -0.691427 
2115 -0.691928 
2889 -0.692045 
2180 -0.692784 
3 -0.692857 
595 -0.693664 
2059 -0.697420 
606 -0.698513 
643 -0.698942 
2708 -0.699330 
2500 -0.699430 
2906 -0.699554 
2153 -0.702301 
1123 -0.702842 
1817 -0.703104 
2559 -0.705740 
2947 -0.706756 
1482 -0.710942 
2802 -0.712238 
1135 -0.713197 
2890 -0.714549 
531 -0.714575 
2187 -0.715987 
284 -0.717929 
991 -0.719163 
2443 -0.721600 
1758 -0.722597 
2142 -0.723352 
2343 -0.723438 
1071 -0.723955 
2644 -0.725155 
1759 -0.726050 
461 -0.726153 
440 -0.726425 
617 -0.726832 
651 -0.726909 
2884 -0.729572 
3037 -0.732066 
1625 -0.735412 
147 -0.737538 
3036 -0.738032 
2764 -0.738348 
2898 -0.738540 
296 -0.739308 
771 -0.739879 
2585 -0.740282 
2125 -0.740368 
1877 -0.740839 
725 -0.740852 
3009 -0.744047 
1577 -0.745026 
2259 -0.753486 
2427 -0.754707 
2584 -0.756187 
498 -0.756702 
1419 -0.760031 
2336 -0.760402 
1733 -0.760810 
1074 -0.761448 
3038 -0.763127 
1842 -0.763548 
2969 -0.764115 
2250 -0.764387 
2174 -0.765287 
1952 -0.767002 
2345 -0.769852 
1363 -0.770119 
1075 -0.771618 
2899 -0.772060 
3061 -0.773407 
39 -0.773486 
745 -0.774440 
1374 -0.774763 
1385 -0.774830 
425 -0.777589 
965 -0.778990 
2067 -0.781326 
116 -0.781391 
686 -0.782169 
1431 -0.782339 
2334 -0.782799 
652 -0.783665 
1997 -0.784571 
590 -0.784891 
2941 -0.786197 
638 -0.786221 
1458 -0.787871 
807 -0.789155 
2035 -0.789432 
1040 -0.791211 
1155 -0.791354 
1903 -0.793312 
3011 -0.794584 
1358 -0.794606 
587 -0.798337 
77 -0.798403 
2034 -0.798465 
564 -0.799480 
2729 -0.799923 
1539 -0.801818 
2199 -0.802240 
2178 -0.804155 
2451 -0.804297 
2126 -0.804651 
704 -0.804714 
2926 -0.805661 
2610 -0.805952 
1555 -0.806911 
2693 -0.807677 
1292 -0.808138 
1852 -0.808987 
3028 -0.809896 
580 -0.812728 
232 -0.813257 
2827 -0.814106 
751 -0.815808 
1037 -0.816836 
460 -0.817149 
709 -0.819777 
2188 -0.820630 
3046 -0.821348 
1939 -0.822170 
930 -0.822504 
435 -0.822908 
19 -0.824514 
637 -0.825342 
307 -0.825820 
2043 -0.827354 
2281 -0.829038 
2324 -0.829754 
1433 -0.830372 
355 -0.830493 
1876 -0.831683 
1659 -0.832290 
2927 -0.832833 
2707 -0.833035 
2144 -0.833370 
2994 -0.833794 
18 -0.834107 
89 -0.834328 
1492 -0.835430 
1362 -0.835737 
2718 -0.835883 
3059 -0.836646 
367 -0.836927 
2124 -0.837120 
2988 -0.837270 
2318 -0.838585 
3069 -0.839435 
581 -0.839461 
2286 -0.840646 
724 -0.841647 
523 -0.842051 
786 -0.842832 
2245 -0.843034 
1710 -0.845512 
845 -0.845671 
2611 -0.845877 
1291 -0.846086 
1000 -0.846898 
3010 -0.847558 
2706 -0.849643 
1635 -0.850253 
1048 -0.850853 
303 -0.852006 
2492 -0.852502 
3048 -0.852838 
403 -0.853216 
1267 -0.854790 
915 -0.854840 
616 -0.856842 
690 -0.857655 
269 -0.858473 
750 -0.858777 
867 -0.858807 
798 -0.859154 
1145 -0.860296 
1568 -0.860503 
1170 -0.860582 
1938 -0.860818 
607 -0.861401 
558 -0.862453 
1732 -0.864916 
589 -0.864949 
1134 -0.864964 
485 -0.864965 
2360 -0.867383 
1497 -0.867824 
2152 -0.867838 
601 -0.874048 
1650 -0.874671 
1376 -0.875245 
2309 -0.875722 
2597 -0.876456 
2315 -0.877003 
1493 -0.878318 
1675 -0.878324 
2117 -0.878560 
1459 -0.878683 
2452 -0.879476 
2471 -0.879980 
2572 -0.880719 
472 -0.880824 
2536 -0.881528 
3058 -0.882053 
2828 -0.882096 
1412 -0.884955 
2789 -0.885155 
2096 -0.885797 
2222 -0.885943 
1229 -0.887067 
1820 -0.887540 
743 -0.888557 
2405 -0.889999 
907 -0.890010 
174 -0.890287 
1266 -0.892269 
2607 -0.892396 
2103 -0.893030 
2116 -0.893104 
1961 -0.894904 
1172 -0.895241 
2137 -0.896026 
1305 -0.897355 
596 -0.898140 
2985 -0.899387 
2925 -0.899612 
2719 -0.899741 
2359 -0.900150 
1950 -0.901795 
1283 -0.902105 
3071 -0.902199 
11 -0.902976 
2956 -0.903566 
1805 -0.903593 
1375 -0.903800 
2173 -0.904381 
1612 -0.905648 
2683 -0.905771 
1251 -0.906752 
2920 -0.906821 
653 -0.907989 
1683 -0.908495 
2279 -0.908580 
2734 -0.908881 
2576 -0.909511 
154 -0.910057 
692 -0.910121 
921 -0.911429 
1184 -0.912283 
800 -0.913109 
2282 -0.913644 
553 -0.913947 
1902 -0.914561 
1566 -0.914608 
1182 -0.915630 
415 -0.915683 
729 -0.916122 
2260 -0.917285 
2835 -0.919803 
1348 -0.920325 
354 -0.921199 
809 -0.921708 
1262 -0.923099 
1406 -0.923524 
2793 -0.924159 
2329 -0.924202 
76 -0.925459 
14 -0.925812 
30 -0.926738 
608 -0.926874 
691 -0.927283 
782 -0.927356 
2904 -0.928887 
2380 -0.928921 
2404 -0.929144 
2811 -0.930742 
1513 -0.931237 
1996 -0.931451 
2978 -0.931460 
1384 -0.931677 
1241 -0.932872 
134 -0.932983 
1164 -0.933751 
2435 -0.936837 
2930 -0.937005 
560 -0.937434 
1063 -0.937968 
2322 -0.938134 
2974 -0.938348 
2 -0.938751 
1299 -0.940218 
41 -0.941476 
1976 -0.942777 
1015 -0.942948 
1447 -0.943083 
1147 -0.943248 
681 -0.943767 
167 -0.944422 
731 -0.944981 
1193 -0.945018 
268 -0.945024 
1477 -0.946222 
2700 -0.946374 
2364 -0.947050 
585 -0.947341 
588 -0.947745 
2323 -0.947789 
1240 -0.948841 
2143 -0.950031 
2623 -0.950768 
2826 -0.951309 
2692 -0.952212 
916 -0.952347 
2876 -0.952542 
2948 -0.953008 
1454 -0.953149 
1843 -0.953641 
1420 -0.953971 
2008 -0.954906 
1890 -0.955633 
2903 -0.956298 
1301 -0.957779 
1651 -0.958102 
773 -0.958374 
2967 -0.958980 
2989 -0.959837 
1257 -0.959878 
389 -0.960330 
1369 -0.962032 
316 -0.962967 
896 -0.963525 
1410 -0.963629 
675 -0.964412 
710 -0.964476 
1349 -0.964549 
1314 -0.964600 
280 -0.965801 
1519 -0.965899 
414 -0.965899 
1084 -0.965949 
2215 -0.966284 
1506 -0.966908 
2121 -0.968563 
1507 -0.970451 
824 -0.970868 
2946 -0.971722 
1290 -0.972240 
844 -0.972451 
2392 -0.972613 
2981 -0.973090 
2287 -0.973090 
2551 -0.973251 
5 -0.973875 
2670 -0.974004 
1550 -0.974128 
2226 -0.974694 
602 -0.974969 
1171 -0.975120 
891 -0.975278 
4 -0.975641 
379 -0.975689 
917 -0.975701 
2990 -0.976021 
2963 -0.976916 
45 -0.977600 
2261 -0.977878 
2843 -0.978425 
622 -0.978615 
1460 -0.978731 
1163 -0.979167 
1518 -0.979406 
2157 -0.979850 
1527 -0.979966 
489 -0.980451 
2246 -0.980923 
176 -0.981060 
32 -0.981328 
1582 -0.981554 
9 -0.981679 
2739 -0.982940 
2265 -0.983430 
146 -0.983501 
642 -0.983829 
1449 -0.984842 
3062 -0.984914 
1036 -0.986253 
2466 -0.986942 
247 -0.987221 
2863 -0.988306 
2159 -0.988360 
636 -0.989227 
398 -0.989510 
1934 -0.989524 
1768 -0.989674 
2123 -0.989679 
1945 -0.989972 
395 -0.990118 
2335 -0.990350 
623 -0.990482 
2846 -0.990589 
2836 -0.990685 
1982 -0.991221 
126 -0.991625 
1404 -0.992179 
109 -0.992310 
1321 -0.992923 
1960 -0.993281 
1178 -0.993289 
1532 -0.994059 
679 -0.994724 
2871 -0.994840 
83 -0.995474 
2355 -0.996863 
2957 -0.997436 
2837 -0.998759 
1335 -0.999447 
2267 -0.999850 
1499 -1.000006 
2596 -1.000216 
402 -1.000271 
2398 -1.000303 
2457 -1.000538 
665 -1.000781 
3055 -1.001117 
1357 -1.001209 
1228 -1.001842 
1712 -1.002149 
2478 -1.002374 
1198 -1.002818 
94 -1.003254 
55 -1.003806 
659 -1.004210 
2488 -1.005564 
752 -1.006047 
1549 -1.006723 
110 -1.006898 
1703 -1.007239 
823 -1.007627 
2172 -1.007910 
3057 -1.008119 
2206 -1.008309 
409 -1.008356 
935 -1.008882 
1502 -1.009777 
103 -1.010164 
1540 -1.010241 
2087 -1.010330 
3020 -1.010338 
828 -1.010663 
781 -1.011299 
2901 -1.011375 
2797 -1.011680 
2235 -1.011751 
1442 -1.013716 
1705 -1.013717 
2819 -1.014540 
1691 -1.014833 
551 -1.015028 
2432 -1.015312 
2189 -1.015587 
1932 -1.016890 
730 -1.016925 
2841 -1.017847 
1591 -1.018153 
20 -1.018195 
2864 -1.018812 
1508 -1.019966 
1816 -1.020279 
793 -1.021397 
2798 -1.021912 
3025 -1.022752 
1925 -1.023545 
1165 -1.023705 
2961 -1.024775 
121 -1.024845 
60 -1.024886 
2243 -1.025861 
2962 -1.026680 
169 -1.027010 
533 -1.027466 
2094 -1.027658 
293 -1.028647 
1630 -1.028771 
2308 -1.029021 
3000 -1.029203 
2995 -1.030046 
1405 -1.030254 
1340 -1.030823 
2699 -1.031351 
863 -1.031886 
2914 -1.032256 
2458 -1.032261 
1624 -1.032279 
3054 -1.032553 
2983 -1.033472 
93 -1.033768 
1310 -1.033999 
2821 -1.035127 
586 -1.035176 
2409 -1.035280 
554 -1.035528 
1061 -1.035751 
2453 -1.037735 
1667 -1.038386 
484 -1.038472 
1613 -1.038586 
1912 -1.039135 
2242 -1.040264 
25 -1.040565 
539 -1.041349 
31 -1.041408 
2021 -1.042441 
378 -1.042675 
292 -1.043113 
1592 -1.044488 
3006 -1.044721 
3026 -1.044893 
2244 -1.045287 
424 -1.045653 
105 -1.045864 
658 -1.046064 
2681 -1.046363 
2599 -1.046425 
1464 -1.046555 
2201 -1.046667 
127 -1.047802 
1356 -1.048430 
518 -1.048703 
685 -1.048893 
746 -1.049520 
1951 -1.050172 
2069 -1.051332 
2051 -1.051722 
2108 -1.051989 
2430 -1.053366 
393 -1.053636 
88 -1.053706 
1279 -1.053707 
2973 -1.054315 
2354 -1.054658 
2659 -1.054676 
670 -1.055254 
2682 -1.055467 
629 -1.055764 
1086 -1.056621 
1146 -1.056843 
493 -1.057365 
2025 -1.057900 
131 -1.057997 
569 -1.058136 
2089 -1.058208 
2327 -1.058514 
2217 -1.058741 
2883 -1.059035 
430 -1.059917 
1307 -1.060176 
1156 -1.060796 
95 -1.060937 
100 -1.061093 
708 -1.061760 
1330 -1.062024 
1255 -1.064092 
2783 -1.064149 
53 -1.065280 
12 -1.065435 
2935 -1.065622 
2270 -1.065633 
1328 -1.065920 
2795 -1.065979 
494 -1.066109 
1639 -1.066839 
1829 -1.066980 
2169 -1.067580 
2473 -1.068449 
512 -1.068504 
396 -1.068623 
873 -1.068659 
702 -1.068681 
815 -1.068715 
2266 -1.068868 
82 -1.068892 
1253 -1.069548 
830 -1.069967 
2951 -1.070022 
621 -1.070151 
1854 -1.070305 
2955 -1.070404 
2620 -1.070528 
1547 -1.070539 
2857 -1.070970 
187 -1.070990 
13 -1.071252 
1924 -1.071606 
1235 -1.071886 
2194 -1.071942 
631 -1.072023 
2697 -1.072155 
149 -1.073225 
2052 -1.074289 
1970 -1.074480 
1060 -1.075082 
46 -1.075545 
1355 -1.075694 
388 -1.075780 
1339 -1.075999 
2228 -1.076267 
741 -1.076473 
535 -1.076498 
507 -1.076887 
759 -1.076939 
1806 -1.077152 
2045 -1.077402 
2073 -1.077587 
2482 -1.077791 
1971 -1.078156 
2303 -1.078446 
1303 -1.078489 
1782 -1.078570 
1501 -1.078639 
2158 -1.078651 
1234 -1.079093 
677 -1.079149 
446 -1.079498 
946 -1.079547 
2657 -1.079621 
1567 -1.079694 
1394 -1.080452 
2274 -1.080996 
62 -1.081375 
2275 -1.081529 
1370 -1.081747 
1581 -1.082055 
926 -1.082342 
1157 -1.082945 
676 -1.083576 
511 -1.084836 
733 -1.085111 
437 -1.085659 
2439 -1.085709 
1286 -1.086680 
877 -1.086705 
1322 -1.087003 
540 -1.087346 
464 -1.087669 
2090 -1.088146 
1915 -1.088851 
3060 -1.088951 
1891 -1.088989 
2071 -1.089082 
1478 -1.089163 
158 -1.089525 
1933 -1.089615 
23 -1.090410 
1548 -1.090523 
932 -1.090938 
2622 -1.091693 
2875 -1.092086 
1593 -1.092149 
48 -1.092814 
1452 -1.093007 
2076 -1.093146 
1669 -1.093387 
1931 -1.093392 
1013 -1.093419 
1273 -1.093732 
1391 -1.096071 
377 -1.097041 
2227 -1.097150 
868 -1.097671 
2701 -1.098067 
1641 -1.098353 
2549 -1.098811 
1316 -1.098842 
1395 -1.098948 
2750 -1.099237 
2297 -1.099356 
958 -1.099356 
40 -1.099366 
923 -1.101617 
848 -1.102471 
56 -1.102802 
895 -1.103523 
937 -1.104052 
2075 -1.105125 
2414 -1.105145 
2104 -1.105210 
1475 -1.105558 
2933 -1.105664 
542 -1.106374 
1661 -1.106771 
2399 -1.106891 
1354 -1.107492 
899 -1.107658 
2815 -1.108030 
757 -1.108033 
1646 -1.108199 
813 -1.108594 
2987 -1.108631 
2084 -1.109096 
856 -1.109661 
2939 -1.109663 
2813 -1.109843 
2277 -1.109855 
2919 -1.110271 
878 -1.110414 
819 -1.111439 
2463 -1.111786 
2550 -1.112550 
516 -1.112588 
808 -1.112772 
2167 -1.112811 
3002 -1.112998 
1545 -1.113446 
2237 -1.113811 
1275 -1.113938 
3070 -1.114231 
434 -1.114496 
2975 -1.114775 
155 -1.115179 
871 -1.115252 
2295 -1.115274 
1183 -1.115658 
2363 -1.115721 
942 -1.115786 
181 -1.116065 
2350 -1.116153 
2058 -1.116265 
1204 -1.116924 
567 -1.117121 
799 -1.117656 
872 -1.117723 
24 -1.117866 
108 -1.118255 
903 -1.118570 
572 -1.118709 
1541 -1.118905 
1598 -1.119328 
1326 -1.119374 
1353 -1.119658 
537 -1.119861 
2044 -1.119930 
2830 -1.119935 
270 -1.120634 
180 -1.120793 
2937 -1.121039 
245 -1.121055 
2442 -1.121085 
697 -1.121092 
862 -1.121289 
47 -1.122063 
2054 -1.122497 
1470 -1.122747 
2015 -1.122790 
1246 -1.122879 
956 -1.123842 
2479 -1.124663 
791 -1.124771 
1822 -1.124780 
1783 -1.124902 
764 -1.125121 
1415 -1.125459 
777 -1.125590 
1214 -1.126381 
822 -1.126518 
128 -1.126902 
1913 -1.127447 
2714 -1.127842 
1596 -1.128510 
2314 -1.128876 
1520 -1.128972 
1399 -1.129005 
779 -1.129192 
1192 -1.130163 
132 -1.131232 
2122 -1.131408 
318 -1.131741 
2213 -1.132624 
2357 -1.132885 
2749 -1.133102 
906 -1.134575 
2138 -1.135817 
2839 -1.136139 
778 -1.136273 
2082 -1.136387 
2480 -1.136670 
1327 -1.136726 
922 -1.136848 
633 -1.137050 
101 -1.137617 
894 -1.137743 
2997 -1.138030 
439 -1.138535 
2162 -1.138584 
153 -1.138584 
732 -1.138799 
2781 -1.139694 
2464 -1.139878 
123 -1.140157 
1421 -1.140350 
2241 -1.140701 
738 -1.140750 
1261 -1.141032 
2658 -1.141471 
2105 -1.142219 
1700 -1.142264 
2866 -1.142529 
2269 -1.142672 
2053 -1.143289 
761 -1.143497 
734 -1.143620 
2794 -1.144066 
2485 -1.144169 
51 -1.144698 
795 -1.144949 
671 -1.145316 
2101 -1.145581 
2313 -1.145621 
3041 -1.145734 
1927 -1.145867 
1213 -1.146037 
1618 -1.146805 
1561 -1.147194 
2365 -1.147740 
189 -1.148251 
546 -1.148453 
2740 -1.149084 
1523 -1.149268 
1559 -1.149390 
2301 -1.149548 
317 -1.149676 
2850 -1.150640 
510 -1.150845 
1498 -1.150949 
818 -1.151150 
954 -1.151256 
1974 -1.152169 
1828 -1.152307 
1781 -1.152407 
2788 -1.152554 
1476 -1.152594 
1576 -1.153563 
1085 -1.153659 
1514 -1.154768 
2207 -1.154854 
931 -1.155197 
2728 -1.155239 
1914 -1.155670 
467 -1.156035 
1472 -1.156421 
1014 -1.156531 
1211 -1.156709 
3042 -1.157016 
2873 -1.157188 
410 -1.157229 
2030 -1.157305 
2702 -1.157336 
2299 -1.157453 
1258 -1.158676 
2014 -1.158726 
876 -1.158742 
2782 -1.158821 
2095 -1.159265 
635 -1.159447 
599 -1.159603 
2771 -1.159664 
1247 -1.159824 
1664 -1.160162 
1401 -1.160189 
2349 -1.160202 
1397 -1.160540 
1336 -1.160743 
2165 -1.161097 
517 -1.161547 
869 -1.161634 
81 -1.161942 
2431 -1.162470 
1636 -1.162514 
3067 -1.163021 
2878 -1.163126 
2832 -1.163188 
787 -1.163188 
2809 -1.163260 
1819 -1.164295 
1690 -1.164374 
2288 -1.164462 
2938 -1.165100 
1660 -1.165412 
2459 -1.165846 
737 -1.165855 
492 -1.166278 
1260 -1.166304 
2902 -1.166309 
162 -1.166458 
1929 -1.166677 
1333 -1.167156 
2351 -1.167505 
148 -1.167510 
156 -1.167628 
1629 -1.167822 
106 -1.168518 
391 -1.168589 
1668 -1.168807 
1804 -1.169199 
491 -1.169217 
1285 -1.169743 
1202 -1.169831 
767 -1.169936 
1696 -1.169990 
739 -1.170264 
1721 -1.170450 
1205 -1.170488 
1161 -1.170543 
1294 -1.170813 
2068 -1.171041 
61 -1.171362 
2047 -1.171388 
190 -1.171560 
2916 -1.171842 
1637 -1.171858 
1087 -1.172506 
168 -1.172664 
1315 -1.173518 
2744 -1.174243 
2317 -1.174736 
2437 -1.174926 
2769 -1.175012 
418 -1.175081 
1954 -1.175357 
1719 -1.175437 
575 -1.175519 
2003 -1.175908 
2316 -1.176036 
544 -1.176094 
246 -1.176361 
1203 -1.176395 
319 -1.176976 
2733 -1.177339 
672 -1.177359 
1698 -1.177792 
1586 -1.177921 
2268 -1.177989 
1166 -1.178773 
1439 -1.178969 
530 -1.179373 
627 -1.180073 
1689 -1.180470 
626 -1.180866 
1525 -1.181140 
1831 -1.181148 
1699 -1.181344 
2029 -1.181765 
2741 -1.181884 
2986 -1.182182 
2738 -1.182457 
1685 -1.182689 
1966 -1.182783 
2858 -1.182882 
1403 -1.183164 
3043 -1.183592 
1390 -1.183695 
763 -1.183993 
949 -1.185444 
508 -1.185533 
2606 -1.186294 
1662 -1.186798 
1389 -1.187532 
479 -1.187584 
431 -1.188402 
2713 -1.188762 
2791 -1.189921 
2980 -1.190126 
515 -1.190165 
10 -1.190209 
3066 -1.190284 
1645 -1.190448 
1716 -1.190512 
600 -1.190522 
1695 -1.191097 
57 -1.191108 
571 -1.191799 
2289 -1.191865 
2413 -1.192148 
3065 -1.192614 
547 -1.193330 
1657 -1.193399 
1530 -1.193416 
532 -1.193482 
2953 -1.193668 
1529 -1.193838 
1500 -1.193868 
1296 -1.194080 
2880 -1.194169 
297 -1.194934 
944 -1.195122 
2171 -1.195194 
2387 -1.196009 
2870 -1.196041 
2915 -1.196368 
522 -1.196715 
755 -1.197065 
2590 -1.197186 
178 -1.197205 
376 -1.197419 
476 -1.197627 
2579 -1.197733 
951 -1.198062 
2013 -1.198500 
2578 -1.198584 
1398 -1.198622 
2882 -1.199309 
574 -1.199359 
925 -1.199793 
2601 -1.199954 
2229 -1.200164 
772 -1.200402 
175 -1.200716 
1300 -1.200830 
2854 -1.200934 
164 -1.201142 
2872 -1.201490 
2490 -1.201541 
1444 -1.201908 
133 -1.202335 
1437 -1.202507 
2221 -1.203190 
2195 -1.203273 
1587 -1.203684 
1692 -1.203804 
2078 -1.203963 
2855 -1.204264 
632 -1.204868 
2487 -1.205415 
2050 -1.205505 
2000 -1.205720 
1453 -1.205977 
1277 -1.206005 
2293 -1.206058 
1072 -1.206184 
145 -1.207083 
549 -1.207433 
2621 -1.207502 
933 -1.207821 
1642 -1.208492 
2200 -1.208626 
1038 -1.209072 
2848 -1.209206 
543 -1.209258 
762 -1.209473 
1 -1.209620 
2386 -1.209843 
2066 -1.210961 
286 -1.210996 
1245 -1.211246 
559 -1.211250 
1780 -1.211568 
2136 -1.211607 
901 -1.212090 
1726 -1.212094 
2483 -1.212193 
2028 -1.212624 
1946 -1.212691 
1278 -1.212739 
948 -1.212835 
2468 -1.212858 
478 -1.213340 
684 -1.213807 
1069 -1.214505 
624 -1.214672 
1509 -1.214685 
2160 -1.214890 
2166 -1.215493 
2743 -1.215733 
1973 -1.215827 
2002 -1.216044 
384 -1.216373 
2998 -1.216387 
2822 -1.216504 
1972 -1.216721 
1965 -1.217361 
119 -1.217676 
1042 -1.217997 
698 -1.218055 
1425 -1.218175 
1308 -1.218182 
1964 -1.218228 
784 -1.218285 
1531 -1.218381 
936 -1.218708 
1535 -1.218951 
294 -1.219244 
548 -1.219354 
1197 -1.219788 
1723 -1.219836 
1714 -1.220416 
504 -1.221799 
2861 -1.221857 
2913 -1.221934 
1233 -1.222000 
1724 -1.222212 
165 -1.223139 
159 -1.223769 
2952 -1.223974 
2083 -1.224911 
1341 -1.224959 
2079 -1.224961 
940 -1.225395 
1208 -1.225683 
2770 -1.226412 
562 -1.226522 
1980 -1.227501 
2856 -1.227516 
1318 -1.227731 
188 -1.227886 
2384 -1.227984 
1177 -1.228658 
1426 -1.228850 
955 -1.228912 
1694 -1.229002 
2397 -1.229249 
186 -1.229344 
1584 -1.229925 
2328 -1.230057 
477 -1.230902 
1511 -1.231063 
1528 -1.231684 
2258 -1.231823 
2220 -1.232646 
568 -1.232679 
2917 -1.234124 
2385 -1.234447 
943 -1.234468 
827 -1.234681 
185 -1.234774 
160 -1.234814 
2486 -1.235260 
1616 -1.235467 
765 -1.235522 
397 -1.235605 
1526 -1.235617 
2238 -1.235649 
1468 -1.235901 
244 -1.236310 
2748 -1.236932 
2814 -1.237046 
490 -1.237172 
2099 -1.237197 
2110 -1.237767 
1200 -1.238306 
851 -1.238717 
50 -1.238734 
2411 -1.239420 
2796 -1.239631 
2296 -1.239634 
707 -1.239892 
701 -1.239905 
2233 -1.240055 
2366 -1.240212 
1427 -1.240483 
699 -1.240510 
1725 -1.240533 
952 -1.240940 
2135 -1.241032 
3021 -1.241265 
1469 -1.241525 
1422 -1.241847 
2023 -1.241921 
1461 -1.242045 
2746 -1.242095 
505 -1.242170 
1853 -1.242216 
1889 -1.243177 
1727 -1.243844 
3004 -1.244096 
2278 -1.244351 
1617 -1.244872 
611 -1.244912 
2656 -1.245044 
1640 -1.245246 
2860 -1.245781 
1230 -1.246100 
3064 -1.246232 
900 -1.246265 
34 -1.246900 
1718 -1.247315 
2161 -1.247332 
1400 -1.247798 
2344 -1.248128 
1417 -1.248737 
1670 -1.249223 
2745 -1.249853 
1378 -1.249960 
183 -1.250026 
2208 -1.250045 
1619 -1.250071 
2429 -1.250396 
682 -1.250431 
2852 -1.250494 
1560 -1.250638 
2292 -1.250796 
2212 -1.250848 
849 -1.250918 
1367 -1.250959 
1438 -1.251037 
2024 -1.251047 
2302 -1.251635 
648 -1.251832 
445 -1.251877 
2446 -1.252113 
1225 -1.252135 
1451 -1.252202 
2617 -1.252362 
2290 -1.252657 
2147 -1.252717 
892 -1.252771 
2408 -1.252782 
2338 -1.253030 
429 -1.253589 
2039 -1.253794 
760 -1.253917 
1212 -1.253919 
1888 -1.254323 
1331 -1.254598 
2236 -1.254686 
2934 -1.254895 
2020 -1.255170 
1583 -1.255203 
1342 -1.255335 
138 -1.255502 
1706 -1.255649 
1590 -1.255868 
950 -1.256203 
1701 -1.256258 
2715 -1.256738 
1928 -1.257140 
170 -1.257480 
1682 -1.257680 
3001 -1.258003 
2494 -1.258269 
924 -1.258548 
2202 -1.258569 
2820 -1.258942 
1250 -1.259020 
1722 -1.259481 
1684 -1.259897 
742 -1.260036 
2415 -1.260373 
2472 -1.260888 
1920 -1.261192 
107 -1.261403 
1252 -1.261459 
1597 -1.261526 
2438 -1.261619 
703 -1.261935 
2462 -1.262363 
2412 -1.263133 
2495 -1.263275 
1947 -1.263546 
2294 -1.263686 
1562 -1.263857 
2428 -1.264351 
3007 -1.264352 
802 -1.264724 
780 -1.265375 
1644 -1.266090 
1634 -1.266162 
888 -1.266536 
889 -1.266682 
2018 -1.267311 
2489 -1.267632 
1274 -1.268555 
28 -1.268759 
36 -1.268780 
866 -1.269212 
1564 -1.270138 
1522 -1.270371 
1248 -1.270449 
2869 -1.270625 
191 -1.271429 
2847 -1.271509 
1717 -1.271883 
538 -1.272301 
1473 -1.272818 
444 -1.273163 
667 -1.273477 
1443 -1.273826 
1957 -1.273967 
2111 -1.273979 
1319 -1.274538 
302 -1.275511 
2999 -1.276285 
1309 -1.276337 
1789 -1.276361 
2556 -1.276539 
1402 -1.277071 
959 -1.277499 
2146 -1.277536 
2040 -1.277945 
2346 -1.278101 
394 -1.278404 
2185 -1.278578 
2080 -1.279993 
1440 -1.280053 
2425 -1.280106 
850 -1.280128 
1534 -1.280264 
2608 -1.280374 
1720 -1.281033 
1393 -1.281320 
693 -1.282037 
2109 -1.282341 
744 -1.282946 
2853 -1.283024 
2001 -1.283202 
1674 -1.283570 
2062 -1.283766 
662 -1.284044 
683 -1.284670 
1542 -1.284720 
2976 -1.284720 
664 -1.285557 
2605 -1.285590 
2964 -1.285965 
2093 -1.286458 
1879 -1.286549 
2031 -1.287317 
2461 -1.288035 
1686 -1.288392 
2929 -1.288802 
825 -1.289033 
649 -1.289365 
2818 -1.289872 
3023 -1.289967 
1981 -1.290037 
1570 -1.290214 
2448 -1.290396 
1544 -1.290444 
861 -1.290815 
2026 -1.290855 
2742 -1.291249 
2163 -1.291397 
938 -1.291566 
563 -1.291915 
3022 -1.291960 
1647 -1.292123 
2211 -1.293506 
2996 -1.293834 
2085 -1.293904 
2027 -1.294149 
2680 -1.294452 
2928 -1.294491 
2768 -1.294917 
1655 -1.295000 
1967 -1.295266 
506 -1.295359 
2210 -1.295436 
557 -1.295696 
1663 -1.295838 
1379 -1.296180 
2736 -1.296303 
552 -1.296967 
2918 -1.297216 
1830 -1.297394 
2022 -1.297545 
311 -1.297978 
2257 -1.298922 
2484 -1.298966 
1537 -1.299031 
2958 -1.299100 
893 -1.299260 
122 -1.299466 
1158 -1.299659 
625 -1.300204 
1901 -1.300928 
2688 -1.301539 
1653 -1.301765 
411 -1.302178 
130 -1.302200 
466 -1.302722 
2968 -1.302761 
179 -1.303289 
910 -1.303428 
2168 -1.304274 
465 -1.304324 
1199 -1.305293 
2325 -1.305402 
1978 -1.305443 
2219 -1.305488 
2107 -1.305873 
1209 -1.306321 
1428 -1.306970 
2851 -1.307027 
1176 -1.307139 
766 -1.307152 
59 -1.307601 
2098 -1.307830 
3053 -1.307921 
2423 -1.308067 
1563 -1.308259 
2184 -1.308325 
2298 -1.308358 
1133 -1.308605 
72 -1.308754 
1284 -1.308880 
2867 -1.308976 
1837 -1.309364 
2474 -1.309660 
2352 -1.309751 
756 -1.310526 
2291 -1.311430 
2816 -1.311436 
2170 -1.313227 
428 -1.313415 
2273 -1.313554 
2088 -1.314054 
283 -1.314106 
941 -1.314126 
447 -1.314164 
947 -1.314391 
163 -1.314731 
1324 -1.315512 
2342 -1.315800 
295 -1.315852 
2218 -1.316203 
1687 -1.316210 
2263 -1.316787 
503 -1.317340 
2476 -1.317598 
792 -1.317972 
1259 -1.318056 
1465 -1.318385 
2669 -1.318580 
1680 -1.318638 
758 -1.318797 
2300 -1.318843 
2182 -1.318874 
1930 -1.319936 
1847 -1.320141 
597 -1.320204 
812 -1.320264 
2320 -1.320747 
1054 -1.321157 
1628 -1.321743 
1424 -1.322336 
700 -1.322744 
161 -1.323294 
2239 -1.323308 
2931 -1.323516 
1282 -1.323985 
1276 -1.324032 
120 -1.324040 
754 -1.324336 
37 -1.324471 
2072 -1.324799 
1467 -1.324933 
1631 -1.325298 
1711 -1.325644 
2615 -1.325946 
2842 -1.326086 
2812 -1.326314 
91 -1.326425 
875 -1.327138 
2845 -1.327623 
953 -1.327894 
2460 -1.328291 
1573 -1.328877 
957 -1.329237 
816 -1.329725 
1207 -1.330798 
1154 -1.331191 
1380 -1.331746 
1599 -1.331910 
2224 -1.332321 
1975 -1.332671 
2979 -1.332929 
42 -1.333475 
125 -1.333609 
2805 -1.333675 
2234 -1.333680 
514 -1.333712 
184 -1.334353 
526 -1.334353 
438 -1.334443 
3040 -1.334461 
2808 -1.334539 
1012 -1.334905 
2231 -1.334917 
2602 -1.335451 
2724 -1.335640 
2209 -1.335652 
1188 -1.335774 
2574 -1.335796 
1280 -1.336208 
1272 -1.336231 
1388 -1.336248 
2844 -1.336377 
630 -1.336493 
2112 -1.337522 
2407 -1.337594 
1051 -1.337708 
1571 -1.338503 
509 -1.339546 
1666 -1.339808 
1175 -1.339840 
1381 -1.339882 
2548 -1.340324 
73 -1.340360 
1337 -1.340668 
573 -1.341212 
2557 -1.342311 
436 -1.342555 
1210 -1.342573 
275 -1.342913 
2477 -1.343950 
1271 -1.344158 
1174 -1.344343 
1810 -1.344567 
304 -1.345092 
1432 -1.345411 
365 -1.345667 
874 -1.345819 
2735 -1.345930 
634 -1.346034 
182 -1.346112 
117 -1.346167 
2410 -1.346240 
1396 -1.346268 
407 -1.346442 
2280 -1.346447 
806 -1.346469 
2475 -1.346622 
525 -1.346716 
2747 -1.346736 
1983 -1.347756 
1643 -1.347954 
1614 -1.348082 
98 -1.348212 
2467 -1.348265 
2193 -1.348424 
1244 -1.348714 
769 -1.348936 
645 -1.349271 
3005 -1.349504 
1715 -1.349545 
1672 -1.349549 
2106 -1.349759 
1521 -1.349767 
2711 -1.349921 
312 -1.350762 
298 -1.351358 
301 -1.351856 
1471 -1.352302 
151 -1.352670 
1338 -1.353244 
1677 -1.353256 
70 -1.353328 
1332 -1.353522 
141 -1.353609 
1836 -1.354434 
2254 -1.354954 
913 -1.354996 
173 -1.355093 
1533 -1.355287 
1578 -1.355290 
1621 -1.355438 
21 -1.355561 
1998 -1.355614 
2786 -1.355829 
628 -1.356355 
353 -1.356812 
2710 -1.357391 
1474 -1.357625 
1739 -1.357626 
2698 -1.358265 
2712 -1.358669 
2849 -1.359021 
1486 -1.359200 
85 -1.359446 
1709 -1.359583 
1609 -1.359712 
1186 -1.359738 
2330 -1.360777 
1020 -1.360975 
2436 -1.361316 
1221 -1.361564 
1445 -1.361649 
3024 -1.363045 
775 -1.363551 
912 -1.363686 
1365 -1.363879 
35 -1.363981 
846 -1.364153 
2164 -1.364744 
2331 -1.365191 
2829 -1.365590 
1236 -1.366521 
770 -1.366789 
2491 -1.366851 
2722 -1.367294 
2426 -1.367393 
674 -1.367779 
1360 -1.367853 
1180 -1.368073 
2810 -1.368363 
2042 -1.368482 
1413 -1.369399 
610 -1.369586 
2881 -1.369846 
352 -1.370474 
695 -1.370490 
1343 -1.370558 
1466 -1.370756 
1043 -1.370977 
657 -1.371533 
721 -1.371580 
2037 -1.371631 
1160 -1.372028 
1589 -1.372339 
890 -1.372571 
1606 -1.372600 
1287 -1.372857 
1371 -1.372906 
1588 -1.373321 
2041 -1.374185 
2198 -1.374380 
86 -1.374793 
2879 -1.375050 
774 -1.375305 
1734 -1.375391 
26 -1.375926 
1840 -1.376343 
290 -1.376426 
1070 -1.376564 
2932 -1.377051 
609 -1.377103 
1648 -1.377136 
1320 -1.377462 
865 -1.377559 
441 -1.377703 
887 -1.378092 
2061 -1.378099 
2521 -1.378200 
1317 -1.378363 
831 -1.378376 
1595 -1.378836 
902 -1.378896 
805 -1.379189 
722 -1.379287 
1510 -1.379477 
2505 -1.379844 
1512 -1.379973 
1344 -1.380691 
2441 -1.380746 
2311 -1.380937 
1080 -1.381967 
2114 -1.382361 
2696 -1.382380 
1269 -1.382560 
406 -1.382829 
2834 -1.383223 
487 -1.383282 
2049 -1.383490 
1489 -1.384042 
1656 -1.384226 
967 -1.384719 
1325 -1.384763 
565 -1.385211 
1944 -1.385469 
2751 -1.385592 
2877 -1.385798 
706 -1.386849 
2402 -1.387102 
482 -1.387181 
1704 -1.387596 
914 -1.387800 
696 -1.388246 
1224 -1.388552 
753 -1.388717 
821 -1.388782 
1742 -1.389094 
2807 -1.390422 
1434 -1.391373 
2057 -1.391747 
1859 -1.391827 
612 -1.392177 
1185 -1.392179 
442 -1.392736 
2558 -1.392882 
1206 -1.393828 
2823 -1.393928 
2012 -1.394026 
1495 -1.394034 
520 -1.394364 
928 -1.394719 
2761 -1.394760 
1162 -1.395609 
2469 -1.395645 
945 -1.395807 
1546 -1.396264 
1633 -1.396279 
860 -1.396826 
1788 -1.396885 
2723 -1.397263 
2306 -1.397827 
1774 -1.398272 
71 -1.398300 
2149 -1.399144 
1033 -1.399916 
1187 -1.400164 
1993 -1.401435 
1144 -1.402003 
104 -1.402226 
2272 -1.402314 
736 -1.402348 
408 -1.403211 
2690 -1.403246 
1632 -1.404174 
1297 -1.404178 
27 -1.404409 
1538 -1.404429 
640 -1.404503 
1368 -1.404776 
124 -1.404944 
1215 -1.405242 
1833 -1.406000 
2912 -1.406093 
1306 -1.406127 
810 -1.406564 
2197 -1.407414 
2424 -1.408131 
2192 -1.408317 
2253 -1.408904 
2340 -1.408913 
939 -1.409612 
1345 -1.409792 
253 -1.409949 
859 -1.410196 
521 -1.410440 
1223 -1.410756 
1243 -1.412591 
1826 -1.412623 
885 -1.412972 
2450 -1.413139 
2539 -1.413223 
1079 -1.413684 
2358 -1.414516 
570 -1.415006 
1463 -1.415953 
1790 -1.416499 
2190 -1.416604 
2148 -1.417137 
1189 -1.417464 
694 -1.417855 
1081 -1.418019 
300 -1.418489 
2965 -1.418771 
2868 -1.418888 
794 -1.419386 
1293 -1.419493 
1708 -1.419716 
2230 -1.419770 
669 -1.420212 
898 -1.421246 
1021 -1.422051 
864 -1.422154 
118 -1.422796 
904 -1.422981 
2232 -1.423576 
2591 -1.423680 
432 -1.424003 
1485 -1.425092 
2587 -1.425223 
2455 -1.425484 
1065 -1.425593 
1173 -1.425626 
420 -1.426214 
1979 -1.427230 
647 -1.427452 
1977 -1.427610 
1517 -1.427884 
1392 -1.428021 
1490 -1.428186 
2046 -1.428201 
84 -1.428350 
2725 -1.428378 
705 -1.429392 
2695 -1.429540 
613 -1.429986 
2668 -1.430915 
58 -1.431129 
2205 -1.431171 
1607 -1.431315 
2944 -1.431342 
1311 -1.431694 
2081 -1.431754 
1900 -1.431794 
2704 -1.431928 
2102 -1.432060 
2503 -1.432238 
2065 -1.433748 
2100 -1.434133 
2493 -1.434197 
2449 -1.434705 
462 -1.435197 
1855 -1.435306 
2971 -1.435856 
3027 -1.436632 
1351 -1.437155 
69 -1.437391 
97 -1.437442 
2970 -1.437612 
1254 -1.438658 
1462 -1.438854 
2204 -1.440201 
966 -1.440724 
1713 -1.440795 
919 -1.440993 
1168 -1.440998 
1196 -1.441009 
1334 -1.441326 
7 -1.441445 
870 -1.441963 
829 -1.442162 
1968 -1.442441 
1849 -1.443207 
1515 -1.443578 
2936 -1.443654 
1448 -1.444558 
1435 -1.444948 
1943 -1.445028 
2730 -1.445260 
1062 -1.445266 
1969 -1.446259 
1638 -1.446492 
1179 -1.446636 
2113 -1.446706 
1707 -1.446994 
274 -1.447644 
820 -1.448178 
1505 -1.448323 
803 -1.448407 
2568 -1.448454 
1298 -1.449241 
172 -1.449493 
501 -1.449792 
2074 -1.450771 
427 -1.450794 
6 -1.450841 
1773 -1.451528 
1066 -1.451709 
1658 -1.451912 
1249 -1.453097 
1416 -1.453129 
150 -1.453974 
1693 -1.454080 
2817 -1.454354 
1735 -1.454757 
1077 -1.454987 
3052 -1.455211 
905 -1.455530 
1955 -1.456024 
2950 -1.456303 
400 -1.457255 
1756 -1.457435 
666 -1.457617 
1799 -1.458554 
598 -1.458701 
1778 -1.459079 
54 -1.459555 
2017 -1.459858 
2216 -1.459881 
1956 -1.460770 
2133 -1.460789 
1572 -1.461590 
582 -1.462435 
79 -1.462448 
853 -1.462815 
2434 -1.463142 
566 -1.463179 
2716 -1.463379 
1350 -1.464131 
654 -1.464936 
1770 -1.465341 
735 -1.465555 
2569 -1.466243 
2382 -1.466315 
513 -1.466559 
1785 -1.467046 
2348 -1.467374 
2732 -1.468067 
1516 -1.468459 
2510 -1.468480 
2874 -1.468734 
2966 -1.468885 
1771 -1.469066 
561 -1.469272 
804 -1.469787 
63 -1.470362 
2954 -1.470367 
157 -1.470871 
142 -1.470882 
796 -1.471710 
879 -1.472623 
797 -1.472642 
577 -1.472757 
1312 -1.473539 
927 -1.474193 
2271 -1.474419 
1821 -1.474746 
2862 -1.474887 
273 -1.474923 
1238 -1.475073 
287 -1.475487 
386 -1.475816 
1256 -1.476268 
2592 -1.476397 
1450 -1.476558 
1737 -1.476891 
401 -1.477116 
1936 -1.477517 
1752 -1.477929 
254 -1.478242 
789 -1.478524 
2367 -1.478765 
801 -1.478772 
1585 -1.479658 
2421 -1.480046 
2183 -1.480254 
909 -1.480397 
2389 -1.480490 
234 -1.480685 
2356 -1.481644 
1195 -1.481975 
578 -1.482099 
776 -1.482985 
343 -1.483008 
1615 -1.483087 
1949 -1.483370 
1153 -1.483425 
2825 -1.483557 
22 -1.483657 
1377 -1.483713 
1152 -1.484059 
277 -1.484109 
536 -1.484266 
1834 -1.484586 
1270 -1.484712 
457 -1.485605 
2305 -1.485685 
1430 -1.485794 
2396 -1.485931 
2470 -1.486027 
817 -1.486462 
1963 -1.486845 
96 -1.487237 
1673 -1.488435 
2048 -1.489277 
323 -1.490140 
2780 -1.490157 
502 -1.490167 
1610 -1.490346 
727 -1.490374 
618 -1.490535 
2285 -1.490750 
2546 -1.491022 
2134 -1.491307 
1346 -1.491838 
550 -1.492353 
33 -1.492635 
2181 -1.493002 
1281 -1.493795 
1055 -1.493966 
1159 -1.494898 
1524 -1.495043 
2594 -1.495743 
2566 -1.496198 
263 -1.496310 
661 -1.496408 
1921 -1.496529 
1620 -1.496598 
749 -1.496808 
1120 -1.497240 
1751 -1.497423 
1678 -1.497962 
1948 -1.497980 
52 -1.498062 
2859 -1.499156 
74 -1.499224 
486 -1.499282 
488 -1.499404 
2865 -1.499849 
2341 -1.500064 
1809 -1.500591 
1543 -1.500912 
1504 -1.500917 
1626 -1.501332 
1237 -1.501704 
1194 -1.502025 
1861 -1.502231 
1897 -1.502450 
412 -1.502809 
1436 -1.503112 
2784 -1.503252 
2145 -1.503325 
528 -1.503388 
1941 -1.503658 
1841 -1.503752 
2332 -1.503905 
842 -1.503908 
1740 -1.505196 
2361 -1.505296 
2077 -1.505314 
2119 -1.507262 
1895 -1.507483 
2118 -1.507735 
2339 -1.507818 
1907 -1.508422 
2092 -1.508848 
1848 -1.509046 
1775 -1.511075 
1881 -1.511258 
985 -1.511409 
1557 -1.511767 
1242 -1.512161 
1797 -1.512237 
814 -1.512514 
688 -1.512641 
1622 -1.512656 
2616 -1.512771 
1232 -1.513003 
2310 -1.513037 
545 -1.514095 
2542 -1.515596 
1352 -1.515742 
392 -1.515904 
2519 -1.516079 
2709 -1.516531 
839 -1.516724 
1408 -1.516791 
38 -1.517153 
2833 -1.517652 
2949 -1.518235 
2196 -1.518907 
2203 -1.519623 
495 -1.519813 
238 -1.519831 
2806 -1.519937 
1222 -1.520441 
177 -1.520495 
1111 -1.520749 
1201 -1.522051 
718 -1.522321 
656 -1.522559 
886 -1.522658 
2993 -1.523364 
309 -1.523366 
2649 -1.523381 
994 -1.523569 
2377 -1.524125 
1823 -1.524380 
413 -1.524722 
1041 -1.525736 
1787 -1.526052 
102 -1.526088 
1132 -1.526541 
2785 -1.526700 
576 -1.526994 
2422 -1.527067 
1150 -1.527070 
2840 -1.527966 
481 -1.528116 
1811 -1.528303 
1002 -1.528548 
2541 -1.528661 
2766 -1.528797 
1366 -1.529226 
646 -1.529703 
2731 -1.529817 
421 -1.530338 
1802 -1.530400 
1627 -1.530427 
2086 -1.530912 
1003 -1.530963 
3031 -1.531223 
1216 -1.531528 
668 -1.531717 
1807 -1.531749 
2454 -1.531952 
1681 -1.532004 
285 -1.532245 
1536 -1.532889 
475 -1.533519 
251 -1.533573 
1313 -1.533928 
541 -1.534978 
811 -1.535601 
2337 -1.536041 
2465 -1.536124 
371 -1.536204 
1594 -1.536524 
480 -1.536774 
137 -1.537251 
2140 -1.538882 
1671 -1.538976 
2011 -1.539057 
1906 -1.539307 
1776 -1.539521 
2772 -1.539661 
1264 -1.539728 
841 -1.539819 
1654 -1.540483 
1991 -1.541062 
364 -1.541076 
1387 -1.541737 
1265 -1.541788 
2284 -1.542666 
390 -1.543372 
1942 -1.543484 
399 -1.544169 
350 -1.544326 
171 -1.545139 
1926 -1.545653 
1056 -1.546125 
1127 -1.546852 
1289 -1.547428 
2553 -1.548644 
1373 -1.549842 
17 -1.549965 
3003 -1.550457 
2604 -1.550908 
1741 -1.551993 
1045 -1.552192 
1058 -1.552402 
1608 -1.552655 
717 -1.552953 
837 -1.553527 
1010 -1.553561 
989 -1.554282 
1429 -1.554303 
2304 -1.555611 
2554 -1.555645 
768 -1.555787 
2799 -1.556161 
604 -1.556228 
1418 -1.556627 
2530 -1.556975 
1922 -1.557380 
1697 -1.557727 
1019 -1.557907 
2577 -1.558122 
49 -1.558210 
136 -1.558282 
1382 -1.558338 
897 -1.558421 
2445 -1.558861 
264 -1.559629 
1039 -1.560141 
2481 -1.560641 
1846 -1.560935 
2004 -1.560982 
971 -1.561065 
2038 -1.561115 
90 -1.561324 
2677 -1.561391 
1456 -1.561561 
1304 -1.561825 
1068 -1.562069 
2400 -1.562139 
373 -1.562567 
974 -1.563371 
1665 -1.563826 
359 -1.564457 
1386 -1.564949 
2395 -1.565460 
1765 -1.566862 
1263 -1.566951 
1288 -1.567087 
443 -1.567578 
1845 -1.567743 
2005 -1.568821 
1503 -1.568962 
2887 -1.569774 
2016 -1.569851 
529 -1.570023 
203 -1.570315 
345 -1.571698 
252 -1.571720 
1763 -1.571874 
969 -1.572137 
2401 -1.572534 
1801 -1.572578 
2321 -1.572640 
2586 -1.573661 
2276 -1.573755 
2362 -1.574123 
1446 -1.574254 
382 -1.574263 
840 -1.574981 
405 -1.574984 
2647 -1.575148 
199 -1.575832 
1372 -1.576802 
2790 -1.576885 
1762 -1.577120 
1574 -1.577640 
2663 -1.577963 
249 -1.578531 
370 -1.579292 
1812 -1.579360 
1005 -1.579588 
854 -1.580089 
2091 -1.581211 
2447 -1.581320 
419 -1.581362 
215 -1.581476 
2375 -1.581664 
988 -1.581730 
556 -1.581956 
2064 -1.582785 
2757 -1.583018 
2097 -1.583726 
1730 -1.584449 
1757 -1.584514 
201 -1.585313 
2139 -1.585515 
2598 -1.585791 
455 -1.586336 
266 -1.586723 
1414 -1.586831 
1455 -1.587864 
2141 -1.588247 
2674 -1.588656 
2150 -1.589549 
918 -1.589624 
1886 -1.589918 
1121 -1.590093 
1937 -1.592059 
1091 -1.592579 
2992 -1.592728 
2831 -1.593002 
229 -1.593901 
2923 -1.594490 
1878 -1.595338 
262 -1.595386 
847 -1.595668 
1909 -1.595850 
2032 -1.596426 
2223 -1.596705 
2627 -1.596875 
1329 -1.597988 
983 -1.598433 
1649 -1.598500 
206 -1.599639 
2333 -1.599894 
1181 -1.600160 
1022 -1.601087 
1753 -1.601663 
2154 -1.601928 
361 -1.603021 
1006 -1.603269 
2581 -1.604613 
129 -1.605278 
468 -1.605713 
78 -1.606646 
1488 -1.606646 
2922 -1.607167 
2737 -1.607607 
911 -1.608001 
220 -1.608340 
1910 -1.608545 
2609 -1.608819 
1029 -1.609289 
1883 -1.609388 
2824 -1.609422 
2665 -1.609652 
1824 -1.610748 
1800 -1.611058 
1860 -1.611059 
519 -1.611184 
2686 -1.611263 
1487 -1.611940 
720 -1.612984 
2897 -1.613611 
1423 -1.614003 
2262 -1.614107 
2977 -1.614430 
2394 -1.614912 
1919 -1.615344 
347 -1.615823 
2555 -1.616458 
2509 -1.619441 
1008 -1.619446 
783 -1.619636 
453 -1.619684 
614 -1.620369 
2373 -1.620409 
1129 -1.620686 
422 -1.620760 
1962 -1.621203 
1030 -1.621386 
740 -1.621466 
826 -1.621567 
2406 -1.622028 
2312 -1.622831 
852 -1.623360 
583 -1.623640 
1018 -1.623744 
2378 -1.623755 
227 -1.624443 
2703 -1.624498 
2538 -1.624748 
858 -1.625109 
973 -1.625538 
2070 -1.625963 
2613 -1.626785 
1688 -1.627456 
2773 -1.628820 
2255 -1.629369 
2433 -1.629426 
265 -1.629599 
1569 -1.629699 
2758 -1.629816 
357 -1.630147 
1481 -1.630188 
2033 -1.630369 
1825 -1.630485 
417 -1.630984 
1323 -1.631342 
1754 -1.631655 
226 -1.631775 
1870 -1.632327 
2900 -1.632372 
2694 -1.634093 
2896 -1.634809 
1786 -1.634946 
426 -1.635116 
1141 -1.636630 
2006 -1.637630 
1990 -1.637752 
1580 -1.638203 
1702 -1.638530 
1862 -1.639539 
1552 -1.639778 
534 -1.639894 
1231 -1.640169 
1558 -1.640776 
1441 -1.642366 
80 -1.642909 
1113 -1.643479 
2507 -1.644196 
1917 -1.645074 
2705 -1.645085 
2155 -1.645561 
2240 -1.645755 
2376 -1.646989 
920 -1.647197 
2689 -1.647917 
1835 -1.648208 
2176 -1.649337 
2417 -1.649742 
986 -1.650924 
1813 -1.651333 
1679 -1.652008 
2010 -1.652202 
346 -1.652273 
360 -1.652536 
2543 -1.652752 
433 -1.653085 
43 -1.655175 
240 -1.655413 
2256 -1.656123 
2390 -1.656814 
785 -1.656996 
250 -1.657281 
748 -1.657532 
2374 -1.658098 
605 -1.658145 
381 -1.659246 
2225 -1.659533 
2909 -1.659606 
680 -1.659751 
1017 -1.660117 
239 -1.660309 
2456 -1.660382 
2685 -1.661100 
1169 -1.662235 
205 -1.663015 
241 -1.663046 
1115 -1.663277 
673 -1.663834 
1226 -1.664644 
2055 -1.665350 
1295 -1.665476 
325 -1.665894 
2614 -1.666610 
1999 -1.666958 
1953 -1.667390 
1918 -1.667548 
166 -1.667722 
1139 -1.667752 
934 -1.668089 
995 -1.668408 
217 -1.668436 
2522 -1.669669 
242 -1.669828 
1138 -1.670014 
313 -1.670091 
592 -1.670367 
1992 -1.671823 
2630 -1.672380 
16 -1.672465 
1479 -1.673016 
997 -1.673293 
2567 -1.673769 
470 -1.674047 
342 -1.674049 
1896 -1.674559 
2440 -1.674894 
1777 -1.675358 
326 -1.675874 
2589 -1.678437 
838 -1.679604 
334 -1.680508 
1025 -1.681113 
235 -1.681776 
1605 -1.684204 
2533 -1.684275 
324 -1.684913 
314 -1.685096 
1031 -1.685250 
929 -1.686098 
2383 -1.686505 
1994 -1.686941 
216 -1.688381 
2249 -1.689323 
2545 -1.689573 
2319 -1.689913 
1190 -1.690465 
1882 -1.691193 
1565 -1.693260 
1935 -1.693845 
1007 -1.694144 
1798 -1.694154 
111 -1.694239 
2580 -1.694782 
1885 -1.695821 
469 -1.696882 
2353 -1.697163 
2629 -1.697479 
271 -1.699286 
2774 -1.699468 
719 -1.700032 
135 -1.700228 
2959 -1.700881 
2513 -1.701572 
2801 -1.702184 
2666 -1.702453 
2675 -1.703086 
458 -1.703274 
790 -1.703969 
726 -1.704224 
660 -1.704482 
2388 -1.704618 
1034 -1.705105 
2531 -1.705511 
1869 -1.705665 
218 -1.706107 
2544 -1.709277 
2575 -1.709810 
2063 -1.710484 
44 -1.710720 
237 -1.713372 
1818 -1.713551 
2721 -1.713876 
1044 -1.714058 
385 -1.714968 
2618 -1.715489 
689 -1.715686 
593 -1.715961 
962 -1.716375 
1082 -1.716464 
2508 -1.716732 
2534 -1.716745 
1050 -1.716834 
1838 -1.717371 
2565 -1.717659 
2347 -1.718234 
261 -1.720355 
2496 -1.720737 
194 -1.721106 
2651 -1.721461 
1989 -1.723389 
1766 -1.725500 
496 -1.726219 
374 -1.726304 
8 -1.726349 
1494 -1.727187 
1745 -1.727625 
1110 -1.727783 
2120 -1.727995 
299 -1.728421 
3017 -1.728749 
1553 -1.729992 
2779 -1.730323 
2191 -1.730427 
383 -1.730996 
143 -1.731919 
497 -1.731963 
998 -1.732479 
2186 -1.732900 
2792 -1.733580 
2759 -1.733827 
2326 -1.734556 
2717 -1.735112 
1067 -1.735167 
1149 -1.735179 
2525 -1.736172 
15 -1.737273 
282 -1.737296 
1579 -1.737395 
454 -1.737516 
2625 -1.738149 
336 -1.738420 
620 -1.738970 
29 -1.739317 
996 -1.739735 
880 -1.739933 
112 -1.739937 
463 -1.740517 
619 -1.741099 
1872 -1.741906 
527 -1.742090 
1893 -1.742410 
972 -1.743355 
1958 -1.743726 
2561 -1.743779 
655 -1.744070 
1600 -1.744122 
1142 -1.744672 
113 -1.746186 
2524 -1.746345 
1117 -1.747081 
2886 -1.747737 
1151 -1.748517 
2676 -1.748812 
3030 -1.749410 
256 -1.749981 
650 -1.750274 
2726 -1.750833 
960 -1.750929 
2214 -1.750957 
338 -1.753581 
1407 -1.753754 
192 -1.754879 
1053 -1.756060 
474 -1.757148 
2654 -1.757366 
2156 -1.757492 
152 -1.758009 
1118 -1.759361 
2642 -1.760165 
92 -1.761424 
1092 -1.761743 
1857 -1.762298 
747 -1.764285 
1728 -1.765147 
2800 -1.765848 
1009 -1.765866 
2512 -1.766110 
2652 -1.766300 
333 -1.766429 
2767 -1.766505 
1116 -1.766835 
2056 -1.767214 
2908 -1.767593 
1792 -1.767838 
1137 -1.769108 
2506 -1.769407 
1898 -1.769509 
2628 -1.769574 
555 -1.769693 
2532 -1.770287 
1302 -1.770657 
1046 -1.771513 
288 -1.773200 
2502 -1.773224 
1094 -1.773304 
977 -1.773449 
1764 -1.775585 
204 -1.776992 
2529 -1.777343 
1032 -1.777678 
687 -1.779352 
1744 -1.779495 
1874 -1.779575 
1093 -1.780254 
2283 -1.780420 
1361 -1.782068 
198 -1.782234 
2626 -1.783333 
257 -1.783545 
2960 -1.783753 
2687 -1.784170 
2264 -1.784564 
961 -1.784581 
981 -1.785704 
2603 -1.786726 
1457 -1.786747 
209 -1.788451 
221 -1.788536 
2498 -1.788678 
1761 -1.788969 
1729 -1.789298 
1894 -1.791256 
2646 -1.792254 
603 -1.792447 
2641 -1.792900 
1873 -1.793117 
1858 -1.793364 
2520 -1.793738 
2762 -1.793902 
230 -1.793964 
2661 -1.793982 
349 -1.795369 
1140 -1.796978 
2650 -1.797102 
1089 -1.797451 
1167 -1.797645 
305 -1.798510 
2416 -1.799333 
456 -1.800282 
1850 -1.801113 
1125 -1.801235 
2497 -1.801654 
321 -1.802592 
1130 -1.802994 
713 -1.803694 
2129 -1.804573 
2653 -1.804627 
1551 -1.804698 
276 -1.808547 
2984 -1.808791 
1105 -1.810951 
1106 -1.811716 
1057 -1.812026 
322 -1.812238 
1793 -1.813189 
372 -1.813297 
1073 -1.817112 
881 -1.817478 
1078 -1.818419 
289 -1.818506 
1864 -1.820086 
225 -1.820756 
2560 -1.821577 
1090 -1.822021 
2673 -1.822054 
2570 -1.824561 
2128 -1.830183 
2838 -1.833858 
2778 -1.835935 
214 -1.838285 
1865 -1.839122 
1103 -1.839765 
1749 -1.839952 
1738 -1.839997 
2678 -1.840018 
2582 -1.841913 
2518 -1.843056 
970 -1.843265 
2662 -1.844172 
2639 -1.846372 
369 -1.848601 
1908 -1.849245 
1217 -1.850399 
2982 -1.851758 
1750 -1.852145 
3063 -1.852902 
1496 -1.854280 
984 -1.854684 
982 -1.855286 
3068 -1.859551 
2248 -1.860568 
833 -1.860630 
2517 -1.861340 
993 -1.861375 
278 -1.862163 
2633 -1.862490 
362 -1.862565 
2972 -1.863501 
1905 -1.863832 
2637 -1.864909 
2664 -1.866276 
310 -1.867140 
678 -1.868751 
641 -1.870363 
1114 -1.870906 
202 -1.871210 
193 -1.871519 
1102 -1.872989 
2760 -1.874410 
1128 -1.875670 
2638 -1.877142 
213 -1.878416 
358 -1.880121 
337 -1.883560 
1884 -1.884441 
2177 -1.888201 
1101 -1.889415 
348 -1.893373 
1024 -1.895522 
64 -1.899181 
2945 -1.903257 
976 -1.906868 
832 -1.908863 
1814 -1.910799 
1601 -1.910835 
228 -1.921188 
1359 -1.933606 
1409 -1.935125 
2247 -1.940340 
2991 -1.940381 
2593 -1.951346 
2368 -1.965324 
711 -1.966242 
728 -1.967046 
449 -1.969882 
1480 -1.974852 
1126 -1.975577 
1985 -1.977643 
2175 -1.985697 
328 -1.986461 
584 -1.990622 
335 -1.997274 
1871 -2.000105 
448 -2.006298 
2640 -2.006305 
329 -2.008186 
1984 -2.008867 
1097 -2.020272 
1104 -2.021065 
639 -2.045438 
65 -2.047198 
2369 -2.055475 
3056 -2.063900 
2753 -2.066717 
2752 -2.071824 
3016 -2.090401 
208 -2.115407 
591 -2.123414 
2632 -2.129949 
2924 -2.144141 
712 -2.216081 
1096 -2.228363 
0 -2.257506 
144 -2.281412 
2127 -2.321554 
3039 -2.397446 
3008 -2.397855 
2943 -2.447741 
3044 -2.481231 
2907 -2.488652 
2888 -2.612992 
3051 -2.682072 
3015 -2.754024 
2895 -2.884088 
3032 -2.949084 
