958 1
0 0.331580 
1 0.126087 
2 0.493492 
3 0.493492 
4 0.227130 
5 0.365916 
6 0.314460 
7 0.227130 
8 -0.376794 
9 0.139613 
10 0.415304 
11 0.493492 
12 -0.157263 
13 0.314460 
14 0.227130 
15 0.214870 
16 0.007163 
17 0.104258 
18 0.314460 
19 0.148287 
20 -0.250745 
21 0.139613 
22 -0.255705 
23 0.414959 
24 -0.409880 
25 -0.250745 
26 -0.057472 
27 0.102598 
28 0.375430 
29 0.255874 
30 0.452966 
31 -0.157263 
32 0.048163 
33 0.139613 
34 -0.172571 
35 0.214870 
36 0.007163 
37 0.431713 
38 -0.328409 
39 0.148287 
40 -0.255386 
41 0.126660 
42 -0.376794 
43 0.443582 
44 -0.258132 
45 0.104258 
46 -0.281167 
47 -0.320566 
48 0.414959 
49 0.415304 
50 -0.255705 
51 0.102598 
52 -0.409880 
53 -0.250745 
54 -0.157263 
55 -0.057472 
56 0.102598 
57 0.375430 
58 -0.461559 
59 0.452966 
60 0.126660 
61 -0.217471 
62 0.048163 
63 0.214870 
64 -0.217471 
65 0.375430 
66 0.132118 
67 0.132118 
68 0.007163 
69 -0.328409 
70 0.255874 
71 0.126087 
72 -0.255386 
73 -0.258132 
74 0.414959 
75 -0.250745 
76 0.102598 
77 0.391060 
78 0.126087 
79 0.069709 
80 0.431713 
81 0.493492 
82 -0.488309 
83 0.148287 
84 -0.409880 
85 0.431713 
86 -0.172571 
87 -0.376794 
88 0.069709 
89 0.493492 
90 0.227130 
91 0.104258 
92 0.365916 
93 0.365916 
94 0.415304 
95 0.126660 
96 0.415304 
97 -0.376794 
98 -0.217471 
99 0.126660 
100 -0.217471 
101 0.314460 
102 0.227130 
103 0.132118 
104 0.314460 
105 0.132118 
106 0.255874 
107 0.126087 
108 0.139613 
109 0.139613 
110 -0.157263 
111 0.126087 
112 0.493492 
113 -0.476166 
114 0.227130 
115 -0.157263 
116 0.314460 
117 0.493492 
118 0.139613 
119 0.227130 
120 -0.157263 
121 0.104258 
122 0.314460 
123 0.214870 
124 0.007163 
125 0.214870 
126 -0.255705 
127 0.148287 
128 0.139613 
129 -0.409880 
130 0.214870 
131 -0.157263 
132 -0.057472 
133 0.214870 
134 0.007163 
135 0.007163 
136 0.452966 
137 0.007163 
138 0.431713 
139 0.365916 
140 -0.376794 
141 0.148287 
142 0.048163 
143 -0.409880 
144 0.148287 
145 -0.272473 
146 -0.172571 
147 -0.328409 
148 -0.409880 
149 0.431713 
150 0.104258 
151 -0.376794 
152 -0.255705 
153 0.443582 
154 -0.255705 
155 0.104258 
156 0.148287 
157 -0.057472 
158 0.415304 
159 -0.409880 
160 -0.255705 
161 0.412847 
162 -0.057472 
163 0.431713 
164 -0.026261 
165 0.431713 
166 -0.376794 
167 0.452966 
168 0.048163 
169 -0.057472 
170 -0.376794 
171 0.104258 
172 -0.328409 
173 -0.255386 
174 -0.258132 
175 0.452966 
176 0.452966 
177 0.048163 
178 0.048163 
179 0.414959 
180 -0.250745 
181 0.102598 
182 0.450273 
183 -0.328409 
184 -0.281167 
185 -0.255386 
186 -0.494929 
187 -0.255386 
188 -0.320566 
189 -0.258132 
190 0.414959 
191 -0.250745 
192 -0.258132 
193 0.104258 
194 -0.328409 
195 -0.255705 
196 -0.057472 
197 0.375430 
198 0.452966 
199 0.102598 
200 0.255874 
201 0.126660 
202 0.375430 
203 0.255874 
204 -0.172571 
205 -0.255705 
206 -0.057472 
207 0.443582 
208 0.452966 
209 0.126660 
210 -0.217471 
211 0.048163 
212 0.069709 
213 -0.328409 
214 0.132118 
215 0.048163 
216 0.365916 
217 -0.255386 
218 0.126087 
219 -0.258132 
220 -0.328409 
221 0.493492 
222 0.227130 
223 0.415304 
224 -0.255386 
225 0.126660 
226 -0.258132 
227 0.314460 
228 -0.217471 
229 0.414959 
230 0.132118 
231 0.414959 
232 0.414959 
233 -0.250745 
234 0.139613 
235 -0.250745 
236 -0.157263 
237 0.102598 
238 0.214870 
239 0.007163 
240 0.148287 
241 0.375430 
242 -0.255386 
243 0.126087 
244 0.255874 
245 -0.409880 
246 -0.172571 
247 0.431713 
248 -0.376794 
249 0.443582 
250 0.493492 
251 -0.258132 
252 0.102598 
253 0.104258 
254 -0.255705 
255 -0.057472 
256 0.227130 
257 0.452966 
258 0.048163 
259 0.314460 
260 0.139613 
261 0.414959 
262 -0.217471 
263 -0.250745 
264 -0.281167 
265 0.331580 
266 -0.157263 
267 -0.328409 
268 0.214870 
269 0.102598 
270 -0.255386 
271 0.331580 
272 0.007163 
273 -0.320566 
274 0.148287 
275 -0.461559 
276 0.391060 
277 -0.409880 
278 -0.258132 
279 -0.461559 
280 0.126087 
281 0.069709 
282 0.391060 
283 0.365916 
284 0.415304 
285 0.126660 
286 -0.217471 
287 0.132118 
288 0.431713 
289 0.126087 
290 0.132118 
291 0.069709 
292 -0.409880 
293 -0.409880 
294 0.255874 
295 0.126087 
296 0.431713 
297 -0.376794 
298 0.431713 
299 0.314460 
300 0.255874 
301 0.126087 
302 0.139613 
303 0.132118 
304 -0.376794 
305 0.365916 
306 0.139613 
307 0.132118 
308 0.493492 
309 0.104258 
310 0.069709 
311 -0.157263 
312 0.493492 
313 -0.157263 
314 0.415304 
315 0.415304 
316 0.104258 
317 0.126087 
318 0.493492 
319 -0.476166 
320 0.139613 
321 0.126087 
322 0.365916 
323 -0.179592 
324 0.227130 
325 -0.157263 
326 0.493492 
327 -0.476166 
328 0.365916 
329 0.126660 
330 0.419090 
331 0.314460 
332 0.493492 
333 0.126660 
334 0.493492 
335 0.139613 
336 0.227130 
337 0.227130 
338 -0.157263 
339 0.415304 
340 -0.157263 
341 0.104258 
342 -0.217471 
343 -0.217471 
344 -0.217471 
345 0.314460 
346 0.314460 
347 0.227130 
348 0.126660 
349 -0.217471 
350 0.132118 
351 0.314460 
352 0.214870 
353 0.007163 
354 0.227130 
355 0.007163 
356 -0.390187 
357 -0.488309 
358 0.229855 
359 0.214870 
360 -0.255705 
361 0.148287 
362 0.314460 
363 0.331580 
364 -0.255705 
365 -0.272756 
366 0.139613 
367 0.494687 
368 0.227130 
369 -0.157263 
370 0.139613 
371 -0.054626 
372 0.214870 
373 0.313547 
374 -0.409880 
375 0.326640 
376 -0.202598 
377 0.105141 
378 -0.496738 
379 0.214870 
380 -0.157263 
381 0.139613 
382 0.254065 
383 -0.107058 
384 -0.408534 
385 0.314460 
386 0.139613 
387 0.307300 
388 -0.298190 
389 0.111092 
390 -0.265281 
391 -0.057472 
392 0.260869 
393 -0.057472 
394 0.214870 
395 0.452966 
396 -0.205676 
397 -0.032227 
398 0.214870 
399 0.007163 
400 0.007163 
401 0.304904 
402 0.103199 
403 -0.157263 
404 0.007163 
405 0.425798 
406 -0.340129 
407 0.285552 
408 0.452966 
409 0.431713 
410 -0.419179 
411 -0.179592 
412 0.419090 
413 0.431713 
414 -0.390187 
415 -0.488309 
416 0.229855 
417 0.331580 
418 -0.461559 
419 -0.376794 
420 0.365916 
421 0.104258 
422 -0.376794 
423 0.365916 
424 0.214870 
425 0.391060 
426 0.148287 
427 0.148287 
428 -0.050824 
429 0.411213 
430 0.141269 
431 0.148287 
432 0.048163 
433 0.048163 
434 -0.272756 
435 0.494687 
436 -0.054626 
437 -0.409880 
438 -0.328409 
439 -0.409880 
440 -0.409880 
441 -0.328409 
442 0.431713 
443 -0.409880 
444 0.313547 
445 0.148287 
446 -0.272473 
447 -0.172571 
448 0.214870 
449 0.326640 
450 -0.376794 
451 -0.202598 
452 -0.409880 
453 0.104258 
454 0.105141 
455 -0.376794 
456 -0.255705 
457 0.007163 
458 -0.496738 
459 0.007163 
460 0.254065 
461 -0.107058 
462 0.443582 
463 -0.408534 
464 0.007163 
465 0.443582 
466 0.104258 
467 0.307300 
468 -0.298190 
469 -0.057472 
470 0.148287 
471 0.103199 
472 0.104258 
473 0.425798 
474 -0.340129 
475 -0.255705 
476 0.285552 
477 -0.255705 
478 -0.409880 
479 -0.255705 
480 -0.419179 
481 -0.179592 
482 0.419090 
483 -0.390187 
484 0.148287 
485 -0.488309 
486 0.229855 
487 -0.272473 
488 -0.172571 
489 0.412847 
490 0.331580 
491 -0.461559 
492 0.391060 
493 0.412847 
494 -0.255705 
495 0.069709 
496 0.365916 
497 0.415304 
498 -0.255705 
499 0.148287 
500 0.431713 
501 -0.026261 
502 -0.057472 
503 0.431713 
504 0.111092 
505 -0.265281 
506 -0.057472 
507 0.431713 
508 -0.026261 
509 -0.376794 
510 0.260869 
511 -0.205676 
512 -0.032227 
513 0.304904 
514 -0.376794 
515 0.452966 
516 0.431713 
517 0.103199 
518 0.425798 
519 0.399873 
520 0.048163 
521 -0.057472 
522 0.104258 
523 -0.057472 
524 0.042491 
525 -0.278771 
526 -0.340129 
527 -0.376794 
528 -0.328409 
529 0.285552 
530 -0.376794 
531 0.104258 
532 -0.419179 
533 -0.328409 
534 -0.179592 
535 0.419090 
536 -0.255386 
537 -0.409880 
538 -0.390187 
539 -0.255386 
540 -0.488309 
541 0.415304 
542 -0.057472 
543 0.229855 
544 0.331580 
545 -0.461559 
546 0.415304 
547 0.391060 
548 0.069709 
549 0.365916 
550 -0.250745 
551 0.048163 
552 0.452966 
553 0.048163 
554 0.414959 
555 0.415304 
556 0.102598 
557 0.431713 
558 0.126660 
559 0.102598 
560 0.450273 
561 -0.217471 
562 0.132118 
563 0.126087 
564 0.493492 
565 0.450273 
566 -0.328409 
567 -0.281167 
568 -0.255386 
569 -0.255386 
570 -0.494929 
571 0.227130 
572 -0.494929 
573 -0.255386 
574 0.314460 
575 -0.205676 
576 -0.032227 
577 -0.255386 
578 0.304904 
579 -0.320566 
580 0.048163 
581 0.103199 
582 0.414959 
583 -0.250745 
584 0.414959 
585 0.425798 
586 0.414959 
587 0.399873 
588 0.042491 
589 0.104258 
590 -0.258132 
591 -0.278771 
592 0.285552 
593 -0.258132 
594 0.452966 
595 0.104258 
596 -0.258132 
597 -0.419179 
598 -0.179592 
599 0.452966 
600 0.452966 
601 0.452966 
602 0.048163 
603 0.419090 
604 0.048163 
605 -0.258132 
606 0.104258 
607 -0.328409 
608 -0.390187 
609 -0.328409 
610 -0.488309 
611 -0.320566 
612 0.102598 
613 0.255874 
614 -0.258132 
615 -0.250745 
616 0.229855 
617 -0.258132 
618 0.331580 
619 -0.250745 
620 0.126660 
621 0.375430 
622 -0.461559 
623 -0.255705 
624 -0.328409 
625 0.391060 
626 -0.217471 
627 0.126660 
628 0.375430 
629 0.255874 
630 -0.172571 
631 -0.281167 
632 -0.057472 
633 0.132118 
634 0.126087 
635 0.493492 
636 -0.255705 
637 0.452966 
638 0.227130 
639 0.314460 
640 0.139613 
641 0.255874 
642 -0.172571 
643 0.443582 
644 -0.157263 
645 0.214870 
646 0.007163 
647 0.148287 
648 -0.409880 
649 0.126660 
650 -0.057472 
651 0.431713 
652 -0.376794 
653 -0.488309 
654 0.229855 
655 0.126660 
656 -0.217471 
657 0.102598 
658 0.255874 
659 0.331580 
660 -0.461559 
661 0.048163 
662 0.375430 
663 0.391060 
664 0.069709 
665 0.365916 
666 0.375430 
667 -0.255705 
668 0.415304 
669 -0.255705 
670 0.126660 
671 -0.057472 
672 0.452966 
673 -0.217471 
674 -0.057472 
675 0.132118 
676 0.126087 
677 0.493492 
678 0.452966 
679 0.227130 
680 0.314460 
681 0.048163 
682 0.139613 
683 -0.157263 
684 -0.217471 
685 0.069709 
686 -0.328409 
687 0.227130 
688 -0.328409 
689 0.214870 
690 0.007163 
691 0.132118 
692 0.048163 
693 0.148287 
694 -0.409880 
695 0.431713 
696 0.132118 
697 0.048163 
698 0.365916 
699 0.443582 
700 0.365916 
701 -0.255386 
702 -0.376794 
703 0.104258 
704 -0.255705 
705 0.452966 
706 -0.057472 
707 0.452966 
708 0.048163 
709 -0.328409 
710 -0.255386 
711 0.126087 
712 -0.258132 
713 -0.328409 
714 -0.255386 
715 -0.258132 
716 0.414959 
717 -0.258132 
718 -0.328409 
719 0.414959 
720 0.493492 
721 0.069709 
722 -0.488309 
723 0.229855 
724 0.331580 
725 0.493492 
726 0.227130 
727 -0.461559 
728 0.391060 
729 0.139613 
730 -0.250745 
731 -0.255386 
732 0.415304 
733 -0.258132 
734 0.069709 
735 0.415304 
736 -0.255386 
737 0.126660 
738 0.365916 
739 0.126660 
740 -0.258132 
741 0.126087 
742 0.415304 
743 0.414959 
744 0.126660 
745 -0.217471 
746 0.102598 
747 0.314460 
748 0.132118 
749 0.126087 
750 0.493492 
751 0.227130 
752 0.314460 
753 0.139613 
754 -0.157263 
755 0.132118 
756 0.414959 
757 0.132118 
758 0.414959 
759 0.139613 
760 0.126087 
761 -0.250745 
762 0.214870 
763 0.007163 
764 0.148287 
765 -0.157263 
766 0.102598 
767 -0.409880 
768 -0.409880 
769 -0.157263 
770 0.431713 
771 -0.376794 
772 0.214870 
773 0.314460 
774 -0.217471 
775 0.104258 
776 -0.255705 
777 0.214870 
778 0.007163 
779 0.414959 
780 -0.217471 
781 -0.057472 
782 0.007163 
783 0.148287 
784 0.452966 
785 0.414959 
786 0.048163 
787 -0.328409 
788 -0.255386 
789 -0.250745 
790 -0.258132 
791 0.148287 
792 0.375430 
793 -0.250745 
794 0.414959 
795 0.375430 
796 -0.255386 
797 -0.488309 
798 0.102598 
799 0.126087 
800 0.255874 
801 0.104258 
802 0.229855 
803 0.331580 
804 0.255874 
805 -0.409880 
806 -0.461559 
807 0.391060 
808 -0.172571 
809 -0.057472 
810 0.069709 
811 -0.172571 
812 0.365916 
813 0.415304 
814 0.431713 
815 -0.376794 
816 0.126660 
817 0.431713 
818 -0.376794 
819 -0.217471 
820 0.132118 
821 0.443582 
822 -0.255386 
823 0.126087 
824 0.443582 
825 0.493492 
826 -0.258132 
827 0.493492 
828 -0.258132 
829 0.102598 
830 0.104258 
831 0.493492 
832 -0.057472 
833 0.227130 
834 0.314460 
835 -0.281167 
836 -0.255705 
837 0.139613 
838 -0.255705 
839 -0.157263 
840 0.214870 
841 0.007163 
842 0.452966 
843 0.048163 
844 0.148287 
845 -0.409880 
846 0.048163 
847 0.314460 
848 0.314460 
849 0.431713 
850 -0.376794 
851 0.104258 
852 0.139613 
853 0.414959 
854 -0.255705 
855 0.414959 
856 -0.217471 
857 -0.217471 
858 -0.250745 
859 -0.281167 
860 -0.057472 
861 0.452966 
862 -0.250745 
863 0.048163 
864 -0.328409 
865 -0.255386 
866 0.227130 
867 0.452966 
868 0.227130 
869 -0.258132 
870 0.414959 
871 -0.488309 
872 0.331580 
873 -0.157263 
874 0.229855 
875 -0.157263 
876 -0.328409 
877 0.331580 
878 -0.328409 
879 0.214870 
880 -0.255386 
881 0.214870 
882 0.139613 
883 -0.461559 
884 0.391060 
885 0.102598 
886 0.148287 
887 0.069709 
888 0.331580 
889 0.365916 
890 0.415304 
891 0.126660 
892 0.331580 
893 -0.217471 
894 0.132118 
895 0.331580 
896 0.126087 
897 0.493492 
898 -0.255386 
899 0.007163 
900 0.102598 
901 0.227130 
902 0.314460 
903 0.148287 
904 0.139613 
905 0.007163 
906 -0.320566 
907 -0.157263 
908 0.126087 
909 -0.258132 
910 -0.320566 
911 0.391060 
912 -0.461559 
913 0.214870 
914 0.126087 
915 -0.258132 
916 -0.409880 
917 0.391060 
918 -0.461559 
919 0.007163 
920 0.148287 
921 -0.409880 
922 -0.409880 
923 0.431713 
924 -0.376794 
925 0.104258 
926 -0.461559 
927 -0.255705 
928 -0.461559 
929 -0.057472 
930 0.069709 
931 0.365916 
932 0.391060 
933 0.069709 
934 0.365916 
935 0.391060 
936 0.415304 
937 0.452966 
938 0.415304 
939 0.126660 
940 0.048163 
941 0.126660 
942 -0.217471 
943 -0.217471 
944 0.132118 
945 0.431713 
946 0.132118 
947 0.431713 
948 0.126087 
949 0.069709 
950 0.126087 
951 -0.328409 
952 0.069709 
953 0.132118 
954 -0.255386 
955 -0.258132 
956 0.132118 
957 0.414959 
