39 1
0 -0.326652 
1 0.224144 
2 -0.007178 
3 0.113766 
4 0.184432 
5 -0.239321 
6 0.386930 
7 -0.026890 
8 0.073026 
9 -0.392593 
10 -0.403895 
11 0.450201 
12 0.097779 
13 -0.014807 
14 -0.277443 
15 -0.438051 
16 0.339355 
17 0.134436 
18 -0.394869 
19 0.414044 
20 -0.023254 
21 0.223460 
22 -0.352214 
23 0.242838 
24 0.245475 
25 -0.437562 
26 0.295109 
27 0.101608 
28 0.145840 
29 0.166714 
30 0.220445 
31 0.378101 
32 0.224144 
33 -0.007178 
34 0.113766 
35 0.184432 
36 -0.239321 
37 0.386930 
38 -0.239321 
