3072 1
2504 3.043706 
2792 2.935430 
356 2.681444 
344 2.657368 
1880 2.527183 
2648 2.455946 
2768 2.446568 
2904 2.431887 
1232 2.403347 
1736 2.393167 
2276 2.389114 
1524 2.385860 
2780 2.379443 
200 2.373534 
0 2.354989 
3060 2.353374 
1579 2.352308 
1494 2.350934 
738 2.335765 
1302 2.312044 
456 2.310939 
1368 2.307508 
44 2.304273 
2256 2.300748 
678 2.297800 
1256 2.292531 
3030 2.284915 
2982 2.281915 
3024 2.272846 
3036 2.270862 
228 2.268236 
2838 2.253114 
208 2.250777 
619 2.250751 
3048 2.250691 
744 2.231017 
2280 2.230609 
3043 2.223475 
2000 2.219240 
1124 2.218887 
2886 2.217516 
2214 2.217207 
2660 2.216573 
1743 2.213943 
720 2.213259 
2024 2.210943 
1231 2.204899 
2726 2.199191 
732 2.196713 
1892 2.195260 
578 2.194997 
726 2.185802 
2767 2.184568 
1500 2.180856 
2396 2.177279 
1958 2.176705 
488 2.174721 
1580 2.174605 
144 2.168255 
2347 2.164033 
2624 2.159501 
3042 2.159485 
1190 2.158703 
1409 2.156699 
8 2.153625 
739 2.152701 
860 2.148032 
2292 2.146516 
235 2.128194 
2538 2.126877 
1217 2.126611 
1110 2.125494 
92 2.121929 
847 2.117670 
650 2.115666 
1507 2.109193 
2268 2.104499 
2012 2.102860 
2274 2.102797 
2155 2.102353 
2191 2.096592 
920 2.089285 
2762 2.087693 
555 2.084891 
1674 2.084313 
1891 2.081470 
641 2.080325 
278 2.079186 
372 2.075510 
2262 2.074597 
385 2.074194 
1002 2.070346 
1838 2.070272 
1814 2.068772 
2148 2.066346 
1104 2.063204 
138 2.062123 
1050 2.061028 
463 2.056878 
534 2.051163 
1226 2.049231 
2977 2.049131 
790 2.045217 
1112 2.043909 
1512 2.042991 
2186 2.040868 
2383 2.040529 
1092 2.038653 
1167 2.037870 
355 2.036914 
1818 2.030951 
655 2.030791 
2862 2.028937 
2945 2.022655 
2548 2.022363 
426 2.021595 
932 2.020122 
342 2.019711 
2922 2.019080 
193 2.017969 
2070 2.017828 
348 2.017529 
2177 2.015608 
282 2.015601 
2828 2.015346 
1551 2.011460 
548 2.010546 
1770 2.010537 
1772 2.003762 
152 2.003700 
1244 2.002973 
1482 2.001415 
2575 2.001361 
660 2.000022 
2760 1.998839 
2881 1.998294 
464 1.997563 
1116 1.996756 
734 1.996595 
1908 1.996461 
2036 1.995355 
2312 1.995332 
296 1.995212 
1003 1.992315 
1123 1.991034 
1999 1.990858 
474 1.990488 
236 1.990323 
2694 1.990260 
2959 1.988444 
1490 1.987300 
961 1.986253 
1024 1.986238 
2456 1.983703 
1884 1.978876 
1146 1.978361 
918 1.975606 
2326 1.975200 
966 1.974446 
271 1.974236 
3070 1.973242 
1878 1.973144 
43 1.969180 
2077 1.968038 
166 1.966356 
1496 1.965339 
1304 1.965103 
541 1.963039 
776 1.962842 
49 1.961408 
2582 1.958425 
1098 1.954079 
2689 1.951725 
2646 1.951584 
1039 1.950624 
2840 1.949247 
2046 1.949130 
522 1.948911 
1914 1.948103 
2852 1.947210 
198 1.946489 
634 1.944986 
2874 1.942784 
2659 1.941202 
476 1.939993 
1935 1.937017 
234 1.936709 
2502 1.936055 
2353 1.935703 
2908 1.934993 
984 1.934867 
1508 1.934077 
2882 1.934027 
706 1.932723 
1386 1.930441 
2593 1.929881 
29 1.927818 
996 1.927648 
2467 1.927544 
2113 1.926426 
2682 1.925525 
673 1.924622 
1073 1.924441 
2703 1.924052 
2275 1.923988 
2799 1.921271 
2097 1.921138 
756 1.920871 
1329 1.919183 
2570 1.918866 
1292 1.917656 
157 1.916426 
378 1.915312 
1992 1.914048 
708 1.913897 
2778 1.913679 
65 1.912268 
1423 1.911727 
1122 1.911723 
625 1.911637 
1009 1.911487 
2433 1.909453 
1926 1.907836 
988 1.907060 
276 1.906386 
1090 1.906167 
976 1.906122 
1771 1.905850 
2319 1.905377 
2250 1.904737 
1688 1.903342 
2640 1.902703 
1658 1.902684 
449 1.901212 
1962 1.900576 
1921 1.900516 
500 1.896957 
1565 1.896497 
2753 1.895536 
38 1.892828 
2520 1.890921 
1118 1.890629 
15 1.889205 
2154 1.889011 
1315 1.887853 
3038 1.887061 
1744 1.886893 
2851 1.886870 
1574 1.886555 
833 1.886050 
982 1.883754 
422 1.883736 
811 1.883435 
305 1.882675 
3018 1.882368 
129 1.882335 
1012 1.880365 
2454 1.876996 
2156 1.876972 
2497 1.875614 
1387 1.875256 
1032 1.875149 
90 1.873312 
1693 1.872248 
1665 1.871535 
1488 1.869520 
1441 1.869106 
1034 1.866717 
748 1.866517 
1953 1.865665 
1506 1.864733 
1994 1.864279 
2241 1.862249 
1553 1.861708 
220 1.857907 
1252 1.857112 
3026 1.857087 
2348 1.856807 
2929 1.856034 
2576 1.854185 
2048 1.854135 
1702 1.853014 
26 1.852777 
2092 1.852283 
1985 1.851579 
906 1.851163 
852 1.851112 
207 1.850330 
2868 1.850279 
369 1.848391 
1558 1.848100 
2658 1.847859 
1569 1.847097 
2539 1.847041 
2468 1.846887 
2603 1.845747 
1963 1.845355 
2600 1.845249 
2705 1.841941 
1046 1.841701 
1022 1.839637 
2598 1.838371 
458 1.838180 
968 1.837953 
1446 1.837811 
2388 1.837482 
2732 1.835461 
1850 1.835377 
1153 1.834992 
2668 1.834723 
1372 1.833877 
143 1.832137 
848 1.831814 
897 1.831228 
2678 1.830480 
1094 1.829703 
16 1.829678 
1140 1.827736 
714 1.827201 
2442 1.827063 
1316 1.825872 
556 1.825696 
1195 1.825429 
2731 1.824994 
2923 1.824237 
814 1.823918 
2540 1.822533 
2954 1.821905 
314 1.819625 
3050 1.815771 
1338 1.814466 
2902 1.814042 
758 1.812750 
1068 1.812718 
2356 1.812683 
1844 1.812391 
746 1.808602 
7 1.808184 
820 1.807699 
1393 1.807160 
2586 1.805173 
2114 1.804568 
392 1.804409 
322 1.804215 
1649 1.803431 
529 1.801285 
390 1.800721 
1418 1.800262 
2628 1.800119 
1473 1.799913 
310 1.798833 
163 1.798266 
826 1.797517 
1905 1.797062 
1106 1.796578 
2721 1.796295 
1053 1.795850 
1201 1.794471 
433 1.793990 
2966 1.793712 
417 1.793157 
244 1.792279 
705 1.790643 
1396 1.789777 
1681 1.789569 
620 1.788691 
257 1.788301 
931 1.787568 
1457 1.787542 
2481 1.787416 
1128 1.786586 
536 1.786404 
902 1.786203 
2524 1.785609 
1169 1.785339 
2058 1.784431 
1196 1.782987 
2298 1.782004 
2369 1.779441 
1323 1.778837 
2532 1.778029 
2417 1.777355 
584 1.777107 
1474 1.775933 
614 1.775541 
188 1.774895 
1679 1.774098 
177 1.773943 
1062 1.772204 
2636 1.772175 
2064 1.771738 
1793 1.770844 
934 1.770656 
1111 1.769815 
1044 1.769227 
2244 1.767958 
881 1.766841 
2932 1.765965 
1380 1.764968 
1620 1.763593 
733 1.761727 
2100 1.761354 
1078 1.760283 
1764 1.758964 
2310 1.758803 
2424 1.758087 
1729 1.758029 
3012 1.756917 
919 1.756268 
1605 1.755528 
613 1.754199 
3044 1.754140 
2618 1.753831 
1346 1.753376 
1132 1.751674 
399 1.750608 
1530 1.750095 
2589 1.749700 
2084 1.749644 
3057 1.748709 
740 1.748182 
1194 1.748001 
1382 1.747222 
2196 1.746907 
570 1.746415 
78 1.746192 
810 1.745960 
3014 1.745455 
2865 1.745249 
2772 1.744412 
2091 1.744383 
2074 1.744208 
2225 1.743952 
1181 1.743539 
2534 1.743044 
427 1.742992 
1608 1.742228 
2362 1.742108 
2730 1.741999 
2394 1.740589 
2511 1.739902 
3066 1.739687 
1521 1.738734 
2498 1.738125 
1601 1.735154 
54 1.734402 
1552 1.734196 
1377 1.733749 
1057 1.733283 
354 1.732932 
289 1.732861 
470 1.732402 
2491 1.731444 
884 1.730751 
785 1.730474 
2416 1.729777 
1654 1.729762 
1067 1.729034 
1159 1.727290 
812 1.727000 
646 1.726752 
2170 1.725930 
794 1.724725 
496 1.724332 
1040 1.724076 
780 1.724017 
1162 1.723737 
338 1.723567 
2580 1.722237 
1345 1.721704 
2330 1.721317 
2083 1.721143 
2790 1.721022 
1724 1.720827 
762 1.720516 
1320 1.719840 
2150 1.718939 
527 1.717824 
2737 1.717349 
2938 1.717070 
2358 1.716490 
2133 1.716217 
2916 1.715862 
2390 1.715603 
102 1.715552 
1546 1.715052 
858 1.714765 
1332 1.714212 
2918 1.713877 
2950 1.713620 
1334 1.713581 
2004 1.712393 
2138 1.709620 
2118 1.709489 
2436 1.709310 
80 1.709139 
2205 1.708684 
182 1.707628 
299 1.707205 
2129 1.707158 
2128 1.707052 
689 1.706999 
1430 1.706706 
6 1.705819 
2006 1.705667 
421 1.704669 
666 1.704254 
2102 1.703156 
1450 1.700445 
2892 1.700416 
962 1.700312 
597 1.699769 
2634 1.699243 
2604 1.697860 
22 1.697072 
1025 1.696389 
1082 1.695905 
1855 1.693920 
1206 1.693457 
842 1.693074 
1594 1.692966 
2406 1.692357 
1670 1.691447 
2833 1.691375 
1750 1.691200 
2774 1.690765 
2136 1.690035 
52 1.689666 
1142 1.688873 
1089 1.687870 
774 1.687472 
1309 1.686995 
3062 1.686907 
214 1.686470 
1361 1.686211 
1407 1.684090 
288 1.684088 
1297 1.683742 
630 1.683197 
2816 1.682755 
657 1.682751 
2305 1.682634 
598 1.682100 
547 1.681853 
1350 1.681209 
924 1.680592 
85 1.680007 
1031 1.679753 
1543 1.679750 
817 1.678916 
74 1.678794 
122 1.676352 
859 1.674101 
443 1.674033 
879 1.673638 
2609 1.673512 
1436 1.673255 
583 1.673145 
1268 1.672814 
721 1.672060 
256 1.669919 
840 1.669186 
3037 1.669060 
1700 1.668752 
2367 1.667733 
1514 1.667545 
2230 1.667464 
164 1.666883 
319 1.666784 
1224 1.666561 
2698 1.666399 
2561 1.665941 
838 1.665730 
113 1.665176 
1160 1.665116 
609 1.665102 
2460 1.664774 
2676 1.664309 
230 1.664146 
998 1.663713 
561 1.662004 
2106 1.661367 
79 1.661341 
1263 1.661328 
2887 1.660592 
2859 1.660203 
1874 1.659268 
1281 1.657939 
2378 1.657608 
266 1.656561 
2193 1.656419 
1663 1.656306 
753 1.656254 
2654 1.655387 
1117 1.654745 
1922 1.654627 
1284 1.654152 
284 1.654054 
469 1.653723 
2915 1.652837 
162 1.652417 
2717 1.651688 
564 1.651202 
2321 1.651158 
2161 1.649427 
2420 1.648100 
1414 1.647970 
199 1.647789 
1968 1.647645 
1416 1.646996 
600 1.646599 
2614 1.646426 
1713 1.645524 
831 1.644445 
1105 1.644288 
1644 1.644174 
2145 1.644018 
710 1.644004 
33 1.643865 
108 1.642205 
2992 1.641826 
528 1.641612 
468 1.641158 
1290 1.639830 
2804 1.639794 
546 1.639568 
1585 1.639492 
1366 1.638966 
2901 1.638009 
2284 1.636435 
2119 1.636267 
337 1.636066 
2512 1.635782 
566 1.635757 
2949 1.635288 
1351 1.635014 
1800 1.634952 
2060 1.634778 
2695 1.634527 
712 1.634221 
1699 1.634163 
1866 1.634102 
2820 1.633865 
2016 1.633387 
3010 1.632817 
2063 1.632098 
2766 1.632043 
1735 1.631913 
1841 1.631334 
2972 1.630609 
1627 1.630201 
1942 1.630139 
2232 1.630003 
2056 1.628992 
1516 1.628923 
576 1.628303 
1615 1.627501 
2779 1.626913 
497 1.626400 
2134 1.626152 
2970 1.625413 
592 1.624950 
1698 1.623194 
408 1.623003 
2544 1.622593 
783 1.622434 
1807 1.622168 
1476 1.620793 
2652 1.620666 
3001 1.620242 
1590 1.619662 
956 1.618037 
17 1.618020 
171 1.617812 
1862 1.617324 
2965 1.617042 
696 1.616706 
2560 1.616612 
2928 1.616428 
1478 1.616292 
1249 1.616243 
684 1.615714 
2082 1.615341 
1392 1.615007 
1777 1.614135 
769 1.614014 
2337 1.613609 
804 1.613362 
120 1.613328 
1820 1.613301 
1798 1.612556 
1151 1.612182 
428 1.612013 
1944 1.611611 
1989 1.611519 
495 1.611148 
2072 1.611018 
993 1.609350 
2917 1.609056 
2203 1.608956 
654 1.607608 
872 1.606870 
2107 1.606506 
2696 1.606019 
661 1.605044 
150 1.604871 
2086 1.604752 
250 1.604236 
2518 1.603576 
225 1.602957 
324 1.602723 
602 1.601866 
1858 1.600811 
2408 1.600712 
2269 1.600404 
2033 1.600147 
2065 1.599580 
1468 1.599023 
364 1.598431 
2175 1.598413 
2291 1.598028 
2474 1.597824 
669 1.597192 
462 1.596006 
1429 1.594086 
481 1.593853 
854 1.592709 
2913 1.592684 
1435 1.592664 
593 1.592560 
2844 1.592147 
1792 1.591237 
2712 1.591101 
1638 1.590845 
700 1.590839 
1626 1.590581 
2400 1.590449 
801 1.589872 
313 1.589849 
1359 1.589682 
577 1.589681 
972 1.589222 
1236 1.588445 
970 1.587858 
2431 1.587214 
1811 1.586805 
2270 1.586765 
2304 1.586487 
1130 1.586313 
84 1.586118 
796 1.585113 
406 1.583758 
768 1.583738 
2845 1.583719 
730 1.583089 
995 1.582583 
419 1.582199 
1756 1.582172 
2438 1.582121 
1242 1.581875 
2664 1.581419 
2744 1.581241 
2246 1.580911 
2673 1.580744 
486 1.579905 
719 1.579361 
1137 1.579040 
829 1.578002 
1930 1.577818 
1890 1.577721 
2361 1.577422 
880 1.577298 
2426 1.577077 
444 1.576950 
1766 1.576025 
1572 1.575982 
104 1.575822 
1937 1.573922 
939 1.572364 
2255 1.571936 
3052 1.571730 
1208 1.571259 
925 1.570390 
2341 1.569934 
755 1.569486 
2522 1.569093 
981 1.567406 
766 1.566940 
308 1.566270 
1754 1.566019 
1804 1.565886 
2493 1.565828 
2826 1.565084 
1643 1.564935 
2294 1.564808 
1489 1.563689 
1948 1.563641 
1704 1.563487 
1857 1.563184 
900 1.561674 
2607 1.561210 
1093 1.560396 
1402 1.560382 
944 1.560248 
2708 1.559678 
2447 1.559557 
386 1.559472 
2814 1.559467 
2808 1.559347 
2218 1.559266 
1835 1.558443 
2020 1.558395 
2324 1.557766 
2842 1.557025 
58 1.556902 
2333 1.555995 
911 1.555754 
2906 1.555027 
2801 1.554737 
2376 1.554573 
2461 1.554447 
1745 1.553947 
2449 1.552882 
1964 1.552642 
1434 1.552398 
1956 1.551816 
438 1.551662 
2140 1.551181 
1466 1.551111 
2642 1.550391 
1802 1.549949 
513 1.549854 
1825 1.549606 
1484 1.549389 
1588 1.548863 
618 1.548831 
1707 1.548785 
1477 1.548578 
2219 1.548577 
1179 1.548520 
792 1.548514 
412 1.547838 
722 1.547809 
694 1.547760 
2306 1.547069 
330 1.545846 
264 1.545683 
127 1.545093 
890 1.544847 
1534 1.544694 
2788 1.544318 
2987 1.543968 
2470 1.543576 
194 1.541968 
2960 1.541282 
2545 1.541074 
2183 1.540745 
1730 1.540651 
1306 1.539704 
2687 1.539675 
2800 1.539577 
1969 1.539511 
2220 1.539465 
172 1.539462 
1456 1.539309 
2257 1.539144 
775 1.538185 
901 1.537839 
683 1.536728 
432 1.536123 
2806 1.535866 
2748 1.535637 
1308 1.535061 
2415 1.534942 
797 1.534618 
2817 1.534413 
3013 1.534059 
803 1.533505 
2011 1.533234 
955 1.533168 
639 1.533158 
2384 1.532576 
1238 1.531841 
349 1.531771 
1017 1.531538 
216 1.531404 
265 1.530975 
2190 1.530967 
2976 1.530960 
1896 1.529919 
453 1.529861 
2986 1.528743 
1860 1.528699 
2653 1.528218 
1708 1.527983 
1462 1.527979 
898 1.527655 
2577 1.526672 
912 1.526087 
1501 1.525889 
454 1.525771 
401 1.525405 
1936 1.525040 
997 1.524816 
3025 1.523991 
2242 1.523891 
1765 1.523484 
1610 1.523434 
2209 1.523312 
2490 1.522332 
605 1.522156 
1984 1.521618 
2690 1.521339 
1502 1.521098 
1640 1.520803 
42 1.520151 
832 1.519819 
2993 1.519376 
1749 1.519335 
2010 1.517922 
571 1.517778 
1632 1.517720 
1871 1.517719 
1734 1.516804 
2181 1.516795 
300 1.516760 
405 1.516646 
1274 1.516330 
1014 1.515781 
1813 1.514866 
1718 1.514699 
2328 1.514561 
442 1.514382 
326 1.514260 
2122 1.513972 
1537 1.513217 
1102 1.513129 
1099 1.512750 
763 1.512205 
2581 1.512123 
2588 1.512044 
1536 1.511448 
1141 1.511286 
1830 1.511219 
343 1.510931 
186 1.510750 
2038 1.510086 
977 1.509111 
3058 1.509005 
3002 1.508839 
1373 1.508528 
913 1.508249 
1314 1.508033 
2285 1.507959 
2055 1.507603 
754 1.506397 
524 1.506198 
2395 1.505889 
2896 1.505510 
668 1.505394 
1295 1.505251 
374 1.504299 
1562 1.503674 
954 1.503644 
133 1.503036 
510 1.502924 
1531 1.502769 
2632 1.502560 
118 1.501109 
59 1.500889 
2890 1.500340 
552 1.499448 
1873 1.499177 
550 1.498507 
1928 1.498095 
1600 1.497710 
2567 1.497486 
1445 1.497168 
2822 1.496842 
945 1.496507 
1832 1.496490 
1544 1.496415 
2445 1.496379 
1 1.495809 
2897 1.494768 
2850 1.494618 
1786 1.494305 
2164 1.492284 
226 1.492181 
1495 1.491551 
1616 1.490520 
2198 1.490433 
914 1.490089 
2236 1.489687 
806 1.489506 
285 1.489432 
383 1.489208 
893 1.488904 
1432 1.488696 
2513 1.488687 
1030 1.488261 
2336 1.487927 
2998 1.487866 
1352 1.487750 
1722 1.487688 
1424 1.487613 
1694 1.487536 
2340 1.487397 
874 1.486666 
1483 1.486295 
742 1.484938 
1212 1.484790 
2147 1.484720 
1254 1.484411 
1738 1.484353 
846 1.484083 
2667 1.483418 
3016 1.483387 
1324 1.483315 
1298 1.483211 
682 1.483001 
770 1.482889 
2877 1.482374 
1990 1.482168 
628 1.482159 
612 1.481248 
647 1.481212 
1243 1.480737 
2184 1.480664 
2316 1.480503 
2382 1.480438 
480 1.479759 
1853 1.479447 
394 1.479357 
868 1.479020 
948 1.478808 
156 1.478181 
2088 1.477858 
1041 1.477824 
1578 1.477418 
1686 1.477383 
420 1.477377 
908 1.477031 
2752 1.476519 
1045 1.476333 
1222 1.476085 
938 1.475983 
787 1.475443 
2810 1.475432 
1898 1.474982 
273 1.474951 
2942 1.474750 
870 1.473984 
3034 1.473670 
698 1.473656 
2742 1.473398 
413 1.473185 
1365 1.472378 
365 1.472219 
1557 1.471951 
2574 1.471925 
1631 1.471103 
1692 1.470191 
1780 1.470068 
1400 1.469145 
2049 1.468086 
1821 1.467886 
680 1.467693 
2785 1.467262 
145 1.466801 
362 1.466646 
656 1.466464 
2302 1.466173 
1901 1.466143 
1684 1.465319 
2554 1.465287 
2455 1.464546 
63 1.464084 
582 1.464037 
2234 1.463509 
2332 1.463427 
1215 1.463369 
262 1.463330 
1823 1.463104 
1282 1.462457 
261 1.462431 
864 1.462261 
240 1.462230 
610 1.462161 
2401 1.461358 
2450 1.461011 
1761 1.461010 
2796 1.460949 
674 1.460875 
506 1.460481 
2612 1.460268 
2264 1.459398 
400 1.459229 
2311 1.459065 
1622 1.458798 
2565 1.458209 
2558 1.457800 
2404 1.457175 
1998 1.456189 
1448 1.455568 
2410 1.455464 
1597 1.454661 
2342 1.454351 
1533 1.454146 
151 1.453707 
1614 1.453656 
950 1.452433 
2176 1.452204 
283 1.452114 
10 1.452088 
1595 1.451950 
1941 1.451880 
2709 1.451206 
1008 1.450805 
2517 1.450691 
805 1.450595 
2434 1.450241 
1004 1.450187 
2126 1.449179 
132 1.448831 
695 1.448131 
1018 1.447606 
1133 1.447151 
717 1.446970 
1139 1.446452 
2290 1.446128 
2472 1.445913 
2141 1.445467 
318 1.445460 
2531 1.445371 
1824 1.444736 
1809 1.444557 
466 1.443419 
3031 1.443013 
2462 1.443012 
1187 1.442986 
2971 1.442358 
1538 1.442039 
213 1.442014 
2374 1.441614 
2484 1.441560 
1900 1.441227 
1872 1.441168 
325 1.440871 
1782 1.440796 
1051 1.440704 
209 1.439894 
611 1.439892 
709 1.439840 
1711 1.439784 
1038 1.439546 
967 1.438485 
1918 1.438383 
1885 1.438354 
1356 1.438142 
1285 1.437657 
1972 1.437107 
3023 1.436828 
1176 1.436427 
1270 1.436391 
2440 1.436256 
360 1.436121 
2909 1.435652 
2893 1.435614 
1589 1.435358 
2975 1.435153 
1185 1.435079 
2210 1.434744 
2041 1.434458 
1056 1.434280 
2629 1.434107 
1977 1.432738 
2221 1.432549 
1979 1.432244 
2824 1.431517 
1915 1.431492 
2486 1.431315 
2448 1.430736 
1168 1.430654 
2952 1.430495 
2773 1.430359 
1812 1.430282 
1981 1.429916 
1828 1.429670 
1451 1.429613 
2684 1.429516 
1158 1.428640 
98 1.427942 
2031 1.427924 
1542 1.427910 
2587 1.427588 
3005 1.427528 
246 1.427325 
321 1.427243 
588 1.426966 
2999 1.425797 
294 1.425794 
2032 1.425760 
436 1.425752 
2927 1.425462 
1260 1.425093 
1801 1.424369 
2022 1.424272 
1237 1.423813 
173 1.423272 
2968 1.423272 
1687 1.423124 
1172 1.422819 
1668 1.422192 
1709 1.421588 
1154 1.421501 
1637 1.421410 
718 1.420683 
1087 1.419601 
2204 1.419384 
2289 1.419247 
2647 1.419019 
1463 1.418949 
2725 1.418581 
1723 1.418454 
492 1.417551 
1910 1.417364 
1286 1.417345 
512 1.416272 
221 1.415795 
2888 1.415201 
332 1.413321 
1980 1.413301 
69 1.413167 
363 1.413082 
2704 1.412997 
891 1.412930 
688 1.412784 
218 1.412359 
2953 1.412355 
1943 1.411937 
1413 1.411649 
1834 1.410919 
2054 1.410906 
2869 1.410751 
586 1.410513 
1983 1.410313 
2879 1.410270 
242 1.409777 
2964 1.409488 
1343 1.409366 
2477 1.409088 
1276 1.408887 
482 1.408251 
662 1.407770 
1498 1.407769 
1949 1.407556 
573 1.406779 
1469 1.406662 
789 1.406418 
2529 1.405697 
2480 1.405222 
1149 1.405015 
1152 1.404029 
1379 1.403193 
685 1.402915 
2437 1.402687 
1879 1.402437 
664 1.402004 
2192 1.401248 
2282 1.401212 
445 1.401119 
589 1.400871 
252 1.400711 
2166 1.400476 
1174 1.400382 
254 1.400151 
2533 1.400147 
821 1.399993 
1180 1.399823 
1388 1.399752 
2200 1.399436 
1975 1.399043 
2346 1.399036 
2475 1.399019 
841 1.398935 
1398 1.398400 
2008 1.397166 
936 1.396735 
3022 1.396494 
1899 1.395688 
1762 1.395652 
2197 1.395529 
1467 1.395482 
516 1.395434 
2758 1.395340 
1325 1.395255 
2621 1.395177 
170 1.394797 
1138 1.394578 
1453 1.394278 
2613 1.393867 
2858 1.393671 
1147 1.393536 
107 1.393474 
1678 1.392807 
125 1.392580 
1680 1.392428 
2716 1.392124 
1526 1.392026 
930 1.391259 
957 1.391073 
517 1.391013 
509 1.390928 
2422 1.390845 
727 1.390752 
2373 1.390161 
1666 1.390061 
2248 1.389481 
97 1.389071 
1210 1.388798 
2245 1.388449 
397 1.388415 
1560 1.387873 
1186 1.387556 
3067 1.387510 
572 1.386762 
2786 1.386556 
2616 1.386173 
2739 1.385800 
2880 1.385708 
1058 1.385465 
648 1.385220 
1788 1.385136 
20 1.384801 
1656 1.384590 
70 1.384295 
484 1.383543 
3009 1.383541 
1628 1.383008 
943 1.382203 
1974 1.382195 
202 1.382151 
1816 1.382070 
1465 1.381681 
35 1.380886 
2392 1.380459 
2557 1.380033 
1280 1.379866 
1946 1.379863 
130 1.379703 
2339 1.378996 
1207 1.378423 
148 1.378343 
1055 1.378288 
1955 1.378159 
168 1.377901 
1029 1.377856 
1264 1.376939 
184 1.376706 
1126 1.376531 
1790 1.376511 
2185 1.376440 
2208 1.376422 
1060 1.376392 
1452 1.376305 
2389 1.376302 
1951 1.376207 
824 1.376202 
2146 1.375924 
2231 1.375416 
1428 1.375127 
328 1.375085 
2476 1.375048 
2266 1.374251 
2042 1.374035 
559 1.373990 
1189 1.373929 
1706 1.373887 
765 1.373823 
2641 1.373688 
2078 1.373548 
1633 1.372795 
590 1.372618 
2216 1.371893 
2377 1.371744 
1621 1.371606 
1848 1.371374 
1978 1.370890 
2108 1.370491 
2834 1.370131 
2173 1.369511 
1864 1.369130 
2028 1.368836 
2989 1.368531 
1076 1.367925 
1487 1.367517 
816 1.367443 
2714 1.367427 
2368 1.366759 
960 1.366584 
411 1.365915 
565 1.365864 
2149 1.365092 
1840 1.365090 
3046 1.364211 
1064 1.364063 
2724 1.363294 
1728 1.363143 
538 1.362832 
1827 1.362431 
3004 1.362368 
490 1.362211 
799 1.362152 
2366 1.361639 
379 1.361606 
2555 1.360552 
1278 1.359834 
100 1.359660 
2596 1.359182 
1354 1.359102 
2941 1.358515 
1007 1.358311 
475 1.358162 
2856 1.357957 
1645 1.357811 
540 1.357375 
2566 1.356188 
61 1.355477 
1845 1.355431 
604 1.355392 
304 1.355384 
2747 1.355061 
36 1.355042 
2466 1.354963 
1971 1.354716 
1440 1.353827 
1272 1.353540 
2503 1.353093 
301 1.353016 
1587 1.351640 
1417 1.351113 
994 1.351102 
2784 1.351076 
2127 1.351007 
731 1.350994 
2751 1.350947 
867 1.350549 
2568 1.350532 
21 1.350530 
142 1.348700 
986 1.347857 
941 1.347704 
274 1.347651 
1437 1.347113 
1426 1.346703 
71 1.346598 
1188 1.346180 
2984 1.346029 
2735 1.345730 
2076 1.345168 
1868 1.344759 
292 1.344501 
2412 1.343982 
2430 1.343385 
2946 1.342945 
1422 1.342924 
1261 1.342624 
287 1.342414 
1846 1.340714 
907 1.340282 
3035 1.340146 
116 1.339904 
875 1.339858 
2759 1.339458 
2263 1.339362 
507 1.339290 
1091 1.339254 
2352 1.338857 
1070 1.338266 
2594 1.338152 
1267 1.337486 
2740 1.337111 
3000 1.337110 
518 1.336980 
2182 1.336910 
2238 1.336665 
439 1.336408 
2258 1.336325 
293 1.335863 
295 1.335745 
886 1.335647 
204 1.335588 
1796 1.335456 
2756 1.335067 
1230 1.334900 
1836 1.334721 
2239 1.334374 
1114 1.333530 
12 1.333473 
1715 1.333448 
2722 1.333427 
1561 1.333143 
1391 1.332744 
96 1.332502 
56 1.332377 
2508 1.332103 
2683 1.331687 
3069 1.331328 
1757 1.330859 
1690 1.330547 
1634 1.330314 
667 1.330010 
2386 1.329929 
410 1.329535 
649 1.328781 
487 1.327574 
1203 1.326619 
135 1.326189 
37 1.326143 
2120 1.326121 
86 1.325188 
1784 1.325111 
268 1.325093 
947 1.324773 
2743 1.324666 
1787 1.323836 
1085 1.322937 
2831 1.322106 
2934 1.321905 
2914 1.321794 
1755 1.321529 
2626 1.321011 
2973 1.320210 
645 1.319907 
2005 1.318494 
73 1.317906 
81 1.317814 
175 1.317681 
1173 1.315729 
2812 1.314526 
819 1.314485 
1340 1.314317 
272 1.314127 
2662 1.312681 
989 1.312661 
637 1.312550 
441 1.312304 
926 1.312215 
1652 1.312094 
1763 1.312031 
1843 1.311982 
158 1.311144 
136 1.310469 
3021 1.310254 
1101 1.309718 
334 1.309331 
2344 1.309112 
1592 1.308802 
1617 1.308468 
909 1.307967 
1444 1.307819 
1510 1.307739 
1265 1.306823 
331 1.306400 
1443 1.306202 
179 1.305916 
2098 1.305542 
2736 1.305267 
2168 1.305252 
333 1.305014 
1199 1.304187 
2402 1.304045 
1389 1.303771 
336 1.303400 
1573 1.303220 
124 1.303022 
2962 1.302850 
106 1.302449 
853 1.302235 
2135 1.301965 
2559 1.301843 
2335 1.301798 
1916 1.301416 
749 1.301264 
2630 1.301224 
2924 1.301221 
1220 1.300819 
2939 1.300807 
1378 1.300688 
1427 1.300628 
2943 1.300095 
1629 1.299501 
2622 1.299483 
2195 1.299195 
1066 1.299003 
2017 1.298064 
2300 1.297935 
1776 1.297847 
2937 1.297383 
1438 1.297317 
1609 1.297302 
1967 1.297136 
642 1.296640 
1716 1.296559 
248 1.295723 
940 1.295376 
407 1.294486 
850 1.294281 
1861 1.293789 
2569 1.293406 
672 1.293125 
2411 1.292751 
2675 1.292333 
2202 1.291745 
2818 1.291733 
1408 1.291300 
448 1.291161 
229 1.291093 
1571 1.291033 
1758 1.290613 
1455 1.290607 
2233 1.290308 
2990 1.290237 
2530 1.290065 
1602 1.289945 
2165 1.289719 
1425 1.289682 
1596 1.289650 
1849 1.289551 
1584 1.289440 
2111 1.289206 
2026 1.289150 
2988 1.289124 
1277 1.289041 
180 1.289026 
2991 1.288886 
109 1.288561 
1917 1.287870 
2608 1.287858 
1720 1.287544 
2254 1.286254 
2053 1.285979 
514 1.285522 
2746 1.285476 
50 1.285246 
2278 1.284941 
3032 1.284724 
1570 1.284345 
557 1.284108 
519 1.283997 
241 1.283975 
1221 1.283868 
757 1.283688 
1717 1.283679 
2860 1.282802 
3007 1.282728 
894 1.282431 
2961 1.282133 
2227 1.282078 
687 1.281633 
837 1.281510 
302 1.281361 
2702 1.281019 
1250 1.280936 
2267 1.280526 
2870 1.280377 
112 1.280334 
2958 1.279670 
2109 1.279506 
621 1.278822 
1288 1.278532 
192 1.278514 
822 1.278263 
2171 1.278213 
693 1.278196 
1370 1.278192 
542 1.278046 
563 1.277992 
2444 1.277119 
2030 1.276913 
1829 1.276835 
1517 1.276726 
1342 1.276701 
671 1.276682 
1344 1.276592 
260 1.275938 
277 1.275853 
2980 1.275806 
2894 1.275800 
1033 1.274889 
1175 1.274675 
1957 1.274552 
1326 1.274409 
2494 1.274302 
2611 1.274204 
2040 1.273951 
869 1.273913 
1976 1.273404 
2293 1.273184 
2543 1.272956 
117 1.272757 
64 1.272616 
502 1.272510 
1381 1.272014 
280 1.270451 
1548 1.269994 
2889 1.269660 
3054 1.269630 
2514 1.268468 
2299 1.268400 
2413 1.268276 
2592 1.267825 
1006 1.267062 
1869 1.266373 
1080 1.266109 
2370 1.265889 
2723 1.265872 
1675 1.265644 
839 1.265617 
865 1.265517 
1712 1.265197 
1296 1.265190 
2421 1.264584 
2864 1.263851 
2669 1.263801 
1328 1.263732 
1567 1.263175 
856 1.262844 
1362 1.262490 
2638 1.262374 
2469 1.262053 
2068 1.261470 
373 1.260947 
2867 1.260783 
2713 1.259769 
1636 1.259635 
2052 1.259396 
2207 1.259333 
2495 1.258872 
2525 1.258515 
1697 1.258195 
1791 1.257057 
2137 1.257047 
973 1.256430 
227 1.255891 
1519 1.255739 
1200 1.255458 
1209 1.255255 
1831 1.254423 
34 1.254381 
975 1.253965 
2666 1.253835 
2553 1.253666 
1166 1.253467 
2320 1.253401 
1460 1.253054 
2385 1.253043 
601 1.252449 
636 1.252187 
1775 1.251633 
2710 1.251593 
626 1.251096 
2212 1.250954 
2331 1.250854 
2002 1.250333 
2172 1.249947 
532 1.249622 
2827 1.249402 
1607 1.249169 
929 1.248953 
2925 1.248211 
1275 1.248178 
1669 1.247573 
1618 1.246959 
2095 1.246865 
2479 1.245874 
447 1.245378 
380 1.245330 
1412 1.245325 
1599 1.245292 
2287 1.244965 
2301 1.244690 
2459 1.244488 
371 1.244306 
414 1.244281 
1266 1.243785 
2355 1.243213 
2997 1.243123 
1522 1.242002 
1333 1.241955 
505 1.241947 
72 1.241527 
729 1.241175 
1682 1.241068 
27 1.240693 
1525 1.240658 
2160 1.240419 
825 1.240048 
2314 1.239365 
3019 1.239147 
1289 1.238973 
2157 1.238831 
707 1.238648 
1583 1.238390 
2620 1.238365 
2926 1.237151 
876 1.237136 
1197 1.237085 
350 1.236868 
892 1.236848 
741 1.236417 
1439 1.236337 
91 1.236158 
111 1.235821 
258 1.235615 
2995 1.235361 
3053 1.235287 
1100 1.234354 
866 1.234313 
703 1.234195 
32 1.233876 
2123 1.233863 
335 1.233750 
2223 1.233724 
1797 1.233252 
2485 1.233042 
275 1.232739 
270 1.232684 
1651 1.232609 
1337 1.232495 
1410 1.231765 
1619 1.231760 
1086 1.231656 
255 1.231480 
429 1.231460 
1933 1.231423 
2034 1.231069 
1794 1.231038 
382 1.230698 
2296 1.229586 
2903 1.229353 
607 1.229298 
1826 1.228101 
2018 1.227826 
1886 1.227699 
1204 1.227581 
2251 1.227556 
1183 1.227224 
28 1.226618 
2387 1.226590 
134 1.226397 
1367 1.226098 
1177 1.226021 
1021 1.225677 
1406 1.225469 
1919 1.225448 
472 1.225276 
2685 1.225006 
1677 1.224628 
2125 1.224174 
1854 1.224074 
697 1.223795 
2124 1.223474 
101 1.223055 
2372 1.222871 
1806 1.222655 
1778 1.222518 
1339 1.222501 
2672 1.222488 
953 1.222255 
2750 1.222199 
2757 1.222026 
1952 1.221724 
303 1.221232 
670 1.221086 
1660 1.220983 
523 1.220909 
1331 1.220718 
1052 1.220195 
1223 1.220184 
1523 1.219879 
2375 1.219663 
2162 1.219068 
1293 1.218957 
942 1.218879 
263 1.218599 
1753 1.218422 
1810 1.218375 
2741 1.217998 
691 1.217691 
115 1.217303 
2322 1.216757 
2680 1.215959 
1876 1.215874 
1144 1.215358 
702 1.215212 
2674 1.214412 
2815 1.214342 
2876 1.213060 
24 1.212793 
2733 1.212380 
1947 1.212333 
802 1.212193 
635 1.211738 
391 1.210831 
895 1.210717 
2963 1.210640 
2591 1.210624 
2619 1.210318 
1661 1.209623 
2224 1.209226 
1903 1.209146 
1808 1.208570 
1485 1.208462 
1083 1.208325 
239 1.208022 
767 1.207954 
1732 1.207822 
1019 1.207662 
1103 1.207519 
2719 1.206952 
1480 1.206561 
2711 1.205888 
253 1.205813 
1327 1.205724 
82 1.205666 
388 1.205480 
1214 1.205274 
2465 1.204931 
1291 1.204325 
1300 1.203895 
450 1.202958 
1010 1.202338 
1598 1.201982 
1904 1.201703 
66 1.201559 
2550 1.200592 
504 1.200035 
949 1.199908 
1471 1.199628 
1317 1.199335 
2252 1.198847 
2875 1.198647 
1799 1.198523 
760 1.198302 
1074 1.198089 
2029 1.198001 
772 1.197907 
2623 1.197842 
922 1.197766 
128 1.197541 
1564 1.196685 
381 1.196651 
2050 1.196445 
1248 1.196088 
1819 1.195271 
2023 1.195160 
141 1.195126 
1269 1.194179 
1310 1.193897 
1965 1.193780 
2637 1.193593 
1084 1.193412 
88 1.192345 
2605 1.191960 
2229 1.191809 
251 1.191507 
431 1.190703 
2429 1.190440 
2483 1.189991 
2317 1.189748 
1363 1.189705 
537 1.189600 
309 1.189488 
861 1.189443 
187 1.189209 
2253 1.188480 
402 1.187481 
877 1.187341 
3059 1.187294 
51 1.186661 
181 1.186502 
2829 1.186041 
2211 1.186027 
1461 1.185982 
1171 1.185704 
1909 1.185609 
2635 1.185541 
376 1.185312 
291 1.185203 
2323 1.184870 
1470 1.184800 
878 1.184571 
93 1.184538 
1624 1.184480 
2303 1.184444 
1077 1.184357 
2365 1.184166 
1726 1.184045 
219 1.183668 
1586 1.183584 
2213 1.183543 
701 1.183401 
307 1.181911 
1475 1.180966 
1129 1.180665 
1043 1.180569 
2718 1.180436 
60 1.180269 
1789 1.180022 
2811 1.179710 
1454 1.179613 
2802 1.179531 
2562 1.179321 
3071 1.179211 
2090 1.179163 
2061 1.178870 
562 1.178306 
2110 1.177949 
2496 1.176960 
2749 1.176925 
501 1.176415 
2019 1.175851 
1251 1.175700 
1071 1.175248 
2099 1.174088 
2357 1.173101 
1061 1.173077 
2728 1.173005 
1642 1.172920 
137 1.172450 
190 1.172040 
1184 1.171675 
155 1.171308 
2832 1.171056 
1894 1.170738 
888 1.170571 
526 1.169899 
2516 1.169109 
237 1.169015 
1973 1.168924 
778 1.168721 
2093 1.168606 
1405 1.168578 
1856 1.168365 
2101 1.167825 
191 1.167700 
1357 1.167689 
1783 1.167184 
1671 1.167133 
834 1.166743 
1355 1.166675 
2528 1.166506 
3055 1.166131 
1096 1.165269 
2121 1.164918 
2043 1.164774 
530 1.164655 
3061 1.164579 
1535 1.164433 
849 1.164055 
62 1.163134 
403 1.163050 
2677 1.162778 
2978 1.162463 
1752 1.162437 
1353 1.162156 
676 1.161849 
1065 1.160632 
2898 1.160090 
974 1.159398 
1259 1.158091 
368 1.157741 
889 1.157584 
574 1.156820 
800 1.156703 
367 1.156303 
677 1.156255 
215 1.156228 
317 1.155911 
2163 1.155619 
1606 1.154500 
31 1.154483 
217 1.154372 
2650 1.153977 
455 1.153845 
1907 1.153616 
2349 1.152853 
659 1.152811 
384 1.152723 
114 1.152661 
511 1.152396 
1216 1.152304 
2112 1.152071 
2094 1.151826 
1779 1.151717 
457 1.151382 
1341 1.151044 
2397 1.151038 
545 1.150871 
493 1.149945 
1205 1.149796 
1833 1.149622 
2265 1.149025 
1486 1.148856 
2854 1.148672 
2350 1.148170 
2142 1.147127 
178 1.146444 
1927 1.146363 
1902 1.146276 
13 1.145992 
1650 1.145698 
1081 1.144933 
2825 1.144708 
2584 1.143750 
2509 1.143378 
560 1.142582 
606 1.141649 
1653 1.141176 
2143 1.140112 
3049 1.140074 
2066 1.139759 
2407 1.138993 
2226 1.138937 
1689 1.138656 
885 1.138288 
2839 1.137826 
784 1.137815 
1725 1.137768 
2940 1.137485 
2974 1.137379 
312 1.137307 
290 1.136328 
153 1.135450 
1054 1.135297 
1938 1.135146 
2821 1.134827 
2487 1.134557 
1258 1.134382 
1075 1.133893 
2823 1.133521 
599 1.133477 
1630 1.133471 
1403 1.133455 
1213 1.133284 
2985 1.133150 
2432 1.132947 
2644 1.132877 
1781 1.132835 
2745 1.130653 
1867 1.130536 
983 1.130415 
3033 1.130092 
140 1.129735 
30 1.129507 
1646 1.129347 
2701 1.128463 
1870 1.128331 
2237 1.128301 
1202 1.128213 
1211 1.128030 
1760 1.127749 
1865 1.127682 
1459 1.127585 
2527 1.127466 
1740 1.127149 
1882 1.125584 
959 1.124904 
585 1.124867 
2206 1.124176 
1932 1.124153 
2228 1.123109 
2670 1.122985 
624 1.122220 
2715 1.122147 
1727 1.121911 
2996 1.121586 
1576 1.121323 
99 1.120866 
2572 1.120544 
2338 1.120483 
478 1.120469 
1563 1.120307 
2414 1.119855 
904 1.119782 
1924 1.119090 
2243 1.118890 
2782 1.117430 
818 1.117313 
3006 1.117146 
3020 1.117087 
446 1.116669 
1178 1.116233 
1993 1.116016 
2846 1.115627 
243 1.115246 
25 1.114965 
1613 1.114868 
2071 1.114776 
1023 1.114664 
1568 1.113990 
1148 1.113959 
1714 1.113581 
632 1.113477 
568 1.113313 
1005 1.113207 
2178 1.113189 
508 1.113081 
176 1.113058 
2861 1.112999 
2201 1.112971 
110 1.112669 
2761 1.112584 
2308 1.111912 
40 1.111753 
827 1.110194 
1036 1.109565 
477 1.109497 
358 1.109466 
298 1.109437 
715 1.109418 
1906 1.109000 
1966 1.108979 
1322 1.108594 
3008 1.107918 
1685 1.107900 
751 1.107214 
1635 1.106498 
415 1.106329 
2047 1.106322 
1165 1.106195 
2325 1.106190 
2014 1.105602 
2489 1.105113 
2526 1.105026 
437 1.104863 
1518 1.104727 
2045 1.103823 
795 1.103820 
2738 1.103399 
2443 1.103238 
2597 1.102695 
2688 1.102378 
2552 1.102083 
1312 1.101629 
525 1.101611 
2853 1.101495 
2478 1.101204 
1701 1.101134 
2933 1.100557 
1072 1.098566 
1240 1.098549 
1604 1.098094 
2425 1.097971 
2027 1.097862 
640 1.097702 
520 1.097198 
249 1.097086 
781 1.096952 
535 1.096690 
2360 1.096623 
1421 1.095821 
1246 1.095644 
83 1.095480 
1719 1.095074 
1986 1.094633 
2807 1.094504 
1303 1.094260 
1991 1.094210 
2835 1.094100 
1390 1.094095 
1837 1.094027 
494 1.092838 
1647 1.092129 
2085 1.091852 
2872 1.091761 
2458 1.091463 
2167 1.091229 
1513 1.091094 
3045 1.091075 
2610 1.090851 
47 1.090585 
1245 1.090555 
1655 1.090497 
2021 1.089756 
2556 1.089507 
2057 1.089431 
185 1.089102 
1247 1.089074 
2639 1.089022 
1318 1.088297 
68 1.087465 
53 1.087404 
1079 1.087193 
396 1.085947 
1988 1.085896 
1401 1.085332 
479 1.085217 
346 1.084878 
2602 1.084571 
1759 1.084520 
2813 1.083384 
1069 1.083272 
2787 1.082989 
418 1.082509 
2222 1.082049 
521 1.081439 
1233 1.081287 
554 1.080928 
2866 1.080684 
1556 1.080558 
951 1.079624 
2794 1.079329 
2159 1.079297 
2549 1.078429 
1842 1.077785 
2599 1.077534 
3011 1.077349 
887 1.077084 
1672 1.076987 
2546 1.076479 
575 1.076168 
2930 1.075910 
2062 1.075656 
515 1.075366 
658 1.075308 
830 1.075094 
1375 1.074736 
1929 1.074025 
2899 1.073452 
978 1.073084 
1648 1.072004 
1662 1.071521 
2564 1.071492 
189 1.070537 
2446 1.070284 
2013 1.070188 
622 1.069092 
899 1.068937 
681 1.068849 
320 1.068688 
2428 1.068444 
1676 1.068168 
638 1.068109 
1751 1.067839 
2081 1.067525 
2944 1.067354 
1134 1.067089 
329 1.066658 
728 1.066376 
2194 1.066324 
1673 1.066071 
222 1.065429 
623 1.065405 
1950 1.064996 
1404 1.064928 
1225 1.064818 
1550 1.064100 
1161 1.063973 
1192 1.063892 
1020 1.063600 
48 1.063139 
1612 1.062576 
2878 1.061814 
1279 1.061290 
46 1.059759 
123 1.059732 
2364 1.058104 
57 1.057969 
788 1.057800 
183 1.057701 
2351 1.057664 
1157 1.057646 
2217 1.057198 
1996 1.056906 
1397 1.056845 
629 1.055957 
1939 1.055486 
1360 1.055202 
2453 1.055126 
2720 1.054677 
1150 1.053535 
2707 1.053417 
2935 1.052930 
3047 1.052538 
434 1.052419 
990 1.052312 
2313 1.052185 
1442 1.051708 
146 1.051600 
2754 1.051577 
777 1.051220 
1954 1.048537 
1511 1.048457 
2671 1.047965 
2541 1.047259 
2035 1.046484 
2044 1.046472 
435 1.045793 
851 1.044158 
19 1.044094 
1541 1.043461 
1581 1.043385 
1358 1.043330 
205 1.043204 
2363 1.043154 
1253 1.042888 
2857 1.042559 
316 1.042087 
2492 1.041631 
905 1.041338 
1415 1.040786 
1785 1.040273 
2015 1.039807 
452 1.039768 
119 1.038595 
2500 1.038158 
1925 1.038026 
2519 1.037982 
2951 1.037759 
430 1.037372 
2075 1.037245 
2523 1.035429 
247 1.035178 
1319 1.035047 
465 1.034650 
1566 1.033067 
2595 1.032871 
952 1.032834 
631 1.032478 
2441 1.031626 
2089 1.031460 
836 1.031066 
1532 1.030274 
2547 1.029113 
871 1.027993 
1048 1.027808 
3064 1.025907 
1540 1.025712 
2656 1.025352 
937 1.025217 
55 1.025104 
2116 1.024871 
2542 1.024752 
2891 1.024723 
1893 1.024394 
985 1.024017 
2789 1.023543 
690 1.023380 
416 1.023129 
245 1.022666 
2158 1.022500 
2686 1.021420 
764 1.021297 
1399 1.021113 
1547 1.021097 
2590 1.021043 
1464 1.020648 
206 1.020338 
2803 1.020191 
1741 1.020084 
94 1.019000 
2805 1.018914 
786 1.018808 
1273 1.017722 
991 1.017326 
1520 1.016995 
1026 1.016727 
2104 1.016677 
1182 1.016391 
779 1.016063 
2096 1.013831 
370 1.012698 
1271 1.012305 
169 1.012304 
910 1.011802 
1839 1.011642 
398 1.011430 
2948 1.011163 
2661 1.011123 
2260 1.010475 
745 1.010310 
2957 1.009091 
2334 1.008468 
1059 1.007694 
923 1.007686 
498 1.007244 
2423 1.006987 
1945 1.006890 
2771 1.006794 
2863 1.006548 
1042 1.006489 
1773 1.006365 
1156 1.005924 
1667 1.005766 
3065 1.005581 
591 1.005470 
2399 1.005218 
2809 1.004664 
581 1.004150 
2849 1.003672 
2510 1.003408 
1641 1.002440 
1920 1.002417 
1931 1.002234 
823 1.002120 
2706 1.000365 
1016 1.000250 
2180 0.999852 
1657 0.998909 
149 0.998448 
1063 0.998273 
1982 0.998168 
692 0.997615 
2380 0.997164 
595 0.996684 
1549 0.996413 
2836 0.995847 
2665 0.995216 
882 0.993971 
2130 0.993329 
14 0.992426 
594 0.992179 
340 0.991807 
1705 0.990195 
2579 0.990178 
2873 0.989909 
665 0.988628 
23 0.988237 
1013 0.987926 
2 0.986867 
286 0.986716 
491 0.986616 
1664 0.986311 
863 0.985998 
105 0.985994 
1721 0.985847 
352 0.985788 
1307 0.985655 
2617 0.985245 
366 0.984706 
1559 0.984270 
361 0.984182 
1509 0.983973 
1170 0.983917 
1593 0.983296 
2578 0.982633 
1499 0.981378 
1591 0.981289 
2983 0.981271 
2837 0.981062 
1336 0.980855 
2405 0.980196 
2419 0.979663 
2911 0.979632 
2281 0.979492 
883 0.978558 
2700 0.977484 
196 0.977293 
2482 0.975656 
1241 0.975426 
2059 0.975369 
2073 0.974920 
212 0.974683 
1135 0.974423 
2473 0.972983 
2585 0.971580 
828 0.970969 
76 0.970496 
2855 0.970475 
2001 0.970266 
1348 0.968665 
393 0.967781 
306 0.967669 
2069 0.966341 
1395 0.966186 
958 0.965132 
1528 0.964772 
2847 0.964078 
1330 0.963907 
2174 0.963884 
1805 0.961854 
424 0.961389 
499 0.961195 
323 0.959847 
1449 0.959398 
2770 0.959388 
862 0.958422 
808 0.958223 
1748 0.957817 
126 0.956862 
580 0.956834 
2051 0.956583 
503 0.956571 
2169 0.956468 
750 0.956440 
165 0.956173 
2409 0.955297 
2037 0.955146 
2398 0.954817 
2189 0.954436 
223 0.953896 
2506 0.953686 
3003 0.952723 
1639 0.952456 
2797 0.951886 
2606 0.951805 
154 0.951426 
2003 0.950647 
633 0.950018 
485 0.949672 
95 0.948574 
2625 0.948508 
139 0.947054 
1218 0.946894 
1934 0.946656 
174 0.946591 
1545 0.946401 
2781 0.946171 
2354 0.945965 
1851 0.945945 
2615 0.945397 
409 0.945280 
1960 0.944358 
1120 0.942638 
1659 0.942378 
1847 0.942330 
946 0.942124 
2080 0.942115 
1113 0.941888 
1747 0.941842 
1529 0.941826 
2769 0.941757 
533 0.940901 
1852 0.940725 
987 0.940620 
1125 0.939838 
539 0.939116 
1691 0.938759 
1913 0.938628 
404 0.938103 
2105 0.937736 
1287 0.937301 
2551 0.936996 
686 0.936848 
2798 0.936278 
2905 0.935990 
791 0.935585 
2633 0.934592 
724 0.933786 
699 0.933196 
1164 0.930447 
928 0.930128 
1822 0.929520 
844 0.929484 
2699 0.927919 
1235 0.927153 
2697 0.926756 
2403 0.925844 
969 0.924983 
1859 0.924642 
2563 0.924496 
460 0.923455 
2981 0.923080 
2791 0.922758 
311 0.921397 
224 0.920841 
2910 0.920709 
627 0.919924 
1458 0.919341 
1371 0.919055 
1321 0.918953 
813 0.918612 
549 0.917823 
1311 0.917356 
2776 0.915153 
793 0.915025 
1234 0.913462 
1115 0.913353 
815 0.912939 
1883 0.910050 
964 0.909501 
315 0.908833 
1015 0.907288 
558 0.907151 
1897 0.906468 
1497 0.905765 
2936 0.904337 
161 0.903608 
2848 0.903437 
1313 0.903347 
389 0.900428 
1774 0.899685 
1219 0.897788 
210 0.897723 
2329 0.895583 
1970 0.895464 
131 0.894844 
1198 0.894514 
1294 0.894220 
644 0.893769 
2692 0.893331 
587 0.893285 
1912 0.892859 
2956 0.892797 
971 0.892640 
395 0.892471 
4 0.892343 
679 0.891951 
782 0.890975 
440 0.889459 
2215 0.887452 
2651 0.885040 
2830 0.884879 
1255 0.884864 
18 0.884781 
160 0.880611 
2235 0.879337 
1888 0.879315 
467 0.879284 
1555 0.878764 
2277 0.878495 
933 0.877902 
121 0.877352 
2947 0.876554 
2039 0.875674 
1228 0.874279 
1420 0.873199 
1492 0.872090 
2427 0.869266 
2994 0.868450 
1742 0.868341 
873 0.865024 
1049 0.861985 
2920 0.861918 
1394 0.860574 
1554 0.858760 
1364 0.858526 
1447 0.857216 
1746 0.856668 
1710 0.855372 
2297 0.854950 
798 0.854939 
1349 0.854013 
2452 0.853862 
75 0.853783 
2515 0.852218 
1683 0.852132 
1940 0.851336 
1262 0.850748 
653 0.849933 
2272 0.849925 
1582 0.849292 
2359 0.848988 
1895 0.847797 
269 0.847369 
1374 0.845906 
238 0.845874 
9 0.844358 
2067 0.843933 
1108 0.843709 
2457 0.842570 
89 0.840281 
2451 0.840242 
896 0.839918 
347 0.838980 
103 0.838063 
2418 0.837569 
2286 0.836394 
2117 0.835988 
2318 0.834959 
2327 0.834367 
2843 0.833516 
1768 0.832734 
1696 0.830255 
1504 0.829392 
2131 0.827977 
2464 0.825053 
45 0.823735 
147 0.823412 
1037 0.822716 
3028 0.822496 
2249 0.822213 
1376 0.821170 
297 0.820274 
77 0.817983 
1000 0.817933 
1028 0.817269 
979 0.816786 
1733 0.816594 
1299 0.816322 
927 0.815080 
675 0.814605 
553 0.812183 
1625 0.811610 
1384 0.811045 
569 0.810180 
2199 0.809468 
2521 0.808113 
2819 0.807897 
643 0.807233 
544 0.806339 
2152 0.804724 
2488 0.804513 
1369 0.804511 
2309 0.803063 
483 0.802525 
743 0.802380 
2841 0.801729 
2783 0.799953 
2627 0.799867 
2601 0.798741 
773 0.793465 
1283 0.792572 
2435 0.791274 
489 0.789905 
2884 0.782029 
1863 0.781695 
916 0.780610 
2895 0.779336 
1136 0.777340 
451 0.777257 
1795 0.776394 
377 0.775282 
41 0.775078 
616 0.774019 
1539 0.773911 
1229 0.773229 
2371 0.773130 
1817 0.772343 
1257 0.771349 
2734 0.770922 
2536 0.770738 
2315 0.770622 
965 0.769616 
67 0.768818 
203 0.768724 
1431 0.768521 
716 0.768364 
921 0.763456 
713 0.763263 
2979 0.763174 
2343 0.763160 
1163 0.762547 
5 0.762263 
1193 0.762179 
807 0.759256 
2179 0.758256 
2501 0.756595 
2009 0.756515 
917 0.753488 
1433 0.753145 
2573 0.752685 
3040 0.750653 
2261 0.748576 
2871 0.746910 
551 0.746232 
3056 0.744992 
1127 0.744524 
1027 0.743997 
2087 0.743760 
1737 0.743400 
652 0.742388 
809 0.741468 
2025 0.741180 
2681 0.740282 
2764 0.739510 
1703 0.738398 
357 0.732910 
2795 0.730537 
2279 0.729636 
1305 0.726619 
603 0.726286 
3017 0.726218 
167 0.725531 
2649 0.725404 
2144 0.724168 
2663 0.723634 
1131 0.721212 
2969 0.720022 
2188 0.720004 
2507 0.718472 
2288 0.715885 
1301 0.715082 
761 0.714179 
1803 0.711290 
2631 0.710927 
1239 0.707431 
232 0.706926 
2381 0.705211 
2777 0.704591 
1881 0.704375 
2755 0.702410 
1987 0.699910 
359 0.698207 
1997 0.697074 
11 0.695710 
2240 0.695372 
992 0.693999 
1011 0.691746 
3068 0.690969 
915 0.687199 
2931 0.685817 
2283 0.685584 
567 0.680711 
2079 0.680694 
211 0.678091 
201 0.676730 
845 0.674421 
1603 0.674287 
1911 0.673110 
2439 0.672485 
1875 0.668764 
2463 0.665226 
531 0.665000 
736 0.664543 
1739 0.659976 
1961 0.659402 
1335 0.656878 
1097 0.656779 
543 0.654384 
327 0.651960 
2693 0.646550 
259 0.645066 
345 0.641749 
1623 0.629117 
281 0.628566 
2103 0.626594 
2912 0.625419 
2379 0.624590 
2645 0.623801 
2571 0.622859 
608 0.621444 
1611 0.619696 
2679 0.617620 
1411 0.616716 
1145 0.615308 
1887 0.614950 
461 0.611490 
1877 0.606692 
2393 0.605037 
725 0.603502 
1155 0.601760 
39 0.601301 
2471 0.598586 
341 0.598405 
935 0.597470 
1889 0.594892 
2139 0.590160 
473 0.588774 
1481 0.588661 
835 0.585834 
87 0.584390 
2729 0.584266 
2765 0.576051 
857 0.575426 
596 0.574040 
1923 0.573344 
2967 0.569614 
159 0.560267 
980 0.559660 
1695 0.555697 
771 0.547495 
2793 0.539109 
903 0.538895 
425 0.538672 
1385 0.528655 
617 0.527785 
1731 0.527114 
339 0.525667 
2007 0.522714 
3029 0.514887 
197 0.510353 
1815 0.510250 
2132 0.507587 
2345 0.505261 
2691 0.503787 
855 0.502227 
1191 0.499272 
2955 0.486473 
2247 0.486273 
2505 0.475322 
1575 0.466403 
1515 0.461153 
1227 0.443589 
2643 0.440446 
1577 0.439848 
351 0.434727 
375 0.432307 
2885 0.430809 
843 0.429785 
2655 0.418809 
1472 0.413744 
267 0.413314 
2900 0.411570 
663 0.403690 
2775 0.401417 
1493 0.400774 
1479 0.394888 
1769 0.388083 
3 0.387955 
752 0.385316 
1419 0.385308 
353 0.383432 
651 0.369073 
1995 0.365778 
2657 0.364806 
2187 0.356246 
2921 0.353901 
2537 0.346920 
1347 0.336844 
1109 0.332430 
2153 0.320277 
1505 0.318412 
2727 0.307107 
2907 0.302988 
2307 0.300178 
1383 0.298458 
2499 0.297437 
1121 0.297388 
2391 0.288882 
387 0.286970 
233 0.283989 
2273 0.281829 
1767 0.277984 
1001 0.255880 
1047 0.251868 
195 0.245057 
1959 0.238252 
1088 0.214510 
279 0.205064 
2295 0.202174 
2115 0.193895 
2583 0.185567 
1527 0.176695 
2535 0.175332 
747 0.164694 
423 0.159675 
704 0.158467 
711 0.152628 
1035 0.137075 
471 0.129980 
3015 0.121836 
1143 0.091455 
759 0.035704 
2763 0.012143 
2259 -0.008955 
3051 -0.056384 
963 -0.061157 
615 -0.061216 
3041 -0.071535 
2919 -0.073970 
737 -0.084545 
2151 -0.100346 
3063 -0.112862 
999 -0.123757 
459 -0.129086 
231 -0.140048 
1503 -0.142451 
2271 -0.209024 
1095 -0.370715 
1491 -0.373865 
723 -0.421112 
1107 -0.461173 
2883 -0.464877 
1119 -0.490073 
579 -0.538513 
3027 -0.689039 
3039 -0.967363 
735 -1.118751 
