2395 1
113 3.615229 
198 3.369161 
202 3.306544 
223 3.299542 
960 3.295638 
2016 3.217643 
109 3.157491 
1999 3.121490 
2015 3.089739 
1864 3.074132 
2272 3.061208 
2244 2.970865 
1874 2.942648 
339 2.909054 
863 2.904996 
2256 2.901241 
1963 2.899918 
2128 2.891185 
273 2.872421 
1019 2.862194 
2159 2.860161 
972 2.855004 
1024 2.835777 
2127 2.811327 
2304 2.810912 
224 2.806855 
877 2.793569 
1319 2.785743 
1131 2.776385 
516 2.773525 
2008 2.767062 
209 2.731021 
18 2.709478 
1231 2.699424 
995 2.698053 
107 2.688405 
1232 2.686695 
988 2.676360 
987 2.674513 
2136 2.667248 
1474 2.624819 
666 2.612682 
2007 2.606814 
446 2.599875 
2231 2.596108 
1948 2.582009 
1407 2.570176 
1828 2.553041 
261 2.552249 
712 2.531385 
1819 2.526159 
1199 2.511362 
252 2.504778 
1987 2.502953 
2195 2.500448 
2175 2.486415 
1260 2.476103 
1822 2.474931 
1000 2.472021 
379 2.470709 
401 2.465495 
2176 2.454131 
206 2.451605 
1915 2.451473 
2095 2.449970 
2148 2.441350 
1844 2.434742 
264 2.430713 
2332 2.426205 
2271 2.415797 
1879 2.414917 
1132 2.405887 
2232 2.404920 
868 2.404555 
1039 2.398055 
1964 2.387905 
256 2.384365 
325 2.376883 
298 2.372758 
1216 2.372525 
1988 2.369831 
1064 2.362335 
951 2.355681 
301 2.348160 
420 2.347908 
280 2.346632 
1272 2.346618 
971 2.346076 
2000 2.339448 
2135 2.335919 
1972 2.335111 
1374 2.327732 
266 2.323634 
2204 2.322512 
242 2.315206 
148 2.314035 
952 2.307823 
1379 2.306992 
2255 2.304744 
247 2.303674 
279 2.299782 
286 2.296818 
1183 2.293935 
414 2.285514 
1320 2.275124 
1835 2.274907 
694 2.270542 
867 2.266588 
1983 2.265573 
959 2.248540 
512 2.248338 
873 2.245405 
268 2.243143 
282 2.230876 
2367 2.230825 
1020 2.224466 
138 2.222322 
737 2.220628 
2152 2.217116 
1927 2.216508 
258 2.212713 
1143 2.211385 
676 2.207294 
2160 2.199907 
1947 2.197133 
1650 2.196168 
2331 2.194824 
1063 2.192097 
2070 2.187540 
2303 2.186311 
425 2.184653 
1215 2.181570 
2147 2.176771 
380 2.176566 
1121 2.174783 
1906 2.173718 
2190 2.170703 
1645 2.164724 
687 2.160672 
345 2.158704 
882 2.155046 
334 2.152140 
2021 2.141361 
1863 2.140665 
304 2.140125 
688 2.138839 
443 2.138201 
267 2.134888 
2359 2.127446 
1408 2.121407 
243 2.121058 
1239 2.120281 
1467 2.118911 
2312 2.118552 
2120 2.113906 
1839 2.113586 
1169 2.106408 
886 2.104034 
922 2.100392 
1930 2.100146 
251 2.099473 
2311 2.097245 
2203 2.096669 
2079 2.095569 
1836 2.093254 
1651 2.090735 
275 2.088328 
1246 2.087378 
510 2.087275 
466 2.086641 
918 2.086559 
1840 2.085186 
2220 2.081079 
269 2.078954 
1184 2.071280 
2243 2.070036 
405 2.069802 
387 2.066995 
140 2.065126 
292 2.060713 
1356 2.057739 
1032 2.054044 
2119 2.053640 
684 2.043677 
1994 2.043168 
385 2.041119 
422 2.038961 
744 2.038490 
996 2.037488 
2368 2.035636 
427 2.034509 
1719 2.031395 
2076 2.030098 
1825 2.024229 
1006 2.022581 
881 2.015663 
1369 2.015390 
17 2.014074 
738 2.011242 
399 2.010451 
2287 2.009785 
207 2.006099 
294 2.004686 
2022 2.003338 
1916 2.002766 
1126 1.999026 
310 1.994702 
1975 1.994330 
1259 1.992862 
1118 1.983789 
1373 1.981071 
1344 1.979746 
1245 1.975269 
2168 1.974131 
515 1.973400 
2360 1.969898 
2111 1.967997 
1993 1.967276 
1200 1.966859 
1280 1.965914 
999 1.965141 
435 1.964690 
1678 1.955893 
134 1.955794 
2219 1.953897 
665 1.953737 
362 1.951454 
2032 1.949312 
1910 1.948025 
390 1.943208 
1601 1.941638 
1477 1.940574 
1240 1.939498 
1470 1.937290 
681 1.937097 
1641 1.934826 
393 1.934606 
1861 1.934297 
1170 1.933781 
2141 1.931176 
299 1.930455 
411 1.925002 
1843 1.923230 
277 1.920922 
1704 1.919141 
1343 1.916898 
2356 1.911548 
403 1.910942 
2086 1.904172 
351 1.902396 
137 1.902210 
410 1.902117 
1267 1.899114 
1878 1.897632 
1634 1.894392 
885 1.890704 
1362 1.888856 
1366 1.888361 
288 1.887748 
2267 1.887088 
982 1.885913 
2298 1.885892 
356 1.884691 
864 1.884083 
1165 1.881604 
2098 1.881227 
1271 1.881218 
1339 1.880705 
210 1.876765 
2171 1.876746 
448 1.876685 
21 1.875328 
389 1.875192 
467 1.873476 
328 1.872638 
2250 1.871348 
1365 1.870206 
1005 1.867381 
1940 1.866431 
2189 1.865134 
1380 1.863894 
2080 1.863670 
1057 1.862669 
1122 1.859743 
2089 1.858941 
14 1.855592 
309 1.853264 
1115 1.852251 
1827 1.851340 
1944 1.850148 
1355 1.847071 
340 1.846449 
2116 1.845117 
1332 1.843083 
1361 1.841336 
2355 1.840314 
1401 1.839898 
1040 1.838746 
1331 1.837307 
1157 1.835335 
2090 1.835047 
1633 1.833260 
1276 1.832826 
2041 1.832230 
431 1.827656 
263 1.826707 
2277 1.826443 
1304 1.826212 
1473 1.821869 
436 1.820985 
1325 1.820982 
2112 1.820959 
1478 1.819686 
693 1.817823 
1469 1.815443 
329 1.815384 
1177 1.814125 
1173 1.811466 
2026 1.811418 
915 1.809302 
1720 1.809012 
2153 1.808850 
1178 1.805316 
429 1.804038 
2297 1.800646 
1939 1.799634 
1221 1.797562 
2167 1.797426 
2284 1.796805 
711 1.796634 
1404 1.795691 
2048 1.792108 
2115 1.788257 
1275 1.787663 
1291 1.787601 
1249 1.786707 
1340 1.785813 
1174 1.784756 
2075 1.780532 
2319 1.780500 
1125 1.776722 
2185 1.776567 
1958 1.772055 
458 1.769822 
271 1.769640 
354 1.768129 
423 1.765960 
1326 1.760177 
1679 1.759833 
2249 1.759644 
1303 1.758092 
1252 1.756086 
1164 1.754871 
2316 1.754359 
358 1.751685 
2196 1.749704 
2025 1.749365 
1370 1.748070 
1147 1.748012 
1139 1.747835 
376 1.744885 
1833 1.742246 
1058 1.741481 
2101 1.740128 
1465 1.739658 
981 1.739562 
2031 1.735257 
2047 1.735120 
1268 1.734732 
2069 1.733876 
1600 1.733390 
1031 1.733308 
1935 1.733181 
434 1.732326 
1504 1.729073 
1117 1.727663 
2278 1.727350 
1654 1.727218 
344 1.726131 
1646 1.725044 
976 1.723830 
122 1.722435 
2105 1.722411 
372 1.722322 
1279 1.720948 
306 1.719334 
977 1.717815 
1144 1.717540 
1284 1.716187 
2142 1.711990 
1928 1.706222 
1207 1.705428 
2293 1.705336 
2323 1.702666 
472 1.702309 
2226 1.701514 
1080 1.699712 
1934 1.699682 
1292 1.697434 
302 1.696917 
2042 1.693658 
343 1.693653 
1152 1.692352 
371 1.691228 
1114 1.690414 
432 1.690110 
1954 1.689287 
1208 1.688715 
1389 1.688604 
352 1.688149 
2083 1.688034 
921 1.687243 
289 1.687207 
1224 1.686875 
2186 1.686559 
1068 1.684557 
1352 1.682451 
1909 1.682101 
1283 1.681443 
1138 1.680243 
1250 1.677550 
2045 1.675736 
2172 1.675541 
2108 1.675292 
1642 1.672335 
2376 1.672133 
1192 1.670423 
353 1.669747 
364 1.668466 
1933 1.667870 
1009 1.667393 
1052 1.667003 
2344 1.665661 
1222 1.664426 
2390 1.663523 
1312 1.662280 
1402 1.660798 
2340 1.651042 
314 1.649724 
1419 1.647660 
365 1.646325 
442 1.644390 
1314 1.644122 
2106 1.643919 
1432 1.642432 
2389 1.638780 
415 1.638779 
394 1.637978 
461 1.636821 
1907 1.634969 
645 1.633582 
1639 1.633368 
743 1.632910 
2262 1.632857 
1386 1.632201 
1154 1.632137 
1134 1.630626 
2261 1.629516 
1385 1.628004 
1081 1.627177 
2373 1.626279 
1329 1.626215 
453 1.626081 
1976 1.625460 
1013 1.625226 
375 1.624289 
398 1.621699 
2037 1.621659 
2283 1.620629 
2327 1.620566 
1014 1.619174 
1423 1.619072 
2102 1.619050 
683 1.618597 
165 1.618203 
1150 1.618116 
2349 1.615073 
1602 1.614977 
444 1.614696 
1953 1.614646 
1348 1.612727 
404 1.612299 
678 1.612015 
1071 1.609762 
2046 1.609164 
238 1.608955 
1148 1.607111 
456 1.606684 
1397 1.606057 
1297 1.605775 
1669 1.604911 
511 1.600601 
239 1.599672 
2264 1.599256 
1412 1.599213 
449 1.597274 
1638 1.597036 
1012 1.596026 
691 1.596014 
2384 1.594300 
1054 1.592652 
2225 1.589920 
1189 1.589915 
1067 1.589742 
2328 1.588247 
2374 1.587991 
2350 1.585965 
1076 1.582541 
1351 1.581655 
1984 1.580310 
1429 1.578346 
1051 1.577767 
1420 1.577281 
2280 1.577142 
2212 1.575079 
1162 1.574614 
2288 1.574248 
386 1.572013 
1503 1.570920 
437 1.570228 
2345 1.569782 
2192 1.569609 
1302 1.568894 
1968 1.568653 
2084 1.566172 
439 1.563661 
270 1.562970 
305 1.561903 
418 1.561017 
342 1.560571 
2380 1.560115 
1075 1.558656 
330 1.557311 
369 1.554256 
2074 1.552998 
1298 1.551265 
474 1.551023 
1042 1.550890 
2237 1.549742 
2209 1.548651 
2343 1.548102 
2339 1.545706 
1079 1.545311 
331 1.545235 
2067 1.544744 
1395 1.544168 
2251 1.543246 
2292 1.543132 
1010 1.542995 
1398 1.542592 
2387 1.542381 
293 1.542181 
2361 1.539877 
53 1.538427 
1158 1.536582 
1113 1.535553 
2073 1.533881 
2324 1.532247 
1149 1.531128 
2001 1.530918 
1296 1.529844 
1041 1.529624 
2039 1.529566 
1978 1.528678 
2263 1.526151 
2107 1.525768 
1635 1.525461 
1396 1.524910 
383 1.524767 
1390 1.524465 
675 1.524302 
2210 1.521487 
2294 1.521168 
1137 1.520265 
2238 1.511552 
1194 1.510377 
395 1.506708 
2085 1.506391 
2381 1.504623 
1637 1.502908 
1957 1.502555 
2180 1.501784 
2362 1.500209 
359 1.498783 
285 1.498577 
1310 1.498511 
1817 1.498458 
2096 1.497048 
1191 1.496650 
2144 1.495803 
374 1.495422 
1426 1.494497 
463 1.492454 
1116 1.491442 
1394 1.491156 
462 1.490279 
1225 1.489805 
1425 1.489731 
1393 1.489220 
2335 1.488501 
2 1.487068 
2040 1.486366 
1078 1.485793 
468 1.480724 
1153 1.480658 
459 1.480354 
1413 1.477781 
469 1.476697 
2038 1.476197 
348 1.474950 
419 1.473495 
2183 1.473159 
919 1.472791 
2346 1.472400 
975 1.470525 
689 1.470234 
1424 1.469414 
417 1.469254 
1295 1.469087 
1161 1.469063 
2320 1.468405 
2337 1.467626 
1223 1.467010 
361 1.466540 
1416 1.463876 
366 1.462924 
2151 1.462698 
2100 1.461823 
2216 1.461602 
1072 1.460926 
1053 1.460404 
1309 1.459278 
1427 1.459104 
1048 1.458932 
1821 1.456626 
1163 1.456517 
311 1.456010 
2223 1.451584 
679 1.451323 
450 1.450414 
1206 1.450053 
1188 1.449182 
1905 1.447793 
388 1.447157 
473 1.446574 
1430 1.446204 
2377 1.445744 
2383 1.445627 
441 1.445117 
1251 1.444867 
2252 1.444788 
1333 1.442311 
2214 1.441330 
454 1.441135 
2352 1.439972 
1288 1.438406 
2182 1.438394 
1209 1.438271 
430 1.437433 
1670 1.436121 
1703 1.432529 
2289 1.432321 
1338 1.431948 
1237 1.428103 
2184 1.426613 
1029 1.424929 
1969 1.423967 
1313 1.422539 
2154 1.420972 
1382 1.420227 
1417 1.419914 
370 1.419680 
746 1.418173 
2382 1.414290 
1226 1.413952 
396 1.413557 
1287 1.410625 
2385 1.410137 
1422 1.408366 
1175 1.405846 
1955 1.403702 
1311 1.403587 
2122 1.402796 
475 1.402259 
1970 1.401397 
1030 1.400866 
2091 1.400316 
276 1.399620 
1301 1.398956 
123 1.397499 
1350 1.397492 
1193 1.397471 
1082 1.392674 
1873 1.392393 
509 1.391773 
447 1.391690 
2268 1.391552 
2165 1.391340 
2379 1.389417 
1011 1.388989 
2211 1.388307 
1061 1.388220 
1289 1.387388 
1023 1.387158 
1241 1.386934 
2199 1.386830 
307 1.386819 
1242 1.385930 
1982 1.385692 
455 1.385608 
677 1.384484 
470 1.382728 
1166 1.381877 
347 1.379372 
1411 1.378615 
106 1.376115 
350 1.375866 
326 1.375695 
1418 1.375233 
1391 1.374310 
1636 1.373546 
978 1.370875 
2236 1.370803 
1256 1.370223 
1653 1.367471 
471 1.366949 
1035 1.366516 
2375 1.365884 
1347 1.365438 
1599 1.365423 
1337 1.365303 
917 1.365281 
1377 1.363718 
2215 1.363539 
1255 1.361976 
392 1.360983 
2365 1.359826 
1977 1.359825 
1936 1.355148 
1238 1.353596 
1330 1.351770 
324 1.351497 
1181 1.349983 
2034 1.349814 
1293 1.349658 
105 1.349402 
2378 1.349344 
2348 1.348938 
2121 1.347711 
20 1.347247 
2200 1.345294 
438 1.345125 
950 1.344103 
1034 1.342029 
2241 1.341991 
2092 1.341857 
1603 1.341766 
355 1.339435 
1210 1.336765 
287 1.335883 
408 1.332336 
1112 1.331775 
426 1.330659 
1466 1.330240 
1941 1.329280 
2388 1.328740 
1334 1.327195 
1254 1.326204 
1431 1.325315 
1918 1.325281 
457 1.322975 
2213 1.322945 
1428 1.322546 
1967 1.321657 
2029 1.320310 
1290 1.320266 
1073 1.318340 
2290 1.317368 
1388 1.315706 
1196 1.315377 
259 1.315271 
332 1.314172 
333 1.313127 
460 1.310399 
2179 1.309231 
1677 1.307473 
1392 1.306359 
1468 1.304966 
1415 1.302842 
1414 1.301736 
1253 1.300599 
2279 1.299430 
2033 1.297719 
958 1.297626 
402 1.297503 
477 1.295038 
2351 1.295009 
103 1.294583 
1626 1.294506 
1359 1.294341 
245 1.294097 
1294 1.293885 
368 1.293211 
2309 1.292731 
406 1.292302 
2321 1.290712 
1358 1.290307 
1182 1.290219 
1360 1.289826 
440 1.288635 
878 1.288515 
1285 1.287772 
382 1.287494 
1749 1.287364 
2282 1.287153 
1349 1.286253 
2028 1.285470 
2338 1.283933 
1155 1.281265 
451 1.281014 
244 1.280795 
1214 1.280421 
682 1.276419 
400 1.276018 
1266 1.275398 
1378 1.274087 
1286 1.273906 
1036 1.273071 
646 1.271779 
2281 1.270167 
1110 1.268487 
2386 1.268425 
373 1.268085 
284 1.266711 
1077 1.266585 
2369 1.265838 
2228 1.265129 
1074 1.264825 
953 1.263407 
2366 1.262445 
1387 1.262238 
1305 1.262232 
1190 1.261559 
2166 1.258029 
2341 1.255360 
2224 1.255284 
452 1.255010 
1156 1.254135 
464 1.252664 
2371 1.251415 
1672 1.251412 
1912 1.251363 
2291 1.250821 
1942 1.249352 
1421 1.249154 
2322 1.248673 
1205 1.247015 
1381 1.246966 
1862 1.246859 
2131 1.246477 
1270 1.245672 
413 1.245568 
1145 1.245544 
260 1.245389 
1228 1.243379 
255 1.242689 
1306 1.242409 
1956 1.240814 
1971 1.240170 
1140 1.240039 
360 1.239855 
1235 1.238916 
1050 1.238813 
2301 1.237426 
2239 1.236797 
1980 1.236174 
1195 1.236017 
1111 1.235946 
869 1.233527 
909 1.231852 
1002 1.230258 
2181 1.229982 
246 1.229283 
1409 1.229167 
874 1.227621 
2295 1.225463 
367 1.225325 
519 1.224280 
1917 1.222144 
407 1.222101 
1989 1.220754 
1185 1.219062 
2315 1.218853 
2027 1.218725 
1049 1.217874 
1265 1.217503 
1307 1.214222 
1187 1.213416 
2325 1.212127 
1640 1.212050 
1001 1.209865 
1033 1.209785 
2218 1.206683 
969 1.203484 
1623 1.200418 
2132 1.198960 
1062 1.196118 
2242 1.194752 
1403 1.193975 
1258 1.192647 
108 1.191242 
1701 1.189159 
1060 1.185908 
1992 1.184373 
1211 1.184257 
1133 1.179966 
254 1.179360 
1202 1.179219 
381 1.178612 
2353 1.178100 
363 1.178023 
412 1.176705 
337 1.173297 
433 1.172869 
2310 1.168645 
1109 1.166461 
2227 1.165279 
2326 1.164520 
2197 1.163735 
1750 1.163007 
2336 1.158674 
1204 1.157166 
1146 1.157064 
1346 1.156557 
2317 1.155112 
1354 1.154532 
1943 1.152915 
2198 1.151681 
1938 1.147045 
2030 1.146673 
2222 1.142624 
2164 1.139052 
1979 1.138209 
2313 1.137376 
476 1.136875 
2342 1.133929 
2009 1.132868 
2002 1.132763 
1257 1.131652 
2097 1.131162 
1047 1.131075 
295 1.130667 
1151 1.129077 
1213 1.128922 
1218 1.126729 
1937 1.125033 
291 1.123665 
1160 1.123487 
346 1.121899 
1070 1.121796 
1357 1.121602 
1212 1.121398 
2110 1.121390 
2207 1.116767 
1227 1.116104 
416 1.113885 
1680 1.107423 
323 1.106425 
1990 1.105360 
947 1.101293 
1028 1.100816 
862 1.097241 
1632 1.096919 
1308 1.096827 
1201 1.095345 
2266 1.092758 
859 1.091945 
1335 1.091835 
2318 1.091133 
297 1.089261 
274 1.089210 
949 1.088849 
1929 1.087531 
335 1.086450 
2109 1.083221 
2221 1.081064 
1203 1.080669 
1383 1.079980 
2302 1.078877 
1345 1.078466 
2143 1.075999 
2161 1.071589 
2296 1.070458 
349 1.070295 
2134 1.069462 
2193 1.069383 
2286 1.069307 
1506 1.066130 
906 1.065153 
2145 1.062296 
1323 1.062054 
916 1.060519 
89 1.060207 
2036 1.059031 
1084 1.057517 
1179 1.056605 
1324 1.055630 
2082 1.053908 
983 1.053171 
1217 1.052373 
281 1.046155 
384 1.044824 
2370 1.044318 
1831 1.043095 
1055 1.039763 
2235 1.037266 
1384 1.034316 
2068 1.033760 
745 1.033663 
1826 1.033639 
2208 1.032821 
1069 1.031152 
1368 1.031000 
327 1.028256 
341 1.027876 
644 1.027320 
2202 1.027042 
2113 1.026484 
1124 1.024003 
257 1.021930 
1911 1.021211 
2217 1.016664 
910 1.015022 
2139 1.011979 
1282 1.011275 
1818 1.011055 
493 1.010685 
2240 1.008093 
1315 1.007052 
1625 1.006917 
520 1.002608 
2205 1.002354 
1316 1.000762 
2163 1.000593 
765 1.000444 
1128 0.999594 
2265 0.998562 
879 0.995273 
2354 0.993444 
1505 0.992915 
1142 0.991997 
1353 0.989239 
970 0.988004 
1269 0.987977 
680 0.987287 
1321 0.985458 
1866 0.983409 
2347 0.983332 
200 0.983172 
391 0.983126 
954 0.980444 
1083 0.979632 
303 0.978611 
1300 0.978006 
2372 0.977638 
2081 0.975369 
866 0.972748 
2170 0.971904 
87 0.969405 
1038 0.969396 
994 0.969121 
2035 0.968754 
1336 0.966636 
1960 0.966243 
1342 0.965851 
905 0.963722 
984 0.963461 
870 0.962328 
409 0.961712 
2146 0.959583 
2123 0.956344 
2094 0.953888 
1410 0.950785 
110 0.950163 
581 0.947393 
1037 0.945728 
1299 0.944964 
2191 0.944801 
1865 0.937595 
1913 0.933977 
2201 0.932582 
7 0.931762 
948 0.930966 
2114 0.927325 
2104 0.923911 
2206 0.921811 
262 0.921704 
2133 0.919420 
2099 0.918309 
2314 0.916593 
428 0.916198 
1849 0.912648 
1981 0.912558 
2005 0.910404 
208 0.910025 
1176 0.907619 
865 0.907418 
241 0.907121 
1141 0.904198 
1558 0.903647 
1341 0.902360 
1236 0.902202 
249 0.901147 
979 0.901117 
2162 0.900816 
1278 0.900587 
465 0.899619 
2334 0.898779 
1649 0.898740 
1671 0.898250 
2103 0.897993 
1159 0.897950 
1233 0.897262 
272 0.896526 
1056 0.896290 
1557 0.895654 
300 0.895250 
1914 0.893338 
219 0.892709 
2169 0.888494 
357 0.888078 
1400 0.887362 
891 0.883996 
2330 0.878272 
1322 0.877735 
1186 0.875448 
2308 0.875332 
1647 0.874344 
2253 0.873197 
1621 0.872200 
2118 0.869305 
1281 0.868757 
1277 0.867536 
421 0.864631 
445 0.863641 
957 0.862628 
2254 0.862535 
2300 0.861666 
2072 0.861429 
1717 0.860532 
1820 0.858942 
2117 0.858353 
1123 0.856231 
1243 0.853823 
2010 0.853379 
1959 0.845860 
955 0.844524 
2285 0.843948 
582 0.843899 
1059 0.842443 
1842 0.842425 
1991 0.842264 
2077 0.841922 
876 0.841413 
1129 0.840167 
218 0.840154 
2157 0.839953 
1130 0.839762 
2299 0.830177 
1834 0.829103 
956 0.826753 
1327 0.826474 
205 0.824363 
1018 0.822440 
2194 0.819665 
2140 0.817190 
1167 0.815554 
1127 0.813154 
1877 0.812784 
993 0.812749 
1702 0.807323 
1880 0.804429 
1180 0.803854 
1648 0.803718 
2006 0.802171 
1328 0.800723 
2158 0.799839 
494 0.796161 
990 0.794482 
308 0.794382 
2137 0.782286 
1198 0.778929 
1718 0.777940 
908 0.770505 
1631 0.769729 
318 0.769211 
1946 0.768102 
1860 0.767812 
861 0.767081 
2187 0.762736 
1367 0.759058 
2188 0.745087 
1027 0.745048 
2138 0.742390 
16 0.739516 
2087 0.736710 
1908 0.735408 
2248 0.735205 
2260 0.733884 
1652 0.727201 
1363 0.723209 
100 0.722819 
2024 0.721793 
1244 0.721450 
690 0.719769 
322 0.719364 
2245 0.718745 
991 0.717078 
1135 0.715593 
714 0.713443 
2258 0.706993 
2257 0.697595 
1624 0.696538 
989 0.692506 
1234 0.692477 
1974 0.688633 
1399 0.685369 
920 0.680982 
2259 0.679449 
2093 0.674568 
1317 0.670797 
1016 0.666211 
2125 0.661837 
1364 0.661779 
2234 0.658848 
2233 0.657259 
2246 0.655649 
1832 0.651033 
2150 0.641546 
1973 0.640183 
296 0.639952 
1022 0.638547 
766 0.635233 
1017 0.634535 
377 0.633929 
1197 0.633093 
1015 0.630878 
2124 0.625243 
1371 0.622985 
2274 0.619333 
336 0.609360 
992 0.604763 
201 0.595318 
1136 0.595247 
884 0.591469 
64 0.586007 
1376 0.583365 
685 0.581730 
1119 0.581552 
985 0.580235 
1007 0.580128 
1945 0.578948 
278 0.575769 
2071 0.572369 
713 0.567682 
88 0.565957 
1008 0.563684 
2329 0.562397 
1449 0.561407 
2270 0.561118 
980 0.555773 
1172 0.547803 
283 0.547694 
673 0.543508 
735 0.536799 
1604 0.533295 
1560 0.519204 
518 0.518372 
1559 0.515279 
880 0.511403 
643 0.507287 
1262 0.507007 
2333 0.506959 
2305 0.506480 
492 0.505608 
99 0.505033 
2247 0.504331 
2229 0.503263 
1021 0.495271 
1274 0.495027 
2273 0.494055 
486 0.491295 
338 0.490234 
664 0.489577 
378 0.488766 
1248 0.485747 
2306 0.482833 
2357 0.480406 
1850 0.480039 
507 0.475376 
2364 0.468299 
220 0.463722 
2078 0.460985 
1995 0.459212 
1859 0.456648 
1066 0.450666 
2149 0.450278 
1168 0.446229 
2126 0.444541 
1996 0.442637 
240 0.442077 
2088 0.432937 
546 0.431934 
1229 0.430645 
2269 0.422817 
1997 0.419920 
2130 0.419442 
986 0.418448 
1985 0.415493 
217 0.413936 
1450 0.413088 
2275 0.402453 
749 0.396063 
1966 0.392122 
2156 0.392076 
1120 0.391915 
2307 0.391468 
1876 0.388936 
1406 0.383401 
2004 0.381896 
485 0.380504 
1318 0.374875 
1986 0.374165 
674 0.374069 
696 0.369718 
860 0.368439 
1965 0.368209 
875 0.365269 
1372 0.355054 
997 0.354587 
792 0.351688 
692 0.351194 
883 0.346035 
101 0.343977 
1230 0.334688 
15 0.331002 
1867 0.329288 
197 0.324563 
2020 0.320836 
739 0.312048 
2023 0.307502 
6 0.304095 
1998 0.298279 
237 0.297671 
126 0.296474 
2155 0.291565 
1375 0.287550 
1004 0.286141 
1405 0.285062 
584 0.281753 
1065 0.275039 
1622 0.265219 
1875 0.249586 
907 0.241647 
491 0.241620 
2363 0.239321 
227 0.238035 
736 0.237863 
2017 0.236858 
642 0.236662 
663 0.221718 
1697 0.215702 
1273 0.213675 
1838 0.212092 
1707 0.210853 
1962 0.206977 
1026 0.199684 
998 0.199353 
2358 0.194850 
2276 0.193662 
2173 0.193628 
1868 0.186839 
2013 0.179972 
1171 0.175844 
1824 0.166042 
2003 0.163932 
2019 0.159631 
2012 0.148766 
517 0.143301 
686 0.138548 
40 0.131655 
211 0.131160 
2174 0.124036 
1837 0.121750 
695 0.121166 
199 0.121094 
1247 0.120140 
2230 0.110988 
760 0.108025 
1961 0.099973 
2129 0.097131 
2018 0.089203 
583 0.087062 
253 0.084128 
1723 0.082180 
2014 0.081257 
892 0.077260 
1003 0.074578 
1476 0.073015 
104 0.067770 
641 0.054454 
791 0.053566 
1489 0.052204 
740 0.041745 
531 0.008572 
506 -0.007457 
483 -0.021943 
1452 -0.023543 
961 -0.028149 
149 -0.034564 
1841 -0.041638 
668 -0.052684 
196 -0.059626 
191 -0.064534 
1823 -0.090949 
750 -0.091112 
1044 -0.093312 
508 -0.097653 
1698 -0.100206 
600 -0.103529 
77 -0.105451 
513 -0.115078 
1708 -0.150255 
2011 -0.161883 
1950 -0.170641 
1724 -0.174197 
505 -0.181213 
424 -0.182056 
545 -0.190363 
2043 -0.205777 
195 -0.218903 
1442 -0.221422 
203 -0.231897 
1694 -0.237058 
1752 -0.237624 
514 -0.241383 
1025 -0.241463 
667 -0.243457 
974 -0.251732 
794 -0.260174 
973 -0.262075 
532 -0.268952 
129 -0.274739 
1086 -0.289245 
962 -0.296513 
1261 -0.297178 
1463 -0.298383 
1464 -0.302628 
717 -0.310984 
1471 -0.311093 
93 -0.314333 
1451 -0.321504 
1475 -0.322095 
913 -0.322884 
1490 -0.353123 
763 -0.362501 
204 -0.368062 
213 -0.375812 
164 -0.378462 
1540 -0.395593 
1472 -0.407165 
115 -0.423585 
965 -0.436854 
1643 -0.437887 
112 -0.453919 
1924 -0.524426 
79 -0.530544 
222 -0.543275 
1952 -0.548483 
1815 -0.553431 
902 -0.572394 
484 -0.576589 
1872 -0.582771 
1515 -0.603260 
1931 -0.615442 
1220 -0.647089 
1932 -0.648910 
2178 -0.655424 
599 -0.662299 
98 -0.670183 
2056 -0.689023 
1871 -0.716092 
759 -0.719001 
718 -0.741796 
212 -0.744432 
700 -0.761238 
720 -0.763090 
2044 -0.763307 
90 -0.782832 
542 -0.788523 
1816 -0.794361 
1903 -0.794891 
1610 -0.802109 
67 -0.813706 
114 -0.822890 
946 -0.824228 
154 -0.842958 
2053 -0.844141 
652 -0.851153 
964 -0.851719 
34 -0.859843 
1096 -0.873906 
1609 -0.878297 
914 -0.882817 
1884 -0.886251 
1446 -0.893166 
526 -0.908592 
1675 -0.913386 
807 -0.915170 
1896 -0.923013 
558 -0.927016 
1518 -0.930727 
966 -0.930747 
1103 -0.932829 
707 -0.937050 
1830 -0.938276 
2177 -0.942084 
1895 -0.951351 
1665 -0.952280 
132 -0.956105 
968 -0.956927 
723 -0.966262 
3 -0.967872 
1572 -0.969987 
1666 -0.970350 
924 -0.973266 
111 -0.982533 
1554 -0.984077 
923 -0.986648 
2392 -0.986678 
699 -0.988296 
724 -0.996995 
1714 -0.997031 
1919 -1.000728 
265 -1.001854 
1090 -1.003289 
1904 -1.017194 
1539 -1.022088 
963 -1.022471 
732 -1.024731 
799 -1.025681 
731 -1.027058 
1751 -1.031126 
622 -1.031721 
1517 -1.033484 
1085 -1.035324 
489 -1.039741 
1920 -1.040455 
26 -1.047397 
1495 -1.048984 
657 -1.049875 
1493 -1.056067 
501 -1.056844 
1644 -1.062528 
850 -1.066043 
822 -1.068258 
525 -1.074021 
933 -1.075809 
764 -1.077724 
1579 -1.079989 
887 -1.080083 
1104 -1.081370 
1525 -1.086684 
1888 -1.091289 
1553 -1.091599 
658 -1.092032 
567 -1.093456 
577 -1.097451 
1858 -1.100765 
1445 -1.101207 
753 -1.102723 
141 -1.110339 
1043 -1.111899 
541 -1.116284 
937 -1.124475 
1219 -1.133390 
66 -1.136802 
1575 -1.137356 
1808 -1.137534 
1516 -1.141510 
825 -1.142426 
502 -1.143510 
871 -1.143539 
793 -1.147998 
19 -1.148902 
1095 -1.155164 
498 -1.156283 
1494 -1.160353 
1521 -1.162214 
1580 -1.163986 
808 -1.165458 
1584 -1.166315 
708 -1.170401 
817 -1.174343 
497 -1.174892 
2050 -1.175177 
1496 -1.176953 
1089 -1.180719 
124 -1.183303 
1713 -1.186819 
853 -1.187656 
1734 -1.188349 
1441 -1.188439 
781 -1.191473 
769 -1.192535 
941 -1.196803 
651 -1.197412 
578 -1.200213 
930 -1.201021 
1487 -1.201847 
548 -1.202696 
529 -1.205420 
235 -1.206264 
554 -1.207003 
942 -1.208677 
1829 -1.215121 
701 -1.216147 
818 -1.217106 
1438 -1.218011 
2049 -1.221418 
1746 -1.221784 
754 -1.223643 
797 -1.225526 
500 -1.226806 
846 -1.229267 
1606 -1.230330 
888 -1.236932 
1509 -1.239161 
568 -1.239848 
934 -1.240160 
1526 -1.241210 
1925 -1.242809 
181 -1.246565 
1733 -1.248979 
537 -1.249467 
1616 -1.250738 
605 -1.251260 
2391 -1.251822 
225 -1.253563 
945 -1.254985 
1783 -1.262698 
1589 -1.265295 
1853 -1.266360 
826 -1.269012 
821 -1.269476 
1811 -1.269551 
1728 -1.270442 
1532 -1.273904 
1806 -1.275614 
1564 -1.281324 
940 -1.281937 
1730 -1.282397 
898 -1.284734 
530 -1.285206 
1684 -1.285749 
1590 -1.286328 
670 -1.286405 
776 -1.286594 
538 -1.286980 
896 -1.288696 
625 -1.289346 
1522 -1.290033 
1755 -1.290675 
1530 -1.291544 
838 -1.291698 
1663 -1.292522 
1770 -1.295206 
1795 -1.295874 
638 -1.296619 
1689 -1.300036 
849 -1.300490 
1693 -1.300605 
1458 -1.301138 
2394 -1.305658 
168 -1.306149 
1510 -1.313860 
834 -1.314380 
2061 -1.314924 
1676 -1.315274 
192 -1.315564 
499 -1.316550 
650 -1.316603 
562 -1.316972 
1092 -1.317365 
854 -1.317492 
626 -1.318141 
1887 -1.318892 
321 -1.319953 
1776 -1.320468 
1529 -1.323414 
1881 -1.324014 
770 -1.324210 
1845 -1.324769 
829 -1.325395 
637 -1.325793 
1523 -1.326092 
1549 -1.331243 
858 -1.331317 
1741 -1.332815 
1583 -1.332915 
1531 -1.333339 
179 -1.335626 
1846 -1.338204 
576 -1.339321 
895 -1.341153 
1629 -1.342220 
557 -1.343983 
69 -1.344272 
771 -1.344555 
1784 -1.346191 
1552 -1.347061 
837 -1.347763 
1571 -1.348403 
755 -1.348530 
785 -1.348786 
1803 -1.349058 
1780 -1.352228 
233 -1.352916 
756 -1.353739 
2062 -1.360438 
127 -1.361970 
1615 -1.362490 
1766 -1.363166 
1630 -1.363361 
49 -1.366231 
45 -1.366412 
830 -1.367507 
1745 -1.371341 
780 -1.372037 
812 -1.374361 
1765 -1.374733 
228 -1.375512 
226 -1.377533 
1660 -1.377818 
1613 -1.378284 
617 -1.378951 
561 -1.381375 
162 -1.382055 
547 -1.382274 
706 -1.382740 
397 -1.383613 
782 -1.387171 
772 -1.389758 
844 -1.391305 
1775 -1.391457 
833 -1.391577 
596 -1.391650 
1488 -1.398577 
490 -1.400507 
649 -1.400983 
566 -1.401770 
1545 -1.402206 
857 -1.403179 
1756 -1.403839 
728 -1.406078 
705 -1.406236 
1550 -1.407336 
478 -1.408327 
1792 -1.409357 
1688 -1.409709 
1736 -1.411195 
81 -1.411400 
592 -1.412309 
1479 -1.412392 
710 -1.412848 
1791 -1.414583 
2054 -1.414974 
1769 -1.415456 
1546 -1.415850 
811 -1.417215 
1759 -1.418816 
1735 -1.419889 
1656 -1.421033 
1459 -1.421595 
589 -1.421807 
1618 -1.422129 
58 -1.424925 
1534 -1.426090 
63 -1.426363 
618 -1.427283 
590 -1.428561 
2066 -1.429441 
816 -1.430128 
631 -1.430778 
612 -1.431275 
46 -1.433406 
1436 -1.433423 
800 -1.434925 
1481 -1.434977 
1798 -1.435127 
231 -1.435376 
117 -1.436076 
786 -1.436174 
1785 -1.437797 
221 -1.438400 
787 -1.439196 
938 -1.442405 
1592 -1.442418 
1569 -1.443031 
815 -1.445733 
1773 -1.446357 
634 -1.449359 
1848 -1.449471 
553 -1.450112 
1533 -1.450177 
1499 -1.451005 
1762 -1.453703 
1578 -1.454617 
1690 -1.454687 
632 -1.455044 
1598 -1.455399 
591 -1.455867 
1744 -1.456386 
702 -1.459044 
1740 -1.459747 
594 -1.460969 
606 -1.461719 
572 -1.462928 
1790 -1.466311 
775 -1.466608 
1434 -1.467099 
1807 -1.467717 
313 -1.467864 
1091 -1.468822 
573 -1.469358 
1480 -1.472910 
1681 -1.473633 
1778 -1.474494 
95 -1.474569 
1900 -1.475092 
1482 -1.476732 
1617 -1.477586 
1779 -1.479162 
1786 -1.479289 
593 -1.479455 
183 -1.480117 
798 -1.480871 
832 -1.481673 
1709 -1.482672 
524 -1.483058 
1737 -1.485373 
609 -1.485654 
1593 -1.486429 
74 -1.486814 
614 -1.490391 
1854 -1.493276 
575 -1.493338 
574 -1.494448 
84 -1.497635 
1949 -1.497877 
615 -1.502662 
171 -1.502850 
613 -1.503396 
1597 -1.505276 
1444 -1.506280 
1781 -1.506864 
60 -1.507263 
777 -1.507542 
1685 -1.508336 
633 -1.509035 
565 -1.513098 
1544 -1.513671 
1729 -1.513828 
54 -1.514538 
71 -1.516852 
39 -1.517311 
1761 -1.518147 
610 -1.518406 
1891 -1.519408 
748 -1.520669 
1500 -1.522536 
523 -1.522550 
654 -1.524833 
1502 -1.524941 
1596 -1.525798 
621 -1.529295 
33 -1.529595 
560 -1.530929 
1758 -1.531533 
839 -1.532320 
1547 -1.534091 
540 -1.536039 
2065 -1.537588 
803 -1.538733 
1760 -1.540130 
709 -1.542272 
1611 -1.543087 
1485 -1.544060 
1782 -1.544523 
1738 -1.544782 
823 -1.545652 
571 -1.546439 
550 -1.549643 
1551 -1.550105 
1710 -1.553061 
788 -1.553139 
773 -1.554337 
1594 -1.554603 
193 -1.554807 
50 -1.555873 
1687 -1.556151 
1106 -1.556617 
1662 -1.556837 
551 -1.556986 
639 -1.557404 
608 -1.558825 
715 -1.560151 
1774 -1.560354 
1543 -1.561367 
802 -1.561924 
1847 -1.562066 
595 -1.562109 
72 -1.562344 
1524 -1.563739 
1771 -1.565404 
629 -1.565668 
1789 -1.567205 
1743 -1.570397 
842 -1.571280 
312 -1.571546 
1757 -1.571959 
555 -1.572733 
1667 -1.574552 
778 -1.576797 
1892 -1.577114 
80 -1.578763 
1595 -1.578927 
1890 -1.579747 
1567 -1.579751 
1777 -1.580092 
843 -1.582934 
1537 -1.586097 
73 -1.587455 
1501 -1.587858 
570 -1.588392 
814 -1.588755 
671 -1.589622 
569 -1.591289 
1484 -1.591718 
1455 -1.593359 
1897 -1.595136 
828 -1.596721 
841 -1.597124 
813 -1.599870 
929 -1.600870 
1788 -1.601571 
1661 -1.602797 
1514 -1.605125 
616 -1.605621 
928 -1.607656 
13 -1.610295 
587 -1.611863 
1614 -1.611999 
75 -1.616366 
1727 -1.616407 
611 -1.619660 
1796 -1.621725 
1565 -1.621853 
1739 -1.622835 
1460 -1.624461 
1264 -1.625485 
747 -1.626619 
810 -1.626879 
1901 -1.626896 
1686 -1.627379 
630 -1.629068 
1794 -1.629670 
1801 -1.631040 
1461 -1.632596 
2064 -1.632696 
779 -1.633041 
1513 -1.633231 
522 -1.634035 
1763 -1.635409 
290 -1.636087 
535 -1.636623 
827 -1.640473 
727 -1.640872 
1764 -1.641717 
1612 -1.642005 
173 -1.642405 
1107 -1.643493 
1570 -1.643710 
1813 -1.644252 
1105 -1.644533 
1457 -1.644814 
1585 -1.647836 
180 -1.648656 
831 -1.648712 
539 -1.650453 
563 -1.651275 
931 -1.653033 
1508 -1.655052 
1548 -1.655733 
161 -1.656865 
92 -1.658079 
1568 -1.658195 
1926 -1.658264 
1797 -1.659853 
636 -1.660010 
1870 -1.660099 
1742 -1.660365 
31 -1.663946 
2057 -1.664716 
1768 -1.666137 
1793 -1.667546 
729 -1.668757 
1799 -1.669003 
1586 -1.670963 
801 -1.671095 
804 -1.671104 
1857 -1.672297 
214 -1.672811 
1093 -1.673318 
1566 -1.674275 
1497 -1.674544 
1721 -1.675191 
1899 -1.675598 
1725 -1.678818 
1437 -1.680544 
661 -1.681235 
1456 -1.682291 
536 -1.682413 
146 -1.682692 
1538 -1.684213 
1439 -1.687497 
1483 -1.690477 
835 -1.691776 
482 -1.694348 
1894 -1.694449 
628 -1.695667 
588 -1.695675 
62 -1.698606 
845 -1.698791 
1787 -1.698967 
852 -1.699440 
1722 -1.700754 
1486 -1.700846 
653 -1.702928 
586 -1.705119 
1433 -1.705777 
1101 -1.707923 
1536 -1.708023 
2059 -1.708901 
85 -1.711869 
1657 -1.713183 
627 -1.714118 
1923 -1.714415 
177 -1.715197 
805 -1.717754 
521 -1.720402 
603 -1.720679 
926 -1.720887 
620 -1.721660 
1902 -1.721799 
774 -1.721820 
481 -1.722772 
1772 -1.722812 
160 -1.724355 
851 -1.725426 
186 -1.729446 
824 -1.729595 
70 -1.729874 
1498 -1.730272 
1576 -1.730311 
927 -1.732773 
939 -1.732865 
1 -1.735660 
806 -1.735857 
809 -1.736169 
136 -1.738422 
534 -1.741282 
893 -1.743193 
790 -1.745903 
855 -1.746258 
925 -1.750078 
1715 -1.750738 
602 -1.751072 
607 -1.751315 
899 -1.754144 
1563 -1.754869 
82 -1.754925 
185 -1.756854 
1574 -1.757975 
174 -1.761105 
121 -1.763362 
900 -1.767564 
1809 -1.768843 
1435 -1.770469 
1805 -1.771772 
2051 -1.771925 
61 -1.772141 
2063 -1.772687 
1454 -1.772879 
619 -1.773077 
1605 -1.775155 
1097 -1.776759 
1102 -1.780874 
932 -1.780891 
1810 -1.781258 
1535 -1.781720 
655 -1.783716 
635 -1.783721 
1591 -1.783913 
176 -1.785492 
552 -1.786154 
170 -1.786285 
698 -1.787207 
604 -1.787497 
68 -1.787729 
597 -1.789541 
659 -1.789555 
725 -1.792014 
1683 -1.792579 
1100 -1.794424 
158 -1.794561 
1898 -1.795750 
1747 -1.796060 
783 -1.796151 
742 -1.796640 
52 -1.796641 
172 -1.801041 
153 -1.801982 
656 -1.803051 
1511 -1.803178 
730 -1.803627 
1691 -1.804637 
187 -1.805447 
1573 -1.805538 
1802 -1.808877 
1577 -1.813641 
78 -1.814997 
1767 -1.816117 
83 -1.817301 
559 -1.817931 
935 -1.819583 
1098 -1.821227 
564 -1.828508 
1814 -1.828599 
1886 -1.828831 
1705 -1.830809 
248 -1.831083 
726 -1.832095 
1812 -1.834638 
317 -1.836059 
1673 -1.836626 
1588 -1.836727 
1658 -1.836819 
184 -1.837527 
1581 -1.838218 
1951 -1.839174 
182 -1.842544 
480 -1.842651 
660 -1.842715 
57 -1.842800 
1716 -1.844023 
130 -1.844089 
169 -1.845072 
48 -1.847144 
784 -1.848729 
2055 -1.850258 
741 -1.852334 
1800 -1.862178 
2060 -1.865490 
1754 -1.867289 
662 -1.867732 
36 -1.868289 
147 -1.871364 
903 -1.871493 
1453 -1.872097 
1462 -1.872447 
847 -1.874323 
1542 -1.874613 
549 -1.875272 
1893 -1.875422 
27 -1.876509 
1706 -1.879595 
232 -1.887274 
116 -1.888375 
234 -1.889975 
1562 -1.890188 
1889 -1.890558 
1587 -1.893278 
721 -1.893420 
145 -1.893450 
598 -1.895060 
623 -1.897336 
757 -1.901359 
316 -1.904759 
1753 -1.905387 
1094 -1.909460 
1046 -1.910958 
1520 -1.912169 
1582 -1.913808 
1883 -1.914472 
533 -1.915484 
1682 -1.917726 
733 -1.918475 
1921 -1.919100 
789 -1.932354 
585 -1.932375 
1528 -1.932757 
704 -1.934057 
1541 -1.935861 
1674 -1.937619 
936 -1.939283 
2058 -1.939695 
820 -1.943609 
86 -1.947395 
556 -1.947690 
819 -1.952274 
479 -1.957587 
120 -1.958941 
43 -1.962090 
897 -1.962438 
229 -1.963482 
758 -1.965739 
1561 -1.966325 
848 -1.971252 
59 -1.971476 
1668 -1.973420 
752 -1.975027 
601 -1.977805 
1619 -1.982243 
189 -1.982888 
836 -1.986710 
1712 -1.989733 
118 -1.992070 
1512 -1.999604 
29 -2.000726 
1695 -2.004223 
157 -2.007513 
56 -2.007796 
1852 -2.008298 
1099 -2.009546 
734 -2.011400 
872 -2.014601 
315 -2.021247 
42 -2.023801 
579 -2.027609 
496 -2.029614 
178 -2.030804 
37 -2.033935 
30 -2.036562 
11 -2.042721 
1664 -2.047243 
1885 -2.053669 
139 -2.054577 
151 -2.055822 
719 -2.056045 
796 -2.056396 
1804 -2.057724 
890 -2.059277 
55 -2.061420 
250 -2.066473 
1711 -2.068246 
1527 -2.068410 
1443 -2.072169 
163 -2.075620 
47 -2.077078 
1692 -2.082257 
128 -2.084018 
768 -2.087841 
1731 -2.089836 
1263 -2.094958 
230 -2.095543 
1655 -2.095628 
1045 -2.095916 
35 -2.097159 
1507 -2.098521 
840 -2.101559 
44 -2.104186 
41 -2.109180 
943 -2.113033 
28 -2.119613 
624 -2.120882 
1607 -2.127042 
543 -2.131513 
155 -2.132531 
901 -2.133553 
1855 -2.133577 
1696 -2.136298 
1700 -2.145902 
1555 -2.156966 
722 -2.167543 
648 -2.169763 
527 -2.170183 
1628 -2.178220 
762 -2.180891 
1726 -2.189124 
1088 -2.190049 
135 -2.190932 
8 -2.196586 
503 -2.209484 
32 -2.213116 
175 -2.217910 
131 -2.222200 
1699 -2.232939 
1447 -2.233798 
1732 -2.238107 
761 -2.238128 
152 -2.238825 
1659 -2.239603 
119 -2.244654 
647 -2.245207 
1922 -2.261345 
25 -2.262838 
9 -2.267587 
894 -2.275545 
51 -2.277185 
159 -2.282143 
1492 -2.285152 
188 -2.291140 
4 -2.296257 
190 -2.300875 
142 -2.304630 
144 -2.323143 
166 -2.326120 
156 -2.326533 
133 -2.327699 
1108 -2.335356 
2052 -2.338142 
23 -2.338620 
97 -2.346598 
488 -2.371750 
96 -2.382058 
889 -2.393914 
1748 -2.396132 
167 -2.398178 
1608 -2.402226 
150 -2.416716 
38 -2.431280 
22 -2.437955 
24 -2.439989 
944 -2.444189 
10 -2.445822 
1856 -2.458112 
1440 -2.463554 
236 -2.492964 
669 -2.496468 
320 -2.499540 
703 -2.504411 
912 -2.541671 
5 -2.551424 
319 -2.552080 
1882 -2.570086 
528 -2.600095 
697 -2.613410 
143 -2.654219 
125 -2.669902 
1851 -2.683282 
911 -2.702784 
1087 -2.779956 
194 -2.787287 
672 -2.797138 
1519 -2.806333 
767 -2.810594 
1627 -2.821480 
856 -2.838158 
904 -2.860326 
716 -2.874695 
102 -2.874902 
12 -2.905318 
215 -2.915560 
544 -2.917819 
1556 -2.930656 
640 -2.951946 
216 -2.956454 
751 -2.983820 
1869 -2.991014 
495 -3.004773 
0 -3.059810 
580 -3.104638 
795 -3.180045 
91 -3.181664 
1491 -3.205544 
1448 -3.243891 
487 -3.251981 
504 -3.275063 
94 -3.312030 
1620 -3.341731 
76 -3.393827 
967 -3.523180 
65 -3.863449 
2393 -3.907490 
