2642 1
1990 3.233004 
1003 3.181855 
2152 3.168054 
1904 3.122578 
1268 3.031300 
569 3.003453 
996 2.977780 
348 2.860348 
1813 2.834518 
2046 2.812958 
2075 2.798580 
563 2.798103 
0 2.774903 
1077 2.735246 
1055 2.730895 
2252 2.706309 
2227 2.691277 
2241 2.646048 
2160 2.642698 
982 2.627940 
1086 2.613449 
1926 2.608684 
2076 2.605726 
556 2.600443 
2035 2.586620 
2149 2.563521 
1075 2.554648 
1900 2.554352 
2082 2.540090 
1019 2.527316 
2112 2.521021 
573 2.513307 
2280 2.509045 
2357 2.508951 
1220 2.498640 
2042 2.478920 
2120 2.465344 
1060 2.461006 
2182 2.442484 
1050 2.418184 
2015 2.418142 
1057 2.412319 
1255 2.411940 
2158 2.400691 
514 2.387853 
1856 2.386784 
2223 2.382071 
2294 2.375555 
1960 2.374857 
1871 2.361771 
567 2.339953 
528 2.339393 
493 2.335987 
365 2.330744 
2058 2.328995 
2418 2.318683 
301 2.318094 
990 2.317258 
2372 2.314034 
2422 2.312861 
538 2.304765 
2370 2.304021 
1910 2.294847 
1851 2.292666 
1082 2.280126 
508 2.279138 
1211 2.276532 
1816 2.257369 
2172 2.257022 
1993 2.253257 
356 2.247318 
636 2.244684 
1071 2.237635 
2274 2.229093 
1022 2.228756 
1887 2.228622 
2119 2.227524 
2617 2.225704 
1222 2.219812 
401 2.218837 
347 2.218265 
309 2.216618 
500 2.204839 
1112 2.202306 
552 2.202035 
281 2.200252 
2229 2.198710 
1881 2.195079 
1004 2.192599 
1916 2.189994 
507 2.178140 
2609 2.174056 
381 2.173581 
2347 2.171810 
1140 2.170211 
1864 2.164615 
517 2.164308 
2018 2.161484 
539 2.158799 
2237 2.156533 
1913 2.154636 
2071 2.149260 
2085 2.147502 
2336 2.144180 
2096 2.142582 
389 2.135153 
1110 2.130823 
1899 2.127527 
2244 2.122727 
545 2.122192 
1824 2.120435 
1065 2.119892 
527 2.119870 
2395 2.118923 
2380 2.117202 
1967 2.113326 
2202 2.112653 
2103 2.112349 
579 2.107813 
2247 2.092781 
1143 2.092058 
283 2.083044 
2349 2.078225 
967 2.075252 
1089 2.073008 
566 2.068161 
1308 2.065719 
1311 2.062292 
1957 2.058200 
1041 2.049234 
2201 2.046481 
2012 2.045792 
532 2.041178 
1951 2.038695 
2234 2.033421 
551 2.031184 
2298 2.029613 
415 2.028909 
2260 2.028790 
2184 2.027676 
1067 2.025268 
1030 2.025021 
2259 2.022429 
2403 2.020224 
941 2.013802 
2621 2.012976 
2555 2.012552 
2221 2.010523 
1070 2.008763 
1931 2.002859 
1839 2.002430 
1032 2.000078 
1853 1.997819 
2050 1.987275 
361 1.987046 
947 1.979326 
2465 1.975678 
2098 1.975445 
2218 1.975061 
1187 1.971051 
2414 1.967970 
2474 1.966753 
2308 1.965206 
1266 1.961981 
820 1.959007 
641 1.958973 
379 1.956912 
1955 1.955610 
407 1.950913 
501 1.947619 
2017 1.945086 
1974 1.939177 
314 1.935031 
413 1.929941 
2321 1.928860 
1203 1.924602 
1026 1.924030 
358 1.921164 
992 1.915331 
2425 1.912014 
679 1.911969 
1944 1.906818 
749 1.905587 
609 1.903427 
1131 1.903397 
534 1.901546 
2107 1.901532 
1025 1.901368 
2005 1.901201 
2216 1.901177 
1978 1.901017 
575 1.900921 
1212 1.899418 
1932 1.898447 
2613 1.893949 
1890 1.891509 
2159 1.890763 
1047 1.890515 
2615 1.890152 
1929 1.889918 
1018 1.889016 
1037 1.886032 
901 1.884506 
531 1.883266 
1011 1.880419 
2424 1.878096 
2381 1.877830 
789 1.876797 
856 1.876096 
2214 1.875228 
976 1.871004 
1891 1.867855 
1982 1.864825 
726 1.864124 
1970 1.863605 
666 1.859935 
650 1.859116 
1194 1.854071 
614 1.854008 
1874 1.848598 
897 1.848593 
580 1.846622 
929 1.846460 
2094 1.846087 
2204 1.844702 
425 1.844617 
611 1.843866 
869 1.843517 
864 1.843105 
1035 1.841410 
2293 1.837461 
612 1.837427 
2369 1.836136 
2350 1.836019 
875 1.834991 
2345 1.834645 
2026 1.831583 
2314 1.830786 
402 1.829838 
772 1.829747 
1846 1.829469 
2413 1.829234 
1938 1.828655 
2066 1.827530 
684 1.826960 
924 1.826029 
886 1.824011 
2111 1.822823 
385 1.817980 
784 1.815986 
950 1.814758 
1862 1.814176 
966 1.813671 
792 1.805982 
811 1.805745 
632 1.805034 
894 1.804560 
1894 1.803930 
2270 1.802745 
2623 1.800604 
1945 1.799402 
1012 1.799087 
584 1.798110 
600 1.798072 
1056 1.796640 
745 1.796075 
757 1.794727 
935 1.794028 
761 1.792973 
2411 1.792572 
1859 1.791033 
686 1.790818 
368 1.785736 
673 1.784615 
1966 1.779724 
549 1.779263 
2067 1.779176 
2316 1.778884 
523 1.776588 
521 1.776533 
2407 1.774778 
2330 1.774639 
2614 1.774188 
2269 1.773757 
2007 1.773694 
2300 1.772676 
1290 1.772290 
2405 1.769053 
1847 1.767846 
672 1.766467 
1049 1.765611 
960 1.765503 
1835 1.763693 
400 1.761404 
1010 1.761245 
1823 1.760884 
2297 1.760337 
586 1.757555 
1956 1.757442 
404 1.757056 
908 1.756630 
1935 1.756088 
2030 1.752692 
2315 1.751126 
1809 1.750416 
969 1.749843 
642 1.748974 
1863 1.748958 
806 1.748841 
2367 1.748731 
2334 1.747640 
2322 1.747512 
1885 1.747460 
1832 1.745449 
1439 1.743686 
1204 1.740939 
2209 1.739052 
595 1.738696 
617 1.734312 
754 1.734295 
694 1.734164 
2398 1.733556 
1109 1.731618 
698 1.729520 
1867 1.728359 
1879 1.727798 
540 1.727752 
2029 1.727413 
842 1.727144 
647 1.726875 
919 1.726762 
913 1.725597 
2632 1.725351 
591 1.724280 
300 1.723593 
2318 1.722392 
2332 1.722155 
905 1.721686 
1830 1.721468 
2402 1.721417 
1825 1.721299 
1860 1.721160 
1167 1.720068 
737 1.717925 
2006 1.716615 
310 1.716606 
841 1.716370 
876 1.712934 
776 1.711754 
2010 1.711129 
590 1.710342 
1949 1.709309 
312 1.708307 
839 1.706504 
705 1.706263 
598 1.705679 
2630 1.705426 
813 1.705157 
952 1.703088 
2089 1.702145 
699 1.701625 
516 1.700981 
441 1.700454 
2070 1.699817 
659 1.699543 
703 1.699461 
921 1.698608 
619 1.696403 
2145 1.694687 
1985 1.693315 
995 1.693226 
1875 1.692879 
816 1.692448 
956 1.692254 
628 1.691806 
1984 1.691163 
592 1.690785 
1042 1.689805 
2324 1.685911 
815 1.685879 
1893 1.685803 
1036 1.685448 
819 1.685348 
2618 1.685081 
1866 1.684485 
625 1.683777 
409 1.683509 
1848 1.683279 
688 1.683053 
596 1.682793 
1033 1.682517 
709 1.682284 
716 1.682181 
765 1.682028 
1844 1.681658 
633 1.681604 
2109 1.679897 
735 1.678681 
2375 1.678553 
651 1.677266 
2023 1.676091 
803 1.675994 
677 1.675375 
827 1.672597 
862 1.670800 
759 1.670377 
854 1.670311 
1941 1.668496 
770 1.668034 
723 1.667598 
846 1.667214 
722 1.665282 
2213 1.665147 
1923 1.664861 
937 1.664473 
1947 1.662462 
697 1.662294 
852 1.661903 
859 1.661577 
962 1.661057 
2181 1.660811 
2265 1.660710 
541 1.660656 
768 1.658273 
986 1.658235 
519 1.657581 
781 1.657439 
1028 1.657289 
845 1.655772 
838 1.654277 
977 1.654018 
1980 1.653576 
1912 1.652121 
2205 1.652085 
701 1.648885 
2480 1.648669 
1918 1.648403 
923 1.648195 
386 1.646526 
797 1.646085 
658 1.645629 
668 1.645137 
378 1.644661 
587 1.641318 
444 1.641253 
1976 1.640502 
849 1.637203 
2116 1.636942 
939 1.636114 
2628 1.635423 
2406 1.635201 
2312 1.635012 
985 1.634032 
793 1.633950 
1826 1.632865 
1973 1.631175 
728 1.627906 
2088 1.627203 
861 1.627104 
626 1.626860 
1873 1.626671 
989 1.624741 
670 1.623743 
710 1.623681 
2420 1.623306 
690 1.622630 
362 1.621699 
880 1.621246 
974 1.621239 
2302 1.621235 
891 1.620690 
660 1.620571 
662 1.618692 
730 1.617453 
1876 1.617309 
975 1.616879 
1007 1.616369 
2086 1.615690 
879 1.615229 
657 1.614230 
968 1.612015 
678 1.609872 
2304 1.608505 
2273 1.608314 
834 1.607234 
706 1.607138 
798 1.606938 
649 1.606023 
742 1.605733 
622 1.604895 
2364 1.604588 
1908 1.604003 
2238 1.603401 
2135 1.602114 
831 1.601459 
2326 1.600998 
763 1.597246 
602 1.596429 
883 1.595995 
555 1.595034 
654 1.594446 
520 1.594190 
740 1.593901 
909 1.591571 
1103 1.591316 
2299 1.589901 
1306 1.588402 
874 1.587305 
2011 1.586468 
683 1.585518 
906 1.582946 
899 1.582732 
835 1.582508 
581 1.581149 
682 1.579603 
2215 1.579167 
702 1.578989 
1008 1.578976 
943 1.578967 
491 1.577298 
364 1.577209 
577 1.576756 
1950 1.576530 
2025 1.576504 
955 1.576408 
693 1.575137 
936 1.571892 
830 1.571873 
504 1.571068 
800 1.569684 
2236 1.569552 
959 1.569322 
1014 1.568867 
802 1.567863 
382 1.567766 
318 1.567402 
833 1.565527 
733 1.564958 
2084 1.563694 
637 1.563618 
890 1.562563 
882 1.562382 
1834 1.561085 
2268 1.559345 
546 1.558881 
715 1.556771 
1023 1.554260 
812 1.554180 
904 1.553176 
918 1.552916 
2365 1.552403 
1927 1.551770 
752 1.551146 
949 1.551052 
1896 1.549890 
1942 1.548330 
2408 1.548087 
588 1.548007 
775 1.547928 
850 1.547025 
1937 1.546780 
1983 1.546623 
2027 1.546044 
751 1.543133 
2266 1.542983 
721 1.542952 
900 1.542486 
2328 1.541098 
780 1.541059 
623 1.540841 
605 1.540807 
809 1.538069 
2122 1.535949 
848 1.535816 
782 1.535788 
416 1.535677 
769 1.535601 
1285 1.535174 
2629 1.534848 
606 1.534031 
640 1.533450 
2233 1.533391 
912 1.533101 
1078 1.533050 
826 1.531609 
1936 1.531227 
2256 1.530941 
383 1.530405 
630 1.528462 
744 1.528286 
620 1.527027 
2301 1.526906 
1943 1.526374 
607 1.525048 
957 1.524787 
865 1.524682 
927 1.523868 
748 1.523679 
644 1.523363 
718 1.522457 
1786 1.521606 
280 1.520218 
1013 1.519916 
412 1.519226 
1953 1.519200 
2399 1.518559 
1836 1.517976 
1952 1.517817 
928 1.515893 
961 1.512959 
1877 1.512457 
2068 1.512408 
978 1.512175 
817 1.510824 
933 1.510270 
2306 1.508590 
629 1.508262 
727 1.507394 
931 1.507215 
604 1.506478 
1257 1.506458 
1061 1.505117 
671 1.505009 
844 1.504835 
868 1.503376 
807 1.502890 
714 1.502721 
667 1.502505 
837 1.502248 
871 1.501625 
940 1.499028 
2219 1.498025 
994 1.497669 
944 1.496984 
360 1.496681 
663 1.496241 
1855 1.493279 
877 1.492662 
889 1.492479 
736 1.492257 
824 1.491974 
898 1.490525 
1922 1.489839 
681 1.489690 
786 1.489683 
1044 1.489398 
2401 1.487417 
1977 1.486173 
2263 1.485767 
1020 1.485624 
2022 1.485535 
583 1.485388 
1972 1.484700 
892 1.483814 
971 1.483248 
829 1.482591 
855 1.482080 
973 1.481984 
2261 1.481825 
795 1.481321 
853 1.480678 
972 1.479935 
1215 1.478591 
914 1.478111 
308 1.477021 
689 1.476903 
866 1.476588 
791 1.476440 
1934 1.474787 
691 1.473686 
887 1.473341 
1854 1.471921 
787 1.471652 
822 1.470072 
778 1.469865 
713 1.469226 
767 1.468600 
621 1.468417 
951 1.467403 
2310 1.467017 
2338 1.466162 
2305 1.465942 
2207 1.465553 
524 1.463816 
917 1.462996 
766 1.462218 
988 1.461787 
543 1.461046 
756 1.460967 
785 1.460094 
1940 1.458022 
743 1.457584 
1062 1.457437 
354 1.457321 
843 1.457157 
2230 1.456586 
732 1.456477 
2397 1.456379 
544 1.455031 
2105 1.454633 
2317 1.454618 
738 1.452147 
954 1.451449 
1792 1.451126 
653 1.451085 
2108 1.450712 
790 1.449150 
2329 1.449138 
2009 1.448927 
719 1.446439 
779 1.446009 
282 1.445920 
306 1.445114 
922 1.444619 
717 1.442635 
1920 1.442106 
665 1.440813 
799 1.440700 
851 1.440254 
1436 1.440185 
1214 1.439887 
734 1.439370 
2210 1.439329 
1185 1.436976 
645 1.436437 
724 1.434798 
2211 1.434124 
2206 1.433604 
902 1.433401 
1898 1.432357 
652 1.431216 
2264 1.431184 
2020 1.431016 
1914 1.430404 
934 1.429053 
825 1.428586 
2028 1.428347 
774 1.428145 
832 1.426930 
2235 1.426351 
863 1.425826 
304 1.425507 
2110 1.424968 
860 1.422640 
1971 1.422293 
395 1.421408 
2619 1.421260 
873 1.420807 
711 1.420670 
2415 1.419918 
764 1.419684 
777 1.419250 
893 1.418986 
2257 1.418278 
747 1.417760 
1921 1.417119 
920 1.416745 
755 1.416666 
884 1.415171 
2325 1.414071 
627 1.412243 
2327 1.408666 
2008 1.408590 
796 1.406691 
805 1.403094 
2335 1.402222 
2394 1.401341 
1164 1.400802 
692 1.399693 
2106 1.398571 
2104 1.398365 
388 1.397241 
823 1.396602 
984 1.395212 
1279 1.394913 
618 1.394525 
1113 1.392203 
932 1.392091 
680 1.389690 
1883 1.389086 
801 1.388808 
712 1.388197 
911 1.387810 
2307 1.385525 
608 1.385443 
2309 1.382706 
948 1.382277 
704 1.382250 
970 1.380087 
821 1.378243 
783 1.375865 
576 1.375338 
925 1.374619 
664 1.374085 
896 1.372629 
603 1.371881 
695 1.371757 
771 1.371356 
1291 1.371119 
548 1.370423 
2232 1.368521 
1884 1.367969 
634 1.366798 
2019 1.365757 
599 1.365185 
762 1.364324 
2433 1.364087 
930 1.363224 
2311 1.360593 
518 1.357252 
916 1.356404 
2409 1.355734 
589 1.354807 
1039 1.354390 
669 1.352257 
1968 1.349452 
1911 1.347767 
2331 1.347648 
758 1.347444 
1969 1.345059 
601 1.341209 
857 1.340492 
915 1.340290 
384 1.339091 
405 1.338322 
2100 1.336700 
313 1.336470 
2277 1.335388 
818 1.334888 
1828 1.334794 
307 1.334157 
1111 1.331681 
1114 1.330723 
731 1.329802 
1101 1.328032 
597 1.328017 
926 1.327921 
366 1.327888 
624 1.327549 
655 1.327412 
707 1.326901 
1046 1.325167 
2228 1.321717 
553 1.320301 
788 1.319286 
303 1.318674 
638 1.318616 
881 1.318602 
1958 1.317096 
945 1.317009 
1286 1.314634 
810 1.313971 
729 1.312735 
808 1.306877 
981 1.306490 
700 1.306365 
1438 1.305105 
646 1.304291 
1987 1.303604 
946 1.303209 
1861 1.300308 
1933 1.300007 
1986 1.297744 
2410 1.296517 
1024 1.296149 
858 1.295049 
814 1.293201 
870 1.292818 
578 1.292587 
533 1.292207 
760 1.291016 
987 1.290288 
2323 1.290112 
1827 1.289820 
2396 1.289392 
1355 1.286630 
2366 1.283175 
2208 1.281696 
2620 1.281307 
753 1.281292 
888 1.280406 
2421 1.279842 
1895 1.279517 
1810 1.278544 
872 1.277814 
885 1.277785 
1088 1.277531 
836 1.277378 
631 1.276433 
661 1.276368 
958 1.274638 
828 1.274590 
903 1.272266 
895 1.270143 
656 1.269534 
804 1.268795 
363 1.268558 
403 1.268037 
648 1.267102 
2101 1.265362 
513 1.265136 
741 1.264986 
1115 1.261989 
463 1.260206 
1889 1.258595 
398 1.258423 
910 1.257126 
582 1.253928 
708 1.248271 
1872 1.246282 
1043 1.245790 
1954 1.244715 
1928 1.244705 
615 1.240838 
1925 1.238156 
878 1.236853 
2432 1.232018 
746 1.230840 
2255 1.227006 
542 1.221796 
1822 1.221461 
685 1.220059 
593 1.219195 
2348 1.218027 
616 1.217079 
674 1.215471 
302 1.213597 
965 1.208837 
2303 1.206493 
1959 1.205649 
594 1.204480 
2021 1.199071 
1981 1.198948 
374 1.198133 
635 1.192562 
554 1.188480 
998 1.181890 
847 1.180223 
2240 1.179632 
1814 1.177051 
639 1.176690 
1015 1.176575 
2258 1.170909 
867 1.168778 
1094 1.162521 
750 1.161647 
2212 1.160535 
794 1.160131 
1038 1.155816 
675 1.154453 
1232 1.153213 
983 1.151997 
1979 1.151036 
1029 1.148326 
1119 1.138265 
399 1.136322 
1858 1.134548 
1006 1.134349 
938 1.133227 
1045 1.129491 
2423 1.128053 
2102 1.127590 
2239 1.126532 
2024 1.123253 
1870 1.123037 
907 1.121155 
2220 1.115995 
963 1.115877 
2117 1.115315 
725 1.114770 
720 1.112168 
1271 1.110567 
1272 1.101492 
953 1.100188 
2044 1.096732 
1031 1.096083 
687 1.093153 
2475 1.090454 
840 1.084847 
464 1.074152 
676 1.071284 
613 1.067880 
357 1.063973 
1888 1.063460 
550 1.061792 
1000 1.058920 
1939 1.058684 
739 1.058220 
1903 1.057623 
1048 1.057614 
2476 1.051711 
773 1.051137 
2262 1.050139 
411 1.048417 
2292 1.047567 
1882 1.039630 
1058 1.029601 
1040 1.027555 
1027 1.026670 
1080 1.026516 
2253 1.026450 
373 1.021610 
1946 1.014923 
359 1.011660 
1141 1.007164 
2267 1.003869 
2045 0.994302 
2506 0.985530 
999 0.976439 
964 0.975744 
1821 0.975428 
979 0.971975 
1975 0.971816 
2373 0.964704 
2439 0.961216 
2013 0.959666 
2356 0.953010 
610 0.951218 
1252 0.947069 
320 0.937454 
367 0.933881 
993 0.919446 
564 0.913814 
643 0.913523 
530 0.903280 
1354 0.898424 
1177 0.897167 
1174 0.897132 
585 0.895325 
1108 0.894689 
311 0.888417 
342 0.880258 
1817 0.876725 
1267 0.872409 
353 0.866158 
942 0.865014 
1849 0.841733 
1240 0.839548 
537 0.825922 
2400 0.814642 
997 0.811253 
696 0.807972 
449 0.807877 
1120 0.804569 
1309 0.797493 
1857 0.792540 
496 0.770927 
2412 0.768099 
1147 0.764400 
2271 0.760733 
1785 0.754318 
574 0.739753 
1989 0.738727 
2156 0.728986 
465 0.727791 
1829 0.724853 
2468 0.714918 
1886 0.711775 
1878 0.698096 
1150 0.695900 
1915 0.691788 
7 0.688651 
1175 0.685568 
2351 0.685067 
1440 0.682087 
2360 0.681621 
1774 0.678963 
1170 0.678757 
1540 0.661420 
1117 0.659587 
570 0.645747 
1238 0.644898 
2246 0.630289 
1021 0.624053 
13 0.614668 
2150 0.599934 
1528 0.598403 
1924 0.597358 
317 0.583816 
1775 0.565878 
1139 0.557136 
536 0.553321 
1349 0.549785 
1182 0.543417 
1818 0.539525 
2245 0.535680 
1807 0.535211 
2224 0.534274 
1288 0.522695 
547 0.520015 
462 0.518322 
1292 0.503783 
1200 0.484778 
338 0.483950 
1404 0.466337 
1133 0.456862 
1005 0.456388 
267 0.452228 
1456 0.450838 
2368 0.444343 
1348 0.442139 
1802 0.441273 
1068 0.415818 
2081 0.413695 
1806 0.401494 
1481 0.401033 
351 0.395788 
1815 0.390446 
380 0.388727 
980 0.386065 
1455 0.378625 
1138 0.355527 
1991 0.341270 
350 0.334526 
1002 0.320025 
2136 0.316646 
572 0.307223 
1530 0.297426 
1162 0.294939 
2014 0.292071 
1127 0.267892 
535 0.240089 
1769 0.234330 
322 0.225204 
1106 0.209865 
1382 0.209072 
1001 0.202450 
1198 0.195605 
1791 0.187567 
2155 0.165930 
1543 0.154568 
328 0.127961 
1125 0.116419 
1221 0.095975 
1084 0.093976 
341 0.066050 
1199 0.064092 
1223 0.061978 
1800 0.057246 
2250 0.048378 
457 0.036464 
326 0.011190 
2383 0.001745 
1123 -0.003597 
468 -0.016377 
1703 -0.019206 
2001 -0.020657 
335 -0.021438 
1585 -0.037207 
469 -0.057019 
1297 -0.059822 
1009 -0.061863 
1218 -0.068351 
1129 -0.070044 
274 -0.077315 
2469 -0.088146 
299 -0.091796 
1709 -0.093321 
1210 -0.097747 
1444 -0.103445 
1793 -0.113357 
2016 -0.137851 
2041 -0.142481 
2153 -0.144506 
33 -0.146866 
562 -0.152931 
1051 -0.153708 
2354 -0.155967 
1148 -0.171058 
1511 -0.177028 
1034 -0.178740 
2203 -0.189100 
1567 -0.193161 
1052 -0.195161 
1 -0.203679 
1648 -0.204015 
1076 -0.204737 
1519 -0.206248 
1231 -0.213226 
1475 -0.213646 
510 -0.226238 
2123 -0.226785 
1494 -0.228112 
1797 -0.232515 
1276 -0.232943 
1999 -0.236031 
2179 -0.236374 
2032 -0.236785 
321 -0.238838 
1066 -0.238858 
1571 -0.246898 
1736 -0.250271 
1762 -0.261635 
1224 -0.263214 
2047 -0.271759 
2174 -0.275142 
2185 -0.287662 
1241 -0.288766 
266 -0.289320 
1865 -0.292691 
63 -0.292970 
2133 -0.295315 
6 -0.295576 
1588 -0.304493 
1583 -0.307958 
1269 -0.311595 
565 -0.335887 
276 -0.344039 
1059 -0.354294 
1603 -0.361317 
2222 -0.371497 
1142 -0.381196 
1079 -0.384488 
1905 -0.392393 
1270 -0.393086 
1151 -0.395011 
1157 -0.399774 
494 -0.400163 
2296 -0.400798 
2004 -0.405457 
1541 -0.407875 
1457 -0.409915 
1017 -0.411246 
2404 -0.418886 
529 -0.419369 
1531 -0.423494 
1708 -0.424630 
2524 -0.435043 
561 -0.442045 
1961 -0.442929 
339 -0.442989 
2426 -0.443560 
273 -0.449701 
568 -0.459142 
14 -0.463632 
222 -0.463800 
2074 -0.468651 
1219 -0.471705 
2078 -0.472228 
2313 -0.482377 
1591 -0.484451 
1421 -0.486803 
2118 -0.491501 
1647 -0.496997 
1761 -0.498842 
1760 -0.500871 
571 -0.506608 
1627 -0.508097 
1689 -0.508360 
2161 -0.513237 
558 -0.515137 
1650 -0.519967 
1073 -0.521508 
1202 -0.526434 
224 -0.529116 
2295 -0.536165 
1779 -0.537400 
1159 -0.538643 
290 -0.552754 
2187 -0.553463 
2287 -0.553622 
2377 -0.566448 
2099 -0.571675 
1537 -0.572869 
1730 -0.577234 
1388 -0.587281 
1634 -0.592337 
45 -0.618342 
2128 -0.619176 
2283 -0.622322 
2217 -0.634705 
2124 -0.636155 
1208 -0.638961 
2272 -0.639030 
2509 -0.639079 
2514 -0.644619 
1343 -0.650218 
2612 -0.654198 
327 -0.658827 
2495 -0.662338 
2142 -0.666774 
1811 -0.675036 
2114 -0.678944 
1093 -0.687792 
502 -0.687907 
2183 -0.691729 
2515 -0.693891 
1132 -0.694588 
2188 -0.694660 
2429 -0.695562 
1124 -0.698510 
1254 -0.699969 
442 -0.700527 
1512 -0.702319 
1735 -0.706368 
1794 -0.706789 
333 -0.707008 
2003 -0.707162 
1578 -0.713742 
1734 -0.716489 
1992 -0.723413 
506 -0.728358 
1637 -0.728584 
3 -0.728807 
1909 -0.729830 
2353 -0.731503 
2034 -0.731896 
1897 -0.732290 
297 -0.739785 
2616 -0.740006 
1248 -0.748950 
2254 -0.750645 
1504 -0.751565 
559 -0.751600 
2344 -0.754988 
1105 -0.757457 
1549 -0.760276 
2637 -0.766023 
185 -0.773347 
1742 -0.773389 
2113 -0.776059 
1118 -0.778196 
1773 -0.781719 
1907 -0.782340 
1393 -0.783327 
1598 -0.785077 
332 -0.788185 
2631 -0.788460 
2180 -0.793326 
2090 -0.793814 
1614 -0.795350 
1592 -0.795855 
2290 -0.797209 
269 -0.799045 
1465 -0.804241 
2157 -0.804508 
2087 -0.805041 
1706 -0.805368 
1748 -0.808223 
1181 -0.816448 
2517 -0.816506 
1602 -0.819688 
2610 -0.823058 
1576 -0.825900 
2393 -0.829144 
2584 -0.829204 
1812 -0.829569 
515 -0.830815 
1263 -0.832947 
1368 -0.834586 
2443 -0.836648 
1016 -0.837319 
1532 -0.838005 
2376 -0.843817 
60 -0.848526 
1554 -0.849532 
1719 -0.850934 
1626 -0.854703 
2064 -0.856811 
489 -0.857418 
1414 -0.858763 
1593 -0.862662 
2597 -0.865178 
2171 -0.870243 
503 -0.870727 
344 -0.875017 
1850 -0.876005 
2144 -0.876150 
1652 -0.877501 
2083 -0.878535 
1804 -0.880701 
414 -0.881006 
1328 -0.882308 
1191 -0.884169 
2419 -0.884467 
1667 -0.886524 
1646 -0.890815 
2519 -0.892713 
2 -0.893010 
2428 -0.895173 
432 -0.898525 
1965 -0.898606 
2162 -0.899750 
1387 -0.902698 
1409 -0.905980 
2226 -0.906526 
1250 -0.909148 
316 -0.909332 
2590 -0.909432 
170 -0.910253 
2243 -0.914391 
2510 -0.914748 
1767 -0.916368 
991 -0.919218 
2466 -0.919387 
2588 -0.919758 
1098 -0.920093 
2486 -0.922263 
472 -0.925237 
1722 -0.926414 
2594 -0.928192 
2516 -0.931448 
2417 -0.932235 
1169 -0.933693 
1166 -0.935312 
2359 -0.936150 
1623 -0.940229 
2467 -0.942289 
211 -0.942866 
1845 -0.943362 
1487 -0.945221 
1917 -0.946659 
2472 -0.946860 
1690 -0.951941 
2168 -0.952192 
2501 -0.954776 
2073 -0.954937 
2197 -0.956539 
482 -0.957571 
2079 -0.957573 
1403 -0.958316 
1906 -0.960014 
87 -0.963675 
1386 -0.966079 
293 -0.966816 
2200 -0.967524 
486 -0.969033 
1400 -0.969936 
74 -0.970377 
1629 -0.970810 
2508 -0.972735 
1638 -0.975411 
209 -0.975495 
40 -0.979006 
1641 -0.982399 
2319 -0.984274 
1281 -0.985236 
1698 -0.985768 
1179 -0.986010 
324 -0.988346 
1264 -0.991710 
1988 -0.995111 
1243 -0.995624 
1570 -0.997723 
1136 -0.998715 
437 -0.999794 
2130 -1.002864 
2031 -1.004863 
23 -1.006104 
421 -1.007539 
1206 -1.009769 
1616 -1.010264 
1482 -1.010451 
2055 -1.010770 
1069 -1.012822 
207 -1.015394 
1312 -1.016158 
48 -1.016367 
1053 -1.016625 
475 -1.019614 
229 -1.020593 
329 -1.023156 
1336 -1.024011 
1372 -1.024804 
188 -1.025458 
31 -1.026122 
108 -1.026357 
2140 -1.027219 
85 -1.029176 
2634 -1.031011 
1417 -1.031196 
2192 -1.031343 
2622 -1.033247 
1668 -1.033260 
2453 -1.034158 
1145 -1.034348 
1446 -1.037625 
32 -1.038275 
1146 -1.039266 
1085 -1.040340 
213 -1.041328 
1545 -1.043136 
1963 -1.044448 
214 -1.045376 
105 -1.046624 
1256 -1.046900 
1492 -1.047099 
1488 -1.047958 
1310 -1.049557 
1657 -1.052739 
2374 -1.054363 
1609 -1.054691 
1193 -1.058622 
134 -1.059076 
70 -1.060391 
1843 -1.062598 
1236 -1.062782 
2591 -1.062857 
58 -1.063745 
376 -1.063972 
2339 -1.064269 
1399 -1.065904 
1752 -1.069203 
1451 -1.072730 
1527 -1.077328 
2052 -1.077947 
2572 -1.080307 
2582 -1.083160 
2092 -1.083845 
2151 -1.086165 
1072 -1.086489 
1317 -1.086603 
392 -1.087191 
78 -1.089332 
2154 -1.089437 
2043 -1.089550 
2546 -1.090704 
1064 -1.091054 
84 -1.092310 
2170 -1.092421 
2540 -1.093065 
345 -1.094495 
1358 -1.095327 
1788 -1.095804 
179 -1.097124 
46 -1.097556 
1678 -1.099563 
11 -1.100667 
16 -1.101443 
526 -1.106584 
2231 -1.108024 
2490 -1.108252 
1316 -1.108412 
1561 -1.113467 
1325 -1.114556 
262 -1.115227 
1673 -1.115991 
1486 -1.117894 
1332 -1.118670 
41 -1.122504 
1948 -1.123582 
138 -1.124852 
1246 -1.127426 
1302 -1.130516 
2346 -1.134598 
2036 -1.135594 
2541 -1.136911 
2056 -1.137159 
2547 -1.139745 
2525 -1.140349 
216 -1.140999 
194 -1.142416 
1869 -1.142503 
2286 -1.144420 
143 -1.146085 
2460 -1.147592 
1180 -1.148367 
101 -1.148906 
1300 -1.149764 
1327 -1.153510 
2574 -1.154533 
2530 -1.154621 
73 -1.156577 
1746 -1.156860 
2059 -1.157246 
110 -1.157386 
1892 -1.159257 
2057 -1.161659 
1091 -1.161773 
1184 -1.162141 
346 -1.162872 
375 -1.163452 
1754 -1.163924 
1620 -1.164745 
2072 -1.165634 
1260 -1.166916 
1470 -1.167143 
112 -1.167523 
1725 -1.167569 
218 -1.169478 
1313 -1.170285 
51 -1.173635 
2492 -1.177143 
1676 -1.177669 
1383 -1.178913 
560 -1.179425 
2576 -1.180538 
253 -1.182301 
1569 -1.182687 
260 -1.183210 
1096 -1.184575 
2496 -1.185329 
1751 -1.185643 
1661 -1.186368 
1408 -1.187856 
1699 -1.188348 
485 -1.189634 
24 -1.189798 
2039 -1.190704 
1505 -1.190823 
2285 -1.192645 
349 -1.192668 
1467 -1.194328 
1693 -1.195187 
2536 -1.195845 
1684 -1.196351 
2499 -1.198584 
1534 -1.198976 
2387 -1.199770 
1460 -1.201051 
1307 -1.201547 
2611 -1.201588 
1130 -1.203693 
433 -1.205260 
417 -1.206498 
2137 -1.206793 
522 -1.207600 
235 -1.209067 
1996 -1.209104 
1499 -1.210414 
2441 -1.212257 
100 -1.212484 
1995 -1.212756 
393 -1.213293 
2242 -1.214171 
1122 -1.214604 
284 -1.217332 
1683 -1.217371 
487 -1.217559 
247 -1.217827 
1502 -1.218369 
1781 -1.220150 
212 -1.220417 
2191 -1.220436 
2177 -1.220880 
36 -1.223036 
2585 -1.224095 
250 -1.224763 
1338 -1.224771 
1490 -1.224829 
1362 -1.227672 
180 -1.227807 
2289 -1.230752 
1517 -1.232067 
1361 -1.234155 
240 -1.234977 
1563 -1.236465 
1489 -1.240812 
2343 -1.241823 
1669 -1.242817 
2447 -1.244142 
148 -1.244690 
2077 -1.244741 
2552 -1.244742 
257 -1.246988 
2533 -1.247383 
1396 -1.249517 
120 -1.249564 
2458 -1.251933 
1379 -1.254766 
2563 -1.258698 
162 -1.259429 
147 -1.259929 
151 -1.260026 
371 -1.260772 
1716 -1.262047 
2529 -1.262398 
1522 -1.262943 
1523 -1.262988 
1902 -1.264337 
2167 -1.265533 
249 -1.265775 
1837 -1.267010 
418 -1.267723 
2607 -1.268085 
434 -1.268449 
436 -1.272565 
2502 -1.273124 
66 -1.273965 
1083 -1.275771 
453 -1.276172 
198 -1.276821 
2440 -1.277410 
1727 -1.279976 
1323 -1.281965 
1195 -1.282575 
1574 -1.284210 
1416 -1.284346 
53 -1.284621 
1930 -1.284753 
183 -1.285135 
2503 -1.285494 
1798 -1.285679 
340 -1.286250 
2566 -1.287226 
174 -1.287348 
2062 -1.287434 
390 -1.287578 
1548 -1.287653 
2635 -1.288027 
1514 -1.288778 
1901 -1.289439 
1363 -1.289474 
2600 -1.289827 
1346 -1.289974 
429 -1.293843 
2592 -1.294623 
55 -1.295029 
1611 -1.295380 
2069 -1.295795 
1478 -1.296776 
1729 -1.296855 
2392 -1.298492 
2163 -1.299212 
445 -1.300640 
239 -1.300737 
2554 -1.301324 
1868 -1.301494 
144 -1.301541 
454 -1.301856 
131 -1.304643 
1738 -1.306491 
483 -1.306540 
244 -1.306887 
206 -1.306961 
2281 -1.307849 
1345 -1.308506 
2535 -1.310969 
424 -1.311477 
1063 -1.312022 
221 -1.313488 
2451 -1.313940 
1796 -1.314744 
1501 -1.315193 
2121 -1.315250 
166 -1.315615 
2550 -1.316273 
1777 -1.317589 
458 -1.317610 
127 -1.319646 
2627 -1.320234 
1740 -1.320542 
2599 -1.320920 
1558 -1.321506 
1160 -1.321832 
2148 -1.321853 
497 -1.324646 
1515 -1.325846 
145 -1.325962 
2484 -1.325985 
2198 -1.326571 
1656 -1.327283 
2446 -1.328671 
1476 -1.328729 
1919 -1.328755 
1433 -1.329061 
2275 -1.329496 
1640 -1.330270 
428 -1.330361 
1756 -1.330366 
1842 -1.330722 
467 -1.331250 
153 -1.331644 
1714 -1.332135 
1389 -1.332560 
2362 -1.332661 
1398 -1.333117 
406 -1.333635 
184 -1.333833 
1205 -1.334514 
1359 -1.334552 
2557 -1.334788 
57 -1.335970 
1659 -1.336394 
2581 -1.336490 
1758 -1.336892 
182 -1.336911 
1342 -1.337266 
65 -1.337460 
387 -1.338438 
2488 -1.338608 
2553 -1.338708 
1654 -1.339025 
1320 -1.339722 
1087 -1.340461 
439 -1.340485 
1705 -1.341500 
2080 -1.342402 
1964 -1.343763 
2638 -1.344069 
1452 -1.345120 
1755 -1.345255 
160 -1.345863 
2282 -1.346670 
2522 -1.346833 
1367 -1.348307 
1686 -1.348309 
2569 -1.348399 
2459 -1.349207 
1666 -1.349367 
498 -1.350746 
88 -1.351161 
1633 -1.352314 
1594 -1.353500 
1247 -1.353585 
82 -1.353985 
1377 -1.354492 
2371 -1.355540 
2382 -1.356203 
479 -1.356361 
1694 -1.357390 
2065 -1.357674 
1337 -1.360090 
1168 -1.360337 
512 -1.360752 
505 -1.363097 
1695 -1.363335 
2605 -1.365043 
1508 -1.365773 
117 -1.366062 
1424 -1.366266 
1559 -1.366342 
1715 -1.366683 
1357 -1.367018 
2178 -1.369873 
377 -1.372839 
1552 -1.373418 
2125 -1.375485 
1163 -1.375602 
245 -1.376444 
1607 -1.377469 
128 -1.377485 
2175 -1.377879 
133 -1.378940 
98 -1.378983 
2173 -1.379331 
113 -1.380315 
426 -1.380342 
2457 -1.380766 
2462 -1.381226 
1462 -1.381625 
1178 -1.381676 
2564 -1.382150 
121 -1.383157 
1747 -1.383830 
2558 -1.383890 
446 -1.385488 
2604 -1.385801 
270 -1.386142 
90 -1.388461 
237 -1.388548 
2134 -1.388989 
2291 -1.390062 
1672 -1.391042 
1335 -1.392913 
1449 -1.393225 
1782 -1.394411 
1497 -1.395697 
1054 -1.396964 
2602 -1.397405 
1189 -1.398286 
410 -1.400398 
141 -1.402926 
136 -1.404637 
171 -1.405147 
2389 -1.405487 
1102 -1.405869 
1192 -1.406139 
219 -1.406355 
173 -1.406396 
17 -1.406605 
2164 -1.406974 
1430 -1.407202 
99 -1.407680 
203 -1.408173 
1572 -1.408487 
1305 -1.409197 
1426 -1.409897 
2040 -1.410128 
477 -1.410486 
230 -1.411176 
1385 -1.411870 
76 -1.412457 
285 -1.413867 
50 -1.414895 
200 -1.418011 
1154 -1.418724 
1443 -1.419032 
52 -1.419623 
158 -1.419638 
2579 -1.420894 
452 -1.421757 
1681 -1.422692 
1606 -1.423264 
2461 -1.423953 
1674 -1.424235 
255 -1.424241 
1392 -1.424424 
83 -1.424605 
431 -1.424927 
39 -1.425046 
315 -1.425126 
201 -1.425204 
1228 -1.427300 
1507 -1.427594 
1688 -1.428369 
137 -1.429062 
1375 -1.431200 
1764 -1.431741 
2562 -1.431980 
337 -1.433323 
104 -1.433639 
2320 -1.433753 
252 -1.434930 
1213 -1.436361 
125 -1.436578 
370 -1.438186 
1321 -1.438424 
157 -1.438597 
289 -1.438899 
95 -1.439233 
25 -1.439421 
1713 -1.441869 
149 -1.442227 
2531 -1.442550 
2416 -1.442768 
122 -1.443704 
243 -1.444195 
118 -1.444205 
2482 -1.446023 
455 -1.446037 
1405 -1.448320 
2548 -1.448880 
1618 -1.449500 
294 -1.452185 
1525 -1.452644 
2049 -1.452968 
2115 -1.453545 
102 -1.455041 
476 -1.456608 
1435 -1.456719 
130 -1.456937 
1296 -1.457258 
2448 -1.457413 
2556 -1.458035 
2147 -1.458726 
2342 -1.462028 
1556 -1.462496 
2521 -1.462930 
1216 -1.464848 
1333 -1.465091 
420 -1.465910 
1429 -1.466879 
1745 -1.467254 
2626 -1.467814 
1369 -1.469281 
2479 -1.469381 
156 -1.469400 
1880 -1.470126 
199 -1.473602 
1720 -1.474079 
277 -1.474307 
1173 -1.474438 
1605 -1.475034 
2276 -1.475045 
1233 -1.475201 
1700 -1.476231 
557 -1.477268 
2358 -1.477420 
114 -1.477825 
1622 -1.480134 
193 -1.480135 
1448 -1.480585 
172 -1.481495 
2481 -1.481743 
492 -1.482044 
2565 -1.482070 
2551 -1.482633 
1617 -1.484058 
20 -1.484307 
1273 -1.484502 
195 -1.485679 
1479 -1.486033 
94 -1.486174 
1153 -1.487106 
1757 -1.487888 
1662 -1.488196 
2093 -1.489322 
268 -1.489851 
175 -1.490658 
1441 -1.492597 
1234 -1.494448 
1663 -1.495433 
242 -1.496555 
1653 -1.496741 
1432 -1.497003 
38 -1.497018 
2249 -1.498128 
1294 -1.498456 
1415 -1.498870 
2633 -1.499162 
1526 -1.499240 
190 -1.499430 
279 -1.500007 
2538 -1.501195 
155 -1.501451 
2195 -1.501607 
1582 -1.502369 
2568 -1.502538 
1366 -1.502842 
34 -1.503093 
2493 -1.503456 
1344 -1.504512 
1852 -1.504548 
1419 -1.504875 
1412 -1.505691 
196 -1.506698 
2489 -1.506722 
1702 -1.507257 
165 -1.507317 
1759 -1.507474 
1739 -1.509105 
1564 -1.510327 
1090 -1.512061 
2454 -1.512597 
168 -1.515503 
256 -1.516782 
1274 -1.517012 
1833 -1.517329 
142 -1.517533 
71 -1.517789 
2601 -1.518859 
461 -1.520187 
124 -1.520992 
2340 -1.521805 
2061 -1.522034 
1196 -1.523887 
1427 -1.524772 
2636 -1.525542 
2485 -1.525738 
1503 -1.525908 
2225 -1.526425 
1391 -1.528255 
427 -1.528273 
93 -1.528788 
1370 -1.529123 
1315 -1.529383 
1447 -1.529456 
64 -1.531075 
330 -1.532345 
288 -1.532406 
1643 -1.534429 
286 -1.534607 
161 -1.535156 
26 -1.535454 
1560 -1.535487 
1298 -1.536489 
2165 -1.536830 
481 -1.536975 
2450 -1.537007 
1324 -1.537428 
92 -1.538156 
1680 -1.539109 
2452 -1.539580 
1229 -1.539766 
509 -1.541556 
1750 -1.542564 
1239 -1.542946 
164 -1.543903 
2539 -1.544239 
1630 -1.544887 
89 -1.545280 
1615 -1.545520 
91 -1.545808 
2483 -1.545946 
67 -1.546729 
1463 -1.548610 
1516 -1.548986 
1550 -1.549684 
19 -1.549730 
177 -1.550344 
205 -1.551346 
119 -1.552024 
2498 -1.553342 
422 -1.553514 
2575 -1.553937 
473 -1.554546 
1331 -1.554634 
2051 -1.556854 
79 -1.558818 
1546 -1.560355 
75 -1.561551 
1352 -1.561831 
1275 -1.562756 
1474 -1.563426 
29 -1.563561 
2504 -1.565167 
1670 -1.565969 
2386 -1.566651 
2523 -1.568115 
28 -1.568978 
167 -1.569054 
233 -1.569637 
232 -1.570050 
1565 -1.570858 
2586 -1.571354 
1596 -1.571509 
2570 -1.571953 
2391 -1.572057 
241 -1.572177 
189 -1.572182 
1587 -1.572272 
1329 -1.572528 
2608 -1.572939 
1597 -1.574101 
2436 -1.574447 
2384 -1.574579 
2577 -1.574912 
2378 -1.575694 
1660 -1.576461 
1378 -1.576838 
2549 -1.578114 
1679 -1.579948 
1685 -1.580634 
159 -1.582718 
1665 -1.583388 
1498 -1.583702 
287 -1.584593 
135 -1.584675 
451 -1.584946 
1604 -1.585003 
1484 -1.585354 
154 -1.585447 
2390 -1.586917 
1365 -1.587469 
2583 -1.587724 
2543 -1.589488 
1510 -1.589903 
1226 -1.589976 
263 -1.590388 
2193 -1.590493 
2624 -1.590970 
2571 -1.591044 
2063 -1.591918 
47 -1.592896 
2437 -1.593702 
1422 -1.594714 
1496 -1.595386 
292 -1.596313 
2560 -1.596343 
116 -1.596399 
1780 -1.597295 
1258 -1.597580 
1461 -1.599115 
97 -1.599202 
1644 -1.599731 
2388 -1.599976 
234 -1.600654 
2449 -1.602119 
1282 -1.602254 
1081 -1.602867 
152 -1.603167 
37 -1.603454 
2578 -1.604881 
1395 -1.605056 
1682 -1.606547 
1675 -1.607130 
2532 -1.607399 
2641 -1.608703 
251 -1.608839 
1521 -1.609094 
1322 -1.609566 
1962 -1.609898 
18 -1.611572 
1283 -1.612175 
1612 -1.612298 
1480 -1.612921 
488 -1.615870 
1697 -1.615950 
1293 -1.616107 
178 -1.617598 
1152 -1.617745 
208 -1.617887 
2561 -1.618195 
1156 -1.618883 
1468 -1.620517 
448 -1.620870 
2048 -1.622345 
2038 -1.624060 
447 -1.624396 
2279 -1.624418 
1245 -1.627984 
197 -1.629601 
1287 -1.631053 
225 -1.631832 
2435 -1.633298 
478 -1.634994 
352 -1.635055 
259 -1.636148 
2505 -1.637362 
126 -1.638094 
443 -1.639007 
129 -1.639132 
1341 -1.639338 
2445 -1.639420 
21 -1.639680 
1573 -1.639714 
238 -1.640736 
2545 -1.641278 
1770 -1.641296 
1374 -1.642129 
1244 -1.642487 
2427 -1.643654 
2095 -1.644690 
2603 -1.645034 
2537 -1.645268 
202 -1.645346 
511 -1.645635 
1536 -1.646750 
1732 -1.647956 
1464 -1.649006 
1099 -1.649212 
2337 -1.649427 
258 -1.650693 
9 -1.651155 
30 -1.651823 
2580 -1.652575 
42 -1.653518 
1235 -1.654237 
1841 -1.655423 
1074 -1.655892 
81 -1.656419 
106 -1.656744 
1994 -1.656768 
1524 -1.658080 
2456 -1.658399 
1373 -1.658737 
391 -1.661892 
69 -1.662350 
1610 -1.662421 
2567 -1.662658 
1712 -1.662885 
2033 -1.663667 
246 -1.663862 
8 -1.663936 
111 -1.664777 
2593 -1.665218 
2471 -1.665683 
1186 -1.667206 
228 -1.667414 
1402 -1.668006 
1631 -1.669191 
1741 -1.671172 
2091 -1.671662 
1710 -1.671898 
176 -1.673117 
59 -1.673356 
2341 -1.674280 
430 -1.674659 
1557 -1.675309 
440 -1.676739 
1553 -1.677426 
1658 -1.678707 
1589 -1.679202 
2606 -1.679595 
1584 -1.681386 
525 -1.681822 
1227 -1.683004 
2455 -1.685026 
1364 -1.685121 
68 -1.686841 
1420 -1.687854 
1783 -1.691781 
236 -1.692086 
1635 -1.692088 
1628 -1.693409 
2526 -1.697374 
1477 -1.697549 
396 -1.697992 
227 -1.698194 
1579 -1.698406 
495 -1.699108 
2625 -1.699500 
1544 -1.700417 
1262 -1.701638 
1624 -1.702382 
1535 -1.703038 
1434 -1.703783 
1538 -1.704148 
2520 -1.704669 
1190 -1.705582 
2189 -1.706658 
77 -1.707967 
2278 -1.708031 
2194 -1.709356 
2598 -1.710782 
56 -1.711259 
1687 -1.712388 
139 -1.712594 
2463 -1.713729 
22 -1.713979 
1425 -1.714974 
248 -1.715497 
107 -1.717340 
10 -1.718544 
231 -1.718824 
226 -1.719121 
2559 -1.721347 
163 -1.721466 
275 -1.722113 
1303 -1.723722 
1394 -1.725429 
1677 -1.726635 
1411 -1.727499 
1608 -1.728177 
1721 -1.728945 
80 -1.730565 
1724 -1.731529 
169 -1.732644 
1428 -1.732803 
1304 -1.732879 
2126 -1.733626 
1790 -1.734850 
1718 -1.735401 
1599 -1.735656 
1555 -1.735876 
27 -1.735942 
2512 -1.736849 
2434 -1.737334 
2146 -1.739864 
1318 -1.741358 
2199 -1.743961 
1135 -1.746211 
1471 -1.747048 
1473 -1.747508 
1376 -1.747650 
109 -1.747761 
1347 -1.748221 
115 -1.749087 
1351 -1.749488 
1188 -1.751649 
1453 -1.752222 
2534 -1.754597 
1539 -1.755760 
217 -1.755981 
2143 -1.756701 
1284 -1.756706 
1450 -1.756937 
1466 -1.761691 
2491 -1.762477 
186 -1.763020 
1500 -1.765810 
140 -1.765857 
1784 -1.765915 
456 -1.768268 
1838 -1.769081 
1334 -1.769117 
1744 -1.770253 
1423 -1.771816 
96 -1.773532 
103 -1.774364 
191 -1.774898 
474 -1.778317 
1100 -1.783871 
419 -1.784776 
1485 -1.787245 
1360 -1.790251 
1431 -1.791574 
254 -1.791663 
2385 -1.793473 
2333 -1.793692 
1707 -1.795533 
1469 -1.797408 
2473 -1.797444 
15 -1.802733 
1671 -1.805075 
2060 -1.806562 
2138 -1.808177 
1723 -1.808680 
1280 -1.809342 
1095 -1.809864 
1696 -1.810686 
2361 -1.812235 
1613 -1.812567 
1642 -1.812850 
1319 -1.813411 
1326 -1.814880 
2477 -1.819414 
5 -1.819907 
298 -1.820119 
2478 -1.820133 
2251 -1.820192 
2166 -1.820495 
1580 -1.821172 
1601 -1.822052 
1277 -1.822299 
2464 -1.823527 
1998 -1.824121 
1575 -1.825940 
62 -1.827318 
1253 -1.830727 
1401 -1.833596 
1520 -1.834215 
1840 -1.834916 
261 -1.835076 
1768 -1.836991 
1731 -1.838786 
2542 -1.840310 
369 -1.841213 
123 -1.841475 
1397 -1.841755 
1771 -1.842047 
54 -1.843693 
1249 -1.844444 
2037 -1.848330 
1649 -1.851375 
150 -1.853306 
1107 -1.855766 
187 -1.856316 
2097 -1.858949 
1766 -1.861665 
223 -1.863180 
2595 -1.863597 
1413 -1.864101 
1406 -1.864727 
1410 -1.866368 
1636 -1.868123 
2544 -1.869988 
450 -1.871114 
1726 -1.871589 
1632 -1.873291 
1381 -1.876207 
1371 -1.877088 
2528 -1.880330 
423 -1.880456 
291 -1.880596 
1717 -1.883752 
132 -1.890732 
295 -1.894754 
1301 -1.896103 
2497 -1.902800 
1259 -1.902833 
1472 -1.903354 
1619 -1.905496 
1728 -1.906733 
2438 -1.908627 
1097 -1.908649 
1765 -1.908666 
2190 -1.913274 
1664 -1.914016 
1692 -1.914696 
1454 -1.916329 
1493 -1.921208 
2444 -1.922184 
1261 -1.925860 
192 -1.926558 
2000 -1.926924 
49 -1.926924 
181 -1.928690 
1340 -1.931753 
1407 -1.931959 
1566 -1.932369 
1437 -1.933482 
1778 -1.936223 
2053 -1.937927 
1418 -1.938959 
1551 -1.939743 
1225 -1.940234 
2596 -1.940239 
1586 -1.942993 
1787 -1.943647 
1356 -1.944531 
1701 -1.945492 
204 -1.946110 
2431 -1.947942 
1547 -1.949280 
271 -1.951574 
1491 -1.955358 
1353 -1.955510 
1801 -1.960817 
2196 -1.961696 
490 -1.962763 
2487 -1.965960 
394 -1.970627 
1581 -1.971046 
1562 -1.975844 
1278 -1.980803 
1808 -1.985043 
1265 -1.991276 
1743 -1.993207 
2054 -1.993353 
1819 -1.993620 
480 -1.995062 
1704 -1.995543 
1295 -1.996980 
264 -2.002059 
2355 -2.004087 
2507 -2.005572 
1380 -2.006124 
1621 -2.006315 
2494 -2.006568 
2139 -2.008235 
1459 -2.011238 
2573 -2.011533 
1289 -2.018175 
1533 -2.026423 
1314 -2.029163 
1776 -2.035119 
1330 -2.035646 
1749 -2.036863 
2129 -2.039457 
2527 -2.042423 
1655 -2.043277 
1997 -2.046270 
305 -2.055471 
1155 -2.057742 
72 -2.059398 
2430 -2.059601 
2186 -2.061100 
2442 -2.071173 
470 -2.072897 
2131 -2.074341 
1384 -2.074799 
1639 -2.080226 
1299 -2.084634 
1789 -2.085553 
43 -2.086996 
1207 -2.094625 
1518 -2.099132 
220 -2.104059 
2587 -2.108166 
438 -2.109688 
459 -2.113026 
1442 -2.119905 
2127 -2.125528 
1251 -2.137379 
278 -2.138770 
44 -2.140744 
435 -2.143910 
1165 -2.157140 
1737 -2.159304 
146 -2.163034 
210 -2.166416 
1513 -2.173004 
2639 -2.175492 
265 -2.176582 
466 -2.176928 
397 -2.183034 
1803 -2.195566 
2352 -2.201194 
1209 -2.201612 
499 -2.202386 
1820 -2.203968 
331 -2.207906 
1092 -2.212725 
1577 -2.216771 
1625 -2.218162 
2248 -2.218573 
2363 -2.227253 
86 -2.228284 
1458 -2.228987 
1390 -2.229537 
355 -2.232918 
1651 -2.235517 
61 -2.236619 
1161 -2.241199 
1799 -2.241774 
2379 -2.242208 
2141 -2.245249 
4 -2.245780 
1128 -2.245800 
1201 -2.247200 
484 -2.255888 
2176 -2.256941 
1595 -2.262665 
1339 -2.273325 
1590 -2.276689 
1230 -2.285246 
1176 -2.296542 
1645 -2.299179 
1600 -2.300105 
2513 -2.301477 
1506 -2.306872 
408 -2.307163 
1691 -2.320573 
215 -2.325954 
1509 -2.327388 
460 -2.331191 
12 -2.334807 
1237 -2.341237 
296 -2.348140 
1753 -2.354850 
1495 -2.361810 
1483 -2.371022 
1104 -2.373106 
1733 -2.380349 
471 -2.386278 
2470 -2.402098 
2132 -2.403999 
35 -2.407816 
1831 -2.412640 
1171 -2.416013 
2500 -2.431599 
1445 -2.448055 
2002 -2.448428 
2288 -2.448576 
1158 -2.450210 
1134 -2.469232 
2169 -2.484771 
1350 -2.488197 
272 -2.491130 
1711 -2.491811 
2589 -2.500380 
1172 -2.538922 
336 -2.551414 
2284 -2.553355 
319 -2.580514 
1183 -2.598473 
2640 -2.604167 
1197 -2.608972 
372 -2.617066 
2518 -2.625082 
2511 -2.625882 
1568 -2.674538 
1217 -2.685002 
1795 -2.703087 
1805 -2.713934 
1116 -2.718702 
1121 -2.724499 
343 -2.755862 
1144 -2.794764 
325 -2.897570 
1542 -2.916959 
1137 -2.942542 
334 -2.974620 
1242 -3.016808 
1772 -3.049254 
1126 -3.063585 
1149 -3.088235 
1763 -3.207880 
1529 -3.243991 
323 -3.258144 
