3175 1
140 2.776970 
45 2.690390 
1528 2.662447 
988 2.635530 
1043 2.635530 
989 2.635530 
1046 2.635530 
2989 2.635530 
986 2.635530 
985 2.635530 
984 2.635530 
68 2.618711 
990 2.617221 
987 2.617221 
933 2.617221 
932 2.617221 
930 2.617221 
929 2.617221 
928 2.617221 
2971 2.617221 
1577 2.595939 
1456 2.594802 
385 2.594198 
2802 2.594198 
1773 2.594198 
384 2.594198 
383 2.594198 
1771 2.594198 
1772 2.594198 
1045 2.586199 
1099 2.586199 
3007 2.586199 
1102 2.586199 
1044 2.586199 
1040 2.586199 
1042 2.586199 
1041 2.586199 
1595 2.575791 
86 2.563512 
461 2.561852 
1849 2.561852 
460 2.561852 
1847 2.561852 
459 2.561852 
1848 2.561852 
2820 2.561852 
27 2.501786 
1510 2.485337 
2838 2.471470 
517 2.471470 
516 2.471470 
515 2.471470 
1903 2.471470 
1904 2.471470 
1905 2.471470 
877 2.430225 
872 2.430225 
931 2.430225 
2953 2.430225 
934 2.430225 
876 2.430225 
874 2.430225 
873 2.430225 
1613 2.397934 
1448 2.392463 
2226 2.321872 
838 2.321872 
837 2.321872 
836 2.321872 
2941 2.321872 
2224 2.321872 
2225 2.321872 
1959 2.318462 
1960 2.318462 
1961 2.318462 
571 2.318462 
2856 2.318462 
573 2.318462 
572 2.318462 
851 2.301902 
852 2.301902 
2946 2.301902 
2241 2.301902 
2240 2.301902 
2239 2.301902 
853 2.301902 
19 2.274085 
1602 2.240458 
2316 2.240458 
2318 2.240458 
2320 2.240458 
2321 2.240458 
2375 2.240458 
2378 2.240458 
2794 2.231142 
342 2.231142 
1730 2.231142 
1731 2.231142 
1732 2.231142 
343 2.231142 
344 2.231142 
594 2.227809 
596 2.227809 
597 2.227809 
651 2.227809 
654 2.227809 
593 2.227809 
592 2.227809 
2863 2.227809 
158 2.213287 
250 2.207257 
1366 2.205355 
1368 2.205355 
2754 2.205355 
2756 2.205355 
3093 2.205355 
3165 2.205355 
300 2.199718 
1620 2.195896 
2434 2.195896 
2431 2.195896 
2372 2.195896 
2374 2.195896 
2376 2.195896 
2377 2.195896 
2490 2.182396 
2433 2.182396 
2432 2.182396 
2430 2.182396 
2428 2.182396 
2487 2.182396 
1638 2.182396 
1559 2.173832 
512 2.171063 
1900 2.171063 
2837 2.171063 
514 2.171063 
1901 2.171063 
1902 2.171063 
513 2.171063 
1631 2.166207 
908 2.131066 
2297 2.131066 
2296 2.131066 
2295 2.131066 
907 2.131066 
909 2.131066 
2964 2.131066 
1572 2.128155 
88 2.121549 
2042 2.121549 
2845 2.120390 
537 2.120390 
538 2.120390 
536 2.120390 
541 2.120390 
598 2.120390 
595 2.120390 
540 2.120390 
1541 2.119029 
893 2.118045 
2282 2.118045 
2281 2.118045 
892 2.118045 
2959 2.118045 
894 2.118045 
2280 2.118045 
1612 2.113816 
1469 2.108254 
70 2.108039 
189 2.096049 
795 2.094922 
796 2.094922 
2183 2.094922 
2184 2.094922 
2185 2.094922 
797 2.094922 
2928 2.094922 
132 2.075513 
171 2.073642 
2041 2.071687 
1512 2.071687 
2098 2.071687 
2095 2.071687 
1590 2.065399 
436 2.061045 
345 2.061045 
324 2.061045 
1385 2.061045 
3099 2.061045 
1824 2.061045 
18 2.061045 
1733 2.061045 
1608 2.049999 
2982 2.049871 
2353 2.049871 
2352 2.049871 
2351 2.049871 
965 2.049871 
964 2.049871 
963 2.049871 
1521 2.044339 
1266 2.041193 
1322 2.041193 
1320 2.041193 
1269 2.041193 
1268 2.041193 
1265 2.041193 
1264 2.041193 
3079 2.041193 
2264 2.037342 
2265 2.037342 
2260 2.037342 
2319 2.037342 
1584 2.037342 
2322 2.037342 
2262 2.037342 
1430 2.029598 
482 2.025166 
539 2.025166 
2827 2.025166 
542 2.025166 
481 2.025166 
484 2.025166 
485 2.025166 
480 2.025166 
2910 2.024347 
2129 2.024347 
2127 2.024347 
2128 2.024347 
741 2.024347 
740 2.024347 
739 2.024347 
133 2.016634 
376 2.011782 
1764 2.011782 
1760 2.011782 
3140 2.011782 
2781 2.011782 
372 2.011782 
1844 2.011102 
1845 2.011102 
1846 2.011102 
2819 2.011102 
458 2.011102 
457 2.011102 
456 2.011102 
1 2.005495 
1957 1.993448 
1956 1.993448 
568 1.993448 
569 1.993448 
570 1.993448 
2855 1.993448 
1958 1.993448 
1594 1.985341 
317 1.985072 
37 1.982283 
268 1.981868 
1626 1.963045 
1407 1.957116 
1554 1.954404 
1438 1.952262 
117 1.950948 
1724 1.949545 
2337 1.948422 
948 1.948422 
2977 1.948422 
2338 1.948422 
949 1.948422 
950 1.948422 
2336 1.948422 
1457 1.945186 
1487 1.943566 
2000 1.940717 
2002 1.940717 
2001 1.940717 
614 1.940717 
613 1.940717 
2869 1.940717 
612 1.940717 
1630 1.938304 
6 1.931469 
257 1.929721 
1930 1.928446 
1927 1.928446 
1873 1.928446 
1872 1.928446 
1870 1.928446 
1868 1.928446 
1458 1.928446 
2981 1.924888 
2349 1.924888 
2348 1.924888 
2350 1.924888 
960 1.924888 
962 1.924888 
961 1.924888 
52 1.915226 
2642 1.906362 
1706 1.906362 
2755 1.906362 
2700 1.906362 
2641 1.906362 
2698 1.906362 
2696 1.906362 
1804 1.901644 
3148 1.901644 
1800 1.901644 
416 1.901644 
2789 1.901644 
412 1.901644 
14 1.900638 
3087 1.889544 
1350 1.889544 
1348 1.889544 
2738 1.889544 
2736 1.889544 
3159 1.889544 
7 1.874495 
294 1.869492 
905 1.864917 
2292 1.864917 
2293 1.864917 
2294 1.864917 
2963 1.864917 
904 1.864917 
906 1.864917 
1252 1.864080 
1253 1.864080 
1367 1.864080 
1254 1.864080 
1312 1.864080 
1310 1.864080 
1308 1.864080 
3075 1.864080 
196 1.859666 
1520 1.859255 
2073 1.856852 
2071 1.856852 
2072 1.856852 
2892 1.856852 
683 1.856852 
684 1.856852 
685 1.856852 
94 1.850404 
141 1.846074 
99 1.845949 
62 1.836930 
2999 1.827811 
2404 1.827811 
2405 1.827811 
2406 1.827811 
1018 1.827811 
1017 1.827811 
1016 1.827811 
112 1.827751 
44 1.826497 
1503 1.825493 
1158 1.818746 
3025 1.818746 
1155 1.818746 
1096 1.818746 
1101 1.818746 
1100 1.818746 
1098 1.818746 
1097 1.818746 
178 1.816027 
166 1.815689 
142 1.808160 
557 1.806976 
556 1.806976 
1946 1.806976 
558 1.806976 
2851 1.806976 
1944 1.806976 
1945 1.806976 
2237 1.802447 
2945 1.802447 
848 1.802447 
849 1.802447 
850 1.802447 
2236 1.802447 
2238 1.802447 
554 1.801602 
1943 1.801602 
1942 1.801602 
1941 1.801602 
2850 1.801602 
553 1.801602 
555 1.801602 
494 1.801142 
495 1.801142 
496 1.801142 
1884 1.801142 
2831 1.801142 
1883 1.801142 
1882 1.801142 
1765 1.795234 
381 1.795234 
3141 1.795234 
2782 1.795234 
1769 1.795234 
377 1.795234 
25 1.793614 
1450 1.793313 
1440 1.787910 
1871 1.787910 
1808 1.787910 
1874 1.787910 
1806 1.787910 
1812 1.787910 
1813 1.787910 
1536 1.781348 
1511 1.781115 
69 1.779731 
2017 1.777707 
2015 1.777707 
627 1.777707 
628 1.777707 
629 1.777707 
2016 1.777707 
2874 1.777707 
1985 1.775085 
1984 1.775085 
2039 1.775085 
2038 1.775085 
2036 1.775085 
1982 1.775085 
1980 1.775085 
1494 1.775085 
878 1.774853 
875 1.774853 
818 1.774853 
2935 1.774853 
821 1.774853 
820 1.774853 
817 1.774853 
816 1.774853 
379 1.773392 
378 1.773392 
380 1.773392 
1766 1.773392 
1768 1.773392 
1767 1.773392 
2801 1.773392 
1439 1.765250 
281 1.764359 
275 1.763470 
301 1.758072 
282 1.751821 
1576 1.749329 
650 1.736250 
710 1.736250 
707 1.736250 
2881 1.736250 
653 1.736250 
648 1.736250 
649 1.736250 
652 1.736250 
3094 1.734315 
2757 1.734315 
1371 1.734315 
2759 1.734315 
3166 1.734315 
1369 1.734315 
150 1.734183 
483 1.733145 
419 1.733145 
420 1.733145 
424 1.733145 
486 1.733145 
425 1.733145 
418 1.733145 
2809 1.733145 
318 1.727998 
60 1.727405 
1583 1.719740 
433 1.715298 
1821 1.715298 
434 1.715298 
1822 1.715298 
435 1.715298 
2812 1.715298 
1823 1.715298 
1482 1.713486 
214 1.710992 
1656 1.709199 
2484 1.709199 
2486 1.709199 
2488 1.709199 
2489 1.709199 
2546 1.709199 
2543 1.709199 
87 1.709184 
184 1.707066 
1431 1.703734 
1024 1.702933 
2412 1.702933 
2411 1.702933 
1022 1.702933 
2410 1.702933 
1023 1.702933 
3001 1.702933 
709 1.701450 
708 1.701450 
766 1.701450 
706 1.701450 
705 1.701450 
704 1.701450 
2899 1.701450 
763 1.701450 
1718 1.698444 
765 1.697647 
2917 1.697647 
819 1.697647 
822 1.697647 
760 1.697647 
764 1.697647 
762 1.697647 
761 1.697647 
287 1.697057 
276 1.696154 
80 1.695085 
1153 1.694912 
3043 1.694912 
1152 1.694912 
1157 1.694912 
1214 1.694912 
1211 1.694912 
1154 1.694912 
1156 1.694912 
212 1.692715 
1476 1.692028 
1986 1.692028 
1924 1.692028 
1926 1.692028 
1928 1.692028 
1929 1.692028 
1983 1.692028 
1019 1.690722 
2407 1.690722 
2408 1.690722 
2409 1.690722 
1021 1.690722 
1020 1.690722 
3000 1.690722 
2203 1.689110 
2205 1.689110 
2202 1.689110 
2201 1.689110 
2934 1.689110 
815 1.689110 
814 1.689110 
813 1.689110 
669 1.688436 
668 1.688436 
670 1.688436 
2058 1.688436 
2057 1.688436 
2056 1.688436 
2887 1.688436 
232 1.686624 
782 1.683300 
2170 1.683300 
2169 1.683300 
2168 1.683300 
781 1.683300 
780 1.683300 
2923 1.683300 
227 1.679261 
2813 1.667647 
1827 1.667647 
1828 1.667647 
1826 1.667647 
440 1.667647 
438 1.667647 
439 1.667647 
34 1.660995 
312 1.658102 
209 1.653752 
159 1.652865 
244 1.650547 
1565 1.646866 
160 1.644474 
293 1.640750 
1468 1.636692 
263 1.635838 
2266 1.633192 
2263 1.633192 
1566 1.633192 
2209 1.633192 
2208 1.633192 
2206 1.633192 
2204 1.633192 
2544 1.630978 
2545 1.630978 
2540 1.630978 
2542 1.630978 
2599 1.630978 
1674 1.630978 
2602 1.630978 
1481 1.626817 
1418 1.622173 
177 1.619482 
43 1.616107 
299 1.613567 
1432 1.605180 
2354 1.603135 
2355 1.603135 
2356 1.603135 
2983 1.603135 
968 1.603135 
967 1.603135 
966 1.603135 
2995 1.602437 
1005 1.602437 
2394 1.602437 
2393 1.602437 
1004 1.602437 
1006 1.602437 
2392 1.602437 
134 1.602046 
1761 1.599748 
373 1.599748 
374 1.599748 
1763 1.599748 
1762 1.599748 
375 1.599748 
2800 1.599748 
1619 1.595595 
2623 1.592853 
2624 1.592853 
2678 1.592853 
2680 1.592853 
2682 1.592853 
2737 1.592853 
1700 1.592853 
151 1.587862 
286 1.582882 
2658 1.582882 
195 1.582795 
319 1.581251 
1449 1.579499 
911 1.576045 
910 1.576045 
912 1.576045 
2965 1.576045 
2300 1.576045 
2298 1.576045 
2299 1.576045 
1637 1.575045 
1688 1.574234 
1601 1.573104 
1687 1.571173 
2210 1.570850 
2207 1.570850 
2153 1.570850 
2152 1.570850 
1548 1.570850 
2150 1.570850 
2148 1.570850 
1682 1.562966 
2112 1.562864 
2113 1.562864 
2114 1.562864 
724 1.562864 
725 1.562864 
726 1.562864 
2905 1.562864 
2145 1.561347 
2146 1.561347 
2147 1.561347 
759 1.561347 
758 1.561347 
757 1.561347 
2916 1.561347 
2149 1.561347 
1632 1.559288 
1774 1.559184 
2783 1.559184 
382 1.559184 
386 1.559184 
3142 1.559184 
1770 1.559184 
38 1.558932 
188 1.556602 
1723 1.555751 
305 1.555104 
1522 1.552707 
106 1.551150 
2697 1.550526 
1705 1.550526 
2752 1.550526 
2693 1.550526 
2639 1.550526 
2638 1.550526 
2695 1.550526 
51 1.547854 
792 1.546188 
793 1.546188 
794 1.546188 
2181 1.546188 
2927 1.546188 
2180 1.546188 
2182 1.546188 
1475 1.543333 
152 1.542100 
33 1.541342 
1236 1.535624 
1235 1.535624 
1234 1.535624 
1294 1.535624 
1290 1.535624 
1292 1.535624 
3069 1.535624 
1349 1.535624 
1841 1.535286 
1842 1.535286 
2818 1.535286 
1843 1.535286 
453 1.535286 
454 1.535286 
455 1.535286 
2751 1.534553 
3164 1.534553 
3092 1.534553 
1365 1.534553 
2753 1.534553 
1363 1.534553 
5 1.534372 
2586 1.532462 
3057 1.532462 
1197 1.532462 
2585 1.532462 
1198 1.532462 
1196 1.532462 
2640 1.532462 
2584 1.532462 
1078 1.532033 
2467 1.532033 
2466 1.532033 
1079 1.532033 
1080 1.532033 
2468 1.532033 
3019 1.532033 
1547 1.531427 
2089 1.530817 
702 1.530817 
2090 1.530817 
703 1.530817 
2898 1.530817 
2091 1.530817 
701 1.530817 
2093 1.530817 
17 1.528109 
415 1.525867 
1807 1.525867 
2808 1.525867 
1801 1.525867 
1802 1.525867 
1803 1.525867 
414 1.525867 
413 1.525867 
1504 1.525269 
2581 1.523184 
3056 1.523184 
2637 1.523184 
1193 1.523184 
1194 1.523184 
1195 1.523184 
2583 1.523184 
2582 1.523184 
1216 1.522797 
1271 1.522797 
3133 1.522797 
2604 1.522797 
2659 1.522797 
3132 1.522797 
3062 1.522797 
2644 1.521480 
1707 1.521480 
2703 1.521480 
2699 1.521480 
2701 1.521480 
2645 1.521480 
2758 1.521480 
533 1.514979 
535 1.514979 
1921 1.514979 
1922 1.514979 
534 1.514979 
1923 1.514979 
1925 1.514979 
2844 1.514979 
2788 1.514588 
411 1.514588 
1795 1.514588 
1799 1.514588 
407 1.514588 
3147 1.514588 
1413 1.513549 
1869 1.512540 
1867 1.512540 
2826 1.512540 
479 1.512540 
478 1.512540 
477 1.512540 
1866 1.512540 
1865 1.512540 
170 1.510696 
238 1.509351 
1270 1.508446 
1210 1.508446 
1267 1.508446 
1212 1.508446 
1208 1.508446 
1209 1.508446 
3061 1.508446 
1213 1.508446 
1725 1.508061 
190 1.505827 
1519 1.501041 
1463 1.500459 
1437 1.493136 
8 1.490286 
2040 1.489453 
1493 1.489453 
2929 1.489309 
2188 1.489309 
800 1.489309 
799 1.489309 
798 1.489309 
2186 1.489309 
2187 1.489309 
2622 1.488823 
1180 1.488823 
1179 1.488823 
1178 1.488823 
3051 1.488823 
2568 1.488823 
2567 1.488823 
2566 1.488823 
632 1.482603 
2020 1.482603 
2019 1.482603 
2018 1.482603 
2875 1.482603 
630 1.482603 
631 1.482603 
1467 1.482356 
243 1.477714 
646 1.474826 
645 1.474826 
647 1.474826 
2037 1.474826 
2035 1.474826 
2034 1.474826 
2033 1.474826 
2880 1.474826 
239 1.474801 
1655 1.474758 
1649 1.470545 
1470 1.468236 
1650 1.466987 
221 1.460954 
225 1.458458 
26 1.455231 
1345 1.454971 
3086 1.454971 
3158 1.454971 
2733 1.454971 
2735 1.454971 
1347 1.454971 
1237 1.454766 
1297 1.454766 
1239 1.454766 
1352 1.454766 
1238 1.454766 
1293 1.454766 
3070 1.454766 
1295 1.454766 
105 1.453746 
1251 1.452870 
1309 1.452870 
1307 1.452870 
3074 1.452870 
1250 1.452870 
1249 1.452870 
1364 1.452870 
1305 1.452870 
1571 1.452054 
1502 1.447401 
79 1.444427 
1486 1.444313 
1488 1.442955 
371 1.441107 
2780 1.441107 
367 1.441107 
1755 1.441107 
1759 1.441107 
3139 1.441107 
13 1.436200 
2461 1.435752 
2462 1.435752 
1073 1.435752 
1074 1.435752 
2460 1.435752 
3017 1.435752 
1072 1.435752 
1663 1.433527 
124 1.433210 
93 1.432037 
1415 1.430977 
609 1.429362 
1999 1.429362 
1998 1.429362 
1997 1.429362 
610 1.429362 
2868 1.429362 
611 1.429362 
242 1.425058 
172 1.425027 
1692 1.420942 
2601 1.420942 
2596 1.420942 
2655 1.420942 
2600 1.420942 
2657 1.420942 
2598 1.420942 
2656 1.420942 
2527 1.418263 
2526 1.418263 
2525 1.418263 
1139 1.418263 
1138 1.418263 
1137 1.418263 
3038 1.418263 
1614 1.418001 
230 1.416397 
1681 1.416050 
2512 1.416005 
2510 1.416005 
2511 1.416005 
1122 1.416005 
1123 1.416005 
3033 1.416005 
1124 1.416005 
131 1.415992 
624 1.415480 
626 1.415480 
2873 1.415480 
625 1.415480 
2012 1.415480 
2014 1.415480 
2013 1.415480 
222 1.412505 
207 1.412015 
1669 1.411608 
206 1.410694 
847 1.408201 
846 1.408201 
845 1.408201 
2944 1.408201 
2234 1.408201 
2233 1.408201 
2235 1.408201 
2926 1.406838 
789 1.406838 
790 1.406838 
791 1.406838 
2177 1.406838 
2178 1.406838 
2179 1.406838 
262 1.405452 
1664 1.401005 
165 1.399560 
123 1.398976 
734 1.398011 
2121 1.398011 
2122 1.398011 
2123 1.398011 
735 1.398011 
2908 1.398011 
733 1.398011 
2465 1.397569 
1076 1.397569 
1077 1.397569 
1075 1.397569 
3018 1.397569 
2463 1.397569 
2464 1.397569 
2259 1.397346 
2257 1.397346 
2261 1.397346 
871 1.397346 
2952 1.397346 
2258 1.397346 
869 1.397346 
870 1.397346 
1462 1.396840 
169 1.396490 
855 1.392781 
854 1.392781 
2244 1.392781 
2243 1.392781 
856 1.392781 
2242 1.392781 
2947 1.392781 
1501 1.384063 
2681 1.383218 
2683 1.383218 
2685 1.383218 
2626 1.383218 
2627 1.383218 
1701 1.383218 
2740 1.383218 
736 1.382218 
738 1.382218 
737 1.382218 
2124 1.382218 
2125 1.382218 
2126 1.382218 
2909 1.382218 
57 1.374166 
576 1.372483 
2857 1.372483 
575 1.372483 
574 1.372483 
1964 1.372483 
1963 1.372483 
1962 1.372483 
187 1.371714 
1136 1.371330 
3037 1.371330 
2524 1.371330 
1134 1.371330 
2523 1.371330 
1135 1.371330 
2522 1.371330 
1558 1.370731 
1898 1.369447 
509 1.369447 
1899 1.369447 
1897 1.369447 
511 1.369447 
2836 1.369447 
510 1.369447 
2130 1.367568 
2131 1.367568 
2132 1.367568 
742 1.367568 
2911 1.367568 
743 1.367568 
744 1.367568 
1668 1.366099 
1421 1.365259 
149 1.360369 
203 1.357970 
1557 1.356354 
258 1.355622 
1575 1.352816 
100 1.347328 
1589 1.346573 
1885 1.346531 
1886 1.346531 
1887 1.346531 
497 1.346531 
498 1.346531 
2832 1.346531 
499 1.346531 
1977 1.345501 
589 1.345501 
2862 1.345501 
1978 1.345501 
591 1.345501 
1981 1.345501 
590 1.345501 
1979 1.345501 
204 1.343417 
61 1.340941 
1485 1.339770 
2485 1.339649 
2481 1.339649 
2482 1.339649 
2483 1.339649 
1095 1.339649 
1094 1.339649 
1093 1.339649 
3024 1.339649 
2076 1.334560 
2074 1.334560 
2075 1.334560 
686 1.334560 
687 1.334560 
688 1.334560 
2893 1.334560 
75 1.331029 
1412 1.327738 
1539 1.327692 
2761 1.326725 
1708 1.326725 
2704 1.326725 
2706 1.326725 
2648 1.326725 
2647 1.326725 
2702 1.326725 
2065 1.325770 
2890 1.325770 
2066 1.325770 
679 1.325770 
2067 1.325770 
678 1.325770 
677 1.325770 
97 1.321561 
2070 1.319549 
680 1.319549 
2068 1.319549 
2891 1.319549 
681 1.319549 
682 1.319549 
2069 1.319549 
1726 1.317875 
1648 1.315402 
215 1.311048 
224 1.309820 
71 1.308635 
901 1.307968 
902 1.307968 
2291 1.307968 
2290 1.307968 
2289 1.307968 
2962 1.307968 
903 1.307968 
1673 1.306928 
992 1.306517 
2380 1.306517 
3128 1.306517 
2990 1.306517 
1047 1.306517 
2435 1.306517 
3120 1.303466 
2846 1.303466 
1987 1.303466 
1932 1.303466 
599 1.303466 
544 1.303466 
1311 1.300387 
1370 1.300387 
1257 1.300387 
1256 1.300387 
1255 1.300387 
1313 1.300387 
1315 1.300387 
3076 1.300387 
15 1.294841 
114 1.294470 
202 1.293652 
1513 1.292470 
197 1.291310 
1500 1.290300 
231 1.287545 
2795 1.287513 
348 1.287513 
349 1.287513 
350 1.287513 
1736 1.287513 
1737 1.287513 
1738 1.287513 
115 1.284883 
1593 1.283654 
220 1.283067 
3127 1.282147 
2972 1.282147 
991 1.282147 
936 1.282147 
2324 1.282147 
2379 1.282147 
1183 1.281967 
2571 1.281967 
1182 1.281967 
1181 1.281967 
2625 1.281967 
2570 1.281967 
3052 1.281967 
2569 1.281967 
437 1.280515 
3100 1.280515 
1880 1.280515 
1387 1.280515 
492 1.280515 
1825 1.280515 
325 1.280515 
36 1.280515 
20 1.280039 
1675 1.278896 
213 1.278371 
3080 1.277863 
2716 1.277863 
1272 1.277863 
2715 1.277863 
1327 1.277863 
1328 1.277863 
1382 1.277863 
2660 1.277863 
622 1.275050 
621 1.275050 
2872 1.275050 
623 1.275050 
2011 1.275050 
2010 1.275050 
2009 1.275050 
78 1.274876 
249 1.274416 
226 1.273565 
2 1.272520 
98 1.272412 
3151 1.269249 
1819 1.269249 
1422 1.269249 
122 1.269108 
183 1.266183 
1429 1.264471 
2588 1.264190 
2643 1.264190 
1199 1.264190 
1200 1.264190 
1201 1.264190 
3058 1.264190 
2589 1.264190 
2587 1.264190 
1553 1.261960 
320 1.257363 
1657 1.255711 
1817 1.254271 
2792 1.254271 
1820 1.254271 
1405 1.254271 
429 1.254271 
3117 1.254271 
2774 1.254271 
432 1.254271 
2268 1.252649 
2323 1.252649 
2954 1.252649 
935 1.252649 
3126 1.252649 
880 1.252649 
53 1.250005 
1717 1.249014 
2063 1.244110 
674 1.244110 
675 1.244110 
676 1.244110 
2062 1.244110 
2064 1.244110 
2889 1.244110 
311 1.242866 
1689 1.239029 
2864 1.235163 
655 1.235163 
600 1.235163 
3121 1.235163 
1988 1.235163 
2043 1.235163 
2471 1.234837 
2470 1.234837 
2469 1.234837 
3020 1.234837 
1081 1.234837 
1082 1.234837 
1083 1.234837 
1538 1.234724 
89 1.234217 
1645 1.231774 
1603 1.225909 
179 1.222746 
2762 1.220086 
1372 1.220086 
1374 1.220086 
3167 1.220086 
3095 1.220086 
2760 1.220086 
1540 1.217308 
1420 1.216567 
1459 1.215525 
567 1.215225 
1954 1.215225 
1953 1.215225 
1955 1.215225 
2854 1.215225 
566 1.215225 
565 1.215225 
1560 1.214517 
1477 1.208565 
3015 1.207024 
2455 1.207024 
1066 1.207024 
2454 1.207024 
2456 1.207024 
1067 1.207024 
1068 1.207024 
488 1.205044 
2828 1.205044 
3119 1.205044 
1876 1.205044 
543 1.205044 
1931 1.205044 
3150 1.202249 
421 1.202249 
1805 1.202249 
3149 1.202249 
1809 1.202249 
417 1.202249 
2790 1.202249 
16 1.196200 
1424 1.193497 
267 1.191632 
2537 1.186855 
3042 1.186855 
2541 1.186855 
2538 1.186855 
1149 1.186855 
1150 1.186855 
2539 1.186855 
1151 1.186855 
2347 1.185855 
2980 1.185855 
2346 1.185855 
2345 1.185855 
959 1.185855 
957 1.185855 
958 1.185855 
430 1.185567 
487 1.185567 
2810 1.185567 
428 1.185567 
1818 1.185567 
1816 1.185567 
1811 1.185567 
423 1.185567 
269 1.183341 
1546 1.181799 
1529 1.180628 
519 1.176590 
518 1.176590 
520 1.176590 
2839 1.176590 
1906 1.176590 
1907 1.176590 
1908 1.176590 
313 1.176242 
620 1.175544 
618 1.175544 
2006 1.175544 
619 1.175544 
2007 1.175544 
2008 1.175544 
2871 1.175544 
1646 1.172899 
2580 1.172014 
2579 1.172014 
3055 1.172014 
2578 1.172014 
1192 1.172014 
1190 1.172014 
1191 1.172014 
2634 1.172014 
283 1.171175 
2513 1.169736 
2514 1.169736 
2515 1.169736 
1125 1.169736 
1126 1.169736 
3034 1.169736 
1127 1.169736 
1585 1.167800 
1596 1.167333 
153 1.166387 
1048 1.164785 
3008 1.164785 
3129 1.164785 
2491 1.164785 
1103 1.164785 
2436 1.164785 
95 1.164575 
113 1.163416 
1423 1.161832 
3152 1.161832 
104 1.161407 
256 1.161122 
35 1.160407 
96 1.160122 
118 1.159587 
1691 1.157732 
1484 1.157627 
1621 1.157093 
116 1.156511 
2528 1.155784 
2529 1.155784 
3039 1.155784 
1142 1.155784 
2530 1.155784 
1140 1.155784 
1141 1.155784 
2151 1.149885 
2096 1.149885 
1530 1.149885 
2097 1.149885 
2154 1.149885 
2094 1.149885 
2092 1.149885 
1206 1.147676 
1207 1.147676 
1205 1.147676 
2597 1.147676 
3060 1.147676 
2595 1.147676 
2594 1.147676 
2593 1.147676 
1651 1.146043 
2458 1.143926 
2459 1.143926 
2457 1.143926 
1069 1.143926 
1070 1.143926 
3016 1.143926 
1071 1.143926 
2547 1.143436 
2492 1.143436 
3026 1.143436 
3130 1.143436 
1159 1.143436 
1104 1.143436 
1495 1.142174 
732 1.135687 
731 1.135687 
2118 1.135687 
2119 1.135687 
730 1.135687 
2120 1.135687 
2907 1.135687 
1611 1.134763 
1567 1.134140 
1644 1.133603 
302 1.131898 
1408 1.125953 
615 1.122944 
2005 1.122944 
2004 1.122944 
2003 1.122944 
616 1.122944 
2870 1.122944 
617 1.122944 
1690 1.122095 
1556 1.120366 
1719 1.119658 
1531 1.118721 
1376 1.118532 
2709 1.118532 
1709 1.118532 
2650 1.118532 
2705 1.118532 
2708 1.118532 
2707 1.118532 
2651 1.118532 
1686 1.115149 
1323 1.114301 
2652 1.114301 
2653 1.114301 
1710 1.114301 
2654 1.114301 
1379 1.114301 
1326 1.114301 
1325 1.114301 
1670 1.112544 
161 1.111838 
3118 1.111810 
1875 1.111810 
1441 1.111810 
125 1.109130 
2516 1.107832 
2517 1.107832 
2518 1.107832 
3035 1.107832 
1130 1.107832 
1129 1.107832 
1128 1.107832 
1815 1.106995 
1810 1.106995 
422 1.106995 
431 1.106995 
426 1.106995 
427 1.106995 
2791 1.106995 
1814 1.106995 
107 1.105306 
233 1.103667 
1542 1.100933 
1693 1.100652 
205 1.100610 
1455 1.095961 
157 1.095291 
2453 1.094344 
1063 1.094344 
2452 1.094344 
2451 1.094344 
1065 1.094344 
1064 1.094344 
3014 1.094344 
1373 1.094163 
1316 1.094163 
1318 1.094163 
1314 1.094163 
3077 1.094163 
1258 1.094163 
1259 1.094163 
1260 1.094163 
2507 1.093450 
3032 1.093450 
2508 1.093450 
2509 1.093450 
1119 1.093450 
1120 1.093450 
1121 1.093450 
1509 1.091778 
2044 1.091268 
711 1.091268 
2099 1.091268 
3122 1.091268 
2882 1.091268 
656 1.091268 
671 1.089244 
2061 1.089244 
2059 1.089244 
2060 1.089244 
672 1.089244 
673 1.089244 
2888 1.089244 
1425 1.088973 
2174 1.084525 
2175 1.084525 
2176 1.084525 
786 1.084525 
787 1.084525 
788 1.084525 
2925 1.084525 
1647 1.084136 
3078 1.077554 
1261 1.077554 
1263 1.077554 
1262 1.077554 
1321 1.077554 
1319 1.077554 
1317 1.077554 
1324 1.077554 
2592 1.076160 
1204 1.076160 
1203 1.076160 
1202 1.076160 
2646 1.076160 
2591 1.076160 
2590 1.076160 
3059 1.076160 
2775 1.073767 
347 1.073767 
1735 1.073767 
1386 1.073767 
3171 1.073767 
1466 1.067500 
1406 1.063644 
285 1.063555 
2315 1.062035 
2970 1.062035 
925 1.062035 
926 1.062035 
927 1.062035 
2317 1.062035 
2313 1.062035 
2314 1.062035 
1492 1.059946 
1474 1.057824 
1578 1.057679 
1414 1.057626 
251 1.057351 
76 1.056257 
1537 1.052042 
3125 1.051978 
2212 1.051978 
2267 1.051978 
879 1.051978 
824 1.051978 
2936 1.051978 
168 1.049303 
462 1.048363 
1850 1.048363 
1851 1.048363 
1852 1.048363 
2821 1.048363 
464 1.048363 
463 1.048363 
2519 1.043713 
2520 1.043713 
2521 1.043713 
1133 1.043713 
1132 1.043713 
1131 1.043713 
3036 1.043713 
889 1.042242 
2277 1.042242 
2278 1.042242 
2279 1.042242 
890 1.042242 
891 1.042242 
2958 1.042242 
111 1.040656 
1564 1.035358 
1639 1.033926 
1148 1.032051 
1147 1.032051 
2534 1.032051 
2535 1.032051 
2536 1.032051 
1146 1.032051 
3041 1.032051 
2649 1.032051 
1683 1.030188 
3134 1.025798 
2770 1.025798 
1711 1.025798 
1729 1.025412 
1549 1.018888 
148 1.017951 
1667 1.016186 
1607 1.015282 
143 1.014985 
756 1.014035 
2142 1.014035 
754 1.014035 
2143 1.014035 
755 1.014035 
2144 1.014035 
2915 1.014035 
3044 1.012107 
1160 1.012107 
3131 1.012107 
2548 1.012107 
1215 1.012107 
2603 1.012107 
1666 1.011408 
2988 1.011250 
2373 1.011250 
2371 1.011250 
2370 1.011250 
2369 1.011250 
983 1.011250 
982 1.011250 
981 1.011250 
208 1.005438 
2713 1.003364 
2710 1.003364 
2714 1.003364 
304 1.003364 
2767 1.003364 
2711 1.003364 
2712 1.003364 
3006 1.000858 
2426 1.000858 
2427 1.000858 
2425 1.000858 
2429 1.000858 
1039 1.000858 
1038 1.000858 
1037 1.000858 
321 0.998785 
2531 0.993845 
1143 0.993845 
1144 0.993845 
1145 0.993845 
2532 0.993845 
2533 0.993845 
3040 0.993845 
245 0.992548 
2100 0.991163 
767 0.991163 
2900 0.991163 
2155 0.991163 
712 0.991163 
3123 0.991163 
1727 0.990213 
2156 0.989451 
2918 0.989451 
823 0.989451 
3124 0.989451 
768 0.989451 
2211 0.989451 
3098 0.988633 
2772 0.988633 
3173 0.988633 
1384 0.988633 
63 0.983665 
1464 0.980668 
186 0.979278 
1433 0.977954 
1627 0.974141 
1535 0.973615 
77 0.964390 
81 0.961139 
2088 0.961131 
698 0.961131 
2087 0.961131 
2086 0.961131 
700 0.961131 
699 0.961131 
2897 0.961131 
2776 0.957279 
1739 0.957279 
346 0.957279 
1734 0.957279 
351 0.957279 
3135 0.957279 
2998 0.954432 
2401 0.954432 
1015 0.954432 
1014 0.954432 
2402 0.954432 
1013 0.954432 
2403 0.954432 
1527 0.953306 
2030 0.949282 
642 0.949282 
2879 0.949282 
643 0.949282 
2031 0.949282 
2032 0.949282 
644 0.949282 
240 0.945065 
2563 0.943445 
1175 0.943445 
1176 0.943445 
2619 0.943445 
1177 0.943445 
2565 0.943445 
2564 0.943445 
3050 0.943445 
0 0.941884 
1555 0.941795 
32 0.940390 
1671 0.938739 
3053 0.930127 
1184 0.930127 
2572 0.930127 
2573 0.930127 
2628 0.930127 
2574 0.930127 
1185 0.930127 
1186 0.930127 
1629 0.925213 
85 0.924344 
778 0.921488 
777 0.921488 
2165 0.921488 
2922 0.921488 
2166 0.921488 
2167 0.921488 
779 0.921488 
2906 0.921036 
2117 0.921036 
2115 0.921036 
729 0.921036 
728 0.921036 
727 0.921036 
2116 0.921036 
56 0.920561 
1061 0.915572 
1062 0.915572 
1060 0.915572 
2448 0.915572 
2449 0.915572 
3013 0.915572 
2450 0.915572 
274 0.912853 
223 0.910680 
1662 0.907215 
1672 0.905208 
1483 0.896663 
1296 0.892534 
1241 0.892534 
1298 0.892534 
3071 0.892534 
1242 0.892534 
1300 0.892534 
1240 0.892534 
1355 0.892534 
322 0.889062 
2771 0.887266 
3170 0.887266 
1728 0.887266 
1798 0.886687 
1797 0.886687 
2807 0.886687 
1796 0.886687 
409 0.886687 
410 0.886687 
408 0.886687 
1518 0.884071 
264 0.872783 
2023 0.871683 
2022 0.871683 
634 0.871683 
2021 0.871683 
635 0.871683 
633 0.871683 
2876 0.871683 
1665 0.869265 
2793 0.869035 
24 0.865025 
2997 0.862916 
1012 0.862916 
2399 0.862916 
2398 0.862916 
2400 0.862916 
1010 0.862916 
1011 0.862916 
185 0.862732 
1654 0.861535 
1375 0.859318 
3168 0.859318 
1377 0.859318 
3169 0.859318 
2765 0.859318 
2763 0.859318 
3096 0.859318 
2198 0.856220 
2199 0.856220 
2200 0.856220 
812 0.856220 
810 0.856220 
811 0.856220 
2933 0.856220 
1480 0.850521 
167 0.848871 
176 0.844874 
1026 0.838902 
2414 0.838902 
1027 0.838902 
2413 0.838902 
2415 0.838902 
3002 0.838902 
1025 0.838902 
1008 0.827350 
2996 0.827350 
1007 0.827350 
1009 0.827350 
2397 0.827350 
2395 0.827350 
2396 0.827350 
139 0.818425 
284 0.814368 
785 0.808847 
783 0.808847 
2171 0.808847 
784 0.808847 
2173 0.808847 
2172 0.808847 
2924 0.808847 
1574 0.795254 
2690 0.794018 
2694 0.794018 
2692 0.794018 
1704 0.794018 
2749 0.794018 
2636 0.794018 
2635 0.794018 
1505 0.790051 
1419 0.783642 
2629 0.777951 
2688 0.777951 
1702 0.777951 
2630 0.777951 
2684 0.777951 
2743 0.777951 
2686 0.777951 
67 0.773852 
1451 0.762491 
1306 0.757633 
1304 0.757633 
1302 0.757633 
3073 0.757633 
1361 0.757633 
1248 0.757633 
1247 0.757633 
1246 0.757633 
1447 0.754974 
303 0.750220 
2764 0.750220 
2232 0.749582 
842 0.749582 
2943 0.749582 
2231 0.749582 
2230 0.749582 
844 0.749582 
843 0.749582 
241 0.748342 
280 0.747902 
12 0.745152 
228 0.744550 
689 0.733608 
2894 0.733608 
2079 0.733608 
2078 0.733608 
2077 0.733608 
690 0.733608 
691 0.733608 
194 0.727275 
2940 0.722019 
2223 0.722019 
833 0.722019 
834 0.722019 
835 0.722019 
2222 0.722019 
2221 0.722019 
1086 0.721507 
1084 0.721507 
1085 0.721507 
2474 0.721507 
2473 0.721507 
2472 0.721507 
3021 0.721507 
2288 0.710709 
898 0.710709 
899 0.710709 
900 0.710709 
2287 0.710709 
2286 0.710709 
2961 0.710709 
2475 0.706916 
3022 0.706916 
2477 0.706916 
2476 0.706916 
1089 0.706916 
1088 0.706916 
1087 0.706916 
1383 0.703871 
2769 0.703871 
3097 0.703871 
2768 0.703871 
1378 0.703871 
2766 0.703871 
1380 0.703871 
1381 0.703871 
130 0.697885 
2053 0.697237 
2054 0.697237 
666 0.697237 
665 0.697237 
2055 0.697237 
667 0.697237 
2886 0.697237 
370 0.694027 
1757 0.694027 
2799 0.694027 
1756 0.694027 
369 0.694027 
368 0.694027 
1758 0.694027 
1353 0.692673 
2739 0.692673 
2741 0.692673 
3088 0.692673 
1351 0.692673 
3160 0.692673 
292 0.685662 
2340 0.685562 
2339 0.685562 
953 0.685562 
952 0.685562 
951 0.685562 
2341 0.685562 
2978 0.685562 
50 0.685478 
1410 0.681561 
1680 0.680243 
59 0.673173 
9 0.672606 
2784 0.670047 
1779 0.670047 
391 0.670047 
1775 0.670047 
387 0.670047 
3143 0.670047 
2577 0.661522 
2576 0.661522 
2575 0.661522 
3054 0.661522 
1187 0.661522 
1188 0.661522 
2631 0.661522 
1189 0.661522 
101 0.659343 
2853 0.651348 
564 0.651348 
562 0.651348 
563 0.651348 
1952 0.651348 
1951 0.651348 
1950 0.651348 
1652 0.649661 
265 0.649093 
2478 0.641251 
1092 0.641251 
2480 0.641251 
2479 0.641251 
1091 0.641251 
3023 0.641251 
1090 0.641251 
261 0.640498 
2679 0.636755 
1699 0.636755 
2620 0.636755 
2621 0.636755 
2677 0.636755 
2734 0.636755 
2675 0.636755 
30 0.630785 
1628 0.630262 
1461 0.624872 
323 0.624754 
42 0.617003 
1411 0.614285 
266 0.611980 
441 0.610322 
2814 0.610322 
1831 0.610322 
442 0.610322 
1830 0.610322 
443 0.610322 
1829 0.610322 
2976 0.609718 
2333 0.609718 
2334 0.609718 
2335 0.609718 
947 0.609718 
946 0.609718 
945 0.609718 
2344 0.606381 
2342 0.606381 
956 0.606381 
955 0.606381 
954 0.606381 
2979 0.606381 
2343 0.606381 
2787 0.596592 
1790 0.596592 
406 0.596592 
402 0.596592 
3146 0.596592 
1794 0.596592 
1426 0.596211 
476 0.595116 
1864 0.595116 
1863 0.595116 
475 0.595116 
1862 0.595116 
2825 0.595116 
474 0.595116 
1445 0.594202 
46 0.588218 
58 0.586975 
260 0.586904 
295 0.586516 
1722 0.583899 
1778 0.568601 
2803 0.568601 
388 0.568601 
389 0.568601 
390 0.568601 
1777 0.568601 
1776 0.568601 
103 0.568308 
1609 0.565339 
2506 0.565168 
2505 0.565168 
1116 0.565168 
1117 0.565168 
1118 0.565168 
3031 0.565168 
2504 0.565168 
120 0.562475 
1592 0.560841 
1684 0.550994 
3068 0.544954 
1346 0.544954 
1287 0.544954 
1289 0.544954 
1291 0.544954 
1233 0.544954 
1232 0.544954 
1231 0.544954 
121 0.544406 
489 0.544143 
2830 0.544143 
490 0.544143 
491 0.544143 
1877 0.544143 
1878 0.544143 
1879 0.544143 
201 0.542155 
277 0.534978 
1523 0.521228 
1573 0.518605 
551 0.514540 
1940 0.514540 
1939 0.514540 
550 0.514540 
552 0.514540 
1938 0.514540 
2849 0.514540 
2732 0.514231 
1342 0.514231 
1344 0.514231 
3157 0.514231 
3085 0.514231 
2730 0.514231 
1610 0.510815 
2852 0.505781 
1949 0.505781 
1948 0.505781 
561 0.505781 
560 0.505781 
559 0.505781 
1947 0.505781 
1890 0.504718 
1889 0.504718 
2833 0.504718 
500 0.504718 
501 0.504718 
502 0.504718 
1888 0.504718 
1591 0.495840 
135 0.495220 
2811 0.490352 
55 0.488127 
316 0.484405 
1465 0.479409 
1840 0.476815 
1839 0.476815 
1838 0.476815 
452 0.476815 
451 0.476815 
2817 0.476815 
450 0.476815 
1436 0.467986 
259 0.467400 
2912 0.465404 
2134 0.465404 
2133 0.465404 
745 0.465404 
746 0.465404 
747 0.465404 
2135 0.465404 
896 0.464791 
2283 0.464791 
2284 0.464791 
2960 0.464791 
2285 0.464791 
897 0.464791 
895 0.464791 
248 0.461719 
1489 0.460593 
2829 0.456329 
1417 0.456205 
102 0.446286 
1685 0.445026 
2896 0.444930 
695 0.444930 
697 0.444930 
2085 0.444930 
2083 0.444930 
696 0.444930 
2084 0.444930 
1442 0.442518 
366 0.441579 
3138 0.441579 
362 0.441579 
2779 0.441579 
1750 0.441579 
1754 0.441579 
1625 0.430155 
1653 0.428981 
4 0.428319 
2111 0.410423 
2110 0.410423 
2109 0.410423 
723 0.410423 
722 0.410423 
721 0.410423 
2904 0.410423 
1894 0.402255 
1895 0.402255 
508 0.402255 
1896 0.402255 
507 0.402255 
506 0.402255 
2835 0.402255 
1975 0.393446 
2861 0.393446 
588 0.393446 
587 0.393446 
1974 0.393446 
1976 0.393446 
586 0.393446 
2843 0.380142 
531 0.380142 
1920 0.380142 
1918 0.380142 
1919 0.380142 
532 0.380142 
530 0.380142 
2227 0.372780 
841 0.372780 
2942 0.372780 
2229 0.372780 
2228 0.372780 
840 0.372780 
839 0.372780 
3172 0.372390 
2895 0.369303 
692 0.369303 
693 0.369303 
694 0.369303 
2082 0.369303 
2081 0.369303 
2080 0.369303 
39 0.366167 
640 0.361304 
2028 0.361304 
2027 0.361304 
2029 0.361304 
2878 0.361304 
641 0.361304 
639 0.361304 
119 0.360387 
970 0.354587 
969 0.354587 
971 0.354587 
2358 0.354587 
2359 0.354587 
2357 0.354587 
2984 0.354587 
1499 0.336867 
1633 0.336096 
1444 0.335288 
28 0.327577 
147 0.327484 
1427 0.304021 
1443 0.302312 
1243 0.301113 
1358 0.301113 
1244 0.301113 
1303 0.301113 
1245 0.301113 
1301 0.301113 
1299 0.301113 
3072 0.301113 
229 0.284811 
298 0.283165 
246 0.272762 
2024 0.260416 
2026 0.260416 
2877 0.260416 
636 0.260416 
637 0.260416 
2025 0.260416 
638 0.260416 
2561 0.251749 
2562 0.251749 
1174 0.251749 
2560 0.251749 
2616 0.251749 
3049 0.251749 
1173 0.251749 
1172 0.251749 
310 0.250688 
2303 0.250626 
2302 0.250626 
2301 0.250626 
2966 0.250626 
915 0.250626 
913 0.250626 
914 0.250626 
31 0.246629 
1582 0.244263 
751 0.233585 
752 0.233585 
753 0.233585 
2139 0.233585 
2914 0.233585 
2140 0.233585 
2141 0.233585 
2796 0.230326 
1743 0.230326 
1742 0.230326 
1741 0.230326 
353 0.230326 
354 0.230326 
355 0.230326 
82 0.229659 
1428 0.223803 
1636 0.223096 
164 0.220029 
1716 0.216322 
577 0.215080 
578 0.215080 
1966 0.215080 
1967 0.215080 
579 0.215080 
1965 0.215080 
2858 0.215080 
154 0.195481 
2748 0.185437 
3091 0.185437 
2750 0.185437 
3163 0.185437 
1360 0.185437 
1362 0.185437 
1473 0.171147 
278 0.166456 
1491 0.166309 
405 0.162407 
1793 0.162407 
404 0.162407 
403 0.162407 
2806 0.162407 
1791 0.162407 
1792 0.162407 
247 0.161793 
1786 0.158897 
1787 0.158897 
1788 0.158897 
2805 0.158897 
400 0.158897 
398 0.158897 
399 0.158897 
803 0.158478 
2930 0.158478 
802 0.158478 
2191 0.158478 
2190 0.158478 
2189 0.158478 
801 0.158478 
2746 0.148660 
2632 0.148660 
2633 0.148660 
1703 0.148660 
2689 0.148660 
2687 0.148660 
2691 0.148660 
191 0.139334 
219 0.134448 
1490 0.131269 
23 0.124341 
1545 0.122251 
1544 0.118294 
1446 0.106195 
1506 0.102148 
503 0.091596 
1893 0.091596 
1892 0.091596 
1891 0.091596 
2834 0.091596 
505 0.091596 
504 0.091596 
1618 0.084754 
1615 0.084671 
64 0.072641 
314 0.069782 
237 0.068346 
1600 0.067857 
41 0.064711 
2840 0.062860 
521 0.062860 
522 0.062860 
523 0.062860 
1909 0.062860 
1910 0.062860 
1911 0.062860 
1460 0.042265 
750 0.041843 
2137 0.041843 
749 0.041843 
2138 0.041843 
2136 0.041843 
748 0.041843 
2913 0.041843 
1416 0.039174 
1471 0.038901 
21 0.031202 
444 0.028030 
445 0.028030 
446 0.028030 
2815 0.028030 
1833 0.028030 
1832 0.028030 
1834 0.028030 
211 0.026305 
365 0.023897 
1751 0.023897 
2798 0.023897 
1752 0.023897 
364 0.023897 
363 0.023897 
1753 0.023897 
279 0.023367 
49 0.021182 
1698 0.018715 
2672 0.018715 
2676 0.018715 
2618 0.018715 
2731 0.018715 
2617 0.018715 
2674 0.018715 
83 0.014381 
2948 0.005348 
857 0.005348 
2246 0.005348 
858 0.005348 
2245 0.005348 
859 0.005348 
2247 0.005348 
2797 0.003323 
1746 0.003323 
1748 0.003323 
358 0.003323 
359 0.003323 
1747 0.003323 
360 0.003323 
1720 0.002337 
22 -0.003510 
40 -0.007095 
1643 -0.009865 
3 -0.009906 
2416 -0.013636 
3003 -0.013636 
2417 -0.013636 
2418 -0.013636 
1030 -0.013636 
1029 -0.013636 
1028 -0.013636 
1508 -0.015987 
1002 -0.021350 
2994 -0.021350 
1003 -0.021350 
1001 -0.021350 
2389 -0.021350 
2390 -0.021350 
2391 -0.021350 
74 -0.023113 
92 -0.024225 
1524 -0.030678 
2424 -0.040403 
3005 -0.040403 
1034 -0.040403 
1035 -0.040403 
1036 -0.040403 
2422 -0.040403 
2423 -0.040403 
1507 -0.044400 
473 -0.046324 
471 -0.046324 
472 -0.046324 
1861 -0.046324 
1860 -0.046324 
2824 -0.046324 
1859 -0.046324 
868 -0.051192 
866 -0.051192 
867 -0.051192 
2254 -0.051192 
2255 -0.051192 
2256 -0.051192 
2951 -0.051192 
449 -0.053949 
447 -0.053949 
1835 -0.053949 
1836 -0.053949 
1837 -0.053949 
448 -0.053949 
2816 -0.053949 
1783 -0.056801 
393 -0.056801 
394 -0.056801 
395 -0.056801 
1781 -0.056801 
2804 -0.056801 
1782 -0.056801 
1517 -0.058816 
11 -0.065266 
467 -0.075356 
466 -0.075356 
1853 -0.075356 
465 -0.075356 
2822 -0.075356 
1855 -0.075356 
1854 -0.075356 
1526 -0.086254 
2969 -0.093566 
2312 -0.093566 
2311 -0.093566 
2310 -0.093566 
922 -0.093566 
923 -0.093566 
924 -0.093566 
1343 -0.094273 
1228 -0.094273 
1229 -0.094273 
1230 -0.094273 
1284 -0.094273 
1286 -0.094273 
1288 -0.094273 
3067 -0.094273 
1452 -0.097993 
1744 -0.101295 
2777 -0.101295 
1740 -0.101295 
3136 -0.101295 
352 -0.101295 
356 -0.101295 
1973 -0.102802 
1972 -0.102802 
1971 -0.102802 
2860 -0.102802 
585 -0.102802 
584 -0.102802 
583 -0.102802 
84 -0.105266 
1434 -0.105669 
48 -0.114404 
331 -0.117770 
1393 -0.117770 
2919 -0.117770 
2161 -0.117770 
2216 -0.117770 
828 -0.117770 
3106 -0.117770 
773 -0.117770 
182 -0.124010 
65 -0.135511 
129 -0.146914 
1915 -0.154899 
1916 -0.154899 
1917 -0.154899 
2842 -0.154899 
527 -0.154899 
529 -0.154899 
528 -0.154899 
2368 -0.160598 
2367 -0.160598 
980 -0.160598 
979 -0.160598 
2987 -0.160598 
978 -0.160598 
2366 -0.160598 
2744 -0.161039 
3161 -0.161039 
1354 -0.161039 
1356 -0.161039 
3089 -0.161039 
2742 -0.161039 
3004 -0.179526 
2421 -0.179526 
2420 -0.179526 
1033 -0.179526 
1032 -0.179526 
2419 -0.179526 
1031 -0.179526 
136 -0.189902 
1409 -0.189926 
66 -0.195031 
2786 -0.202459 
401 -0.202459 
397 -0.202459 
1789 -0.202459 
1785 -0.202459 
3145 -0.202459 
582 -0.203035 
581 -0.203035 
580 -0.203035 
2859 -0.203035 
1968 -0.203035 
1969 -0.203035 
1970 -0.203035 
606 -0.205555 
2867 -0.205555 
608 -0.205555 
1994 -0.205555 
1995 -0.205555 
1996 -0.205555 
607 -0.205555 
255 -0.206570 
10 -0.207988 
1634 -0.210518 
296 -0.213969 
2932 -0.214732 
2197 -0.214732 
2195 -0.214732 
809 -0.214732 
808 -0.214732 
2196 -0.214732 
807 -0.214732 
29 -0.215763 
1543 -0.221552 
210 -0.224548 
1552 -0.229295 
1472 -0.229306 
1635 -0.251961 
1525 -0.274105 
2823 -0.275548 
1857 -0.275548 
1858 -0.275548 
1856 -0.275548 
470 -0.275548 
469 -0.275548 
468 -0.275548 
1435 -0.282833 
1721 -0.285234 
1570 -0.286897 
1563 -0.291230 
972 -0.293580 
973 -0.293580 
2362 -0.293580 
974 -0.293580 
2361 -0.293580 
2360 -0.293580 
2985 -0.293580 
315 -0.298958 
3162 -0.305470 
2747 -0.305470 
1357 -0.305470 
1359 -0.305470 
3090 -0.305470 
2745 -0.305470 
1454 -0.305537 
47 -0.313941 
1661 -0.318100 
1597 -0.338416 
297 -0.355791 
2841 -0.363838 
1912 -0.363838 
1913 -0.363838 
1914 -0.363838 
526 -0.363838 
525 -0.363838 
524 -0.363838 
3144 -0.376161 
392 -0.376161 
396 -0.376161 
1780 -0.376161 
2785 -0.376161 
1784 -0.376161 
138 -0.394149 
173 -0.395725 
146 -0.428847 
831 -0.437379 
832 -0.437379 
2218 -0.437379 
2219 -0.437379 
830 -0.437379 
2220 -0.437379 
2939 -0.437379 
1059 -0.463999 
3012 -0.463999 
1057 -0.463999 
1058 -0.463999 
2447 -0.463999 
2446 -0.463999 
2445 -0.463999 
2778 -0.469271 
1745 -0.469271 
1749 -0.469271 
3137 -0.469271 
357 -0.469271 
361 -0.469271 
175 -0.498726 
193 -0.503428 
2194 -0.514705 
2931 -0.514705 
2193 -0.514705 
806 -0.514705 
804 -0.514705 
2192 -0.514705 
805 -0.514705 
155 -0.517747 
1498 -0.519370 
1453 -0.521324 
2365 -0.532584 
2364 -0.532584 
976 -0.532584 
2363 -0.532584 
975 -0.532584 
2986 -0.532584 
977 -0.532584 
144 -0.538456 
2304 -0.542874 
2305 -0.542874 
2306 -0.542874 
918 -0.542874 
917 -0.542874 
916 -0.542874 
2967 -0.542874 
1588 -0.547987 
1616 -0.553051 
273 -0.554395 
1581 -0.556606 
1617 -0.566668 
162 -0.590112 
3107 -0.590112 
1561 -0.593015 
137 -0.608053 
54 -0.612113 
1881 -0.612113 
1936 -0.612113 
3101 -0.612113 
493 -0.612113 
548 -0.612113 
1388 -0.612113 
326 -0.612113 
2957 -0.616579 
886 -0.616579 
888 -0.616579 
2276 -0.616579 
2275 -0.616579 
2274 -0.616579 
887 -0.616579 
547 -0.624604 
2848 -0.624604 
1935 -0.624604 
1933 -0.624604 
546 -0.624604 
545 -0.624604 
1934 -0.624604 
1550 -0.653691 
73 -0.685307 
776 -0.690645 
775 -0.690645 
2162 -0.690645 
2163 -0.690645 
2164 -0.690645 
774 -0.690645 
2921 -0.690645 
1579 -0.691590 
1679 -0.693023 
921 -0.697384 
2307 -0.697384 
2308 -0.697384 
2309 -0.697384 
919 -0.697384 
2968 -0.697384 
920 -0.697384 
860 -0.706904 
861 -0.706904 
2949 -0.706904 
2250 -0.706904 
862 -0.706904 
2249 -0.706904 
2248 -0.706904 
128 -0.710286 
1534 -0.711985 
1516 -0.719510 
1599 -0.726331 
2251 -0.743372 
2252 -0.743372 
2253 -0.743372 
865 -0.743372 
864 -0.743372 
863 -0.743372 
2950 -0.743372 
1479 -0.810849 
156 -0.846064 
1341 -0.856001 
2727 -0.856001 
1339 -0.856001 
3084 -0.856001 
3156 -0.856001 
2729 -0.856001 
110 -0.872047 
1606 -0.885842 
1114 -0.889153 
2502 -0.889153 
2501 -0.889153 
1115 -0.889153 
2503 -0.889153 
1113 -0.889153 
3030 -0.889153 
200 -0.890995 
291 -0.892427 
1598 -0.893536 
309 -0.998544 
192 -1.012637 
218 -1.021712 
1715 -1.041813 
1580 -1.077814 
1497 -1.094574 
174 -1.117324 
127 -1.126239 
1562 -1.140712 
145 -1.153688 
2050 -1.200111 
2885 -1.200111 
662 -1.200111 
2052 -1.200111 
2051 -1.200111 
664 -1.200111 
663 -1.200111 
1551 -1.209120 
2332 -1.229671 
2331 -1.229671 
944 -1.229671 
943 -1.229671 
2330 -1.229671 
2975 -1.229671 
942 -1.229671 
1515 -1.233761 
163 -1.241682 
1171 -1.269603 
1169 -1.269603 
2558 -1.269603 
3048 -1.269603 
2559 -1.269603 
2613 -1.269603 
2557 -1.269603 
1170 -1.269603 
1624 -1.299349 
1568 -1.303373 
1569 -1.347073 
126 -1.368879 
3105 -1.368879 
2671 -1.391585 
1697 -1.391585 
2673 -1.391585 
2728 -1.391585 
2669 -1.391585 
2614 -1.391585 
2615 -1.391585 
2329 -1.468847 
996 -1.468847 
2384 -1.468847 
3109 -1.468847 
941 -1.468847 
2973 -1.468847 
1396 -1.468847 
334 -1.468847 
1394 -1.474895 
884 -1.474895 
2217 -1.474895 
2937 -1.474895 
332 -1.474895 
2272 -1.474895 
829 -1.474895 
718 -1.503583 
2108 -1.503583 
2107 -1.503583 
719 -1.503583 
720 -1.503583 
2106 -1.503583 
2903 -1.503583 
2773 -1.511667 
3116 -1.511667 
1712 -1.511667 
3153 -1.511667 
2214 -1.512510 
2213 -1.512510 
2215 -1.512510 
2938 -1.512510 
827 -1.512510 
825 -1.512510 
826 -1.512510 
236 -1.580908 
603 -1.613243 
2866 -1.613243 
1991 -1.613243 
1990 -1.613243 
1989 -1.613243 
602 -1.613243 
601 -1.613243 
2993 -1.637472 
2386 -1.637472 
2387 -1.637472 
2388 -1.637472 
1000 -1.637472 
998 -1.637472 
999 -1.637472 
333 -1.643593 
3108 -1.643593 
180 -1.643593 
1642 -1.668586 
1225 -1.673305 
1226 -1.673305 
1227 -1.673305 
1281 -1.673305 
1283 -1.673305 
1285 -1.673305 
3066 -1.673305 
1340 -1.673305 
288 -1.677968 
1401 -1.677968 
2718 -1.677968 
2717 -1.677968 
2662 -1.677968 
2664 -1.677968 
2665 -1.677968 
1330 -1.677968 
1532 -1.693183 
549 -1.706225 
327 -1.706225 
1389 -1.706225 
3102 -1.706225 
72 -1.706225 
1937 -1.706225 
1992 -1.706225 
604 -1.706225 
270 -1.717004 
3113 -1.717004 
3114 -1.717004 
2847 -1.721177 
91 -1.723280 
254 -1.747762 
2160 -1.748470 
2105 -1.748470 
2901 -1.748470 
717 -1.748470 
1392 -1.748470 
772 -1.748470 
330 -1.748470 
1587 -1.758303 
199 -1.770633 
1660 -1.773358 
1478 -1.803348 
2920 -1.807924 
769 -1.807924 
2159 -1.807924 
2158 -1.807924 
2157 -1.807924 
770 -1.807924 
771 -1.807924 
1604 -1.835048 
881 -1.859724 
883 -1.859724 
2269 -1.859724 
2270 -1.859724 
2271 -1.859724 
882 -1.859724 
2956 -1.859724 
272 -1.863401 
181 -1.912055 
1678 -1.922187 
1622 -1.958624 
1714 -1.960211 
3112 -1.965801 
1109 -1.965801 
3027 -1.965801 
1399 -1.965801 
337 -1.965801 
1164 -1.965801 
2497 -1.965801 
2552 -1.965801 
217 -1.982346 
1640 -1.986738 
1658 -1.996223 
1605 -2.004237 
1056 -2.008784 
1055 -2.008784 
3011 -2.008784 
1054 -2.008784 
2444 -2.008784 
2443 -2.008784 
2442 -2.008784 
109 -2.014743 
1676 -2.017024 
1397 -2.022676 
2991 -2.022676 
2385 -2.022676 
3110 -2.022676 
2440 -2.022676 
335 -2.022676 
1052 -2.022676 
997 -2.022676 
308 -2.026903 
1400 -2.035250 
3045 -2.035250 
1165 -2.035250 
338 -2.035250 
2553 -2.035250 
2609 -2.035250 
1220 -2.035250 
2608 -2.035250 
1167 -2.046020 
1168 -2.046020 
1166 -2.046020 
2556 -2.046020 
3047 -2.046020 
2555 -2.046020 
2610 -2.046020 
2554 -2.046020 
234 -2.046674 
1533 -2.049401 
2726 -2.071092 
3155 -2.071092 
2724 -2.071092 
1338 -2.071092 
1336 -2.071092 
3083 -2.071092 
1110 -2.077524 
3029 -2.077524 
2498 -2.077524 
1111 -2.077524 
2499 -2.077524 
2500 -2.077524 
1112 -2.077524 
290 -2.078053 
252 -2.079465 
306 -2.082596 
1402 -2.085649 
3081 -2.085649 
1403 -2.085649 
2720 -2.085649 
2719 -2.085649 
341 -2.085649 
1332 -2.085649 
1331 -2.085649 
1694 -2.092841 
3115 -2.092841 
1274 -2.111893 
1276 -2.111893 
1277 -2.111893 
3063 -2.111893 
1221 -2.111893 
1329 -2.111893 
339 -2.111893 
340 -2.111893 
3111 -2.161297 
1053 -2.161297 
336 -2.161297 
1108 -2.161297 
2496 -2.161297 
2441 -2.161297 
3009 -2.161297 
1398 -2.161297 
2668 -2.165557 
2666 -2.165557 
2670 -2.165557 
2725 -2.165557 
2611 -2.165557 
1696 -2.165557 
2612 -2.165557 
198 -2.185711 
2326 -2.228376 
2327 -2.228376 
2974 -2.228376 
2325 -2.228376 
937 -2.228376 
939 -2.228376 
938 -2.228376 
2884 -2.233383 
2045 -2.233383 
2046 -2.233383 
659 -2.233383 
2047 -2.233383 
658 -2.233383 
657 -2.233383 
1623 -2.269516 
3174 -2.292651 
1404 -2.292651 
1278 -2.354116 
1280 -2.354116 
1282 -2.354116 
1224 -2.354116 
1223 -2.354116 
1222 -2.354116 
3065 -2.354116 
1337 -2.354116 
713 -2.379735 
714 -2.379735 
715 -2.379735 
2902 -2.379735 
2103 -2.379735 
2102 -2.379735 
2101 -2.379735 
235 -2.470626 
2865 -2.472836 
1496 -2.482415 
1219 -2.485677 
1334 -2.485677 
1217 -2.485677 
3064 -2.485677 
1279 -2.485677 
1273 -2.485677 
1218 -2.485677 
1275 -2.485677 
1641 -2.532126 
1514 -2.537930 
2661 -2.546834 
1695 -2.546834 
2606 -2.546834 
2607 -2.546834 
2663 -2.546834 
2667 -2.546834 
2722 -2.546834 
1713 -2.559486 
328 -2.566103 
2048 -2.566103 
1993 -2.566103 
660 -2.566103 
605 -2.566103 
3103 -2.566103 
1390 -2.566103 
90 -2.566103 
307 -2.569155 
661 -2.571065 
716 -2.571065 
2883 -2.571065 
993 -2.578466 
994 -2.578466 
995 -2.578466 
2383 -2.578466 
2992 -2.578466 
2382 -2.578466 
2381 -2.578466 
216 -2.602386 
289 -2.614654 
253 -2.614783 
1677 -2.630813 
3154 -2.632763 
2721 -2.632763 
1333 -2.632763 
3082 -2.632763 
1335 -2.632763 
2723 -2.632763 
1391 -2.641394 
329 -2.641394 
3104 -2.641394 
2049 -2.641394 
108 -2.641394 
2104 -2.641394 
1162 -2.649421 
1163 -2.649421 
2605 -2.649421 
2551 -2.649421 
3046 -2.649421 
1161 -2.649421 
2549 -2.649421 
2550 -2.649421 
2437 -2.655063 
1049 -2.655063 
1050 -2.655063 
3010 -2.655063 
1051 -2.655063 
2438 -2.655063 
2439 -2.655063 
1659 -2.685374 
1106 -2.702062 
2495 -2.702062 
1105 -2.702062 
1107 -2.702062 
2494 -2.702062 
3028 -2.702062 
2493 -2.702062 
271 -2.720773 
1586 -2.765879 
2273 -2.928074 
2328 -2.928074 
1395 -2.928074 
885 -2.928074 
2955 -2.928074 
940 -2.928074 
