2395 1
0 -0.088740 
1 0.031013 
2 -0.222995 
3 -0.281679 
4 0.225080 
5 0.351358 
6 0.264096 
7 -0.369119 
8 -0.068056 
9 0.399015 
10 -0.243308 
11 0.089278 
12 0.195722 
13 -0.157608 
14 0.057667 
15 -0.157608 
16 0.394669 
17 -0.418313 
18 -0.418313 
19 -0.219960 
20 0.141453 
21 0.195722 
22 0.048646 
23 -0.111660 
24 -0.065154 
25 0.058811 
26 -0.462428 
27 -0.462428 
28 -0.395461 
29 0.143367 
30 0.324977 
31 0.324977 
32 -0.009772 
33 -0.476034 
34 0.495110 
35 -0.100732 
36 -0.369119 
37 -0.420099 
38 -0.219960 
39 0.010870 
40 -0.088740 
41 -0.125550 
42 -0.068056 
43 0.122684 
44 -0.444539 
45 -0.007142 
46 -0.125550 
47 0.324977 
48 -0.455748 
49 -0.369119 
50 0.337633 
51 -0.299761 
52 -0.065154 
53 0.057667 
54 -0.009772 
55 0.143367 
56 0.143367 
57 -0.157608 
58 0.015529 
59 0.015529 
60 -0.156486 
61 -0.219960 
62 0.027422 
63 0.053696 
64 0.324977 
65 -0.351976 
66 -0.462428 
67 0.375710 
68 0.394669 
69 0.375710 
70 0.048646 
71 0.298355 
72 0.015529 
73 -0.050195 
74 0.122684 
75 0.122684 
76 0.269894 
77 0.349036 
78 -0.462428 
79 0.130064 
80 -0.369119 
81 0.375710 
82 0.337633 
83 0.048646 
84 -0.462428 
85 0.073952 
86 0.173188 
87 0.015529 
88 -0.369119 
89 -0.369119 
90 -0.355979 
91 -0.382996 
92 -0.053804 
93 0.195722 
94 -0.390778 
95 0.173188 
96 -0.243308 
97 -0.157608 
98 -0.390778 
99 -0.355979 
100 -0.355979 
101 -0.156486 
102 -0.171366 
103 0.337633 
104 -0.065154 
105 -0.355979 
106 -0.050195 
107 -0.418313 
108 -0.262621 
109 0.394669 
110 0.195722 
111 -0.188260 
112 -0.476034 
113 -0.418313 
114 0.180388 
115 0.048646 
116 -0.444539 
117 -0.355979 
118 0.031091 
119 -0.355979 
120 -0.065154 
121 -0.088740 
122 0.349036 
123 0.452196 
124 0.195722 
125 0.264096 
126 0.470596 
127 0.394669 
128 0.143367 
129 -0.169307 
130 -0.169307 
131 0.073952 
132 0.314338 
133 0.314338 
134 0.073952 
135 -0.009772 
136 -0.262621 
137 -0.188260 
138 0.495110 
139 -0.125550 
140 -0.065154 
141 -0.355979 
142 -0.088740 
143 0.349036 
144 -0.088740 
145 0.313169 
146 0.470596 
147 -0.235016 
148 0.027422 
149 -0.065154 
150 -0.053804 
151 0.470596 
152 0.057667 
153 -0.262621 
154 -0.050195 
155 -0.125550 
156 0.048646 
157 0.269894 
158 0.348907 
159 -0.188260 
160 0.348907 
161 -0.455748 
162 -0.125550 
163 0.324977 
164 -0.157009 
165 0.351358 
166 0.351358 
167 -0.262621 
168 0.348907 
169 0.348907 
170 0.375710 
171 -0.455748 
172 -0.462428 
173 0.130064 
174 -0.390778 
175 0.073952 
176 0.073952 
177 0.073952 
178 -0.400139 
179 -0.476034 
180 0.073952 
181 0.073952 
182 0.375710 
183 0.073952 
184 0.180388 
185 0.073952 
186 0.324977 
187 -0.476034 
188 -0.188260 
189 -0.462428 
190 -0.053804 
191 -0.157608 
192 -0.157608 
193 0.073952 
194 -0.243308 
195 0.298355 
196 -0.065154 
197 -0.351976 
198 0.452196 
199 0.130064 
200 0.351358 
201 -0.351976 
202 0.349036 
203 0.470596 
204 -0.162907 
205 0.470596 
206 0.349036 
207 0.348907 
208 0.180388 
209 0.180388 
210 -0.162907 
211 -0.053804 
212 0.314338 
213 -0.188260 
214 -0.355979 
215 -0.355979 
216 0.005784 
217 -0.007142 
218 0.470596 
219 0.195722 
220 -0.434767 
221 0.269894 
222 -0.219960 
223 0.180388 
224 0.027422 
225 -0.390778 
226 -0.462428 
227 -0.222995 
228 -0.222995 
229 -0.050195 
230 -0.219960 
231 -0.222995 
232 0.269894 
233 -0.455748 
234 0.348907 
235 0.031091 
236 -0.088740 
237 -0.476034 
238 -0.462428 
239 0.130064 
240 0.031091 
241 0.010870 
242 -0.065154 
243 0.010870 
244 0.031091 
245 0.180388 
246 0.180388 
247 -0.262621 
248 -0.355979 
249 -0.351976 
250 -0.068056 
251 -0.068056 
252 0.174422 
253 0.173188 
254 -0.444539 
255 0.122684 
256 0.394669 
257 0.394669 
258 -0.455748 
259 -0.053804 
260 0.394669 
261 0.394669 
262 0.192923 
263 -0.188260 
264 -0.125550 
265 0.367632 
266 0.195722 
267 -0.219960 
268 0.010870 
269 0.195722 
270 -0.017139 
271 0.337633 
272 -0.351976 
273 -0.222995 
274 -0.351976 
275 -0.156486 
276 -0.156486 
277 -0.369119 
278 0.180388 
279 0.269894 
280 -0.162907 
281 0.057667 
282 -0.169307 
283 0.263765 
284 -0.065154 
285 0.348907 
286 0.348907 
287 0.031091 
288 -0.219960 
289 0.058811 
290 0.313169 
291 0.394669 
292 0.351358 
293 -0.235016 
294 0.057667 
295 -0.351976 
296 0.337633 
297 -0.219737 
298 0.173188 
299 0.269894 
300 0.130064 
301 0.130064 
302 -0.222995 
303 0.173188 
304 -0.007142 
305 -0.390778 
306 0.348907 
307 -0.390778 
308 -0.053804 
309 -0.299761 
310 0.027422 
311 0.027422 
312 0.031091 
313 0.031091 
314 -0.017032 
315 -0.022808 
316 -0.400139 
317 0.010870 
318 -0.299761 
319 0.375710 
320 -0.125550 
321 0.470596 
322 -0.351976 
323 -0.299761 
324 0.010870 
325 -0.299761 
326 -0.157608 
327 0.351358 
328 -0.157608 
329 0.057667 
330 -0.400139 
331 0.015529 
332 0.324977 
333 0.298355 
334 0.351358 
335 0.351358 
336 -0.068056 
337 0.173188 
338 -0.068056 
339 0.394669 
340 -0.390778 
341 0.089909 
342 -0.299761 
343 0.122684 
344 0.314338 
345 0.351358 
346 -0.121319 
347 -0.400139 
348 -0.125550 
349 0.298355 
350 0.375710 
351 -0.400139 
352 0.089909 
353 -0.125550 
354 -0.156486 
355 -0.169307 
356 0.027422 
357 0.027422 
358 -0.219960 
359 -0.390778 
360 -0.121319 
361 -0.400139 
362 0.348907 
363 0.298355 
364 -0.156486 
365 -0.434767 
366 -0.476034 
367 0.269894 
368 0.089909 
369 0.349036 
370 0.027422 
371 0.122684 
372 0.122684 
373 -0.050195 
374 0.337633 
375 0.143367 
376 -0.050195 
377 -0.220009 
378 0.015529 
379 0.348907 
380 -0.219960 
381 -0.455748 
382 0.015529 
383 -0.351976 
384 -0.007142 
385 0.269894 
386 -0.262621 
387 -0.017139 
388 -0.369119 
389 -0.222995 
390 0.048646 
391 -0.434767 
392 0.130064 
393 -0.156486 
394 0.173188 
395 -0.050195 
396 0.122684 
397 0.225080 
398 -0.161285 
399 -0.455748 
400 0.264096 
401 -0.188260 
402 -0.188260 
403 -0.262621 
404 0.057667 
405 0.048646 
406 0.324977 
407 -0.169307 
408 -0.400139 
409 0.298355 
410 -0.369119 
411 0.470596 
412 -0.400139 
413 0.298355 
414 -0.462428 
415 0.349036 
416 -0.121319 
417 0.470596 
418 0.048646 
419 -0.444539 
420 -0.444539 
421 -0.444539 
422 0.122684 
423 -0.157608 
424 0.038171 
425 -0.053804 
426 0.122684 
427 -0.007142 
428 0.027422 
429 0.122684 
430 0.337633 
431 -0.169307 
432 -0.162907 
433 -0.400139 
434 -0.065154 
435 -0.262621 
436 -0.390778 
437 -0.299761 
438 -0.444539 
439 -0.400139 
440 -0.219960 
441 -0.088740 
442 -0.400139 
443 -0.400139 
444 -0.162907 
445 -0.400139 
446 -0.156486 
447 -0.369119 
448 -0.007142 
449 0.180388 
450 0.180388 
451 0.180388 
452 -0.299761 
453 0.314338 
454 -0.476034 
455 -0.156486 
456 -0.355979 
457 0.057667 
458 -0.053804 
459 -0.017139 
460 0.057667 
461 0.394669 
462 -0.222995 
463 -0.156486 
464 0.324977 
465 0.324977 
466 0.073952 
467 0.073952 
468 -0.125550 
469 0.375710 
470 -0.053804 
471 0.337633 
472 0.470596 
473 0.130064 
474 -0.050195 
475 -0.007142 
476 -0.053804 
477 0.073952 
478 0.130064 
479 -0.088740 
480 -0.169921 
481 0.246767 
482 -0.088740 
483 -0.222995 
484 0.411116 
485 -0.323020 
486 -0.222995 
487 0.141453 
488 0.351358 
489 0.225080 
490 0.225080 
491 -0.111660 
492 -0.369119 
493 0.264096 
494 0.264096 
495 -0.068056 
496 0.005784 
497 -0.171366 
498 -0.068056 
499 -0.243308 
500 -0.475959 
501 0.005074 
502 -0.243308 
503 -0.243308 
504 0.195722 
505 -0.157608 
506 -0.222995 
507 0.057667 
508 -0.157608 
509 -0.418313 
510 -0.418313 
511 -0.222995 
512 -0.222995 
513 0.394669 
514 -0.219960 
515 0.057667 
516 -0.022808 
517 -0.148605 
518 0.057667 
519 0.057667 
520 0.195722 
521 0.048646 
522 -0.047484 
523 -0.296339 
524 0.048646 
525 -0.065154 
526 0.031013 
527 0.043560 
528 -0.065154 
529 -0.219960 
530 -0.462428 
531 -0.369119 
532 -0.369119 
533 0.058811 
534 0.143367 
535 -0.395461 
536 -0.395461 
537 -0.157608 
538 0.324977 
539 0.195722 
540 0.195722 
541 0.313169 
542 -0.476034 
543 -0.009772 
544 -0.009772 
545 -0.235016 
546 -0.235016 
547 0.495110 
548 0.495110 
549 -0.219737 
550 -0.369119 
551 -0.100732 
552 -0.100732 
553 -0.468787 
554 -0.219960 
555 -0.420099 
556 -0.420099 
557 0.143367 
558 -0.088740 
559 -0.125550 
560 -0.125550 
561 -0.068056 
562 0.124082 
563 0.104145 
564 0.122684 
565 -0.125550 
566 -0.444539 
567 -0.007142 
568 -0.125550 
569 0.174422 
570 0.324977 
571 -0.369119 
572 -0.369119 
573 -0.065154 
574 -0.455748 
575 -0.219960 
576 -0.219960 
577 -0.299761 
578 0.337633 
579 -0.106797 
580 -0.299761 
581 0.057667 
582 -0.281679 
583 -0.496964 
584 0.057667 
585 0.143367 
586 0.143367 
587 0.122684 
588 0.122684 
589 -0.347907 
590 -0.157608 
591 0.015529 
592 0.015529 
593 -0.219960 
594 0.015529 
595 0.027422 
596 0.027422 
597 0.353479 
598 0.353479 
599 0.404102 
600 0.324977 
601 0.053696 
602 0.053696 
603 -0.462428 
604 -0.462428 
605 0.375710 
606 0.375710 
607 0.394669 
608 0.394669 
609 0.048646 
610 0.298355 
611 -0.460964 
612 -0.460964 
613 -0.299761 
614 -0.299761 
615 -0.299761 
616 0.048646 
617 0.122684 
618 0.122684 
619 0.048646 
620 0.122684 
621 0.298355 
622 0.349036 
623 -0.169921 
624 0.394669 
625 0.130064 
626 0.130064 
627 -0.462428 
628 -0.462428 
629 -0.220009 
630 0.375710 
631 0.200248 
632 0.200248 
633 -0.462428 
634 -0.462428 
635 0.048646 
636 0.337633 
637 0.073952 
638 0.073952 
639 -0.088740 
640 -0.088740 
641 -0.369119 
642 -0.369119 
643 -0.369119 
644 0.015529 
645 0.246767 
646 -0.369119 
647 -0.355979 
648 -0.152767 
649 -0.319477 
650 -0.355979 
651 -0.053804 
652 0.195722 
653 0.173188 
654 0.173188 
655 0.411116 
656 -0.390778 
657 -0.476034 
658 -0.476034 
659 -0.017032 
660 0.073952 
661 0.173188 
662 0.173188 
663 -0.323020 
664 -0.390778 
665 -0.355979 
666 -0.355979 
667 -0.390778 
668 -0.390778 
669 0.005784 
670 -0.053804 
671 -0.171366 
672 -0.171366 
673 0.337633 
674 -0.065154 
675 0.056991 
676 0.056991 
677 -0.369119 
678 -0.369119 
679 -0.475959 
680 0.337633 
681 -0.262621 
682 -0.262621 
683 0.337633 
684 0.337633 
685 0.195722 
686 -0.188260 
687 0.195722 
688 0.195722 
689 0.005074 
690 -0.476034 
691 0.180388 
692 0.180388 
693 0.440611 
694 0.440611 
695 0.048646 
696 0.048646 
697 -0.444539 
698 -0.444539 
699 -0.476034 
700 -0.476034 
701 0.141453 
702 0.031091 
703 -0.355979 
704 0.225080 
705 0.048646 
706 -0.355979 
707 -0.088740 
708 -0.007142 
709 0.048646 
710 0.048646 
711 0.349036 
712 -0.268234 
713 0.074988 
714 0.349036 
715 -0.355979 
716 -0.355979 
717 0.195722 
718 0.195722 
719 -0.111660 
720 0.470596 
721 0.264096 
722 0.264096 
723 -0.169307 
724 -0.169307 
725 -0.157608 
726 -0.157608 
727 0.143367 
728 0.143367 
729 0.143367 
730 0.143367 
731 0.314338 
732 0.314338 
733 0.324977 
734 0.324977 
735 0.073952 
736 0.399015 
737 0.243075 
738 0.073952 
739 0.073952 
740 -0.262621 
741 -0.455748 
742 0.027422 
743 -0.188260 
744 0.089278 
745 -0.078938 
746 -0.188260 
747 -0.125550 
748 0.058811 
749 -0.065154 
750 -0.125550 
751 -0.088740 
752 -0.088740 
753 -0.125550 
754 -0.125550 
755 -0.395461 
756 0.470596 
757 0.313169 
758 0.313169 
759 -0.009772 
760 0.027422 
761 -0.235016 
762 -0.235016 
763 -0.053804 
764 -0.053804 
765 0.065267 
766 0.065267 
767 -0.088740 
768 0.130064 
769 -0.484319 
770 -0.484319 
771 0.470596 
772 0.470596 
773 -0.262621 
774 -0.262621 
775 -0.262621 
776 -0.050195 
777 0.370515 
778 0.370515 
779 0.269894 
780 0.269894 
781 0.348907 
782 0.348907 
783 -0.188260 
784 -0.188260 
785 0.337633 
786 -0.455748 
787 0.324977 
788 0.324977 
789 0.495110 
790 -0.125550 
791 -0.157009 
792 0.351358 
793 -0.125550 
794 0.351358 
795 0.351358 
796 0.351358 
797 0.173188 
798 0.173188 
799 -0.262621 
800 -0.262621 
801 0.375710 
802 0.375710 
803 -0.455748 
804 -0.455748 
805 0.348907 
806 0.130064 
807 -0.390778 
808 -0.462428 
809 -0.262621 
810 -0.262621 
811 0.375710 
812 -0.219737 
813 -0.100732 
814 0.375710 
815 -0.468787 
816 -0.468787 
817 -0.476034 
818 -0.476034 
819 -0.390778 
820 -0.390778 
821 0.073952 
822 -0.420099 
823 -0.390778 
824 -0.390778 
825 -0.161285 
826 -0.161285 
827 0.375710 
828 0.124082 
829 0.104145 
830 0.375710 
831 0.375710 
832 0.180388 
833 -0.476034 
834 0.324977 
835 -0.121319 
836 -0.121319 
837 0.180388 
838 -0.188260 
839 -0.418313 
840 -0.418313 
841 -0.188260 
842 -0.188260 
843 0.180388 
844 0.180388 
845 -0.462428 
846 -0.157608 
847 -0.444539 
848 -0.444539 
849 0.180388 
850 0.174422 
851 -0.444539 
852 0.073952 
853 -0.243308 
854 -0.243308 
855 0.324977 
856 0.324977 
857 0.298355 
858 0.298355 
859 -0.106797 
860 0.314338 
861 -0.351976 
862 0.038171 
863 0.141453 
864 -0.351976 
865 0.130064 
866 0.130064 
867 0.349036 
868 -0.329025 
869 0.073952 
870 -0.351976 
871 0.130064 
872 0.192923 
873 -0.382996 
874 0.130064 
875 -0.162907 
876 0.470596 
877 -0.169921 
878 -0.162907 
879 0.470596 
880 0.470596 
881 -0.188260 
882 -0.188260 
883 0.246767 
884 0.348907 
885 0.348907 
886 -0.162907 
887 -0.053804 
888 -0.053804 
889 0.348907 
890 0.314338 
891 0.411116 
892 0.348907 
893 0.375710 
894 0.349036 
895 -0.434767 
896 -0.434767 
897 0.031091 
898 0.298355 
899 0.031091 
900 0.031091 
901 -0.323020 
902 -0.007142 
903 0.005784 
904 0.005784 
905 0.470596 
906 0.195722 
907 0.367632 
908 0.367632 
909 -0.171366 
910 -0.434767 
911 0.269894 
912 -0.475959 
913 -0.434767 
914 -0.434767 
915 0.027422 
916 0.027422 
917 -0.343127 
918 -0.343127 
919 0.027422 
920 -0.050195 
921 0.165604 
922 0.165604 
923 -0.222995 
924 -0.222995 
925 0.005074 
926 -0.390778 
927 0.057667 
928 0.057667 
929 -0.050195 
930 -0.050195 
931 0.057667 
932 0.057667 
933 -0.219960 
934 -0.222995 
935 0.203847 
936 0.203847 
937 -0.162907 
938 -0.162907 
939 0.351358 
940 0.031091 
941 0.337633 
942 0.337633 
943 0.348907 
944 -0.022808 
945 0.031091 
946 -0.476034 
947 0.031091 
948 0.031091 
949 0.010870 
950 0.010870 
951 -0.462428 
952 -0.152767 
953 0.031091 
954 0.031091 
955 0.180388 
956 0.180388 
957 0.010870 
958 0.010870 
959 -0.262621 
960 -0.262621 
961 0.195722 
962 -0.319477 
963 -0.268234 
964 0.010870 
965 0.298355 
966 0.298355 
967 0.074988 
968 -0.351976 
969 -0.068056 
970 0.225080 
971 -0.111660 
972 -0.068056 
973 -0.065154 
974 0.173188 
975 0.122684 
976 0.122684 
977 0.394669 
978 0.394669 
979 -0.455748 
980 -0.053804 
981 0.399015 
982 -0.455748 
983 0.394669 
984 0.394669 
985 0.243075 
986 0.243075 
987 0.089278 
988 0.089278 
989 -0.444539 
990 -0.444539 
991 -0.125550 
992 0.053696 
993 -0.169921 
994 -0.125550 
995 0.195722 
996 0.195722 
997 0.010870 
998 0.195722 
999 -0.219960 
1000 0.010870 
1001 0.337633 
1002 0.337633 
1003 -0.351976 
1004 -0.017139 
1005 -0.078938 
1006 -0.222995 
1007 0.038171 
1008 -0.351976 
1009 -0.156486 
1010 -0.222995 
1011 0.141453 
1012 -0.156486 
1013 0.337633 
1014 0.337633 
1015 0.225080 
1016 -0.369119 
1017 0.324977 
1018 0.324977 
1019 -0.162907 
1020 0.269894 
1021 -0.111660 
1022 -0.162907 
1023 -0.169307 
1024 0.246767 
1025 0.411116 
1026 -0.169307 
1027 0.010870 
1028 0.010870 
1029 0.399247 
1030 0.399247 
1031 0.348907 
1032 0.348907 
1033 -0.351976 
1034 -0.351976 
1035 0.031091 
1036 -0.219960 
1037 -0.351976 
1038 -0.351976 
1039 0.264096 
1040 0.122684 
1041 0.058811 
1042 0.058811 
1043 -0.395461 
1044 0.394669 
1045 0.313169 
1046 0.313169 
1047 0.394669 
1048 0.351358 
1049 0.263765 
1050 0.263765 
1051 -0.009772 
1052 0.057667 
1053 -0.235016 
1054 -0.235016 
1055 -0.351976 
1056 -0.351976 
1057 -0.222995 
1058 -0.222995 
1059 -0.351976 
1060 -0.326025 
1061 -0.351976 
1062 -0.351976 
1063 0.495110 
1064 0.173188 
1065 -0.219737 
1066 -0.219737 
1067 -0.169307 
1068 -0.169307 
1069 0.130064 
1070 0.130064 
1071 0.269894 
1072 0.130064 
1073 -0.007142 
1074 -0.390778 
1075 0.269894 
1076 0.269894 
1077 0.348907 
1078 0.348907 
1079 0.348907 
1080 0.348907 
1081 -0.299761 
1082 -0.299761 
1083 0.027422 
1084 0.027422 
1085 0.031091 
1086 0.348907 
1087 -0.100732 
1088 -0.100732 
1089 -0.468787 
1090 -0.468787 
1091 -0.420099 
1092 0.031091 
1093 -0.022808 
1094 -0.022808 
1095 0.010870 
1096 -0.299761 
1097 -0.148605 
1098 -0.400139 
1099 0.375710 
1100 0.375710 
1101 -0.047484 
1102 -0.188260 
1103 -0.162907 
1104 -0.219960 
1105 -0.125550 
1106 -0.125550 
1107 -0.219960 
1108 -0.125550 
1109 -0.299761 
1110 -0.299761 
1111 0.010870 
1112 0.010870 
1113 -0.351976 
1114 -0.351976 
1115 -0.157608 
1116 0.031091 
1117 0.351358 
1118 -0.296339 
1119 -0.476034 
1120 -0.476034 
1121 0.057667 
1122 0.057667 
1123 0.015529 
1124 0.015529 
1125 0.351358 
1126 0.351358 
1127 0.324977 
1128 0.298355 
1129 -0.476034 
1130 -0.476034 
1131 0.454911 
1132 0.454911 
1133 -0.068056 
1134 0.173188 
1135 -0.068056 
1136 -0.068056 
1137 0.173188 
1138 0.031013 
1139 -0.068056 
1140 -0.068056 
1141 -0.125550 
1142 -0.390778 
1143 -0.068056 
1144 0.089909 
1145 -0.299761 
1146 0.173188 
1147 -0.390778 
1148 -0.390778 
1149 0.089909 
1150 0.314338 
1151 0.089909 
1152 0.089909 
1153 0.043560 
1154 0.351358 
1155 -0.121319 
1156 -0.400139 
1157 -0.281679 
1158 -0.121319 
1159 0.298355 
1160 -0.400139 
1161 0.375710 
1162 -0.496964 
1163 -0.152767 
1164 0.375710 
1165 0.057667 
1166 -0.068056 
1167 0.089909 
1168 -0.319477 
1169 -0.268234 
1170 0.089909 
1171 -0.088740 
1172 -0.088740 
1173 0.074988 
1174 -0.169307 
1175 0.027422 
1176 0.027422 
1177 -0.169307 
1178 0.392365 
1179 0.027422 
1180 0.089909 
1181 -0.121319 
1182 -0.390778 
1183 0.351358 
1184 0.351358 
1185 0.057667 
1186 0.057667 
1187 0.025476 
1188 0.025476 
1189 0.298355 
1190 0.298355 
1191 -0.156486 
1192 -0.156486 
1193 -0.156486 
1194 -0.434767 
1195 -0.476034 
1196 -0.476034 
1197 0.399015 
1198 0.269894 
1199 0.010870 
1200 0.010870 
1201 0.173188 
1202 0.027422 
1203 0.349036 
1204 0.243075 
1205 -0.169307 
1206 0.349036 
1207 0.122684 
1208 0.122684 
1209 0.089278 
1210 -0.299761 
1211 -0.050195 
1212 0.337633 
1213 0.143367 
1214 -0.050195 
1215 -0.050195 
1216 -0.323020 
1217 -0.152767 
1218 -0.050195 
1219 -0.222995 
1220 0.015529 
1221 -0.156486 
1222 -0.156486 
1223 -0.156486 
1224 -0.156486 
1225 -0.219960 
1226 -0.219960 
1227 -0.434767 
1228 -0.434767 
1229 -0.007142 
1230 -0.007142 
1231 0.010870 
1232 -0.455748 
1233 -0.455748 
1234 -0.078938 
1235 -0.007142 
1236 0.269894 
1237 0.269894 
1238 0.269894 
1239 0.269894 
1240 0.269894 
1241 -0.369119 
1242 -0.369119 
1243 0.089909 
1244 0.089909 
1245 0.048646 
1246 0.048646 
1247 -0.434767 
1248 -0.222995 
1249 0.269894 
1250 0.269894 
1251 0.349036 
1252 -0.156486 
1253 0.349036 
1254 0.349036 
1255 -0.050195 
1256 -0.050195 
1257 0.122684 
1258 0.173188 
1259 0.173188 
1260 0.038171 
1261 0.141453 
1262 0.143367 
1263 0.225080 
1264 0.225080 
1265 0.010870 
1266 -0.319477 
1267 -0.268234 
1268 0.010870 
1269 0.010870 
1270 -0.455748 
1271 -0.111660 
1272 -0.188260 
1273 0.264096 
1274 0.264096 
1275 -0.188260 
1276 -0.262621 
1277 -0.455748 
1278 -0.455748 
1279 0.048646 
1280 0.048646 
1281 -0.169307 
1282 -0.169307 
1283 -0.262621 
1284 -0.262621 
1285 0.180388 
1286 0.180388 
1287 0.298355 
1288 0.298355 
1289 -0.400139 
1290 0.058811 
1291 0.298355 
1292 -0.369119 
1293 0.470596 
1294 -0.395461 
1295 0.313169 
1296 0.470596 
1297 -0.462428 
1298 -0.462428 
1299 -0.009772 
1300 0.298355 
1301 0.314338 
1302 0.314338 
1303 -0.262621 
1304 -0.262621 
1305 0.470596 
1306 0.470596 
1307 -0.369119 
1308 -0.369119 
1309 -0.444539 
1310 -0.444539 
1311 0.314338 
1312 0.314338 
1313 0.122684 
1314 0.122684 
1315 0.451214 
1316 0.451214 
1317 -0.157608 
1318 -0.157608 
1319 -0.455748 
1320 -0.455748 
1321 0.122684 
1322 0.122684 
1323 -0.053804 
1324 0.452196 
1325 -0.053804 
1326 -0.053804 
1327 0.241235 
1328 0.241235 
1329 -0.455748 
1330 -0.157608 
1331 -0.169307 
1332 -0.169307 
1333 0.089909 
1334 0.089909 
1335 0.337633 
1336 -0.235016 
1337 0.375710 
1338 0.375710 
1339 -0.262621 
1340 -0.390778 
1341 0.298355 
1342 0.298355 
1343 -0.065154 
1344 -0.065154 
1345 0.057667 
1346 0.193192 
1347 0.089909 
1348 -0.169307 
1349 -0.077135 
1350 -0.077135 
1351 -0.299761 
1352 -0.299761 
1353 0.353479 
1354 0.353479 
1355 -0.400139 
1356 -0.400139 
1357 -0.390778 
1358 -0.390778 
1359 -0.162907 
1360 -0.162907 
1361 -0.017139 
1362 -0.017139 
1363 0.015529 
1364 0.015529 
1365 -0.400139 
1366 -0.400139 
1367 -0.007142 
1368 -0.007142 
1369 -0.156486 
1370 -0.156486 
1371 -0.369119 
1372 0.495110 
1373 -0.007142 
1374 -0.007142 
1375 -0.460964 
1376 -0.460964 
1377 0.314338 
1378 0.314338 
1379 -0.162907 
1380 -0.162907 
1381 -0.156486 
1382 -0.156486 
1383 -0.355979 
1384 -0.219737 
1385 -0.156486 
1386 -0.355979 
1387 -0.053804 
1388 -0.017139 
1389 -0.100732 
1390 -0.053804 
1391 0.394669 
1392 0.394669 
1393 -0.355979 
1394 -0.355979 
1395 -0.162907 
1396 0.314338 
1397 -0.220009 
1398 -0.220009 
1399 0.200248 
1400 0.394669 
1401 -0.017032 
1402 -0.017032 
1403 0.073952 
1404 0.073952 
1405 0.056991 
1406 0.056991 
1407 -0.050195 
1408 -0.050195 
1409 0.073952 
1410 -0.468787 
1411 0.337633 
1412 0.337633 
1413 0.337633 
1414 0.440611 
1415 -0.053804 
1416 0.375710 
1417 -0.050195 
1418 -0.050195 
1419 0.470596 
1420 0.470596 
1421 -0.244902 
1422 -0.244902 
1423 -0.050195 
1424 -0.050195 
1425 -0.420099 
1426 0.130064 
1427 0.470596 
1428 0.470596 
1429 -0.050195 
1430 -0.050195 
1431 0.470596 
1432 0.065267 
1433 0.130064 
1434 0.010870 
1435 0.375710 
1436 0.375710 
1437 0.124082 
1438 0.124082 
1439 0.031013 
1440 0.031013 
1441 0.043560 
1442 0.043560 
1443 -0.281679 
1444 -0.281679 
1445 -0.496964 
1446 -0.496964 
1447 -0.152767 
1448 -0.152767 
1449 -0.319477 
1450 -0.319477 
1451 -0.268234 
1452 -0.268234 
1453 0.074988 
1454 0.074988 
1455 0.399015 
1456 0.399015 
1457 0.243075 
1458 0.243075 
1459 0.089278 
1460 0.089278 
1461 -0.078938 
1462 0.195722 
1463 -0.157608 
1464 -0.157608 
1465 0.057667 
1466 -0.484319 
1467 0.057667 
1468 0.394669 
1469 0.370515 
1470 0.370515 
1471 0.394669 
1472 -0.219960 
1473 0.038171 
1474 0.038171 
1475 0.141453 
1476 0.141453 
1477 -0.157009 
1478 -0.157009 
1479 0.225080 
1480 0.225080 
1481 -0.111660 
1482 -0.111660 
1483 0.264096 
1484 0.264096 
1485 0.058811 
1486 0.058811 
1487 -0.219960 
1488 -0.219960 
1489 -0.161285 
1490 -0.161285 
1491 -0.395461 
1492 -0.395461 
1493 0.313169 
1494 0.313169 
1495 -0.121319 
1496 -0.121319 
1497 0.195722 
1498 -0.418313 
1499 -0.009772 
1500 -0.009772 
1501 -0.235016 
1502 -0.235016 
1503 0.495110 
1504 0.495110 
1505 -0.219737 
1506 -0.219737 
1507 -0.100732 
1508 -0.100732 
1509 -0.468787 
1510 -0.468787 
1511 -0.420099 
1512 -0.420099 
1513 0.124082 
1514 0.124082 
1515 -0.088740 
1516 0.104145 
1517 -0.088740 
1518 -0.243308 
1519 -0.434767 
1520 -0.434767 
1521 0.174422 
1522 0.122684 
1523 -0.444539 
1524 -0.444539 
1525 -0.007142 
1526 -0.007142 
1527 -0.106797 
1528 0.324977 
1529 0.124082 
1530 -0.455748 
1531 0.104145 
1532 0.104145 
1533 -0.329025 
1534 0.337633 
1535 0.337633 
1536 0.337633 
1537 0.174422 
1538 0.174422 
1539 0.313169 
1540 0.313169 
1541 -0.009772 
1542 -0.009772 
1543 0.143367 
1544 -0.235016 
1545 0.122684 
1546 -0.106797 
1547 -0.157608 
1548 -0.157608 
1549 0.495110 
1550 -0.156486 
1551 -0.156486 
1552 -0.219737 
1553 0.027422 
1554 0.027422 
1555 -0.100732 
1556 -0.444539 
1557 -0.468787 
1558 -0.468787 
1559 -0.420099 
1560 -0.420099 
1561 -0.329025 
1562 -0.329025 
1563 0.324977 
1564 0.324977 
1565 0.394669 
1566 0.394669 
1567 0.298355 
1568 0.298355 
1569 0.124082 
1570 -0.050195 
1571 -0.050195 
1572 0.104145 
1573 0.269894 
1574 0.048646 
1575 0.122684 
1576 0.269894 
1577 0.269894 
1578 0.174422 
1579 0.298355 
1580 0.349036 
1581 0.192923 
1582 0.192923 
1583 -0.382996 
1584 -0.382996 
1585 0.367632 
1586 0.367632 
1587 -0.343127 
1588 -0.343127 
1589 0.165604 
1590 0.165604 
1591 0.337633 
1592 0.203847 
1593 0.048646 
1594 0.048646 
1595 0.073952 
1596 0.073952 
1597 -0.106797 
1598 0.173188 
1599 -0.329025 
1600 0.015529 
1601 0.015529 
1602 0.015529 
1603 0.399247 
1604 0.399247 
1605 0.192923 
1606 0.192923 
1607 -0.382996 
1608 -0.382996 
1609 0.263765 
1610 0.263765 
1611 0.173188 
1612 0.298355 
1613 -0.326025 
1614 -0.326025 
1615 0.454911 
1616 0.454911 
1617 0.392365 
1618 0.392365 
1619 0.025476 
1620 0.025476 
1621 -0.156486 
1622 -0.156486 
1623 0.367632 
1624 -0.156486 
1625 -0.156486 
1626 -0.343127 
1627 0.165604 
1628 0.165604 
1629 0.203847 
1630 0.203847 
1631 0.337633 
1632 -0.065154 
1633 0.399247 
1634 -0.050195 
1635 -0.050195 
1636 0.263765 
1637 0.394669 
1638 0.394669 
1639 -0.262621 
1640 -0.262621 
1641 0.394669 
1642 -0.326025 
1643 -0.262621 
1644 0.454911 
1645 0.451214 
1646 0.451214 
1647 0.392365 
1648 -0.476034 
1649 0.452196 
1650 0.452196 
1651 0.241235 
1652 0.241235 
1653 0.193192 
1654 0.193192 
1655 -0.369119 
1656 -0.369119 
1657 -0.476034 
1658 -0.077135 
1659 0.025476 
1660 0.031091 
1661 -0.418313 
1662 -0.418313 
1663 0.353479 
1664 0.353479 
1665 -0.088740 
1666 -0.007142 
1667 -0.460964 
1668 -0.460964 
1669 0.451214 
1670 0.451214 
1671 0.452196 
1672 0.452196 
1673 -0.088740 
1674 0.241235 
1675 0.193192 
1676 -0.088740 
1677 -0.077135 
1678 -0.077135 
1679 0.353479 
1680 0.353479 
1681 -0.169307 
1682 0.143367 
1683 -0.220009 
1684 -0.169307 
1685 0.200248 
1686 0.200248 
1687 0.143367 
1688 -0.460964 
1689 0.314338 
1690 0.143367 
1691 0.324977 
1692 -0.017032 
1693 0.313169 
1694 0.073952 
1695 -0.009772 
1696 -0.009772 
1697 0.056991 
1698 0.056991 
1699 -0.455748 
1700 -0.455748 
1701 -0.235016 
1702 -0.235016 
1703 0.495110 
1704 0.495110 
1705 0.440611 
1706 -0.125550 
1707 -0.244902 
1708 -0.244902 
1709 -0.088740 
1710 -0.088740 
1711 -0.219737 
1712 -0.088740 
1713 -0.100732 
1714 -0.100732 
1715 -0.468787 
1716 -0.468787 
1717 -0.420099 
1718 -0.420099 
1719 0.124082 
1720 0.124082 
1721 -0.088740 
1722 0.104145 
1723 0.065267 
1724 0.065267 
1725 -0.088740 
1726 -0.088740 
1727 -0.484319 
1728 -0.484319 
1729 0.057667 
1730 0.174422 
1731 0.495110 
1732 0.495110 
1733 -0.125550 
1734 -0.106797 
1735 -0.219737 
1736 -0.219737 
1737 -0.100732 
1738 -0.100732 
1739 -0.188260 
1740 -0.188260 
1741 -0.468787 
1742 -0.468787 
1743 -0.329025 
1744 -0.455748 
1745 -0.420099 
1746 -0.125550 
1747 0.124082 
1748 0.124082 
1749 0.192923 
1750 0.192923 
1751 -0.125550 
1752 -0.125550 
1753 -0.262621 
1754 -0.382996 
1755 0.173188 
1756 0.173188 
1757 0.348907 
1758 0.367632 
1759 0.375710 
1760 0.348907 
1761 0.104145 
1762 0.104145 
1763 0.130064 
1764 0.348907 
1765 0.174422 
1766 0.130064 
1767 0.451214 
1768 0.451214 
1769 0.130064 
1770 0.130064 
1771 0.452196 
1772 0.452196 
1773 -0.343127 
1774 -0.343127 
1775 -0.476034 
1776 -0.400139 
1777 0.241235 
1778 -0.476034 
1779 0.193192 
1780 0.193192 
1781 -0.400139 
1782 0.165604 
1783 0.203847 
1784 -0.400139 
1785 -0.077135 
1786 0.375710 
1787 0.353479 
1788 0.353479 
1789 0.375710 
1790 0.180388 
1791 0.324977 
1792 0.399247 
1793 0.263765 
1794 0.324977 
1795 0.180388 
1796 0.180388 
1797 -0.460964 
1798 -0.460964 
1799 -0.462428 
1800 0.454911 
1801 0.392365 
1802 -0.462428 
1803 -0.157608 
1804 -0.462428 
1805 -0.220009 
1806 -0.157608 
1807 0.200248 
1808 0.200248 
1809 0.073952 
1810 0.073952 
1811 -0.017032 
1812 -0.017032 
1813 0.025476 
1814 0.073952 
1815 -0.243308 
1816 -0.243308 
1817 0.056991 
1818 0.056991 
1819 0.451214 
1820 0.451214 
1821 0.452196 
1822 0.452196 
1823 0.130064 
1824 0.351358 
1825 -0.434767 
1826 -0.434767 
1827 0.440611 
1828 0.440611 
1829 0.089909 
1830 0.089909 
1831 -0.244902 
1832 -0.244902 
1833 0.470596 
1834 0.470596 
1835 0.065267 
1836 0.065267 
1837 0.241235 
1838 0.470596 
1839 -0.484319 
1840 0.348907 
1841 0.370515 
1842 0.370515 
1843 0.348907 
1844 -0.162907 
1845 -0.053804 
1846 -0.053804 
1847 0.314338 
1848 0.314338 
1849 -0.157009 
1850 -0.157009 
1851 0.349036 
1852 0.349036 
1853 -0.161285 
1854 -0.161285 
1855 -0.121319 
1856 -0.121319 
1857 -0.418313 
1858 -0.418313 
1859 0.193192 
1860 0.193192 
1861 -0.077135 
1862 -0.077135 
1863 0.195722 
1864 0.351358 
1865 0.353479 
1866 0.195722 
1867 -0.219960 
1868 -0.219960 
1869 -0.460964 
1870 -0.219960 
1871 -0.219960 
1872 -0.220009 
1873 -0.053804 
1874 0.495110 
1875 -0.243308 
1876 -0.243308 
1877 -0.162907 
1878 -0.162907 
1879 -0.434767 
1880 -0.434767 
1881 -0.222995 
1882 -0.462428 
1883 0.089909 
1884 -0.222995 
1885 0.314338 
1886 0.314338 
1887 -0.462428 
1888 -0.219737 
1889 -0.100732 
1890 -0.462428 
1891 -0.219960 
1892 -0.222995 
1893 -0.468787 
1894 -0.455748 
1895 -0.455748 
1896 -0.420099 
1897 0.031091 
1898 0.124082 
1899 0.367632 
1900 0.031091 
1901 -0.343127 
1902 -0.343127 
1903 0.031091 
1904 0.165604 
1905 0.031091 
1906 0.130064 
1907 0.314338 
1908 0.031091 
1909 0.203847 
1910 0.203847 
1911 -0.017139 
1912 0.010870 
1913 0.399247 
1914 0.399247 
1915 0.010870 
1916 0.010870 
1917 -0.262621 
1918 -0.262621 
1919 -0.444539 
1920 -0.444539 
1921 0.263765 
1922 0.263765 
1923 0.143367 
1924 0.143367 
1925 -0.326025 
1926 -0.326025 
1927 0.104145 
1928 0.104145 
1929 0.174422 
1930 0.174422 
1931 -0.065154 
1932 0.173188 
1933 -0.188260 
1934 -0.444539 
1935 0.454911 
1936 0.454911 
1937 -0.053804 
1938 -0.053804 
1939 0.392365 
1940 0.392365 
1941 -0.106797 
1942 -0.053804 
1943 -0.329025 
1944 -0.329025 
1945 0.192923 
1946 0.192923 
1947 -0.444539 
1948 -0.444539 
1949 -0.382996 
1950 -0.382996 
1951 0.367632 
1952 0.367632 
1953 0.195722 
1954 0.195722 
1955 -0.219960 
1956 -0.219960 
1957 -0.219960 
1958 -0.219960 
1959 0.025476 
1960 -0.017139 
1961 0.451214 
1962 0.451214 
1963 -0.343127 
1964 -0.222995 
1965 0.165604 
1966 -0.351976 
1967 -0.162907 
1968 -0.162907 
1969 0.452196 
1970 0.452196 
1971 -0.007142 
1972 -0.369119 
1973 0.241235 
1974 0.241235 
1975 0.203847 
1976 0.269894 
1977 0.269894 
1978 0.269894 
1979 0.193192 
1980 0.193192 
1981 0.399247 
1982 0.399247 
1983 0.263765 
1984 0.263765 
1985 0.130064 
1986 -0.326025 
1987 0.454911 
1988 0.130064 
1989 -0.077135 
1990 -0.077135 
1991 0.353479 
1992 0.353479 
1993 -0.460964 
1994 -0.460964 
1995 -0.220009 
1996 -0.220009 
1997 0.392365 
1998 0.392365 
1999 0.025476 
2000 0.025476 
2001 0.451214 
2002 0.451214 
2003 0.452196 
2004 0.452196 
2005 0.351358 
2006 -0.188260 
2007 0.200248 
2008 0.200248 
2009 0.241235 
2010 0.241235 
2011 0.193192 
2012 0.193192 
2013 0.195722 
2014 -0.077135 
2015 -0.017032 
2016 -0.017032 
2017 0.056991 
2018 0.056991 
2019 -0.351976 
2020 0.440611 
2021 0.173188 
2022 0.074988 
2023 0.399015 
2024 0.173188 
2025 -0.222995 
2026 0.269894 
2027 0.353479 
2028 -0.222995 
2029 0.173188 
2030 -0.460964 
2031 -0.390778 
2032 -0.007142 
2033 0.269894 
2034 -0.390778 
2035 -0.244902 
2036 -0.244902 
2037 -0.007142 
2038 -0.220009 
2039 -0.299761 
2040 -0.299761 
2041 0.065267 
2042 0.065267 
2043 0.031091 
2044 0.031091 
2045 0.200248 
2046 0.200248 
2047 -0.017032 
2048 -0.017032 
2049 -0.382996 
2050 -0.382996 
2051 0.367632 
2052 0.367632 
2053 -0.299761 
2054 0.010870 
2055 0.122684 
2056 -0.299761 
2057 -0.484319 
2058 -0.484319 
2059 0.370515 
2060 0.370515 
2061 0.470596 
2062 -0.219960 
2063 -0.343127 
2064 0.470596 
2065 0.470596 
2066 0.165604 
2067 0.337633 
2068 -0.351976 
2069 -0.157009 
2070 -0.157009 
2071 -0.351976 
2072 -0.351976 
2073 -0.157608 
2074 -0.157608 
2075 0.203847 
2076 -0.157608 
2077 -0.157608 
2078 0.399247 
2079 0.057667 
2080 0.057667 
2081 0.015529 
2082 0.015529 
2083 0.324977 
2084 0.324977 
2085 0.324977 
2086 0.324977 
2087 0.057667 
2088 0.263765 
2089 -0.161285 
2090 -0.161285 
2091 0.173188 
2092 0.173188 
2093 -0.326025 
2094 0.015529 
2095 0.337633 
2096 0.337633 
2097 -0.121319 
2098 -0.121319 
2099 0.454911 
2100 -0.390778 
2101 -0.418313 
2102 -0.418313 
2103 -0.243308 
2104 -0.243308 
2105 -0.390778 
2106 -0.434767 
2107 -0.244902 
2108 -0.244902 
2109 0.065267 
2110 0.065267 
2111 0.392365 
2112 0.351358 
2113 -0.400139 
2114 -0.400139 
2115 -0.484319 
2116 -0.484319 
2117 0.298355 
2118 -0.400139 
2119 0.375710 
2120 0.370515 
2121 -0.157009 
2122 -0.157009 
2123 -0.161285 
2124 -0.161285 
2125 0.010870 
2126 0.010870 
2127 -0.121319 
2128 -0.121319 
2129 -0.418313 
2130 -0.418313 
2131 -0.219960 
2132 -0.243308 
2133 0.025476 
2134 -0.219960 
2135 -0.219960 
2136 0.451214 
2137 -0.434767 
2138 -0.434767 
2139 0.351358 
2140 0.089909 
2141 0.314338 
2142 0.314338 
2143 0.298355 
2144 0.452196 
2145 0.241235 
2146 0.298355 
2147 0.298355 
2148 0.193192 
2149 -0.017139 
2150 -0.017139 
2151 -0.156486 
2152 -0.434767 
2153 -0.476034 
2154 -0.476034 
2155 -0.077135 
2156 0.269894 
2157 0.353479 
2158 0.089909 
2159 -0.444539 
2160 -0.444539 
2161 -0.351976 
2162 -0.351976 
2163 0.143367 
2164 0.143367 
2165 -0.088740 
2166 -0.088740 
2167 -0.188260 
2168 -0.188260 
2169 -0.050195 
2170 -0.050195 
2171 0.143367 
2172 0.143367 
2173 -0.460964 
2174 -0.460964 
2175 -0.220009 
2176 -0.220009 
2177 -0.222995 
2178 0.015529 
2179 -0.156486 
2180 0.200248 
2181 -0.017032 
2182 -0.156486 
2183 -0.476034 
2184 0.056991 
2185 -0.434767 
2186 -0.162907 
2187 0.015529 
2188 0.440611 
2189 0.015529 
2190 0.015529 
2191 -0.007142 
2192 -0.007142 
2193 0.122684 
2194 0.122684 
2195 0.269894 
2196 0.337633 
2197 -0.017139 
2198 -0.244902 
2199 -0.017139 
2200 -0.017139 
2201 0.089909 
2202 0.089909 
2203 0.048646 
2204 -0.017139 
2205 0.048646 
2206 0.048646 
2207 -0.088740 
2208 -0.088740 
2209 -0.156486 
2210 0.065267 
2211 -0.484319 
2212 -0.156486 
2213 -0.050195 
2214 -0.156486 
2215 -0.050195 
2216 -0.050195 
2217 -0.125550 
2218 -0.125550 
2219 0.143367 
2220 0.243075 
2221 0.370515 
2222 0.370515 
2223 -0.157009 
2224 -0.157009 
2225 -0.161285 
2226 -0.161285 
2227 -0.121319 
2228 -0.455748 
2229 -0.188260 
2230 0.089278 
2231 -0.078938 
2232 -0.188260 
2233 0.375710 
2234 0.375710 
2235 -0.455748 
2236 0.130064 
2237 0.048646 
2238 0.048646 
2239 0.324977 
2240 0.324977 
2241 0.010870 
2242 0.010870 
2243 -0.351976 
2244 -0.351976 
2245 0.269894 
2246 0.269894 
2247 0.269894 
2248 0.269894 
2249 -0.418313 
2250 -0.369119 
2251 0.470596 
2252 -0.156486 
2253 -0.050195 
2254 -0.050195 
2255 -0.462428 
2256 -0.462428 
2257 0.349036 
2258 0.349036 
2259 0.394669 
2260 0.394669 
2261 0.048646 
2262 0.048646 
2263 -0.125550 
2264 -0.125550 
2265 -0.369119 
2266 0.073952 
2267 -0.462428 
2268 -0.243308 
2269 0.370515 
2270 0.370515 
2271 0.122684 
2272 -0.382996 
2273 -0.157009 
2274 -0.157009 
2275 -0.157608 
2276 -0.157608 
2277 -0.053804 
2278 -0.053804 
2279 0.367632 
2280 -0.007142 
2281 -0.007142 
2282 -0.343127 
2283 0.122684 
2284 -0.161285 
2285 0.165604 
2286 0.122684 
2287 0.122684 
2288 0.203847 
2289 -0.169307 
2290 -0.169307 
2291 -0.162907 
2292 -0.162907 
2293 -0.121319 
2294 -0.121319 
2295 0.399247 
2296 -0.065154 
2297 -0.262621 
2298 -0.390778 
2299 0.263765 
2300 -0.299761 
2301 -0.065154 
2302 -0.065154 
2303 -0.418313 
2304 -0.418313 
2305 -0.243308 
2306 -0.243308 
2307 -0.434767 
2308 -0.434767 
2309 -0.299761 
2310 -0.299761 
2311 -0.326025 
2312 -0.262621 
2313 -0.400139 
2314 -0.400139 
2315 -0.390778 
2316 0.089909 
2317 -0.162907 
2318 -0.162907 
2319 -0.017139 
2320 -0.162907 
2321 0.454911 
2322 -0.400139 
2323 0.375710 
2324 0.375710 
2325 -0.007142 
2326 0.392365 
2327 0.180388 
2328 0.180388 
2329 0.130064 
2330 0.130064 
2331 0.010870 
2332 0.010870 
2333 -0.351976 
2334 -0.351976 
2335 0.314338 
2336 0.314338 
2337 -0.476034 
2338 -0.476034 
2339 0.269894 
2340 0.269894 
2341 -0.355979 
2342 -0.156486 
2343 -0.050195 
2344 -0.050195 
2345 -0.017139 
2346 -0.017139 
2347 0.394669 
2348 0.394669 
2349 0.394669 
2350 0.394669 
2351 0.025476 
2352 -0.222995 
2353 0.048646 
2354 0.048646 
2355 0.073952 
2356 0.073952 
2357 0.348907 
2358 0.348907 
2359 -0.462428 
2360 -0.462428 
2361 -0.222995 
2362 -0.222995 
2363 -0.053804 
2364 -0.053804 
2365 -0.125550 
2366 -0.219960 
2367 0.451214 
2368 -0.125550 
2369 -0.125550 
2370 0.452196 
2371 -0.390778 
2372 -0.390778 
2373 0.375710 
2374 0.375710 
2375 -0.455748 
2376 -0.455748 
2377 -0.262621 
2378 -0.262621 
2379 -0.222995 
2380 -0.222995 
2381 -0.050195 
2382 0.241235 
2383 -0.007142 
2384 -0.007142 
2385 0.173188 
2386 0.173188 
2387 -0.400139 
2388 -0.400139 
2389 0.470596 
2390 0.470596 
2391 0.010870 
2392 0.193192 
2393 -0.077135 
2394 0.010870 
