39 1
13 2.077385 
7 1.972479 
3 1.724249 
17 1.670894 
36 1.597197 
30 1.475408 
32 1.454673 
27 1.442224 
9 1.441986 
11 1.405320 
37 1.346578 
23 1.288368 
21 1.164716 
29 1.128306 
26 1.087571 
34 1.055279 
18 1.040254 
14 1.012096 
1 0.882444 
22 0.874399 
6 0.804359 
16 0.778514 
28 0.770806 
33 0.765953 
24 0.724989 
10 0.494964 
2 0.337403 
4 0.265988 
5 0.193285 
8 0.069558 
25 -0.010874 
20 -0.066949 
38 -0.073203 
35 -0.087342 
12 -0.115464 
19 -0.197610 
31 -0.454824 
15 -0.753684 
0 -4.597967 
