5041 1
5040 3.854886 
491 3.615686 
747 3.506920 
5011 3.291474 
4549 3.278979 
4894 3.278360 
5032 3.244211 
5004 3.243507 
8 3.214083 
36 3.200979 
3399 3.169664 
4741 3.121187 
15 3.120965 
146 3.105587 
4967 3.084782 
3023 3.063449 
4986 3.053000 
4298 3.052914 
852 3.042504 
3899 3.012326 
4897 2.996383 
4913 2.990865 
4993 2.940856 
4188 2.901172 
4882 2.899005 
4806 2.895584 
4793 2.880240 
4305 2.878551 
4977 2.876885 
4361 2.867950 
4956 2.867393 
4758 2.851814 
4998 2.845671 
4678 2.839600 
4545 2.832718 
4834 2.831663 
3734 2.829865 
1320 2.822872 
4934 2.813677 
478 2.803899 
2437 2.798788 
2418 2.791596 
3720 2.770475 
3786 2.757456 
2686 2.751155 
4945 2.748979 
158 2.742996 
704 2.733629 
95 2.732786 
3406 2.728407 
1179 2.727733 
3880 2.715995 
54 2.715276 
4868 2.714265 
193 2.713844 
3584 2.711974 
4750 2.707240 
2104 2.702646 
377 2.699571 
3563 2.692921 
4225 2.689564 
4553 2.687551 
4346 2.683790 
2329 2.683731 
4026 2.683390 
4411 2.680050 
5038 2.677116 
1019 2.677094 
3072 2.677073 
725 2.675759 
80 2.663262 
871 2.662651 
2250 2.653174 
5018 2.646115 
4816 2.645194 
234 2.643404 
1634 2.642332 
2583 2.637532 
595 2.635196 
3744 2.634851 
1623 2.634043 
206 2.631786 
4033 2.629745 
4424 2.625049 
2005 2.620697 
362 2.618339 
1456 2.615587 
4763 2.606109 
1682 2.597910 
4483 2.592259 
4716 2.588901 
4923 2.588711 
2396 2.585493 
1609 2.584970 
2520 2.584303 
4764 2.583300 
42 2.580123 
2831 2.574184 
99 2.573157 
4693 2.559497 
1024 2.558324 
1668 2.557352 
4211 2.555548 
2269 2.551707 
3823 2.549990 
4904 2.548677 
2936 2.548384 
3625 2.548297 
1985 2.546550 
3727 2.546254 
3305 2.544299 
4890 2.533783 
1014 2.530968 
4510 2.529404 
4711 2.524706 
4927 2.520594 
1306 2.514870 
409 2.514213 
4651 2.514170 
2188 2.513659 
1523 2.511362 
2499 2.508286 
4952 2.505690 
3086 2.494093 
1335 2.493055 
4012 2.492022 
73 2.490454 
282 2.489437 
4591 2.489308 
5025 2.487335 
3937 2.483319 
1996 2.482013 
771 2.478687 
4428 2.475331 
1160 2.475029 
1292 2.471779 
3709 2.465340 
84 2.464328 
4242 2.463221 
2622 2.462981 
2338 2.462709 
4971 2.452312 
4258 2.452137 
2915 2.451580 
3264 2.442426 
2354 2.441296 
4562 2.438896 
4886 2.437487 
3009 2.437008 
4601 2.436863 
2345 2.434601 
4972 2.434131 
4169 2.433808 
612 2.431773 
2287 2.431259 
106 2.422470 
3180 2.421144 
1066 2.419731 
272 2.414993 
3159 2.407429 
545 2.405082 
3876 2.403360 
4377 2.400296 
2400 2.399276 
1860 2.397288 
1604 2.396408 
4311 2.393272 
4541 2.391308 
3952 2.389063 
1558 2.376400 
4567 2.374729 
1107 2.372191 
4207 2.371326 
748 2.367061 
3482 2.365531 
150 2.363952 
2317 2.362614 
1627 2.356720 
4135 2.355141 
4520 2.354774 
4647 2.352442 
3501 2.350829 
3402 2.348068 
1698 2.346991 
530 2.346215 
2065 2.342738 
1268 2.337811 
1232 2.336725 
1839 2.336629 
4990 2.335546 
333 2.332377 
393 2.332034 
3827 2.327880 
4045 2.327827 
3243 2.327079 
424 2.326466 
2167 2.325023 
2753 2.324707 
4071 2.323156 
3662 2.322063 
3800 2.320649 
2852 2.320563 
694 2.318423 
608 2.314137 
4445 2.313661 
3679 2.313425 
3974 2.313009 
989 2.312793 
4574 2.312773 
3542 2.311127 
216 2.309661 
3729 2.308803 
1901 2.304789 
4707 2.304652 
4113 2.303903 
1576 2.302867 
29 2.301718 
4631 2.300013 
3842 2.298474 
4768 2.296862 
4328 2.296528 
483 2.296294 
578 2.295560 
136 2.294794 
979 2.293217 
4076 2.284895 
782 2.280685 
3918 2.274390 
3464 2.272118 
4323 2.270108 
3984 2.269996 
1122 2.269760 
3521 2.269598 
299 2.268557 
3102 2.266184 
516 2.265326 
1313 2.263836 
117 2.262562 
512 2.259840 
984 2.258913 
3451 2.258456 
4284 2.257992 
4688 2.257300 
3392 2.256688 
4568 2.254745 
2706 2.252602 
1156 2.250081 
294 2.249120 
268 2.248469 
2790 2.246874 
4332 2.245480 
4392 2.245267 
22 2.244639 
4596 2.241996 
1959 2.241228 
1759 2.240386 
1363 2.238729 
909 2.238157 
1900 2.235697 
729 2.234197 
3740 2.233557 
4030 2.232296 
3027 2.228491 
798 2.228408 
875 2.228187 
2727 2.226814 
1572 2.225527 
3358 2.224456 
3368 2.224293 
3804 2.224250 
1887 2.222704 
4010 2.216442 
4732 2.216172 
1755 2.213158 
2383 2.210536 
1593 2.210114 
2640 2.209479 
3605 2.209110 
4820 2.203501 
47 2.202759 
3431 2.201292 
1776 2.199550 
3770 2.199491 
956 2.197060 
735 2.194231 
975 2.193230 
2695 2.193126 
3903 2.192787 
1310 2.191748 
644 2.190825 
4040 2.190368 
2636 2.189693 
3068 2.189140 
4415 2.188625 
2659 2.187234 
2711 2.186175 
4273 2.185519 
168 2.182916 
1141 2.182036 
4928 2.179744 
1316 2.179615 
2060 2.178261 
3372 2.176361 
2975 2.176026 
220 2.175813 
3861 2.175271 
2673 2.172435 
34 2.172002 
1008 2.170812 
4302 2.170508 
164 2.170269 
1340 2.169852 
3956 2.169006 
561 2.168843 
163 2.168790 
2627 2.167785 
3417 2.164954 
4745 2.164418 
3683 2.164195 
4460 2.161561 
2255 2.160621 
2732 2.157799 
453 2.155979 
4080 2.154180 
2702 2.151283 
848 2.149910 
3285 2.147741 
143 2.147292 
3423 2.146432 
320 2.145579 
1020 2.142952 
3363 2.141177 
3004 2.135987 
2663 2.133708 
1290 2.133300 
1980 2.131780 
1964 2.123983 
3460 2.122655 
1367 2.121023 
1659 2.120318 
4479 2.118960 
290 2.117381 
2047 2.115716 
2367 2.112263 
4131 2.111363 
4175 2.111082 
3388 2.110824 
599 2.110307 
295 2.110019 
1254 2.107650 
1264 2.107246 
2457 2.107182 
3486 2.104651 
4788 2.100799 
4866 2.100643 
4247 2.100549 
2995 2.100028 
1223 2.099629 
127 2.098838 
1217 2.097757 
239 2.096127 
1641 2.095969 
2737 2.094692 
1954 2.093170 
2993 2.091798 
1989 2.090678 
699 2.089317 
367 2.087641 
3120 2.087065 
3453 2.086325 
3728 2.084408 
4394 2.081862 
63 2.081797 
2423 2.081612 
3163 2.081125 
1071 2.074997 
4067 2.074430 
4737 2.073099 
629 2.071725 
4616 2.071324 
1896 2.071190 
4184 2.071172 
4144 2.069875 
4102 2.069664 
339 2.069171 
3222 2.069019 
211 2.068820 
487 2.068489 
3336 2.067858 
4838 2.065550 
3567 2.063678 
2707 2.061697 
1435 2.060966 
1539 2.060825 
4860 2.060668 
4811 2.060049 
4351 2.058478 
4909 2.058458 
4462 2.057689 
1084 2.056166 
1664 2.055763 
58 2.054616 
1050 2.053256 
1519 2.053184 
43 2.051017 
3943 2.045805 
17 2.044992 
3756 2.044765 
464 2.043278 
3201 2.039774 
776 2.038880 
1345 2.037610 
803 2.036652 
2810 2.036430 
2833 2.034209 
835 2.033151 
4388 2.032393 
4356 2.032158 
1629 2.032065 
372 2.031117 
4839 2.030091 
2025 2.029698 
890 2.028525 
3425 2.028391 
404 2.027718 
507 2.027524 
4252 2.026887 
286 2.026443 
4515 2.026237 
4275 2.025653 
679 2.025006 
3863 2.024455 
944 2.022746 
344 2.022702 
2023 2.021798 
4150 2.021120 
2634 2.016974 
4492 2.016959 
59 2.016859 
3384 2.015238 
1563 2.013427 
495 2.012125 
2051 2.011595 
3063 2.011567 
631 2.010519 
1039 2.009853 
1628 2.009673 
2084 2.009437 
1372 2.009052 
3043 2.008969 
2584 2.008679 
403 2.006390 
1897 2.005407 
3340 2.004809 
1000 2.004480 
4844 2.003767 
1103 2.003219 
2103 2.003039 
2291 2.002512 
3497 2.002339 
3739 2.001508 
4279 2.001095 
1439 2.001019 
1080 2.000981 
100 2.000416 
3389 1.999304 
2628 1.998572 
663 1.998099 
2300 1.996938 
1007 1.994807 
2791 1.990207 
2386 1.989963 
4108 1.989722 
1236 1.987943 
646 1.987485 
4220 1.986828 
1883 1.986317 
2541 1.984891 
667 1.982387 
3044 1.982293 
1797 1.980200 
4099 1.979461 
2894 1.978212 
1378 1.977808 
2759 1.977423 
2623 1.973850 
2268 1.972541 
3790 1.972186 
2667 1.970229 
2230 1.968318 
3304 1.968039 
3287 1.967759 
1259 1.964969 
3912 1.964173 
1984 1.963001 
3759 1.962799 
2001 1.962460 
4383 1.961080 
408 1.960649 
2324 1.959121 
5013 1.959030 
4810 1.958870 
2017 1.958622 
3990 1.956367 
2794 1.956339 
2723 1.956170 
1219 1.955009 
3644 1.953500 
2387 1.952677 
2264 1.949842 
2000 1.949286 
3393 1.948414 
2932 1.947774 
635 1.947468 
188 1.947308 
4032 1.946662 
459 1.945380 
316 1.942760 
341 1.941402 
833 1.941303 
3988 1.939528 
1938 1.938779 
1146 1.938262 
4683 1.936406 
2053 1.935252 
2209 1.934598 
1932 1.931846 
3051 1.931694 
773 1.931254 
4456 1.930000 
3342 1.929773 
2478 1.929163 
4780 1.928663 
3979 1.928305 
2433 1.927910 
5030 1.927904 
3764 1.927406 
455 1.927349 
1687 1.926216 
460 1.926133 
1339 1.926075 
3692 1.925960 
3536 1.925505 
1881 1.924514 
3716 1.923728 
1856 1.922910 
1732 1.921482 
1478 1.920558 
2 1.919200 
79 1.917888 
839 1.917266 
1183 1.917218 
3089 1.916890 
1196 1.915563 
2919 1.915446 
5012 1.915074 
809 1.913897 
2229 1.910705 
4663 1.909565 
2765 1.909160 
4248 1.908688 
2432 1.907858 
4451 1.906954 
1818 1.905704 
3583 1.903974 
3291 1.903508 
1361 1.901048 
2873 1.899878 
888 1.899811 
4074 1.899709 
2137 1.899634 
1396 1.899452 
4536 1.896196 
439 1.895549 
1041 1.894465 
4908 1.893583 
2516 1.893300 
308 1.893131 
4007 1.892833 
1198 1.891511 
3218 1.891363 
1477 1.891100 
3244 1.890501 
2959 1.890484 
1719 1.889356 
3838 1.889032 
314 1.889016 
4326 1.888538 
3527 1.887371 
4951 1.887020 
4682 1.885160 
3136 1.885062 
1498 1.884865 
2146 1.884709 
3364 1.884204 
1120 1.882398 
3100 1.881896 
4872 1.881775 
4 1.881354 
4783 1.880098 
804 1.880038 
16 1.880006 
192 1.877821 
2690 1.876820 
3092 1.876181 
2176 1.876135 
2731 1.871834 
3052 1.868174 
2691 1.867748 
2562 1.866394 
3837 1.865885 
1799 1.865839 
1284 1.865458 
3035 1.865270 
4539 1.865095 
3330 1.865034 
3066 1.863797 
466 1.863449 
4746 1.862016 
1960 1.861846 
3495 1.861562 
2359 1.859227 
3916 1.859180 
183 1.858608 
1260 1.858393 
3060 1.857087 
2669 1.855242 
4847 1.854400 
2935 1.852338 
3762 1.852048 
3715 1.851481 
395 1.850596 
3792 1.850576 
3069 1.850397 
399 1.850281 
4622 1.850224 
189 1.849505 
2297 1.849297 
3301 1.848592 
4566 1.848253 
1647 1.847065 
3324 1.845074 
1570 1.844858 
2059 1.843920 
3003 1.843762 
1415 1.843664 
4350 1.843350 
3245 1.842270 
4357 1.842081 
2265 1.841727 
2476 1.841158 
3681 1.840469 
753 1.839959 
3768 1.839826 
927 1.839241 
1314 1.837291 
4281 1.836841 
1192 1.836480 
3950 1.835756 
3607 1.835504 
180 1.834889 
1688 1.832872 
3905 1.830782 
3980 1.830698 
4514 1.829761 
1845 1.829376 
4489 1.829160 
78 1.829024 
1045 1.828892 
3496 1.828462 
535 1.828192 
540 1.827845 
1772 1.826976 
3647 1.826877 
960 1.825525 
4789 1.825523 
3660 1.825380 
2668 1.824259 
2134 1.823632 
1455 1.823585 
3648 1.821732 
4485 1.821198 
2662 1.821191 
2804 1.820358 
3262 1.820140 
1048 1.819642 
3867 1.817349 
2795 1.814579 
1683 1.814277 
504 1.814243 
2458 1.813639 
1603 1.812973 
3840 1.812868 
802 1.812226 
2603 1.811872 
1452 1.811799 
283 1.811287 
3091 1.810562 
3978 1.810238 
1230 1.810072 
3610 1.809837 
3488 1.809794 
0 1.809484 
955 1.809333 
2796 1.809040 
2597 1.808660 
3458 1.808139 
2657 1.807865 
3620 1.807680 
3419 1.807265 
1376 1.806260 
1184 1.805926 
3799 1.805766 
3580 1.805475 
1296 1.804789 
187 1.804604 
3947 1.804065 
1036 1.803392 
3829 1.802478 
4246 1.800379 
534 1.799602 
2422 1.799316 
3299 1.799234 
3611 1.797507 
4447 1.796806 
4572 1.796419 
4495 1.796263 
3695 1.795143 
2755 1.794878 
1840 1.794650 
563 1.793788 
4595 1.793272 
1920 1.792971 
815 1.792901 
2031 1.792847 
2511 1.792612 
2626 1.791693 
1665 1.791603 
3176 1.790720 
2098 1.789624 
3139 1.788612 
430 1.787985 
2431 1.787050 
4107 1.787026 
2090 1.786780 
702 1.786760 
266 1.786557 
5039 1.785679 
1003 1.785260 
3657 1.785140 
4096 1.784173 
3578 1.784147 
1662 1.783595 
2560 1.783459 
4148 1.783311 
1117 1.782980 
3487 1.782264 
1777 1.782230 
429 1.781642 
1663 1.781575 
5002 1.781107 
288 1.780993 
3575 1.779419 
1536 1.779303 
4660 1.779166 
1258 1.779062 
2937 1.778159 
1937 1.778065 
3213 1.778004 
2126 1.777024 
4027 1.776056 
3523 1.774522 
2362 1.774063 
122 1.773422 
2343 1.772194 
3656 1.771499 
723 1.771371 
405 1.770213 
4597 1.767708 
913 1.767675 
2263 1.767651 
3621 1.766730 
4516 1.766596 
4422 1.766551 
2768 1.766159 
2956 1.765092 
4625 1.764162 
2924 1.763639 
373 1.763458 
2587 1.763001 
238 1.762923 
3032 1.762421 
2514 1.762095 
2100 1.761353 
1530 1.761158 
1409 1.760937 
885 1.759902 
338 1.759071 
3975 1.758411 
244 1.758368 
4841 1.758045 
2600 1.757071 
162 1.756367 
1021 1.756293 
4031 1.754378 
1816 1.753559 
3791 1.753397 
1075 1.752733 
371 1.752699 
2969 1.751820 
4221 1.751695 
573 1.751630 
4450 1.751082 
4689 1.750895 
1758 1.750255 
1116 1.750216 
2771 1.749321 
1936 1.748991 
3327 1.748662 
1307 1.748581 
4004 1.748216 
4243 1.747914 
4137 1.747322 
2323 1.746997 
2189 1.746523 
1493 1.746224 
2018 1.745797 
1955 1.745367 
124 1.744923 
1147 1.744402 
3684 1.744220 
3689 1.743939 
433 1.743362 
3096 1.743149 
363 1.742868 
1597 1.742679 
2965 1.742088 
2917 1.741713 
3359 1.740163 
634 1.739533 
44 1.738992 
1692 1.738571 
3258 1.738097 
3685 1.737987 
4303 1.737666 
1451 1.737376 
1843 1.737303 
2556 1.737271 
1716 1.737128 
3801 1.736570 
2461 1.736526 
1809 1.736153 
3067 1.735776 
3836 1.735207 
985 1.735206 
1599 1.734890 
3874 1.734568 
3203 1.734290 
1562 1.734043 
2218 1.733768 
3029 1.733396 
1726 1.732246 
3178 1.731027 
1812 1.731024 
263 1.730248 
3300 1.730121 
1481 1.730098 
2997 1.729802 
3690 1.729719 
877 1.729659 
4051 1.729515 
2469 1.729432 
2171 1.728956 
4736 1.728621 
3530 1.728447 
2472 1.728219 
5000 1.727934 
3619 1.727893 
3008 1.727215 
637 1.726717 
2694 1.726377 
1729 1.724195 
2809 1.723618 
2880 1.723540 
2970 1.722967 
3908 1.722729 
1934 1.722548 
3293 1.721996 
3541 1.721201 
884 1.720826 
4109 1.720186 
2293 1.719718 
2930 1.719040 
2298 1.718353 
1113 1.718180 
2760 1.717923 
2182 1.717672 
1067 1.717343 
3653 1.717203 
1044 1.716578 
911 1.716314 
510 1.715633 
1079 1.715361 
3798 1.713683 
2876 1.713679 
368 1.712946 
35 1.712395 
2474 1.711611 
4590 1.711254 
4452 1.711064 
3202 1.710935 
1533 1.710529 
3585 1.710518 
4278 1.710398 
3290 1.710029 
3569 1.709893 
2595 1.709451 
4713 1.708868 
1255 1.708367 
5014 1.708152 
536 1.707758 
1524 1.706023 
366 1.705349 
4950 1.704999 
3332 1.704997 
3717 1.704958 
5029 1.704234 
2388 1.704156 
210 1.703008 
1801 1.702773 
4812 1.702584 
3165 1.702248 
2389 1.702081 
4379 1.701948 
1685 1.701819 
2395 1.701253 
2843 1.701058 
3249 1.701025 
724 1.700644 
241 1.699470 
4973 1.699000 
1848 1.698958 
260 1.698943 
212 1.698532 
2144 1.698529 
1444 1.698510 
1838 1.698118 
1078 1.697938 
4720 1.697738 
2140 1.697720 
4213 1.697093 
1486 1.697040 
2179 1.696703 
1854 1.696650 
3833 1.695956 
207 1.695670 
2185 1.695370 
1817 1.695246 
3207 1.695092 
4840 1.694334 
2805 1.693701 
3537 1.692933 
398 1.692927 
1143 1.692747 
4414 1.690558 
458 1.690180 
3526 1.690114 
918 1.689666 
2463 1.689509 
1483 1.689365 
315 1.689076 
1564 1.688954 
2885 1.688881 
4182 1.688728 
2687 1.687698 
2564 1.687454 
949 1.687396 
2355 1.687105 
3168 1.687024 
2064 1.686374 
2931 1.686236 
347 1.686112 
1109 1.685825 
2049 1.685189 
539 1.685134 
2914 1.685105 
1070 1.685071 
461 1.684897 
1370 1.684871 
1814 1.684858 
2846 1.684836 
4352 1.684771 
1722 1.684183 
4048 1.683896 
2213 1.683563 
1721 1.683353 
3609 1.682876 
640 1.682781 
3447 1.682741 
3426 1.682457 
3252 1.682350 
1489 1.682007 
1482 1.681634 
669 1.680740 
3133 1.680544 
3835 1.679955 
3255 1.679298 
1197 1.678729 
2394 1.677508 
2561 1.677237 
1926 1.677231 
1402 1.676989 
1528 1.676827 
2339 1.676731 
2322 1.676679 
335 1.676309 
247 1.676133 
2187 1.676078 
1193 1.675735 
3500 1.675443 
2736 1.675009 
1889 1.674984 
121 1.674677 
3097 1.674487 
1696 1.674452 
3174 1.674427 
3714 1.674402 
3614 1.673948 
2251 1.673871 
2877 1.673237 
2550 1.672965 
2364 1.672632 
2549 1.672428 
2853 1.671996 
4330 1.671340 
642 1.670614 
3579 1.670503 
3220 1.670286 
2999 1.669825 
2254 1.669706 
1841 1.669486 
4619 1.668726 
1377 1.668540 
2215 1.667733 
2221 1.667328 
4714 1.667161 
3533 1.667076 
3026 1.666819 
4658 1.666696 
3534 1.666673 
645 1.666510 
838 1.666478 
1072 1.666394 
2882 1.666351 
2849 1.666250 
3449 1.665488 
3292 1.665290 
1598 1.665092 
2837 1.664474 
601 1.664451 
165 1.664358 
1761 1.663994 
4786 1.663758 
4141 1.663427 
4009 1.663309 
3221 1.662955 
1190 1.662861 
1497 1.662552 
2173 1.662104 
2340 1.661887 
1457 1.661868 
3870 1.661657 
1798 1.661043 
3134 1.660962 
1923 1.660947 
2758 1.660907 
2466 1.659914 
571 1.659451 
2757 1.659222 
1895 1.658721 
607 1.658641 
2166 1.658082 
2521 1.657712 
2303 1.657603 
846 1.657466 
700 1.657326 
4013 1.657269 
2547 1.657096 
2358 1.656467 
2927 1.656149 
1025 1.655990 
2361 1.655804 
4417 1.655586 
4179 1.655069 
3162 1.654617 
482 1.654598 
720 1.653359 
3263 1.653113 
1770 1.652863 
1441 1.652851 
3338 1.652669 
1450 1.652509 
2211 1.652501 
2129 1.652396 
3624 1.652240 
3483 1.652140 
397 1.651680 
2888 1.651193 
1806 1.651187 
3787 1.651012 
3164 1.650484 
3866 1.650201 
3713 1.648655 
1185 1.648250 
777 1.648129 
2210 1.648106 
947 1.647927 
2874 1.647302 
1693 1.647294 
101 1.647174 
267 1.646045 
2224 1.645592 
2840 1.643737 
3205 1.643108 
1440 1.642733 
4386 1.642687 
3909 1.642523 
1774 1.642429 
6 1.641897 
2465 1.641818 
2892 1.641588 
3766 1.641280 
1151 1.641276 
1154 1.640697 
3242 1.640480 
3087 1.640300 
3528 1.639863 
4112 1.638688 
2554 1.638638 
1595 1.638542 
2344 1.638144 
675 1.637893 
1181 1.636440 
1764 1.636210 
2589 1.635961 
4653 1.635789 
2357 1.635032 
781 1.634856 
3570 1.634777 
567 1.634570 
3828 1.634314 
1656 1.634168 
3538 1.634063 
2503 1.633977 
3125 1.633121 
2558 1.633076 
698 1.632600 
666 1.631749 
2763 1.631354 
574 1.630888 
1225 1.630745 
2419 1.630689 
2424 1.630635 
1270 1.630273 
1492 1.629853 
4999 1.629382 
2325 1.628174 
4219 1.628153 
2638 1.627757 
3564 1.627480 
841 1.627354 
2769 1.626943 
3871 1.626422 
3206 1.626115 
2850 1.625421 
2835 1.624916 
1447 1.624078 
60 1.624020 
235 1.623942 
2962 1.623705 
2022 1.623305 
2555 1.623114 
4216 1.622905 
1981 1.622527 
1194 1.621985 
4171 1.621810 
2557 1.621624 
2321 1.621546 
4687 1.621360 
4518 1.621336 
3175 1.621099 
3737 1.620155 
437 1.620078 
4140 1.619997 
3124 1.619974 
3135 1.619961 
4684 1.619825 
317 1.619702 
2127 1.619695 
1112 1.619423 
1861 1.619382 
4065 1.619074 
289 1.618836 
641 1.618184 
2222 1.617713 
3711 1.617711 
1366 1.616794 
2766 1.616326 
1490 1.615530 
914 1.614784 
1802 1.614277 
4327 1.614161 
2225 1.613891 
1042 1.613695 
4178 1.613629 
2875 1.613612 
1373 1.613409 
1730 1.613377 
2087 1.612903 
1337 1.612860 
2028 1.611967 
813 1.611802 
1106 1.611572 
2131 1.610886 
3216 1.610401 
917 1.610221 
767 1.610190 
1331 1.610071 
4587 1.609978 
3006 1.609632 
4382 1.609623 
3260 1.609468 
4347 1.609364 
2998 1.609299 
436 1.609215 
2889 1.609082 
2092 1.608199 
531 1.607895 
2093 1.607732 
1341 1.607364 
2470 1.607294 
1694 1.607025 
1811 1.606759 
1968 1.606387 
2133 1.606216 
921 1.606210 
1690 1.606064 
3741 1.605220 
1727 1.604637 
3209 1.603914 
3618 1.603603 
4814 1.603225 
3726 1.602727 
2464 1.602463 
4282 1.602257 
4287 1.601915 
119 1.601901 
2061 1.601859 
3259 1.601684 
3366 1.601662 
2125 1.601570 
4355 1.601172 
2672 1.600940 
2130 1.600698 
2505 1.600520 
2832 1.600404 
2183 1.599695 
1344 1.599633 
1412 1.599266 
910 1.599096 
1018 1.599011 
2734 1.598890 
3525 1.598763 
1404 1.598417 
269 1.598347 
4185 1.598275 
4304 1.598232 
1188 1.598218 
954 1.597994 
3126 1.596072 
1890 1.595109 
4457 1.595075 
1929 1.594183 
311 1.593865 
1928 1.593839 
2961 1.593418 
3738 1.593018 
1559 1.592896 
2592 1.591729 
1438 1.591508 
3948 1.591416 
2216 1.591328 
1886 1.591208 
3179 1.591041 
123 1.590994 
4787 1.589673 
2553 1.589666 
915 1.589301 
2599 1.589184 
1484 1.589134 
434 1.589127 
484 1.588972 
2839 1.588419 
2099 1.587723 
2508 1.587535 
569 1.587401 
4863 1.587187 
2363 1.586968 
3658 1.586615 
2879 1.586251 
3341 1.586184 
570 1.585816 
3335 1.585412 
1525 1.585376 
4740 1.585062 
3765 1.585042 
4600 1.584882 
1925 1.584701 
1933 1.584606 
1931 1.584217 
2085 1.583764 
674 1.583655 
4416 1.583488 
2886 1.582898 
1882 1.582584 
2972 1.582547 
673 1.582085 
4569 1.581744 
2507 1.581539 
2256 1.581463 
983 1.581406 
1962 1.580431 
2887 1.579744 
2289 1.579395 
245 1.579179 
465 1.578688 
3942 1.578331 
149 1.577864 
511 1.577664 
1735 1.577127 
2582 1.577035 
2214 1.576965 
4016 1.576959 
2089 1.576949 
1858 1.576391 
2184 1.575528 
4762 1.575520 
4453 1.575385 
139 1.575027 
2658 1.574793 
3913 1.574071 
886 1.573934 
1046 1.573747 
576 1.573696 
606 1.573671 
2292 1.573289 
4889 1.573019 
3289 1.572635 
541 1.572373 
3130 1.572259 
2920 1.572061 
1601 1.571850 
1371 1.571523 
2168 1.570941 
1771 1.570311 
3761 1.569760 
2588 1.569561 
1413 1.569407 
1804 1.569171 
2186 1.569136 
950 1.568707 
3535 1.568325 
2138 1.566788 
1803 1.566743 
847 1.566590 
1851 1.566050 
3337 1.565679 
3210 1.565635 
4253 1.565522 
4103 1.565464 
609 1.564815 
4907 1.564761 
922 1.564394 
999 1.564294 
242 1.564287 
1686 1.564186 
3286 1.564088 
4657 1.564021 
2921 1.563982 
4381 1.563199 
2801 1.563068 
3655 1.562579 
1222 1.562505 
988 1.562497 
2019 1.561859 
1406 1.561840 
2462 1.561552 
2142 1.561449 
2501 1.561360 
4734 1.561350 
1844 1.560808 
752 1.560687 
883 1.560285 
638 1.560040 
4385 1.559944 
3735 1.558897 
676 1.558786 
2095 1.558726 
3612 1.557561 
2427 1.557337 
1049 1.557255 
1571 1.557081 
1567 1.556882 
923 1.556853 
3211 1.556663 
1767 1.556580 
1158 1.556512 
600 1.556206 
2259 1.555861 
3652 1.555765 
3333 1.555014 
2052 1.554932 
924 1.554778 
668 1.554744 
20 1.554683 
1150 1.554507 
4949 1.554239 
1108 1.554078 
4046 1.552509 
1600 1.552301 
3646 1.551957 
3247 1.551803 
2543 1.551756 
4280 1.551728 
2971 1.551544 
566 1.549582 
2498 1.549451 
2226 1.548893 
2844 1.548784 
3131 1.548565 
1405 1.548335 
2319 1.547398 
1648 1.547159 
880 1.546339 
3616 1.546256 
3248 1.546214 
4650 1.545720 
850 1.545680 
3946 1.545534 
678 1.544891 
1369 1.544757 
1888 1.544594 
3028 1.543937 
4145 1.543906 
3459 1.543484 
2806 1.543235 
2803 1.542101 
3529 1.542017 
749 1.541421 
2145 1.541374 
980 1.541287 
2593 1.541265 
5003 1.541143 
2845 1.540648 
185 1.539373 
981 1.539213 
4320 1.538952 
2328 1.538947 
572 1.537319 
1403 1.537087 
1082 1.536759 
102 1.536613 
2473 1.536577 
3795 1.535842 
4066 1.535000 
1149 1.534541 
3939 1.534428 
2881 1.534335 
2326 1.534286 
2217 1.533996 
1443 1.533618 
2026 1.533115 
1157 1.532724 
2923 1.532314 
799 1.531572 
3572 1.531489 
2797 1.531458 
4659 1.530732 
3294 1.530600 
5031 1.530400 
2762 1.530290 
3615 1.529774 
925 1.529526 
1805 1.528879 
1642 1.528815 
1289 1.528648 
843 1.528574 
1408 1.528557 
1118 1.528524 
1810 1.528493 
1855 1.528465 
1401 1.528105 
4212 1.527974 
2960 1.527714 
3123 1.526886 
1152 1.526378 
2290 1.526191 
2471 1.525803 
3161 1.525736 
1494 1.525723 
1988 1.525713 
1189 1.525472 
287 1.524671 
3329 1.524483 
3825 1.524133 
2848 1.523796 
577 1.523505 
2703 1.522813 
2545 1.522801 
426 1.522504 
2341 1.522408 
1983 1.522111 
7 1.522021 
1892 1.521905 
2062 1.521779 
4104 1.521710 
1004 1.521185 
1287 1.521107 
3571 1.520972 
4149 1.520231 
2851 1.520015 
734 1.519297 
2601 1.518723 
916 1.518271 
4420 1.518062 
812 1.517828 
722 1.517752 
3421 1.517563 
3171 1.517477 
4183 1.516986 
376 1.516349 
1849 1.515834 
2504 1.515807 
1852 1.515449 
4624 1.515302 
285 1.515102 
604 1.514813 
2021 1.514419 
4735 1.514063 
1448 1.513824 
1499 1.513103 
1285 1.513041 
2342 1.512699 
1227 1.512316 
4389 1.512095 
881 1.511664 
2847 1.511479 
3581 1.511381 
2477 1.511339 
4139 1.511215 
2964 1.511206 
1226 1.510800 
2729 1.510164 
3128 1.510114 
2800 1.510070 
4692 1.509980 
4384 1.509872 
4623 1.509603 
310 1.509412 
438 1.509110 
810 1.508720 
4524 1.508419 
4652 1.507902 
3428 1.507788 
2223 1.507231 
1775 1.507029 
3254 1.506851 
2836 1.506770 
1891 1.506475 
4991 1.506423 
3005 1.504877 
2172 1.504650 
318 1.504593 
159 1.504592 
3297 1.504375 
2428 1.504125 
4180 1.503933 
3568 1.503351 
3049 1.502561 
2594 1.502415 
3613 1.502137 
4181 1.501884 
1762 1.501607 
3989 1.501542 
3251 1.501397 
3719 1.501282 
4224 1.501057 
2004 1.500512 
4885 1.500314 
882 1.500177 
1368 1.499859 
4929 1.499789 
842 1.499753 
3328 1.499388 
240 1.499307 
3832 1.498519 
1410 1.498003 
3562 1.497826 
919 1.497314 
876 1.497070 
4593 1.496999 
509 1.496318 
2802 1.496198 
1488 1.495991 
2436 1.495669 
4654 1.494205 
1813 1.493914 
3914 1.493181 
2502 1.492701 
1398 1.492597 
2148 1.492475 
598 1.492231 
1111 1.491710 
3214 1.491680 
1537 1.491587 
2429 1.491572 
1720 1.491563 
544 1.490659 
3494 1.490310 
186 1.490273 
1155 1.490249 
2966 1.490182 
2430 1.490037 
4888 1.489671 
1081 1.489342 
565 1.489278 
1859 1.489275 
1446 1.489076 
568 1.488696 
3217 1.488365 
2132 1.488365 
2258 1.488312 
3462 1.488178 
2546 1.488094 
2542 1.488061 
3098 1.488003 
4325 1.487808 
3212 1.487691 
4215 1.487163 
808 1.486995 
3215 1.486912 
605 1.486234 
262 1.486218 
3256 1.486180 
1114 1.486008 
2513 1.485976 
3000 1.485970 
215 1.485581 
3901 1.485272 
3498 1.484966 
3461 1.484747 
4748 1.483752 
4421 1.483090 
3463 1.482532 
3654 1.482366 
3977 1.482346 
1645 1.482206 
4390 1.482197 
562 1.482022 
2260 1.481936 
1534 1.481332 
1807 1.481063 
4926 1.480584 
1605 1.480470 
217 1.479945 
3649 1.479916 
542 1.479905 
977 1.479835 
889 1.479801 
2893 1.479623 
2261 1.478860 
1760 1.477909 
18 1.477600 
1763 1.476494 
4458 1.476467 
3688 1.476218 
4176 1.476097 
1399 1.474962 
2054 1.474675 
2633 1.474606 
1718 1.474205 
2517 1.474203 
3982 1.474165 
4133 1.474017 
4865 1.474010 
1407 1.473307 
3208 1.472499 
4454 1.471846 
2602 1.471648 
3492 1.470556 
2048 1.470525 
1626 1.469986 
837 1.469919 
1927 1.469599 
874 1.469146 
3361 1.469059 
402 1.468982 
2838 1.468675 
4517 1.468633 
636 1.467591 
3718 1.467432 
3065 1.467136 
428 1.466386 
2916 1.465098 
4685 1.464880 
3050 1.464700 
3693 1.464545 
4883 1.464137 
2346 1.464058 
3030 1.463757 
3489 1.463476 
2639 1.463351 
3386 1.463289 
2175 1.463230 
3789 1.462908 
33 1.462602 
214 1.462567 
2590 1.462564 
4488 1.462127 
1234 1.462119 
31 1.462049 
3645 1.461827 
342 1.461380 
3650 1.461269 
1765 1.461044 
1266 1.460935 
3485 1.460750 
4455 1.460445 
492 1.458451 
3371 1.458185 
2726 1.457807 
780 1.457749 
3865 1.457312 
4136 1.457116 
671 1.457009 
3172 1.456963 
4869 1.456564 
1153 1.455509 
2764 1.455415 
1485 1.455383 
775 1.454737 
2170 1.454252 
1224 1.453805 
3129 1.453126 
3686 1.452900 
3170 1.452286 
639 1.451920 
2174 1.450462 
849 1.449437 
1808 1.449363 
4594 1.448336 
4628 1.448220 
4765 1.448213 
4418 1.448090 
1231 1.448087 
1261 1.447676 
3907 1.447674 
2105 1.447175 
462 1.446962 
4075 1.446850 
3617 1.446268 
140 1.446194 
4387 1.445681 
2512 1.445225 
3491 1.444340 
3906 1.444060 
1263 1.443598 
3824 1.443283 
5001 1.443238 
345 1.443078 
2591 1.442435 
513 1.442420 
3490 1.442239 
2891 1.442105 
3872 1.441593 
834 1.441108 
2725 1.440610 
2057 1.439521 
800 1.439445 
1532 1.438887 
4953 1.438853 
1487 1.438371 
1666 1.438243 
2257 1.437888 
4423 1.437866 
879 1.437768 
2219 1.437533 
4256 1.437493 
3094 1.437243 
435 1.437233 
4785 1.437040 
4522 1.436303 
2097 1.435897 
1491 1.435767 
2664 1.435408 
3095 1.435315 
3452 1.434563 
3797 1.434105 
296 1.433671 
4486 1.433337 
3001 1.433043 
1527 1.432960 
3250 1.432555 
1594 1.432293 
4626 1.432057 
2253 1.432036 
1265 1.431843 
1847 1.431711 
844 1.431377 
3875 1.430895 
2094 1.430755 
2426 1.430451 
1566 1.430427 
2088 1.430385 
3902 1.430003 
2515 1.429981 
4142 1.429048 
184 1.428830 
2596 1.428458 
1228 1.428091 
2968 1.427681 
486 1.427506 
2220 1.427306 
2180 1.427225 
1569 1.426613 
3048 1.426172 
1893 1.426150 
3167 1.425905 
3904 1.425804 
4043 1.425041 
1768 1.424575 
4078 1.424037 
3400 1.423858 
2506 1.423798 
4177 1.423433 
2922 1.422937 
3834 1.422045 
1437 1.421726 
978 1.421407 
3944 1.421271 
2425 1.420561 
3385 1.420261 
3877 1.419447 
4710 1.419428 
3334 1.419014 
664 1.418174 
2102 1.417664 
514 1.417589 
1930 1.417500 
2890 1.417418 
4250 1.416652 
840 1.416364 
948 1.416320 
4249 1.416011 
3949 1.415876 
1308 1.415621 
3574 1.415593 
2630 1.415519 
3622 1.414968 
3985 1.414714 
3499 1.414520 
1445 1.413958 
602 1.413772 
670 1.413762 
805 1.413547 
3166 1.413294 
4490 1.413245 
778 1.412503 
1319 1.412318 
1142 1.412177 
3868 1.412050 
1411 1.412030 
1894 1.411964 
3878 1.411870 
2842 1.411400 
4210 1.411295 
2551 1.410882 
3873 1.410843 
1454 1.410735 
1191 1.410106 
1074 1.409509 
4970 1.408934 
2518 1.408896 
4106 1.408261 
959 1.407892 
340 1.407000 
4544 1.406822 
1766 1.406035 
1728 1.405760 
2393 1.405217 
1182 1.404665 
1724 1.404282 
55 1.404104 
2030 1.403762 
3181 1.403688 
1643 1.403609 
2928 1.403606 
3127 1.403382 
3002 1.403208 
926 1.403150 
4218 1.402375 
4174 1.402193 
3910 1.402148 
298 1.402096 
1769 1.401834 
3788 1.401363 
3047 1.401017 
1820 1.400974 
3869 1.400672 
3169 1.400625 
2456 1.400527 
2710 1.400196 
1269 1.399864 
3122 1.399839 
1400 1.399497 
1997 1.399390 
3945 1.399366 
494 1.399171 
2548 1.398247 
543 1.397717 
4070 1.397473 
703 1.397424 
104 1.397151 
2929 1.396851 
1022 1.396121 
2793 1.395403 
2468 1.395301 
2391 1.394658 
4173 1.394347 
2500 1.394156 
190 1.394121 
1286 1.393985 
3298 1.393396 
603 1.393161 
2761 1.391729 
3565 1.390380 
2337 1.389710 
564 1.389649 
2509 1.388824 
3326 1.388722 
2552 1.388055 
3573 1.387670 
407 1.387414 
2799 1.386913 
3454 1.386891 
1958 1.386777 
4992 1.386700 
1733 1.386524 
1691 1.386357 
4712 1.386328 
1885 1.386178 
4146 1.386152 
2808 1.386030 
1966 1.384910 
1043 1.384833 
4049 1.384701 
81 1.384519 
1853 1.384423 
957 1.384230 
2798 1.384150 
2434 1.384014 
1365 1.383963 
264 1.383934 
4989 1.383128 
4006 1.382961 
3796 1.382330 
1145 1.381773 
3953 1.381135 
4214 1.380538 
4217 1.380151 
3802 1.379652 
2973 1.379481 
2841 1.379422 
4301 1.379322 
3369 1.379177 
1573 1.378980 
3763 1.378917 
496 1.378711 
4487 1.378299 
952 1.377925 
3522 1.377824 
3360 1.376608 
2733 1.376393 
774 1.375916 
1374 1.375860 
1850 1.375839 
1442 1.375762 
4656 1.375171 
30 1.375093 
3831 1.374360 
2724 1.374152 
3296 1.374028 
2091 1.374005 
3577 1.373916 
4138 1.373840 
982 1.373600 
4521 1.373425 
2479 1.373370 
3302 1.373345 
1110 1.373325 
1187 1.373268 
3429 1.372872 
633 1.372169 
4186 1.372067 
1006 1.371752 
772 1.371733 
2177 1.371352 
1661 1.371233 
4815 1.371205 
3033 1.371046 
2665 1.370527 
1646 1.370415 
2963 1.369446 
1317 1.369194 
4413 1.369092 
4679 1.368554 
878 1.368399 
3173 1.367895 
4621 1.367690 
1644 1.367666 
1115 1.367423 
4655 1.367398 
2598 1.367347 
3295 1.367121 
2141 1.367067 
2519 1.366074 
1015 1.365577 
811 1.365533 
1229 1.365403 
4542 1.365127 
1476 1.365053 
2139 1.365005 
4484 1.364973 
1221 1.364869 
3830 1.364863 
1526 1.364452 
4538 1.364364 
807 1.364276 
1725 1.363650 
3457 1.363262 
4835 1.362972 
3404 1.362012 
3253 1.361092 
1965 1.360878 
364 1.360648 
1535 1.360587 
4209 1.360034 
2925 1.360019 
5027 1.359833 
665 1.359620 
4482 1.358373 
3418 1.357724 
2207 1.356585 
3793 1.356379 
538 1.356259 
4845 1.356099 
3362 1.355713 
2544 1.355337 
1574 1.354583 
265 1.354447 
2058 1.354014 
2878 1.353959 
1076 1.353583 
2708 1.353301 
920 1.352333 
3093 1.351792 
597 1.351597 
2169 1.351490 
4309 1.351475 
1531 1.350497 
3986 1.350113 
2926 1.349069 
769 1.348992 
946 1.348884 
270 1.348494 
3606 1.348095 
182 1.347991 
2024 1.347986 
3448 1.347103 
457 1.347062 
4627 1.347038 
4134 1.346908 
2135 1.346899 
2143 1.346171 
2467 1.346126 
4251 1.345801 
4077 1.345593 
3090 1.345374 
695 1.345229 
2585 1.344995 
2178 1.344915 
4073 1.344060 
3981 1.343597 
2056 1.343357 
3941 1.343297 
2625 1.343148 
2294 1.343073 
951 1.342897 
4354 1.342735 
1608 1.342534 
4170 1.342509 
4912 1.341579 
1397 1.341310 
2262 1.341210 
3911 1.341118 
3456 1.341028 
1077 1.340966 
4491 1.340623 
2728 1.340325 
2086 1.339443 
1449 1.339153 
4511 1.339081 
806 1.338870 
9 1.338498 
3331 1.338048 
3540 1.336860 
432 1.336104 
677 1.335976 
3826 1.334972 
2967 1.334083 
1333 1.333017 
1568 1.332984 
3566 1.332527 
1105 1.332360 
3532 1.332283 
1362 1.332187 
3257 1.332172 
2635 1.331816 
4098 1.331481 
3742 1.330640 
1262 1.330557 
1697 1.330437 
4277 1.330308 
1218 1.330265 
1723 1.328577 
334 1.328511 
3661 1.328368 
2884 1.328294 
2181 1.328148 
3623 1.328016 
3951 1.327976 
2830 1.327933 
2096 1.327922 
1924 1.327435 
246 1.325829 
3099 1.325762 
425 1.324939 
4105 1.324899 
2231 1.324563 
705 1.323310 
1561 1.322667 
537 1.322583 
3422 1.322481 
3769 1.322181 
873 1.322142 
1233 1.322005 
1038 1.321252 
4254 1.319587 
3025 1.319187 
4842 1.319080 
3325 1.318612 
4570 1.317729 
4717 1.317279 
2670 1.317261 
493 1.317142 
845 1.316815 
2671 1.316471 
4069 1.316341 
2397 1.315898 
2480 1.315840 
213 1.314971 
4481 1.314658 
3760 1.314576 
2398 1.313833 
3370 1.312241 
2883 1.312123 
1837 1.311795 
2510 1.311794 
374 1.311672 
814 1.311662 
1073 1.311096 
3405 1.309089 
1040 1.308896 
3137 1.308849 
3983 1.308644 
4329 1.308376 
141 1.306933 
3138 1.306782 
4887 1.306477 
1963 1.306278 
533 1.305979 
4308 1.305846 
4864 1.305797 
1757 1.305087 
701 1.304552 
2666 1.304232 
3794 1.304164 
3450 1.303915 
4100 1.303877 
1846 1.303595 
1309 1.303107 
1529 1.302962 
2050 1.302723 
3576 1.302416 
4050 1.302194 
2629 1.301284 
696 1.301252 
400 1.300201 
2295 1.299985 
4110 1.299920 
4449 1.299914 
1602 1.298833 
1606 1.298183 
3070 1.297104 
4807 1.296408 
4419 1.295429 
532 1.294375 
4930 1.294275 
2770 1.294207 
2957 1.293500 
3682 1.293383 
1148 1.292992 
4353 1.291946 
1293 1.291662 
337 1.291590 
3758 1.291480 
401 1.291230 
3841 1.291152 
218 1.291129 
4738 1.290560 
4360 1.289781 
479 1.289478 
4143 1.289401 
4817 1.288598 
343 1.288291 
21 1.287955 
75 1.287024 
369 1.286933 
98 1.286194 
1689 1.285957 
1731 1.285473 
4686 1.285404 
3803 1.284830 
2392 1.284392 
3424 1.284387 
1575 1.284133 
4620 1.283614 
1815 1.283549 
166 1.283165 
801 1.281882 
313 1.281151 
4792 1.279466 
2730 1.279372 
271 1.279331 
2871 1.278745 
575 1.278456 
1336 1.278354 
3938 1.278281 
4072 1.277835 
2637 1.277661 
4111 1.277413 
5026 1.276659 
4257 1.276645 
2136 1.275639 
1778 1.275028 
2266 1.272897 
2301 1.272862 
1922 1.272820 
4976 1.272654 
2631 1.272572 
4896 1.272499 
4715 1.272001 
4543 1.271883 
1318 1.271723 
485 1.271643 
2958 1.270154 
4813 1.269382 
209 1.268963 
3403 1.268643 
3045 1.268582 
953 1.267009 
2689 1.266721 
3839 1.266350 
1967 1.266311 
77 1.265637 
181 1.265595 
610 1.263182 
3367 1.263067 
697 1.261726 
406 1.261566 
3121 1.261056 
1565 1.259384 
4223 1.259306 
4349 1.259191 
4426 1.258912 
3430 1.258659 
105 1.258218 
128 1.256797 
2365 1.256728 
3303 1.256523 
3224 1.256333 
74 1.255906 
4493 1.255712 
1186 1.255244 
4540 1.255158 
3493 1.254513 
3531 1.252728 
4446 1.252174 
1180 1.252151 
2029 1.251187 
394 1.250646 
1957 1.249948 
3694 1.248975 
1453 1.248543 
297 1.247757 
3261 1.247719 
1332 1.247529 
2101 1.247297 
427 1.246796 
770 1.246551 
2767 1.245812 
1538 1.245476 
3736 1.245050 
3246 1.244142 
728 1.242795 
2302 1.241801 
1414 1.241113 
1956 1.240273 
1288 1.239132 
1342 1.238397 
3088 1.238023 
2934 1.237836 
2563 1.237527 
3582 1.236954 
1334 1.236511 
3365 1.236378 
3101 1.235493 
596 1.234773 
4718 1.234487 
319 1.234134 
2792 1.233739 
1961 1.233650 
1521 1.232694 
2539 1.232626 
3265 1.232057 
118 1.230620 
3073 1.228858 
4629 1.228661 
4044 1.228502 
2208 1.228449 
4925 1.228404 
3007 1.226893 
1436 1.226668 
2754 1.226228 
1068 1.225440 
61 1.225070 
2421 1.224458 
365 1.224203 
4322 1.222405 
3046 1.222066 
1520 1.221466 
1717 1.221360 
4947 1.220993 
82 1.220949 
4245 1.220793 
4592 1.220650 
4101 1.220572 
4910 1.219959 
4299 1.218668 
3387 1.218297 
630 1.217964 
148 1.217824 
2327 1.217705 
2055 1.217113 
138 1.216743 
2872 1.216671 
2227 1.216076 
1625 1.215954 
958 1.215737 
4690 1.215725 
945 1.215169 
1819 1.213563 
2996 1.213445 
1315 1.213419 
1338 1.212847 
2299 1.211231 
3401 1.211120 
3651 1.210909 
5028 1.210122 
4042 1.209741 
986 1.209648 
3204 1.209644 
3955 1.209303 
1982 1.208029 
4029 1.207667 
2974 1.207332 
2896 1.206724 
2296 1.206254 
1842 1.206223 
4005 1.205539 
4709 1.204078 
4661 1.203764 
261 1.203678 
2027 1.203231 
1862 1.203224 
2123 1.203060 
2688 1.202656 
3954 1.202168 
4784 1.201695 
2002 1.201329 
1684 1.200409 
284 1.200402 
4358 1.199337 
2435 1.199207 
2540 1.197114 
4300 1.196671 
1257 1.195220 
5 1.195096 
370 1.195077 
4097 1.192884 
2212 1.192875 
2318 1.191157 
4378 1.190354 
3543 1.189421 
3608 1.189273 
1667 1.189121 
4649 1.188006 
515 1.187909 
851 1.186737 
721 1.186163 
1294 1.185867 
506 1.185397 
672 1.185044 
4425 1.183953 
2632 1.183421 
1633 1.182902 
120 1.181727 
454 1.181603 
167 1.181530 
5016 1.178407 
4014 1.177758 
3160 1.176231 
375 1.176076 
142 1.174972 
2288 1.174471 
219 1.173990 
3024 1.173448 
3862 1.172900 
1800 1.172416 
3680 1.171002 
3036 1.170914 
2267 1.170094 
161 1.170043 
2854 1.169919 
1037 1.169898 
4790 1.168555 
2128 1.167430 
3484 1.166805 
2834 1.166647 
3691 1.166509 
3132 1.166130 
3199 1.165971 
1695 1.165083 
1658 1.164025 
97 1.163221 
2356 1.160476 
4862 1.160029 
4618 1.159715 
4818 1.159521 
243 1.159359 
62 1.159224 
2933 1.159066 
1796 1.158964 
2385 1.158148 
2460 1.157250 
2994 1.157085 
3900 1.156293 
1734 1.155571 
1640 1.155249 
4739 1.153989 
1291 1.153809 
4222 1.153367 
396 1.152002 
2586 1.151631 
4187 1.151052 
3223 1.151002 
2228 1.150868 
4662 1.150868 
3219 1.149496 
2709 1.149493 
4969 1.149083 
4809 1.148741 
1522 1.148022 
4519 1.148009 
3177 1.147703 
237 1.147358 
3712 1.146687 
3524 1.146354 
4079 1.145823 
1560 1.145784 
1921 1.145649 
836 1.144668 
742 1.144144 
1480 1.143893 
4781 1.142618 
5017 1.142613 
643 1.142392 
4132 1.142078 
611 1.141781 
1630 1.141611 
3687 1.141373 
3420 1.141351 
1104 1.138570 
4843 1.138538 
2320 1.137807 
2693 1.137700 
4028 1.137002 
14 1.136990 
4274 1.136958 
3034 1.135411 
1256 1.134272 
45 1.133631 
4512 1.133559 
1496 1.133166 
733 1.132222 
912 1.130927 
4552 1.130747 
2124 1.130697 
4987 1.129047 
4630 1.127434 
3 1.127187 
2399 1.126441 
2475 1.125439 
1622 1.124235 
2390 1.123654 
4681 1.122989 
2020 1.122878 
1343 1.122637 
1083 1.121515 
2384 1.121382 
4759 1.120356 
4448 1.118331 
4573 1.115902 
2661 1.114757 
4861 1.114691 
4283 1.112972 
508 1.111528 
126 1.110857 
4041 1.110596 
2735 1.110248 
2829 1.110089 
4988 1.108457 
57 1.108076 
208 1.107881 
750 1.107240 
3061 1.106826 
1795 1.106509 
1235 1.106258 
1899 1.103961 
4782 1.103116 
2559 1.102521 
3455 1.102334 
2063 1.101658 
3241 1.100996 
706 1.097619 
1121 1.097379 
4598 1.096315 
32 1.095616 
1375 1.094929 
3339 1.093789 
480 1.093439 
4359 1.093374 
2360 1.092999 
3031 1.092906 
3743 1.089225 
3721 1.087784 
4513 1.087540 
3022 1.086671 
137 1.084957 
3710 1.082945 
1773 1.082847 
4884 1.079930 
1005 1.079386 
1624 1.077368 
4285 1.077283 
1295 1.075608 
431 1.075412 
3917 1.073089 
4459 1.072580 
2190 1.071791 
4310 1.071560 
1857 1.070631 
1220 1.069407 
768 1.069045 
2624 1.067337 
4565 1.066515 
4461 1.066498 
1069 1.065609 
2913 1.062757 
3864 1.061350 
2660 1.059389 
4255 1.059210 
2497 1.058784 
3427 1.057452 
1195 1.056995 
2330 1.051221 
4412 1.050371 
4208 1.049275 
3879 1.049032 
4617 1.046262 
2149 1.045892 
4867 1.045680 
2811 1.045035 
2003 1.043714 
4147 1.042638 
2147 1.042205 
3976 1.039956 
481 1.039245 
779 1.039016 
3062 1.037004 
125 1.035088 
4393 1.033327 
1479 1.032008 
872 1.027622 
2807 1.027110 
1596 1.026699 
3659 1.025051 
312 1.022722 
19 1.022079 
1047 1.022056 
1935 1.021084 
1001 1.019932 
4589 1.019665 
1159 1.019111 
2420 1.018116 
2918 1.017965 
4819 1.017710 
2459 1.016165 
103 1.012273 
1898 1.011803 
4011 1.011480 
4932 1.011085 
1267 1.010825 
4563 1.010483 
4324 1.009191 
1002 1.009062 
2895 1.008065 
191 1.006836 
4733 1.004223 
4837 1.003980 
4870 1.003301 
2522 1.000319 
4331 1.000234 
4708 0.997861 
4391 0.997137 
46 0.995862 
346 0.995615 
456 0.994419 
1756 0.993290 
4968 0.993201 
4691 0.992258 
4948 0.992125 
632 0.991537 
1632 0.990205 
4933 0.989313 
1017 0.988958 
4719 0.987023 
4648 0.986876 
1660 0.986613 
4954 0.984543 
4599 0.982403 
1884 0.981735 
4348 0.981369 
2165 0.978046 
56 0.977701 
2756 0.976660 
309 0.976499 
3539 0.974208 
4808 0.973284 
3182 0.971933 
4749 0.971523 
4172 0.971396 
4766 0.970323 
4427 0.968638 
4494 0.967341 
976 0.965104 
4276 0.964867 
3071 0.964688 
3288 0.963538 
708 0.961833 
1669 0.961442 
1495 0.957350 
4767 0.955270 
236 0.954355 
4680 0.951907 
4588 0.946869 
4068 0.943875 
37 0.942760 
3987 0.942337 
1657 0.940360 
4911 0.939063 
2368 0.938312 
505 0.938080 
3757 0.935378 
1364 0.934440 
3940 0.934401 
4836 0.930715 
96 0.929732 
3915 0.929229 
887 0.929138 
4955 0.928969 
3064 0.928201 
1023 0.921218 
1607 0.921117 
987 0.917447 
1635 0.916318 
3200 0.911163 
4286 0.908431 
4015 0.906654 
751 0.906618 
4974 0.906125 
3390 0.902274 
4244 0.899005 
3745 0.894071 
3767 0.892523 
4008 0.889160 
4047 0.886905 
1119 0.882699 
1998 0.876913 
746 0.876839 
1999 0.875674 
1013 0.875524 
4975 0.875143 
1144 0.874673 
160 0.871304 
1016 0.868528 
4946 0.866525 
4791 0.866206 
4761 0.865312 
76 0.863603 
707 0.860929 
2252 0.860329 
2353 0.859391 
4480 0.857307 
336 0.851511 
4895 0.848911 
4321 0.846739 
4306 0.844856 
4931 0.841432 
3733 0.839149 
2304 0.835475 
463 0.832723 
4380 0.827743 
4523 0.827079 
2538 0.826882 
4537 0.826697 
4571 0.822576 
2366 0.814617 
3391 0.804863 
1631 0.791734 
1987 0.790820 
3266 0.790301 
4924 0.783798 
147 0.775793 
4564 0.774967 
4846 0.773406 
4550 0.755606 
83 0.751566 
4312 0.751167 
517 0.747854 
990 0.744409 
157 0.743403 
477 0.738310 
2704 0.728785 
1035 0.710714 
2692 0.708153 
4760 0.705256 
2496 0.700184 
727 0.698433 
2855 0.695027 
2164 0.693267 
4871 0.690896 
928 0.682284 
726 0.680362 
85 0.677775 
2316 0.677424 
4297 0.671893 
2955 0.671241 
1655 0.670957 
1540 0.670842 
4906 0.669860 
3059 0.666138 
151 0.665429 
144 0.663689 
2382 0.663460 
5015 0.658278 
2401 0.647797 
2705 0.632742 
2191 0.632486 
107 0.628365 
4905 0.626726 
2870 0.623414 
743 0.600178 
116 0.599706 
3085 0.591976 
94 0.589042 
1178 0.579408 
41 0.566716 
2270 0.559715 
5010 0.557204 
3708 0.555711 
2438 0.555567 
2523 0.551526 
503 0.544712 
1681 0.542656 
28 0.542474 
3678 0.542157 
1754 0.541270 
2249 0.533318 
1592 0.532762 
2286 0.532680 
943 0.531430 
2897 0.526867 
4551 0.525711 
5005 0.521470 
1577 0.510367 
1557 0.508021 
1518 0.505503 
974 0.500170 
23 0.500109 
1051 0.489951 
1 0.486374 
1986 0.481371 
908 0.478260 
4742 0.469083 
233 0.465758 
3010 0.465103 
745 0.461841 
1699 0.444750 
1610 0.437993 
1123 0.437793 
2992 0.430592 
594 0.429425 
4994 0.429083 
1715 0.426735 
135 0.422897 
3158 0.418705 
3119 0.417416 
205 0.413615 
64 0.411739 
2417 0.401275 
1102 0.399671 
179 0.397282 
10 0.384656 
488 0.378720 
3103 0.378561 
529 0.375612 
961 0.359473 
48 0.347428 
169 0.345798 
744 0.327663 
2976 0.327140 
440 0.327065 
1736 0.319687 
3643 0.316053 
4288 0.312756 
194 0.309555 
221 0.306127 
560 0.303862 
3626 0.302834 
4985 0.300430 
1065 0.299736 
579 0.298635 
1140 0.297420 
4966 0.292297 
3663 0.285484 
891 0.284839 
72 0.266749 
4957 0.265011 
4731 0.262407 
3140 0.254059 
546 0.240522 
4747 0.221651 
613 0.218623 
4978 0.218458 
4333 0.217632 
410 0.217199 
378 0.201775 
3881 0.200770 
4997 0.199354 
13 0.184667 
4189 0.177069 
53 0.176866 
423 0.172810 
3696 0.172089 
3604 0.166161 
3843 0.155353 
5037 0.146268 
4944 0.145554 
4922 0.143314 
38 0.140917 
291 0.139875 
467 0.119360 
4319 0.114376 
361 0.103307 
3785 0.082315 
4935 0.079382 
628 0.075430 
4226 0.051702 
5033 0.050338 
3755 0.041754 
392 0.040096 
870 0.040088 
4241 0.038701 
1161 0.035920 
1199 0.033596 
3898 0.019102 
4677 0.014057 
273 0.013861 
4914 0.012791 
832 0.012099 
1085 0.006797 
3771 -0.000225 
4757 -0.005290 
4362 -0.006939 
281 -0.007514 
452 -0.008832 
4410 -0.011411 
4345 -0.012717 
5019 -0.019632 
3860 -0.026336 
24 -0.035587 
853 -0.038426 
248 -0.042461 
40 -0.043602 
3822 -0.049229 
4259 -0.050556 
4272 -0.053108 
5024 -0.054211 
3520 -0.055069 
27 -0.055123 
4898 -0.085339 
4168 -0.096611 
4206 -0.101221 
3805 -0.126105 
4706 -0.128440 
4376 -0.130294 
4794 -0.132572 
4833 -0.143345 
4429 -0.145825 
1416 -0.146675 
4751 -0.148337 
1434 -0.154258 
4395 -0.167626 
4151 -0.173027 
4821 -0.178224 
1880 -0.186151 
4769 -0.197147 
647 -0.197659 
4721 -0.207770 
3919 -0.210787 
4881 -0.233467 
2336 -0.241194 
4805 -0.242065 
4664 -0.242627 
4646 -0.255719 
5009 -0.257741 
4444 -0.260544 
5006 -0.276295 
3042 -0.288796 
4694 -0.293273 
259 -0.322864 
4779 -0.322903 
11 -0.341948 
1379 -0.342586 
129 -0.345952 
3936 -0.357590 
1216 -0.363453 
348 -0.366518 
5034 -0.378549 
1902 -0.379561 
816 -0.384290 
3284 -0.393200 
2685 -0.393810 
3502 -0.397962 
4996 -0.399867 
4965 -0.405885 
321 -0.407683 
2347 -0.410741 
4602 -0.412648 
3053 -0.416711 
1305 -0.424296 
4903 -0.425119 
4130 -0.430239 
2621 -0.447049 
490 -0.466666 
662 -0.478675 
4114 -0.478875 
4463 -0.480803 
4848 -0.484964 
489 -0.492920 
3725 -0.494169 
332 -0.494462 
1360 -0.498017 
1253 -0.500631 
3021 -0.501618 
1395 -0.505226 
4478 -0.507743 
4995 -0.515910 
4615 -0.516470 
4307 -0.518630 
12 -0.526024 
2006 -0.531408 
1649 -0.551668 
4034 -0.554009 
4744 -0.555869 
39 -0.556756 
1321 -0.566065 
5036 -0.574037 
3586 -0.584044 
4859 -0.585219 
3897 -0.590021 
4632 -0.602138 
195 -0.603877 
292 -0.604457 
1979 -0.611333 
5007 -0.616490 
4296 -0.619695 
3074 -0.623870 
3407 -0.629522 
5008 -0.640136 
4915 -0.644644 
3306 -0.644917 
593 -0.645409 
4892 -0.646208 
4899 -0.653099 
1753 -0.657540 
4575 -0.660323 
709 -0.663496 
3882 -0.664578 
2789 -0.677974 
4958 -0.682405 
1237 -0.683557 
2271 -0.684198 
2066 -0.695941 
1026 -0.700633 
1903 -0.702264 
1919 -0.703118 
4979 -0.708075 
2938 -0.711361 
4313 -0.713318 
3920 -0.716912 
1650 -0.729941 
831 -0.734008 
4984 -0.741284 
86 -0.748376 
2604 -0.750975 
3041 -0.754695 
2681 -0.756051 
3054 -0.759454 
3973 -0.763797 
680 -0.766009 
4190 -0.766628 
232 -0.771611 
3732 -0.772135 
3561 -0.776709 
4548 -0.780056 
4880 -0.784290 
1517 -0.784571 
4205 -0.785417 
3398 -0.785462 
854 -0.785549 
4921 -0.786324 
4893 -0.786403 
4025 -0.793311 
65 -0.795151 
4743 -0.798133 
614 -0.799748 
1939 -0.805301 
4443 -0.807674 
360 -0.809063 
93 -0.809219 
476 -0.812627 
145 -0.812926 
4873 -0.814409 
1124 -0.819453 
1312 -0.821731 
3157 -0.825414 
300 -0.825741 
4409 -0.825748 
4546 -0.825902 
2772 -0.826219 
293 -0.831090 
204 -0.831534 
3481 -0.831623 
156 -0.831827 
719 -0.832713 
2335 -0.833952 
4430 -0.840556 
2620 -0.847682 
1346 -0.848766 
2439 -0.850565 
4396 -0.854489 
627 -0.856012 
3396 -0.857222 
3519 -0.858556 
1639 -0.860576 
892 -0.868120 
4891 -0.870471 
3323 -0.872587 
497 -0.873264 
2416 -0.874812 
2305 -0.876577 
1500 -0.880660 
1458 -0.884417 
4081 -0.887390 
580 -0.888354 
307 -0.892608 
693 -0.896297 
3722 -0.897443 
5035 -0.897505 
1621 -0.905218 
766 -0.910704 
1271 -0.911461 
3859 -0.912495 
4832 -0.914401 
2232 -0.919787 
4035 -0.920049 
2656 -0.922060 
1139 -0.922235 
4167 -0.923590 
4152 -0.924391 
4586 -0.926824 
4645 -0.927414 
736 -0.930337 
4795 -0.932656 
2331 -0.934465 
783 -0.934748 
3844 -0.939427 
2285 -0.942760 
3394 -0.944028 
1670 -0.946162 
1879 -0.947169 
4535 -0.948376 
3957 -0.948779 
1162 -0.952051 
4509 -0.955422 
222 -0.956827 
3446 -0.959101 
2248 -0.959482 
498 -0.966055 
2752 -0.969125 
379 -0.972477 
1737 -0.974291 
2083 -0.974875 
4943 -0.979113 
2581 -0.980414 
1714 -0.982551 
869 -0.985022 
2641 -0.986383 
4554 -0.988240 
71 -0.988741 
1304 -0.989632 
907 -0.990663 
4464 -0.990997 
3746 -0.996323 
4496 -0.996828 
4561 -0.997563 
4964 -0.999801 
1200 -1.000938 
2674 -1.009202 
4024 -1.009698 
1704 -1.015447 
3776 -1.017833 
280 -1.018961 
3465 -1.019262 
797 -1.020610 
3307 -1.021648 
4676 -1.022963 
4804 -1.024518 
3703 -1.033030 
411 -1.035260 
1355 -1.038365 
4095 -1.040854 
3731 -1.041052 
3408 -1.042525 
1012 -1.044108 
1177 -1.046291 
998 -1.046664 
3397 -1.052470 
4163 -1.055286 
52 -1.055307 
3931 -1.057065 
1009 -1.058653 
2683 -1.061663 
2373 -1.062218 
2684 -1.066338 
4129 -1.066516 
4334 -1.070439 
2010 -1.070602 
2455 -1.072142 
3991 -1.076981 
4547 -1.077539 
3848 -1.077803 
2352 -1.078547 
274 -1.079690 
2046 -1.080518 
1791 -1.083347 
4633 -1.086334 
3924 -1.086920 
2402 -1.089141 
2348 -1.089771 
4778 -1.092923 
4756 -1.099661 
3357 -1.102627 
4400 -1.104140 
1680 -1.105623 
4611 -1.106864 
1101 -1.106903 
1384 -1.108727 
1875 -1.109506 
249 -1.111997 
4314 -1.113816 
2642 -1.119027 
4822 -1.120836 
2043 -1.125451 
4371 -1.125850 
3544 -1.126619 
441 -1.132498 
1618 -1.134013 
1863 -1.134300 
1135 -1.135145 
1433 -1.136977 
178 -1.138780 
4267 -1.139080 
3432 -1.139195 
1128 -1.140252 
827 -1.140725 
2106 -1.143794 
2912 -1.145277 
2032 -1.147110 
4084 -1.147154 
3784 -1.148603 
3409 -1.150158 
108 -1.150400 
3603 -1.151707 
4849 -1.153014 
2712 -1.153866 
4936 -1.158887 
1779 -1.158963 
3373 -1.160398 
4500 -1.160521 
3855 -1.161013 
1475 -1.163020 
2738 -1.163752 
763 -1.163779 
4636 -1.165106 
1391 -1.166941 
2315 -1.173263 
2381 -1.173880 
3017 -1.174259 
4052 -1.174311 
3443 -1.175084 
555 -1.179220 
475 -1.179639 
4091 -1.181358 
3383 -1.183002 
4902 -1.185151 
2651 -1.185238 
4227 -1.186259 
3108 -1.186576 
2977 -1.187160 
1504 -1.187347 
3018 -1.187988 
1587 -1.190318 
559 -1.191905 
115 -1.196101 
4363 -1.196684 
4468 -1.198122 
2682 -1.200035 
732 -1.202884 
4064 -1.205700 
584 -1.205950 
652 -1.211001 
3668 -1.211950 
2016 -1.212224 
3343 -1.214191 
3436 -1.217710 
4156 -1.220139 
3141 -1.220291 
3821 -1.220308 
3806 -1.221474 
2751 -1.221616 
4610 -1.221671 
1283 -1.223774 
1700 -1.223989 
856 -1.224888 
4858 -1.225567 
2788 -1.225875 
4665 -1.226148 
1617 -1.226423 
3996 -1.231439 
3730 -1.232851 
4501 -1.233126 
2119 -1.234275 
2747 -1.234750 
3037 -1.238754 
1918 -1.239768 
3020 -1.242288 
170 -1.243980 
1322 -1.244426 
324 -1.246335 
4085 -1.247692 
518 -1.248323 
1740 -1.250252 
1215 -1.252032 
1953 -1.254041 
3019 -1.254672 
1279 -1.258307 
2568 -1.262043 
4039 -1.264197 
648 -1.265603 
422 -1.268063 
502 -1.269812 
4705 -1.270017 
1836 -1.271207 
4240 -1.271268 
1330 -1.271845 
3992 -1.272591 
5023 -1.280719 
4344 -1.281298 
3416 -1.281816 
3548 -1.282130 
4336 -1.282230 
1211 -1.282477 
623 -1.283183 
4338 -1.284221 
788 -1.285718 
3437 -1.287359 
1064 -1.287475 
3011 -1.288092 
4702 -1.288398 
3195 -1.288559 
4407 -1.289036 
3935 -1.292084 
2644 -1.294705 
4730 -1.295609 
391 -1.295877 
4770 -1.296784 
2605 -1.298176 
2247 -1.298614 
2812 -1.299621 
1029 -1.300523 
4525 -1.302581 
2007 -1.304064 
3104 -1.304667 
1636 -1.305465 
3283 -1.305909 
2987 -1.305959 
3635 -1.306426 
1790 -1.307864 
3627 -1.308846 
1056 -1.309117 
756 -1.309867 
938 -1.311408 
4668 -1.311523 
2152 -1.313837 
1027 -1.313960 
4003 -1.317593 
4695 -1.318339 
474 -1.318749 
684 -1.319748 
4059 -1.321116 
3228 -1.321485 
4637 -1.321596 
2406 -1.323593 
1471 -1.325023 
4123 -1.325384 
1251 -1.326045 
3511 -1.327027 
3118 -1.328248 
962 -1.329917 
3707 -1.329940 
1969 -1.330678 
730 -1.330780 
3723 -1.330805 
3084 -1.331263 
4475 -1.332175 
4294 -1.332303 
4289 -1.333448 
4824 -1.334114 
1975 -1.336216 
2900 -1.336909 
1390 -1.337146 
4874 -1.341133 
710 -1.344887 
754 -1.345508 
4442 -1.346064 
2372 -1.346575 
353 -1.348207 
4271 -1.348541 
3599 -1.348601 
1276 -1.349510 
1784 -1.349521 
2036 -1.351477 
3348 -1.351774 
718 -1.352627 
2369 -1.358721 
4017 -1.358857 
4295 -1.359348 
380 -1.361177 
3999 -1.362899 
1272 -1.363074 
2535 -1.363460 
1944 -1.364571 
4439 -1.366784 
991 -1.367021 
4056 -1.367310 
4722 -1.367610 
1302 -1.369189 
3322 -1.369702 
3410 -1.370250 
1138 -1.370403 
4703 -1.371484 
4477 -1.371823 
331 -1.372374 
4473 -1.375619 
2701 -1.377303 
4643 -1.377310 
2451 -1.379453 
3319 -1.380432 
903 -1.381188 
2823 -1.381440 
737 -1.381455 
2816 -1.381902 
971 -1.383621 
1578 -1.383768 
3895 -1.383792 
2272 -1.384597 
2828 -1.385018 
352 -1.388474 
3240 -1.390018 
1204 -1.390965 
4153 -1.391872 
1089 -1.392113 
473 -1.393575 
3077 -1.394881 
2939 -1.396167 
3886 -1.396524 
2045 -1.397574 
4375 -1.397958 
2580 -1.398617 
933 -1.399449 
1612 -1.399864 
4057 -1.399976 
1099 -1.400234 
1915 -1.400246 
2404 -1.400804 
3012 -1.400900 
1940 -1.401579 
867 -1.402236 
4264 -1.402684 
2613 -1.404103 
3279 -1.404652 
2781 -1.406076 
973 -1.406679 
2159 -1.407186 
152 -1.407951 
4826 -1.408259 
858 -1.408315 
2446 -1.409521 
1515 -1.412444 
4116 -1.414742 
4318 -1.414794 
3896 -1.415646 
3058 -1.417020 
2203 -1.417729 
4603 -1.419535 
2484 -1.420122 
4825 -1.420737 
3884 -1.421387 
258 -1.421776 
1241 -1.423508 
3395 -1.424884 
3078 -1.425206 
2947 -1.425990 
1501 -1.426480 
1619 -1.427006 
3958 -1.428037 
1824 -1.428174 
2608 -1.428674 
820 -1.429443 
1550 -1.431509 
2577 -1.432190 
1990 -1.434868 
2495 -1.434984 
4239 -1.435038 
4432 -1.436727 
893 -1.437856 
4127 -1.439192 
4879 -1.439849 
589 -1.440223 
4696 -1.440958 
2074 -1.442103 
385 -1.442689 
715 -1.443761 
3634 -1.444326 
3318 -1.444920 
2780 -1.444967 
2079 -1.446223 
929 -1.447458 
3076 -1.447630 
130 -1.447907 
2776 -1.447980 
616 -1.448323 
322 -1.448634 
114 -1.448642 
4796 -1.450878 
4191 -1.451242 
1744 -1.451913 
2082 -1.451957 
761 -1.453227 
1751 -1.453593 
2646 -1.454002 
2773 -1.454870 
4125 -1.454993 
857 -1.455705 
2745 -1.456203 
1868 -1.456500 
3503 -1.456531 
932 -1.457005 
964 -1.457241 
1166 -1.457453 
1741 -1.457989 
2037 -1.458381 
3553 -1.458696 
2537 -1.459060 
1654 -1.459061 
685 -1.459145 
2041 -1.460183 
4196 -1.460515 
4090 -1.460677 
3960 -1.461286 
2524 -1.461302 
2075 -1.461372 
1541 -1.461638 
134 -1.462692 
2067 -1.463047 
3473 -1.463356 
1421 -1.465422 
4126 -1.465755 
1611 -1.466800 
1710 -1.467448 
3272 -1.468565 
301 -1.468901 
444 -1.469015 
865 -1.470509 
3315 -1.471243 
2722 -1.471578 
522 -1.471784 
4669 -1.472709 
349 -1.472760 
1240 -1.473165 
1914 -1.473543 
2954 -1.475149 
1425 -1.475905 
4604 -1.476658 
2612 -1.477033 
4192 -1.477832 
965 -1.478151 
2985 -1.478719 
1978 -1.479372 
3673 -1.479734 
3724 -1.481089 
1459 -1.482368 
821 -1.482656 
4405 -1.483879 
4555 -1.484289 
618 -1.484954 
1303 -1.484967 
1323 -1.485152 
4959 -1.485580 
1417 -1.485645 
3891 -1.485875 
4474 -1.486002 
2410 -1.486431 
3639 -1.487636 
2481 -1.487719 
1909 -1.487841 
49 -1.488183 
4094 -1.488495 
2281 -1.489527 
2236 -1.489615 
3697 -1.490808 
3675 -1.491006 
1297 -1.491032 
4434 -1.491683 
3515 -1.491873 
2655 -1.493523 
3474 -1.494724 
2206 -1.495354 
4235 -1.496872 
1088 -1.497881 
4605 -1.497923 
3235 -1.498454 
4260 -1.498980 
1381 -1.499725 
1278 -1.499843 
520 -1.499912 
2241 -1.500230 
1090 -1.502387 
3557 -1.502809 
2867 -1.503203 
2033 -1.503784 
1170 -1.506021 
4082 -1.506717 
3772 -1.508656 
2196 -1.508826 
1995 -1.509195 
3677 -1.509399 
2579 -1.510291 
1380 -1.510955 
1556 -1.511924 
3191 -1.512088 
3961 -1.513125 
4201 -1.514714 
3965 -1.515329 
4556 -1.515527 
3350 -1.516257 
2415 -1.516728 
1904 -1.517199 
3510 -1.519430 
3595 -1.519993 
225 -1.520243 
1545 -1.520529 
3754 -1.520649 
2409 -1.520983 
451 -1.521517 
863 -1.521873 
3638 -1.522812 
1095 -1.522851 
3038 -1.523692 
2950 -1.523902 
1125 -1.523965 
4228 -1.525259 
1508 -1.525737 
1509 -1.525773 
3188 -1.526062 
1350 -1.527451 
2787 -1.527746 
4194 -1.529042 
359 -1.529083 
4980 -1.529111 
3972 -1.529477 
1831 -1.529732 
2991 -1.530386 
468 -1.530942 
896 -1.532865 
2113 -1.532929 
4641 -1.533444 
3313 -1.533708 
358 -1.533815 
4773 -1.533983 
3559 -1.534454 
3314 -1.535018 
4803 -1.535073 
4166 -1.535802 
591 -1.535847 
661 -1.536000 
1097 -1.536038 
617 -1.536047 
970 -1.536469 
450 -1.536925 
3145 -1.540063 
3587 -1.540087 
825 -1.540176 
3701 -1.540199 
4337 -1.540948 
3148 -1.543037 
196 -1.543957 
1513 -1.544041 
3379 -1.544583 
659 -1.544723 
3747 -1.545058 
1238 -1.545207 
4585 -1.545254 
1466 -1.545257 
4534 -1.545381 
4614 -1.545481 
1324 -1.545492 
3748 -1.545523 
3183 -1.545826 
2158 -1.546048 
3149 -1.546812 
3114 -1.546931 
1134 -1.547300 
1828 -1.548025 
1311 -1.548159 
4580 -1.548234 
790 -1.548346 
1247 -1.549399 
2574 -1.549848 
4406 -1.550704 
3469 -1.550731 
302 -1.551060 
1052 -1.551192 
855 -1.551310 
2283 -1.552570 
2008 -1.553239 
4063 -1.553761 
762 -1.554477 
547 -1.555464 
2117 -1.555551 
1464 -1.555597 
3276 -1.556360 
866 -1.556702 
757 -1.556792 
2940 -1.558804 
1164 -1.559255 
2447 -1.559615 
1420 -1.559681 
2645 -1.559885 
4701 -1.559967 
1092 -1.560219 
590 -1.560559 
3966 -1.560866 
2115 -1.561109 
1359 -1.561289 
1620 -1.561405 
1034 -1.562186 
1905 -1.562652 
1746 -1.562942 
4772 -1.562946 
1511 -1.563212 
2122 -1.563648 
1028 -1.563730 
4878 -1.564771 
3813 -1.564795 
2163 -1.565874 
1548 -1.566336 
2408 -1.567772 
1094 -1.568848 
3893 -1.569166 
3593 -1.569357 
4752 -1.570216 
2614 -1.570650 
1348 -1.570737 
3749 -1.570932 
4582 -1.571442 
1674 -1.571695 
1946 -1.571833 
4121 -1.572080 
3970 -1.572200 
2279 -1.572541 
4038 -1.572595 
1242 -1.572739 
4507 -1.573635 
2276 -1.574315 
942 -1.574497 
1245 -1.575668 
1098 -1.575786 
4853 -1.576082 
3155 -1.576528 
2201 -1.577182 
1749 -1.577423 
1549 -1.577632 
2649 -1.577729 
4506 -1.578168 
3962 -1.578461 
3441 -1.579130 
66 -1.580027 
657 -1.581905 
412 -1.582195 
3964 -1.582260 
861 -1.582649 
1514 -1.583118 
2860 -1.583431 
3998 -1.583515 
3664 -1.584015 
2493 -1.585138 
2716 -1.585516 
4508 -1.585684 
2782 -1.587162 
3594 -1.589839 
528 -1.590104 
3554 -1.590435 
4916 -1.590639 
1505 -1.590940 
3232 -1.591107 
469 -1.591265 
2911 -1.592219 
3468 -1.592322 
4343 -1.592370 
4675 -1.592975 
4800 -1.593398 
2526 -1.594573 
2813 -1.594589 
224 -1.594821 
1864 -1.595008 
3934 -1.595052 
1011 -1.595446 
3144 -1.595495 
3560 -1.595527 
3374 -1.595652 
1214 -1.595813 
1544 -1.596123 
2488 -1.596259 
1462 -1.596479 
2863 -1.597003 
1467 -1.597059 
1835 -1.597561 
4559 -1.597830 
2528 -1.598882 
2112 -1.599162 
2009 -1.600145 
203 -1.600433 
1394 -1.600480 
2277 -1.601312 
4197 -1.602066 
969 -1.602076 
2907 -1.603166 
2945 -1.603637 
2572 -1.603671 
2243 -1.606634 
1206 -1.606721 
3812 -1.606858 
1947 -1.607251 
2906 -1.607485 
1424 -1.607658 
1908 -1.607882 
939 -1.608113 
2609 -1.608251 
862 -1.608288 
897 -1.608839 
2233 -1.608860 
1246 -1.609240 
1169 -1.609898 
4232 -1.610035 
1173 -1.611329 
2909 -1.611677 
279 -1.612115 
1910 -1.612296 
2675 -1.612570 
3512 -1.613278 
1250 -1.614434 
4162 -1.614757 
765 -1.615029 
4576 -1.615445 
2273 -1.616444 
2078 -1.616968 
3971 -1.617133 
4203 -1.617898 
3472 -1.618292 
3894 -1.618499 
1175 -1.619019 
4023 -1.619351 
1426 -1.619841 
90 -1.619888 
2777 -1.619958 
4022 -1.620056 
3818 -1.620884 
4368 -1.621058 
1745 -1.621373 
2311 -1.621579 
2983 -1.622258 
3888 -1.622517 
2154 -1.623001 
3845 -1.624246 
2619 -1.624906 
2905 -1.625890 
2110 -1.626784 
4199 -1.626834 
1429 -1.627036 
4364 -1.627425 
387 -1.627495 
2573 -1.627759 
2194 -1.628016 
3596 -1.628099 
4158 -1.628239 
2565 -1.628262 
4053 -1.629262 
4983 -1.631988 
2332 -1.632093 
2946 -1.632586 
3849 -1.632725 
4086 -1.633098 
992 -1.633430 
1870 -1.633468 
70 -1.633684 
5020 -1.633801 
306 -1.634432 
1906 -1.634694 
1706 -1.634762 
1427 -1.636424 
4234 -1.636547 
1829 -1.637170 
3815 -1.637240 
901 -1.637400 
2107 -1.638077 
1168 -1.639068 
1869 -1.639244 
2530 -1.640592 
4233 -1.640901 
4157 -1.640962 
2237 -1.641114 
4122 -1.641391 
2942 -1.641984 
1093 -1.642163 
3274 -1.642524 
3433 -1.644006 
521 -1.644011 
2819 -1.644212 
2114 -1.645006 
2578 -1.645049 
418 -1.645482 
2485 -1.645743 
4018 -1.646793 
1387 -1.647903 
3233 -1.650274 
2015 -1.651204 
3810 -1.651927 
4198 -1.652212 
4583 -1.652338 
1129 -1.652522 
2575 -1.653118 
3198 -1.653684 
3928 -1.653850 
4829 -1.654047 
681 -1.654069 
3552 -1.655213 
197 -1.655379 
3994 -1.656553 
2570 -1.656769 
658 -1.657249 
3147 -1.657579 
1866 -1.658704 
2862 -1.659946 
2240 -1.660556 
1912 -1.660731 
4469 -1.660733 
252 -1.661531 
2901 -1.661536 
3239 -1.661721 
2162 -1.662708 
795 -1.663050 
2491 -1.663973 
3309 -1.664780 
3558 -1.665104 
860 -1.665695 
2306 -1.666041 
1679 -1.666130 
2821 -1.666995 
1474 -1.667173 
3597 -1.667654 
4497 -1.667736 
3858 -1.667922 
527 -1.668008 
4261 -1.668316 
3189 -1.668667 
3509 -1.668881 
3150 -1.668914 
4118 -1.669168 
3706 -1.669195 
3151 -1.669252 
1991 -1.669265 
1585 -1.669513 
1431 -1.669545 
1207 -1.671660 
3111 -1.671877 
2648 -1.672532 
3275 -1.673113 
2904 -1.673343 
4120 -1.673353 
4062 -1.673746 
1591 -1.675622 
2118 -1.676374 
3889 -1.676682 
1130 -1.676717 
4202 -1.676795 
2944 -1.677143 
2150 -1.677993 
2073 -1.678005 
1786 -1.678703 
1750 -1.678727 
1782 -1.679701 
1580 -1.679927 
3674 -1.679998 
3277 -1.680053 
1059 -1.680893 
3853 -1.681195 
3967 -1.682806 
2611 -1.682939 
1209 -1.683021 
1826 -1.683145 
625 -1.683988 
230 -1.684465 
3642 -1.685357 
1911 -1.685514 
417 -1.686002 
253 -1.686716 
4855 -1.686799 
823 -1.687393 
2449 -1.688304 
1273 -1.688542 
4433 -1.688590 
1951 -1.689271 
1171 -1.689306 
3890 -1.689341 
1781 -1.689490 
2744 -1.689620 
3312 -1.690097 
1244 -1.690561 
3230 -1.692509 
3925 -1.694806 
758 -1.695099 
2405 -1.695634 
1787 -1.695681 
2910 -1.695884 
2199 -1.695931 
1357 -1.696058 
1581 -1.696441 
1468 -1.696505 
3777 -1.696542 
2161 -1.696956 
4963 -1.699761 
2042 -1.700041 
3670 -1.700233 
935 -1.701623 
2779 -1.701827 
4526 -1.702099 
3550 -1.702302 
2822 -1.702763 
4437 -1.703165 
4727 -1.703205 
2700 -1.703537 
626 -1.703932 
1460 -1.704654 
202 -1.705108 
2444 -1.705424 
1086 -1.705893 
1872 -1.706478 
4370 -1.706692 
1358 -1.707015 
3193 -1.709439 
1552 -1.709924 
2448 -1.710118 
3633 -1.710382 
2696 -1.710949 
3310 -1.710955 
620 -1.711234 
3592 -1.711421 
4577 -1.712644 
4115 -1.713234 
1833 -1.713304 
1711 -1.714043 
830 -1.714483 
2951 -1.714548 
712 -1.714985 
3355 -1.715122 
4229 -1.715302 
4193 -1.716183 
357 -1.717373 
3778 -1.717443 
445 -1.718906 
3234 -1.719034 
2202 -1.720422 
3466 -1.720646 
1871 -1.720669 
154 -1.720842 
2198 -1.721730 
4920 -1.723741 
1877 -1.724094 
552 -1.726983 
1794 -1.727261 
4401 -1.727494 
2278 -1.727627 
2282 -1.727807 
1430 -1.727879 
386 -1.727893 
2981 -1.728076 
3112 -1.728691 
2820 -1.729074 
1614 -1.729876 
2785 -1.730209 
2740 -1.730650 
3470 -1.730922 
1582 -1.731092 
1672 -1.732426 
1584 -1.732919 
586 -1.733579 
1133 -1.733723 
936 -1.734981 
791 -1.735165 
3549 -1.735536 
92 -1.735753 
3194 -1.735795 
226 -1.736271 
416 -1.736299 
3267 -1.737043 
3671 -1.737243 
2197 -1.737523 
1058 -1.737795 
4533 -1.738295 
2072 -1.739192 
966 -1.739559 
3190 -1.740659 
3513 -1.740900 
2242 -1.741608 
2108 -1.742423 
3819 -1.742623 
4365 -1.742811 
381 -1.743517 
2445 -1.743580 
3814 -1.744113 
1830 -1.744503 
2239 -1.744524 
2825 -1.744803 
1970 -1.744941 
89 -1.745110 
1653 -1.745334 
789 -1.745399 
2984 -1.745968 
2156 -1.747036 
3351 -1.747288 
3376 -1.747381 
3545 -1.747699 
3921 -1.748310 
2902 -1.750189 
900 -1.750494 
3414 -1.750538 
2529 -1.750897 
3237 -1.751069 
1252 -1.751253 
1708 -1.751434 
655 -1.752074 
2489 -1.752113 
3184 -1.752164 
3700 -1.752521 
4962 -1.752606 
1780 -1.752633 
4438 -1.753119 
1465 -1.753167 
4531 -1.753306 
817 -1.753670 
173 -1.754572 
88 -1.755079 
3075 -1.755114 
1705 -1.755937 
2490 -1.756122 
2157 -1.756745 
4901 -1.757183 
621 -1.758449 
2861 -1.758815 
1176 -1.758852 
3480 -1.759700 
654 -1.760186 
1352 -1.760188 
4642 -1.760206 
3993 -1.760356 
447 -1.760685 
784 -1.761949 
255 -1.762185 
3110 -1.762503 
1274 -1.762592 
554 -1.762835 
3632 -1.763385 
4558 -1.763526 
2039 -1.763581 
1210 -1.764042 
231 -1.764267 
993 -1.764643 
1469 -1.765041 
4528 -1.765136 
2450 -1.765779 
4342 -1.766661 
4161 -1.767214 
1063 -1.767254 
2818 -1.767260 
3508 -1.769189 
1349 -1.769376 
994 -1.769471 
785 -1.769491 
4397 -1.771053 
3852 -1.771616 
4270 -1.772101 
3851 -1.772906 
1747 -1.773337 
2898 -1.773682 
1208 -1.774883 
653 -1.775485 
3809 -1.775884 
326 -1.776743 
3382 -1.776810 
3109 -1.776860 
1353 -1.777777 
3504 -1.778647 
3282 -1.778822 
4436 -1.779001 
3588 -1.779660 
3344 -1.779701 
4269 -1.780471 
1785 -1.780532 
3316 -1.780640 
1386 -1.781260 
3817 -1.781621 
3602 -1.781800 
2238 -1.782039 
2309 -1.784256 
3555 -1.784742 
549 -1.786332 
2153 -1.787020 
3273 -1.787364 
3475 -1.788922 
1174 -1.788987 
3518 -1.789826 
3929 -1.790707 
4961 -1.792418 
1551 -1.792619 
1972 -1.792723 
581 -1.793953 
2533 -1.794161 
868 -1.794316 
4471 -1.794486 
906 -1.795418 
902 -1.795911 
2569 -1.796653 
3669 -1.797077 
2786 -1.797371 
2713 -1.797456 
4673 -1.798217 
899 -1.798444 
1873 -1.799235 
558 -1.799420 
4374 -1.800110 
4828 -1.801965 
2379 -1.802270 
3808 -1.802739 
3308 -1.803107 
4674 -1.805963 
1506 -1.806115 
4117 -1.806254 
1547 -1.806273 
3926 -1.806631 
325 -1.807695 
587 -1.808366 
4403 -1.809178 
3238 -1.809342 
2377 -1.809621 
3442 -1.809925 
4470 -1.810374 
4341 -1.810979 
1298 -1.811139 
2351 -1.811146 
1789 -1.811245 
229 -1.811341 
2414 -1.811669 
1062 -1.812469 
2525 -1.813457 
2869 -1.814595 
1347 -1.814748 
1874 -1.815438 
1878 -1.815538 
4917 -1.815651 
109 -1.816923 
2411 -1.817351 
2077 -1.817358 
3186 -1.817948 
3590 -1.818153 
2718 -1.818609 
3636 -1.818700 
4402 -1.818709 
1060 -1.818815 
4852 -1.818985 
1354 -1.819059 
470 -1.819823 
2679 -1.820140 
824 -1.820244 
1865 -1.820445 
551 -1.820655 
2440 -1.821516 
4670 -1.821727 
2743 -1.822869 
3270 -1.822976 
585 -1.823383 
3356 -1.824200 
2948 -1.825011 
4937 -1.825304 
4606 -1.825355 
997 -1.825729 
2978 -1.826389 
3153 -1.826490 
690 -1.826967 
4002 -1.827391 
2827 -1.827727 
3506 -1.828749 
592 -1.829020 
3268 -1.829184 
1825 -1.829582 
3628 -1.830986 
3154 -1.831086 
3415 -1.832095 
4798 -1.832397 
2739 -1.833944 
2192 -1.833990 
2076 -1.834010 
1673 -1.835039 
1952 -1.835043 
4061 -1.835595 
3969 -1.835918 
278 -1.836081 
250 -1.836578 
2858 -1.836800 
553 -1.837201 
1126 -1.837718 
2697 -1.837849 
3115 -1.837904 
794 -1.839105 
3185 -1.839972 
1326 -1.840010 
792 -1.840602 
1546 -1.842106 
4697 -1.843687 
686 -1.843717 
2750 -1.844584 
4698 -1.844607 
4502 -1.845435 
382 -1.845841 
1821 -1.846177 
2374 -1.846511 
2486 -1.846526 
1949 -1.846527 
2531 -1.846793 
91 -1.846990 
3413 -1.847627 
2678 -1.848172 
1913 -1.848184 
390 -1.848351 
1671 -1.848612 
4266 -1.848687 
1057 -1.850041 
3013 -1.850094 
2865 -1.850294 
3885 -1.850355 
1510 -1.851122 
2454 -1.851473 
2941 -1.851563 
3774 -1.851683 
1385 -1.853687 
3231 -1.854900 
2857 -1.855934 
175 -1.856047 
419 -1.856899 
2069 -1.857077 
548 -1.857897 
829 -1.858508 
2443 -1.859008 
1382 -1.859981 
826 -1.860122 
4160 -1.861879 
796 -1.863459 
3850 -1.863794 
2068 -1.864012 
3352 -1.864400 
3698 -1.866112 
898 -1.866934 
1709 -1.868189 
327 -1.868588 
155 -1.868873 
3353 -1.869843 
4088 -1.869852 
330 -1.870191 
3057 -1.870268 
1205 -1.870563 
4830 -1.872006 
4530 -1.873152 
4724 -1.873543 
2442 -1.874489 
1388 -1.874514 
3278 -1.874568 
1502 -1.874828 
3225 -1.875352 
2856 -1.875389 
1165 -1.875618 
4238 -1.877038 
1637 -1.877107 
4465 -1.878096 
3146 -1.878796 
1461 -1.878872 
2532 -1.879166 
1615 -1.879281 
1061 -1.879606 
1053 -1.880264 
2244 -1.880715 
2618 -1.880855 
622 -1.881490 
2719 -1.881939 
4725 -1.883271 
355 -1.883632 
4262 -1.884051 
4037 -1.884369 
383 -1.884421 
501 -1.885578 
1470 -1.886259 
1329 -1.887659 
2866 -1.887753 
822 -1.888628 
1212 -1.889447 
4230 -1.890100 
1950 -1.891777 
2284 -1.891820 
4918 -1.892460 
2308 -1.892977 
1613 -1.893774 
2482 -1.893968 
4369 -1.894186 
4609 -1.895108 
3479 -1.895114 
4165 -1.895400 
2650 -1.896276 
4408 -1.896491 
4466 -1.897099 
4290 -1.897896 
87 -1.898290 
4799 -1.898393 
3478 -1.899223 
3665 -1.899602 
4801 -1.899724 
2817 -1.900256 
3349 -1.901435 
689 -1.902201 
1054 -1.902559 
172 -1.902795 
2013 -1.904589 
2741 -1.904652 
4941 -1.905291 
3933 -1.905550 
3883 -1.905781 
2617 -1.906043 
526 -1.908014 
2949 -1.908576 
4398 -1.909835 
4093 -1.909958 
4560 -1.910416 
4672 -1.910528 
1282 -1.910704 
1423 -1.911039 
3346 -1.912346 
3514 -1.913747 
2783 -1.915335 
1555 -1.916973 
4159 -1.918954 
442 -1.919110 
1702 -1.919933 
1249 -1.920257 
3445 -1.920932 
1994 -1.921512 
755 -1.923028 
793 -1.923352 
1993 -1.924848 
2746 -1.924874 
2826 -1.925581 
1422 -1.925991 
2567 -1.928466 
4237 -1.928552 
1822 -1.929177 
421 -1.929529 
4231 -1.929603 
4854 -1.929628 
3505 -1.929740 
4755 -1.930128 
2676 -1.930574 
1827 -1.931518 
4982 -1.932322 
174 -1.932764 
4529 -1.932875 
1213 -1.933607 
4754 -1.934154 
2121 -1.934986 
4373 -1.935368 
3311 -1.935929 
3631 -1.935982 
3927 -1.936463 
3637 -1.937102 
1743 -1.939547 
1201 -1.940764 
3781 -1.940925 
2314 -1.941856 
2193 -1.941919 
4054 -1.942150 
687 -1.942228 
4797 -1.942299 
3750 -1.942437 
3434 -1.943106 
4775 -1.943662 
3780 -1.944483 
2742 -1.944507 
4671 -1.944595 
3354 -1.944934 
4942 -1.945976 
1834 -1.945987 
3378 -1.948286 
1707 -1.948988 
384 -1.949279 
3854 -1.950739 
2774 -1.952270 
3113 -1.952482 
2378 -1.952560 
199 -1.952685 
201 -1.952795 
4578 -1.953471 
4504 -1.953653 
228 -1.955949 
3705 -1.956630 
2566 -1.956747 
3551 -1.957057 
4774 -1.957451 
1701 -1.957951 
1137 -1.958851 
2677 -1.960903 
1676 -1.961689 
3629 -1.962057 
1554 -1.962426 
3507 -1.962808 
1678 -1.963265 
1677 -1.963420 
1586 -1.965982 
550 -1.966146 
2038 -1.966939 
1132 -1.967357 
2986 -1.967368 
3477 -1.968659 
1553 -1.968805 
941 -1.971378 
4367 -1.971434 
4857 -1.972005 
1590 -1.973050 
2980 -1.974437 
1131 -1.976004 
741 -1.976387 
3226 -1.977087 
3922 -1.977726 
2494 -1.979195 
4634 -1.979645 
2534 -1.980085 
200 -1.980249 
2487 -1.980455 
692 -1.980540 
3439 -1.981700 
413 -1.981800 
3598 -1.981899 
4441 -1.982035 
2333 -1.982590 
329 -1.982664 
2246 -1.982692 
2109 -1.982994 
3082 -1.983955 
2864 -1.984144 
1428 -1.984153 
3080 -1.985449 
3517 -1.986756 
4638 -1.987866 
1327 -1.988003 
3281 -1.988133 
3601 -1.988716 
1942 -1.991065 
51 -1.991676 
110 -1.991947 
4666 -1.993074 
3783 -1.993137 
2982 -1.993147 
2814 -1.993364 
4265 -1.993392 
4802 -1.994260 
4639 -1.994843 
3846 -1.995737 
691 -1.999032 
1742 -1.999229 
2071 -1.999468 
3015 -1.999675 
3930 -2.000594 
3630 -2.001437 
4960 -2.002245 
786 -2.005575 
2116 -2.005845 
524 -2.005986 
3142 -2.007448 
1738 -2.007919 
1280 -2.008913 
4831 -2.011793 
2610 -2.011976 
2778 -2.012388 
4505 -2.013177 
1793 -2.013408 
4431 -2.013463 
1033 -2.013982 
2151 -2.014160 
1202 -2.015456 
2413 -2.015731 
2312 -2.016037 
2012 -2.016505 
1945 -2.019337 
3438 -2.019494 
3589 -2.019545 
3014 -2.019722 
4704 -2.020533 
1992 -2.021795 
153 -2.022135 
277 -2.022147 
4981 -2.022345 
2403 -2.022731 
1713 -2.024053 
2953 -2.025717 
4498 -2.026110 
1973 -2.026265 
3345 -2.026408 
415 -2.027559 
2721 -2.027867 
3412 -2.028489 
3187 -2.028531 
688 -2.028919 
3229 -2.029888 
1418 -2.030080 
4503 -2.031306 
2200 -2.031588 
615 -2.031707 
414 -2.031798 
1589 -2.031857 
2654 -2.035007 
2275 -2.035173 
2453 -2.035448 
3192 -2.036935 
4366 -2.038446 
254 -2.039335 
1463 -2.039391 
4089 -2.039932 
2245 -2.040467 
3083 -2.040499 
731 -2.040762 
1389 -2.041041 
4581 -2.042313 
894 -2.042451 
2014 -2.043359 
1583 -2.044204 
3467 -2.046753 
2698 -2.047257 
649 -2.049664 
5022 -2.051089 
937 -2.055045 
3152 -2.056193 
4699 -2.058661 
713 -2.060066 
2111 -2.061493 
3269 -2.064063 
2571 -2.064075 
1507 -2.064699 
1941 -2.066262 
1907 -2.066764 
3476 -2.067595 
111 -2.069071 
323 -2.069663 
2412 -2.069803 
2749 -2.069853 
2615 -2.070435 
1579 -2.070980 
972 -2.075243 
2234 -2.076325 
525 -2.077416 
350 -2.078192 
2606 -2.082857 
1010 -2.084028 
3317 -2.084421 
3375 -2.085042 
3820 -2.085686 
4771 -2.087819 
4729 -2.088502 
2441 -2.088987 
714 -2.089576 
449 -2.089857 
3377 -2.090095 
2990 -2.090480 
354 -2.090517 
198 -2.090519 
68 -2.091112 
739 -2.092383 
1948 -2.092744 
2653 -2.095439 
2310 -2.095591 
2205 -2.096507 
389 -2.096789 
650 -2.098864 
4613 -2.098916 
1351 -2.101955 
276 -2.103036 
133 -2.103850 
328 -2.104311 
4340 -2.105518 
4200 -2.105541 
3857 -2.106166 
1055 -2.106476 
3236 -2.107917 
3666 -2.112692 
656 -2.112886 
3676 -2.113995 
4083 -2.114694 
557 -2.114738 
3779 -2.115155 
1300 -2.115755 
113 -2.117719 
3081 -2.117849 
995 -2.119708 
717 -2.119808 
787 -2.120460 
2903 -2.120600 
1163 -2.122044 
1588 -2.122960 
4154 -2.125822 
3963 -2.125999 
582 -2.126639 
3753 -2.127383 
3704 -2.127531 
3440 -2.129683 
4919 -2.130506 
4020 -2.131067 
1473 -2.131552 
904 -2.131896 
1783 -2.132945 
2824 -2.133132 
519 -2.134151 
2155 -2.135348 
4317 -2.135537 
2652 -2.135572 
2989 -2.135810 
3106 -2.136526 
1031 -2.136729 
4876 -2.137528 
26 -2.137571 
4850 -2.144271 
4938 -2.144965 
2376 -2.147544 
69 -2.148818 
446 -2.149745 
4236 -2.152650 
4777 -2.154646 
3782 -2.156581 
4644 -2.157213 
2070 -2.157314 
3196 -2.157783 
2717 -2.159497 
1325 -2.159599 
3968 -2.162034 
1248 -2.162068 
4940 -2.162873 
2699 -2.165422 
4579 -2.166500 
4119 -2.166956 
2195 -2.167360 
2483 -2.168048 
2714 -2.168525 
3667 -2.170029 
1943 -2.173647 
2274 -2.174168 
257 -2.177804 
3932 -2.183739 
1703 -2.184431 
3197 -2.184863 
1917 -2.187413 
4467 -2.187713 
2748 -2.189429 
3816 -2.189964 
1512 -2.190243 
1239 -2.190314 
4060 -2.190937 
3641 -2.193093 
304 -2.196433 
4000 -2.198044 
2034 -2.198187 
3887 -2.198446 
3471 -2.200391 
4292 -2.200590 
2943 -2.205286 
3380 -2.206122 
3773 -2.206379 
171 -2.206699 
112 -2.209186 
3959 -2.211999 
356 -2.213437 
4726 -2.213720 
1393 -2.214242 
2616 -2.214377 
931 -2.215398 
1172 -2.217371 
934 -2.218224 
275 -2.219376 
4753 -2.220061 
2715 -2.220398 
3107 -2.220609 
177 -2.222848 
3516 -2.224483 
1788 -2.227490 
4608 -2.229138 
967 -2.233279 
1867 -2.234237 
556 -2.235190 
4204 -2.237612 
4607 -2.240770 
683 -2.242128 
2081 -2.242604 
4372 -2.243582 
4001 -2.245795 
3811 -2.248690 
3105 -2.250718 
4875 -2.251762 
3117 -2.252167 
3591 -2.252903 
1977 -2.255763 
2380 -2.257027 
2035 -2.260260 
1275 -2.260929 
2868 -2.262560 
5021 -2.263356 
1542 -2.263961 
4263 -2.266953 
4939 -2.268708 
4476 -2.270737 
4823 -2.273675 
2349 -2.274604 
3775 -2.275060 
1030 -2.275374 
1974 -2.276442 
1299 -2.277951 
1823 -2.278048 
4335 -2.278103 
3672 -2.283288 
2120 -2.284531 
3444 -2.284970 
3347 -2.289968 
1392 -2.290466 
588 -2.291229 
4640 -2.292410 
1472 -2.292682 
968 -2.293000 
2204 -2.294657 
3702 -2.294697 
1752 -2.295084 
3751 -2.295171 
4557 -2.296576 
3271 -2.298398 
760 -2.299562 
583 -2.300779 
1281 -2.304005 
2908 -2.307248 
1383 -2.308934 
1748 -2.313916 
4268 -2.315390 
996 -2.315951 
471 -2.315957 
1328 -2.316234 
1203 -2.316532 
2988 -2.319217 
3227 -2.319319 
828 -2.319956 
1277 -2.323804 
4877 -2.324972 
1976 -2.325798 
1091 -2.326309 
2044 -2.327427 
223 -2.327620 
1832 -2.328430 
1096 -2.331669 
2040 -2.335316 
864 -2.335812 
651 -2.338413 
2492 -2.339425 
905 -2.341607 
759 -2.343204 
2784 -2.346105 
4036 -2.349103 
4019 -2.354645 
2720 -2.358247 
1792 -2.359998 
2350 -2.360068 
1543 -2.361022 
227 -2.362848 
619 -2.363899 
3381 -2.363932 
2859 -2.370775 
4435 -2.372645 
2334 -2.375890 
2643 -2.376729 
3546 -2.379697 
682 -2.380318 
1167 -2.383696 
1243 -2.384780 
818 -2.387304 
3156 -2.389443 
2313 -2.391484 
523 -2.391506 
2527 -2.391651 
3280 -2.396450 
3892 -2.401345 
4124 -2.411546 
895 -2.411633 
1301 -2.412480 
1100 -2.416444 
2280 -2.419827 
3556 -2.420066 
1876 -2.425948 
2576 -2.431915 
3321 -2.436057 
2407 -2.442276 
3995 -2.445793 
4087 -2.445847 
4293 -2.449913 
1356 -2.455406 
2536 -2.460837 
1087 -2.460986 
2160 -2.462299 
2370 -2.463295 
963 -2.468101 
25 -2.477511 
3923 -2.478062 
4399 -2.480840 
305 -2.488656 
388 -2.489153 
930 -2.490124 
448 -2.490293 
4021 -2.490828 
50 -2.492749 
4527 -2.492998 
2647 -2.493122 
3600 -2.495084 
176 -2.500090 
4195 -2.500571 
4055 -2.502036 
4700 -2.506243 
3997 -2.510296 
1675 -2.512947 
4440 -2.515512 
2452 -2.517212 
4472 -2.517297 
1971 -2.518268 
4404 -2.521280 
1638 -2.522409 
4723 -2.523880 
4058 -2.526739 
3435 -2.526835 
4827 -2.527147 
3640 -2.527182 
716 -2.528272 
660 -2.531385 
3056 -2.534528 
4728 -2.542811 
4584 -2.543449 
4128 -2.548285 
351 -2.554207 
738 -2.554872 
2375 -2.555348 
624 -2.555717 
4155 -2.556586 
1136 -2.564872 
764 -2.565376 
940 -2.567046 
2899 -2.573117 
819 -2.573308 
3847 -2.575361 
256 -2.581692 
1419 -2.585727 
2815 -2.587773 
1432 -2.588076 
1127 -2.597288 
2235 -2.598180 
4092 -2.601610 
4499 -2.606174 
3079 -2.610489 
2371 -2.619937 
1516 -2.626150 
3752 -2.626215 
859 -2.632447 
1503 -2.633161 
3116 -2.634731 
3547 -2.639462 
3039 -2.641456 
2775 -2.644727 
3856 -2.659748 
4776 -2.660177 
3807 -2.665509 
2011 -2.669466 
131 -2.674815 
1916 -2.676560 
3320 -2.684180 
4339 -2.691714 
4532 -2.698584 
500 -2.703927 
4316 -2.709531 
4856 -2.718605 
4851 -2.719089 
1712 -2.726034 
1032 -2.753975 
2080 -2.758607 
443 -2.759184 
4164 -2.763297 
132 -2.768209 
3040 -2.780746 
740 -2.783682 
4612 -2.792439 
472 -2.800647 
1652 -2.823385 
2607 -2.828638 
1739 -2.829619 
1616 -2.831275 
4291 -2.836695 
4635 -2.851741 
3699 -2.854432 
3055 -2.874512 
2952 -2.897498 
4667 -2.905789 
3016 -2.945878 
2307 -2.952055 
420 -2.959187 
3143 -2.959820 
303 -2.972168 
67 -2.972764 
4900 -2.973449 
3411 -3.006811 
499 -3.045523 
711 -3.051327 
251 -3.062044 
1651 -3.079046 
2979 -3.079890 
2680 -3.334433 
4315 -3.498113 
