3031 1
3029 3.376014 
2847 3.211009 
1 3.095348 
3 2.815588 
989 2.604993 
34 2.493439 
685 2.487637 
1004 2.456233 
988 2.432554 
58 2.432324 
1005 2.424583 
1003 2.412416 
3013 2.409188 
268 2.402910 
2859 2.358992 
319 2.335673 
1574 2.320771 
35 2.309721 
1002 2.226092 
1038 2.212329 
2906 2.199259 
635 2.196328 
1039 2.167299 
9 2.154588 
1956 2.136411 
640 2.126009 
2848 2.104321 
8 2.080649 
1029 2.056824 
170 2.041800 
2962 2.036401 
2855 2.035928 
2856 2.030449 
1088 2.029495 
1023 2.026675 
2058 2.011306 
636 2.009276 
637 2.002113 
304 1.991962 
1044 1.985367 
1508 1.984888 
1608 1.983155 
64 1.983002 
1022 1.982687 
40 1.981938 
2873 1.981227 
10 1.980683 
2865 1.979598 
65 1.977994 
1033 1.977866 
639 1.977634 
2930 1.975675 
2851 1.975397 
1237 1.971785 
2056 1.971349 
2850 1.971302 
1603 1.968595 
1015 1.966107 
990 1.960551 
2964 1.960345 
1013 1.957247 
1509 1.949731 
2894 1.948039 
1017 1.942967 
2849 1.936918 
2853 1.933007 
41 1.932281 
2863 1.931184 
1024 1.927142 
1238 1.926896 
1012 1.926400 
1019 1.923847 
43 1.922897 
3016 1.919598 
2927 1.915104 
3015 1.914422 
2852 1.904909 
1028 1.904119 
1040 1.902861 
187 1.898581 
1020 1.898441 
1458 1.896868 
2881 1.891950 
66 1.887300 
1008 1.886159 
1021 1.882880 
2057 1.881250 
638 1.880286 
1501 1.875923 
2896 1.875259 
1018 1.874445 
1032 1.869020 
1035 1.868385 
1041 1.867139 
2862 1.866852 
1396 1.863903 
1194 1.863223 
1010 1.863110 
2912 1.856909 
2870 1.854485 
1459 1.851237 
52 1.847693 
2922 1.846782 
2913 1.843906 
179 1.841543 
1367 1.839929 
2958 1.839527 
1379 1.838543 
1368 1.835539 
3000 1.835321 
2936 1.834408 
1236 1.833073 
1504 1.830212 
1009 1.830117 
2858 1.829531 
860 1.828456 
2035 1.826895 
2899 1.826341 
2866 1.824298 
1027 1.821434 
1043 1.819247 
2928 1.818826 
1034 1.817946 
2917 1.817180 
1460 1.812252 
2860 1.810118 
1042 1.809320 
60 1.806657 
1380 1.806387 
2898 1.806254 
54 1.805886 
819 1.804998 
1461 1.804143 
1011 1.803755 
1026 1.803294 
2877 1.802784 
1025 1.801964 
1378 1.799341 
1072 1.798431 
46 1.796475 
1030 1.796306 
2874 1.795856 
1218 1.792481 
2897 1.792096 
1471 1.791249 
1224 1.789888 
1911 1.789875 
2895 1.786592 
1580 1.786200 
834 1.785444 
1615 1.785259 
258 1.784972 
683 1.784382 
1195 1.783850 
827 1.783695 
2940 1.782098 
2918 1.781858 
5 1.781155 
820 1.781005 
2047 1.780868 
1014 1.780564 
2910 1.778653 
1908 1.777444 
1352 1.777304 
1205 1.776832 
1375 1.776440 
1478 1.776036 
1381 1.775348 
850 1.775079 
832 1.774239 
2872 1.774120 
846 1.772775 
838 1.771422 
3009 1.771135 
37 1.769098 
2966 1.768014 
2932 1.767115 
1397 1.766922 
1630 1.766198 
1948 1.765201 
1384 1.764617 
813 1.764065 
2950 1.763937 
2869 1.763178 
1604 1.762661 
2055 1.761507 
2908 1.759434 
1016 1.758282 
1505 1.758107 
49 1.757357 
1210 1.757235 
1201 1.756957 
1225 1.756626 
684 1.756285 
246 1.756233 
844 1.755913 
1359 1.755601 
2854 1.755418 
1206 1.755183 
62 1.755082 
2907 1.754567 
6 1.754215 
2971 1.753696 
1622 1.752587 
63 1.751987 
1506 1.751208 
1476 1.751117 
1530 1.750525 
843 1.749663 
45 1.749519 
2864 1.748975 
3025 1.748205 
815 1.748088 
2938 1.747795 
1599 1.747060 
1351 1.746236 
840 1.746032 
853 1.745022 
261 1.744292 
2991 1.743199 
1491 1.742193 
1230 1.741634 
1486 1.740356 
1590 1.738060 
1617 1.736863 
1596 1.736618 
53 1.735729 
1588 1.735650 
1589 1.735371 
39 1.734897 
1454 1.734567 
1200 1.734465 
851 1.734064 
2921 1.733799 
1470 1.733408 
1910 1.733119 
1482 1.732803 
1920 1.732429 
2027 1.731907 
1485 1.731350 
2965 1.730155 
1209 1.730141 
2893 1.729679 
1366 1.728678 
1046 1.728464 
1372 1.728193 
2028 1.727973 
1219 1.727879 
861 1.727622 
3023 1.725410 
1935 1.725210 
1472 1.724716 
1068 1.723962 
1231 1.723705 
1578 1.722120 
653 1.720630 
50 1.719558 
2892 1.718873 
1940 1.718397 
1500 1.718380 
1234 1.717792 
2876 1.716921 
817 1.716632 
830 1.716236 
2010 1.716224 
849 1.716081 
1595 1.715524 
1214 1.714795 
1919 1.714761 
816 1.714524 
2016 1.714328 
2943 1.714309 
835 1.713453 
1487 1.713373 
1190 1.711449 
1197 1.711338 
1369 1.710752 
858 1.710611 
1078 1.710420 
1348 1.710391 
1947 1.710283 
2051 1.710253 
1941 1.710078 
1586 1.708904 
1467 1.708131 
1222 1.706593 
2048 1.706324 
1213 1.706002 
36 1.705830 
278 1.704373 
1497 1.704277 
1453 1.704129 
857 1.704031 
1360 1.703611 
1353 1.703522 
1347 1.703347 
61 1.702745 
1466 1.702458 
837 1.701834 
1392 1.701616 
1189 1.701120 
1374 1.701010 
854 1.700867 
1564 1.700743 
1223 1.700457 
833 1.699945 
1490 1.698663 
2014 1.698480 
845 1.698459 
1395 1.698405 
1494 1.696862 
1006 1.696590 
1196 1.696317 
1362 1.695946 
2861 1.695757 
1499 1.695635 
1515 1.695628 
859 1.695608 
649 1.695383 
852 1.695186 
1483 1.695042 
1516 1.693896 
1618 1.693572 
1385 1.692569 
1480 1.692405 
2013 1.692276 
829 1.692061 
821 1.691661 
3020 1.691513 
1479 1.691324 
848 1.690971 
1060 1.690006 
842 1.689596 
2032 1.689579 
1067 1.689142 
825 1.689016 
1536 1.688676 
1579 1.688132 
1563 1.688112 
1357 1.687885 
828 1.687875 
856 1.687623 
652 1.687256 
3007 1.687081 
1524 1.686952 
1235 1.685268 
2021 1.684375 
2042 1.683648 
1909 1.683509 
1481 1.683266 
1031 1.682850 
1216 1.682591 
2970 1.682070 
2024 1.682009 
1199 1.681345 
1551 1.680355 
1614 1.679480 
2942 1.678932 
831 1.678816 
1623 1.677866 
1913 1.676699 
1211 1.676611 
1616 1.676407 
648 1.675277 
1543 1.675244 
1202 1.674855 
1527 1.674565 
679 1.674562 
1488 1.674270 
1349 1.674170 
1083 1.673890 
2935 1.673259 
1581 1.673038 
1212 1.672812 
1912 1.672382 
1954 1.672343 
646 1.672255 
1001 1.672234 
1048 1.670732 
826 1.670602 
2041 1.670581 
1204 1.670529 
2947 1.670305 
1627 1.670041 
847 1.669767 
1077 1.669417 
1391 1.668592 
1934 1.668545 
1916 1.667361 
257 1.666902 
1475 1.666773 
2029 1.666349 
254 1.665445 
1215 1.664957 
1936 1.664710 
1087 1.664504 
1356 1.664046 
1507 1.663704 
839 1.663578 
1045 1.663456 
1955 1.662724 
1050 1.662591 
2941 1.662123 
1388 1.661854 
1228 1.661593 
1629 1.660952 
1492 1.660708 
1496 1.660142 
1598 1.660022 
1233 1.659981 
1389 1.658702 
2871 1.658680 
2994 1.658666 
3018 1.658453 
1529 1.658164 
1493 1.657799 
1917 1.657611 
2040 1.657327 
1924 1.656943 
2990 1.656863 
262 1.656609 
2882 1.656045 
1208 1.655696 
1921 1.655649 
1063 1.655194 
2954 1.654781 
1474 1.654036 
1473 1.653882 
1605 1.653333 
1358 1.653177 
1188 1.653004 
2992 1.652971 
1080 1.652091 
1350 1.651939 
1227 1.651863 
1594 1.651704 
1577 1.651448 
1058 1.651277 
1953 1.651199 
1925 1.650415 
664 1.650186 
1535 1.650093 
1477 1.649632 
1915 1.649144 
1503 1.649119 
812 1.648965 
659 1.648599 
1465 1.648522 
1587 1.648313 
1239 1.647460 
814 1.647090 
1539 1.646602 
2017 1.646584 
1929 1.646220 
2955 1.645281 
1544 1.645095 
1585 1.644168 
1498 1.643887 
1600 1.643793 
1571 1.643640 
2053 1.643332 
1927 1.643331 
1229 1.643250 
248 1.642993 
1625 1.642882 
1363 1.642867 
1049 1.642408 
1621 1.641567 
2948 1.641073 
672 1.640959 
3010 1.640778 
1468 1.640672 
2008 1.640110 
1606 1.640103 
1469 1.639966 
1553 1.639963 
2915 1.639455 
47 1.639442 
841 1.637720 
1938 1.637645 
1191 1.637593 
2009 1.637173 
264 1.636869 
1907 1.636232 
1226 1.636173 
1203 1.635755 
1355 1.635249 
1489 1.634883 
2045 1.634879 
663 1.634502 
1495 1.634465 
3008 1.634174 
1054 1.633745 
1923 1.633685 
682 1.633267 
1073 1.632871 
1613 1.632841 
1386 1.632188 
1193 1.631634 
1370 1.631477 
1512 1.630956 
1056 1.630053 
855 1.629761 
1220 1.629576 
2875 1.628210 
1546 1.628122 
836 1.627707 
2015 1.627531 
1928 1.627526 
1082 1.627481 
259 1.627265 
1570 1.627221 
2019 1.626824 
2919 1.626743 
1547 1.626522 
1390 1.625185 
2046 1.624660 
249 1.623658 
1066 1.623138 
818 1.623064 
3012 1.622724 
1610 1.622347 
2025 1.622327 
1455 1.622108 
1930 1.622035 
678 1.621457 
1517 1.621172 
1057 1.619906 
1075 1.619564 
822 1.619298 
1582 1.619133 
1393 1.619050 
1609 1.618711 
1373 1.617890 
1502 1.617883 
2879 1.617754 
1612 1.617328 
1626 1.617122 
1394 1.614981 
1061 1.614710 
51 1.614499 
1051 1.614196 
1361 1.613678 
1560 1.613650 
1065 1.613465 
2867 1.613456 
1387 1.612892 
1573 1.612873 
670 1.612641 
1593 1.612526 
1545 1.612082 
1464 1.611048 
1566 1.610095 
2961 1.609668 
1542 1.609182 
1217 1.608996 
2920 1.608891 
2868 1.608854 
999 1.608853 
1538 1.608417 
1558 1.607374 
674 1.606951 
2020 1.606551 
1071 1.606536 
1523 1.606375 
1624 1.604308 
247 1.603805 
662 1.602192 
2038 1.602147 
1207 1.602115 
651 1.600669 
3026 1.600212 
1086 1.599948 
2039 1.599550 
2036 1.599318 
1583 1.598792 
644 1.598358 
1069 1.597825 
823 1.597810 
266 1.597582 
1607 1.597424 
38 1.597374 
265 1.596737 
1611 1.596722 
1525 1.596661 
283 1.595894 
2993 1.595711 
1592 1.595482 
2973 1.595187 
1552 1.595103 
1354 1.593941 
658 1.593366 
1951 1.592693 
1914 1.592539 
1569 1.592231 
1620 1.590932 
1084 1.590756 
2969 1.589368 
668 1.589333 
1520 1.589325 
1232 1.589204 
1062 1.588956 
1945 1.588443 
3024 1.588143 
1522 1.588112 
645 1.588092 
1463 1.587880 
2044 1.587598 
1628 1.587333 
1931 1.587145 
2018 1.586434 
1942 1.586256 
1521 1.585663 
1943 1.585278 
2054 1.584748 
1377 1.584717 
1572 1.584456 
675 1.584217 
1079 1.584146 
824 1.584113 
1548 1.583638 
1550 1.583484 
1584 1.582890 
1576 1.581753 
2034 1.581714 
1085 1.581058 
2923 1.579786 
3021 1.579626 
1055 1.579308 
1532 1.579188 
1933 1.578077 
1534 1.577973 
252 1.577845 
44 1.574065 
1365 1.572956 
1514 1.572572 
2012 1.571682 
3014 1.571383 
1198 1.571031 
1946 1.570631 
2883 1.570576 
1906 1.570380 
2026 1.570374 
48 1.570324 
665 1.570069 
660 1.569704 
666 1.569441 
1591 1.568985 
1561 1.568716 
2023 1.568596 
1059 1.568141 
2011 1.567829 
657 1.567179 
7 1.566999 
661 1.566937 
1932 1.565115 
1221 1.564621 
184 1.564259 
2022 1.563827 
1519 1.563813 
1939 1.563716 
1518 1.563586 
1053 1.562664 
2030 1.562638 
680 1.562425 
1602 1.560585 
2878 1.560186 
2946 1.559839 
1555 1.558637 
1556 1.557872 
1382 1.556658 
667 1.556140 
1528 1.555316 
1619 1.555063 
2925 1.553600 
1081 1.553155 
282 1.552894 
2033 1.552339 
2972 1.551979 
1601 1.551918 
1540 1.551495 
676 1.551234 
253 1.551210 
1364 1.550440 
2968 1.550236 
1567 1.550139 
1452 1.549971 
1513 1.549603 
280 1.548660 
1076 1.547816 
2967 1.546990 
1949 1.546277 
673 1.545869 
1559 1.545449 
1070 1.544999 
654 1.542243 
2037 1.541025 
671 1.539764 
2049 1.538833 
1533 1.538495 
1926 1.538424 
1937 1.538056 
2931 1.537778 
3004 1.537492 
2979 1.537492 
1918 1.536072 
647 1.535951 
276 1.534001 
2043 1.533558 
1554 1.531899 
4 1.531119 
2960 1.530436 
1922 1.527271 
987 1.526928 
1549 1.525720 
677 1.524693 
1537 1.523360 
1557 1.523015 
1541 1.522255 
2031 1.521407 
2050 1.519936 
986 1.519130 
1511 1.518365 
1074 1.518114 
1052 1.516762 
1562 1.516275 
277 1.515999 
175 1.515746 
1526 1.515414 
1597 1.514053 
3028 1.514037 
250 1.514024 
2977 1.513824 
3001 1.513347 
669 1.513184 
681 1.513118 
1462 1.513114 
1575 1.511220 
2924 1.510684 
1383 1.508945 
2995 1.508282 
279 1.507316 
1457 1.507289 
267 1.506927 
2909 1.506626 
985 1.503756 
2963 1.503424 
1456 1.503214 
3002 1.502753 
862 1.499728 
1000 1.499655 
3027 1.499466 
2987 1.499332 
281 1.498189 
2959 1.495467 
1371 1.495042 
3017 1.493878 
655 1.492573 
188 1.489978 
1064 1.489399 
1568 1.488729 
1484 1.488166 
2989 1.488160 
1944 1.486566 
1950 1.485850 
2880 1.484605 
641 1.482391 
2914 1.481220 
255 1.479828 
1531 1.478362 
1565 1.475651 
3006 1.475520 
2983 1.472809 
2052 1.470088 
260 1.469964 
2945 1.464284 
1007 1.462806 
656 1.458749 
1376 1.457760 
263 1.454484 
3005 1.451930 
650 1.448293 
2996 1.443820 
2985 1.440253 
1192 1.429902 
643 1.425009 
2988 1.424095 
2981 1.417136 
2916 1.414363 
2980 1.408792 
251 1.407807 
2984 1.406898 
2982 1.405374 
1952 1.400732 
642 1.400260 
3011 1.397632 
2933 1.388134 
2934 1.387918 
2949 1.387365 
2911 1.383784 
2986 1.359270 
2937 1.337584 
2939 1.329624 
2944 1.328151 
3030 1.320070 
2976 1.315444 
2956 1.315357 
186 1.311150 
2999 1.310266 
2975 1.304743 
182 1.301363 
1510 1.296175 
2952 1.288705 
2978 1.286049 
2974 1.286006 
2951 1.281238 
194 1.280536 
3022 1.258719 
2998 1.256622 
1047 1.251350 
1036 1.241417 
2997 1.240688 
3003 1.237581 
3019 1.226118 
2953 1.223181 
2957 1.220495 
42 1.220487 
75 1.162732 
196 1.140930 
0 1.117024 
2929 1.098473 
2926 1.094696 
991 1.004999 
59 0.963171 
1037 0.855698 
178 0.835650 
992 0.819252 
2 0.700167 
269 0.542769 
270 0.535031 
998 0.364537 
2884 0.236959 
2885 0.210836 
285 0.154137 
284 0.098914 
85 0.077162 
2901 -0.009659 
87 -0.017789 
144 -0.050550 
2900 -0.086312 
993 -0.101136 
162 -0.113294 
322 -0.126164 
305 -0.166950 
88 -0.228834 
312 -0.242264 
326 -0.254844 
273 -0.255891 
309 -0.261725 
420 -0.347703 
327 -0.362143 
233 -0.380104 
211 -0.390831 
385 -0.398073 
117 -0.399513 
116 -0.404661 
243 -0.409486 
928 -0.420077 
929 -0.429012 
318 -0.442491 
171 -0.453639 
400 -0.456268 
2760 -0.456450 
203 -0.466421 
236 -0.483702 
2844 -0.489252 
452 -0.499626 
207 -0.539667 
358 -0.543857 
157 -0.570124 
301 -0.575709 
2420 -0.577518 
2731 -0.579542 
357 -0.581043 
2312 -0.598527 
31 -0.603142 
185 -0.604304 
2828 -0.604507 
686 -0.622334 
2421 -0.632766 
219 -0.644359 
417 -0.669015 
145 -0.670700 
11 -0.676184 
74 -0.682004 
1289 -0.683098 
15 -0.690595 
2794 -0.696649 
2888 -0.697226 
105 -0.705017 
1288 -0.705778 
2838 -0.707202 
172 -0.718125 
2799 -0.718961 
2806 -0.719946 
159 -0.720530 
100 -0.722329 
176 -0.722364 
337 -0.726699 
2773 -0.727077 
2313 -0.728296 
633 -0.729825 
1682 -0.730281 
256 -0.732810 
202 -0.736383 
215 -0.739407 
508 -0.741400 
2676 -0.743868 
2771 -0.744762 
2735 -0.745381 
391 -0.746538 
103 -0.751516 
416 -0.758985 
295 -0.759226 
2904 -0.759528 
300 -0.761190 
2271 -0.762052 
2857 -0.762396 
548 -0.763850 
407 -0.764261 
365 -0.764552 
809 -0.764758 
208 -0.771461 
864 -0.774022 
406 -0.775646 
97 -0.777808 
1185 -0.779360 
2782 -0.780491 
632 -0.780930 
346 -0.781043 
2819 -0.783004 
333 -0.784140 
173 -0.789443 
320 -0.789637 
2845 -0.790623 
1290 -0.791038 
2835 -0.792615 
180 -0.794020 
33 -0.794694 
808 -0.795210 
810 -0.796848 
244 -0.797528 
2823 -0.802961 
1089 -0.805543 
1904 -0.806911 
386 -0.813197 
366 -0.813388 
70 -0.817457 
2791 -0.818264 
165 -0.818948 
81 -0.819603 
93 -0.820262 
239 -0.825786 
291 -0.828888 
436 -0.829494 
2473 -0.831610 
242 -0.831977 
2531 -0.832833 
1184 -0.833001 
410 -0.836761 
763 -0.837452 
2109 -0.839290 
1186 -0.841491 
218 -0.844988 
1449 -0.845094 
512 -0.847316 
2059 -0.851648 
13 -0.851684 
2573 -0.852805 
190 -0.854145 
408 -0.854620 
1849 -0.854766 
2472 -0.855620 
1850 -0.857995 
2834 -0.863168 
871 -0.868168 
1683 -0.868798 
463 -0.869844 
439 -0.872048 
2816 -0.875575 
715 -0.875765 
1680 -0.876736 
868 -0.882830 
102 -0.884023 
191 -0.890170 
510 -0.890796 
2574 -0.892154 
2832 -0.894714 
1448 -0.896471 
57 -0.896958 
2616 -0.898358 
714 -0.899596 
2759 -0.901250 
2615 -0.904392 
2728 -0.911577 
2784 -0.916322 
2108 -0.918360 
1345 -0.919762 
2572 -0.919922 
2805 -0.919952 
867 -0.920449 
335 -0.921547 
16 -0.921806 
228 -0.925615 
1090 -0.926645 
2843 -0.926831 
150 -0.927346 
718 -0.927623 
1447 -0.931664 
514 -0.932379 
869 -0.933473 
2755 -0.939773 
932 -0.940240 
122 -0.942074 
2770 -0.946309 
2213 -0.948229 
2729 -0.948497 
2270 -0.952001 
169 -0.953144 
753 -0.955712 
1739 -0.956705 
68 -0.956723 
120 -0.957008 
2419 -0.958966 
1276 -0.960766 
299 -0.964744 
496 -0.965524 
220 -0.965633 
181 -0.972109 
464 -0.972509 
80 -0.973435 
2311 -0.973489 
752 -0.973733 
232 -0.974049 
2826 -0.975352 
1287 -0.980430 
2214 -0.981959 
296 -0.983854 
687 -0.984296 
245 -0.987336 
32 -0.989489 
210 -0.989949 
1155 -0.990817 
195 -0.993322 
1344 -0.995246 
1450 -0.995472 
192 -0.997446 
770 -1.000590 
927 -1.001935 
2178 -1.001966 
1137 -1.002219 
2813 -1.002745 
72 -1.002910 
315 -1.008058 
373 -1.009581 
158 -1.010159 
140 -1.013564 
2005 -1.018117 
344 -1.018296 
197 -1.022586 
865 -1.023741 
762 -1.027088 
453 -1.028630 
275 -1.028911 
2753 -1.031344 
866 -1.032129 
148 -1.032818 
2690 -1.034796 
235 -1.035718 
1835 -1.037153 
451 -1.038388 
2536 -1.039257 
298 -1.041096 
2627 -1.042081 
1785 -1.042334 
67 -1.042849 
483 -1.042902 
95 -1.043852 
1666 -1.045956 
177 -1.047104 
2831 -1.047120 
1752 -1.048009 
940 -1.048173 
2315 -1.048813 
1639 -1.049259 
2434 -1.049975 
288 -1.050179 
2736 -1.051133 
515 -1.051831 
205 -1.051933 
124 -1.052176 
511 -1.056485 
1851 -1.056544 
2215 -1.058990 
370 -1.060609 
918 -1.062113 
1183 -1.062917 
2727 -1.063072 
2272 -1.063497 
119 -1.064376 
2777 -1.064447 
1791 -1.064546 
2827 -1.065735 
907 -1.066458 
1963 -1.066537 
230 -1.067088 
870 -1.067284 
2790 -1.067938 
77 -1.068059 
2426 -1.068580 
1139 -1.069402 
371 -1.070276 
83 -1.070773 
224 -1.072055 
343 -1.073407 
2526 -1.075420 
1150 -1.075698 
972 -1.075881 
331 -1.076541 
164 -1.076565 
1282 -1.077847 
459 -1.078294 
152 -1.080719 
168 -1.080917 
2060 -1.081134 
1275 -1.082322 
356 -1.082428 
1957 -1.082493 
1792 -1.082861 
764 -1.084072 
2006 -1.084928 
1298 -1.085347 
898 -1.087495 
600 -1.087772 
1138 -1.088170 
807 -1.088568 
379 -1.088971 
121 -1.089257 
2737 -1.090197 
1684 -1.090566 
2675 -1.090954 
2738 -1.091636 
2772 -1.092749 
217 -1.094145 
2802 -1.096015 
1446 -1.096372 
757 -1.097231 
2742 -1.097429 
352 -1.098252 
455 -1.099205 
1779 -1.100153 
2475 -1.100795 
2163 -1.100831 
340 -1.100923 
1091 -1.101619 
1243 -1.102579 
484 -1.102591 
1177 -1.103063 
2786 -1.103166 
107 -1.103238 
2721 -1.103339 
1247 -1.103623 
1786 -1.104909 
1154 -1.105214 
572 -1.105294 
1277 -1.106017 
2173 -1.106199 
2203 -1.109097 
1156 -1.109828 
914 -1.110564 
2296 -1.111402 
1638 -1.112753 
381 -1.114188 
2562 -1.116712 
1962 -1.118811 
78 -1.119757 
980 -1.119932 
2840 -1.120974 
193 -1.121855 
2210 -1.121894 
719 -1.122570 
342 -1.123258 
167 -1.123365 
303 -1.125040 
2404 -1.125794 
863 -1.126863 
513 -1.127750 
1258 -1.128298 
2204 -1.129645 
2172 -1.130049 
1411 -1.131625 
2818 -1.131741 
1798 -1.131924 
1958 -1.131984 
2757 -1.132198 
502 -1.132384 
939 -1.133617 
353 -1.133783 
1442 -1.133829 
1847 -1.134114 
1972 -1.134159 
2464 -1.134184 
457 -1.134223 
2726 -1.134668 
1425 -1.135179 
189 -1.135386 
475 -1.137267 
2457 -1.137981 
2435 -1.138044 
222 -1.138878 
1248 -1.139186 
2822 -1.139475 
1339 -1.140460 
2205 -1.141396 
1253 -1.143648 
2542 -1.143678 
1281 -1.143858 
878 -1.144764 
559 -1.144883 
952 -1.145615 
153 -1.146135 
2741 -1.146164 
1740 -1.146258 
2745 -1.147075 
2261 -1.147106 
1283 -1.147159 
1733 -1.147593 
313 -1.147779 
2118 -1.147921 
199 -1.149420 
2463 -1.149474 
2003 -1.150562 
945 -1.151802 
2456 -1.152234 
2532 -1.152491 
1132 -1.153010 
2525 -1.153248 
2221 -1.153419 
560 -1.153568 
401 -1.154203 
1751 -1.154314 
2781 -1.155031 
206 -1.155905 
2798 -1.156258 
2280 -1.156301 
1292 -1.156350 
141 -1.157025 
387 -1.157412 
69 -1.157457 
2306 -1.157576 
2812 -1.159196 
2793 -1.159933 
372 -1.160488 
1662 -1.160589 
897 -1.160595 
2411 -1.160751 
970 -1.162465 
1173 -1.162578 
1170 -1.162621 
458 -1.162681 
297 -1.162686 
584 -1.163114 
915 -1.163185 
631 -1.163964 
1819 -1.164834 
2720 -1.165124 
2403 -1.165613 
971 -1.165816 
2179 -1.166134 
1410 -1.166164 
1422 -1.166448 
376 -1.166537 
2808 -1.166863 
1405 -1.167030 
495 -1.168115 
329 -1.168205 
132 -1.168210 
1430 -1.168818 
551 -1.171020 
2266 -1.171617 
476 -1.171722 
1981 -1.171796 
474 -1.171818 
1814 -1.172357 
2691 -1.174177 
412 -1.174606 
1855 -1.174684 
2427 -1.174843 
1670 -1.175212 
2119 -1.175244 
1809 -1.175423 
125 -1.175504 
2077 -1.175811 
2437 -1.175958 
2558 -1.176456 
1262 -1.176529 
1813 -1.177720 
414 -1.178277 
2202 -1.178475 
2264 -1.179021 
1417 -1.179103 
1665 -1.179292 
1270 -1.179357 
886 -1.179734 
2004 -1.179996 
906 -1.180264 
911 -1.180401 
2465 -1.180408 
2187 -1.181596 
1160 -1.181725 
462 -1.182592 
961 -1.182813 
2622 -1.183266 
894 -1.183650 
951 -1.183822 
1146 -1.183872 
2709 -1.184165 
2489 -1.184646 
917 -1.184819 
2281 -1.185310 
1263 -1.185471 
1176 -1.185925 
1657 -1.185988 
599 -1.186085 
1651 -1.186384 
558 -1.186692 
2714 -1.187093 
1161 -1.187470 
348 -1.187629 
200 -1.187892 
1634 -1.187908 
1329 -1.188732 
503 -1.188914 
2563 -1.189001 
1113 -1.189639 
1971 -1.189813 
2286 -1.189852 
872 -1.189943 
901 -1.190359 
1286 -1.190627 
2369 -1.190799 
2359 -1.191197 
2177 -1.192298 
1252 -1.192389 
1645 -1.192549 
1671 -1.192750 
2746 -1.194223 
902 -1.194226 
2471 -1.194336 
2430 -1.194916 
579 -1.195267 
2809 -1.195848 
1169 -1.195850 
1844 -1.196150 
1242 -1.196185 
390 -1.196310 
2551 -1.196393 
1143 -1.196520 
1827 -1.196583 
2303 -1.196654 
1424 -1.197322 
2698 -1.197577 
947 -1.198005 
1780 -1.198203 
163 -1.198808 
2748 -1.199109 
1655 -1.199192 
786 -1.199364 
2713 -1.199583 
1182 -1.199609 
2571 -1.199654 
2162 -1.199872 
965 -1.200280 
2197 -1.200704 
783 -1.200858 
958 -1.201168 
771 -1.201689 
1986 -1.201763 
953 -1.201916 
798 -1.202099 
879 -1.202669 
336 -1.202825 
2425 -1.202934 
550 -1.202956 
2547 -1.203222 
382 -1.203906 
2450 -1.204335 
1165 -1.204517 
2710 -1.204854 
769 -1.205006 
2188 -1.205273 
957 -1.205579 
2820 -1.206120 
2329 -1.206349 
1830 -1.206411 
1978 -1.206962 
2697 -1.206983 
1127 -1.207153 
1172 -1.207610 
923 -1.208166 
1164 -1.208290 
1423 -1.208381 
2717 -1.208460 
873 -1.208972 
946 -1.209631 
1756 -1.209690 
1309 -1.210596 
2754 -1.210760 
2761 -1.211131 
1246 -1.211305 
1264 -1.211789 
1435 -1.211854 
1834 -1.211863 
2530 -1.212021 
2715 -1.212105 
1633 -1.212267 
1658 -1.212296 
1790 -1.212660 
2684 -1.212867 
1259 -1.213193 
2824 -1.213223 
2628 -1.213428 
2277 -1.213869 
981 -1.214025 
1340 -1.214115 
1413 -1.214306 
1412 -1.214537 
778 -1.214869 
2692 -1.215000 
2494 -1.215069 
887 -1.215690 
349 -1.216101 
802 -1.217799 
1641 -1.217950 
938 -1.217986 
2706 -1.218299 
2811 -1.218309 
2076 -1.218428 
2088 -1.218799 
2219 -1.218882 
1145 -1.218885 
2237 -1.219084 
1997 -1.219165 
717 -1.219375 
1268 -1.219703 
1673 -1.219726 
627 -1.219734 
2617 -1.219777 
1903 -1.219888 
2220 -1.220032 
2570 -1.220218 
921 -1.221090 
931 -1.221387 
1679 -1.221497 
908 -1.221630 
1434 -1.221672 
888 -1.221800 
2260 -1.223255 
806 -1.223593 
1678 -1.223629 
2297 -1.223741 
880 -1.223792 
1826 -1.223899 
1149 -1.223914 
497 -1.224120 
2412 -1.224516 
561 -1.224685 
2287 -1.225425 
2462 -1.225954 
1131 -1.226168 
2279 -1.226311 
2002 -1.226581 
756 -1.226772 
1644 -1.226952 
2694 -1.227187 
1820 -1.227327 
913 -1.227548 
1308 -1.227667 
779 -1.227724 
772 -1.227935 
2182 -1.230083 
2160 -1.230258 
2829 -1.230808 
2186 -1.231615 
553 -1.231640 
909 -1.231884 
1269 -1.232403 
2685 -1.232412 
966 -1.232533 
2336 -1.232735 
1429 -1.232776 
2304 -1.232822 
1650 -1.232840 
1314 -1.232967 
2446 -1.233318 
2718 -1.233370 
1660 -1.233483 
2120 -1.234033 
1734 -1.234208 
2550 -1.234231 
2365 -1.234452 
1148 -1.234692 
613 -1.234861 
1330 -1.235294 
1992 -1.235325 
2440 -1.235667 
1322 -1.236474 
2265 -1.236860 
421 -1.236874 
2194 -1.237048 
2527 -1.237054 
2302 -1.237339 
797 -1.237857 
777 -1.237907 
1637 -1.238022 
1842 -1.238467 
893 -1.238485 
1977 -1.238510 
351 -1.238513 
889 -1.238894 
1265 -1.238977 
2387 -1.239066 
565 -1.239264 
1710 -1.239424 
424 -1.239649 
2181 -1.239717 
55 -1.239771 
1151 -1.239820 
1099 -1.240278 
2702 -1.240414 
2577 -1.240834 
1724 -1.241082 
2701 -1.241345 
922 -1.241534 
1249 -1.241563 
899 -1.241597 
801 -1.242081 
1805 -1.242188 
2292 -1.242362 
2546 -1.242875 
1831 -1.242981 
2581 -1.243414 
1677 -1.243567 
2149 -1.243816 
1845 -1.244150 
2209 -1.244207 
1973 -1.244245 
2290 -1.244619 
2588 -1.245021 
2565 -1.245431 
1266 -1.245473 
1409 -1.245592 
1841 -1.245683 
2482 -1.245835 
1144 -1.245961 
793 -1.246168 
2193 -1.246239 
803 -1.246434 
2567 -1.246658 
183 -1.246750 
1325 -1.246814 
2512 -1.246876 
1305 -1.246926 
1302 -1.247300 
1856 -1.247417 
2483 -1.247616 
934 -1.248120 
2164 -1.248237 
1897 -1.248266 
960 -1.249122 
1799 -1.249294 
554 -1.249333 
788 -1.249621 
782 -1.249693 
138 -1.250125 
950 -1.250291 
1171 -1.250570 
1980 -1.250696 
1877 -1.250953 
2693 -1.251374 
1822 -1.251448 
775 -1.251457 
1801 -1.251565 
2722 -1.251804 
751 -1.251812 
585 -1.252013 
2839 -1.252019 
933 -1.252269 
2453 -1.252634 
2233 -1.252695 
482 -1.252696 
1098 -1.252755 
470 -1.252809 
1400 -1.252821 
2511 -1.253074 
787 -1.253128 
2238 -1.253425 
784 -1.253606 
2837 -1.253910 
2433 -1.254026 
465 -1.254497 
1437 -1.254889 
1725 -1.254927 
2301 -1.254942 
2593 -1.256010 
573 -1.256314 
1241 -1.256431 
2291 -1.256544 
1332 -1.256780 
796 -1.256870 
1436 -1.256931 
1793 -1.256996 
90 -1.257143 
1892 -1.257556 
792 -1.257791 
1701 -1.257858 
903 -1.257900 
2337 -1.257942 
1669 -1.258106 
910 -1.258186 
1250 -1.258209 
1769 -1.258372 
435 -1.258607 
2517 -1.259011 
2253 -1.259019 
477 -1.259243 
1654 -1.259542 
1800 -1.259946 
874 -1.259952 
2708 -1.260324 
2749 -1.260467 
1808 -1.260796 
997 -1.261271 
2767 -1.262133 
583 -1.262204 
1398 -1.262266 
1722 -1.262293 
799 -1.262940 
1998 -1.262989 
2552 -1.263050 
2541 -1.263311 
2719 -1.263841 
1178 -1.264851 
791 -1.265226 
2537 -1.265400 
2825 -1.265455 
2084 -1.265516 
1414 -1.265688 
2348 -1.265910 
881 -1.266256 
1674 -1.266452 
2681 -1.266483 
905 -1.266807 
2174 -1.266828 
2707 -1.266956 
1806 -1.266987 
2566 -1.267096 
2461 -1.267170 
2535 -1.267531 
973 -1.267630 
1766 -1.267899 
2066 -1.268066 
941 -1.268617 
1438 -1.268750 
2451 -1.268762 
1838 -1.268808 
1313 -1.268868 
1142 -1.269469 
2502 -1.269532 
1428 -1.269590 
2469 -1.269879 
1802 -1.269937 
1996 -1.270280 
1261 -1.270675 
1653 -1.270927 
2171 -1.270960 
2310 -1.271291 
2683 -1.271441 
1293 -1.271475 
2241 -1.271512 
1836 -1.271618 
1818 -1.271704 
1816 -1.271707 
1441 -1.271951 
2660 -1.272068 
626 -1.272380 
2155 -1.272459 
773 -1.272579 
2195 -1.272615 
375 -1.272892 
2454 -1.273020 
2559 -1.273137 
794 -1.273174 
2325 -1.273605 
1672 -1.273733 
1659 -1.273852 
2305 -1.274350 
1274 -1.274435 
1401 -1.274522 
2564 -1.274570 
890 -1.274610 
2196 -1.275293 
2658 -1.275529 
2206 -1.275530 
115 -1.275557 
1781 -1.275567 
1299 -1.275727 
948 -1.275776 
485 -1.275827 
1731 -1.275945 
2382 -1.276131 
2609 -1.276134 
1807 -1.276186 
1166 -1.276274 
1157 -1.276284 
1303 -1.276392 
1887 -1.276603 
2429 -1.276761 
2507 -1.276764 
1402 -1.276914 
1635 -1.277078 
1787 -1.277309 
2445 -1.277354 
765 -1.277493 
1970 -1.277587 
2102 -1.277599 
2358 -1.278009 
2470 -1.278178 
1778 -1.278400 
2441 -1.278740 
1652 -1.278755 
688 -1.278943 
2107 -1.279007 
2113 -1.279160 
2395 -1.279421 
942 -1.279440 
2067 -1.279748 
2682 -1.279757 
2289 -1.279928 
620 -1.279987 
2295 -1.280022 
1126 -1.280269 
2169 -1.280391 
1886 -1.280431 
716 -1.280489 
882 -1.280498 
2569 -1.280647 
2293 -1.281058 
2830 -1.281070 
1840 -1.281390 
79 -1.281440 
1140 -1.281806 
1307 -1.281854 
360 -1.281913 
1257 -1.282206 
2436 -1.282359 
2444 -1.282396 
1667 -1.282736 
542 -1.282915 
367 -1.283004 
2370 -1.283217 
1181 -1.283266 
1762 -1.284952 
393 -1.285373 
1642 -1.285537 
537 -1.285581 
1894 -1.286148 
916 -1.286281 
1315 -1.286313 
2334 -1.286583 
1319 -1.286589 
1829 -1.286600 
2557 -1.286692 
2211 -1.286769 
2375 -1.286937 
2452 -1.287255 
2071 -1.287297 
2114 -1.287432 
1964 -1.287435 
954 -1.287443 
2614 -1.287483 
2458 -1.287679 
780 -1.287838 
2190 -1.287988 
2364 -1.288009 
415 -1.288047 
1693 -1.288260 
1803 -1.288454 
979 -1.288604 
885 -1.288638 
2317 -1.288662 
525 -1.288696 
1676 -1.288926 
2561 -1.289049 
2466 -1.289217 
1416 -1.289388 
17 -1.289477 
1399 -1.289725 
609 -1.289764 
1317 -1.289938 
2779 -1.290144 
547 -1.290180 
790 -1.290586 
2689 -1.290785 
781 -1.290802 
2070 -1.291202 
1839 -1.291267 
2605 -1.291315 
2092 -1.291549 
2259 -1.291631 
2156 -1.292054 
334 -1.292341 
2554 -1.292646 
1133 -1.292875 
2148 -1.292955 
1306 -1.293069 
774 -1.293171 
2576 -1.293236 
2349 -1.293316 
964 -1.293382 
2801 -1.293434 
522 -1.293461 
1646 -1.293640 
621 -1.293937 
2082 -1.293948 
2477 -1.294025 
2674 -1.294078 
2498 -1.294526 
800 -1.295070 
1341 -1.295097 
2394 -1.295259 
612 -1.295318 
530 -1.295555 
1837 -1.295824 
1661 -1.295980 
1101 -1.296317 
1640 -1.296463 
578 -1.296757 
2081 -1.296773 
1333 -1.296968 
2705 -1.296974 
1167 -1.297065 
619 -1.297163 
1294 -1.297545 
2523 -1.297701 
2135 -1.297764 
1271 -1.298739 
1871 -1.299030 
2476 -1.299238 
2521 -1.299619 
1893 -1.299822 
2597 -1.299855 
1717 -1.300090 
2442 -1.300103 
2516 -1.300125 
1147 -1.300254 
1421 -1.300352 
2098 -1.300858 
533 -1.301084 
2405 -1.301253 
1738 -1.301277 
2072 -1.301373 
2096 -1.301815 
1965 -1.302257 
2244 -1.302395 
2127 -1.302409 
2510 -1.302531 
2276 -1.302596 
1825 -1.302884 
2725 -1.302930 
1649 -1.303007 
926 -1.303023 
2443 -1.303125 
2142 -1.303298 
1108 -1.303979 
570 -1.303989 
976 -1.304011 
2455 -1.304199 
2388 -1.304392 
1675 -1.304406 
1440 -1.304459 
618 -1.304702 
2555 -1.304872 
2699 -1.305211 
2106 -1.305256 
1993 -1.305313 
1159 -1.305356 
2756 -1.305682 
1321 -1.306474 
593 -1.306520 
1318 -1.306578 
2449 -1.306654 
1730 -1.307183 
363 -1.307216 
1406 -1.307647 
2128 -1.307896 
2484 -1.308076 
2659 -1.308506 
1267 -1.308631 
2234 -1.308679 
743 -1.308884 
1870 -1.308886 
1974 -1.309143 
2360 -1.309365 
471 -1.309447 
949 -1.310064 
2695 -1.310263 
2438 -1.310440 
361 -1.310949 
1985 -1.310966 
1297 -1.311216 
602 -1.311230 
2230 -1.311264 
2506 -1.311956 
2099 -1.312006 
518 -1.312423 
1163 -1.312457 
2668 -1.312584 
789 -1.312920 
2285 -1.313000 
1689 -1.313443 
2747 -1.313617 
2294 -1.314006 
1881 -1.314109 
2598 -1.314838 
1141 -1.315027 
1112 -1.315300 
2075 -1.315624 
776 -1.315999 
1882 -1.316342 
2354 -1.316517 
1797 -1.316733 
1260 -1.316897 
805 -1.317057 
2248 -1.317329 
1865 -1.317674 
1898 -1.317780 
2586 -1.317951 
1327 -1.318017 
702 -1.318071 
1821 -1.318170 
392 -1.318356 
1336 -1.318378 
1278 -1.318623 
2198 -1.318693 
1338 -1.318740 
1794 -1.318793 
1122 -1.318859 
1426 -1.319127 
1888 -1.319244 
1240 -1.319403 
758 -1.319767 
978 -1.319785 
1326 -1.320062 
2653 -1.320074 
491 -1.320111 
2157 -1.320272 
1334 -1.321035 
2100 -1.321175 
1404 -1.321202 
742 -1.321230 
1969 -1.321434 
526 -1.321805 
713 -1.321854 
1119 -1.321973 
1111 -1.322178 
2216 -1.322300 
1705 -1.322610 
1773 -1.323439 
1889 -1.323472 
2143 -1.323548 
2273 -1.323659 
378 -1.323766 
1685 -1.323819 
1433 -1.323909 
339 -1.323923 
2189 -1.324039 
23 -1.324056 
1810 -1.324288 
1094 -1.324308 
2101 -1.324562 
403 -1.324619 
895 -1.324632 
2439 -1.324723 
571 -1.324761 
1301 -1.325111 
1843 -1.325141 
1668 -1.325154 
2545 -1.325776 
969 -1.325989 
935 -1.326156 
1251 -1.326261 
1697 -1.326475 
2309 -1.326575 
2226 -1.326674 
1254 -1.326768 
698 -1.326775 
1696 -1.326888 
2288 -1.327291 
1162 -1.327314 
1244 -1.327794 
2229 -1.327796 
2347 -1.328213 
706 -1.328402 
1714 -1.328614 
2126 -1.328713 
2776 -1.328798 
1323 -1.328812 
1817 -1.328994 
1989 -1.329254 
409 -1.329327 
1643 -1.329522 
1747 -1.329565 
1174 -1.330049 
2389 -1.330207 
1255 -1.330548 
2225 -1.330766 
1811 -1.330951 
712 -1.330978 
2493 -1.331139 
2704 -1.331808 
1121 -1.332062 
2323 -1.332313 
2353 -1.333323 
1656 -1.333340 
2481 -1.333414 
534 -1.333452 
2376 -1.333470 
1804 -1.333595 
1967 -1.333904 
2700 -1.334091 
1890 -1.334325 
1878 -1.334393 
1718 -1.334505 
2061 -1.334536 
590 -1.334604 
2183 -1.334648 
1874 -1.334678 
2488 -1.335030 
2667 -1.335439 
1869 -1.335591 
707 -1.336197 
2377 -1.336342 
2139 -1.336392 
198 -1.336677 
543 -1.336795 
1828 -1.336801 
354 -1.337209 
1632 -1.337307 
2766 -1.337468 
1812 -1.337589 
1854 -1.337888 
2262 -1.338023 
2250 -1.338316 
494 -1.338657 
2686 -1.339100 
1982 -1.339279 
2363 -1.339287 
430 -1.339791 
912 -1.339919 
1648 -1.340065 
2085 -1.340089 
567 -1.340378 
135 -1.340562 
1862 -1.340687 
1105 -1.340740 
2501 -1.341349 
1750 -1.341352 
399 -1.341777 
2094 -1.341808 
974 -1.342054 
2590 -1.342148 
694 -1.342240 
2696 -1.342643 
204 -1.342780 
2783 -1.342996 
1285 -1.343310 
2513 -1.343428 
1117 -1.343731 
440 -1.343832 
1859 -1.343838 
2543 -1.343990 
904 -1.344100 
2134 -1.344186 
1691 -1.344273 
2180 -1.344315 
2308 -1.344333 
1876 -1.344368 
1180 -1.344504 
1418 -1.344698 
214 -1.344756 
2340 -1.345143 
804 -1.345317 
2703 -1.345330 
2278 -1.345370 
2065 -1.345587 
2167 -1.345605 
1721 -1.345625 
2716 -1.345794 
2548 -1.345800 
2335 -1.345807 
2666 -1.345840 
2298 -1.345902 
2553 -1.345924 
2368 -1.346205 
2324 -1.346364 
2240 -1.346555 
1130 -1.346605 
1175 -1.346752 
1979 -1.346909 
883 -1.347380 
589 -1.347715 
1864 -1.347862 
1741 -1.347892 
2068 -1.348369 
1273 -1.348618 
1873 -1.348704 
785 -1.348734 
2604 -1.349030 
1863 -1.349363 
1885 -1.349530 
2610 -1.350052 
2321 -1.350412 
2785 -1.350705 
490 -1.350736 
2166 -1.350938 
516 -1.351029 
345 -1.351141 
2227 -1.351462 
1110 -1.351670 
2343 -1.351774 
1770 -1.352051 
2711 -1.352065 
1987 -1.352070 
699 -1.352317 
1694 -1.352345 
2095 -1.352380 
1702 -1.352685 
891 -1.353094 
1833 -1.353230 
505 -1.353245 
1316 -1.353546 
1403 -1.353617 
2330 -1.353728 
566 -1.353963 
2418 -1.354256 
445 -1.354257 
2486 -1.354828 
2601 -1.355083 
2327 -1.355393 
795 -1.355542 
2810 -1.355712 
1331 -1.355919 
1735 -1.356062 
1256 -1.356126 
944 -1.356248 
111 -1.356333 
2410 -1.356358 
1100 -1.356485 
1419 -1.357213 
2669 -1.357474 
1757 -1.357701 
967 -1.358082 
2086 -1.358085 
1966 -1.358356 
2282 -1.358683 
1118 -1.358791 
423 -1.358838 
1324 -1.359079 
2089 -1.359242 
2154 -1.359519 
2644 -1.359857 
2153 -1.359964 
598 -1.360471 
1337 -1.360495 
1102 -1.360870 
1902 -1.360915 
2621 -1.361131 
2366 -1.361896 
1988 -1.361947 
2602 -1.362073 
368 -1.362551 
603 -1.362847 
2352 -1.362920 
1774 -1.362958 
994 -1.362961 
2355 -1.363382 
552 -1.363758 
1991 -1.363915 
2062 -1.364154 
2505 -1.364158 
2346 -1.364181 
1716 -1.364795 
582 -1.365663 
1713 -1.365995 
959 -1.366047 
2635 -1.366589 
2415 -1.367053 
2322 -1.367123 
766 -1.367161 
142 -1.367193 
1153 -1.367472 
2468 -1.367885 
2485 -1.368450 
750 -1.368513 
2333 -1.369498 
2357 -1.369559 
2087 -1.369679 
622 -1.369768 
2069 -1.369983 
701 -1.369994 
610 -1.371098 
2074 -1.371924 
962 -1.372232 
1343 -1.372538 
2345 -1.372784 
2231 -1.373328 
735 -1.373635 
2661 -1.373707 
729 -1.374206 
489 -1.374208 
504 -1.374224 
1092 -1.374458 
2497 -1.374575 
1767 -1.374597 
1815 -1.374889 
594 -1.375060 
2105 -1.375169 
1158 -1.375208 
1729 -1.375342 
1823 -1.375415 
1443 -1.375463 
2258 -1.375483 
1093 -1.375546 
1824 -1.375726 
2341 -1.375764 
1726 -1.375839 
2224 -1.375915 
2680 -1.376268 
963 -1.376660 
2145 -1.376940 
982 -1.376974 
2130 -1.377071 
1698 -1.377250 
1706 -1.377481 
604 -1.377934 
1763 -1.378161 
2121 -1.378176 
2274 -1.378466 
1753 -1.378474 
734 -1.378578 
875 -1.378780 
746 -1.379056 
1795 -1.379134 
591 -1.379490 
1866 -1.379516 
2090 -1.379702 
1439 -1.379803 
1688 -1.379808 
2165 -1.379987 
523 -1.380162 
529 -1.380213 
2600 -1.380264 
2080 -1.380709 
2765 -1.380756 
2316 -1.381061 
1095 -1.381291 
892 -1.381293 
2608 -1.381715 
1106 -1.382617 
1860 -1.382643 
2083 -1.382803 
728 -1.383423 
2138 -1.383424 
2246 -1.383489 
2651 -1.383945 
355 -1.384106 
693 -1.384270 
1723 -1.384428 
2643 -1.384640 
1123 -1.384962 
2184 -1.385062 
747 -1.385681 
877 -1.385751 
2256 -1.385800 
538 -1.385809 
2192 -1.386013 
1872 -1.386065 
1320 -1.386338 
2249 -1.386384 
237 -1.387205 
1744 -1.387469 
1107 -1.387644 
2402 -1.387872 
2594 -1.388063 
745 -1.388140 
2645 -1.388408 
1772 -1.388412 
1312 -1.388851 
1853 -1.388974 
2255 -1.389593 
2093 -1.389801 
936 -1.389805 
592 -1.389841 
1692 -1.389856 
977 -1.390165 
925 -1.390555 
2344 -1.390754 
1861 -1.391258 
2218 -1.391653 
1846 -1.392277 
2228 -1.392804 
1995 -1.392913 
2447 -1.392921 
2490 -1.393146 
2307 -1.393179 
1832 -1.393203 
2585 -1.393531 
1875 -1.393610 
2362 -1.393645 
1990 -1.393693 
1711 -1.393859 
2185 -1.393882 
1300 -1.394411 
738 -1.394490 
1715 -1.394773 
2629 -1.395155 
607 -1.395523 
2199 -1.395837 
444 -1.396045 
2201 -1.396291 
2520 -1.396356 
2232 -1.396740 
1432 -1.396887 
1103 -1.397025 
2599 -1.397754 
919 -1.397844 
2319 -1.398140 
501 -1.398546 
2342 -1.399290 
1712 -1.399393 
1959 -1.399533 
1699 -1.400025 
2150 -1.400054 
2398 -1.400368 
2478 -1.400463 
531 -1.400591 
876 -1.400627 
2383 -1.400701 
700 -1.401230 
1128 -1.401488 
2889 -1.401556 
1704 -1.401606 
2592 -1.402092 
606 -1.402285 
2634 -1.402603 
722 -1.402629 
557 -1.402879 
2104 -1.403096 
130 -1.403738 
2679 -1.403782 
2636 -1.404683 
2803 -1.404766 
2115 -1.405411 
383 -1.406114 
2750 -1.406124 
2331 -1.406209 
2743 -1.406466 
2637 -1.407148 
2170 -1.407257 
724 -1.407318 
2649 -1.407426 
1179 -1.407623 
2191 -1.407630 
943 -1.407633 
628 -1.407788 
2208 -1.408194 
2361 -1.409239 
507 -1.409412 
1415 -1.409507 
1335 -1.409537 
2587 -1.409638 
1994 -1.409760 
21 -1.409802 
884 -1.409812 
1427 -1.410300 
1311 -1.410742 
519 -1.410866 
1880 -1.410905 
2284 -1.411222 
1789 -1.411406 
1690 -1.411533 
2591 -1.412519 
1420 -1.413034 
2254 -1.413258 
2267 -1.413417 
1342 -1.413533 
1796 -1.413844 
2544 -1.414319 
2168 -1.414840 
2374 -1.414849 
316 -1.414958 
2595 -1.415746 
2326 -1.415860 
2687 -1.416035 
2448 -1.416304 
377 -1.416311 
1703 -1.416417 
2158 -1.416923 
1116 -1.416962 
625 -1.417040 
2638 -1.417338 
422 -1.417395 
539 -1.417979 
2499 -1.418397 
2568 -1.418411 
1310 -1.418521 
2243 -1.418655 
577 -1.418779 
396 -1.419121 
569 -1.419254 
26 -1.419264 
1168 -1.419804 
2582 -1.420112 
727 -1.420944 
920 -1.421109 
937 -1.421211 
1899 -1.421451 
2378 -1.421476 
725 -1.421671 
2578 -1.421959 
1901 -1.422230 
1746 -1.422729 
469 -1.422823 
580 -1.422920 
2318 -1.423078 
528 -1.424216 
2652 -1.424610 
431 -1.424983 
2733 -1.425677 
155 -1.425701 
1708 -1.425763 
2623 -1.426175 
1245 -1.426775 
541 -1.426830 
759 -1.426929 
544 -1.428283 
418 -1.428435 
2103 -1.428741 
2129 -1.428963 
2079 -1.428967 
2836 -1.428987 
2146 -1.429161 
2641 -1.429205 
2097 -1.429574 
2624 -1.429803 
2654 -1.430218 
1719 -1.430466 
2580 -1.430727 
2133 -1.431425 
2073 -1.431672 
1867 -1.431762 
2625 -1.432250 
2381 -1.432493 
708 -1.432498 
2556 -1.432556 
1328 -1.433443 
1272 -1.433735 
1631 -1.434081 
2518 -1.434181 
562 -1.434350 
1445 -1.434893 
226 -1.435402 
2144 -1.435524 
1761 -1.436955 
545 -1.437188 
975 -1.437503 
2141 -1.437650 
2300 -1.437758 
608 -1.438487 
330 -1.438756 
2399 -1.438812 
2549 -1.438944 
2396 -1.439281 
1709 -1.439377 
2905 -1.440775 
2275 -1.441392 
2332 -1.441695 
1857 -1.442625 
287 -1.442629 
739 -1.442646 
1431 -1.443215 
1961 -1.443396 
2607 -1.443427 
1748 -1.443963 
2283 -1.445278 
2606 -1.446190 
517 -1.446369 
521 -1.446499 
2400 -1.446710 
506 -1.446946 
2350 -1.447385 
709 -1.447519 
1295 -1.447676 
1284 -1.447677 
1114 -1.448107 
955 -1.448395 
720 -1.448953 
2386 -1.449035 
1135 -1.449435 
614 -1.450160 
2670 -1.450247 
2533 -1.450290 
2712 -1.450358 
2247 -1.450385 
1976 -1.450648 
137 -1.450892 
1891 -1.451380 
1707 -1.451525 
1896 -1.451793 
1097 -1.452734 
307 -1.452739 
1125 -1.453400 
1737 -1.453473 
1775 -1.453681 
2500 -1.453882 
2431 -1.454118 
2252 -1.454406 
956 -1.454515 
536 -1.454755 
900 -1.454808 
617 -1.454869 
1104 -1.455027 
1109 -1.455176 
1120 -1.455208 
2320 -1.455616 
1858 -1.455711 
350 -1.455858 
983 -1.457259 
2539 -1.457459 
2091 -1.458585 
2538 -1.458661 
129 -1.458968 
1883 -1.459009 
488 -1.459218 
1647 -1.459417 
2815 -1.459615 
1768 -1.459901 
1700 -1.460724 
2393 -1.461100 
425 -1.461300 
2633 -1.461780 
924 -1.461912 
737 -1.462036 
695 -1.462142 
397 -1.462653 
369 -1.462721 
2257 -1.462806 
2117 -1.462899 
478 -1.463240 
2650 -1.463392 
2814 -1.463544 
2339 -1.463725 
733 -1.463832 
2413 -1.464078 
429 -1.464634 
149 -1.464816 
2522 -1.466566 
2137 -1.467084 
27 -1.469062 
24 -1.469364 
546 -1.469411 
2222 -1.469828 
2125 -1.469832 
2397 -1.470085 
710 -1.470824 
2640 -1.471310 
726 -1.472052 
1968 -1.472405 
2385 -1.472625 
586 -1.472858 
2001 -1.472903 
1776 -1.473256 
2245 -1.473329 
527 -1.473354 
588 -1.473657 
404 -1.473981 
736 -1.474139 
2460 -1.474553 
362 -1.474688 
292 -1.474878 
274 -1.476167 
535 -1.476928 
2078 -1.476978 
2235 -1.477313 
2299 -1.477449 
540 -1.477869 
225 -1.478036 
532 -1.478675 
767 -1.479018 
2132 -1.479493 
2495 -1.479781 
2251 -1.480164 
730 -1.480514 
1760 -1.480554 
630 -1.480882 
896 -1.481196 
2618 -1.481505 
2642 -1.481752 
696 -1.481910 
1975 -1.482298 
1695 -1.482301 
2122 -1.482409 
2751 -1.482609 
1687 -1.482630 
690 -1.482710 
2734 -1.482924 
1765 -1.483192 
446 -1.483623 
2662 -1.483644 
564 -1.483975 
605 -1.484031 
520 -1.484187 
2373 -1.485302 
388 -1.485379 
1743 -1.486453 
25 -1.487711 
426 -1.487952 
1745 -1.487997 
574 -1.488345 
2657 -1.488390 
689 -1.488836 
2584 -1.489728 
2384 -1.491541 
2632 -1.491668 
2200 -1.491750 
761 -1.491921 
2136 -1.492428 
1304 -1.493102 
2140 -1.493399 
2236 -1.493483 
2064 -1.493486 
2665 -1.493814 
1408 -1.494301 
428 -1.494654 
2390 -1.495677 
705 -1.495739 
2328 -1.495814 
2372 -1.495905 
1663 -1.496642 
2496 -1.496655 
1879 -1.496732 
524 -1.496972 
721 -1.497232 
1758 -1.499663 
2540 -1.499734 
2723 -1.499761 
2428 -1.500000 
2239 -1.500250 
2648 -1.500255 
2846 -1.501432 
731 -1.501743 
486 -1.501830 
108 -1.502006 
427 -1.502211 
441 -1.502506 
1764 -1.502903 
2147 -1.503062 
741 -1.503312 
112 -1.503652 
2406 -1.503717 
2467 -1.504514 
131 -1.505825 
568 -1.506699 
2459 -1.506705 
611 -1.507152 
1788 -1.507474 
2338 -1.508099 
2646 -1.509132 
1900 -1.509247 
732 -1.510549 
2351 -1.511603 
1759 -1.511945 
555 -1.512823 
1783 -1.512951 
2123 -1.513305 
1124 -1.513794 
437 -1.514055 
328 -1.515163 
434 -1.515327 
2611 -1.515839 
2508 -1.516757 
2487 -1.518020 
2534 -1.518145 
2492 -1.519689 
691 -1.520197 
1960 -1.520499 
754 -1.521021 
110 -1.522357 
2603 -1.522442 
2583 -1.522846 
2124 -1.524038 
2589 -1.526337 
433 -1.526773 
468 -1.527213 
2515 -1.528030 
1782 -1.528330 
1984 -1.528547 
2409 -1.528741 
2000 -1.529170 
473 -1.529458 
1134 -1.529458 
2596 -1.529508 
174 -1.530632 
2519 -1.531285 
2620 -1.531347 
692 -1.531372 
56 -1.531738 
968 -1.532461 
2217 -1.532556 
1868 -1.533383 
20 -1.533435 
2503 -1.533676 
493 -1.533734 
1407 -1.534669 
311 -1.535037 
2242 -1.536045 
22 -1.536480 
481 -1.536609 
2762 -1.537710 
2724 -1.538073 
2678 -1.538143 
14 -1.539321 
2131 -1.541362 
2560 -1.543104 
1771 -1.543147 
1884 -1.543267 
1686 -1.545853 
432 -1.547953 
581 -1.548303 
374 -1.548876 
597 -1.550781 
1664 -1.551032 
498 -1.551416 
1728 -1.551764 
466 -1.551939 
2509 -1.552031 
1096 -1.552239 
395 -1.552944 
2380 -1.553336 
2112 -1.553656 
380 -1.553815 
2775 -1.554059 
223 -1.554409 
1895 -1.554972 
1129 -1.555446 
2671 -1.555651 
1852 -1.555739 
723 -1.555808 
317 -1.557523 
2207 -1.557574 
2491 -1.559259 
2688 -1.559311 
2514 -1.560280 
2528 -1.560582 
2630 -1.560946 
2788 -1.563792 
1983 -1.564121 
2664 -1.565829 
2479 -1.565898 
1755 -1.567517 
1279 -1.568033 
595 -1.568891 
2401 -1.569636 
1280 -1.569979 
96 -1.572346 
2504 -1.572875 
2529 -1.574224 
596 -1.575785 
2367 -1.577536 
338 -1.579111 
2269 -1.579243 
2063 -1.579895 
492 -1.580868 
2764 -1.580873 
289 -1.583730 
1999 -1.585508 
2613 -1.585795 
2391 -1.586106 
1727 -1.594058 
1296 -1.594467 
146 -1.596257 
18 -1.597568 
2647 -1.598800 
456 -1.599001 
2639 -1.602173 
1777 -1.602884 
629 -1.603622 
160 -1.604203 
442 -1.604777 
1720 -1.604998 
740 -1.605644 
615 -1.606347 
703 -1.606370 
2223 -1.607898 
623 -1.608349 
1742 -1.608404 
711 -1.609852 
2151 -1.611655 
768 -1.613103 
1115 -1.613455 
2408 -1.616673 
2414 -1.617631 
748 -1.618304 
697 -1.618792 
1749 -1.619053 
1754 -1.622609 
2392 -1.625121 
443 -1.626144 
2663 -1.627438 
2797 -1.628852 
2356 -1.629316 
1636 -1.633397 
2631 -1.633473 
229 -1.634351 
450 -1.636626 
2416 -1.639001 
616 -1.639474 
2432 -1.642128 
2152 -1.642798 
563 -1.643161 
398 -1.645298 
576 -1.646999 
2655 -1.648160 
2579 -1.648776 
704 -1.650257 
1152 -1.650442 
136 -1.651780 
575 -1.654409 
449 -1.658659 
487 -1.662010 
2379 -1.662370 
201 -1.664657 
19 -1.664805 
2111 -1.665883 
749 -1.666764 
2175 -1.667522 
2480 -1.668027 
2159 -1.672830 
308 -1.673884 
1736 -1.675400 
755 -1.676033 
1444 -1.679121 
30 -1.684115 
2673 -1.684351 
104 -1.685328 
2677 -1.686129 
499 -1.687696 
438 -1.689140 
744 -1.689408 
2792 -1.689478 
556 -1.689581 
94 -1.690330 
624 -1.691558 
321 -1.692999 
29 -1.693171 
394 -1.693457 
472 -1.695722 
2656 -1.698126 
2778 -1.705305 
2769 -1.705642 
587 -1.708383 
139 -1.716396 
2891 -1.716475 
2768 -1.719108 
28 -1.719176 
2744 -1.720037 
76 -1.723735 
2407 -1.724436 
480 -1.725074 
2612 -1.726858 
2176 -1.728678 
2789 -1.732278 
2796 -1.733877 
479 -1.740073 
2417 -1.742443 
454 -1.744680 
2807 -1.751272 
310 -1.755318 
154 -1.756345 
500 -1.761888 
2795 -1.765687 
2740 -1.768117 
2424 -1.768425 
460 -1.770589 
2672 -1.776184 
467 -1.791254 
114 -1.795756 
2903 -1.801352 
332 -1.801913 
447 -1.802464 
213 -1.807473 
134 -1.809453 
99 -1.812931 
760 -1.817081 
2752 -1.827966 
2774 -1.831412 
113 -1.839619 
325 -1.842928 
324 -1.847143 
2268 -1.847340 
227 -1.852701 
448 -1.855821 
323 -1.856409 
2116 -1.857918 
89 -1.858021 
2890 -1.861613 
461 -1.878256 
71 -1.878586 
549 -1.891443 
2626 -1.897925 
2780 -1.903414 
2619 -1.903717 
402 -1.910591 
109 -1.915583 
2787 -1.916663 
2422 -1.918519 
2758 -1.920025 
143 -1.927640 
2800 -1.930081 
133 -1.934779 
2842 -1.936079 
413 -1.938953 
128 -1.946619 
241 -1.946865 
2732 -1.954105 
405 -1.958054 
364 -1.960371 
2739 -1.962207 
221 -1.967083 
2804 -1.969595 
212 -1.978056 
2841 -1.982278 
2161 -1.984922 
209 -1.992938 
151 -1.994082 
347 -1.997153 
98 -2.000604 
634 -2.002196 
73 -2.010359 
240 -2.027855 
293 -2.029536 
166 -2.030480 
82 -2.044770 
238 -2.049256 
272 -2.055672 
419 -2.064542 
2371 -2.068387 
2524 -2.075023 
1136 -2.077573 
509 -2.078306 
106 -2.086004 
12 -2.089139 
306 -2.095137 
2821 -2.105354 
601 -2.105362 
126 -2.113025 
271 -2.119811 
2763 -2.125024 
389 -2.135868 
1732 -2.140268 
156 -2.154449 
1784 -2.155026 
161 -2.196030 
302 -2.224791 
231 -2.238727 
2263 -2.240736 
2423 -2.252556 
234 -2.272046 
84 -2.273309 
127 -2.297692 
91 -2.309729 
123 -2.333851 
86 -2.337208 
384 -2.341861 
290 -2.355756 
1905 -2.387295 
2110 -2.393134 
294 -2.408400 
92 -2.435669 
101 -2.458485 
359 -2.482472 
341 -2.500536 
286 -2.501150 
2886 -2.504709 
147 -2.545872 
2007 -2.573734 
314 -2.587664 
2833 -2.601317 
2887 -2.611984 
216 -2.618441 
1346 -2.621462 
996 -2.639666 
995 -2.728051 
411 -2.815125 
118 -2.834882 
2474 -2.998865 
2817 -3.015642 
2212 -3.019643 
1451 -3.020631 
2902 -3.082963 
1848 -3.164114 
2575 -3.172997 
984 -3.233608 
2730 -3.366613 
811 -3.405821 
1681 -3.495389 
2314 -3.499624 
930 -3.502921 
1187 -3.523960 
1291 -3.731140 
