2395 1
315 4.253670 
1093 4.253670 
1094 4.253670 
135 2.471842 
1695 2.471842 
1696 2.471842 
721 2.217194 
722 2.217194 
125 2.217194 
903 1.900789 
216 1.900789 
904 1.900789 
397 1.877266 
1263 1.877266 
1264 1.877266 
757 1.863575 
145 1.863575 
758 1.863575 
32 1.849128 
544 1.849128 
543 1.849128 
671 1.845508 
672 1.845508 
102 1.845508 
552 1.747541 
35 1.747541 
551 1.747541 
63 1.719514 
601 1.719514 
602 1.719514 
1054 1.648414 
293 1.648414 
1053 1.648414 
297 1.521568 
1066 1.521568 
1065 1.521568 
6 1.442253 
493 1.442253 
494 1.442253 
378 0.750163 
1220 0.750163 
2178 0.750163 
1091 0.611115 
1299 0.588663 
556 0.540694 
555 0.540694 
37 0.540694 
1190 0.411277 
363 0.411277 
1189 0.411277 
2147 0.411277 
1342 0.411277 
1341 0.411277 
1356 0.373019 
445 0.373019 
443 0.373019 
1355 0.373019 
1365 0.373019 
1366 0.373019 
1283 0.322396 
1276 0.322396 
1303 0.322396 
1284 0.322396 
1304 0.322396 
403 0.322396 
1185 0.289170 
294 0.289170 
1345 0.289170 
1165 0.289170 
1186 0.289170 
1052 0.289170 
2349 0.168081 
2350 0.168081 
1391 0.168081 
1392 0.168081 
461 0.168081 
1400 0.168081 
719 0.048711 
179 0.023518 
817 0.023518 
818 0.023518 
1778 0.023518 
1775 0.023518 
2048 -0.025190 
2047 -0.025190 
314 -0.025190 
1155 -0.033275 
416 -0.033275 
1181 -0.033275 
360 -0.033275 
1158 -0.033275 
346 -0.033275 
1693 -0.056867 
374 -0.068751 
1411 -0.068751 
1412 -0.068751 
1413 -0.068751 
1414 -0.068751 
1212 -0.068751 
1051 -0.095992 
2210 -0.123980 
599 -0.127006 
1261 -0.129084 
901 -0.132077 
2046 -0.162679 
2045 -0.162679 
755 -0.162979 
669 -0.172196 
2366 -0.176219 
1291 -0.235363 
409 -0.235363 
1128 -0.235363 
333 -0.235363 
1287 -0.235363 
1288 -0.235363 
1063 -0.245183 
1928 -0.262777 
1927 -0.262777 
2258 -0.277573 
2257 -0.277573 
415 -0.277573 
541 -0.307038 
1364 -0.308049 
382 -0.308049 
1363 -0.308049 
2190 -0.308049 
2189 -0.308049 
2187 -0.308049 
1764 -0.319992 
2212 -0.331695 
393 -0.331695 
2209 -0.331695 
2214 -0.331695 
2275 -0.332656 
1330 -0.332656 
423 -0.332656 
1318 -0.332656 
1317 -0.332656 
2276 -0.332656 
2315 -0.345543 
1340 -0.345543 
2298 -0.345543 
436 -0.345543 
1358 -0.345543 
1357 -0.345543 
371 -0.365329 
372 -0.365329 
1208 -0.365329 
467 -0.365329 
1207 -0.365329 
396 -0.365329 
1930 -0.373619 
252 -0.373619 
1929 -0.373619 
549 -0.379259 
1423 -0.392945 
1424 -0.392945 
474 -0.392945 
1429 -0.392945 
1430 -0.392945 
2381 -0.392945 
1151 -0.397672 
1180 -0.397672 
1149 -0.397672 
1144 -0.397672 
341 -0.397672 
1152 -0.397672 
2166 -0.401311 
1361 -0.406495 
1960 -0.406495 
1362 -0.406495 
270 -0.406495 
2319 -0.406495 
1004 -0.406495 
969 -0.415359 
972 -0.415359 
251 -0.415359 
1140 -0.415359 
1143 -0.415359 
1139 -0.415359 
491 -0.423030 
1310 -0.430401 
421 -0.430401 
419 -0.430401 
420 -0.430401 
1309 -0.430401 
438 -0.430401 
1420 -0.441128 
1419 -0.441128 
472 -0.441128 
471 -0.441128 
1427 -0.441128 
1428 -0.441128 
177 -0.444261 
821 -0.444261 
1339 -0.445596 
435 -0.445596 
2312 -0.445596 
2297 -0.445596 
2011 -0.445659 
2012 -0.445659 
1388 -0.449161 
459 -0.449161 
2346 -0.449161 
2345 -0.449161 
287 -0.451517 
244 -0.451517 
246 -0.451517 
953 -0.451517 
1035 -0.451517 
954 -0.451517 
1432 -0.468383 
1431 -0.468383 
449 -0.469838 
2327 -0.469838 
2328 -0.469838 
2384 -0.474632 
2383 -0.474632 
475 -0.474632 
2173 -0.480025 
2174 -0.480025 
1382 -0.485573 
1397 -0.485573 
1385 -0.485573 
1386 -0.485573 
1381 -0.485573 
446 -0.485573 
970 -0.494370 
455 -0.500114 
1379 -0.500114 
280 -0.500114 
1022 -0.500114 
463 -0.500114 
1019 -0.500114 
1251 -0.509818 
1253 -0.509818 
369 -0.509818 
1206 -0.509818 
392 -0.509818 
1203 -0.509818 
126 -0.515628 
218 -0.515628 
880 -0.515628 
905 -0.515628 
720 -0.515628 
879 -0.515628 
265 -0.527826 
1951 -0.527826 
1952 -0.527826 
1761 -0.532739 
1762 -0.532739 
2010 -0.536202 
2009 -0.536202 
857 -0.537591 
858 -0.537591 
965 -0.537591 
966 -0.537591 
898 -0.537591 
195 -0.537591 
2261 -0.543464 
2262 -0.543464 
2144 -0.549627 
458 -0.551506 
1387 -0.551506 
1390 -0.551506 
1415 -0.551506 
476 -0.551506 
470 -0.551506 
283 -0.554344 
1983 -0.554344 
1984 -0.554344 
1260 -0.558474 
1949 -0.563000 
1950 -0.563000 
1421 -0.564143 
1422 -0.564143 
2271 -0.565435 
1321 -0.565435 
1322 -0.565435 
1314 -0.565435 
422 -0.565435 
1313 -0.565435 
2323 -0.573309 
2324 -0.573309 
395 -0.573532 
2213 -0.573532 
1256 -0.573532 
1255 -0.573532 
2216 -0.573532 
2215 -0.573532 
2038 -0.573659 
442 -0.580287 
2322 -0.580287 
2314 -0.580287 
2313 -0.580287 
2325 -0.581434 
448 -0.581434 
1374 -0.581434 
1367 -0.581434 
1373 -0.581434 
1368 -0.581434 
1346 -0.588053 
2014 -0.594004 
2186 -0.594177 
971 -0.598890 
913 -0.604463 
391 -0.604463 
220 -0.604463 
1247 -0.604463 
914 -0.604463 
910 -0.604463 
1872 -0.609096 
1959 -0.610046 
2148 -0.612157 
1254 -0.622419 
417 -0.624937 
2317 -0.626615 
2318 -0.626615 
444 -0.626615 
1360 -0.626615 
1359 -0.626615 
2320 -0.626615 
2389 -0.627085 
2390 -0.627085 
424 -0.628157 
1889 -0.630818 
748 -0.637965 
1805 -0.640030 
2321 -0.640581 
1204 -0.644020 
2211 -0.647233 
1711 -0.647241 
2124 -0.650521 
2123 -0.650521 
2041 -0.651156 
2042 -0.651156 
736 -0.652882 
1296 -0.654546 
411 -0.654546 
2251 -0.654546 
1293 -0.654546 
1305 -0.654546 
1306 -0.654546 
2175 -0.658358 
377 -0.658358 
2176 -0.658358 
1913 -0.658383 
1914 -0.658383 
2354 -0.659804 
2353 -0.659804 
1425 -0.660327 
2250 -0.662439 
1308 -0.662439 
2265 -0.662439 
1307 -0.662439 
1292 -0.662439 
410 -0.662439 
2340 -0.663812 
2339 -0.663812 
2162 -0.666759 
2161 -0.666759 
1396 -0.667583 
2335 -0.667583 
2336 -0.667583 
1377 -0.667583 
1378 -0.667583 
453 -0.667583 
1266 -0.668136 
737 -0.670093 
2371 -0.671277 
2372 -0.671277 
414 -0.679650 
1298 -0.679650 
1297 -0.679650 
2255 -0.679650 
2256 -0.679650 
2267 -0.679650 
405 -0.680726 
1280 -0.680726 
2237 -0.680726 
418 -0.680726 
1279 -0.680726 
2238 -0.680726 
2200 -0.684119 
2199 -0.684119 
2197 -0.684119 
387 -0.684119 
1239 -0.684119 
1240 -0.684119 
500 -0.688848 
376 -0.690642 
1407 -0.690642 
1408 -0.690642 
1417 -0.690642 
1214 -0.690642 
1418 -0.690642 
1541 -0.691108 
1542 -0.691108 
54 -0.691108 
1518 -0.693689 
20 -0.696125 
1475 -0.696125 
1476 -0.696125 
2301 -0.697402 
2302 -0.697402 
434 -0.697402 
2296 -0.697402 
1344 -0.697402 
1343 -0.697402 
2245 -0.698695 
2246 -0.698695 
2370 -0.699125 
1837 -0.704741 
2304 -0.707097 
2303 -0.707097 
1315 -0.707364 
1316 -0.707364 
1821 -0.708038 
1822 -0.708038 
198 -0.708038 
1820 -0.710938 
1819 -0.710938 
2310 -0.711299 
2309 -0.711299 
437 -0.711299 
1351 -0.711299 
1352 -0.711299 
2300 -0.711299 
399 -0.715801 
2235 -0.715801 
2228 -0.715801 
1277 -0.715801 
1278 -0.715801 
1270 -0.715801 
967 -0.718363 
1399 -0.720847 
1758 -0.722781 
1395 -0.722935 
960 -0.725820 
247 -0.725820 
1917 -0.725820 
1918 -0.725820 
959 -0.725820 
2230 -0.726269 
1616 -0.727685 
1615 -0.727685 
1537 -0.729263 
1538 -0.729263 
2233 -0.730771 
2234 -0.730771 
1590 -0.733759 
1589 -0.733759 
872 -0.733899 
2142 -0.734617 
2141 -0.734617 
1443 -0.736019 
1444 -0.736019 
3 -0.736019 
1824 -0.737828 
200 -0.737828 
1864 -0.737828 
1981 -0.740982 
1982 -0.740982 
806 -0.741269 
1763 -0.741269 
169 -0.741269 
805 -0.741269 
1757 -0.741269 
1760 -0.741269 
803 -0.741793 
804 -0.741793 
786 -0.741793 
171 -0.741793 
161 -0.741793 
1744 -0.741793 
1398 -0.745019 
1969 -0.745616 
1970 -0.745616 
2393 -0.745872 
2356 -0.747106 
2355 -0.747106 
2326 -0.747981 
1669 -0.748517 
1670 -0.748517 
2236 -0.748691 
2299 -0.749076 
1526 -0.749078 
1987 -0.750865 
1257 -0.753765 
2360 -0.754070 
2359 -0.754070 
1858 -0.754199 
1857 -0.754199 
123 -0.756837 
1671 -0.756837 
1672 -0.756837 
338 -0.760729 
336 -0.760729 
1136 -0.760729 
1135 -0.760729 
1166 -0.760729 
1133 -0.760729 
2086 -0.765287 
1127 -0.765287 
2085 -0.765287 
2084 -0.765287 
2083 -0.765287 
332 -0.765287 
822 -0.766110 
2093 -0.768800 
2099 -0.770160 
2264 -0.770959 
2263 -0.770959 
826 -0.771817 
825 -0.771817 
1572 -0.773458 
908 -0.773890 
907 -0.773890 
1655 -0.777873 
1656 -0.777873 
139 -0.778738 
747 -0.778738 
1706 -0.778738 
754 -0.778738 
753 -0.778738 
750 -0.778738 
11 -0.779520 
1460 -0.779520 
1459 -0.779520 
2316 -0.781501 
1222 -0.784283 
364 -0.784283 
2179 -0.784283 
2182 -0.784283 
1193 -0.784283 
2151 -0.784283 
1777 -0.784315 
1354 -0.786247 
1353 -0.786247 
1167 -0.790503 
352 -0.790503 
1347 -0.790503 
1334 -0.790503 
1333 -0.790503 
1170 -0.790503 
516 -0.793434 
1726 -0.794636 
1725 -0.794636 
144 -0.794636 
767 -0.794636 
1712 -0.794636 
1610 -0.794977 
1609 -0.794977 
1730 -0.795194 
425 -0.795770 
1326 -0.795770 
1323 -0.795770 
1325 -0.795770 
2277 -0.795770 
2278 -0.795770 
1409 -0.796377 
477 -0.796377 
466 -0.796377 
1404 -0.796377 
1410 -0.796377 
1403 -0.796377 
1986 -0.797037 
2361 -0.801914 
462 -0.801914 
2362 -0.801914 
2352 -0.801914 
952 -0.802260 
1607 -0.803425 
91 -0.803425 
1608 -0.803425 
1258 -0.804377 
1259 -0.804377 
394 -0.804377 
1456 -0.804922 
1455 -0.804922 
9 -0.804922 
1457 -0.805163 
1458 -0.805163 
2242 -0.807732 
2241 -0.807732 
2126 -0.807762 
2125 -0.807762 
1217 -0.807875 
1896 -0.809810 
873 -0.811326 
517 -0.812230 
2272 -0.813802 
1447 -0.814732 
1448 -0.814732 
1048 -0.816668 
292 -0.816668 
1126 -0.816668 
1125 -0.816668 
2005 -0.816668 
334 -0.816668 
2027 -0.817343 
1865 -0.817446 
2260 -0.818165 
2259 -0.818165 
2070 -0.820944 
2069 -0.820944 
1503 -0.821474 
1504 -0.821474 
359 -0.822172 
1182 -0.822172 
1619 -0.823817 
1620 -0.823817 
1612 -0.823907 
2149 -0.824577 
2150 -0.824577 
1015 -0.824796 
1658 -0.826403 
1680 -0.826625 
1679 -0.826625 
1041 -0.826976 
1042 -0.826976 
2249 -0.827745 
1705 -0.828305 
1678 -0.828973 
1677 -0.828973 
1828 -0.829241 
1827 -0.829241 
1782 -0.829566 
2231 -0.830035 
1453 -0.835273 
1454 -0.835273 
2379 -0.835822 
2380 -0.835822 
1605 -0.838566 
1606 -0.838566 
2374 -0.839730 
2373 -0.839730 
2177 -0.841817 
1219 -0.841817 
934 -0.841817 
1892 -0.841817 
231 -0.841817 
2218 -0.842043 
2217 -0.842043 
2266 -0.842109 
1494 -0.845917 
1493 -0.845917 
1157 -0.847451 
583 -0.847725 
1098 -0.848970 
316 -0.848970 
2153 -0.851492 
2154 -0.851492 
1196 -0.851492 
1195 -0.851492 
366 -0.851492 
2183 -0.851492 
1697 -0.852221 
1698 -0.852221 
745 -0.852582 
1137 -0.853318 
2092 -0.853318 
2091 -0.853318 
1146 -0.853318 
1134 -0.853318 
337 -0.853318 
485 -0.854167 
2279 -0.857543 
1267 -0.857894 
2375 -0.859664 
2376 -0.859664 
496 -0.861809 
1893 -0.861818 
2056 -0.866148 
318 -0.866148 
2053 -0.866148 
1096 -0.866148 
2252 -0.866254 
2110 -0.867621 
2109 -0.867621 
2167 -0.869774 
2168 -0.869774 
1783 -0.871752 
981 -0.872380 
1738 -0.873375 
1737 -0.873375 
735 -0.875676 
738 -0.875676 
1694 -0.875676 
739 -0.875676 
134 -0.875676 
869 -0.875676 
1552 -0.876055 
1915 -0.877457 
243 -0.877457 
957 -0.877457 
958 -0.877457 
1916 -0.877457 
1912 -0.877457 
289 -0.877491 
1039 -0.877491 
131 -0.877671 
1521 -0.879397 
1508 -0.881794 
1507 -0.881794 
1502 -0.882005 
1501 -0.882005 
1588 -0.882144 
1587 -0.882144 
1654 -0.884545 
1653 -0.884545 
993 -0.885262 
582 -0.886896 
963 -0.887075 
1558 -0.887479 
1557 -0.887479 
1645 -0.888583 
1646 -0.888583 
1393 -0.891038 
456 -0.891038 
2341 -0.891038 
2342 -0.891038 
1383 -0.891038 
1394 -0.891038 
1512 -0.891462 
1511 -0.891462 
1300 -0.891827 
413 -0.891827 
2059 -0.891870 
2060 -0.891870 
1138 -0.892756 
362 -0.894947 
285 -0.894947 
286 -0.894947 
1032 -0.894947 
1031 -0.894947 
379 -0.894947 
629 -0.895755 
1302 -0.897275 
344 -0.897275 
1150 -0.897275 
1312 -0.897275 
1311 -0.897275 
1301 -0.897275 
308 -0.898211 
1329 -0.898480 
982 -0.898480 
258 -0.898480 
979 -0.898480 
1320 -0.898480 
1319 -0.898480 
1102 -0.898603 
1739 -0.898603 
159 -0.898603 
1740 -0.898603 
784 -0.898603 
783 -0.898603 
1842 -0.899013 
1841 -0.899013 
1879 -0.900148 
1880 -0.900148 
2088 -0.900345 
1642 -0.901524 
1831 -0.902571 
1832 -0.902571 
935 -0.904049 
936 -0.904049 
1506 -0.904795 
1505 -0.904795 
1596 -0.907014 
1595 -0.907014 
638 -0.907014 
85 -0.907014 
660 -0.907014 
637 -0.907014 
2331 -0.907347 
2332 -0.907347 
1904 -0.907669 
1903 -0.907669 
1060 -0.907849 
1870 -0.908447 
1871 -0.908447 
1868 -0.908447 
1867 -0.908447 
222 -0.908447 
497 -0.909340 
1564 -0.909483 
1563 -0.909483 
1161 -0.909927 
1338 -0.909927 
1337 -0.909927 
1164 -0.909927 
2119 -0.909927 
350 -0.909927 
2101 -0.910309 
2102 -0.910309 
676 -0.913613 
675 -0.913613 
1286 -0.913949 
245 -0.913949 
956 -0.913949 
955 -0.913949 
1285 -0.913949 
1911 -0.913949 
1485 -0.915874 
1486 -0.915874 
25 -0.915874 
1499 -0.917236 
1500 -0.917236 
2130 -0.917797 
2129 -0.917797 
1636 -0.918203 
2095 -0.918490 
2096 -0.918490 
1223 -0.918585 
1224 -0.918585 
354 -0.918585 
1191 -0.918585 
1192 -0.918585 
1221 -0.918585 
1546 -0.918726 
1124 -0.919361 
1123 -0.919361 
2082 -0.919361 
2094 -0.919361 
331 -0.919361 
2081 -0.919361 
1050 -0.919582 
1049 -0.919582 
481 -0.919980 
501 -0.922189 
765 -0.922257 
766 -0.922257 
1633 -0.922552 
452 -0.922571 
1380 -0.922571 
854 -0.922870 
853 -0.922870 
1496 -0.925721 
1495 -0.925721 
1597 -0.926004 
239 -0.926929 
1906 -0.926929 
1988 -0.926929 
1985 -0.926929 
770 -0.927579 
769 -0.927579 
1273 -0.927677 
1274 -0.927677 
1376 -0.927683 
1375 -0.927683 
527 -0.929087 
859 -0.929404 
1817 -0.929436 
1818 -0.929436 
2203 -0.930513 
390 -0.930513 
2206 -0.930513 
1245 -0.930513 
1246 -0.930513 
2205 -0.930513 
2008 -0.930904 
2007 -0.930904 
526 -0.931060 
2291 -0.932754 
432 -0.932754 
2292 -0.932754 
1294 -0.934255 
1073 -0.935604 
2032 -0.935604 
2037 -0.935604 
2040 -0.935604 
304 -0.935604 
1742 -0.935758 
1741 -0.935758 
1961 -0.936126 
1962 -0.936126 
1474 -0.936800 
1473 -0.936800 
1540 -0.938302 
1539 -0.938302 
2181 -0.940466 
1644 -0.942927 
2344 -0.943980 
2343 -0.943980 
1324 -0.945299 
2066 -0.947071 
623 -0.948006 
1561 -0.948224 
1562 -0.948224 
1441 -0.950314 
1442 -0.950314 
1228 -0.951671 
2185 -0.951671 
1227 -0.951671 
2152 -0.951671 
1194 -0.951671 
365 -0.951671 
1745 -0.952174 
1808 -0.952483 
1807 -0.952483 
277 -0.953037 
1241 -0.953037 
1016 -0.953037 
1242 -0.953037 
1972 -0.953037 
1492 -0.953165 
1491 -0.953165 
1731 -0.954439 
1732 -0.954439 
193 -0.955289 
1809 -0.955289 
1810 -0.955289 
852 -0.955289 
1814 -0.955289 
1007 -0.955351 
237 -0.956228 
1120 -0.956228 
1119 -0.956228 
1130 -0.956228 
1129 -0.956228 
946 -0.956228 
1652 -0.957863 
1651 -0.957863 
1169 -0.958105 
829 -0.958971 
962 -0.959732 
1723 -0.960990 
1724 -0.960990 
2188 -0.961609 
1513 -0.963101 
1514 -0.963101 
921 -0.963693 
922 -0.963693 
480 -0.964909 
1021 -0.965202 
839 -0.967305 
840 -0.967305 
2357 -0.969001 
2358 -0.969001 
1527 -0.969630 
76 -0.970393 
1577 -0.970393 
1574 -0.970393 
1573 -0.970393 
1569 -0.970819 
1883 -0.971762 
1749 -0.971784 
1750 -0.971784 
168 -0.972092 
1713 -0.972244 
1714 -0.972244 
1907 -0.972973 
523 -0.973450 
2067 -0.973941 
2140 -0.974980 
926 -0.976537 
225 -0.976537 
2180 -0.976782 
1389 -0.978270 
1617 -0.978292 
1618 -0.978292 
1991 -0.978566 
1992 -0.978566 
1578 -0.978578 
65 -0.980032 
2120 -0.980226 
347 -0.980340 
1160 -0.980340 
2118 -0.980340 
2114 -0.980340 
2113 -0.980340 
1156 -0.980340 
484 -0.980608 
1850 -0.981251 
1849 -0.981251 
1659 -0.982611 
1480 -0.984292 
1479 -0.984292 
1973 -0.984477 
1974 -0.984477 
2165 -0.985175 
309 -0.985175 
1081 -0.985175 
1082 -0.985175 
2039 -0.985175 
1210 -0.985175 
262 -0.986123 
1946 -0.986123 
1945 -0.986123 
1628 -0.987173 
1627 -0.987173 
1037 -0.989388 
1038 -0.989388 
968 -0.989388 
1034 -0.989388 
1033 -0.989388 
249 -0.989388 
2226 -0.989922 
2225 -0.989922 
398 -0.989922 
1095 -0.990103 
2394 -0.990103 
317 -0.990103 
2054 -0.990103 
2391 -0.990103 
1434 -0.990103 
2338 -0.990343 
2337 -0.990343 
454 -0.990343 
1402 -0.992745 
1401 -0.992745 
777 -0.992754 
778 -0.992754 
1030 -0.993868 
1029 -0.993868 
1168 -0.994371 
1798 -0.994446 
1797 -0.994446 
2282 -0.994507 
2367 -0.995230 
2108 -0.995827 
2107 -0.995827 
917 -0.996450 
918 -0.996450 
1549 -0.999146 
1793 -0.999457 
1923 -0.999715 
1924 -0.999715 
2111 -1.000235 
441 -1.000307 
142 -1.000842 
752 -1.000842 
751 -1.000842 
1709 -1.000842 
1710 -1.000842 
1721 -1.000842 
1216 -1.002238 
1613 -1.002948 
1614 -1.002948 
1708 -1.003738 
1707 -1.003738 
1995 -1.003919 
1996 -1.003919 
2145 -1.004328 
1715 -1.005479 
1716 -1.005479 
143 -1.009474 
1851 -1.009474 
1852 -1.009474 
894 -1.009474 
1836 -1.011308 
1835 -1.011308 
1585 -1.013431 
1586 -1.013431 
1498 -1.013878 
268 -1.014807 
1231 -1.014807 
1000 -1.014807 
997 -1.014807 
1199 -1.014807 
1200 -1.014807 
406 -1.016521 
2239 -1.016521 
2240 -1.016521 
1478 -1.019757 
1477 -1.019757 
998 -1.024077 
906 -1.024077 
1866 -1.024077 
1863 -1.024077 
269 -1.024077 
219 -1.024077 
987 -1.025012 
988 -1.025012 
1968 -1.025933 
1967 -1.025933 
655 -1.027842 
1603 -1.031094 
1604 -1.031094 
1939 -1.031538 
1940 -1.031538 
1484 -1.032339 
1483 -1.032339 
2334 -1.035761 
2333 -1.035761 
1856 -1.035843 
1855 -1.035843 
275 -1.036133 
1009 -1.036133 
1012 -1.036133 
1369 -1.036133 
1370 -1.036133 
276 -1.036133 
2104 -1.036306 
2103 -1.036306 
1005 -1.038179 
106 -1.038229 
1634 -1.038229 
1635 -1.038229 
191 -1.039873 
192 -1.039873 
1803 -1.039873 
846 -1.039873 
1806 -1.039873 
632 -1.041919 
631 -1.041919 
1282 -1.043638 
1177 -1.043638 
1174 -1.043638 
1281 -1.043638 
355 -1.043638 
407 -1.043638 
612 -1.043875 
611 -1.043875 
1785 -1.045955 
1510 -1.051379 
1509 -1.051379 
1516 -1.051855 
1926 -1.056804 
1925 -1.056804 
1994 -1.059237 
1993 -1.059237 
1153 -1.059558 
2220 -1.060120 
1481 -1.060461 
1482 -1.060461 
23 -1.060461 
404 -1.060517 
1529 -1.063473 
1162 -1.063503 
1584 -1.064517 
1728 -1.064691 
1727 -1.064691 
1582 -1.066933 
1581 -1.066933 
1971 -1.066978 
238 -1.067513 
951 -1.067513 
2015 -1.067613 
2016 -1.067613 
1735 -1.070643 
1812 -1.070688 
1811 -1.070688 
1664 -1.071050 
1663 -1.071050 
1722 -1.071554 
1349 -1.071860 
1350 -1.071860 
2204 -1.072872 
1935 -1.073232 
1936 -1.073232 
648 -1.073776 
1599 -1.074871 
2387 -1.075007 
2388 -1.075007 
909 -1.075015 
2295 -1.079347 
2274 -1.079412 
2273 -1.079412 
1439 -1.079745 
1440 -1.079745 
1 -1.079745 
1024 -1.079790 
694 -1.081584 
693 -1.081584 
1772 -1.081969 
1771 -1.081969 
1869 -1.082752 
1113 -1.083586 
1114 -1.083586 
2072 -1.083586 
2071 -1.083586 
322 -1.083586 
2068 -1.083586 
2198 -1.083780 
1466 -1.083896 
1532 -1.084508 
1531 -1.084508 
1533 -1.084940 
802 -1.088210 
814 -1.088210 
170 -1.088210 
811 -1.088210 
801 -1.088210 
1759 -1.088210 
985 -1.088802 
986 -1.088802 
1839 -1.089105 
1854 -1.090741 
1853 -1.090741 
2157 -1.092261 
408 -1.095147 
1289 -1.095147 
1908 -1.097447 
1905 -1.097447 
240 -1.097447 
947 -1.097447 
948 -1.097447 
320 -1.098331 
230 -1.098331 
933 -1.098331 
1104 -1.098331 
1107 -1.098331 
1108 -1.098331 
1490 -1.100201 
1489 -1.100201 
1685 -1.103332 
1686 -1.103332 
1886 -1.103658 
1885 -1.103658 
656 -1.104193 
94 -1.104193 
824 -1.104193 
823 -1.104193 
820 -1.104193 
819 -1.104193 
1630 -1.106135 
1629 -1.106135 
1668 -1.106203 
1667 -1.106203 
164 -1.106208 
791 -1.106208 
812 -1.108570 
522 -1.110605 
2017 -1.110661 
2018 -1.110661 
1813 -1.110948 
992 -1.112321 
473 -1.114191 
1426 -1.114191 
2280 -1.116364 
427 -1.116364 
2281 -1.116364 
702 -1.117544 
1660 -1.117544 
118 -1.117544 
900 -1.117544 
899 -1.117544 
897 -1.117544 
2078 -1.117684 
1163 -1.118156 
868 -1.118501 
1621 -1.119306 
1625 -1.119306 
1622 -1.119306 
1624 -1.119306 
101 -1.119306 
1902 -1.119796 
1901 -1.119796 
1683 -1.120794 
1890 -1.120931 
226 -1.120931 
1887 -1.120931 
1882 -1.120931 
2268 -1.122240 
1787 -1.126055 
1788 -1.126055 
1014 -1.126227 
1001 -1.126227 
1013 -1.126227 
296 -1.126227 
1002 -1.126227 
271 -1.126227 
2089 -1.126290 
2090 -1.126290 
850 -1.126948 
1103 -1.127170 
938 -1.127170 
204 -1.127170 
937 -1.127170 
875 -1.127170 
878 -1.127170 
1132 -1.130062 
1131 -1.130062 
2311 -1.133072 
1469 -1.133242 
1470 -1.133242 
1011 -1.135175 
659 -1.135603 
999 -1.135912 
1958 -1.135912 
1955 -1.135912 
1956 -1.135912 
1957 -1.135912 
267 -1.135912 
1773 -1.138137 
1774 -1.138137 
932 -1.138407 
928 -1.138407 
927 -1.138407 
1729 -1.138407 
931 -1.138407 
152 -1.138407 
1876 -1.139097 
1875 -1.139097 
2138 -1.140402 
2137 -1.140402 
1765 -1.140787 
1675 -1.141997 
895 -1.143653 
896 -1.143653 
1989 -1.144419 
1990 -1.144419 
2163 -1.147309 
2164 -1.147309 
1142 -1.149156 
2100 -1.149156 
1147 -1.149156 
1148 -1.149156 
340 -1.149156 
2105 -1.149156 
2020 -1.153472 
1232 -1.153777 
381 -1.153777 
1233 -1.153777 
1953 -1.154033 
1954 -1.154033 
2013 -1.154033 
996 -1.154033 
266 -1.154033 
995 -1.154033 
974 -1.160165 
253 -1.160165 
1932 -1.160165 
828 -1.160209 
865 -1.160837 
1823 -1.160837 
874 -1.160837 
199 -1.160837 
871 -1.160837 
866 -1.160837 
877 -1.160857 
1838 -1.162436 
205 -1.162436 
1834 -1.162436 
1833 -1.162436 
876 -1.162436 
1027 -1.162490 
949 -1.162490 
950 -1.162490 
964 -1.162490 
241 -1.162490 
1028 -1.162490 
816 -1.162960 
815 -1.162960 
1909 -1.163656 
1910 -1.163656 
1188 -1.165233 
1187 -1.165233 
1933 -1.169387 
1611 -1.169406 
662 -1.169406 
661 -1.169406 
653 -1.169406 
95 -1.169406 
654 -1.169406 
563 -1.171668 
663 -1.172799 
156 -1.173011 
440 -1.175229 
1225 -1.175229 
1226 -1.175229 
1036 -1.175229 
288 -1.175229 
380 -1.175229 
1555 -1.176289 
2128 -1.177523 
2127 -1.177523 
696 -1.178735 
695 -1.178735 
115 -1.178735 
1650 -1.178996 
1649 -1.178996 
1998 -1.179016 
1997 -1.179016 
1101 -1.179227 
744 -1.179846 
862 -1.180165 
1290 -1.180196 
2064 -1.181062 
2061 -1.181062 
2062 -1.181062 
2065 -1.181062 
321 -1.181062 
300 -1.181737 
301 -1.181737 
1072 -1.181737 
1070 -1.181737 
1069 -1.181737 
1252 -1.181737 
2386 -1.182037 
2385 -1.182037 
1115 -1.182552 
2074 -1.182552 
2073 -1.182552 
1116 -1.182552 
326 -1.182552 
1888 -1.182738 
1215 -1.184646 
2170 -1.184646 
1211 -1.184646 
2169 -1.184646 
373 -1.184646 
1218 -1.184646 
325 -1.185297 
1109 -1.185297 
323 -1.185297 
342 -1.185297 
1145 -1.185297 
1110 -1.185297 
1734 -1.185436 
645 -1.186382 
2224 -1.186717 
2223 -1.186717 
2351 -1.187958 
2097 -1.189651 
2098 -1.189651 
124 -1.189697 
717 -1.189697 
93 -1.189697 
652 -1.189697 
718 -1.189697 
961 -1.189697 
2106 -1.191378 
2122 -1.192119 
2121 -1.192119 
263 -1.192932 
2006 -1.192932 
2382 -1.193545 
400 -1.193832 
1271 -1.193832 
83 -1.194335 
1594 -1.194335 
1593 -1.194335 
635 -1.194335 
1623 -1.194826 
1979 -1.195115 
1980 -1.195115 
1384 -1.195240 
1781 -1.195719 
1784 -1.195719 
178 -1.195719 
1776 -1.195719 
1720 -1.196207 
1719 -1.196207 
772 -1.198287 
203 -1.198287 
756 -1.198287 
771 -1.198287 
146 -1.198287 
151 -1.198287 
1743 -1.199244 
1801 -1.199726 
1600 -1.199758 
1601 -1.199758 
644 -1.199758 
87 -1.199758 
1602 -1.199758 
182 -1.202435 
830 -1.202435 
1786 -1.202435 
1789 -1.202435 
831 -1.202435 
827 -1.202435 
885 -1.202986 
207 -1.202986 
884 -1.202986 
1843 -1.202986 
1840 -1.202986 
1779 -1.203599 
1780 -1.203599 
2227 -1.204969 
925 -1.206090 
1944 -1.209325 
1943 -1.209325 
1748 -1.210346 
1747 -1.210346 
2202 -1.211540 
1816 -1.211653 
1815 -1.211653 
1592 -1.213250 
860 -1.214071 
132 -1.214071 
732 -1.214071 
1689 -1.214071 
133 -1.214071 
731 -1.214071 
1647 -1.215052 
1295 -1.217406 
172 -1.220266 
808 -1.220266 
39 -1.220732 
1519 -1.227075 
1520 -1.227075 
1662 -1.227665 
1661 -1.227665 
1451 -1.227718 
1452 -1.227718 
1899 -1.229177 
562 -1.229716 
2368 -1.231836 
468 -1.231836 
2365 -1.231836 
2369 -1.231836 
630 -1.240057 
1100 -1.240057 
1099 -1.240057 
81 -1.240057 
1436 -1.240057 
1435 -1.240057 
1626 -1.240913 
2146 -1.242131 
1159 -1.242131 
2143 -1.242131 
349 -1.242131 
2117 -1.242131 
1861 -1.244352 
1862 -1.244352 
1891 -1.244395 
233 -1.244395 
1894 -1.244395 
1895 -1.244395 
310 -1.247001 
311 -1.247001 
370 -1.247001 
1084 -1.247001 
1202 -1.247001 
1083 -1.247001 
2036 -1.249438 
2035 -1.249438 
835 -1.251685 
836 -1.251685 
1922 -1.252836 
1921 -1.252836 
2004 -1.254302 
2003 -1.254302 
883 -1.262532 
673 -1.262933 
683 -1.262933 
680 -1.262933 
684 -1.262933 
1631 -1.262933 
103 -1.262933 
2000 -1.263600 
1999 -1.263600 
2270 -1.264218 
2269 -1.264218 
2055 -1.268536 
649 -1.269299 
1173 -1.270985 
944 -1.275021 
1829 -1.279166 
1830 -1.279166 
1800 -1.279342 
1348 -1.279495 
1332 -1.279495 
2289 -1.279495 
1331 -1.279495 
431 -1.279495 
2290 -1.279495 
912 -1.287015 
190 -1.290639 
104 -1.291269 
1931 -1.291269 
1632 -1.291269 
973 -1.291269 
674 -1.291269 
991 -1.292016 
264 -1.292016 
348 -1.292016 
994 -1.292016 
353 -1.292016 
1141 -1.292016 
2139 -1.292155 
1183 -1.292155 
1154 -1.292155 
2112 -1.292155 
1184 -1.292155 
345 -1.292155 
813 -1.293630 
149 -1.293710 
749 -1.293710 
284 -1.293710 
242 -1.293710 
196 -1.293710 
140 -1.293710 
1438 -1.294481 
1437 -1.294481 
1118 -1.295132 
1792 -1.296153 
184 -1.298938 
837 -1.298938 
1795 -1.298938 
1790 -1.298938 
1796 -1.298938 
832 -1.298938 
2305 -1.303604 
2306 -1.303604 
1544 -1.306896 
1467 -1.309001 
2196 -1.313014 
385 -1.313014 
1236 -1.313014 
1249 -1.313014 
2193 -1.313014 
1250 -1.313014 
2115 -1.313279 
2116 -1.313279 
1641 -1.323519 
1638 -1.323519 
1637 -1.323519 
109 -1.323519 
1371 -1.323729 
447 -1.323729 
1446 -1.324087 
1445 -1.324087 
1560 -1.324154 
1559 -1.324154 
1464 -1.327727 
1463 -1.327727 
389 -1.328151 
1248 -1.328151 
1826 -1.328482 
1825 -1.328482 
2075 -1.339868 
1768 -1.340057 
1767 -1.340057 
386 -1.343228 
1688 -1.345630 
2248 -1.351006 
2247 -1.351006 
559 -1.352155 
569 -1.352155 
570 -1.352155 
560 -1.352155 
565 -1.352155 
41 -1.352155 
127 -1.352689 
768 -1.354782 
626 -1.354782 
79 -1.354782 
1433 -1.354782 
478 -1.354782 
625 -1.354782 
1025 -1.357069 
1178 -1.365225 
1328 -1.365936 
1327 -1.365936 
870 -1.368114 
295 -1.368114 
1055 -1.368114 
1056 -1.368114 
201 -1.368114 
1059 -1.368114 
234 -1.368794 
943 -1.368794 
430 -1.370372 
1335 -1.370372 
1570 -1.371398 
1571 -1.371398 
73 -1.371398 
1736 -1.373186 
1733 -1.373186 
1106 -1.373186 
155 -1.373186 
2063 -1.373186 
1105 -1.373186 
2221 -1.376201 
2222 -1.376201 
2378 -1.379165 
2377 -1.379165 
2022 -1.388672 
598 -1.398185 
597 -1.398185 
1897 -1.398556 
940 -1.398556 
1900 -1.398556 
945 -1.398556 
236 -1.398556 
235 -1.398556 
2288 -1.399372 
2243 -1.404505 
2244 -1.404505 
43 -1.405054 
1545 -1.405054 
1522 -1.405054 
564 -1.405054 
587 -1.405054 
588 -1.405054 
682 -1.410153 
681 -1.410153 
108 -1.410153 
1639 -1.410153 
1640 -1.410153 
1643 -1.410153 
324 -1.411960 
1112 -1.411960 
1111 -1.411960 
1265 -1.411960 
1268 -1.411960 
1269 -1.411960 
1097 -1.416554 
615 -1.417025 
613 -1.417025 
580 -1.417025 
51 -1.417025 
577 -1.417025 
614 -1.417025 
734 -1.417285 
47 -1.417285 
1691 -1.417285 
1692 -1.417285 
733 -1.417285 
1528 -1.417285 
1020 -1.419499 
279 -1.419499 
1978 -1.419499 
1977 -1.419499 
1976 -1.419499 
1717 -1.420536 
1718 -1.420536 
1794 -1.427004 
834 -1.427004 
855 -1.427004 
1791 -1.427004 
186 -1.427004 
856 -1.427004 
402 -1.427654 
2232 -1.427654 
401 -1.427654 
2229 -1.427654 
1275 -1.427654 
1272 -1.427654 
1465 -1.430608 
507 -1.430608 
515 -1.430608 
518 -1.430608 
519 -1.430608 
14 -1.430608 
212 -1.431584 
1848 -1.431584 
1847 -1.431584 
890 -1.431584 
2132 -1.433282 
1846 -1.435134 
888 -1.435134 
887 -1.435134 
1845 -1.435134 
1873 -1.435134 
211 -1.435134 
793 -1.436448 
790 -1.436448 
1751 -1.436448 
1752 -1.436448 
1746 -1.436448 
162 -1.436448 
1965 -1.441434 
891 -1.444469 
2330 -1.452086 
2329 -1.452086 
2284 -1.452891 
701 -1.453863 
2023 -1.454237 
1461 -1.456081 
1859 -1.456808 
1860 -1.456808 
2285 -1.459168 
2034 -1.460337 
1074 -1.460337 
305 -1.460337 
307 -1.460337 
2031 -1.460337 
100 -1.462480 
105 -1.462480 
99 -1.462480 
117 -1.462480 
666 -1.462480 
665 -1.462480 
2159 -1.463167 
2160 -1.463167 
1122 -1.463298 
2087 -1.463298 
2080 -1.463298 
2079 -1.463298 
329 -1.463298 
1121 -1.463298 
1687 -1.464566 
1682 -1.464566 
1690 -1.464566 
128 -1.464566 
2392 -1.465042 
2019 -1.472723 
1062 -1.472723 
1008 -1.472723 
1966 -1.472723 
274 -1.472723 
1061 -1.472723 
2184 -1.477512 
2058 -1.478319 
2057 -1.478319 
157 -1.478957 
780 -1.478957 
779 -1.478957 
911 -1.478957 
232 -1.478957 
221 -1.478957 
579 -1.480330 
792 -1.484232 
335 -1.484232 
327 -1.484232 
165 -1.484232 
794 -1.484232 
1117 -1.484232 
1197 -1.488655 
1881 -1.494747 
1884 -1.494747 
228 -1.494747 
924 -1.494747 
923 -1.494747 
227 -1.494747 
1213 -1.495595 
2219 -1.495595 
2171 -1.495595 
1262 -1.495595 
2172 -1.495595 
375 -1.495595 
67 -1.500629 
69 -1.500629 
893 -1.500629 
319 -1.500629 
605 -1.500629 
606 -1.500629 
1579 -1.500740 
71 -1.500740 
1568 -1.500740 
610 -1.500740 
621 -1.500740 
1567 -1.500740 
1920 -1.509137 
1919 -1.509137 
1934 -1.509511 
1947 -1.509511 
1948 -1.509511 
254 -1.509511 
989 -1.509511 
990 -1.509511 
1372 -1.509633 
713 -1.515535 
1576 -1.521345 
75 -1.521345 
1575 -1.521345 
618 -1.521345 
617 -1.521345 
1583 -1.521345 
1234 -1.523410 
704 -1.534655 
2133 -1.537314 
303 -1.540379 
533 -1.549747 
1405 -1.550278 
1406 -1.550278 
1336 -1.551267 
2308 -1.555076 
2307 -1.555076 
1941 -1.557074 
1209 -1.571798 
1676 -1.573920 
1666 -1.573920 
1665 -1.573920 
1673 -1.573920 
707 -1.573920 
121 -1.573920 
2208 -1.577617 
2207 -1.577617 
2195 -1.579411 
1198 -1.579411 
367 -1.579411 
1237 -1.579411 
1238 -1.579411 
2156 -1.579411 
712 -1.582283 
851 -1.587309 
848 -1.587309 
847 -1.587309 
116 -1.587309 
697 -1.587309 
698 -1.587309 
469 -1.597939 
1416 -1.597939 
1674 -1.603692 
158 -1.605908 
160 -1.605908 
889 -1.605908 
892 -1.605908 
781 -1.605908 
782 -1.605908 
553 -1.608478 
1963 -1.611174 
591 -1.612747 
592 -1.612747 
594 -1.612747 
59 -1.612747 
58 -1.612747 
72 -1.612747 
313 -1.614795 
1085 -1.614795 
2043 -1.614795 
312 -1.614795 
2044 -1.614795 
1092 -1.614795 
1942 -1.620496 
1938 -1.620496 
1937 -1.620496 
980 -1.620496 
259 -1.620496 
1534 -1.621570 
1535 -1.621570 
50 -1.621570 
1536 -1.621570 
578 -1.621570 
689 -1.621866 
1766 -1.626324 
173 -1.626324 
2077 -1.628750 
2076 -1.628750 
328 -1.628750 
136 -1.632898 
740 -1.632898 
775 -1.632898 
153 -1.632898 
773 -1.632898 
774 -1.632898 
863 -1.651980 
28 -1.659613 
536 -1.659613 
535 -1.659613 
807 -1.664320 
664 -1.664320 
667 -1.664320 
668 -1.664320 
174 -1.664320 
98 -1.664320 
2025 -1.664641 
302 -1.664641 
2028 -1.664641 
2029 -1.664641 
384 -1.665622 
1230 -1.665622 
217 -1.665622 
1235 -1.665622 
1229 -1.665622 
902 -1.665622 
679 -1.667662 
762 -1.669439 
147 -1.669439 
761 -1.669439 
711 -1.674983 
202 -1.674983 
206 -1.674983 
714 -1.674983 
867 -1.674983 
122 -1.674983 
429 -1.677358 
2283 -1.677358 
2287 -1.677358 
2286 -1.677358 
119 -1.680440 
715 -1.680440 
215 -1.680440 
703 -1.680440 
706 -1.680440 
716 -1.680440 
589 -1.686733 
920 -1.687095 
929 -1.687095 
776 -1.687095 
229 -1.687095 
154 -1.687095 
930 -1.687095 
368 -1.688954 
2158 -1.688954 
2201 -1.688954 
388 -1.688954 
1244 -1.688954 
1243 -1.688954 
1802 -1.691871 
1799 -1.691871 
845 -1.691871 
1804 -1.691871 
189 -1.691871 
1044 -1.697731 
983 -1.697731 
984 -1.697731 
261 -1.697731 
291 -1.697731 
1047 -1.697731 
1086 -1.700572 
306 -1.700572 
1079 -1.700572 
1080 -1.700572 
1077 -1.700572 
1078 -1.700572 
224 -1.701973 
919 -1.701973 
760 -1.701973 
148 -1.701973 
915 -1.701973 
916 -1.701973 
1040 -1.703472 
255 -1.703472 
343 -1.703472 
975 -1.703472 
426 -1.703472 
976 -1.703472 
2131 -1.708186 
2135 -1.708186 
2134 -1.708186 
358 -1.708186 
1090 -1.711859 
1089 -1.711859 
4 -1.718484 
489 -1.718484 
490 -1.718484 
1874 -1.725269 
574 -1.734994 
742 -1.734994 
1530 -1.734994 
48 -1.734994 
741 -1.734994 
1699 -1.734994 
1006 -1.743751 
1964 -1.743751 
1010 -1.743751 
1057 -1.743751 
1058 -1.743751 
273 -1.743751 
520 -1.745931 
685 -1.745931 
687 -1.745931 
688 -1.745931 
110 -1.745931 
21 -1.745931 
30 -1.747080 
788 -1.747080 
787 -1.747080 
538 -1.747080 
31 -1.747080 
163 -1.747080 
60 -1.763146 
1550 -1.763146 
1551 -1.763146 
2347 -1.779166 
2348 -1.779166 
2363 -1.780804 
2364 -1.780804 
677 -1.790329 
89 -1.790329 
88 -1.790329 
643 -1.790329 
646 -1.790329 
678 -1.790329 
2001 -1.796652 
2002 -1.796652 
2194 -1.801006 
810 -1.802504 
809 -1.802504 
799 -1.802504 
1753 -1.802504 
800 -1.802504 
167 -1.802504 
730 -1.803853 
727 -1.803853 
728 -1.803853 
1543 -1.803853 
729 -1.803853 
56 -1.803853 
2254 -1.807880 
2253 -1.807880 
670 -1.814558 
763 -1.814558 
764 -1.814558 
651 -1.814558 
150 -1.814558 
92 -1.814558 
548 -1.815445 
547 -1.815445 
34 -1.815445 
78 -1.819125 
628 -1.819125 
627 -1.819125 
66 -1.819125 
603 -1.819125 
604 -1.819125 
330 -1.821333 
439 -1.821333 
351 -1.821333 
361 -1.821333 
412 -1.821333 
433 -1.821333 
1449 -1.824433 
1450 -1.824433 
214 -1.825423 
650 -1.825423 
647 -1.825423 
141 -1.825423 
90 -1.825423 
248 -1.825423 
2051 -1.836709 
2052 -1.836709 
1769 -1.837835 
1770 -1.837835 
1565 -1.843960 
607 -1.843960 
608 -1.843960 
624 -1.843960 
68 -1.843960 
1566 -1.843960 
130 -1.846231 
129 -1.846231 
723 -1.846231 
724 -1.846231 
1681 -1.846231 
1684 -1.846231 
798 -1.848443 
797 -1.848443 
86 -1.848443 
1598 -1.848443 
1755 -1.848443 
1756 -1.848443 
726 -1.853462 
590 -1.853462 
57 -1.853462 
725 -1.853462 
1547 -1.853462 
1548 -1.853462 
278 -1.862434 
209 -1.862434 
223 -1.862434 
208 -1.862434 
450 -1.862434 
451 -1.862434 
513 -1.864442 
1468 -1.864442 
16 -1.864442 
1471 -1.864442 
942 -1.868049 
82 -1.868049 
941 -1.868049 
636 -1.868049 
785 -1.868049 
1591 -1.868049 
1975 -1.879750 
1703 -1.890200 
1704 -1.890200 
138 -1.890200 
256 -1.890299 
260 -1.890299 
978 -1.890299 
977 -1.890299 
257 -1.890299 
339 -1.890299 
1700 -1.890348 
595 -1.890348 
1553 -1.890348 
1554 -1.890348 
62 -1.890348 
596 -1.890348 
1046 -1.892062 
1045 -1.892062 
290 -1.892062 
690 -1.896339 
1648 -1.896339 
700 -1.896339 
1657 -1.896339 
699 -1.896339 
112 -1.896339 
1043 -1.900139 
2294 -1.902023 
2293 -1.902023 
2155 -1.909147 
1205 -1.910090 
1068 -1.910090 
1067 -1.910090 
282 -1.910090 
1026 -1.910090 
1023 -1.910090 
759 -1.914619 
33 -1.935823 
833 -1.935823 
542 -1.935823 
658 -1.935823 
657 -1.935823 
187 -1.935823 
1702 -1.937854 
1701 -1.937854 
38 -1.955153 
61 -1.955153 
575 -1.955153 
554 -1.955153 
576 -1.955153 
593 -1.955153 
708 -1.962330 
1525 -1.962330 
46 -1.962330 
45 -1.962330 
568 -1.962330 
567 -1.962330 
1556 -1.972262 
1523 -1.972262 
566 -1.972262 
44 -1.972262 
1524 -1.972262 
114 -1.999746 
691 -1.999746 
692 -1.999746 
843 -1.999746 
849 -1.999746 
844 -1.999746 
213 -2.009724 
746 -2.009724 
743 -2.009724 
881 -2.009724 
137 -2.009724 
882 -2.009724 
2136 -2.013709 
185 -2.027617 
183 -2.027617 
181 -2.027617 
180 -2.027617 
175 -2.027617 
176 -2.027617 
838 -2.030414 
686 -2.030414 
111 -2.030414 
188 -2.030414 
841 -2.030414 
842 -2.030414 
487 -2.035482 
620 -2.059300 
619 -2.059300 
74 -2.059300 
609 -2.059300 
616 -2.059300 
70 -2.059300 
84 -2.083503 
634 -2.083503 
633 -2.083503 
27 -2.083503 
530 -2.083503 
26 -2.083503 
861 -2.085069 
864 -2.085069 
1003 -2.085069 
272 -2.085069 
383 -2.085069 
197 -2.085069 
1088 -2.103106 
1087 -2.103106 
600 -2.129212 
1017 -2.129212 
1018 -2.129212 
464 -2.129212 
64 -2.129212 
465 -2.129212 
53 -2.136735 
281 -2.136735 
457 -2.136735 
460 -2.136735 
581 -2.136735 
584 -2.136735 
1754 -2.137369 
545 -2.145307 
546 -2.145307 
2191 -2.145643 
2192 -2.145643 
1515 -2.149411 
1517 -2.149411 
40 -2.149411 
1171 -2.149411 
1172 -2.149411 
558 -2.149411 
1898 -2.151624 
539 -2.240554 
540 -2.240554 
1497 -2.240554 
12 -2.240554 
504 -2.240554 
1462 -2.240554 
1487 -2.283593 
1472 -2.283593 
529 -2.283593 
1488 -2.283593 
19 -2.283593 
514 -2.283593 
210 -2.300575 
886 -2.300575 
1878 -2.300575 
1877 -2.300575 
1844 -2.300575 
1580 -2.304684 
622 -2.304684 
77 -2.304684 
795 -2.317846 
5 -2.317846 
939 -2.317846 
488 -2.317846 
166 -2.317846 
796 -2.317846 
2050 -2.347948 
2049 -2.347948 
2030 -2.366594 
1064 -2.368996 
1071 -2.368996 
298 -2.368996 
1201 -2.368996 
2024 -2.368996 
2021 -2.368996 
299 -2.426301 
1075 -2.426301 
2033 -2.426301 
2026 -2.426301 
1076 -2.426301 
510 -2.435448 
107 -2.435448 
113 -2.435448 
17 -2.435448 
18 -2.435448 
509 -2.435448 
586 -2.616955 
585 -2.616955 
557 -2.616955 
534 -2.616955 
29 -2.616955 
55 -2.616955 
36 -2.628497 
572 -2.628497 
49 -2.628497 
80 -2.628497 
550 -2.628497 
571 -2.628497 
705 -2.650236 
524 -2.650236 
22 -2.650236 
710 -2.650236 
709 -2.650236 
521 -2.650236 
356 -2.654525 
1176 -2.654525 
1175 -2.654525 
428 -2.654525 
357 -2.654525 
1179 -2.654525 
24 -2.826951 
525 -2.826951 
52 -2.826951 
528 -2.826951 
120 -2.826951 
573 -2.826951 
0 -2.842819 
482 -2.842819 
479 -2.842819 
639 -2.842819 
789 -2.842819 
640 -2.842819 
97 -3.007394 
508 -3.007394 
505 -3.007394 
537 -3.007394 
13 -3.007394 
15 -3.007394 
10 -3.932045 
96 -3.932045 
503 -3.932045 
502 -3.932045 
499 -3.932045 
194 -3.932045 
7 -4.163651 
641 -4.163651 
642 -4.163651 
532 -4.163651 
492 -4.163651 
531 -4.163651 
495 -4.366507 
498 -4.366507 
8 -4.366507 
561 -4.366507 
42 -4.366507 
250 -4.366507 
483 -4.402255 
486 -4.402255 
506 -4.402255 
511 -4.402255 
512 -4.402255 
2 -4.402255 
