2642 1
210 3.256047 
345 3.175189 
979 3.132087 
1512 3.058910 
316 2.993980 
291 2.874136 
2166 2.871888 
284 2.824431 
1395 2.816486 
2171 2.745115 
1783 2.728927 
1143 2.718180 
128 2.682923 
1022 2.656042 
980 2.653299 
1266 2.652359 
961 2.635994 
1006 2.588528 
730 2.588045 
1040 2.569267 
727 2.561304 
1376 2.548161 
964 2.547737 
81 2.545133 
524 2.529230 
1728 2.500363 
257 2.483834 
870 2.470695 
390 2.467976 
991 2.452891 
405 2.412518 
1881 2.386131 
1060 2.368965 
1240 2.366806 
51 2.359642 
2160 2.358249 
1285 2.350752 
621 2.334947 
1292 2.330540 
2173 2.326018 
795 2.320574 
271 2.312952 
508 2.305043 
996 2.301677 
1272 2.301033 
1935 2.295576 
1535 2.284323 
398 2.280060 
1794 2.278910 
321 2.276468 
1519 2.271363 
932 2.268952 
954 2.266792 
326 2.259892 
1544 2.258320 
959 2.254440 
2229 2.251430 
126 2.247691 
813 2.243515 
1752 2.240346 
512 2.232907 
1960 2.231081 
573 2.230716 
540 2.212595 
702 2.209759 
295 2.209122 
1194 2.204311 
352 2.197019 
1615 2.192373 
1217 2.191670 
684 2.184945 
1533 2.180953 
1261 2.175390 
1937 2.173693 
897 2.172954 
8 2.167136 
2120 2.164919 
2628 2.164176 
908 2.162161 
1016 2.161374 
231 2.156614 
36 2.145040 
1768 2.143317 
1091 2.139794 
2422 2.131307 
19 2.127129 
1011 2.126831 
2308 2.126295 
1251 2.124823 
1314 2.121831 
2261 2.117683 
1569 2.115166 
349 2.114567 
1673 2.113707 
836 2.109490 
1047 2.108783 
1173 2.105004 
831 2.104702 
1165 2.104219 
4 2.087632 
1675 2.085291 
2305 2.085067 
262 2.075718 
2096 2.072040 
2321 2.071791 
1591 2.071762 
545 2.071640 
735 2.069864 
884 2.069587 
2005 2.067122 
1743 2.064140 
467 2.063177 
1238 2.061261 
2179 2.061012 
2265 2.058470 
1454 2.058259 
1404 2.055676 
2372 2.053145 
739 2.047964 
9 2.046700 
1467 2.046280 
787 2.045334 
127 2.043146 
973 2.042674 
1306 2.040119 
1399 2.037189 
1010 2.033722 
1100 2.033540 
1455 2.031374 
800 2.029798 
253 2.024132 
1203 2.023570 
1543 2.014472 
1370 2.010342 
1959 2.004955 
960 2.000122 
628 1.999797 
1220 1.997112 
1557 1.995619 
1553 1.993706 
374 1.992422 
819 1.991881 
969 1.991104 
992 1.988800 
1845 1.985703 
2294 1.982923 
768 1.981163 
812 1.978492 
1787 1.976780 
1204 1.973961 
844 1.972772 
2046 1.970098 
1102 1.968884 
293 1.964229 
2108 1.963633 
2609 1.962723 
1372 1.952703 
1319 1.951937 
1384 1.948843 
1215 1.948190 
1058 1.947935 
406 1.947357 
2050 1.946396 
94 1.946361 
1436 1.943829 
1458 1.941829 
792 1.941241 
781 1.940361 
807 1.938372 
431 1.938287 
958 1.937389 
2244 1.937354 
625 1.936004 
1252 1.931845 
513 1.930830 
698 1.928810 
1640 1.921695 
2184 1.920458 
1677 1.919499 
1320 1.918738 
1529 1.917101 
634 1.917082 
797 1.911732 
132 1.908063 
323 1.907082 
1064 1.906655 
971 1.904686 
854 1.903007 
215 1.901341 
827 1.897920 
1026 1.897422 
651 1.896738 
655 1.887737 
1222 1.885102 
470 1.882900 
1450 1.879034 
1075 1.877807 
942 1.873401 
1318 1.872122 
1301 1.871060 
353 1.868923 
373 1.868368 
2432 1.867111 
1731 1.863283 
780 1.861697 
895 1.860924 
1607 1.860909 
877 1.859413 
924 1.859052 
2162 1.858269 
566 1.857826 
1104 1.857678 
1523 1.855759 
683 1.855148 
1510 1.852863 
2093 1.852595 
1017 1.850509 
825 1.849818 
609 1.849497 
950 1.848248 
2008 1.847565 
466 1.847474 
789 1.847043 
1705 1.845228 
1189 1.844038 
37 1.842712 
1727 1.840099 
838 1.839138 
471 1.837647 
1225 1.836362 
659 1.835405 
1068 1.833226 
1197 1.830010 
808 1.827421 
1045 1.827256 
341 1.824196 
833 1.822268 
716 1.819176 
2159 1.818761 
892 1.818626 
423 1.818142 
2070 1.817746 
504 1.816859 
678 1.814183 
551 1.812924 
538 1.812564 
938 1.811447 
1626 1.808241 
2304 1.807282 
478 1.805535 
885 1.805191 
217 1.803981 
435 1.803639 
57 1.801848 
2421 1.800739 
860 1.800417 
1288 1.796376 
626 1.793830 
1934 1.793619 
1187 1.792936 
1573 1.792529 
1664 1.792268 
460 1.791531 
1090 1.790362 
1420 1.789811 
720 1.787931 
898 1.786599 
426 1.786535 
486 1.785158 
263 1.784877 
874 1.784683 
1052 1.783628 
1795 1.783472 
1687 1.783306 
2555 1.783159 
342 1.781673 
2414 1.780264 
25 1.778179 
1721 1.777326 
1430 1.776210 
1492 1.774487 
330 1.773077 
851 1.771101 
2309 1.770244 
1777 1.769379 
1724 1.767395 
866 1.762330 
965 1.762156 
331 1.761285 
644 1.760640 
463 1.760585 
254 1.759728 
914 1.758116 
876 1.756674 
865 1.755324 
668 1.755171 
2185 1.753454 
336 1.753144 
617 1.752897 
1243 1.752636 
1354 1.752511 
1956 1.751781 
297 1.751073 
1990 1.750085 
640 1.748757 
1078 1.748288 
775 1.748034 
526 1.747450 
1475 1.745117 
427 1.744844 
770 1.744796 
1442 1.741477 
248 1.740749 
474 1.740207 
630 1.740065 
488 1.739053 
1747 1.738872 
753 1.737258 
679 1.735680 
1720 1.734783 
1188 1.732345 
1798 1.730789 
1232 1.730460 
1780 1.730270 
818 1.729755 
2349 1.729550 
672 1.728926 
1086 1.728511 
1172 1.728365 
79 1.728056 
315 1.727489 
743 1.724894 
1688 1.724157 
849 1.724009 
1024 1.723614 
902 1.723298 
1048 1.722825 
1257 1.722229 
494 1.721806 
861 1.720564 
459 1.720531 
1260 1.719874 
1425 1.716334 
601 1.716007 
605 1.714661 
900 1.714508 
888 1.714506 
875 1.712938 
1576 1.712564 
2252 1.711801 
1183 1.710909 
1451 1.708220 
764 1.705805 
1763 1.703641 
1466 1.703618 
607 1.703256 
245 1.701844 
821 1.701828 
1268 1.701140 
1246 1.699748 
1171 1.697280 
645 1.695849 
796 1.695697 
1765 1.694612 
2330 1.693915 
1750 1.689650 
530 1.689488 
2303 1.689401 
56 1.688173 
2109 1.686978 
335 1.686786 
2143 1.685767 
1051 1.682621 
832 1.682462 
442 1.682053 
2411 1.681296 
670 1.681066 
568 1.680875 
1429 1.678699 
1572 1.677295 
296 1.677231 
1548 1.676731 
595 1.676243 
882 1.673072 
858 1.671724 
424 1.670471 
995 1.670258 
1308 1.667952 
1137 1.667462 
333 1.667112 
553 1.666316 
415 1.665951 
693 1.665141 
232 1.665061 
1311 1.664289 
556 1.663492 
919 1.663094 
1793 1.662856 
1449 1.662008 
1682 1.661325 
473 1.660409 
779 1.660090 
1283 1.659979 
549 1.658762 
1712 1.658395 
1210 1.657569 
558 1.657370 
1255 1.656616 
1541 1.655945 
249 1.655100 
590 1.654702 
187 1.652487 
2114 1.652115 
2113 1.651577 
2299 1.651283 
763 1.650652 
2405 1.650591 
1831 1.650368 
598 1.648599 
717 1.646177 
633 1.645196 
1158 1.644822 
1156 1.644130 
777 1.643905 
830 1.642579 
822 1.641824 
947 1.640108 
588 1.638497 
503 1.638393 
636 1.636598 
484 1.635768 
2401 1.633977 
1092 1.633779 
1054 1.632732 
1053 1.631085 
1069 1.630871 
1153 1.630623 
1789 1.630400 
1695 1.629207 
878 1.628759 
1093 1.626726 
1259 1.626277 
587 1.626203 
1081 1.623808 
1245 1.623662 
662 1.623407 
707 1.623320 
804 1.622199 
740 1.621140 
2334 1.620424 
941 1.620324 
2366 1.620258 
499 1.619077 
451 1.617853 
562 1.617611 
24 1.616626 
1357 1.616526 
665 1.615857 
436 1.615339 
1439 1.613628 
2233 1.612593 
803 1.612408 
1096 1.611945 
872 1.610190 
688 1.609705 
1237 1.609595 
2307 1.608524 
29 1.607656 
786 1.607227 
350 1.605835 
2325 1.605380 
1083 1.604097 
1097 1.603025 
2413 1.601657 
131 1.600925 
1955 1.600597 
1461 1.600131 
2397 1.598832 
1195 1.598500 
1034 1.597328 
635 1.596634 
439 1.595643 
410 1.595523 
1279 1.595452 
445 1.594207 
5 1.594022 
1150 1.591919 
741 1.591189 
552 1.590649 
1715 1.590258 
577 1.590166 
482 1.588672 
1760 1.588483 
1271 1.588438 
1014 1.588220 
1190 1.587824 
1726 1.587608 
706 1.587369 
901 1.587109 
1528 1.584647 
1482 1.584326 
972 1.582881 
745 1.582038 
638 1.581840 
327 1.581159 
584 1.581015 
772 1.580998 
2400 1.580815 
2395 1.580436 
1105 1.580152 
2174 1.579971 
911 1.579542 
1084 1.579456 
650 1.578746 
2410 1.578316 
663 1.578047 
1378 1.576676 
380 1.576180 
1592 1.574929 
506 1.574212 
1269 1.573760 
561 1.573710 
1256 1.572471 
481 1.572163 
642 1.571314 
761 1.571188 
784 1.570928 
2300 1.570519 
1302 1.570378 
667 1.570170 
1681 1.569635 
1833 1.569632 
714 1.567688 
539 1.564818 
701 1.564623 
583 1.563665 
606 1.563275 
594 1.562882 
913 1.561820 
578 1.561681 
765 1.561601 
579 1.561071 
447 1.560961 
690 1.560249 
581 1.558803 
455 1.558639 
446 1.558172 
2406 1.558083 
2398 1.557682 
709 1.557059 
449 1.556967 
935 1.556280 
2141 1.554513 
2181 1.553956 
1771 1.553790 
1551 1.552946 
1381 1.552837 
529 1.552586 
453 1.552326 
759 1.551808 
565 1.551536 
984 1.551036 
440 1.550359 
939 1.549145 
689 1.549075 
1456 1.548090 
498 1.548044 
422 1.547857 
699 1.545900 
2326 1.545624 
2615 1.544075 
682 1.542973 
409 1.542529 
756 1.542439 
1426 1.541818 
1593 1.541192 
945 1.540820 
434 1.538643 
403 1.537659 
710 1.536239 
1066 1.534678 
880 1.533048 
334 1.531471 
859 1.531231 
1686 1.530880 
476 1.530095 
749 1.529046 
328 1.528825 
269 1.526526 
1753 1.526183 
715 1.525513 
1131 1.524865 
1427 1.523016 
2367 1.522982 
1098 1.521618 
806 1.520695 
2317 1.520564 
559 1.520512 
843 1.519469 
1001 1.519238 
1169 1.519118 
837 1.518843 
1094 1.518667 
144 1.517743 
744 1.517052 
917 1.516056 
1270 1.511470 
1025 1.511462 
2407 1.510862 
1629 1.510392 
2092 1.510285 
417 1.509077 
855 1.508948 
842 1.507919 
456 1.507384 
479 1.507189 
2347 1.506238 
1594 1.505882 
721 1.504887 
1580 1.504575 
835 1.504206 
1595 1.503797 
734 1.502964 
985 1.502737 
225 1.502284 
12 1.502150 
1415 1.500857 
1481 1.498498 
458 1.497713 
1355 1.494963 
1309 1.494745 
723 1.493974 
1176 1.493515 
639 1.492760 
646 1.492162 
2394 1.491573 
2327 1.491367 
448 1.490586 
1267 1.490274 
1714 1.489489 
1658 1.489142 
397 1.489043 
1598 1.488674 
791 1.486590 
2122 1.486049 
1349 1.485764 
421 1.485589 
1600 1.485522 
1745 1.485485 
569 1.484664 
1554 1.484477 
1121 1.484028 
1144 1.483664 
857 1.483480 
1588 1.482936 
719 1.482001 
691 1.481381 
751 1.481354 
450 1.480846 
548 1.480797 
666 1.480452 
2402 1.479602 
2201 1.478852 
1477 1.478843 
811 1.478285 
580 1.478122 
2328 1.476661 
412 1.475101 
591 1.474882 
585 1.474733 
2617 1.474052 
708 1.473301 
338 1.472329 
1683 1.472224 
2183 1.471998 
554 1.471379 
2614 1.470744 
705 1.470379 
1244 1.470266 
1079 1.469371 
823 1.469211 
758 1.466044 
543 1.465993 
597 1.465797 
564 1.465788 
1049 1.465409 
1362 1.464800 
2408 1.463295 
228 1.462453 
774 1.460775 
692 1.460774 
1790 1.460505 
1233 1.460001 
483 1.458638 
1012 1.458396 
1122 1.457469 
534 1.457317 
1286 1.456631 
1278 1.456504 
685 1.456139 
1085 1.455409 
661 1.455362 
299 1.454967 
776 1.454621 
1291 1.454392 
712 1.454036 
2277 1.453651 
1622 1.451779 
1073 1.450204 
766 1.448884 
603 1.447898 
762 1.445959 
22 1.445076 
704 1.444960 
492 1.444465 
2415 1.443676 
586 1.443006 
555 1.441688 
694 1.439389 
927 1.439294 
130 1.437385 
850 1.437307 
2146 1.436533 
1076 1.436520 
542 1.435326 
840 1.433703 
567 1.432595 
537 1.432449 
592 1.431996 
1119 1.430674 
1107 1.429449 
441 1.428612 
675 1.426138 
748 1.425900 
485 1.425609 
1235 1.425418 
785 1.424831 
600 1.424813 
454 1.423871 
550 1.423327 
2316 1.423041 
430 1.422723 
208 1.422153 
1277 1.420654 
1023 1.420298 
933 1.418357 
657 1.418160 
936 1.418155 
629 1.418000 
2315 1.416399 
1457 1.415842 
489 1.415809 
1321 1.415668 
755 1.415295 
673 1.415286 
2329 1.414299 
754 1.414051 
922 1.413969 
1002 1.413299 
641 1.411782 
930 1.411493 
438 1.411210 
2324 1.410780 
853 1.409987 
769 1.408481 
912 1.408336 
1087 1.407146 
948 1.406694 
671 1.405592 
863 1.405180 
2439 1.404426 
747 1.403767 
1106 1.403618 
2010 1.403609 
881 1.401023 
1013 1.400597 
1582 1.400022 
1132 1.398374 
1744 1.398294 
652 1.398234 
522 1.398199 
1397 1.397150 
2266 1.395607 
2373 1.393924 
674 1.393394 
2097 1.393182 
722 1.391316 
1796 1.390714 
1561 1.390257 
1641 1.389532 
418 1.386955 
970 1.386161 
596 1.385885 
1655 1.384936 
571 1.383970 
2331 1.383956 
845 1.382416 
1638 1.381985 
809 1.381939 
1701 1.381849 
951 1.381285 
2168 1.380762 
1428 1.380210 
2370 1.379866 
608 1.377673 
2433 1.376425 
757 1.375674 
669 1.375636 
2403 1.375563 
1665 1.373184 
1778 1.372349 
1515 1.370872 
1198 1.370832 
602 1.368349 
44 1.367768 
750 1.367734 
563 1.365448 
1922 1.363956 
944 1.362580 
1842 1.362319 
505 1.361926 
2301 1.361783 
1749 1.361707 
351 1.361173 
480 1.361060 
576 1.360424 
2409 1.356536 
572 1.355920 
2613 1.355415 
1310 1.353853 
2375 1.352426 
1208 1.352268 
560 1.352202 
1059 1.351567 
1000 1.351216 
660 1.350438 
2348 1.349871 
589 1.348654 
1099 1.348405 
413 1.347310 
1356 1.343120 
949 1.343017 
697 1.342738 
2396 1.342459 
495 1.341420 
737 1.341247 
2180 1.339070 
910 1.338069 
38 1.336286 
1072 1.335998 
582 1.335262 
2364 1.333105 
686 1.332762 
903 1.331736 
952 1.331337 
1398 1.328683 
1662 1.328034 
247 1.327104 
915 1.326965 
420 1.326489 
1555 1.324450 
620 1.322911 
246 1.322848 
1116 1.320331 
195 1.319258 
2314 1.318108 
940 1.316910 
1196 1.315310 
1247 1.313692 
989 1.313668 
847 1.313367 
443 1.312738 
1151 1.311648 
713 1.310710 
1126 1.309990 
227 1.309480 
649 1.309314 
1606 1.307359 
1359 1.307201 
946 1.305959 
2365 1.305578 
2182 1.302164 
658 1.301678 
1586 1.300689 
1360 1.300062 
1444 1.298917 
437 1.298754 
929 1.297857 
2350 1.296581 
802 1.296068 
372 1.295923 
457 1.295749 
1290 1.294849 
1388 1.292205 
1713 1.291239 
452 1.290213 
1602 1.289830 
1651 1.289186 
856 1.287902 
477 1.286607 
731 1.286433 
778 1.285566 
1470 1.285496 
444 1.284904 
611 1.280761 
1348 1.279877 
801 1.278869 
574 1.277530 
746 1.277376 
1479 1.276931 
1276 1.275908 
711 1.274190 
1531 1.274064 
687 1.273729 
256 1.273067 
2158 1.272508 
337 1.272099 
1262 1.271868 
703 1.271156 
1936 1.270970 
2412 1.270793 
1563 1.270742 
428 1.269724 
2302 1.269400 
1216 1.268130 
1694 1.267919 
1957 1.267089 
570 1.266323 
2297 1.264176 
1214 1.263824 
1486 1.262889 
30 1.261330 
953 1.257820 
656 1.256349 
738 1.256337 
1082 1.256173 
627 1.254981 
544 1.254287 
1273 1.253303 
1437 1.252947 
2369 1.251555 
2318 1.250822 
472 1.249710 
1152 1.249617 
925 1.247906 
1574 1.246450 
1702 1.246299 
937 1.242890 
918 1.242750 
955 1.239852 
1637 1.239627 
664 1.239398 
654 1.238782 
2618 1.237936 
1805 1.237388 
546 1.235330 
599 1.234999 
752 1.234991 
28 1.234204 
643 1.232405 
696 1.232038 
80 1.231536 
593 1.230757 
497 1.230492 
1095 1.229978 
1885 1.227856 
887 1.227364 
1761 1.226199 
391 1.224909 
1465 1.224572 
1511 1.224020 
2399 1.223659 
2118 1.221890 
867 1.219218 
10 1.218981 
841 1.217407 
767 1.217132 
490 1.216818 
648 1.214213 
998 1.210582 
2629 1.209926 
244 1.209458 
983 1.208167 
26 1.207522 
732 1.206711 
1379 1.205989 
637 1.205814 
433 1.205639 
1459 1.205114 
432 1.203757 
1009 1.202598 
695 1.200953 
1958 1.200124 
35 1.199015 
340 1.198548 
906 1.196677 
680 1.195463 
1274 1.194575 
773 1.193421 
317 1.192203 
2420 1.191816 
1621 1.191365 
191 1.191014 
219 1.189819 
429 1.187484 
1062 1.186016 
829 1.185463 
557 1.183683 
2623 1.183051 
396 1.179096 
771 1.177853 
414 1.175174 
1680 1.174999 
726 1.174759 
943 1.170702 
536 1.168000 
610 1.167917 
1089 1.167596 
1536 1.166654 
329 1.166321 
1504 1.166139 
1074 1.165750 
2110 1.163685 
676 1.163017 
817 1.162828 
2506 1.162607 
511 1.162079 
1704 1.161994 
899 1.161626 
18 1.160877 
1211 1.160802 
2172 1.159656 
810 1.158745 
653 1.156199 
1487 1.154811 
718 1.154403 
700 1.153678 
1880 1.153603 
846 1.153569 
1440 1.152349 
1485 1.151849 
1575 1.149371 
525 1.147672 
760 1.144826 
788 1.144470 
43 1.143853 
2311 1.140492 
1483 1.140175 
909 1.139877 
290 1.139600 
502 1.139402 
1185 1.138631 
392 1.136735 
475 1.136197 
826 1.132893 
158 1.131683 
883 1.131498 
1424 1.131251 
2418 1.130546 
515 1.125535 
742 1.122295 
2066 1.117870 
465 1.117215 
339 1.116868 
931 1.116511 
1800 1.115146 
1603 1.114728 
1737 1.113237 
1711 1.109831 
27 1.109585 
419 1.107452 
613 1.104676 
790 1.103067 
1202 1.101707 
1408 1.101698 
1985 1.101188 
375 1.099589 
2298 1.097173 
934 1.096423 
848 1.096199 
1020 1.095899 
425 1.095568 
1938 1.093865 
1212 1.089377 
469 1.088724 
916 1.086495 
369 1.081959 
893 1.081772 
733 1.079702 
575 1.078098 
1762 1.077438 
69 1.076785 
1027 1.075783 
798 1.075782 
988 1.072394 
468 1.072217 
677 1.070414 
907 1.069653 
1242 1.064068 
1700 1.063346 
974 1.061536 
294 1.059104 
834 1.055381 
547 1.052707 
1476 1.051518 
782 1.049036 
619 1.048432 
926 1.046897 
344 1.045104 
487 1.041662 
343 1.039712 
783 1.035994 
1571 1.035511 
1733 1.033958 
604 1.032796 
1382 1.027963 
1157 1.025967 
370 1.022172 
324 1.021580 
402 1.021260 
990 1.019745 
999 1.017932 
371 1.011065 
510 1.008140 
2163 1.007444 
997 1.005417 
1952 1.004825 
1755 1.003423 
1570 1.002477 
1042 1.001438 
461 0.997790 
1634 0.993958 
298 0.992479 
2167 0.991814 
1693 0.987589 
376 0.983547 
993 0.981293 
1361 0.976082 
139 0.973784 
1441 0.971589 
981 0.966348 
1616 0.961651 
393 0.958799 
2132 0.951770 
261 0.950897 
1316 0.947933 
1730 0.944597 
462 0.944314 
226 0.943958 
1710 0.943185 
852 0.942412 
2425 0.941542 
647 0.939776 
2312 0.936975 
265 0.935104 
862 0.934362 
2619 0.933700 
2270 0.930875 
1192 0.927678 
1005 0.923629 
535 0.922548 
896 0.920204 
1540 0.913500 
816 0.912198 
1853 0.907657 
820 0.905574 
681 0.896139 
1108 0.892206 
1769 0.889545 
2083 0.887827 
404 0.884688 
1811 0.884439 
1015 0.877136 
2423 0.871623 
1933 0.871334 
1063 0.870531 
1782 0.870399 
2474 0.869281 
2187 0.868252 
1890 0.866789 
2620 0.866610 
1191 0.859798 
1494 0.855098 
815 0.851367 
1464 0.845497 
1530 0.830886 
799 0.824259 
377 0.824027 
728 0.822980 
407 0.821792 
736 0.808946 
2062 0.796791 
2140 0.795332 
1497 0.794028 
1046 0.789425 
387 0.789258 
1438 0.788575 
1808 0.787902 
509 0.785187 
1019 0.781805 
1317 0.775754 
2095 0.765937 
2139 0.763068 
956 0.751980 
1799 0.746456 
1018 0.741436 
541 0.739695 
1722 0.722503 
724 0.713674 
1589 0.712840 
1088 0.702086 
1583 0.697732 
3 0.697280 
1489 0.688722 
1021 0.675766 
527 0.675290 
2424 0.674318 
2310 0.670631 
77 0.668583 
889 0.666526 
2164 0.665807 
2632 0.664322 
957 0.651041 
325 0.639556 
976 0.636537 
2630 0.636353 
1758 0.635461 
986 0.632177 
873 0.624223 
1785 0.617819 
1627 0.616896 
612 0.612569 
968 0.608407 
88 0.605614 
1258 0.589190 
2 0.578611 
408 0.572611 
1514 0.563717 
1221 0.563322 
1792 0.556484 
279 0.554759 
2090 0.546491 
1807 0.544901 
1448 0.533682 
729 0.527867 
1223 0.527370 
2071 0.524364 
17 0.517347 
1393 0.514912 
464 0.508836 
348 0.508076 
2161 0.507262 
192 0.502231 
347 0.496924 
523 0.484610 
1513 0.461399 
975 0.459094 
614 0.447621 
1567 0.444108 
212 0.435736 
277 0.414393 
1377 0.399674 
1690 0.392743 
75 0.386599 
305 0.385112 
1892 0.381460 
1729 0.377295 
1445 0.368825 
1585 0.366447 
250 0.363849 
1148 0.361608 
73 0.358307 
962 0.352378 
886 0.350657 
1322 0.345314 
2209 0.339590 
2621 0.303671 
793 0.303356 
1672 0.302813 
1610 0.301615 
1532 0.288285 
967 0.276771 
2227 0.274132 
2165 0.261726 
1657 0.256839 
966 0.242082 
1177 0.225551 
394 0.222317 
1865 0.221407 
255 0.217672 
532 0.207957 
1409 0.205012 
2072 0.202654 
2480 0.199087 
1781 0.190984 
2476 0.190140 
2103 0.189226 
1851 0.188945 
1843 0.179533 
2269 0.167967 
1772 0.127824 
2170 0.123545 
2345 0.118551 
977 0.118204 
169 0.116468 
1164 0.114921 
725 0.114498 
11 0.109579 
292 0.102890 
1141 0.085123 
318 0.078441 
1008 0.076758 
1264 0.072440 
1674 0.064482 
124 0.041269 
871 0.023779 
1241 0.020256 
963 -0.000240 
49 -0.008580 
1579 -0.009975 
90 -0.016423 
1812 -0.017992 
288 -0.026088 
319 -0.027340 
76 -0.032081 
982 -0.032230 
618 -0.033460 
1527 -0.046914 
286 -0.054630 
1147 -0.065687 
1369 -0.069661 
399 -0.070829 
98 -0.088941 
839 -0.089821 
1624 -0.092703 
2126 -0.101897 
1839 -0.139257 
1263 -0.140050 
211 -0.141117 
1265 -0.147165 
1414 -0.152913 
1422 -0.174681 
355 -0.175148 
2188 -0.179387 
275 -0.190835 
1387 -0.196154 
64 -0.200023 
1453 -0.200761 
2009 -0.203919 
1826 -0.222809 
879 -0.224044 
514 -0.231699 
2039 -0.237979 
1764 -0.245429 
1611 -0.261658 
239 -0.267831 
129 -0.279936 
145 -0.282926 
828 -0.286693 
2079 -0.299666 
2306 -0.307624 
632 -0.312887 
2078 -0.322995 
2627 -0.326456 
401 -0.331553 
119 -0.335179 
164 -0.342797 
1463 -0.369330 
2625 -0.371674 
270 -0.373130 
631 -0.377811 
1007 -0.381106 
1224 -0.384845 
141 -0.385408 
260 -0.385740 
71 -0.389337 
978 -0.392736 
1516 -0.399192 
1043 -0.403680 
122 -0.408087 
320 -0.411536 
1037 -0.417178 
1218 -0.434362 
2169 -0.449789 
1170 -0.451025 
528 -0.471385 
1284 -0.472376 
2221 -0.510144 
624 -0.514853 
1676 -0.519349 
197 -0.534001 
150 -0.540080 
1718 -0.553648 
322 -0.554169 
2465 -0.558076 
1897 -0.561379 
1182 -0.572917 
283 -0.577396 
1684 -0.594019 
2475 -0.595384 
289 -0.620004 
1534 -0.625247 
125 -0.640180 
58 -0.640411 
1614 -0.648658 
2610 -0.653841 
47 -0.655790 
920 -0.662738 
7 -0.677179 
2006 -0.681351 
1668 -0.685211 
805 -0.689669 
1167 -0.692036 
2040 -0.693479 
2293 -0.698606 
1828 -0.704041 
2543 -0.704990 
1756 -0.705371 
346 -0.725657 
1539 -0.726395 
1784 -0.729437 
1057 -0.734166 
994 -0.736251 
1932 -0.739713 
2537 -0.750467 
1632 -0.761390 
1628 -0.764780 
386 -0.766553 
1139 -0.767387 
2177 -0.769870 
2380 -0.769899 
1825 -0.779004 
2200 -0.783388 
2228 -0.785839 
1434 -0.788816 
1738 -0.791372 
1405 -0.792678 
259 -0.796684 
2014 -0.799019 
1140 -0.801343 
1392 -0.803768 
196 -0.811851 
1193 -0.816623 
2058 -0.817762 
1452 -0.818435 
1820 -0.819260 
2073 -0.819654 
2477 -0.821520 
1275 -0.824197 
1699 -0.825319 
2563 -0.828213 
1644 -0.832083 
794 -0.833513 
209 -0.835479 
2001 -0.839461 
2178 -0.841999 
1416 -0.849422 
1328 -0.850119 
312 -0.850142 
1981 -0.850175 
2059 -0.862904 
311 -0.873292 
383 -0.873726 
2056 -0.873927 
1055 -0.878038 
2268 -0.878599 
1931 -0.879420 
332 -0.881988 
2175 -0.882483 
1407 -0.883288 
1993 -0.888167 
2559 -0.889120 
1367 -0.891430 
2389 -0.893116 
287 -0.898502 
6 -0.898543 
1725 -0.901533 
1549 -0.902444 
1162 -0.902791 
1293 -0.908536 
1239 -0.909467 
894 -0.918043 
63 -0.918936 
2028 -0.920395 
1391 -0.920458 
1249 -0.921052 
300 -0.923824 
1974 -0.927161 
518 -0.928906 
272 -0.931182 
1770 -0.932498 
1254 -0.934767 
1545 -0.935034 
2031 -0.935780 
102 -0.936766 
814 -0.938378 
1432 -0.940276 
1175 -0.944439 
2544 -0.944477 
1878 -0.955746 
1961 -0.957337 
1578 -0.957700 
2044 -0.960202 
2253 -0.961422 
1394 -0.965005 
151 -0.965333 
171 -0.967133 
95 -0.967331 
2013 -0.969359 
84 -0.971540 
2267 -0.974093 
1905 -0.974896 
1827 -0.977488 
864 -0.979507 
229 -0.979833 
2338 -0.981117 
2554 -0.982513 
2067 -0.982808 
1050 -0.983418 
1400 -0.984890 
1303 -0.985443 
1546 -0.987350 
2332 -0.987363 
2322 -0.988391 
1849 -0.990326 
2041 -0.994898 
1101 -0.995922 
0 -0.996001 
2243 -0.997481 
2587 -0.999961 
1773 -1.003219 
1806 -1.004541 
358 -1.005375 
1558 -1.006248 
2218 -1.011627 
285 -1.017006 
2080 -1.018597 
2264 -1.018838 
1766 -1.020211 
1552 -1.020382 
1129 -1.020768 
1597 -1.021751 
1035 -1.023115 
2107 -1.023716 
2030 -1.024287 
2004 -1.024773 
1779 -1.031318 
1231 -1.032951 
216 -1.033050 
1648 -1.034195 
2245 -1.035269 
2442 -1.035933 
2525 -1.037648 
2576 -1.037882 
1403 -1.038319 
2232 -1.043189 
365 -1.044811 
1289 -1.048166 
2240 -1.048270 
1103 -1.048918 
1207 -1.048989 
1044 -1.051945 
2639 -1.052618 
243 -1.052801 
314 -1.053438 
2589 -1.056896 
1417 -1.058450 
1817 -1.061216 
1313 -1.061617 
1518 -1.063360 
1746 -1.063623 
2204 -1.063672 
2123 -1.064852 
2531 -1.064943 
2038 -1.065000 
868 -1.065314 
1977 -1.065384 
1882 -1.065471 
2438 -1.066866 
1919 -1.068495 
1978 -1.070290 
2392 -1.072843 
1281 -1.073132 
2119 -1.075194 
1901 -1.076399 
385 -1.078127 
87 -1.079787 
1421 -1.080247 
82 -1.082591 
48 -1.083049 
2558 -1.083878 
2282 -1.086147 
2022 -1.086305 
2279 -1.089219 
2231 -1.090713 
2404 -1.091504 
521 -1.095834 
1199 -1.095984 
1969 -1.096503 
2276 -1.097623 
2084 -1.100761 
2154 -1.102751 
1860 -1.107143 
242 -1.116270 
2572 -1.118807 
2237 -1.120982 
1902 -1.121841 
1647 -1.123653 
2262 -1.125239 
1036 -1.126197 
220 -1.126979 
1174 -1.127128 
13 -1.127501 
2455 -1.130149 
1559 -1.130690 
2081 -1.130799 
1679 -1.131493 
1605 -1.136238 
1389 -1.136665 
1299 -1.138272 
2255 -1.138331 
178 -1.139717 
2336 -1.139913 
2354 -1.143073 
1748 -1.147010 
85 -1.148418 
1236 -1.148514 
1056 -1.148847 
1909 -1.150173 
1857 -1.151245 
1130 -1.152118 
1948 -1.152131 
1071 -1.152254 
264 -1.153115 
39 -1.154166 
55 -1.154329 
824 -1.154404 
1980 -1.155180 
306 -1.155801 
1940 -1.158158 
1623 -1.158402 
354 -1.161175 
2492 -1.161485 
112 -1.162880 
1856 -1.164822 
100 -1.167072 
1886 -1.171627 
282 -1.173647 
1717 -1.175189 
66 -1.178252 
1200 -1.181685 
1741 -1.181945 
1373 -1.184447 
2562 -1.184524 
1396 -1.188354 
2377 -1.188585 
622 -1.190418 
2533 -1.192291 
366 -1.193337 
2501 -1.194463 
134 -1.195896 
2343 -1.198040 
2468 -1.200348 
2023 -1.200948 
1295 -1.201707 
2149 -1.202392 
2585 -1.203472 
2371 -1.205032 
2504 -1.205203 
1732 -1.205349 
1061 -1.208136 
2522 -1.208597 
1383 -1.208777 
2611 -1.208992 
2583 -1.209831 
1604 -1.212902 
2045 -1.212907 
1868 -1.214346 
2100 -1.216546 
2548 -1.217833 
1248 -1.218493 
2234 -1.219771 
2516 -1.220048 
33 -1.220216 
2248 -1.221725 
133 -1.223588 
1991 -1.224218 
2077 -1.225624 
2016 -1.227064 
1791 -1.227226 
2606 -1.229027 
160 -1.229757 
2098 -1.230526 
2637 -1.230831 
2520 -1.236325 
2384 -1.236783 
143 -1.237479 
1230 -1.239641 
42 -1.242904 
1813 -1.243760 
105 -1.245278 
1652 -1.245309 
114 -1.246613 
202 -1.246778 
1739 -1.248379 
2089 -1.251752 
2489 -1.254415 
1669 -1.255589 
1707 -1.256135 
1542 -1.257480 
1972 -1.257636 
2018 -1.258054 
2386 -1.259338 
2360 -1.259973 
1751 -1.260807 
2634 -1.261710 
2246 -1.261942 
83 -1.262878 
2495 -1.264008 
1234 -1.266847 
148 -1.268126 
173 -1.270159 
1643 -1.270893 
2017 -1.271463 
1599 -1.274050 
2591 -1.274352 
1031 -1.274668 
2458 -1.276303 
1819 -1.276459 
2545 -1.278695 
1913 -1.279177 
2225 -1.279712 
2341 -1.281341 
2435 -1.281853 
2195 -1.282148 
1154 -1.283443 
1667 -1.284114 
1338 -1.284373 
2257 -1.287037 
1347 -1.287827 
60 -1.288527 
1304 -1.290526 
1520 -1.292490 
2148 -1.293168 
1997 -1.296151 
1945 -1.296288 
2497 -1.297449 
2556 -1.298567 
2283 -1.298606 
2191 -1.298808 
2601 -1.300526 
2567 -1.301190 
21 -1.302812 
517 -1.304426 
1872 -1.305325 
1077 -1.305805 
1142 -1.308400 
2026 -1.309085 
2488 -1.309794 
1915 -1.310627 
1326 -1.311480 
1315 -1.312002 
1305 -1.312911 
1869 -1.313143 
2260 -1.313809 
2213 -1.315238 
1904 -1.315638 
2561 -1.316366 
2485 -1.316433 
53 -1.318082 
182 -1.319175 
1907 -1.319653 
2381 -1.319989 
2376 -1.322327 
120 -1.323861 
1324 -1.324932 
379 -1.325305 
2020 -1.326650 
1841 -1.328100 
1472 -1.329404 
2419 -1.330910 
2034 -1.331327 
1998 -1.331586 
2272 -1.332688 
1870 -1.333141 
183 -1.333611 
2214 -1.334012 
2434 -1.334615 
2498 -1.334943 
1522 -1.335091 
1386 -1.336678 
235 -1.336804 
2595 -1.337428 
99 -1.339255 
2580 -1.340376 
1342 -1.342178 
1612 -1.343090 
14 -1.343275 
2592 -1.345808 
2578 -1.345920 
1205 -1.346116 
2288 -1.347851 
2085 -1.347937 
50 -1.350988 
2598 -1.351209 
214 -1.352176 
2055 -1.352224 
103 -1.353135 
2502 -1.354049 
2238 -1.355751 
2290 -1.357219 
1029 -1.357251 
2631 -1.357302 
278 -1.357332 
2638 -1.357517 
213 -1.358546 
204 -1.359217 
1987 -1.359827 
1368 -1.360771 
1471 -1.361186 
166 -1.361363 
2469 -1.361403 
1333 -1.361922 
1298 -1.362526 
1617 -1.364044 
1740 -1.365813 
2574 -1.365897 
1067 -1.367034 
1065 -1.367067 
2459 -1.367935 
2374 -1.368773 
1032 -1.370456 
2035 -1.370608 
93 -1.371815 
108 -1.372548 
1968 -1.373048 
1847 -1.373305 
2356 -1.373524 
2460 -1.375136 
2464 -1.375420 
2529 -1.377445 
2284 -1.377784 
121 -1.378698 
2542 -1.378874 
2051 -1.381513 
2025 -1.381763 
201 -1.382342 
1329 -1.382711 
2196 -1.382770 
176 -1.383203 
1146 -1.383288 
1332 -1.383503 
2152 -1.383577 
1963 -1.383838 
1920 -1.384544 
2263 -1.384880 
2431 -1.385922 
1855 -1.386600 
2157 -1.387655 
2061 -1.388196 
2128 -1.388738 
1336 -1.389451 
2049 -1.389850 
1113 -1.389994 
1964 -1.390083 
2428 -1.391379 
2207 -1.391453 
2581 -1.391596 
2513 -1.394998 
1460 -1.395019 
2564 -1.395057 
2352 -1.396217 
2484 -1.396848 
2446 -1.397667 
1508 -1.398243 
1374 -1.399199 
2002 -1.399965 
1941 -1.400149 
1521 -1.400575 
1163 -1.400659 
2273 -1.401781 
1996 -1.405468 
2198 -1.406245 
230 -1.406278 
1809 -1.407003 
1803 -1.407632 
165 -1.409761 
155 -1.410502 
389 -1.410610 
1125 -1.411938 
2607 -1.412194 
1287 -1.412639 
2385 -1.412654 
1335 -1.412726 
2358 -1.413391 
2053 -1.413994 
1846 -1.414493 
2551 -1.414940 
2144 -1.415702 
2471 -1.415897 
1989 -1.416022 
1918 -1.416178 
1642 -1.416746 
1965 -1.416766 
363 -1.416792 
1939 -1.416892 
1505 -1.417513 
1708 -1.417557 
1507 -1.417760 
1114 -1.417805 
308 -1.419522 
493 -1.420284 
2450 -1.420573 
2291 -1.420949 
2202 -1.421046 
203 -1.421198 
1697 -1.421328 
2461 -1.422783 
500 -1.423179 
1951 -1.424797 
2443 -1.425637 
2515 -1.425696 
1344 -1.426113 
1499 -1.426184 
364 -1.426863 
1115 -1.428253 
2566 -1.429204 
258 -1.430308 
20 -1.430397 
1927 -1.431188 
2357 -1.431363 
2363 -1.432503 
1971 -1.433481 
2104 -1.435680 
2153 -1.437619 
2597 -1.438476 
1525 -1.441067 
1127 -1.441189 
72 -1.441781 
1944 -1.442311 
1117 -1.442621 
1838 -1.444457 
205 -1.444599 
2130 -1.445474 
2586 -1.445944 
1490 -1.446241 
157 -1.446494 
623 -1.447204 
1929 -1.447912 
185 -1.451424 
381 -1.451820 
147 -1.453121 
2111 -1.453333 
2605 -1.454074 
1844 -1.455910 
221 -1.456257 
1942 -1.456679 
2388 -1.456746 
2340 -1.456777 
2599 -1.457111 
2193 -1.457331 
1660 -1.458352 
1406 -1.458617 
1468 -1.458905 
1502 -1.459331 
2027 -1.460277 
218 -1.461225 
161 -1.461259 
2462 -1.462306 
2032 -1.464653 
41 -1.464747 
1562 -1.464843 
2510 -1.465411 
1366 -1.465584 
1350 -1.465646 
172 -1.465681 
1928 -1.466827 
2602 -1.467204 
2532 -1.469288 
519 -1.470959 
207 -1.471378 
1503 -1.472274 
153 -1.473402 
162 -1.473495 
54 -1.474481 
109 -1.474785 
1903 -1.475046 
2286 -1.475067 
2441 -1.475209 
2486 -1.476000 
1893 -1.476061 
2577 -1.476872 
1184 -1.478188 
1861 -1.478314 
2436 -1.479912 
223 -1.480010 
180 -1.480550 
2519 -1.480866 
2362 -1.481975 
1473 -1.482969 
2241 -1.482971 
59 -1.483797 
2491 -1.484542 
2320 -1.484550 
2452 -1.485084 
1124 -1.486290 
2342 -1.488034 
2192 -1.489062 
1631 -1.489605 
68 -1.490536 
1873 -1.491898 
1206 -1.492456 
186 -1.492827 
1343 -1.493617 
1550 -1.494015 
2075 -1.494297 
1891 -1.495617 
252 -1.495645 
361 -1.495892 
1864 -1.496039 
111 -1.496454 
1180 -1.497772 
1493 -1.498078 
136 -1.499791 
2217 -1.500087 
1307 -1.500500 
2534 -1.500948 
2361 -1.501999 
156 -1.502541 
113 -1.503058 
2247 -1.503456 
1650 -1.504288 
1923 -1.504924 
1999 -1.505584 
357 -1.506635 
2570 -1.507143 
1663 -1.507333 
2147 -1.507561 
184 -1.507906 
138 -1.509292 
2197 -1.509760 
1474 -1.510150 
2500 -1.510825 
1925 -1.513082 
2393 -1.513233 
2547 -1.514572 
106 -1.514751 
1340 -1.517268 
2456 -1.517558 
2199 -1.517700 
1509 -1.518234 
360 -1.518332 
2449 -1.519561 
2429 -1.520719 
1910 -1.522790 
2451 -1.523023 
175 -1.523763 
2205 -1.524143 
1911 -1.524528 
1070 -1.525029 
1112 -1.525303 
2295 -1.526511 
2568 -1.526804 
2355 -1.527661 
1854 -1.527792 
2527 -1.528796 
1327 -1.532999 
1921 -1.533108 
2131 -1.533423 
2528 -1.533474 
1219 -1.534268 
1862 -1.534456 
2503 -1.534845 
2068 -1.535794 
507 -1.538915 
1635 -1.539036 
1986 -1.539267 
2047 -1.539285 
1992 -1.540021 
1848 -1.540102 
1734 -1.540511 
1133 -1.540537 
1433 -1.541244 
2540 -1.541686 
2012 -1.541786 
104 -1.542151 
2550 -1.542172 
1916 -1.543123 
1896 -1.544597 
2593 -1.550694 
1325 -1.551455 
890 -1.552422 
1924 -1.554229 
179 -1.554288 
2115 -1.554775 
174 -1.555038 
2250 -1.555186 
2416 -1.555810 
905 -1.557332 
2274 -1.559090 
2549 -1.559136 
1947 -1.559657 
2292 -1.559971 
1161 -1.561712 
2145 -1.562112 
1716 -1.562337 
1496 -1.563504 
2285 -1.563981 
313 -1.566036 
1110 -1.566351 
2603 -1.566887 
2444 -1.570515 
2251 -1.572088 
1135 -1.572853 
2539 -1.573572 
2553 -1.576621 
1431 -1.578019 
1565 -1.578150 
1884 -1.578332 
2194 -1.579160 
236 -1.580443 
1874 -1.584130 
1280 -1.586097 
1689 -1.586573 
2483 -1.587229 
2323 -1.588229 
1004 -1.588469 
2156 -1.589330 
1358 -1.589527 
2552 -1.589559 
2151 -1.589655 
1134 -1.590274 
1353 -1.590829 
2052 -1.591220 
2091 -1.591235 
188 -1.591353 
2571 -1.591354 
496 -1.591599 
302 -1.592544 
2259 -1.593451 
1661 -1.593941 
2280 -1.593953 
2524 -1.594135 
200 -1.594428 
1982 -1.594442 
1123 -1.595019 
1735 -1.595606 
1443 -1.596447 
1776 -1.597073 
2281 -1.597460 
1346 -1.598223 
2626 -1.598563 
1946 -1.598681 
1829 -1.600336 
238 -1.602165 
2430 -1.602867 
2512 -1.603321 
1994 -1.603537 
1250 -1.604087 
1654 -1.604242 
2230 -1.604427 
117 -1.605176 
154 -1.607015 
2526 -1.607770 
1823 -1.608065 
2445 -1.608995 
1834 -1.610056 
116 -1.610517 
1723 -1.612267 
1618 -1.612458 
2640 -1.612759 
2042 -1.613952 
1639 -1.614021 
2588 -1.614934 
1888 -1.615441 
234 -1.616190 
224 -1.616203 
2206 -1.616517 
2426 -1.616596 
1201 -1.616812 
923 -1.618018 
2219 -1.618143 
2216 -1.618577 
2256 -1.619771 
222 -1.620073 
2594 -1.621359 
135 -1.622005 
2391 -1.622108 
40 -1.622417 
1501 -1.623297 
2505 -1.623427 
1352 -1.623519 
2215 -1.624155 
115 -1.624207 
2287 -1.625720 
2121 -1.625998 
2448 -1.627300 
1294 -1.627640 
1908 -1.627755 
1875 -1.628809 
2133 -1.629066 
2289 -1.629354 
1818 -1.629819 
1412 -1.630362 
1560 -1.630840 
1159 -1.630894 
110 -1.631468 
1003 -1.635565 
1337 -1.638782 
2569 -1.640403 
303 -1.640888 
1950 -1.641095 
2454 -1.641122 
2493 -1.641304 
1953 -1.641872 
1822 -1.642239 
140 -1.642855 
2509 -1.642876 
1877 -1.644503 
2517 -1.644690 
1912 -1.644759 
2453 -1.644811 
2124 -1.646907 
2518 -1.646925 
2054 -1.646967 
382 -1.647491 
1028 -1.648126 
2507 -1.649191 
1041 -1.654098 
1876 -1.654262 
2565 -1.655712 
2176 -1.655901 
2102 -1.655934 
1742 -1.656082 
2353 -1.656911 
301 -1.661112 
2521 -1.662330 
1754 -1.662413 
2573 -1.663008 
2494 -1.663974 
1967 -1.664015 
168 -1.664092 
2487 -1.666309 
2511 -1.666432 
32 -1.669264 
1859 -1.669935 
2457 -1.670828 
2048 -1.671546 
2212 -1.672079 
1253 -1.673132 
2514 -1.673133 
2447 -1.674635 
388 -1.675773 
1802 -1.675983 
2466 -1.676979 
2382 -1.679439 
2003 -1.680102 
2116 -1.681330 
2359 -1.681864 
2088 -1.681936 
2087 -1.683253 
1300 -1.683646 
2136 -1.683702 
2254 -1.685189 
1297 -1.685661 
1138 -1.686161 
1334 -1.686621 
2596 -1.686745 
359 -1.687412 
2211 -1.688028 
1500 -1.688616 
2065 -1.689487 
1109 -1.689778 
1630 -1.690219 
2440 -1.694100 
1227 -1.694488 
1835 -1.697138 
1345 -1.698441 
2189 -1.698580 
1401 -1.699107 
107 -1.700689 
1323 -1.701279 
1949 -1.701517 
2137 -1.701878 
2134 -1.701930 
2220 -1.703143 
189 -1.703276 
2249 -1.704716 
2223 -1.705084 
1914 -1.706164 
987 -1.706758 
2379 -1.707310 
2106 -1.707542 
65 -1.707640 
362 -1.707646 
2482 -1.708597 
1666 -1.709393 
501 -1.709930 
2000 -1.713594 
2129 -1.714541 
1671 -1.715315 
1120 -1.716122 
1698 -1.716305 
2496 -1.717810 
2208 -1.720949 
2604 -1.721291 
921 -1.722592 
1646 -1.722705 
1341 -1.723330 
2499 -1.723610 
1351 -1.724822 
310 -1.726357 
2608 -1.728912 
1495 -1.729719 
1330 -1.730859 
1801 -1.730971 
1943 -1.731634 
2387 -1.732126 
1816 -1.732512 
1488 -1.734349 
1954 -1.734480 
1118 -1.734877 
1213 -1.739510 
2633 -1.740269 
1653 -1.741730 
1887 -1.741885 
67 -1.742740 
92 -1.742752 
1312 -1.743000 
1179 -1.743135 
2463 -1.744140 
2138 -1.744876 
1889 -1.745757 
268 -1.746709 
2523 -1.748684 
170 -1.752189 
1821 -1.752304 
1186 -1.752646 
194 -1.752802 
118 -1.752897 
1685 -1.755070 
1926 -1.756221 
1906 -1.756725 
280 -1.757349 
1863 -1.757593 
1966 -1.757662 
2333 -1.759325 
2024 -1.759957 
2636 -1.761412 
2105 -1.762498 
1566 -1.762927 
199 -1.763651 
163 -1.764475 
2508 -1.766755 
2258 -1.772197 
2335 -1.776008 
1883 -1.777064 
241 -1.777884 
240 -1.780378 
2275 -1.782006 
1371 -1.782095 
416 -1.782738 
2278 -1.782860 
1181 -1.784454 
2135 -1.784528 
1879 -1.786282 
1296 -1.786404 
2600 -1.786626 
2125 -1.787648 
45 -1.788319 
2378 -1.789625 
1988 -1.789912 
1587 -1.796063 
2390 -1.797253 
1547 -1.799486 
62 -1.799900 
1413 -1.800415 
177 -1.801668 
2635 -1.802278 
1339 -1.803852 
34 -1.804223 
307 -1.805067 
1363 -1.805711 
2351 -1.808482 
137 -1.809316 
1380 -1.809455 
2224 -1.810487 
2479 -1.811244 
2339 -1.811535 
1498 -1.812206 
309 -1.813135 
1830 -1.814844 
2584 -1.816884 
1282 -1.816937 
1706 -1.817631 
2612 -1.820396 
1038 -1.821607 
97 -1.824509 
1419 -1.825246 
491 -1.825435 
2064 -1.829056 
2099 -1.829991 
1979 -1.830374 
1556 -1.833370 
1365 -1.836484 
1410 -1.836679 
266 -1.836852 
1229 -1.836860 
2538 -1.838521 
1814 -1.839484 
2069 -1.839501 
1226 -1.840255 
2112 -1.842133 
2530 -1.842977 
2060 -1.843877 
2590 -1.846462 
1975 -1.846771 
1788 -1.847780 
1526 -1.848315 
1209 -1.849104 
2210 -1.850874 
1331 -1.851324 
2239 -1.852876 
2417 -1.854240 
1670 -1.855283 
1696 -1.856338 
1517 -1.856629 
1962 -1.859196 
531 -1.859460 
2236 -1.865300 
1030 -1.866455 
1976 -1.866994 
1899 -1.869771 
1898 -1.870329 
2235 -1.872827 
2368 -1.875086 
2242 -1.875495 
367 -1.876284 
1894 -1.877411 
2473 -1.877817 
2319 -1.879635 
2127 -1.881182 
2186 -1.881446 
2007 -1.882138 
2535 -1.882289 
1080 -1.883810 
1659 -1.883925 
1636 -1.884870 
2036 -1.890341 
1160 -1.894703 
1136 -1.895557 
159 -1.901286 
1564 -1.901386 
1537 -1.904212 
2117 -1.904250 
2536 -1.904342 
1447 -1.905087 
2582 -1.905118 
1462 -1.907298 
1601 -1.908868 
2150 -1.915388 
891 -1.917112 
411 -1.922349 
2470 -1.923099 
1480 -1.924359 
1775 -1.924647 
152 -1.925482 
1402 -1.927819 
1832 -1.929632 
1469 -1.929641 
1375 -1.929676 
1895 -1.932042 
1867 -1.933225 
2481 -1.935797 
1111 -1.940479 
1568 -1.943416 
1168 -1.944090 
1619 -1.944262 
251 -1.945922 
1491 -1.955184 
1917 -1.956922 
281 -1.957840 
2296 -1.958383 
1178 -1.959519 
2624 -1.961208 
2222 -1.962024 
31 -1.963526 
2155 -1.968441 
1524 -1.973324 
1866 -1.973362 
1837 -1.976059 
1656 -1.977013 
16 -1.977664 
1774 -1.978497 
273 -1.980728 
23 -1.981046 
1506 -1.982743 
2203 -1.983624 
1620 -1.984124 
1609 -1.985262 
206 -1.985420 
1584 -1.989421 
15 -1.990219 
267 -1.990399 
1973 -1.992463 
181 -1.992523 
1709 -1.993554 
190 -1.993803 
1145 -1.995055 
1435 -2.000402 
1858 -2.005625 
1228 -2.007241 
1613 -2.009537 
1871 -2.009983 
2094 -2.017035 
2579 -2.018306 
1645 -2.021999 
1678 -2.022480 
928 -2.023376 
86 -2.026851 
1478 -2.028167 
2086 -2.032070 
869 -2.033486 
2313 -2.035396 
1033 -2.036911 
1590 -2.040674 
1840 -2.040753 
1995 -2.041855 
1446 -2.042182 
2437 -2.045907 
1155 -2.049108 
1649 -2.049959 
1797 -2.050656 
1930 -2.051733 
1418 -2.055366 
1757 -2.056094 
1984 -2.056531 
2541 -2.057814 
1692 -2.058350 
233 -2.064528 
2142 -2.067407 
356 -2.072072 
2467 -2.076703 
2063 -2.076872 
123 -2.078539 
1759 -2.082866 
1970 -2.086670 
2021 -2.088442 
1385 -2.092690 
2346 -2.097967 
2344 -2.098058 
101 -2.101274 
96 -2.106734 
1691 -2.112982 
52 -2.114906 
2546 -2.115028 
237 -2.118849 
2226 -2.120865 
904 -2.126024 
1538 -2.127318 
2575 -2.135863 
1128 -2.139401 
1983 -2.139415 
1815 -2.143421 
193 -2.144717 
2101 -2.145391 
70 -2.148912 
46 -2.157881 
89 -2.161712 
1364 -2.163377 
2033 -2.168303 
2383 -2.169684 
61 -2.174895 
1703 -2.183847 
1411 -2.187563 
1596 -2.195697 
2472 -2.196050 
1786 -2.198495 
1719 -2.200370 
2019 -2.202954 
1581 -2.206627 
2037 -2.213438 
2616 -2.213545 
2478 -2.226958 
2490 -2.232780 
1039 -2.235001 
1810 -2.237377 
516 -2.244325 
1484 -2.247099 
1149 -2.256644 
2427 -2.261539 
2015 -2.266049 
2557 -2.269161 
520 -2.269737 
1836 -2.276074 
378 -2.290380 
1577 -2.295090 
400 -2.295738 
533 -2.295812 
1852 -2.307475 
1850 -2.321363 
1633 -2.321977 
91 -2.322846 
1423 -2.336743 
2337 -2.344796 
1608 -2.347578 
2560 -2.363930 
2057 -2.369826 
1767 -2.369924 
1166 -2.373571 
274 -2.413313 
384 -2.413607 
142 -2.415940 
2029 -2.415984 
304 -2.490117 
1900 -2.509619 
1736 -2.511689 
2082 -2.534805 
146 -2.546484 
198 -2.561810 
2011 -2.578580 
74 -2.580986 
616 -2.588607 
2190 -2.592493 
1804 -2.639229 
2043 -2.641787 
1390 -2.650417 
78 -2.668070 
1625 -2.698199 
615 -2.717446 
2076 -2.744529 
2074 -2.749975 
395 -2.788046 
2622 -2.804766 
368 -2.837361 
167 -2.885978 
1 -2.966107 
149 -2.975477 
276 -3.014605 
2641 -3.177315 
1824 -3.254095 
2271 -3.650388 
