2395 1
0 -0.103961 
1 -0.377028 
2 -0.154675 
3 -0.117142 
4 0.182455 
5 0.329491 
6 -0.321681 
7 0.493908 
8 -0.334991 
9 0.235068 
10 0.020129 
11 -0.410314 
12 0.245755 
13 0.402428 
14 -0.272861 
15 0.402428 
16 -0.333608 
17 -0.150222 
18 -0.150222 
19 -0.296184 
20 -0.490939 
21 0.140013 
22 -0.265380 
23 -0.428615 
24 0.288206 
25 -0.142085 
26 0.485162 
27 0.485162 
28 0.310967 
29 0.260372 
30 -0.114574 
31 -0.114574 
32 -0.173005 
33 -0.479258 
34 -0.468813 
35 0.486861 
36 0.493908 
37 -0.457764 
38 -0.296184 
39 -0.128362 
40 -0.125575 
41 -0.125575 
42 -0.334991 
43 -0.347104 
44 0.110192 
45 -0.212409 
46 -0.125575 
47 0.283600 
48 0.310967 
49 0.493908 
50 -0.277743 
51 -0.305701 
52 0.288206 
53 0.459531 
54 0.401369 
55 0.260372 
56 0.239849 
57 0.402428 
58 0.132874 
59 0.132874 
60 0.422767 
61 -0.296184 
62 -0.169068 
63 -0.083022 
64 -0.114574 
65 0.110686 
66 0.211502 
67 0.385518 
68 0.183409 
69 0.385518 
70 0.092814 
71 -0.333608 
72 0.132874 
73 -0.403576 
74 -0.325640 
75 -0.325640 
76 0.064665 
77 -0.388933 
78 0.211502 
79 0.431860 
80 0.493908 
81 -0.490060 
82 -0.267272 
83 -0.490060 
84 0.485162 
85 -0.319782 
86 -0.472488 
87 0.485456 
88 0.493908 
89 0.493908 
90 0.265819 
91 -0.481412 
92 -0.296184 
93 0.140013 
94 -0.490119 
95 -0.073285 
96 0.020129 
97 0.402428 
98 -0.490119 
99 0.265819 
100 0.265819 
101 0.244946 
102 -0.491752 
103 -0.346511 
104 0.288206 
105 0.265819 
106 -0.375274 
107 -0.150222 
108 0.126104 
109 0.345626 
110 0.140013 
111 0.260372 
112 0.409757 
113 -0.150222 
114 0.110192 
115 0.269487 
116 -0.469564 
117 0.265819 
118 -0.422885 
119 0.265819 
120 0.288206 
121 -0.138546 
122 -0.388933 
123 0.478306 
124 0.140013 
125 -0.111281 
126 -0.422885 
127 -0.182226 
128 0.140013 
129 0.021287 
130 0.021287 
131 0.238390 
132 0.079682 
133 0.079682 
134 0.122762 
135 -0.377028 
136 0.041291 
137 0.009665 
138 -0.117142 
139 -0.345807 
140 0.288206 
141 0.265819 
142 -0.103961 
143 0.402428 
144 -0.362650 
145 -0.017862 
146 -0.422885 
147 -0.331883 
148 -0.169068 
149 0.288206 
150 -0.296184 
151 -0.422885 
152 0.459531 
153 0.041291 
154 0.339491 
155 -0.125575 
156 -0.184390 
157 -0.331801 
158 -0.472488 
159 0.000495 
160 -0.472488 
161 -0.088349 
162 -0.407042 
163 -0.114574 
164 -0.449147 
165 0.329491 
166 0.329491 
167 0.041291 
168 -0.424864 
169 0.036295 
170 -0.124254 
171 -0.088349 
172 0.110385 
173 0.385518 
174 -0.490119 
175 -0.472488 
176 -0.472488 
177 0.091519 
178 0.485162 
179 -0.479258 
180 -0.472488 
181 -0.472488 
182 0.333029 
183 -0.472488 
184 0.459531 
185 -0.472488 
186 -0.114574 
187 -0.479258 
188 0.260372 
189 0.182455 
190 0.009665 
191 0.402428 
192 0.402428 
193 0.385518 
194 0.020129 
195 -0.027034 
196 0.288206 
197 -0.165658 
198 -0.382578 
199 0.351088 
200 0.141807 
201 0.034082 
202 -0.388933 
203 -0.422885 
204 -0.212409 
205 0.211502 
206 -0.388933 
207 0.431860 
208 0.110192 
209 0.110192 
210 -0.494706 
211 -0.007035 
212 0.008497 
213 0.009665 
214 0.265819 
215 0.265819 
216 0.016010 
217 -0.325640 
218 -0.422885 
219 0.140013 
220 -0.366268 
221 -0.331801 
222 -0.212409 
223 0.110192 
224 -0.169068 
225 -0.325640 
226 0.034082 
227 -0.154675 
228 -0.154675 
229 0.339491 
230 -0.321681 
231 0.333029 
232 -0.331801 
233 -0.267272 
234 -0.152427 
235 -0.013037 
236 -0.103961 
237 -0.479258 
238 0.288964 
239 -0.084774 
240 -0.013037 
241 0.431860 
242 0.288206 
243 -0.441182 
244 -0.013037 
245 0.110192 
246 0.110192 
247 -0.103961 
248 0.265819 
249 0.034082 
250 -0.334991 
251 -0.334991 
252 0.446111 
253 -0.073285 
254 -0.469564 
255 -0.267272 
256 -0.265380 
257 -0.265380 
258 -0.088349 
259 -0.165658 
260 -0.265380 
261 0.015460 
262 -0.122675 
263 0.365720 
264 -0.490060 
265 0.188965 
266 -0.114574 
267 -0.331801 
268 0.034082 
269 0.140013 
270 -0.469564 
271 -0.103961 
272 -0.165658 
273 -0.154675 
274 0.268806 
275 0.339491 
276 0.339491 
277 0.132874 
278 0.110192 
279 -0.176703 
280 0.009665 
281 0.459531 
282 0.021287 
283 0.429311 
284 0.288206 
285 0.485162 
286 0.485162 
287 -0.013037 
288 -0.490119 
289 0.066423 
290 -0.197829 
291 0.015460 
292 0.329491 
293 0.183409 
294 0.459531 
295 0.034082 
296 -0.103961 
297 0.092814 
298 -0.084774 
299 -0.165658 
300 0.385518 
301 0.385518 
302 -0.125575 
303 0.286973 
304 0.094024 
305 -0.088349 
306 -0.472488 
307 -0.088349 
308 -0.017914 
309 0.329491 
310 -0.169068 
311 -0.169068 
312 -0.320521 
313 -0.320521 
314 -0.331883 
315 0.094489 
316 -0.488368 
317 -0.199061 
318 -0.305701 
319 0.385518 
320 -0.125575 
321 0.029263 
322 -0.322066 
323 -0.305701 
324 0.431860 
325 -0.305701 
326 -0.296184 
327 0.329491 
328 -0.030770 
329 -0.490119 
330 0.409757 
331 -0.027034 
332 -0.088349 
333 -0.027034 
334 0.329491 
335 0.329491 
336 -0.334991 
337 -0.073285 
338 -0.334991 
339 -0.265380 
340 0.339491 
341 -0.370147 
342 -0.305701 
343 -0.267272 
344 -0.370147 
345 0.493908 
346 -0.161220 
347 -0.441182 
348 -0.490060 
349 0.041291 
350 -0.490060 
351 0.409757 
352 -0.366268 
353 -0.490060 
354 -0.331801 
355 0.021287 
356 -0.169068 
357 -0.169068 
358 -0.193221 
359 -0.420363 
360 -0.161220 
361 0.409757 
362 0.485162 
363 -0.027034 
364 -0.272861 
365 -0.305701 
366 -0.334991 
367 -0.328408 
368 -0.479258 
369 -0.388933 
370 -0.169068 
371 -0.325640 
372 -0.325640 
373 0.283600 
374 -0.267272 
375 0.239849 
376 0.339491 
377 -0.120116 
378 0.132874 
379 0.485162 
380 -0.490119 
381 0.311504 
382 0.132874 
383 -0.165658 
384 -0.325640 
385 -0.165658 
386 0.431238 
387 0.079682 
388 0.132874 
389 -0.476366 
390 0.122762 
391 -0.366268 
392 0.385518 
393 0.056531 
394 0.238150 
395 0.015460 
396 -0.325640 
397 0.150636 
398 -0.171712 
399 0.015460 
400 0.478306 
401 0.260372 
402 0.260372 
403 0.041291 
404 0.082557 
405 -0.265380 
406 0.293189 
407 0.021287 
408 0.420500 
409 -0.027034 
410 -0.154675 
411 0.268806 
412 0.409757 
413 0.115439 
414 0.485162 
415 0.371141 
416 -0.161220 
417 0.013179 
418 -0.265380 
419 0.239849 
420 0.239849 
421 0.239849 
422 0.164643 
423 -0.176703 
424 -0.319782 
425 0.211502 
426 -0.267272 
427 -0.265443 
428 -0.169068 
429 0.473541 
430 0.491718 
431 0.021287 
432 -0.025984 
433 0.409757 
434 0.288206 
435 -0.265380 
436 0.101592 
437 -0.073285 
438 0.239849 
439 0.409757 
440 -0.490119 
441 -0.449147 
442 0.409757 
443 0.409757 
444 0.009665 
445 0.409757 
446 -0.331801 
447 0.020522 
448 -0.212409 
449 -0.234518 
450 0.110192 
451 0.110192 
452 0.427671 
453 -0.013037 
454 0.132842 
455 -0.331801 
456 0.265819 
457 0.459531 
458 0.211502 
459 -0.388933 
460 0.459531 
461 0.015460 
462 0.122762 
463 -0.331801 
464 -0.114574 
465 -0.114574 
466 0.122762 
467 0.122762 
468 0.135153 
469 0.380230 
470 0.211502 
471 -0.267272 
472 -0.422885 
473 0.264133 
474 -0.197829 
475 -0.204745 
476 0.211502 
477 0.122762 
478 0.431860 
479 -0.103961 
480 0.000495 
481 -0.494706 
482 -0.103961 
483 -0.154675 
484 0.094024 
485 0.164643 
486 -0.154675 
487 0.036295 
488 0.329491 
489 0.182455 
490 0.182455 
491 -0.007035 
492 0.493908 
493 -0.321681 
494 -0.321681 
495 -0.334991 
496 -0.346511 
497 -0.138546 
498 -0.334991 
499 0.020129 
500 -0.345807 
501 -0.124254 
502 0.020129 
503 0.020129 
504 0.245755 
505 0.402428 
506 -0.154675 
507 -0.272861 
508 0.402428 
509 -0.150222 
510 -0.150222 
511 -0.154675 
512 -0.154675 
513 -0.333608 
514 -0.296184 
515 -0.272861 
516 0.351088 
517 -0.199061 
518 -0.272861 
519 -0.272861 
520 0.140013 
521 -0.265380 
522 -0.322066 
523 -0.328408 
524 -0.265380 
525 0.288206 
526 0.056531 
527 -0.197829 
528 0.288206 
529 -0.296184 
530 0.485162 
531 0.493908 
532 0.493908 
533 0.101592 
534 0.260372 
535 0.310967 
536 0.310967 
537 0.402428 
538 -0.114574 
539 0.245755 
540 0.245755 
541 0.126104 
542 -0.479258 
543 -0.173005 
544 -0.173005 
545 -0.284433 
546 -0.284433 
547 -0.468813 
548 -0.468813 
549 0.038939 
550 0.493908 
551 0.486861 
552 0.486861 
553 -0.016986 
554 -0.296184 
555 -0.457764 
556 -0.457764 
557 0.260372 
558 -0.125575 
559 -0.125575 
560 -0.125575 
561 -0.334991 
562 0.035810 
563 -0.435120 
564 -0.347104 
565 -0.125575 
566 0.110192 
567 -0.212409 
568 -0.125575 
569 0.265092 
570 0.283600 
571 0.493908 
572 0.493908 
573 0.288206 
574 0.310967 
575 -0.296184 
576 -0.296184 
577 -0.305701 
578 -0.277743 
579 0.407235 
580 -0.305701 
581 0.459531 
582 0.183409 
583 0.092814 
584 0.459531 
585 0.260372 
586 0.260372 
587 -0.347104 
588 -0.347104 
589 0.442000 
590 0.402428 
591 0.132874 
592 0.132874 
593 -0.296184 
594 0.132874 
595 -0.169068 
596 -0.169068 
597 -0.476366 
598 -0.476366 
599 0.132600 
600 -0.114574 
601 -0.083022 
602 -0.083022 
603 0.211502 
604 0.211502 
605 0.385518 
606 0.385518 
607 0.183409 
608 0.183409 
609 0.092814 
610 -0.333608 
611 0.238150 
612 0.238150 
613 -0.305701 
614 -0.305701 
615 -0.305701 
616 0.092814 
617 -0.325640 
618 -0.325640 
619 0.092814 
620 -0.325640 
621 -0.333608 
622 -0.388933 
623 0.103086 
624 0.183409 
625 0.431860 
626 0.431860 
627 0.211502 
628 0.211502 
629 0.420500 
630 -0.490060 
631 0.013179 
632 0.013179 
633 0.485162 
634 0.485162 
635 -0.490060 
636 -0.267272 
637 -0.319782 
638 -0.319782 
639 -0.103961 
640 -0.103961 
641 0.493908 
642 0.493908 
643 0.493908 
644 0.485456 
645 0.016010 
646 0.493908 
647 0.265819 
648 -0.319782 
649 0.036295 
650 0.265819 
651 -0.296184 
652 0.140013 
653 -0.073285 
654 -0.073285 
655 0.274165 
656 -0.490119 
657 -0.479258 
658 -0.479258 
659 -0.001220 
660 -0.319782 
661 -0.073285 
662 -0.073285 
663 -0.006465 
664 -0.490119 
665 0.265819 
666 0.265819 
667 -0.490119 
668 -0.490119 
669 0.306428 
670 -0.296184 
671 -0.491752 
672 -0.491752 
673 -0.346511 
674 0.288206 
675 -0.461977 
676 -0.461977 
677 0.493908 
678 0.493908 
679 -0.004536 
680 -0.346511 
681 0.126104 
682 0.126104 
683 -0.346511 
684 -0.346511 
685 0.140013 
686 0.260372 
687 0.140013 
688 0.140013 
689 0.446111 
690 0.409757 
691 0.110192 
692 0.110192 
693 -0.183453 
694 -0.183453 
695 0.269487 
696 0.269487 
697 -0.469564 
698 -0.469564 
699 0.409757 
700 0.409757 
701 0.121017 
702 -0.422885 
703 0.265819 
704 -0.342955 
705 -0.265380 
706 0.265819 
707 -0.138546 
708 -0.212409 
709 -0.265380 
710 -0.265380 
711 -0.388933 
712 0.182455 
713 -0.007035 
714 -0.388933 
715 0.265819 
716 0.265819 
717 0.140013 
718 0.140013 
719 -0.122675 
720 -0.422885 
721 -0.111281 
722 -0.111281 
723 0.021287 
724 0.021287 
725 0.402428 
726 0.402428 
727 0.239849 
728 0.239849 
729 0.239849 
730 0.239849 
731 0.079682 
732 0.079682 
733 0.283600 
734 0.283600 
735 0.122762 
736 -0.321681 
737 0.101592 
738 0.122762 
739 0.122762 
740 0.041291 
741 0.310967 
742 0.310967 
743 0.009665 
744 0.310967 
745 0.126104 
746 0.009665 
747 -0.345807 
748 0.188965 
749 0.288206 
750 -0.345807 
751 -0.103961 
752 -0.103961 
753 -0.345807 
754 -0.345807 
755 0.092518 
756 -0.422885 
757 -0.017862 
758 -0.017862 
759 -0.055817 
760 -0.169068 
761 -0.331883 
762 -0.331883 
763 -0.296184 
764 -0.296184 
765 -0.265443 
766 -0.265443 
767 -0.362650 
768 0.431860 
769 0.473541 
770 0.473541 
771 -0.422885 
772 -0.422885 
773 0.041291 
774 0.041291 
775 0.041291 
776 0.339491 
777 0.491718 
778 0.491718 
779 -0.331801 
780 -0.331801 
781 -0.472488 
782 -0.472488 
783 0.000495 
784 0.000495 
785 -0.267272 
786 -0.088349 
787 -0.114574 
788 -0.114574 
789 -0.264321 
790 -0.407042 
791 -0.449147 
792 0.329491 
793 -0.407042 
794 0.329491 
795 0.329491 
796 0.329491 
797 -0.472488 
798 -0.472488 
799 0.041291 
800 0.041291 
801 -0.124254 
802 -0.124254 
803 -0.088349 
804 -0.088349 
805 0.036295 
806 0.385518 
807 -0.490119 
808 0.110385 
809 0.041291 
810 0.041291 
811 -0.124254 
812 -0.173005 
813 -0.284433 
814 -0.124254 
815 -0.468813 
816 -0.468813 
817 -0.479258 
818 -0.479258 
819 -0.490119 
820 -0.490119 
821 0.091519 
822 0.038939 
823 -0.490119 
824 -0.490119 
825 -0.237806 
826 -0.237806 
827 0.333029 
828 0.486861 
829 -0.016986 
830 0.333029 
831 0.333029 
832 0.459531 
833 -0.479258 
834 -0.114574 
835 -0.139448 
836 -0.139448 
837 0.459531 
838 0.260372 
839 0.344103 
840 0.344103 
841 0.260372 
842 0.260372 
843 0.110192 
844 0.110192 
845 0.182455 
846 0.402428 
847 -0.469564 
848 -0.469564 
849 0.110192 
850 -0.457764 
851 -0.469564 
852 0.385518 
853 0.168629 
854 0.168629 
855 -0.114574 
856 -0.114574 
857 -0.027034 
858 -0.027034 
859 0.035810 
860 0.079682 
861 -0.165658 
862 0.333029 
863 -0.084774 
864 -0.165658 
865 0.351088 
866 0.351088 
867 -0.388933 
868 -0.435120 
869 0.122762 
870 0.034082 
871 0.351088 
872 0.265092 
873 0.407235 
874 0.351088 
875 -0.212409 
876 0.211502 
877 0.442000 
878 -0.212409 
879 -0.422885 
880 -0.422885 
881 0.009665 
882 0.009665 
883 0.132600 
884 0.431860 
885 0.431860 
886 -0.494706 
887 -0.007035 
888 -0.007035 
889 -0.472488 
890 0.008497 
891 -0.083022 
892 -0.472488 
893 0.385518 
894 0.402428 
895 0.135153 
896 0.135153 
897 -0.422885 
898 -0.027034 
899 -0.422885 
900 -0.422885 
901 0.103086 
902 -0.325640 
903 0.016010 
904 0.016010 
905 -0.422885 
906 0.140013 
907 0.380230 
908 0.380230 
909 0.274165 
910 -0.366268 
911 -0.331801 
912 -0.006465 
913 -0.366268 
914 -0.366268 
915 -0.169068 
916 -0.169068 
917 0.264133 
918 0.264133 
919 -0.169068 
920 0.339491 
921 -0.128362 
922 -0.128362 
923 -0.154675 
924 -0.154675 
925 0.306428 
926 -0.325640 
927 0.459531 
928 0.459531 
929 0.339491 
930 0.339491 
931 0.459531 
932 0.459531 
933 -0.321681 
934 0.333029 
935 0.110686 
936 0.110686 
937 -0.212409 
938 -0.212409 
939 0.329491 
940 -0.013037 
941 -0.267272 
942 -0.267272 
943 -0.152427 
944 -0.491752 
945 -0.013037 
946 -0.479258 
947 -0.013037 
948 -0.013037 
949 0.431860 
950 0.431860 
951 0.288964 
952 -0.004536 
953 -0.013037 
954 -0.013037 
955 0.110192 
956 0.110192 
957 -0.441182 
958 -0.441182 
959 -0.103961 
960 -0.103961 
961 0.140013 
962 0.446111 
963 0.121017 
964 0.431860 
965 -0.027034 
966 -0.027034 
967 -0.342955 
968 0.034082 
969 -0.334991 
970 -0.441182 
971 0.268806 
972 -0.334991 
973 0.288206 
974 -0.073285 
975 -0.267272 
976 -0.267272 
977 -0.265380 
978 -0.265380 
979 -0.088349 
980 -0.165658 
981 -0.122675 
982 -0.088349 
983 0.015460 
984 0.015460 
985 -0.111281 
986 -0.111281 
987 0.188965 
988 0.188965 
989 -0.469564 
990 -0.469564 
991 -0.490060 
992 -0.176703 
993 -0.272861 
994 -0.490060 
995 -0.114574 
996 -0.114574 
997 0.034082 
998 0.140013 
999 -0.331801 
1000 0.034082 
1001 -0.103961 
1002 -0.103961 
1003 -0.165658 
1004 -0.469564 
1005 0.092518 
1006 -0.154675 
1007 -0.017862 
1008 0.268806 
1009 0.339491 
1010 -0.154675 
1011 -0.055817 
1012 0.339491 
1013 -0.103961 
1014 -0.103961 
1015 -0.331883 
1016 0.132874 
1017 -0.114574 
1018 -0.114574 
1019 0.009665 
1020 -0.176703 
1021 -0.264321 
1022 0.009665 
1023 0.021287 
1024 0.283600 
1025 -0.333608 
1026 0.021287 
1027 0.431860 
1028 0.431860 
1029 -0.136791 
1030 -0.136791 
1031 0.485162 
1032 0.485162 
1033 0.034082 
1034 0.034082 
1035 -0.013037 
1036 -0.490119 
1037 0.034082 
1038 0.034082 
1039 0.066423 
1040 -0.267272 
1041 0.000495 
1042 0.000495 
1043 -0.197829 
1044 0.015460 
1045 -0.494706 
1046 -0.197829 
1047 0.015460 
1048 0.329491 
1049 0.064665 
1050 0.064665 
1051 0.183409 
1052 0.459531 
1053 0.094024 
1054 0.183409 
1055 0.034082 
1056 0.034082 
1057 -0.154675 
1058 -0.154675 
1059 0.034082 
1060 0.244946 
1061 0.268806 
1062 0.268806 
1063 0.092814 
1064 -0.084774 
1065 0.164643 
1066 0.394531 
1067 0.021287 
1068 0.021287 
1069 0.385518 
1070 0.385518 
1071 -0.165658 
1072 0.385518 
1073 0.094024 
1074 -0.088349 
1075 -0.165658 
1076 -0.165658 
1077 -0.472488 
1078 -0.472488 
1079 -0.472488 
1080 -0.472488 
1081 0.329491 
1082 0.329491 
1083 -0.169068 
1084 -0.169068 
1085 -0.320521 
1086 -0.472488 
1087 0.356565 
1088 0.356565 
1089 0.033815 
1090 0.033815 
1091 0.401369 
1092 -0.320521 
1093 0.094489 
1094 0.094489 
1095 -0.199061 
1096 -0.305701 
1097 0.137830 
1098 -0.488368 
1099 -0.490060 
1100 -0.490060 
1101 0.268862 
1102 0.000495 
1103 -0.212409 
1104 -0.321681 
1105 -0.125575 
1106 -0.125575 
1107 -0.321681 
1108 -0.125575 
1109 -0.305701 
1110 -0.305701 
1111 0.431860 
1112 0.431860 
1113 -0.322066 
1114 -0.322066 
1115 -0.296184 
1116 -0.013037 
1117 0.329491 
1118 -0.121837 
1119 -0.479258 
1120 -0.479258 
1121 -0.490119 
1122 -0.490119 
1123 -0.027034 
1124 -0.027034 
1125 0.329491 
1126 0.329491 
1127 -0.088349 
1128 -0.027034 
1129 -0.479258 
1130 -0.479258 
1131 -0.240919 
1132 -0.240919 
1133 -0.334991 
1134 -0.073285 
1135 -0.334991 
1136 -0.334991 
1137 -0.073285 
1138 0.333859 
1139 -0.334991 
1140 -0.334991 
1141 -0.490060 
1142 0.339491 
1143 -0.334991 
1144 -0.370147 
1145 -0.305701 
1146 -0.073285 
1147 0.339491 
1148 0.339491 
1149 -0.370147 
1150 -0.370147 
1151 -0.370147 
1152 -0.370147 
1153 -0.481412 
1154 0.493908 
1155 -0.161220 
1156 -0.441182 
1157 0.355592 
1158 -0.161220 
1159 0.041291 
1160 -0.441182 
1161 -0.490060 
1162 -0.243057 
1163 0.010801 
1164 -0.490060 
1165 0.459531 
1166 -0.334991 
1167 -0.366268 
1168 0.314519 
1169 -0.168725 
1170 -0.366268 
1171 -0.125575 
1172 -0.125575 
1173 0.447488 
1174 0.021287 
1175 -0.169068 
1176 -0.169068 
1177 0.021287 
1178 0.360709 
1179 -0.169068 
1180 -0.370147 
1181 -0.161220 
1182 -0.420363 
1183 0.493908 
1184 0.493908 
1185 0.459531 
1186 0.459531 
1187 -0.375274 
1188 -0.375274 
1189 -0.027034 
1190 -0.027034 
1191 -0.331801 
1192 -0.331801 
1193 -0.272861 
1194 -0.305701 
1195 -0.334991 
1196 -0.334991 
1197 -0.222406 
1198 -0.328408 
1199 0.034082 
1200 0.034082 
1201 -0.084774 
1202 -0.169068 
1203 -0.388933 
1204 0.195598 
1205 0.021287 
1206 -0.388933 
1207 -0.325640 
1208 -0.325640 
1209 0.391247 
1210 0.329491 
1211 0.283600 
1212 -0.267272 
1213 0.239849 
1214 0.339491 
1215 0.283600 
1216 -0.346511 
1217 -0.138546 
1218 0.283600 
1219 0.333029 
1220 0.132874 
1221 -0.331801 
1222 -0.272861 
1223 -0.331801 
1224 -0.331801 
1225 -0.490119 
1226 -0.490119 
1227 -0.305701 
1228 -0.305701 
1229 -0.325640 
1230 -0.325640 
1231 0.034082 
1232 0.311504 
1233 0.311504 
1234 -0.263795 
1235 -0.325640 
1236 -0.165658 
1237 -0.328408 
1238 -0.328408 
1239 -0.165658 
1240 -0.165658 
1241 0.132874 
1242 0.132874 
1243 -0.479258 
1244 -0.479258 
1245 0.122762 
1246 0.122762 
1247 -0.366268 
1248 -0.476366 
1249 -0.165658 
1250 -0.165658 
1251 -0.388933 
1252 0.056531 
1253 -0.388933 
1254 -0.388933 
1255 0.015460 
1256 0.015460 
1257 -0.325640 
1258 0.238150 
1259 0.238150 
1260 -0.024785 
1261 -0.428459 
1262 0.239849 
1263 0.150636 
1264 0.150636 
1265 0.431860 
1266 -0.345807 
1267 -0.124254 
1268 0.431860 
1269 0.431860 
1270 0.015460 
1271 0.478306 
1272 0.260372 
1273 -0.045412 
1274 -0.045412 
1275 0.260372 
1276 0.041291 
1277 0.015460 
1278 0.015460 
1279 -0.265380 
1280 -0.265380 
1281 0.021287 
1282 0.021287 
1283 0.041291 
1284 0.041291 
1285 0.110192 
1286 0.110192 
1287 -0.027034 
1288 -0.027034 
1289 0.420500 
1290 0.354889 
1291 -0.027034 
1292 -0.154675 
1293 0.268806 
1294 0.451507 
1295 0.067495 
1296 0.268806 
1297 0.485162 
1298 0.485162 
1299 -0.120116 
1300 0.115439 
1301 -0.370147 
1302 -0.370147 
1303 0.041291 
1304 0.041291 
1305 0.268806 
1306 0.268806 
1307 -0.154675 
1308 -0.154675 
1309 0.239849 
1310 0.239849 
1311 -0.370147 
1312 -0.370147 
1313 0.164643 
1314 0.164643 
1315 0.345626 
1316 0.345626 
1317 -0.176703 
1318 -0.176703 
1319 -0.088349 
1320 -0.088349 
1321 0.164643 
1322 0.164643 
1323 0.211502 
1324 0.269487 
1325 0.211502 
1326 0.211502 
1327 0.238390 
1328 0.238390 
1329 -0.088349 
1330 -0.176703 
1331 0.021287 
1332 0.021287 
1333 -0.366268 
1334 -0.366268 
1335 0.491718 
1336 -0.265879 
1337 -0.490060 
1338 -0.490060 
1339 -0.265380 
1340 0.101592 
1341 -0.027034 
1342 -0.027034 
1343 0.288206 
1344 0.288206 
1345 0.459531 
1346 0.274439 
1347 -0.366268 
1348 0.021287 
1349 -0.090176 
1350 -0.090176 
1351 -0.073285 
1352 -0.073285 
1353 -0.171712 
1354 -0.171712 
1355 0.409757 
1356 0.409757 
1357 0.101592 
1358 0.101592 
1359 0.009665 
1360 0.009665 
1361 -0.469564 
1362 -0.469564 
1363 0.132874 
1364 0.132874 
1365 0.409757 
1366 0.409757 
1367 -0.212409 
1368 -0.212409 
1369 0.339491 
1370 0.339491 
1371 0.020522 
1372 0.352892 
1373 -0.212409 
1374 -0.212409 
1375 0.012663 
1376 0.012663 
1377 -0.013037 
1378 -0.013037 
1379 0.009665 
1380 0.009665 
1381 -0.331801 
1382 -0.331801 
1383 0.265819 
1384 0.154374 
1385 -0.331801 
1386 0.265819 
1387 0.211502 
1388 -0.388933 
1389 -0.110518 
1390 0.211502 
1391 0.015460 
1392 0.015460 
1393 0.265819 
1394 0.265819 
1395 0.009665 
1396 -0.013037 
1397 -0.424864 
1398 -0.424864 
1399 0.110385 
1400 0.015460 
1401 -0.161220 
1402 -0.161220 
1403 0.122762 
1404 0.122762 
1405 -0.150222 
1406 -0.150222 
1407 0.339491 
1408 0.339491 
1409 0.122762 
1410 0.446964 
1411 -0.267272 
1412 -0.267272 
1413 -0.267272 
1414 0.020129 
1415 0.211502 
1416 0.380230 
1417 0.339491 
1418 0.339491 
1419 -0.422885 
1420 -0.422885 
1421 -0.366268 
1422 -0.366268 
1423 -0.197829 
1424 -0.197829 
1425 -0.160107 
1426 0.264133 
1427 -0.422885 
1428 -0.422885 
1429 -0.197829 
1430 -0.197829 
1431 -0.422885 
1432 -0.370147 
1433 0.431860 
1434 -0.199061 
1435 -0.490060 
1436 -0.490060 
1437 0.015052 
1438 0.015052 
1439 -0.377028 
1440 -0.377028 
1441 -0.225944 
1442 -0.225944 
1443 -0.117142 
1444 -0.117142 
1445 -0.003975 
1446 -0.003975 
1447 0.226088 
1448 0.226088 
1449 -0.272159 
1450 -0.272159 
1451 0.095909 
1452 0.095909 
1453 0.197810 
1454 0.197810 
1455 0.235068 
1456 0.235068 
1457 -0.436540 
1458 -0.436540 
1459 -0.410314 
1460 -0.410314 
1461 0.008405 
1462 0.245755 
1463 0.020522 
1464 0.020522 
1465 -0.272861 
1466 0.079682 
1467 0.427671 
1468 -0.333608 
1469 -0.469564 
1470 -0.469564 
1471 -0.333608 
1472 -0.296184 
1473 -0.151835 
1474 -0.151835 
1475 -0.490939 
1476 -0.490939 
1477 0.239849 
1478 0.239849 
1479 -0.105172 
1480 -0.105172 
1481 -0.428615 
1482 -0.428615 
1483 -0.448632 
1484 -0.448632 
1485 -0.142085 
1486 -0.142085 
1487 -0.296184 
1488 -0.296184 
1489 0.260372 
1490 0.260372 
1491 0.306932 
1492 0.306932 
1493 0.490408 
1494 0.490408 
1495 0.306932 
1496 0.306932 
1497 0.245755 
1498 0.490408 
1499 -0.017914 
1500 -0.017914 
1501 0.065268 
1502 0.065268 
1503 0.497812 
1504 0.497812 
1505 0.152322 
1506 0.152322 
1507 0.476329 
1508 0.476329 
1509 -0.246099 
1510 -0.246099 
1511 -0.058500 
1512 -0.058500 
1513 -0.353104 
1514 -0.353104 
1515 -0.125575 
1516 0.014324 
1517 -0.125575 
1518 -0.017914 
1519 -0.296343 
1520 -0.296343 
1521 0.040398 
1522 -0.347104 
1523 0.110192 
1524 0.110192 
1525 -0.212409 
1526 -0.212409 
1527 0.394531 
1528 0.283600 
1529 -0.382578 
1530 0.310967 
1531 -0.421647 
1532 -0.421647 
1533 0.356565 
1534 -0.277743 
1535 -0.277743 
1536 -0.277743 
1537 -0.086103 
1538 -0.086103 
1539 0.033815 
1540 0.033815 
1541 0.401369 
1542 0.401369 
1543 0.239849 
1544 0.094489 
1545 -0.347104 
1546 0.082180 
1547 0.402428 
1548 0.402428 
1549 0.137830 
1550 0.422767 
1551 0.422767 
1552 0.268862 
1553 -0.169068 
1554 -0.169068 
1555 -0.222406 
1556 0.110192 
1557 0.195598 
1558 0.195598 
1559 0.391247 
1560 0.391247 
1561 -0.461987 
1562 -0.461987 
1563 0.132842 
1564 0.132842 
1565 0.183409 
1566 0.183409 
1567 -0.333608 
1568 -0.333608 
1569 -0.263795 
1570 -0.403576 
1571 -0.403576 
1572 -0.024785 
1573 0.064665 
1574 0.092814 
1575 -0.325640 
1576 0.064665 
1577 0.064665 
1578 -0.428459 
1579 -0.333608 
1580 -0.388933 
1581 -0.266382 
1582 -0.266382 
1583 0.110671 
1584 0.110671 
1585 0.200066 
1586 0.200066 
1587 0.431709 
1588 0.431709 
1589 0.018789 
1590 0.018789 
1591 -0.267272 
1592 -0.143796 
1593 -0.490060 
1594 -0.490060 
1595 -0.319782 
1596 -0.319782 
1597 0.066423 
1598 -0.472488 
1599 -0.121837 
1600 0.485456 
1601 0.485456 
1602 0.485456 
1603 -0.193221 
1604 -0.193221 
1605 0.333859 
1606 0.333859 
1607 -0.481412 
1608 -0.481412 
1609 -0.420363 
1610 -0.420363 
1611 -0.073285 
1612 -0.320521 
1613 0.311504 
1614 0.311504 
1615 0.431238 
1616 0.431238 
1617 -0.476366 
1618 -0.476366 
1619 0.238150 
1620 0.238150 
1621 0.244946 
1622 0.244946 
1623 0.355592 
1624 0.244946 
1625 0.244946 
1626 -0.243057 
1627 0.010801 
1628 0.010801 
1629 0.314519 
1630 0.314519 
1631 -0.346511 
1632 0.288206 
1633 -0.168725 
1634 -0.375274 
1635 -0.375274 
1636 0.447488 
1637 0.345626 
1638 0.345626 
1639 0.126104 
1640 0.126104 
1641 0.345626 
1642 -0.045412 
1643 0.126104 
1644 0.354889 
1645 0.420500 
1646 0.420500 
1647 0.451507 
1648 0.409757 
1649 0.013179 
1650 0.013179 
1651 -0.265443 
1652 -0.265443 
1653 0.473541 
1654 0.473541 
1655 0.371141 
1656 0.371141 
1657 0.409757 
1658 0.491718 
1659 0.067495 
1660 -0.422885 
1661 -0.234518 
1662 -0.234518 
1663 -0.449147 
1664 -0.449147 
1665 -0.138546 
1666 -0.212409 
1667 0.429311 
1668 0.429311 
1669 0.150636 
1670 0.150636 
1671 0.478306 
1672 0.478306 
1673 -0.138546 
1674 0.352892 
1675 0.154374 
1676 -0.138546 
1677 -0.110518 
1678 -0.110518 
1679 0.446964 
1680 0.446964 
1681 0.021287 
1682 0.140013 
1683 0.403010 
1684 0.021287 
1685 0.180867 
1686 0.180867 
1687 0.140013 
1688 -0.160107 
1689 0.079682 
1690 0.140013 
1691 0.283600 
1692 0.197032 
1693 0.015052 
1694 0.122762 
1695 -0.377028 
1696 -0.377028 
1697 -0.412439 
1698 -0.412439 
1699 0.310967 
1700 -0.169068 
1701 -0.225944 
1702 -0.225944 
1703 -0.117142 
1704 -0.117142 
1705 -0.407502 
1706 -0.345807 
1707 -0.001220 
1708 -0.001220 
1709 -0.103961 
1710 -0.103961 
1711 -0.003975 
1712 -0.362650 
1713 0.226088 
1714 0.226088 
1715 0.476329 
1716 0.476329 
1717 -0.246099 
1718 -0.246099 
1719 -0.058500 
1720 -0.058500 
1721 -0.103961 
1722 -0.171712 
1723 -0.461977 
1724 -0.461977 
1725 -0.362650 
1726 -0.362650 
1727 -0.183453 
1728 -0.183453 
1729 0.459531 
1730 -0.120116 
1731 -0.237806 
1732 -0.237806 
1733 -0.125575 
1734 -0.265879 
1735 -0.139448 
1736 -0.139448 
1737 0.344103 
1738 0.344103 
1739 0.000495 
1740 0.000495 
1741 0.168629 
1742 0.168629 
1743 -0.272159 
1744 -0.088349 
1745 -0.136791 
1746 -0.407042 
1747 -0.240919 
1748 -0.240919 
1749 0.095909 
1750 0.095909 
1751 -0.407042 
1752 -0.407042 
1753 0.041291 
1754 0.197810 
1755 -0.472488 
1756 -0.472488 
1757 0.036295 
1758 0.235068 
1759 -0.124254 
1760 0.036295 
1761 0.135153 
1762 0.135153 
1763 0.385518 
1764 0.036295 
1765 0.380230 
1766 0.385518 
1767 0.264133 
1768 0.264133 
1769 -0.277743 
1770 -0.277743 
1771 -0.128362 
1772 -0.128362 
1773 -0.436540 
1774 -0.436540 
1775 -0.479258 
1776 0.485162 
1777 0.110686 
1778 -0.479258 
1779 0.064665 
1780 0.064665 
1781 0.485162 
1782 -0.410314 
1783 0.008405 
1784 0.485162 
1785 0.244946 
1786 0.333029 
1787 -0.375274 
1788 -0.375274 
1789 0.333029 
1790 0.459531 
1791 -0.114574 
1792 -0.151835 
1793 -0.490939 
1794 -0.114574 
1795 0.459531 
1796 0.459531 
1797 0.345626 
1798 0.345626 
1799 0.182455 
1800 -0.105172 
1801 -0.428615 
1802 0.182455 
1803 0.402428 
1804 0.182455 
1805 0.269487 
1806 0.402428 
1807 0.238390 
1808 0.238390 
1809 0.385518 
1810 0.385518 
1811 -0.424864 
1812 -0.424864 
1813 0.012663 
1814 0.385518 
1815 -0.151835 
1816 -0.151835 
1817 0.110385 
1818 0.110385 
1819 -0.296343 
1820 -0.296343 
1821 -0.382578 
1822 -0.382578 
1823 0.351088 
1824 0.141807 
1825 -0.490939 
1826 -0.490939 
1827 -0.161220 
1828 -0.161220 
1829 -0.105172 
1830 -0.105172 
1831 0.360709 
1832 0.360709 
1833 0.211502 
1834 0.211502 
1835 0.274439 
1836 0.274439 
1837 -0.421647 
1838 0.211502 
1839 -0.090176 
1840 0.431860 
1841 0.147741 
1842 0.147741 
1843 0.431860 
1844 -0.494706 
1845 -0.007035 
1846 -0.007035 
1847 0.008497 
1848 0.008497 
1849 0.422767 
1850 0.422767 
1851 0.402428 
1852 0.402428 
1853 -0.403576 
1854 -0.403576 
1855 -0.182226 
1856 -0.182226 
1857 -0.184390 
1858 -0.184390 
1859 -0.086103 
1860 -0.086103 
1861 0.082180 
1862 0.082180 
1863 0.140013 
1864 0.141807 
1865 -0.461987 
1866 0.140013 
1867 -0.212409 
1868 -0.212409 
1869 -0.266382 
1870 -0.212409 
1871 -0.212409 
1872 0.110671 
1873 -0.007035 
1874 0.200066 
1875 0.091519 
1876 0.091519 
1877 -0.494706 
1878 -0.494706 
1879 -0.152427 
1880 -0.152427 
1881 -0.154675 
1882 0.034082 
1883 0.288964 
1884 -0.154675 
1885 0.286973 
1886 0.286973 
1887 0.034082 
1888 0.431709 
1889 -0.448632 
1890 0.034082 
1891 -0.321681 
1892 0.333029 
1893 -0.142085 
1894 -0.267272 
1895 -0.267272 
1896 0.306428 
1897 -0.013037 
1898 -0.491752 
1899 -0.150222 
1900 -0.013037 
1901 0.020129 
1902 0.020129 
1903 -0.013037 
1904 -0.366268 
1905 -0.013037 
1906 -0.084774 
1907 -0.428615 
1908 -0.013037 
1909 -0.370147 
1910 -0.370147 
1911 -0.448632 
1912 -0.441182 
1913 0.079682 
1914 0.079682 
1915 -0.441182 
1916 -0.441182 
1917 -0.103961 
1918 -0.103961 
1919 -0.142085 
1920 -0.142085 
1921 -0.469564 
1922 -0.469564 
1923 0.306932 
1924 0.306932 
1925 0.239849 
1926 0.239849 
1927 -0.004536 
1928 -0.004536 
1929 0.446111 
1930 0.446111 
1931 0.288206 
1932 -0.073285 
1933 0.245755 
1934 -0.469564 
1935 0.260372 
1936 0.260372 
1937 -0.165658 
1938 -0.165658 
1939 -0.410314 
1940 -0.410314 
1941 0.121017 
1942 -0.165658 
1943 -0.342955 
1944 -0.342955 
1945 -0.122675 
1946 -0.122675 
1947 -0.469564 
1948 -0.469564 
1949 -0.111281 
1950 -0.111281 
1951 0.188965 
1952 0.188965 
1953 -0.114574 
1954 -0.114574 
1955 -0.331801 
1956 -0.331801 
1957 -0.331801 
1958 -0.331801 
1959 0.008405 
1960 -0.469564 
1961 -0.151835 
1962 -0.151835 
1963 0.092518 
1964 -0.154675 
1965 -0.017862 
1966 0.268806 
1967 0.485456 
1968 0.485456 
1969 -0.490939 
1970 -0.490939 
1971 0.141807 
1972 0.132874 
1973 -0.105172 
1974 -0.105172 
1975 0.018789 
1976 -0.176703 
1977 -0.176703 
1978 -0.176703 
1979 -0.428615 
1980 -0.428615 
1981 -0.143796 
1982 -0.143796 
1983 0.429311 
1984 0.429311 
1985 -0.084774 
1986 0.403010 
1987 0.180867 
1988 -0.084774 
1989 -0.448632 
1990 -0.448632 
1991 -0.142085 
1992 -0.142085 
1993 0.306932 
1994 0.306932 
1995 0.490408 
1996 0.490408 
1997 0.197032 
1998 0.197032 
1999 -0.412439 
2000 -0.412439 
2001 -0.407502 
2002 -0.407502 
2003 -0.001220 
2004 -0.001220 
2005 0.329491 
2006 0.365720 
2007 -0.488368 
2008 -0.488368 
2009 -0.461977 
2010 -0.461977 
2011 -0.183453 
2012 -0.183453 
2013 -0.114574 
2014 -0.237806 
2015 0.029263 
2016 0.029263 
2017 -0.030770 
2018 -0.030770 
2019 0.268806 
2020 0.082557 
2021 -0.084774 
2022 0.351088 
2023 -0.199061 
2024 -0.084774 
2025 -0.125575 
2026 -0.165658 
2027 -0.139448 
2028 -0.125575 
2029 -0.084774 
2030 0.344103 
2031 -0.088349 
2032 0.094024 
2033 -0.165658 
2034 -0.088349 
2035 0.293189 
2036 0.293189 
2037 0.094024 
2038 0.168629 
2039 0.329491 
2040 0.329491 
2041 0.115439 
2042 0.115439 
2043 -0.320521 
2044 -0.320521 
2045 -0.055817 
2046 -0.055817 
2047 -0.331883 
2048 -0.331883 
2049 -0.264321 
2050 -0.264321 
2051 0.065268 
2052 0.065268 
2053 -0.305701 
2054 -0.199061 
2055 0.008497 
2056 -0.305701 
2057 0.020522 
2058 0.020522 
2059 0.427671 
2060 0.427671 
2061 0.029263 
2062 -0.321681 
2063 0.497812 
2064 0.029263 
2065 0.029263 
2066 0.152322 
2067 0.365720 
2068 -0.322066 
2069 0.132842 
2070 0.132842 
2071 -0.322066 
2072 -0.322066 
2073 -0.296184 
2074 -0.296184 
2075 0.066423 
2076 -0.030770 
2077 -0.030770 
2078 -0.121837 
2079 -0.490119 
2080 -0.490119 
2081 -0.027034 
2082 -0.027034 
2083 -0.088349 
2084 -0.088349 
2085 -0.088349 
2086 -0.088349 
2087 -0.490119 
2088 0.333859 
2089 -0.320521 
2090 -0.320521 
2091 -0.073285 
2092 -0.073285 
2093 -0.481412 
2094 -0.027034 
2095 -0.025984 
2096 -0.025984 
2097 -0.017914 
2098 -0.017914 
2099 0.355592 
2100 0.339491 
2101 -0.193221 
2102 -0.193221 
2103 -0.420363 
2104 -0.420363 
2105 0.339491 
2106 0.311504 
2107 0.431238 
2108 0.431238 
2109 -0.476366 
2110 -0.476366 
2111 -0.243057 
2112 0.493908 
2113 -0.441182 
2114 -0.441182 
2115 0.238150 
2116 0.238150 
2117 0.041291 
2118 -0.441182 
2119 -0.490060 
2120 0.420500 
2121 0.013179 
2122 0.013179 
2123 -0.265443 
2124 -0.265443 
2125 -0.362650 
2126 -0.362650 
2127 0.473541 
2128 0.473541 
2129 0.491718 
2130 0.491718 
2131 -0.193221 
2132 -0.449147 
2133 0.010801 
2134 -0.193221 
2135 -0.193221 
2136 0.314519 
2137 0.135153 
2138 0.135153 
2139 0.493908 
2140 0.380230 
2141 0.264133 
2142 0.264133 
2143 0.041291 
2144 -0.168725 
2145 0.447488 
2146 0.041291 
2147 -0.027034 
2148 -0.045412 
2149 -0.128362 
2150 -0.128362 
2151 -0.272861 
2152 -0.305701 
2153 -0.334991 
2154 -0.334991 
2155 0.354889 
2156 -0.328408 
2157 0.451507 
2158 -0.479258 
2159 0.371141 
2160 0.371141 
2161 -0.407042 
2162 -0.407042 
2163 -0.234518 
2164 -0.234518 
2165 -0.204745 
2166 -0.204745 
2167 0.245755 
2168 0.245755 
2169 0.283600 
2170 0.283600 
2171 0.239849 
2172 0.239849 
2173 0.067495 
2174 0.067495 
2175 -0.120116 
2176 -0.120116 
2177 0.333029 
2178 0.132874 
2179 -0.272861 
2180 -0.193221 
2181 -0.420363 
2182 -0.272861 
2183 -0.334991 
2184 0.311504 
2185 -0.305701 
2186 0.485456 
2187 0.132874 
2188 0.431238 
2189 0.132874 
2190 0.132874 
2191 0.141807 
2192 0.141807 
2193 0.008497 
2194 0.008497 
2195 -0.328408 
2196 0.365720 
2197 0.079682 
2198 -0.136791 
2199 0.079682 
2200 0.079682 
2201 -0.479258 
2202 -0.479258 
2203 0.122762 
2204 0.079682 
2205 0.122762 
2206 0.122762 
2207 -0.025984 
2208 -0.025984 
2209 0.056531 
2210 -0.240919 
2211 0.360709 
2212 0.056531 
2213 0.015460 
2214 0.056531 
2215 0.015460 
2216 0.015460 
2217 -0.204745 
2218 -0.204745 
2219 0.239849 
2220 -0.322066 
2221 0.274439 
2222 0.274439 
2223 -0.090176 
2224 -0.090176 
2225 -0.171712 
2226 -0.171712 
2227 0.012663 
2228 0.015460 
2229 0.260372 
2230 -0.328408 
2231 0.056531 
2232 0.260372 
2233 -0.347104 
2234 -0.347104 
2235 0.015460 
2236 -0.277743 
2237 -0.265380 
2238 -0.265380 
2239 0.293189 
2240 0.293189 
2241 0.110686 
2242 0.110686 
2243 0.064665 
2244 0.064665 
2245 0.147741 
2246 0.147741 
2247 0.244946 
2248 0.244946 
2249 -0.296343 
2250 -0.154675 
2251 0.268806 
2252 -0.375274 
2253 0.345626 
2254 0.345626 
2255 0.485162 
2256 0.485162 
2257 0.371141 
2258 0.371141 
2259 0.269487 
2260 0.269487 
2261 0.238390 
2262 0.238390 
2263 -0.347104 
2264 -0.347104 
2265 -0.154675 
2266 -0.424864 
2267 0.485162 
2268 -0.382578 
2269 0.110385 
2270 0.110385 
2271 0.164643 
2272 -0.421647 
2273 -0.161220 
2274 -0.161220 
2275 -0.176703 
2276 -0.176703 
2277 0.211502 
2278 0.211502 
2279 -0.086103 
2280 -0.265443 
2281 -0.265443 
2282 0.082180 
2283 0.473541 
2284 -0.150222 
2285 -0.461987 
2286 0.473541 
2287 0.473541 
2288 -0.266382 
2289 0.021287 
2290 0.021287 
2291 -0.025984 
2292 -0.025984 
2293 0.020129 
2294 0.020129 
2295 0.110671 
2296 0.288206 
2297 -0.265380 
2298 0.101592 
2299 0.200066 
2300 -0.073285 
2301 0.288206 
2302 0.288206 
2303 -0.265879 
2304 -0.265879 
2305 -0.362650 
2306 -0.362650 
2307 -0.407042 
2308 -0.407042 
2309 -0.073285 
2310 -0.073285 
2311 0.431709 
2312 -0.265380 
2313 0.409757 
2314 0.409757 
2315 0.101592 
2316 0.147741 
2317 0.009665 
2318 0.009665 
2319 -0.469564 
2320 0.009665 
2321 0.018789 
2322 0.409757 
2323 0.422767 
2324 0.422767 
2325 -0.212409 
2326 -0.143796 
2327 -0.234518 
2328 -0.234518 
2329 -0.403576 
2330 -0.403576 
2331 -0.182226 
2332 -0.182226 
2333 -0.184390 
2334 -0.184390 
2335 -0.013037 
2336 -0.013037 
2337 0.132842 
2338 0.132842 
2339 0.091519 
2340 0.091519 
2341 0.265819 
2342 -0.152427 
2343 0.288964 
2344 0.288964 
2345 -0.388933 
2346 -0.388933 
2347 0.286973 
2348 0.286973 
2349 0.015460 
2350 0.015460 
2351 0.429311 
2352 0.122762 
2353 -0.488368 
2354 -0.488368 
2355 0.029263 
2356 0.029263 
2357 -0.030770 
2358 -0.030770 
2359 0.082557 
2360 0.082557 
2361 0.122762 
2362 0.122762 
2363 0.293189 
2364 0.293189 
2365 0.135153 
2366 0.115439 
2367 0.403010 
2368 0.135153 
2369 0.135153 
2370 0.180867 
2371 -0.272159 
2372 -0.272159 
2373 0.490408 
2374 0.490408 
2375 0.095909 
2376 0.095909 
2377 0.197810 
2378 0.197810 
2379 0.235068 
2380 0.235068 
2381 -0.197829 
2382 0.197032 
2383 -0.204745 
2384 -0.204745 
2385 -0.436540 
2386 -0.436540 
2387 -0.410314 
2388 -0.410314 
2389 0.008405 
2390 0.008405 
2391 -0.199061 
2392 -0.412439 
2393 -0.407502 
2394 -0.199061 
