2132 1
456 3.131913 
1367 3.096974 
1115 3.013341 
1632 2.987123 
752 2.987054 
751 2.944158 
659 2.942912 
584 2.898490 
712 2.875204 
767 2.863781 
1243 2.842119 
68 2.819461 
1220 2.814429 
667 2.812242 
1504 2.812053 
2110 2.810772 
1516 2.787805 
2119 2.783074 
411 2.755894 
240 2.748585 
540 2.747697 
1116 2.745688 
448 2.744724 
2126 2.742105 
217 2.722942 
1343 2.720035 
214 2.706138 
350 2.696475 
239 2.683204 
1099 2.681835 
436 2.678425 
968 2.674290 
560 2.669646 
36 2.654368 
344 2.647320 
820 2.638137 
1228 2.631700 
360 2.630915 
471 2.628457 
172 2.623341 
583 2.622661 
159 2.618319 
556 2.614957 
96 2.613179 
700 2.610409 
1100 2.595068 
1344 2.592485 
768 2.585171 
1480 2.576220 
736 2.575518 
368 2.557450 
595 2.557356 
328 2.545887 
652 2.545432 
783 2.543573 
15 2.537025 
1308 2.533813 
1016 2.531301 
1004 2.530715 
276 2.530290 
1660 2.521493 
154 2.520667 
1563 2.512976 
198 2.506317 
391 2.502264 
248 2.494024 
1276 2.492006 
1143 2.490746 
1547 2.483446 
591 2.480075 
2088 2.478015 
1650 2.473602 
1362 2.470919 
660 2.466978 
1328 2.465794 
1003 2.462156 
1058 2.460883 
1316 2.459967 
226 2.457637 
367 2.457323 
247 2.456964 
840 2.456039 
1996 2.449226 
1495 2.442456 
221 2.439335 
311 2.436062 
45 2.435923 
952 2.433705 
1304 2.430393 
160 2.424839 
465 2.422551 
206 2.418979 
455 2.415312 
35 2.408169 
1386 2.407480 
1564 2.372139 
573 2.371397 
1578 2.362176 
447 2.356531 
1295 2.350539 
910 2.340382 
1267 2.340089 
525 2.338135 
1207 2.337810 
463 2.336650 
994 2.325423 
2082 2.321485 
1031 2.311267 
232 2.310225 
1402 2.302562 
1531 2.302334 
1251 2.298357 
10 2.293604 
268 2.292036 
544 2.279773 
668 2.279381 
27 2.279245 
996 2.276248 
688 2.272863 
1022 2.270643 
1180 2.268023 
275 2.267685 
923 2.266203 
725 2.265267 
2059 2.264997 
935 2.262852 
507 2.249856 
255 2.246977 
615 2.243629 
1132 2.243104 
1642 2.241771 
815 2.226008 
535 2.225017 
1315 2.221253 
1155 2.219948 
187 2.219687 
1050 2.217412 
1084 2.216823 
1631 2.206094 
79 2.204559 
2096 2.200500 
6 2.185844 
64 2.178149 
1083 2.176467 
1503 2.171801 
946 2.170776 
1522 2.163244 
1065 2.162715 
57 2.161144 
1458 2.151793 
1368 2.145926 
947 2.141259 
376 2.138526 
482 2.136948 
1144 2.134398 
1032 2.132862 
1244 2.130443 
386 2.128771 
1709 2.121232 
621 2.119383 
980 2.114272 
76 2.114111 
1175 2.113786 
192 2.112655 
298 2.110675 
54 2.110455 
550 2.100619 
375 2.098974 
1042 2.098584 
28 2.094921 
1199 2.086547 
286 2.085951 
1677 2.082705 
327 2.081469 
1708 2.075255 
1946 2.072872 
1227 2.071349 
524 2.069090 
299 2.065096 
1945 2.062966 
1219 2.056559 
614 2.055167 
2087 2.051093 
1432 2.050789 
506 2.047632 
1433 2.045784 
191 2.045724 
799 2.045521 
178 2.044319 
1235 2.040543 
596 2.038455 
814 2.036211 
257 2.024748 
56 2.024243 
2078 2.023684 
374 2.023593 
1326 2.021507 
1446 2.020708 
985 2.019208 
1260 2.017371 
1327 2.017140 
801 2.015242 
287 2.007564 
1532 1.998067 
936 1.995360 
1469 1.991701 
1693 1.990005 
1548 1.988660 
785 1.988487 
81 1.987525 
125 1.987243 
265 1.982177 
1256 1.980163 
831 1.976330 
2031 1.975586 
566 1.971226 
396 1.970282 
1131 1.966262 
94 1.965879 
1694 1.961761 
784 1.961398 
442 1.960394 
1181 1.953714 
494 1.952925 
1530 1.952481 
922 1.950637 
483 1.949521 
1418 1.946447 
55 1.945962 
1201 1.945552 
377 1.944900 
769 1.944803 
168 1.944089 
1226 1.940057 
1350 1.939791 
967 1.938847 
686 1.936314 
264 1.935874 
1236 1.935015 
1369 1.933157 
1296 1.931882 
179 1.926588 
2039 1.923925 
1941 1.923627 
1309 1.923414 
186 1.922830 
1337 1.918512 
1145 1.914611 
1514 1.914569 
620 1.909215 
1082 1.905934 
602 1.905637 
1470 1.905086 
834 1.902345 
1314 1.900690 
80 1.893247 
1167 1.893240 
937 1.891391 
21 1.887995 
839 1.887300 
405 1.885880 
534 1.883539 
1261 1.881110 
1206 1.877779 
567 1.876902 
1417 1.876384 
689 1.871025 
1200 1.870451 
995 1.870303 
44 1.862374 
1259 1.861204 
819 1.860719 
646 1.857659 
1012 1.857476 
1565 1.857296 
1209 1.854008 
406 1.853064 
1142 1.851716 
110 1.851384 
519 1.843596 
1169 1.843516 
962 1.842607 
724 1.837952 
1002 1.835362 
495 1.834264 
977 1.832823 
43 1.832770 
997 1.830098 
669 1.826714 
953 1.824973 
699 1.824772 
326 1.824119 
978 1.823085 
123 1.822998 
95 1.822117 
1649 1.821684 
1168 1.820413 
1252 1.819600 
233 1.818683 
610 1.818654 
687 1.816596 
782 1.815753 
313 1.814292 
1403 1.812825 
601 1.809339 
1130 1.809237 
1661 1.806990 
1218 1.805470 
486 1.804635 
1678 1.803465 
619 1.803403 
1066 1.801808 
590 1.800254 
571 1.798335 
1361 1.794844 
1152 1.793958 
1245 1.793532 
498 1.793376 
1641 1.793290 
485 1.792076 
676 1.791185 
443 1.786284 
961 1.784880 
555 1.783823 
1157 1.783123 
1277 1.781148 
2079 1.781041 
1041 1.780838 
1998 1.778602 
1533 1.776307 
551 1.775305 
2097 1.771706 
520 1.766726 
1305 1.765799 
578 1.764555 
464 1.762995 
1051 1.760598 
312 1.759082 
1431 1.757564 
358 1.756022 
475 1.755918 
1549 1.754805 
722 1.754053 
1208 1.750103 
661 1.748683 
496 1.747005 
1156 1.746213 
437 1.742265 
497 1.741465 
1303 1.737725 
1033 1.737064 
1459 1.736931 
222 1.736929 
137 1.731935 
258 1.727815 
1942 1.726694 
228 1.725438 
924 1.723211 
677 1.721740 
1292 1.720479 
385 1.720208 
1275 1.718202 
1498 1.716893 
1546 1.716338 
597 1.715889 
2001 1.715314 
1291 1.714854 
740 1.711543 
142 1.704905 
986 1.704523 
254 1.703543 
412 1.701849 
888 1.693118 
141 1.688887 
1030 1.688301 
539 1.687166 
161 1.684245 
911 1.682489 
1179 1.681558 
1272 1.679214 
1266 1.678953 
1517 1.678256 
227 1.678256 
568 1.676755 
1268 1.674601 
835 1.672296 
572 1.671603 
1286 1.670801 
1349 1.670336 
561 1.668596 
577 1.668414 
1317 1.668210 
1013 1.668058 
246 1.666256 
2058 1.662492 
711 1.658430 
1297 1.657297 
1290 1.657009 
1186 1.655776 
1101 1.653025 
484 1.650698 
963 1.648768 
231 1.648635 
1338 1.648309 
462 1.646795 
1237 1.643206 
342 1.642860 
951 1.642001 
1221 1.640261 
709 1.637970 
393 1.637895 
256 1.637745 
1282 1.637651 
1011 1.637325 
349 1.637236 
698 1.631662 
1515 1.631147 
899 1.629534 
1302 1.627004 
359 1.626093 
173 1.625902 
1163 1.625193 
697 1.620518 
169 1.611725 
1562 1.608719 
394 1.607291 
1281 1.607124 
934 1.606397 
2049 1.605029 
1534 1.603173 
109 1.601913 
343 1.601571 
1497 1.600059 
199 1.599769 
1577 1.599729 
1210 1.599517 
521 1.595502 
969 1.594754 
126 1.594540 
786 1.592926 
14 1.592185 
1229 1.590317 
950 1.589020 
710 1.587788 
1445 1.584874 
1943 1.582404 
69 1.579473 
300 1.579157 
413 1.577896 
1285 1.576906 
979 1.575276 
1176 1.572880 
441 1.571981 
454 1.568182 
1513 1.565330 
1380 1.563479 
511 1.559544 
510 1.555673 
1253 1.551665 
1190 1.549393 
341 1.545742 
1188 1.544379 
1164 1.544311 
653 1.543061 
618 1.539092 
288 1.538165 
139 1.537984 
122 1.537797 
2030 1.537360 
1189 1.536772 
617 1.535837 
508 1.533991 
1301 1.533742 
1271 1.533654 
1191 1.533633 
274 1.533391 
1158 1.531054 
804 1.527735 
1043 1.526996 
1659 1.526019 
124 1.525498 
918 1.524181 
249 1.522855 
1284 1.520844 
1165 1.520745 
108 1.516115 
2050 1.513511 
576 1.511753 
355 1.509935 
470 1.506816 
1502 1.506245 
966 1.504418 
1496 1.502973 
395 1.502075 
1579 1.501247 
155 1.501169 
1021 1.500524 
446 1.497146 
474 1.495764 
1345 1.494848 
609 1.494735 
314 1.494149 
2089 1.493747 
1336 1.492811 
1057 1.489289 
1250 1.487562 
554 1.487316 
1289 1.480043 
1385 1.479257 
416 1.477683 
1117 1.476534 
818 1.476485 
565 1.475564 
218 1.475331 
361 1.475254 
838 1.474640 
1187 1.473722 
800 1.473286 
1070 1.469722 
1270 1.469105 
796 1.465944 
798 1.463600 
833 1.461413 
67 1.460203 
1283 1.456495 
1023 1.452009 
559 1.449959 
205 1.448505 
723 1.447437 
158 1.444572 
536 1.443271 
138 1.441054 
797 1.438297 
357 1.436518 
616 1.434799 
267 1.433456 
570 1.431337 
537 1.427884 
414 1.424767 
1269 1.424699 
1379 1.424287 
678 1.423866 
1550 1.423661 
77 1.423338 
1192 1.423244 
1298 1.422416 
949 1.421761 
1457 1.420785 
983 1.420442 
816 1.419683 
1170 1.419658 
34 1.419330 
948 1.415557 
329 1.415213 
143 1.411735 
1287 1.408698 
493 1.407854 
473 1.406961 
585 1.403576 
549 1.401986 
392 1.401352 
93 1.399670 
981 1.399419 
1178 1.397557 
1273 1.397549 
837 1.397146 
582 1.395893 
1202 1.391979 
280 1.391424 
538 1.391034 
553 1.390841 
1521 1.390782 
415 1.388596 
26 1.386167 
1419 1.385530 
1064 1.379715 
523 1.378538 
339 1.377772 
107 1.376598 
965 1.375753 
552 1.374785 
1257 1.374305 
1129 1.372369 
207 1.372147 
1052 1.369896 
1254 1.367465 
1501 1.366737 
569 1.366417 
1447 1.362687 
65 1.362350 
713 1.353986 
1238 1.353119 
1351 1.351657 
97 1.350338 
600 1.345095 
964 1.341241 
938 1.340993 
509 1.337553 
310 1.334893 
982 1.334837 
898 1.334050 
726 1.331288 
830 1.330032 
701 1.329175 
387 1.317724 
543 1.312789 
522 1.310292 
1274 1.309863 
766 1.309653 
1246 1.308765 
984 1.308403 
325 1.306269 
1177 1.306211 
1633 1.305192 
269 1.301764 
622 1.301304 
1944 1.293741 
1803 1.293278 
1401 1.293124 
1387 1.291553 
407 1.291409 
82 1.290955 
802 1.289478 
1049 1.288357 
817 1.288139 
461 1.287866 
180 1.284443 
215 1.283563 
1005 1.282310 
177 1.281764 
241 1.281138 
598 1.270843 
340 1.265062 
472 1.264486 
1479 1.263150 
1198 1.261928 
481 1.258207 
1494 1.254907 
1288 1.254700 
1255 1.250917 
140 1.250708 
856 1.249143 
356 1.246023 
641 1.245852 
933 1.245406 
1234 1.244321 
238 1.243364 
1262 1.240194 
1146 1.239190 
1434 1.234186 
2040 1.230165 
9 1.228142 
444 1.227347 
1014 1.223034 
373 1.209640 
630 1.208595 
1668 1.200995 
1676 1.199302 
1034 1.198909 
1370 1.197726 
53 1.197273 
1299 1.193076 
279 1.192093 
1339 1.189891 
1471 1.186617 
1499 1.185631 
1500 1.181574 
1166 1.180449 
1154 1.178001 
1811 1.177576 
378 1.175939 
836 1.174618 
822 1.171448 
998 1.171092 
410 1.170864 
197 1.169276 
803 1.163484 
212 1.156470 
1325 1.154909 
1378 1.152490 
20 1.152271 
832 1.147542 
579 1.147411 
1723 1.143949 
1710 1.140298 
1481 1.139791 
144 1.136043 
366 1.134802 
1695 1.134368 
1217 1.133850 
1242 1.126338 
1225 1.124416 
594 1.119582 
345 1.112029 
1352 1.109961 
737 1.104788 
931 1.103939 
121 1.103219 
1404 1.100312 
1300 1.098868 
1313 1.093929 
1059 1.091346 
1679 1.086680 
1114 1.084748 
1024 1.083251 
690 1.079722 
1015 1.073882 
2123 1.067431 
404 1.067339 
2109 1.066999 
111 1.066216 
2098 1.065701 
188 1.062921 
445 1.062047 
821 1.061549 
285 1.059515 
647 1.056944 
1240 1.052582 
1997 1.050626 
813 1.050151 
453 1.045714 
1692 1.037373 
1651 1.035336 
2048 1.033172 
449 1.033062 
1348 1.028607 
1444 1.024395 
909 1.023867 
987 1.022994 
1363 1.018991 
263 1.018647 
1643 1.018312 
1239 1.015572 
599 1.014916 
1529 1.013170 
1159 1.012571 
66 1.009112 
1460 0.995284 
1342 0.991772 
1081 0.989449 
1468 0.987407 
1329 0.983654 
1085 0.983181 
932 0.980800 
440 0.969445 
679 0.966646 
476 0.966198 
670 0.965793 
1102 0.962090 
2117 0.958517 
1346 0.958327 
662 0.955418 
301 0.950268 
1141 0.949144 
1182 0.948335 
1098 0.947208 
1347 0.944372 
739 0.939586 
19 0.936305 
505 0.933823 
2000 0.925341 
1128 0.923082 
889 0.922710 
1035 0.909754 
921 0.897905 
1545 0.895421 
654 0.894181 
753 0.893806 
580 0.893805 
431 0.892580 
1366 0.883316 
112 0.878438 
127 0.878147 
157 0.871906 
1029 0.868640 
680 0.868507 
581 0.867488 
384 0.866747 
954 0.862673 
603 0.854263 
1448 0.850391 
1566 0.847503 
1790 0.844623 
1205 0.841168 
589 0.837894 
1796 0.835395 
738 0.829824 
879 0.828985 
1278 0.826312 
234 0.822963 
1722 0.819881 
533 0.818071 
1001 0.815657 
315 0.813914 
1591 0.809719 
1662 0.807439 
1258 0.804621 
970 0.800354 
1512 0.799880 
58 0.798706 
408 0.797775 
1539 0.794317 
89 0.792283 
397 0.792274 
1133 0.790764 
2023 0.781590 
1318 0.774889 
1216 0.774371 
450 0.774032 
1561 0.768240 
795 0.766202 
1171 0.764444 
945 0.759396 
1211 0.759160 
1640 0.757072 
906 0.756608 
2038 0.753631 
106 0.752037 
1416 0.748435 
259 0.743589 
629 0.739924 
297 0.739645 
870 0.738261 
245 0.734348 
5 0.727849 
613 0.725313 
92 0.720678 
1063 0.719328 
562 0.709536 
83 0.708673 
823 0.698038 
1396 0.692937 
1310 0.686654 
1388 0.678304 
1044 0.671612 
1036 0.661247 
1949 0.656372 
1551 0.654023 
324 0.652045 
755 0.645738 
993 0.642865 
1127 0.640488 
330 0.638237 
1335 0.636405 
451 0.634838 
2067 0.630291 
1384 0.626041 
1230 0.623959 
1040 0.622163 
878 0.621647 
70 0.612975 
156 0.605129 
223 0.603677 
457 0.602917 
781 0.593504 
466 0.591106 
1263 0.589789 
863 0.588991 
1203 0.577345 
46 0.572104 
871 0.571006 
185 0.570670 
648 0.561610 
750 0.556055 
369 0.549477 
492 0.539797 
1222 0.539256 
2090 0.535694 
13 0.535545 
1017 0.535367 
1430 0.531353 
1518 0.524248 
542 0.522584 
862 0.522403 
741 0.513549 
1118 0.513423 
1592 0.507700 
1306 0.507454 
2080 0.503317 
162 0.502477 
2022 0.484338 
1067 0.483409 
1486 0.479245 
1020 0.471080 
1520 0.470586 
857 0.465297 
2099 0.464658 
1482 0.462155 
1247 0.454583 
1535 0.453385 
1785 0.448177 
219 0.447508 
864 0.446168 
1648 0.445903 
2118 0.439801 
1360 0.439495 
1233 0.438504 
1147 0.431692 
518 0.431304 
75 0.429161 
528 0.429155 
756 0.428378 
1420 0.425315 
586 0.424937 
452 0.423194 
351 0.421483 
1948 0.419316 
1820 0.412361 
204 0.408316 
1076 0.406750 
765 0.400578 
460 0.396179 
1950 0.394619 
564 0.392613 
1160 0.391920 
1658 0.387590 
1395 0.383059 
939 0.379747 
2127 0.377266 
1320 0.372456 
1224 0.370469 
42 0.367177 
281 0.364626 
671 0.354547 
2068 0.352152 
2124 0.350323 
208 0.348759 
1010 0.347296 
1478 0.341815 
266 0.339580 
250 0.336546 
200 0.336134 
887 0.331669 
1077 0.327422 
487 0.325509 
1667 0.325268 
193 0.322685 
1680 0.320896 
988 0.319973 
1456 0.316546 
812 0.315095 
925 0.314456 
727 0.314319 
338 0.309799 
623 0.309768 
2111 0.301255 
3 0.299623 
2005 0.294538 
1293 0.290650 
2004 0.276952 
128 0.273083 
1113 0.270389 
754 0.264178 
588 0.263663 
548 0.262111 
1538 0.253159 
1151 0.250370 
1435 0.250236 
499 0.249802 
1634 0.249726 
2047 0.243681 
1836 0.237905 
869 0.235925 
1519 0.234935 
63 0.225992 
900 0.219725 
1371 0.211001 
1150 0.210309 
999 0.200399 
805 0.197274 
167 0.196201 
372 0.193431 
608 0.192660 
459 0.191300 
84 0.189271 
458 0.188449 
1580 0.185908 
1736 0.185884 
912 0.184744 
1696 0.165164 
1487 0.162460 
52 0.149582 
237 0.148089 
1886 0.147175 
1153 0.146897 
1312 0.146174 
575 0.143287 
1707 0.136225 
480 0.135319 
558 0.132802 
628 0.132038 
2016 0.131260 
1443 0.128974 
587 0.112477 
2057 0.106806 
787 0.098575 
1528 0.097281 
971 0.096316 
170 0.096287 
824 0.094227 
196 0.093154 
1172 0.090239 
88 0.088290 
702 0.083602 
1000 0.082262 
545 0.074774 
403 0.074571 
47 0.063165 
663 0.061283 
655 0.060755 
642 0.056828 
1311 0.056011 
1241 0.053861 
880 0.052040 
379 0.048172 
33 0.047670 
1088 0.044848 
1724 0.040564 
714 0.036960 
78 0.036223 
1511 0.035743 
273 0.034461 
527 0.027708 
278 0.023509 
417 0.019173 
658 0.008400 
1324 0.005841 
2029 0.004745 
1840 0.004052 
526 0.003045 
98 -0.010382 
976 -0.011685 
770 -0.015651 
1279 -0.015759 
877 -0.016923 
1810 -0.018557 
778 -0.018627 
438 -0.018792 
253 -0.020537 
25 -0.024525 
1802 -0.031606 
435 -0.033080 
323 -0.033470 
151 -0.034072 
1400 -0.034885 
362 -0.037448 
920 -0.040457 
467 -0.044153 
388 -0.046092 
1675 -0.066285 
563 -0.067698 
242 -0.068346 
213 -0.069616 
2010 -0.069825 
1789 -0.073744 
2108 -0.074634 
780 -0.077793 
691 -0.081100 
1795 -0.083250 
1644 -0.084688 
1006 -0.084812 
1493 -0.085681 
1669 -0.086376 
346 -0.098362 
593 -0.105703 
2066 -0.105931 
1105 -0.109016 
1048 -0.109364 
71 -0.109585 
960 -0.119860 
851 -0.120966 
504 -0.121043 
439 -0.123279 
2116 -0.130434 
1223 -0.135779 
8 -0.136410 
152 -0.139308 
1652 -0.140883 
1999 -0.143732 
333 -0.151734 
1364 -0.154634 
604 -0.155266 
270 -0.155367 
811 -0.157411 
150 -0.174123 
235 -0.174460 
225 -0.174494 
1411 -0.174573 
1359 -0.187588 
1663 -0.187741 
2015 -0.188930 
284 -0.190192 
895 -0.191625 
2009 -0.193611 
1461 -0.197810 
365 -0.200953 
872 -0.205826 
1103 -0.206942 
1353 -0.207739 
145 -0.210247 
174 -0.234152 
1112 -0.241120 
666 -0.244118 
1735 -0.255686 
779 -0.257942 
1472 -0.271886 
1560 -0.275247 
1576 -0.276434 
1119 -0.277821 
612 -0.279849 
735 -0.280065 
1111 -0.281120 
1204 -0.283298 
1604 -0.287986 
917 -0.291380 
1405 -0.293032 
955 -0.309873 
1467 -0.314453 
292 -0.316508 
637 -0.318893 
749 -0.327133 
1781 -0.331527 
1071 -0.331608 
930 -0.337070 
244 -0.338780 
1140 -0.342255 
897 -0.346005 
1248 -0.354068 
1819 -0.355855 
348 -0.362169 
992 -0.362487 
772 -0.368826 
293 -0.369278 
1 -0.379826 
1212 -0.381804 
2 -0.383487 
1340 -0.383492 
2100 -0.386392 
1264 -0.387962 
764 -0.398659 
216 -0.401943 
1784 -0.403145 
1544 -0.410968 
211 -0.417054 
432 -0.418979 
1567 -0.419058 
181 -0.422646 
1603 -0.424149 
1737 -0.426842 
1590 -0.427062 
2075 -0.442644 
176 -0.444703 
296 -0.446298 
1183 -0.458058 
1537 -0.459685 
18 -0.467588 
681 -0.468257 
1488 -0.468776 
1193 -0.477749 
1691 -0.486487 
757 -0.489194 
291 -0.490323 
512 -0.493828 
1097 -0.496897 
651 -0.498155 
1389 -0.499225 
1126 -0.501608 
1947 -0.503792 
1319 -0.505929 
1455 -0.507546 
1639 -0.511952 
886 -0.515027 
852 -0.516042 
1845 -0.516897 
829 -0.541592 
1940 -0.548893 
469 -0.567841 
1635 -0.572609 
656 -0.578548 
771 -0.582572 
491 -0.582993 
113 -0.586502 
1830 -0.589112 
1505 -0.591237 
728 -0.591426 
1685 -0.593326 
334 -0.593445 
532 -0.593848 
1134 -0.600218 
1215 -0.604073 
1397 -0.620231 
1197 -0.620989 
1986 -0.625292 
1094 -0.632214 
1449 -0.633619 
657 -0.634245 
865 -0.643537 
2114 -0.643813 
1121 -0.653518 
2046 -0.655417 
48 -0.662468 
189 -0.669222 
529 -0.670631 
309 -0.671931 
220 -0.678114 
1089 -0.681406 
541 -0.683017 
37 -0.683027 
1605 -0.684803 
90 -0.692641 
1365 -0.696787 
1415 -0.697063 
1372 -0.698269 
500 -0.699675 
12 -0.699838 
1506 -0.701072 
1593 -0.705424 
383 -0.710571 
427 -0.714723 
1028 -0.717583 
332 -0.718673 
1747 -0.720163 
773 -0.720807 
1697 -0.732709 
685 -0.737232 
975 -0.742672 
1992 -0.742832 
810 -0.743062 
1080 -0.743202 
236 -0.748651 
2131 -0.750253 
1615 -0.753380 
224 -0.758124 
1859 -0.761751 
1307 -0.761776 
2072 -0.768787 
1552 -0.771612 
1888 -0.773078 
944 -0.773374 
881 -0.777409 
1025 -0.779341 
102 -0.783139 
2115 -0.783597 
1527 -0.784244 
794 -0.785706 
1711 -0.786078 
1421 -0.792432 
843 -0.794549 
1086 -0.795960 
422 -0.808656 
1412 -0.811097 
409 -0.812066 
715 -0.813493 
1666 -0.813695 
1833 -0.818359 
2037 -0.818421 
1358 -0.819902 
1473 -0.821395 
919 -0.823289 
2008 -0.823452 
1559 -0.823879 
175 -0.824594 
1330 -0.830383 
1095 -0.835402 
696 -0.835741 
322 -0.835914 
2130 -0.840174 
664 -0.844165 
2120 -0.846372 
38 -0.848101 
1489 -0.853851 
488 -0.858003 
1867 -0.870056 
513 -0.870188 
2014 -0.873173 
1653 -0.875632 
2003 -0.881430 
1148 -0.882327 
354 -0.886203 
1110 -0.888477 
890 -0.888731 
243 -0.899748 
166 -0.901310 
1748 -0.911095 
1381 -0.911626 
1829 -0.913402 
841 -0.914803 
1436 -0.915946 
1610 -0.916392 
638 -0.923133 
1575 -0.928201 
940 -0.929237 
1231 -0.931798 
129 -0.932370 
1930 -0.935931 
627 -0.938770 
1053 -0.943939 
1581 -0.944198 
2063 -0.944322 
103 -0.946280 
398 -0.948619 
477 -0.949981 
607 -0.950872 
251 -0.951665 
707 -0.953299 
1991 -0.953311 
1426 -0.956043 
1749 -0.956609 
1701 -0.957931 
972 -0.963292 
1839 -0.967929 
748 -0.967943 
624 -0.969172 
1602 -0.970453 
665 -0.971391 
31 -0.973378 
1759 -0.973424 
1598 -0.975017 
1383 -0.975764 
1959 -0.979776 
2107 -0.981569 
1075 -0.987270 
23 -0.989202 
163 -0.992274 
1734 -0.994868 
1321 -0.998433 
1974 -1.006698 
742 -1.008778 
1887 -1.011072 
1712 -1.011913 
1334 -1.014236 
761 -1.014544 
390 -1.018913 
51 -1.019893 
2074 -1.022995 
1960 -1.026338 
1510 -1.036305 
1921 -1.040704 
1835 -1.043859 
1093 -1.045207 
557 -1.046296 
1818 -1.047179 
1614 -1.049451 
1713 -1.049760 
1543 -1.049876 
989 -1.055677 
1647 -1.059006 
59 -1.059056 
1938 -1.059287 
1173 -1.062060 
1993 -1.068360 
873 -1.071664 
1852 -1.074414 
503 -1.077160 
1954 -1.078278 
574 -1.080551 
203 -1.081140 
926 -1.082766 
74 -1.086921 
1630 -1.087485 
1657 -1.088022 
672 -1.094016 
1039 -1.095834 
1045 -1.096580 
913 -1.099734 
858 -1.101173 
1983 -1.101236 
1636 -1.104272 
87 -1.106452 
894 -1.108280 
675 -1.111933 
1555 -1.114366 
908 -1.114720 
1716 -1.117778 
517 -1.118138 
825 -1.118220 
1681 -1.120615 
692 -1.122893 
184 -1.123509 
1913 -1.133478 
762 -1.134015 
959 -1.136371 
331 -1.136544 
746 -1.137676 
1961 -1.141515 
30 -1.141765 
1780 -1.142310 
634 -1.145344 
1442 -1.147052 
645 -1.150112 
1507 -1.152645 
352 -1.154176 
1788 -1.154253 
1778 -1.163471 
1706 -1.163628 
2112 -1.163661 
318 -1.163879 
1876 -1.166694 
39 -1.168237 
1429 -1.170173 
1629 -1.171515 
2085 -1.174003 
1968 -1.176248 
468 -1.176491 
1966 -1.177454 
1620 -1.177691 
703 -1.180114 
1760 -1.180672 
1621 -1.181391 
260 -1.181871 
847 -1.181952 
1721 -1.183419 
1967 -1.186307 
2032 -1.186381 
1106 -1.191895 
1294 -1.192976 
2125 -1.194148 
1068 -1.194645 
708 -1.194720 
1019 -1.200097 
2055 -1.201143 
1982 -1.202764 
2077 -1.203014 
2086 -1.205192 
1916 -1.205585 
2092 -1.208065 
2024 -1.208676 
2071 -1.209957 
371 -1.209979 
2081 -1.210481 
134 -1.210911 
1009 -1.211501 
1161 -1.212686 
1851 -1.219067 
402 -1.223900 
706 -1.225191 
1056 -1.225881 
2091 -1.229447 
846 -1.234176 
1265 -1.234222 
1427 -1.234504 
1794 -1.234826 
1860 -1.235274 
905 -1.235810 
41 -1.237798 
943 -1.238334 
1844 -1.239156 
684 -1.241054 
1772 -1.241936 
153 -1.243250 
363 -1.245656 
721 -1.246392 
842 -1.246902 
1586 -1.247875 
1809 -1.248175 
380 -1.248750 
2021 -1.251811 
1184 -1.255472 
1746 -1.258760 
788 -1.260300 
1758 -1.266697 
716 -1.267042 
421 -1.268123 
1599 -1.269535 
1616 -1.269655 
1136 -1.270999 
907 -1.271617 
901 -1.272437 
2062 -1.276578 
956 -1.277384 
1761 -1.280844 
1754 -1.281924 
1929 -1.285039 
1765 -1.285975 
117 -1.287524 
1868 -1.287942 
1896 -1.291507 
1466 -1.293574 
1753 -1.300919 
1920 -1.301284 
1717 -1.302726 
1872 -1.302811 
1764 -1.304880 
2101 -1.306205 
317 -1.308207 
1702 -1.309372 
337 -1.311050 
635 -1.312026 
1139 -1.312325 
1280 -1.313639 
1628 -1.313801 
885 -1.315126 
1725 -1.315735 
85 -1.317533 
1406 -1.318525 
2007 -1.318980 
2076 -1.320848 
1060 -1.320907 
1935 -1.325336 
229 -1.326643 
2054 -1.329391 
430 -1.329870 
1908 -1.331181 
1626 -1.332785 
1587 -1.332899 
1902 -1.334844 
290 -1.335102 
1072 -1.335439 
370 -1.341092 
1728 -1.341225 
1939 -1.342709 
1827 -1.343785 
1674 -1.345997 
734 -1.348159 
1953 -1.353355 
1924 -1.355623 
72 -1.358605 
763 -1.359044 
745 -1.361308 
1806 -1.361369 
4 -1.362390 
1987 -1.362539 
104 -1.364475 
1978 -1.366900 
1568 -1.366989 
1373 -1.367842 
1958 -1.368883 
1775 -1.372407 
1730 -1.372607 
1905 -1.374068 
1903 -1.375216 
1454 -1.376967 
1062 -1.378654 
101 -1.379924 
1906 -1.380561 
695 -1.381514 
418 -1.384381 
719 -1.389383 
135 -1.392276 
1909 -1.392406 
1814 -1.394220 
806 -1.396401 
262 -1.397693 
1625 -1.401830 
1977 -1.404106 
1783 -1.404640 
1477 -1.404725 
1892 -1.408242 
1096 -1.413716 
1897 -1.415742 
32 -1.416262 
1341 -1.416866 
1910 -1.417150 
1880 -1.419864 
1390 -1.419868 
2017 -1.421374 
303 -1.421798 
1645 -1.423380 
874 -1.423962 
853 -1.424995 
118 -1.425727 
1410 -1.427397 
1619 -1.431205 
1815 -1.431830 
1843 -1.432197 
1893 -1.432947 
1955 -1.434132 
1934 -1.436428 
1917 -1.437709 
1684 -1.439713 
1585 -1.440334 
116 -1.442547 
1824 -1.443119 
1771 -1.443172 
1574 -1.444733 
1122 -1.445800 
424 -1.445981 
201 -1.446373 
307 -1.446512 
1881 -1.446729 
1742 -1.449998 
1907 -1.450704 
1807 -1.453232 
1393 -1.453376 
547 -1.454190 
1805 -1.454760 
1990 -1.455529 
2035 -1.456060 
1558 -1.457210 
1863 -1.458481 
62 -1.461600 
1394 -1.461957 
1861 -1.462268 
149 -1.463131 
308 -1.467286 
1741 -1.467916 
777 -1.470765 
1770 -1.472159 
1714 -1.475298 
1975 -1.476431 
2106 -1.478696 
848 -1.480973 
305 -1.482548 
1474 -1.482583 
1912 -1.489469 
1971 -1.491907 
1738 -1.492653 
1690 -1.493432 
1901 -1.494858 
1812 -1.495796 
1611 -1.497000 
747 -1.498194 
1850 -1.499310 
2025 -1.502264 
1740 -1.503695 
1925 -1.503941 
2094 -1.504868 
252 -1.506863 
1767 -1.507434 
643 -1.508602 
1933 -1.515754 
1874 -1.516497 
2027 -1.518249 
347 -1.519221 
1858 -1.519267 
1377 -1.520309 
2084 -1.520798 
1554 -1.522366 
1109 -1.523394 
1923 -1.524134 
1729 -1.524584 
1125 -1.525216 
1799 -1.525865 
146 -1.526495 
1542 -1.526709 
209 -1.527192 
2105 -1.529466 
1826 -1.530698 
1670 -1.530906 
1437 -1.531136 
1007 -1.538608 
1769 -1.541311 
17 -1.541686 
1869 -1.542260 
1882 -1.547776 
1686 -1.549396 
2041 -1.549425 
1569 -1.550734 
929 -1.552402 
1357 -1.555381 
1703 -1.556546 
136 -1.556666 
791 -1.556815 
2053 -1.557192 
1895 -1.557402 
1915 -1.557591 
1047 -1.558548 
1875 -1.559697 
1570 -1.562189 
1524 -1.562702 
1037 -1.564481 
2042 -1.564728 
1399 -1.568046 
1973 -1.568466 
1813 -1.569463 
1969 -1.571785 
272 -1.572444 
1927 -1.572914 
1928 -1.574047 
718 -1.574141 
1779 -1.574184 
1873 -1.574285 
1120 -1.579666 
2033 -1.579997 
1976 -1.580721 
1571 -1.582807 
1743 -1.584649 
2013 -1.586310 
1526 -1.587042 
1774 -1.587500 
1462 -1.589300 
1801 -1.589319 
1864 -1.591410 
1776 -1.591506 
1926 -1.591717 
1871 -1.592571 
99 -1.594135 
1870 -1.594690 
1804 -1.595789 
1752 -1.596290 
1853 -1.596299 
1890 -1.598521 
1331 -1.599211 
1979 -1.599383 
1855 -1.599871 
1899 -1.600519 
1540 -1.602276 
1750 -1.607127 
133 -1.607557 
514 -1.608223 
705 -1.609583 
1865 -1.611221 
1798 -1.611960 
694 -1.617495 
1918 -1.617887 
1323 -1.619286 
1194 -1.623998 
2095 -1.624600 
1970 -1.629714 
1879 -1.632108 
1627 -1.635930 
304 -1.638254 
1825 -1.638414 
1608 -1.639770 
731 -1.640372 
1894 -1.641529 
2083 -1.641860 
850 -1.642591 
1078 -1.644600 
1848 -1.645636 
1994 -1.649031 
501 -1.652579 
1965 -1.656170 
1573 -1.658229 
845 -1.661270 
1622 -1.661369 
1375 -1.662644 
789 -1.663174 
632 -1.663479 
2121 -1.666153 
1213 -1.666243 
114 -1.667261 
364 -1.667828 
1483 -1.671641 
1354 -1.674250 
720 -1.674383 
2026 -1.676090 
941 -1.676389 
1787 -1.678362 
1439 -1.678951 
1932 -1.679694 
1617 -1.679729 
277 -1.680969 
592 -1.681371 
1849 -1.681403 
1768 -1.681457 
60 -1.683448 
1425 -1.683812 
1989 -1.686638 
1956 -1.687335 
1777 -1.688005 
2043 -1.689581 
194 -1.692881 
1822 -1.694078 
1409 -1.694431 
774 -1.695096 
1438 -1.695441 
1854 -1.696131 
1618 -1.697409 
809 -1.698965 
271 -1.699805 
2061 -1.702114 
546 -1.703640 
1891 -1.704164 
1138 -1.704512 
1018 -1.705274 
1762 -1.705722 
1828 -1.706874 
1757 -1.707232 
1981 -1.710051 
1823 -1.713181 
1055 -1.714981 
1613 -1.714996 
2056 -1.715845 
1878 -1.717352 
2093 -1.718384 
1919 -1.720447 
1582 -1.721216 
1249 -1.724049 
790 -1.726784 
120 -1.726985 
1731 -1.727938 
195 -1.728595 
1596 -1.729780 
1589 -1.730423 
1898 -1.730784 
1718 -1.733485 
1185 -1.733882 
1846 -1.735657 
24 -1.736558 
1719 -1.737293 
1492 -1.738506 
1883 -1.738696 
1090 -1.740415 
1904 -1.741145 
1104 -1.742103 
1665 -1.743402 
479 -1.747572 
1484 -1.747753 
1733 -1.749349 
11 -1.753906 
1914 -1.758757 
2034 -1.759901 
1624 -1.760449 
866 -1.762532 
1957 -1.762589 
1884 -1.765973 
1773 -1.766315 
1654 -1.766326 
29 -1.767198 
423 -1.767476 
321 -1.767966 
1745 -1.768010 
1688 -1.769863 
639 -1.772860 
729 -1.773196 
1766 -1.776640 
1857 -1.780741 
1557 -1.781912 
7 -1.782054 
991 -1.785368 
758 -1.787329 
674 -1.788727 
2052 -1.792174 
389 -1.792769 
717 -1.793015 
1877 -1.793482 
2070 -1.794951 
1936 -1.795639 
1963 -1.798296 
316 -1.798324 
428 -1.800523 
1594 -1.801633 
1841 -1.802770 
1821 -1.802876 
2129 -1.803061 
855 -1.807438 
1683 -1.811620 
306 -1.813372 
1556 -1.814648 
1422 -1.817840 
1763 -1.824723 
914 -1.825669 
1523 -1.828198 
319 -1.828335 
1450 -1.829356 
882 -1.830691 
893 -1.831096 
1755 -1.832961 
1988 -1.837030 
1698 -1.838190 
1541 -1.842040 
49 -1.842173 
1074 -1.845634 
2102 -1.848114 
426 -1.848394 
434 -1.848507 
626 -1.853096 
1911 -1.853524 
1601 -1.853727 
1638 -1.855396 
1862 -1.857486 
957 -1.857969 
1606 -1.858087 
1866 -1.858977 
1962 -1.860036 
902 -1.860450 
1597 -1.861415 
1584 -1.861864 
1985 -1.866755 
230 -1.866996 
1856 -1.867068 
2051 -1.869114 
2019 -1.869527 
1832 -1.871340 
1937 -1.871699 
1441 -1.872726 
649 -1.874267 
119 -1.881148 
682 -1.882253 
1609 -1.886730 
1673 -1.887326 
1900 -1.887602 
1972 -1.887759 
633 -1.891307 
730 -1.893112 
1453 -1.895269 
1087 -1.895746 
1964 -1.896663 
425 -1.898460 
693 -1.903744 
958 -1.905214 
2045 -1.908809 
1689 -1.909745 
644 -1.909890 
1838 -1.912158 
1984 -1.913507 
2060 -1.914261 
1623 -1.916912 
1793 -1.919462 
1705 -1.922176 
165 -1.923757 
826 -1.923845 
1509 -1.924554 
1465 -1.928313 
1452 -1.932244 
182 -1.937611 
420 -1.938235 
1889 -1.939290 
382 -1.939966 
2018 -1.940504 
854 -1.940589 
1797 -1.944348 
2065 -1.945060 
1073 -1.947584 
1424 -1.947908 
1196 -1.952536 
22 -1.952987 
294 -1.954329 
732 -1.954962 
1817 -1.955276 
844 -1.956119 
400 -1.959592 
282 -1.962308 
1525 -1.967511 
1980 -1.968753 
1027 -1.976043 
1922 -1.979020 
1464 -1.985276 
1842 -1.985824 
1756 -1.986589 
1374 -1.987101 
1232 -1.990546 
793 -1.992916 
1333 -1.999013 
302 -2.000722 
973 -2.005338 
1572 -2.011737 
744 -2.012455 
1727 -2.012970 
1700 -2.016500 
1413 -2.016516 
130 -2.020596 
132 -2.028139 
1744 -2.029794 
1490 -2.030417 
2104 -2.035956 
190 -2.044112 
2103 -2.046653 
1931 -2.046688 
704 -2.049942 
429 -2.054418 
1408 -2.059169 
490 -2.060455 
1834 -2.061967 
1816 -2.062168 
171 -2.062858 
530 -2.065320 
1672 -2.066784 
861 -2.074677 
183 -2.076636 
892 -2.083194 
828 -2.085233 
1174 -2.088106 
974 -2.089198 
381 -2.090935 
1704 -2.097342 
827 -2.098690 
1726 -2.098747 
401 -2.102892 
673 -2.105824 
1135 -2.106451 
1054 -2.107028 
625 -2.110548 
1137 -2.111459 
489 -2.112984 
283 -2.118620 
131 -2.123543 
860 -2.127057 
399 -2.130630 
903 -2.130907 
915 -2.136238 
942 -2.143876 
1847 -2.144455 
1332 -2.148832 
1026 -2.153345 
531 -2.157249 
1123 -2.159064 
1792 -2.164932 
733 -2.168609 
611 -2.168751 
61 -2.171333 
1682 -2.173802 
1952 -2.176431 
605 -2.177093 
1414 -2.177553 
2128 -2.180415 
2028 -2.180639 
164 -2.181321 
1491 -2.186391 
1715 -2.188284 
1600 -2.191561 
1837 -2.192790 
1440 -2.193075 
1392 -2.193131 
1451 -2.210413 
2069 -2.216842 
1376 -2.227401 
40 -2.244639 
606 -2.244935 
1612 -2.251681 
849 -2.251757 
50 -2.253927 
792 -2.254123 
1995 -2.256077 
1687 -2.257444 
1637 -2.275687 
1428 -2.280948 
683 -2.292254 
1107 -2.299955 
1195 -2.302763 
516 -2.309252 
927 -2.310818 
1699 -2.312981 
2122 -2.317847 
502 -2.320173 
105 -2.322239 
807 -2.327611 
419 -2.328656 
1508 -2.331401 
990 -2.332646 
289 -2.335918 
1732 -2.343035 
478 -2.344195 
1751 -2.349625 
1664 -2.351373 
883 -2.358023 
1831 -2.361101 
1046 -2.370576 
320 -2.371220 
2044 -2.377033 
2036 -2.384497 
1423 -2.384575 
295 -2.385252 
1885 -2.397065 
636 -2.398731 
896 -2.398909 
1800 -2.405407 
1583 -2.412087 
867 -2.412483 
147 -2.422084 
775 -2.424222 
1061 -2.424949 
1595 -2.430289 
1553 -2.431671 
1162 -2.431882 
1655 -2.441252 
875 -2.445634 
2064 -2.449852 
928 -2.454209 
1355 -2.456429 
891 -2.465959 
433 -2.466082 
759 -2.466770 
1214 -2.468024 
1607 -2.471083 
1322 -2.471825 
760 -2.476523 
16 -2.484407 
1671 -2.485139 
261 -2.487148 
808 -2.491002 
1069 -2.501698 
1038 -2.503588 
650 -2.504605 
1008 -2.506713 
1786 -2.508301 
115 -2.512082 
202 -2.516326 
904 -2.517654 
1463 -2.517938 
336 -2.518431 
640 -2.526330 
743 -2.531281 
1588 -2.535728 
1091 -2.539307 
1108 -2.540498 
353 -2.555514 
1656 -2.568956 
1382 -2.571450 
515 -2.577387 
2002 -2.580063 
2012 -2.591343 
1485 -2.596001 
1782 -2.613539 
1079 -2.632784 
916 -2.636533 
100 -2.637580 
1475 -2.640486 
1720 -2.645025 
1407 -2.664782 
1808 -2.672920 
1398 -2.677030 
73 -2.682395 
1646 -2.685545 
1476 -2.687337 
86 -2.692574 
2073 -2.694712 
1356 -2.697868 
2113 -2.704097 
1391 -2.705661 
210 -2.721450 
1124 -2.734934 
776 -2.739621 
148 -2.770839 
859 -2.814009 
1092 -2.827563 
884 -2.828283 
1739 -2.834759 
1791 -2.854386 
2006 -2.863772 
1536 -2.883388 
2020 -2.929036 
631 -2.940993 
335 -3.011075 
0 -3.012480 
91 -3.014702 
876 -3.024475 
1951 -3.027742 
1149 -3.074454 
868 -3.094522 
2011 -3.170548 
