39 1
0 2.899900 
1 -0.282479 
2 0.313167 
3 0.421005 
4 -0.683067 
5 -1.573003 
6 -0.883250 
7 -1.131144 
8 0.605306 
9 0.725219 
10 1.500182 
11 1.037744 
12 1.504417 
13 1.157071 
14 0.715440 
15 0.105283 
16 -0.540852 
17 0.782550 
18 -1.067764 
19 1.457292 
20 -1.683895 
21 0.712266 
22 0.559479 
23 0.804443 
24 -0.317954 
25 -1.254220 
26 0.626939 
27 -1.374999 
28 -0.285158 
29 -1.476377 
30 -0.883415 
31 -0.897422 
32 0.010623 
33 -1.374899 
34 1.086535 
35 -1.037331 
36 0.876975 
37 1.514046 
38 -1.134501 
