2132 1
1620 3.461760 
72 3.263344 
631 3.226256 
247 3.195365 
2123 3.152806 
220 3.134575 
2128 3.122677 
1567 3.121500 
1796 3.093687 
1252 3.071750 
1281 2.989050 
984 2.979612 
2073 2.955246 
1804 2.950103 
700 2.919348 
1712 2.916522 
846 2.891528 
8 2.886449 
728 2.873168 
1847 2.867345 
1812 2.863148 
2114 2.845987 
268 2.828801 
1132 2.809710 
807 2.786318 
1116 2.783753 
544 2.778642 
1387 2.778331 
60 2.778280 
1528 2.776941 
320 2.772051 
216 2.760882 
292 2.754250 
605 2.750172 
55 2.744182 
500 2.743191 
2056 2.733231 
1001 2.729328 
1268 2.727327 
1371 2.723352 
1166 2.719309 
1964 2.717156 
1185 2.708919 
808 2.705777 
854 2.703781 
204 2.702862 
1952 2.693823 
1064 2.690029 
633 2.687238 
1591 2.685008 
1443 2.677954 
1522 2.671209 
1195 2.666978 
560 2.659089 
883 2.658980 
712 2.657630 
892 2.641987 
624 2.628667 
2108 2.627256 
1204 2.626974 
1939 2.626118 
1235 2.625282 
1615 2.624375 
967 2.623019 
1420 2.619140 
1871 2.615837 
2044 2.614303 
1678 2.613375 
1863 2.611602 
1895 2.598216 
1749 2.591008 
1100 2.589453 
163 2.575086 
213 2.562844 
168 2.547049 
1572 2.543741 
1131 2.537117 
1468 2.521293 
1848 2.515291 
1603 2.501232 
1856 2.499555 
528 2.497703 
336 2.497461 
1079 2.494781 
372 2.484912 
1328 2.480454 
1403 2.474154 
302 2.472703 
874 2.471288 
49 2.470542 
1219 2.468451 
1723 2.456914 
1900 2.455676 
431 2.454227 
387 2.453446 
1372 2.447685 
248 2.445650 
1266 2.444407 
1609 2.439406 
576 2.431044 
1404 2.429288 
1864 2.426117 
940 2.420317 
1251 2.418793 
1980 2.411276 
91 2.410060 
239 2.409490 
1504 2.403701 
1695 2.399125 
1147 2.398363 
2069 2.395488 
1492 2.392281 
1140 2.389767 
1356 2.387201 
1544 2.382537 
1790 2.382053 
351 2.375225 
225 2.369081 
1177 2.363716 
1111 2.350640 
1855 2.348038 
828 2.345106 
2087 2.338334 
1988 2.334390 
1906 2.330437 
1899 2.327827 
1188 2.325122 
1126 2.324878 
726 2.315452 
850 2.312826 
1885 2.312513 
4 2.310359 
939 2.305640 
99 2.305508 
1141 2.303690 
1761 2.303051 
1842 2.296586 
0 2.295355 
1627 2.294991 
1884 2.294914 
1174 2.292479 
98 2.287917 
2065 2.286257 
2078 2.282944 
1444 2.280318 
84 2.280028 
1561 2.259696 
1432 2.253878 
968 2.252493 
1456 2.249718 
1178 2.247886 
1803 2.243963 
2024 2.240823 
1154 2.239051 
903 2.232483 
424 2.231566 
1539 2.229074 
1127 2.227731 
2079 2.225348 
45 2.216186 
1430 2.215060 
1354 2.213060 
1608 2.200417 
224 2.199086 
280 2.196761 
1357 2.183341 
1962 2.165261 
1944 2.162290 
1431 2.155856 
902 2.153479 
1951 2.152122 
85 2.148965 
1696 2.146613 
1597 2.146071 
2051 2.141966 
2060 2.141629 
1560 2.141577 
235 2.141500 
1948 2.137452 
1508 2.136219 
407 2.134042 
277 2.127194 
147 2.124462 
373 2.122320 
115 2.121525 
914 2.120780 
983 2.120310 
367 2.117494 
1146 2.115085 
1891 2.114364 
103 2.113401 
1737 2.105100 
1963 2.102940 
1388 2.102545 
1584 2.097816 
50 2.096827 
1821 2.095990 
741 2.095912 
1626 2.094725 
527 2.093911 
790 2.084672 
1577 2.084630 
1596 2.084276 
1585 2.079292 
230 2.078278 
1802 2.075610 
1989 2.071925 
2117 2.070746 
867 2.066386 
1942 2.064058 
1078 2.059225 
1161 2.059211 
1694 2.052740 
2033 2.052268 
1710 2.047836 
1389 2.045186 
350 2.042609 
1545 2.040719 
427 2.039523 
1189 2.037607 
2034 2.037509 
406 2.033649 
2025 2.032635 
257 2.030787 
1913 2.023093 
240 2.019368 
335 2.016179 
2070 2.014755 
303 2.014597 
1854 2.014510 
2088 2.008027 
169 2.005025 
1760 2.004534 
1929 2.004488 
185 2.003765 
543 2.002317 
1590 1.999811 
938 1.995590 
2064 1.994697 
1882 1.987485 
1941 1.983314 
941 1.982466 
1826 1.982448 
1218 1.979154 
1221 1.972559 
827 1.968500 
926 1.966371 
2105 1.964717 
1095 1.964157 
1536 1.963939 
2095 1.963864 
577 1.962831 
951 1.960350 
757 1.959122 
289 1.956397 
1173 1.951540 
211 1.950839 
2098 1.949853 
236 1.948946 
1433 1.948257 
927 1.947489 
183 1.946630 
306 1.945858 
2043 1.944090 
1490 1.943498 
826 1.941131 
1317 1.939536 
841 1.937510 
2103 1.934845 
408 1.933759 
1972 1.932508 
2094 1.925445 
182 1.925103 
636 1.925013 
928 1.922897 
1724 1.920680 
1507 1.919373 
2106 1.917663 
1571 1.917168 
1457 1.917101 
119 1.915920 
529 1.915190 
1236 1.914052 
428 1.912285 
559 1.911969 
386 1.910275 
203 1.909915 
1469 1.908874 
114 1.905748 
130 1.905167 
1795 1.903830 
1583 1.902856 
727 1.902208 
184 1.900142 
1736 1.898100 
1540 1.897168 
488 1.896685 
1509 1.896095 
713 1.895246 
1063 1.895088 
78 1.894025 
1480 1.894009 
36 1.891865 
1220 1.889831 
1711 1.879880 
893 1.879822 
334 1.877563 
1373 1.872925 
1556 1.866348 
409 1.863059 
1199 1.862018 
604 1.861193 
392 1.860563 
2061 1.856148 
90 1.854491 
1419 1.853326 
1250 1.853150 
1872 1.849230 
219 1.848477 
353 1.848075 
1604 1.847211 
1421 1.843576 
1849 1.842708 
256 1.842497 
1455 1.839472 
773 1.839043 
1503 1.836417 
1477 1.836089 
855 1.831147 
513 1.826227 
1862 1.824433 
1956 1.822648 
146 1.822619 
1810 1.820445 
849 1.820418 
1082 1.820172 
2057 1.819471 
1445 1.815355 
1819 1.814023 
1402 1.813944 
148 1.812285 
729 1.811930 
205 1.810965 
1630 1.807462 
1553 1.805465 
1883 1.805127 
1576 1.804953 
1159 1.801672 
356 1.801104 
809 1.798914 
1418 1.797576 
756 1.797492 
840 1.796786 
1947 1.796708 
1957 1.796659 
1358 1.795762 
1370 1.795532 
1920 1.793129 
1552 1.787666 
774 1.786730 
514 1.786491 
352 1.783511 
875 1.783212 
267 1.783155 
1595 1.782607 
1316 1.781170 
632 1.779575 
1771 1.777946 
1555 1.777399 
1843 1.776077 
120 1.774587 
1405 1.773776 
1628 1.769827 
304 1.768793 
1065 1.768763 
201 1.766894 
1201 1.760256 
1969 1.760243 
1295 1.755091 
561 1.753664 
1112 1.753463 
249 1.751980 
319 1.749552 
1629 1.747233 
105 1.739024 
1525 1.737311 
305 1.733982 
1725 1.732439 
501 1.731633 
953 1.730612 
1827 1.730402 
421 1.728752 
1573 1.726840 
131 1.726752 
134 1.726579 
234 1.726398 
1817 1.725749 
1523 1.725535 
1267 1.724481 
1465 1.723871 
1491 1.721693 
1386 1.720425 
845 1.717632 
1160 1.716499 
290 1.714520 
1619 1.713715 
1605 1.711507 
1557 1.710557 
1953 1.709685 
952 1.708975 
956 1.706964 
278 1.706285 
1977 1.701109 
913 1.700303 
2066 1.696738 
1308 1.696561 
1467 1.693498 
369 1.693372 
1582 1.692460 
2089 1.691210 
789 1.690591 
1617 1.687292 
291 1.686902 
337 1.685268 
166 1.685233 
1002 1.682642 
1881 1.681557 
1811 1.680957 
1098 1.678735 
266 1.677910 
1466 1.673381 
1282 1.673228 
71 1.671503 
242 1.665347 
625 1.664961 
1921 1.662719 
1222 1.662374 
806 1.662146 
212 1.661169 
229 1.659066 
390 1.657793 
241 1.653458 
1478 1.652943 
1873 1.651638 
61 1.650556 
866 1.650030 
1568 1.648918 
2118 1.647692 
66 1.646599 
1271 1.644112 
2045 1.642913 
1115 1.640430 
792 1.637673 
1442 1.635974 
1592 1.634997 
2054 1.633647 
1526 1.632772 
1081 1.632544 
820 1.631663 
135 1.630329 
2086 1.629868 
1099 1.627160 
117 1.625517 
1117 1.625412 
699 1.624336 
1153 1.623363 
5 1.623034 
7 1.622692 
623 1.621810 
388 1.621565 
1581 1.621426 
1820 1.620494 
165 1.620164 
1353 1.619946 
2102 1.619492 
1339 1.618561 
512 1.618225 
389 1.618054 
1616 1.617215 
1818 1.617172 
279 1.617080 
1476 1.615450 
2099 1.614072 
1329 1.612862 
1905 1.612112 
772 1.611543 
162 1.606307 
104 1.603814 
853 1.603468 
2052 1.602709 
1000 1.602582 
1331 1.600137 
258 1.599079 
1202 1.597422 
133 1.594561 
164 1.592980 
321 1.592718 
969 1.589378 
1234 1.588255 
758 1.587451 
1128 1.584833 
1750 1.584314 
1958 1.584132 
102 1.583282 
1239 1.583106 
2085 1.582940 
1748 1.578016 
1970 1.576733 
1062 1.574869 
2055 1.574766 
1113 1.573242 
371 1.573037 
150 1.572000 
740 1.569167 
1566 1.567585 
904 1.567228 
1541 1.565027 
317 1.562660 
1865 1.560638 
1097 1.560453 
1825 1.560447 
843 1.560348 
2100 1.555593 
368 1.553629 
149 1.553509 
711 1.553011 
422 1.548154 
129 1.547935 
1837 1.546479 
2053 1.542160 
181 1.541472 
318 1.537681 
1240 1.537475 
1809 1.534369 
1415 1.531178 
1938 1.531090 
1454 1.531054 
966 1.530610 
410 1.529370 
423 1.525452 
1930 1.525282 
1237 1.523784 
2026 1.523269 
436 1.521744 
316 1.519425 
1200 1.519161 
985 1.518913 
755 1.516860 
1524 1.516633 
1320 1.510042 
742 1.508506 
1593 1.507750 
2107 1.507494 
215 1.507055 
1165 1.504795 
688 1.504377 
1238 1.503560 
1990 1.502061 
1184 1.501935 
231 1.498547 
202 1.497731 
1911 1.496802 
1061 1.496241 
1813 1.495698 
145 1.495228 
1822 1.495021 
882 1.494387 
915 1.493990 
1080 1.493709 
1857 1.493394 
1527 1.492157 
1912 1.488768 
1542 1.487013 
2090 1.486053 
1607 1.484239 
1558 1.482934 
1738 1.481736 
1489 1.480465 
1578 1.480261 
118 1.480173 
101 1.478832 
1874 1.477736 
1096 1.476457 
152 1.475017 
2042 1.474564 
1726 1.471812 
1205 1.469903 
1838 1.469095 
545 1.465555 
1148 1.465490 
186 1.465275 
2093 1.462320 
2097 1.462147 
1114 1.459485 
354 1.459480 
1152 1.459057 
955 1.459048 
2109 1.458679 
1919 1.455723 
233 1.453731 
1971 1.452661 
1979 1.451554 
1551 1.449671 
1355 1.447563 
825 1.444745 
100 1.440823 
1978 1.438714 
954 1.438242 
1894 1.435562 
1083 1.431118 
333 1.429072 
578 1.428167 
970 1.426117 
1618 1.420930 
1594 1.419527 
1943 1.418180 
1722 1.418177 
1417 1.415511 
487 1.413685 
391 1.413015 
269 1.410911 
132 1.405573 
1 1.403815 
1965 1.401526 
1543 1.398666 
1203 1.397971 
1570 1.396291 
1829 1.393374 
54 1.392389 
1453 1.390629 
1510 1.388289 
370 1.387874 
701 1.386977 
1713 1.384823 
791 1.378105 
73 1.377194 
1945 1.375790 
925 1.373957 
1579 1.372813 
891 1.372132 
639 1.365821 
1194 1.364676 
1754 1.353032 
1031 1.351785 
425 1.350238 
1586 1.350056 
1727 1.349948 
1828 1.347693 
1506 1.346093 
2081 1.341006 
771 1.334709 
1446 1.334429 
1606 1.333676 
113 1.331146 
293 1.330069 
1875 1.329786 
2 1.328532 
1807 1.327695 
542 1.325413 
1390 1.324314 
1060 1.315529 
635 1.315051 
1133 1.314771 
1709 1.312013 
1866 1.309690 
2101 1.301341 
116 1.297864 
499 1.284895 
744 1.284802 
1167 1.283275 
1521 1.281337 
1808 1.281105 
1625 1.276672 
628 1.273424 
743 1.270032 
2115 1.269931 
167 1.269108 
136 1.266212 
151 1.266183 
2091 1.265886 
232 1.262273 
839 1.260589 
1824 1.255560 
725 1.254080 
1562 1.251535 
1949 1.250678 
1012 1.249540 
1374 1.247926 
1458 1.247323 
1850 1.246324 
1631 1.245645 
1130 1.245581 
1488 1.243825 
97 1.242773 
2104 1.240650 
1434 1.238155 
1479 1.237494 
2035 1.233916 
596 1.233710 
1187 1.232540 
1253 1.227609 
1538 1.227570 
250 1.225240 
971 1.219809 
228 1.218319 
59 1.217700 
1569 1.214782 
1416 1.209540 
223 1.208301 
9 1.206672 
1162 1.205656 
1217 1.200852 
405 1.200416 
2017 1.198723 
355 1.195827 
1529 1.192300 
937 1.189196 
86 1.187157 
1129 1.186024 
1101 1.180207 
1575 1.179761 
1559 1.179060 
2092 1.175816 
1741 1.173942 
2032 1.167514 
2096 1.162808 
1679 1.161008 
2062 1.158230 
237 1.157413 
1841 1.157384 
1614 1.156143 
1429 1.152957 
1401 1.152645 
77 1.148759 
884 1.145554 
243 1.141339 
775 1.138701 
1742 1.130555 
1816 1.127466 
1406 1.126979 
1739 1.124312 
1256 1.115517 
1369 1.114340 
128 1.113588 
901 1.113306 
1385 1.107301 
331 1.100329 
200 1.091586 
1352 1.089677 
860 1.087944 
2063 1.087457 
2074 1.087196 
432 1.087077 
842 1.075948 
714 1.074934 
374 1.074903 
1598 1.073736 
1155 1.067460 
1059 1.062749 
859 1.062078 
1172 1.061256 
788 1.057222 
515 1.055287 
349 1.052753 
595 1.047671 
112 1.045261 
1844 1.042027 
1823 1.039758 
982 1.037993 
3 1.037611 
338 1.035718 
2080 1.033365 
1554 1.027688 
1233 1.020622 
2018 1.020518 
1801 1.020299 
1255 1.019196 
759 1.016499 
89 1.015558 
1830 1.009138 
1338 1.004418 
739 1.003893 
1815 0.993327 
1296 0.992185 
987 0.988981 
476 0.987952 
1580 0.987751 
698 0.984433 
339 0.973944 
1981 0.973394 
12 0.962210 
1898 0.961624 
1110 0.961351 
1870 0.959166 
627 0.957103 
626 0.957018 
87 0.934803 
1441 0.932572 
187 0.926598 
40 0.924563 
1708 0.920015 
259 0.916206 
1546 0.916072 
206 0.912712 
1928 0.912311 
1125 0.904978 
942 0.904959 
1142 0.904100 
2120 0.902509 
1470 0.890532 
1861 0.888232 
824 0.883948 
730 0.881578 
1145 0.875840 
6 0.874669 
2071 0.872865 
1223 0.871722 
606 0.864796 
1858 0.864104 
65 0.861716 
1785 0.861363 
11 0.857010 
530 0.856421 
332 0.849613 
2084 0.848989 
1304 0.840530 
526 0.839042 
411 0.833816 
1677 0.833591 
1959 0.832715 
1435 0.826236 
385 0.824614 
1986 0.822088 
912 0.817276 
322 0.813834 
437 0.809628 
1697 0.805499 
1440 0.802844 
1880 0.802118 
916 0.801545 
1940 0.779162 
950 0.778490 
1179 0.778139 
1853 0.777969 
1375 0.776309 
724 0.770715 
307 0.755828 
1094 0.753153 
2124 0.744606 
88 0.740859 
180 0.736790 
805 0.733511 
848 0.731323 
873 0.729900 
924 0.723944 
1693 0.719979 
1032 0.717096 
894 0.702832 
1511 0.701739 
1084 0.693730 
1904 0.692075 
1740 0.691902 
793 0.690508 
1650 0.688416 
1574 0.687562 
1422 0.676655 
1077 0.672649 
48 0.667293 
829 0.667078 
629 0.664341 
1946 0.662572 
1987 0.660263 
1400 0.659460 
1139 0.658418 
586 0.647421 
1954 0.647416 
710 0.646430 
2027 0.642465 
1735 0.631230 
1254 0.628080 
715 0.601093 
144 0.599330 
986 0.594638 
426 0.593292 
579 0.589558 
1391 0.584458 
776 0.580468 
823 0.580308 
83 0.579254 
281 0.576425 
689 0.570066 
238 0.562844 
1190 0.554813 
810 0.553084 
251 0.547368 
244 0.538950 
1602 0.535850 
1660 0.530660 
1351 0.524237 
301 0.521836 
1176 0.506288 
2058 0.494690 
1447 0.494483 
127 0.492264 
44 0.491900 
260 0.485284 
1587 0.484808 
2036 0.484187 
1359 0.480216 
357 0.476954 
1728 0.476571 
340 0.470163 
972 0.468636 
153 0.455666 
170 0.453681 
1789 0.452509 
861 0.444034 
2129 0.442936 
2041 0.441837 
1407 0.440295 
2116 0.438405 
1384 0.424417 
227 0.421424 
288 0.416560 
1019 0.416243 
76 0.415014 
1327 0.413975 
760 0.413209 
1753 0.405672 
188 0.399369 
218 0.394991 
936 0.369024 
988 0.351921 
1589 0.350541 
1765 0.347364 
1805 0.343367 
1537 0.343269 
1632 0.338207 
1563 0.337914 
558 0.336910 
502 0.331968 
330 0.328645 
1565 0.327679 
1505 0.316341 
1487 0.315177 
404 0.309284 
70 0.293082 
844 0.286789 
929 0.284481 
1772 0.281418 
315 0.280385 
2131 0.277787 
1459 0.276459 
1118 0.260388 
393 0.256562 
1186 0.256156 
1729 0.247349 
868 0.245455 
1814 0.241924 
1512 0.235474 
1493 0.233123 
1751 0.228427 
1846 0.223206 
1535 0.220534 
562 0.219694 
1368 0.215723 
348 0.212994 
207 0.206403 
2130 0.200158 
838 0.197564 
1610 0.188840 
1661 0.185486 
1066 0.177879 
1283 0.171233 
412 0.168030 
965 0.155216 
1707 0.153566 
905 0.153549 
516 0.144862 
697 0.141503 
111 0.140564 
1973 0.139100 
1216 0.138367 
1599 0.136845 
957 0.133503 
323 0.124884 
199 0.122307 
1392 0.112108 
161 0.108458 
1966 0.107709 
2011 0.107046 
890 0.105440 
1800 0.104011 
1376 0.102372 
1918 0.101114 
214 0.095404 
923 0.091081 
477 0.088909 
489 0.087776 
2075 0.081066 
608 0.077639 
1340 0.072686 
1309 0.072162 
1927 0.071688 
1721 0.071359 
2019 0.070962 
64 0.061651 
1759 0.060057 
754 0.051753 
1318 0.050894 
222 0.042346 
615 0.041636 
819 0.038230 
1564 0.033478 
28 0.028675 
1520 0.024140 
1198 0.021976 
1747 0.018939 
1020 0.012477 
1428 0.011737 
1241 0.009243 
1224 0.006603 
1143 -0.000174 
1839 -0.005705 
1272 -0.006397 
876 -0.010864 
1183 -0.014202 
366 -0.019964 
1624 -0.023152 
39 -0.023680 
745 -0.023941 
1851 -0.025230 
1377 -0.026134 
687 -0.034319 
1770 -0.034506 
1950 -0.036346 
634 -0.037926 
594 -0.038389 
546 -0.040743 
226 -0.042177 
787 -0.050244 
252 -0.056351 
1436 -0.056723 
603 -0.077427 
276 -0.086111 
1138 -0.086758 
270 -0.087661 
614 -0.088144 
858 -0.089540 
2121 -0.089964 
1168 -0.095716 
1781 -0.097011 
1481 -0.097054 
1910 -0.099214 
994 -0.108782 
999 -0.111753 
2111 -0.114112 
1797 -0.115540 
1879 -0.125016 
622 -0.129711 
1315 -0.135773 
2067 -0.136524 
1321 -0.146282 
1937 -0.154241 
716 -0.154668 
881 -0.163222 
324 -0.168633 
1305 -0.170040 
1134 -0.175970 
531 -0.177179 
429 -0.177349 
1960 -0.178435 
640 -0.181273 
1399 -0.188347 
1621 -0.203910 
1834 -0.207389 
375 -0.210228 
1303 -0.211495 
852 -0.214237 
1265 -0.219410 
911 -0.220120 
811 -0.223252 
644 -0.225223 
245 -0.239675 
1903 -0.243299 
1502 -0.247501 
1893 -0.248677 
1332 -0.251109 
541 -0.255171 
1013 -0.257506 
1752 -0.257836 
1794 -0.259972 
1206 -0.263632 
609 -0.267769 
126 -0.271446 
702 -0.271763 
143 -0.273654 
1668 -0.281051 
723 -0.281498 
1257 -0.289254 
13 -0.291765 
1193 -0.303653 
2068 -0.316321 
287 -0.319310 
1018 -0.319457 
1149 -0.325833 
1611 -0.327743 
1058 -0.329835 
2028 -0.335236 
466 -0.336692 
96 -0.344534 
575 -0.351553 
1249 -0.358099 
587 -0.358872 
1860 -0.362820 
1651 -0.369099 
2112 -0.375136 
900 -0.375726 
179 -0.376179 
1762 -0.378284 
2012 -0.379934 
62 -0.382510 
643 -0.401430 
308 -0.405416 
738 -0.405714 
294 -0.406104 
664 -0.409443 
770 -0.415140 
885 -0.417083 
1383 -0.421769 
597 -0.425401 
1448 -0.435106 
638 -0.439030 
1784 -0.441772 
1280 -0.444455 
2083 -0.458395 
341 -0.464789 
347 -0.467769 
2127 -0.468891 
433 -0.469793 
1164 -0.469986 
2046 -0.472037 
1887 -0.473368 
16 -0.475413 
935 -0.480639 
2076 -0.485329 
686 -0.492251 
1427 -0.496596 
804 -0.497480 
1144 -0.511103 
1530 -0.514930 
2020 -0.519234 
58 -0.519701 
32 -0.522543 
442 -0.524706 
1890 -0.527363 
35 -0.539181 
1518 -0.552000 
1685 -0.556507 
110 -0.562248 
943 -0.562357 
221 -0.576241 
1426 -0.588472 
1869 -0.595784 
1714 -0.595941 
1734 -0.596547 
1460 -0.598180 
989 -0.598851 
443 -0.603045 
616 -0.603594 
1680 -0.604042 
865 -0.607191 
580 -0.612974 
1215 -0.614298 
1547 -0.615716 
1471 -0.622235 
82 -0.623634 
1414 -0.623963 
74 -0.628856 
41 -0.629608 
709 -0.631977 
717 -0.633681 
1486 -0.636276 
95 -0.643148 
1659 -0.648222 
1367 -0.650824 
1393 -0.651888 
922 -0.663495 
1171 -0.666255 
1534 -0.666665 
75 -0.668372 
346 -0.670001 
973 -0.670009 
472 -0.675304 
403 -0.678115 
300 -0.678532 
1102 -0.681343 
2059 -0.682746 
1124 -0.685436 
2072 -0.690447 
53 -0.693549 
2110 -0.704016 
511 -0.704333 
217 -0.705832 
1297 -0.707175 
630 -0.707725 
1350 -0.717159 
1955 -0.718073 
1692 -0.719225 
610 -0.719999 
363 -0.725865 
656 -0.733545 
2021 -0.755257 
1519 -0.758506 
261 -0.762709 
1033 -0.762945 
2006 -0.765771 
917 -0.770025 
1886 -0.770078 
1344 -0.770892 
655 -0.772464 
569 -0.780135 
1991 -0.780740 
198 -0.782484 
1897 -0.785165 
1588 -0.788467 
1622 -0.789099 
777 -0.789109 
981 -0.790684 
1642 -0.794397 
847 -0.799825 
1326 -0.800033 
895 -0.802154 
325 -0.815542 
1852 -0.817039 
812 -0.820846 
673 -0.823544 
645 -0.823893 
761 -0.825240 
384 -0.829945 
1613 -0.832531 
1746 -0.842220 
1076 -0.850449 
2077 -0.854130 
1691 -0.856435 
498 -0.857886 
1123 -0.868402 
444 -0.874265 
1109 -0.877217 
568 -0.883089 
246 -0.887281 
977 -0.889172 
1225 -0.896704 
1011 -0.897181 
1437 -0.900303 
2125 -0.901718 
1156 -0.902818 
1004 -0.905571 
208 -0.906979 
704 -0.908623 
663 -0.908828 
1982 -0.913129 
1494 -0.913911 
1706 -0.919821 
1623 -0.923421 
1633 -0.924470 
1835 -0.938171 
1093 -0.938558 
2037 -0.941946 
22 -0.942570 
1513 -0.943156 
1085 -0.946368 
1867 -0.963382 
1175 -0.964493 
1286 -0.965033 
189 -0.978129 
1119 -0.989137 
1005 -0.989465 
801 -0.991075 
672 -0.992995 
1698 -0.997947 
438 -0.999267 
1764 -1.004760 
1423 -1.005067 
532 -1.005205 
275 -1.007544 
1798 -1.009502 
1273 -1.011334 
1038 -1.015129 
1550 -1.015781 
483 -1.021823 
995 -1.022503 
1758 -1.024747 
1914 -1.027545 
1337 -1.027734 
1992 -1.033657 
563 -1.038512 
473 -1.038872 
504 -1.040315 
471 -1.044951 
1499 -1.047391 
1876 -1.047518 
517 -1.049877 
1021 -1.050777 
2050 -1.053446 
1601 -1.057167 
1067 -1.060053 
2029 -1.061475 
1003 -1.063944 
450 -1.066282 
1291 -1.069801 
1330 -1.071234 
818 -1.071569 
547 -1.074646 
413 -1.077423 
1799 -1.080778 
1669 -1.095555 
1926 -1.095857 
678 -1.105968 
1398 -1.108697 
1231 -1.109329 
1652 -1.111941 
705 -1.112453 
1778 -1.117257 
2122 -1.118808 
362 -1.124898 
47 -1.125996 
142 -1.128273 
1961 -1.128610 
1151 -1.134045 
69 -1.140616 
510 -1.144013 
692 -1.145765 
602 -1.146061 
557 -1.146377 
1464 -1.147464 
329 -1.151148 
1290 -1.153814 
121 -1.156082 
1716 -1.158196 
830 -1.158401 
1247 -1.160372 
457 -1.165702 
799 -1.167784 
1039 -1.168114 
662 -1.168470 
1806 -1.172463 
665 -1.185448 
271 -1.188756 
657 -1.189677 
1264 -1.189825 
1285 -1.192889 
1302 -1.193400 
1715 -1.193639 
1449 -1.194455 
949 -1.194807 
1232 -1.195661 
462 -1.197684 
1935 -1.201440 
265 -1.203342 
2013 -1.206238 
731 -1.208853 
783 -1.209283 
552 -1.209915 
1294 -1.213464 
1047 -1.215286 
910 -1.219054 
1675 -1.220630 
51 -1.220916 
1902 -1.221710 
617 -1.223266 
693 -1.224172 
722 -1.225480 
1769 -1.225926 
376 -1.230889 
523 -1.232971 
17 -1.233555 
1366 -1.235836 
1701 -1.240443 
1665 -1.241889 
607 -1.249629 
1345 -1.250903 
749 -1.256514 
282 -1.256611 
1310 -1.258039 
503 -1.260875 
735 -1.265339 
1314 -1.265866 
171 -1.267517 
106 -1.272823 
21 -1.277555 
1180 -1.278188 
1394 -1.279308 
1974 -1.279596 
253 -1.284070 
930 -1.284648 
2001 -1.285292 
1107 -1.287617 
463 -1.290020 
585 -1.291081 
944 -1.291201 
906 -1.292220 
467 -1.293310 
1024 -1.294846 
1343 -1.294939 
159 -1.298446 
286 -1.304318 
621 -1.305467 
1917 -1.306862 
593 -1.310200 
27 -1.310203 
899 -1.314228 
650 -1.314568 
703 -1.316581 
383 -1.324934 
299 -1.325999 
682 -1.328363 
1276 -1.332212 
753 -1.332917 
309 -1.336422 
358 -1.337496 
1211 -1.338635 
1641 -1.338778 
31 -1.339619 
63 -1.340295 
794 -1.342824 
889 -1.346540 
934 -1.350299 
1088 -1.351069 
690 -1.351088 
209 -1.351276 
482 -1.351484 
1666 -1.351557 
174 -1.351628 
486 -1.353800 
24 -1.354624 
548 -1.357739 
1158 -1.358215 
399 -1.359082 
1382 -1.361194 
538 -1.364112 
654 -1.365929 
1998 -1.365988 
837 -1.366451 
2113 -1.368938 
1068 -1.369278 
1780 -1.374593 
10 -1.374994 
564 -1.376778 
857 -1.377498 
1248 -1.380748 
296 -1.381237 
1409 -1.383467 
649 -1.384858 
1362 -1.386121 
539 -1.386534 
1048 -1.387137 
1907 -1.389181 
998 -1.391097 
1637 -1.391115 
1498 -1.392334 
449 -1.395085 
2008 -1.396109 
122 -1.396796 
156 -1.397029 
1051 -1.397269 
1690 -1.399004 
1923 -1.403076 
1053 -1.405053 
478 -1.405256 
1482 -1.408027 
1072 -1.409990 
851 -1.410082 
2007 -1.410960 
1968 -1.412343 
1647 -1.413482 
871 -1.413753 
1922 -1.420211 
1363 -1.421597 
613 -1.421789 
671 -1.423342 
1137 -1.423962 
1070 -1.424482 
1686 -1.426536 
178 -1.430028 
484 -1.432091 
1269 -1.432477 
380 -1.433591 
1135 -1.434648 
314 -1.436286 
1246 -1.436441 
1191 -1.439828 
1333 -1.440634 
833 -1.441684 
192 -1.444708 
1230 -1.445238 
1075 -1.445570 
734 -1.446043 
1788 -1.447056 
533 -1.449529 
295 -1.449935 
453 -1.451982 
551 -1.461169 
94 -1.461768 
1475 -1.462468 
732 -1.462911 
445 -1.464574 
767 -1.466668 
125 -1.467214 
464 -1.468790 
1658 -1.470208 
750 -1.470478 
782 -1.473769 
418 -1.475757 
588 -1.480969 
1674 -1.481817 
1040 -1.481888 
1700 -1.484054 
2000 -1.484131 
946 -1.484203 
494 -1.485852 
1859 -1.487609 
549 -1.489929 
505 -1.491930 
495 -1.492614 
52 -1.498416 
1967 -1.499068 
1408 -1.499339 
1122 -1.499447 
1263 -1.499776 
195 -1.500192 
1655 -1.503478 
765 -1.504190 
1037 -1.504479 
345 -1.504589 
1360 -1.504950 
961 -1.507480 
172 -1.507500 
1292 -1.507723 
416 -1.509396 
451 -1.509784 
1208 -1.511926 
1639 -1.512784 
1646 -1.513664 
1279 -1.514510 
746 -1.514871 
1840 -1.517017 
365 -1.517669 
25 -1.518991 
1474 -1.525246 
1783 -1.526266 
958 -1.526403 
394 -1.526870 
1192 -1.527778 
813 -1.528404 
834 -1.528484 
138 -1.531184 
2048 -1.531708 
1043 -1.532478 
1042 -1.533321 
1681 -1.534026 
803 -1.536001 
677 -1.536070 
398 -1.537180 
1322 -1.537718 
670 -1.538276 
880 -1.540586 
402 -1.544321 
1010 -1.545870 
963 -1.545964 
1104 -1.547908 
962 -1.548192 
194 -1.551727 
522 -1.553370 
379 -1.555417 
1044 -1.557103 
598 -1.558653 
1461 -1.559085 
796 -1.559340 
455 -1.560970 
2002 -1.562149 
581 -1.562844 
737 -1.563605 
1052 -1.564072 
1197 -1.565671 
524 -1.566898 
1270 -1.567185 
1258 -1.567624 
1662 -1.567675 
1995 -1.570194 
786 -1.570978 
1733 -1.571979 
81 -1.573022 
1261 -1.573263 
430 -1.573374 
879 -1.573932 
490 -1.575942 
1644 -1.578414 
1653 -1.581992 
458 -1.583544 
417 -1.586538 
1090 -1.589556 
434 -1.591842 
1776 -1.594164 
397 -1.594654 
274 -1.595712 
419 -1.597193 
137 -1.597229 
173 -1.598312 
1719 -1.598558 
2119 -1.599259 
1054 -1.601630 
1014 -1.603401 
1262 -1.603785 
1029 -1.604028 
668 -1.604386 
2049 -1.606831 
1643 -1.607106 
553 -1.608195 
1473 -1.608313 
326 -1.610435 
964 -1.611475 
272 -1.613800 
107 -1.614559 
1229 -1.614828 
1120 -1.615120 
1017 -1.618299 
1888 -1.618529 
1073 -1.618573 
1997 -1.621760 
798 -1.622086 
947 -1.622962 
1667 -1.623266 
492 -1.623891 
1057 -1.626347 
160 -1.626466 
835 -1.627237 
680 -1.627378 
1025 -1.629717 
1845 -1.629784 
1999 -1.630608 
1702 -1.635211 
456 -1.636487 
1517 -1.636830 
1071 -1.636989 
1636 -1.638868 
979 -1.639916 
1501 -1.639924 
590 -1.640648 
832 -1.640828 
1452 -1.641371 
766 -1.642025 
960 -1.642386 
1996 -1.642946 
1027 -1.643684 
567 -1.646886 
1260 -1.650106 
396 -1.650340 
898 -1.650537 
264 -1.651229 
470 -1.651551 
452 -1.652867 
1934 -1.653056 
1717 -1.653061 
764 -1.653582 
1933 -1.653794 
1091 -1.655703 
520 -1.656197 
1089 -1.657631 
642 -1.658547 
565 -1.659462 
175 -1.660559 
310 -1.660591 
1242 -1.660717 
461 -1.664017 
537 -1.664454 
1055 -1.664764 
1105 -1.668165 
43 -1.668454 
1909 -1.669517 
18 -1.669659 
381 -1.669888 
1472 -1.670309 
1245 -1.671401 
1050 -1.671445 
751 -1.674999 
1006 -1.677671 
1915 -1.679383 
1936 -1.679584 
1046 -1.680472 
674 -1.681023 
1106 -1.683866 
694 -1.684002 
554 -1.684439 
1210 -1.688237 
1163 -1.688866 
1028 -1.690314 
1207 -1.690486 
648 -1.690537 
1777 -1.690700 
1030 -1.691169 
653 -1.691469 
454 -1.692462 
23 -1.693374 
481 -1.695797 
978 -1.697382 
1049 -1.701607 
1533 -1.703626 
555 -1.704783 
570 -1.706502 
679 -1.707710 
1892 -1.707892 
157 -1.708386 
1212 -1.708859 
683 -1.713590 
718 -1.713878 
521 -1.714443 
1673 -1.716110 
493 -1.716341 
1026 -1.716426 
1349 -1.719776 
1901 -1.720876 
297 -1.723132 
781 -1.723539 
897 -1.724433 
109 -1.724610 
681 -1.727764 
1932 -1.728821 
468 -1.729500 
1182 -1.731440 
38 -1.731767 
1008 -1.732115 
574 -1.732174 
601 -1.732869 
566 -1.734280 
1411 -1.736033 
1045 -1.738367 
797 -1.739207 
1745 -1.741088 
1277 -1.742626 
990 -1.746536 
193 -1.747154 
1638 -1.747742 
377 -1.748839 
1496 -1.751369 
469 -1.755738 
1209 -1.760380 
1793 -1.761484 
896 -1.766208 
1009 -1.768612 
1757 -1.769102 
1612 -1.771515 
14 -1.774252 
872 -1.779468 
1993 -1.780530 
780 -1.780571 
1450 -1.781520 
877 -1.782860 
748 -1.786451 
1832 -1.788154 
669 -1.789590 
800 -1.791209 
1645 -1.791320 
158 -1.792566 
298 -1.793090 
92 -1.796226 
2047 -1.796334 
507 -1.800812 
342 -1.802193 
618 -1.804819 
536 -1.806480 
1705 -1.808938 
378 -1.810721 
1775 -1.811172 
921 -1.813477 
1672 -1.813932 
945 -1.814058 
497 -1.814590 
2014 -1.814974 
1074 -1.816242 
535 -1.816397 
1214 -1.817619 
572 -1.820793 
2022 -1.821474 
1278 -1.821907 
1531 -1.823460 
506 -1.827281 
262 -1.831437 
589 -1.836448 
1718 -1.836454 
1306 -1.836900 
1289 -1.838212 
815 -1.839967 
1985 -1.845001 
446 -1.845009 
534 -1.846425 
658 -1.847172 
139 -1.852505 
822 -1.853460 
661 -1.856267 
1325 -1.863798 
869 -1.864579 
1763 -1.866260 
550 -1.866363 
1069 -1.866447 
2004 -1.872901 
1688 -1.876238 
886 -1.876545 
401 -1.876616 
1676 -1.880587 
509 -1.882492 
863 -1.883676 
459 -1.884183 
525 -1.886179 
1244 -1.886917 
1779 -1.888848 
1687 -1.889374 
974 -1.890467 
284 -1.894765 
1213 -1.895066 
361 -1.895183 
1664 -1.901935 
1342 -1.903426 
1773 -1.903892 
1361 -1.903960 
1689 -1.914559 
1413 -1.916535 
1657 -1.916784 
817 -1.917573 
382 -1.918297 
2003 -1.919955 
273 -1.920097 
123 -1.920956 
1976 -1.922137 
1313 -1.925382 
1293 -1.925600 
1034 -1.925753 
932 -1.925759 
814 -1.926104 
2009 -1.927291 
1335 -1.930809 
447 -1.933720 
1720 -1.934100 
591 -1.935856 
1381 -1.936579 
733 -1.937122 
909 -1.937502 
769 -1.939645 
1103 -1.939981 
1041 -1.946091 
976 -1.946167 
1365 -1.946347 
197 -1.947096 
414 -1.947478 
582 -1.947920 
1654 -1.948412 
1868 -1.948584 
474 -1.951416 
1670 -1.952501 
1703 -1.953822 
1226 -1.954681 
762 -1.955024 
996 -1.956134 
1086 -1.956196 
1497 -1.964334 
176 -1.965649 
420 -1.967337 
1634 -1.968589 
1463 -1.968604 
2038 -1.969362 
1397 -1.970577 
400 -1.973393 
918 -1.974193 
706 -1.979584 
2030 -1.979869 
583 -1.981004 
1438 -1.981527 
154 -1.981716 
1410 -1.982775 
778 -1.983621 
573 -1.984670 
647 -1.984891 
785 -1.993729 
1648 -1.994525 
666 -1.995769 
1983 -2.000015 
210 -2.003773 
695 -2.004755 
1169 -2.013124 
177 -2.019183 
1791 -2.019719 
1378 -2.020365 
1300 -2.020625 
440 -2.023139 
57 -2.025210 
1931 -2.031305 
993 -2.031899 
1684 -2.032853 
1787 -2.033050 
33 -2.042643 
933 -2.045555 
1994 -2.045686 
1462 -2.051055 
518 -2.052548 
721 -2.052560 
155 -2.055064 
1275 -2.064262 
1767 -2.067919 
480 -2.068675 
707 -2.069776 
1683 -2.070805 
660 -2.071342 
1228 -2.074883 
313 -2.076189 
1346 -2.076263 
667 -2.077958 
1730 -2.080495 
1925 -2.082682 
1284 -2.083232 
652 -2.088314 
93 -2.092922 
831 -2.093701 
312 -2.093859 
1514 -2.095385 
1334 -2.095548 
46 -2.095809 
878 -2.097283 
659 -2.097708 
870 -2.101197 
1682 -2.103544 
1298 -2.104567 
1312 -2.105391 
1121 -2.110384 
460 -2.110492 
651 -2.112034 
1424 -2.113771 
720 -2.119806 
1287 -2.121085 
254 -2.131245 
283 -2.133990 
2010 -2.136570 
475 -2.142621 
26 -2.144147 
141 -2.147266 
29 -2.149877 
684 -2.150523 
540 -2.159655 
285 -2.165928 
1656 -2.171159 
1878 -2.174601 
2005 -2.175498 
190 -2.178177 
802 -2.178500 
140 -2.179689 
1301 -2.189816 
1347 -2.193170 
1299 -2.193852 
1380 -2.194443 
997 -2.195898 
496 -2.198826 
1548 -2.198903 
360 -2.199120 
485 -2.209992 
1600 -2.211536 
1549 -2.221308 
784 -2.248281 
1896 -2.249411 
676 -2.252398 
619 -2.257575 
2031 -2.260560 
1288 -2.265800 
1699 -2.269056 
1341 -2.270185 
1485 -2.276662 
1831 -2.277538 
1515 -2.280304 
1022 -2.286873 
191 -2.288280 
646 -2.289535 
508 -2.296803 
685 -2.300167 
1023 -2.301312 
1319 -2.302094 
441 -2.303315 
1396 -2.304641 
79 -2.312080 
30 -2.313456 
908 -2.316334 
675 -2.318376 
1792 -2.319036 
448 -2.324767 
1274 -2.329230 
862 -2.332264 
395 -2.333110 
1924 -2.335742 
1671 -2.336151 
20 -2.339236 
56 -2.344601 
887 -2.345217 
864 -2.348419 
2040 -2.351170 
1196 -2.355417 
931 -2.355711 
1766 -2.357708 
992 -2.359533 
919 -2.362441 
364 -2.367702 
1108 -2.368423 
255 -2.370811 
816 -2.372164 
519 -2.373312 
1484 -2.374036 
980 -2.376734 
1495 -2.382651 
959 -2.386725 
948 -2.388314 
415 -2.391566 
1984 -2.392814 
1087 -2.394550 
37 -2.395398 
491 -2.402806 
1635 -2.413461 
1425 -2.415568 
779 -2.419262 
1975 -2.422499 
1364 -2.422565 
1412 -2.432006 
1439 -2.432196 
1786 -2.438966 
1731 -2.439886 
556 -2.443655 
1704 -2.449475 
1036 -2.452940 
768 -2.453397 
1500 -2.455466 
1035 -2.456308 
2023 -2.459256 
1774 -2.461216 
1324 -2.464406 
763 -2.469721 
1744 -2.480431 
821 -2.506198 
359 -2.513419 
1227 -2.517432 
600 -2.519970 
196 -2.525885 
1311 -2.533358 
34 -2.535733 
975 -2.541339 
2015 -2.542407 
1889 -2.556399 
1640 -2.556718 
1379 -2.557170 
1170 -2.557496 
1323 -2.561134 
2039 -2.562704 
1756 -2.566501 
1157 -2.568006 
1451 -2.571194 
1092 -2.580744 
311 -2.581321 
907 -2.583335 
1877 -2.583825 
19 -2.586422 
1181 -2.601443 
571 -2.606828 
1833 -2.613009 
1483 -2.618629 
1243 -2.618641 
465 -2.629573 
637 -2.630445 
1056 -2.631247 
795 -2.637589 
920 -2.640579 
435 -2.645761 
343 -2.647953 
1649 -2.654674 
691 -2.663342 
68 -2.666997 
1015 -2.673284 
1782 -2.679336 
1307 -2.682569 
263 -2.687999 
1836 -2.690364 
1336 -2.693896 
1908 -2.702007 
2082 -2.712462 
439 -2.727682 
620 -2.729752 
1007 -2.730154 
42 -2.742799 
747 -2.745687 
327 -2.751827 
991 -2.754166 
696 -2.756723 
15 -2.762351 
641 -2.763761 
1532 -2.775602 
67 -2.780448 
1259 -2.807259 
836 -2.811273 
1768 -2.819989 
752 -2.848705 
1916 -2.849872 
888 -2.850889 
1732 -2.854676 
1016 -2.860286 
108 -2.881075 
599 -2.881300 
736 -2.887311 
708 -2.893099 
80 -2.897216 
2126 -2.899001 
1743 -2.905312 
856 -2.911503 
592 -2.914551 
719 -2.923819 
1136 -2.926932 
1150 -2.936725 
1348 -2.943270 
344 -2.971122 
1516 -2.982121 
479 -2.986285 
328 -2.996242 
124 -3.028741 
2016 -3.066666 
1755 -3.116884 
612 -3.119905 
1663 -3.139379 
1395 -3.152770 
584 -3.213397 
611 -3.328743 
