5962 1
1767 3.633496 
3547 3.592476 
2259 3.514221 
2751 3.492111 
4039 3.472227 
4655 3.372104 
3931 3.334627 
4615 3.305408 
1275 3.300858 
5135 3.297898 
2711 3.285410 
4771 3.272747 
4291 3.252131 
3055 3.251198 
1871 3.237880 
4759 3.230011 
2603 3.206789 
4979 3.198551 
5331 3.173178 
4447 3.169428 
2219 3.117502 
3203 3.096453 
4746 3.090539 
4603 3.078272 
1771 3.032293 
3691 3.014856 
3481 3.012726 
2675 3.008139 
1278 2.993115 
4927 2.988538 
1280 2.987793 
4006 2.972147 
3659 2.968970 
5279 2.958198 
2715 2.955583 
1415 2.951045 
3134 2.920842 
2151 2.917452 
1730 2.911199 
3510 2.902374 
3167 2.897886 
3234 2.896437 
4811 2.896341 
911 2.891574 
1386 2.888634 
3166 2.879281 
4003 2.876323 
4487 2.873160 
3521 2.869700 
2222 2.861248 
3629 2.859096 
3550 2.858307 
3095 2.857820 
1246 2.850379 
3518 2.848816 
2779 2.848334 
4967 2.846180 
937 2.842805 
3059 2.842025 
795 2.837322 
4590 2.828315 
783 2.826607 
2674 2.825533 
3967 2.822792 
5307 2.814857 
5123 2.813531 
1387 2.808377 
3592 2.807128 
2606 2.797322 
3587 2.786823 
3028 2.783298 
1846 2.776340 
2223 2.775419 
4079 2.770791 
3024 2.764184 
951 2.762954 
5098 2.761156 
4421 2.758862 
3971 2.756676 
3206 2.751906 
1700 2.748560 
950 2.746687 
4459 2.745983 
5136 2.744465 
1731 2.741781 
3100 2.739783 
3972 2.737612 
963 2.737147 
3021 2.735115 
1659 2.728573 
3627 2.722308 
1807 2.721296 
4002 2.719406 
3207 2.718915 
3235 2.716579 
2302 2.710756 
2641 2.710693 
2637 2.707042 
4114 2.705540 
4278 2.704714 
2226 2.704110 
4434 2.703549 
3622 2.702381 
2677 2.700600 
1350 2.695782 
3129 2.692662 
2678 2.691746 
5163 2.689520 
3628 2.687793 
4279 2.686669 
1851 2.682324 
3934 2.680101 
2114 2.677220 
1842 2.676776 
2327 2.676351 
3936 2.676224 
3658 2.671860 
5267 2.671262 
2265 2.669377 
3556 2.669159 
1243 2.668128 
3511 2.666420 
3515 2.665019 
1352 2.658026 
4914 2.657776 
898 2.651787 
3022 2.650352 
3133 2.649564 
2299 2.648029 
1702 2.646962 
3058 2.641711 
3621 2.640594 
3066 2.639452 
3596 2.638386 
1701 2.637785 
2190 2.637711 
4319 2.636491 
3970 2.634084 
2611 2.634046 
1394 2.628633 
4475 2.625530 
3132 2.624028 
1697 2.623378 
5318 2.621922 
1734 2.620753 
3098 2.618424 
4642 2.618204 
3624 2.616915 
4084 2.616242 
2185 2.616151 
1315 2.612675 
5162 2.611122 
4643 2.608557 
4042 2.607894 
5266 2.603215 
1279 2.593719 
3662 2.592039 
3172 2.590278 
4044 2.588991 
2186 2.588714 
2227 2.585744 
2608 2.583867 
1696 2.583859 
3025 2.583565 
2192 2.579871 
3141 2.579823 
4113 2.578288 
2717 2.576426 
5319 2.575539 
1282 2.572616 
4267 2.570708 
4995 2.570646 
3174 2.569791 
4486 2.569690 
4954 2.568532 
2189 2.567834 
4800 2.567343 
2326 2.565737 
2755 2.565177 
3589 2.564598 
3517 2.562495 
3548 2.561703 
4266 2.560905 
4435 2.560824 
4915 2.559933 
4121 2.558372 
4146 2.556192 
3479 2.555944 
3595 2.554518 
2783 2.552672 
4080 2.551250 
1809 2.549429 
2303 2.548985 
3103 2.546557 
1317 2.546245 
3625 2.543676 
2987 2.542733 
4589 2.542278 
1391 2.541082 
2607 2.535668 
2610 2.533928 
1844 2.532843 
4591 2.532497 
3065 2.528854 
3514 2.526987 
5097 2.526197 
4641 2.525663 
2230 2.520449 
2188 2.519668 
2638 2.519390 
5111 2.514975 
3480 2.514469 
1772 2.513907 
2714 2.513763 
4577 2.512812 
3099 2.509248 
4810 2.509066 
3935 2.506100 
2680 2.505191 
3661 2.505113 
1316 2.504135 
4602 2.500551 
4773 2.499874 
3590 2.497981 
4422 2.497770 
3097 2.496535 
2686 2.495863 
3061 2.495511 
2262 2.494855 
782 2.493426 
3212 2.491743 
4578 2.490359 
4774 2.487374 
4644 2.486836 
2574 2.484741 
3131 2.484211 
4618 2.482282 
2571 2.481878 
1319 2.480766 
3558 2.479131 
2781 2.478759 
3101 2.477408 
3591 2.475562 
4011 2.475013 
3626 2.473834 
1283 2.471479 
2195 2.470770 
5122 2.469839 
1813 2.468496 
5096 2.465212 
1733 2.465063 
3029 2.463957 
768 2.463842 
3516 2.462449 
4462 2.457482 
1699 2.456803 
2193 2.455868 
2722 2.455066 
2260 2.454493 
1320 2.452983 
3170 2.451562 
1698 2.451497 
2231 2.451298 
1843 2.450797 
3135 2.443500 
4798 2.442074 
2296 2.441256 
3211 2.440706 
4047 2.440059 
1244 2.437772 
3209 2.436070 
1808 2.434349 
2305 2.433781 
3513 2.432420 
4786 2.432399 
2268 2.429394 
3588 2.429244 
2645 2.428636 
3632 2.426686 
3171 2.426385 
3553 2.426098 
3669 2.425396 
4050 2.425112 
4928 2.424595 
2754 2.424515 
1662 2.423844 
2187 2.421587 
1814 2.420886 
3169 2.420534 
2643 2.416743 
1359 2.416395 
1389 2.413887 
2306 2.412686 
3522 2.411826 
4955 2.410914 
2687 2.410663 
2644 2.409701 
3666 2.409058 
3554 2.408436 
2759 2.408348 
4799 2.407952 
1770 2.406109 
2153 2.406056 
4758 2.404317 
5110 2.404042 
1812 2.403994 
3136 2.403447 
3969 2.402944 
2569 2.402478 
4010 2.401699 
2301 2.401261 
2719 2.401239 
2570 2.399863 
4265 2.397643 
924 2.395981 
3096 2.395790 
1775 2.394349 
1739 2.392083 
938 2.391397 
3142 2.389170 
1354 2.388092 
939 2.387223 
4008 2.386671 
3062 2.386184 
4956 2.386021 
3559 2.385509 
2116 2.385464 
3939 2.384562 
2263 2.384067 
3551 2.383520 
2718 2.382852 
4953 2.381783 
4120 2.381589 
1841 2.380873 
4116 2.380076 
1351 2.378302 
3216 2.375556 
3663 2.371010 
4048 2.370989 
3593 2.370286 
4446 2.370190 
1849 2.369648 
3520 2.369404 
1810 2.369210 
2152 2.368876 
2329 2.367785 
2609 2.367199 
3104 2.363517 
3557 2.363136 
3140 2.362350 
3667 2.360296 
1774 2.357212 
3937 2.357033 
1737 2.356870 
2650 2.356065 
3138 2.354618 
3102 2.354551 
4005 2.354312 
4980 2.352818 
2720 2.352140 
4013 2.351751 
3552 2.350464 
2683 2.349881 
4007 2.348850 
2155 2.347588 
2304 2.346935 
4784 2.346621 
2567 2.344660 
1695 2.344355 
3214 2.342112 
5253 2.340795 
1847 2.339016 
1811 2.338116 
3976 2.337971 
2225 2.337878 
4046 2.336693 
2182 2.335304 
5137 2.333629 
3597 2.331920 
1245 2.331836 
5124 2.329967 
1357 2.329791 
3966 2.328809 
3060 2.328639 
1281 2.328372 
4631 2.328327 
2154 2.327733 
4826 2.326784 
4081 2.326661 
4052 2.326411 
3973 2.326199 
1321 2.325962 
2723 2.323384 
2685 2.322443 
3210 2.321118 
3137 2.318911 
3975 2.317230 
4012 2.316722 
2566 2.315361 
1773 2.313941 
4088 2.312304 
4629 2.311908 
3694 2.308230 
2648 2.305933 
2642 2.304473 
2229 2.304095 
3631 2.302569 
3594 2.301041 
3063 2.300209 
2782 2.297930 
4087 2.297287 
4942 2.297239 
2640 2.295186 
3215 2.293524 
3173 2.293337 
1845 2.291740 
2194 2.291656 
1318 2.288983 
3064 2.286653 
1417 2.286489 
5138 2.286234 
2758 2.285120 
3478 2.283537 
2183 2.282153 
2724 2.282046 
1390 2.280331 
2757 2.279713 
4772 2.277259 
2269 2.274777 
5125 2.273806 
3974 2.272914 
1241 2.272681 
2756 2.272587 
3213 2.272029 
2267 2.271381 
3968 2.270528 
4966 2.270221 
4049 2.269595 
3634 2.268871 
3177 2.268486 
4077 2.268180 
1738 2.267759 
2224 2.266201 
3105 2.265619 
2228 2.265568 
1736 2.265533 
1418 2.264898 
1242 2.264810 
2264 2.264505 
1419 2.263976 
4147 2.263300 
1349 2.259999 
2679 2.257882 
4787 2.256934 
4981 2.254930 
1322 2.253950 
2573 2.253259 
4150 2.252477 
3555 2.246733 
2760 2.245741 
3208 2.245539 
4142 2.244437 
794 2.240691 
4115 2.240109 
3977 2.238827 
3668 2.237885 
2149 2.237848 
2646 2.235790 
5151 2.234389 
3023 2.232655 
4043 2.232599 
3584 2.232255 
1850 2.231895 
4009 2.231858 
4119 2.230615 
1414 2.229229 
4969 2.228714 
3026 2.228163 
1314 2.227531 
1693 2.227153 
3664 2.226350 
2300 2.225316 
4472 2.224309 
3585 2.223531 
3236 2.222404 
4813 2.221973 
3130 2.221807 
1874 2.221051 
4306 2.219364 
1393 2.218610 
2191 2.217681 
3978 2.217067 
3633 2.217029 
4423 2.214919 
2297 2.214453 
3519 2.214074 
5148 2.211851 
4045 2.211729 
4812 2.211125 
3139 2.210885 
4118 2.209391 
4125 2.208903 
2682 2.207728 
3092 2.207252 
1848 2.206096 
4293 2.205337 
3237 2.202928 
3178 2.200785 
4941 2.200406 
4318 2.198981 
1804 2.198684 
3897 2.197917 
5149 2.197795 
1805 2.196047 
4086 2.195587 
4939 2.195575 
1735 2.195474 
4433 2.195235 
4082 2.193534 
926 2.192492 
3093 2.192358 
4076 2.191503 
781 2.188659 
3692 2.188348 
3665 2.188208 
4628 2.186664 
2681 2.185931 
4148 2.185117 
4797 2.184594 
2266 2.183017 
3179 2.180946 
1392 2.179568 
3094 2.178514 
4747 2.177440 
5109 2.176885 
2649 2.172533 
2604 2.169912 
1312 2.168479 
4745 2.168008 
3695 2.165700 
4825 2.163066 
4083 2.160581 
2753 2.157075 
3671 2.154265 
2328 2.152868 
1875 2.152704 
4089 2.151772 
2721 2.151675 
4085 2.149421 
4143 2.149067 
3932 2.148695 
3238 2.146728 
1355 2.145524 
4015 2.143011 
2119 2.141731 
4968 2.140074 
1872 2.139977 
925 2.138406 
2639 2.135466 
4943 2.134516 
4041 2.132908 
3176 2.128792 
1806 2.126535 
3067 2.125681 
4277 2.125620 
2156 2.124684 
1703 2.124202 
3630 2.123225 
4460 2.119997 
2684 2.119816 
5294 2.117908 
4040 2.116252 
2572 2.114989 
5147 2.114142 
1396 2.113055 
4824 2.112284 
1356 2.111493 
4982 2.110649 
4488 2.108756 
4617 2.107762 
4004 2.107305 
4614 2.107113 
3175 2.105391 
5330 2.103436 
2761 2.101586 
3670 2.099308 
2232 2.098446 
2647 2.096985 
4317 2.096508 
4656 2.096088 
5150 2.096057 
3523 2.095388 
2785 2.093905 
4449 2.090626 
4448 2.090428 
1358 2.089474 
3623 2.089358 
5306 2.088084 
4940 2.087485 
3239 2.080855 
4126 2.077692 
4124 2.077233 
4930 2.076511 
4473 2.076094 
2575 2.073397 
3057 2.070770 
2605 2.068764 
2118 2.067898 
5112 2.060958 
1313 2.059342 
2752 2.057065 
952 2.056380 
4303 2.054882 
4461 2.053542 
1870 2.051434 
4117 2.050171 
5099 2.049364 
2330 2.047978 
4616 2.047596 
1776 2.047464 
4290 2.044877 
1277 2.042559 
1769 2.040949 
1416 2.034948 
4305 2.033899 
912 2.032368 
3938 2.027676 
4604 2.023808 
1353 2.023031 
3690 2.020099 
1395 2.014416 
2784 2.013114 
4605 2.011055 
1873 2.010093 
4474 2.008436 
4929 2.008418 
3476 2.007461 
2117 2.005128 
5255 2.004995 
3484 2.002529 
1238 2.001955 
4014 2.000811 
4926 1.998797 
2716 1.996573 
2113 1.993782 
1869 1.990856 
3586 1.989316 
4122 1.988262 
3693 1.988070 
4051 1.981125 
4978 1.980571 
1663 1.980151 
5305 1.979429 
4149 1.973220 
4630 1.970571 
5333 1.968806 
3689 1.968331 
4785 1.965393 
923 1.963693 
5121 1.958255 
1777 1.958071 
4576 1.949794 
2325 1.945964 
4994 1.945152 
5502 1.944761 
2150 1.940406 
1694 1.938409 
5164 1.937765 
936 1.934198 
4993 1.933374 
4304 1.931430 
949 1.930026 
2261 1.922291 
1768 1.920561 
3482 1.912132 
3027 1.912096 
5084 1.912060 
3030 1.906310 
3933 1.903353 
4657 1.901137 
2148 1.899958 
5278 1.897634 
3240 1.895073 
4280 1.890371 
3168 1.889609 
3477 1.881980 
1206 1.881239 
1285 1.880826 
4078 1.875693 
3549 1.873611 
3965 1.873052 
4654 1.869337 
2298 1.868778 
1801 1.866130 
4485 1.865131 
4579 1.864864 
3483 1.854663 
4292 1.851897 
1284 1.850073 
4783 1.843593 
5161 1.838215 
2115 1.821485 
4965 1.820399 
965 1.820039 
3560 1.816894 
4123 1.812229 
913 1.812161 
4823 1.810916 
1420 1.807878 
4254 1.803679 
4144 1.800596 
4253 1.799789 
5317 1.798131 
2324 1.797762 
2158 1.777945 
4760 1.776507 
964 1.770188 
2568 1.768949 
2221 1.768570 
4420 1.768376 
770 1.752123 
2157 1.751266 
3056 1.747424 
5254 1.746689 
1239 1.746563 
4264 1.734719 
4809 1.730762 
4037 1.726989 
2612 1.724218 
1276 1.721219 
1732 1.716689 
3582 1.715149 
2613 1.708227 
962 1.691001 
4770 1.689913 
2146 1.689645 
5281 1.686421 
3018 1.668683 
4252 1.667411 
5134 1.651203 
2294 1.650441 
3031 1.650297 
1209 1.644655 
5320 1.643858 
4761 1.636260 
899 1.628646 
4952 1.622618 
4436 1.621828 
5265 1.620025 
1311 1.610777 
5292 1.607795 
4316 1.597824 
4601 1.595818 
3473 1.580886 
3204 1.572908 
3999 1.568523 
5332 1.563123 
5108 1.554187 
2602 1.539289 
4001 1.529882 
2676 1.525309 
4757 1.515277 
4445 1.512216 
2713 1.509621 
3660 1.501287 
5293 1.500593 
910 1.499794 
4038 1.493632 
3512 1.492749 
4145 1.477309 
1388 1.474345 
769 1.474326 
4592 1.469067 
2748 1.466940 
2712 1.459262 
5291 1.443261 
5095 1.438302 
3205 1.438222 
3474 1.433842 
2988 1.412465 
1740 1.411806 
757 1.401596 
796 1.400088 
2601 1.399092 
2600 1.396976 
4992 1.396751 
5085 1.391031 
2257 1.388648 
4458 1.388625 
2780 1.381738 
4627 1.375724 
2184 1.373684 
1660 1.368816 
3486 1.348520 
627 1.335599 
1765 1.328688 
3581 1.319475 
5083 1.314376 
3898 1.306531 
5280 1.297099 
3068 1.293130 
2220 1.282212 
4432 1.275727 
3687 1.275694 
4036 1.269140 
1661 1.267761 
4796 1.236501 
755 1.222069 
3091 1.221611 
3930 1.215955 
3233 1.211521 
2749 1.211148 
3020 1.200149 
5160 1.199132 
4938 1.197416 
4991 1.192978 
4913 1.192356 
4733 1.192252 
2111 1.182144 
756 1.176152 
5268 1.175157 
5304 1.170897 
5277 1.169559 
1803 1.164609 
1802 1.163625 
743 1.149078 
3444 1.144542 
4408 1.140480 
3485 1.128912 
1347 1.127013 
1240 1.122228 
2293 1.122019 
1346 1.105168 
4409 1.101730 
2258 1.098533 
2750 1.095263 
4916 1.089579 
5086 1.079784 
4251 1.077093 
5290 1.069501 
5501 1.057694 
5316 1.053459 
4000 1.041820 
1727 1.038646 
1838 1.032968 
4073 1.025523 
3583 1.019722 
3618 1.014482 
2256 1.009904 
1248 0.981330 
3545 0.979337 
3475 0.974677 
1664 0.969958 
3544 0.966501 
3089 0.955254 
1766 0.944442 
744 0.938886 
4239 0.930885 
1839 0.922343 
2295 0.915568 
4075 0.904620 
1383 0.877607 
4744 0.877346 
731 0.872683 
1274 0.871680 
900 0.869621 
4471 0.867230 
1665 0.861733 
3688 0.861391 
4588 0.861388 
4822 0.855807 
4640 0.833445 
4289 0.823987 
4748 0.820821 
3163 0.815360 
3941 0.804211 
4951 0.800758 
3940 0.800738 
4917 0.796628 
3019 0.787326 
3232 0.774892 
5500 0.769384 
4263 0.763354 
4276 0.756158 
2984 0.751533 
3619 0.749312 
2778 0.746587 
4410 0.745566 
2576 0.742555 
4782 0.736272 
2121 0.729337 
3507 0.716915 
4407 0.715594 
1247 0.711404 
742 0.707348 
5107 0.699403 
4074 0.696676 
3127 0.693923 
3546 0.673613 
3090 0.671910 
3128 0.668127 
2120 0.667860 
5082 0.655017 
4240 0.652440 
4302 0.637988 
935 0.631339 
5120 0.616806 
3964 0.610268 
2635 0.600375 
5489 0.594232 
3054 0.587005 
2671 0.585699 
1384 0.576404 
4769 0.574908 
4419 0.564272 
3126 0.557618 
5476 0.555018 
5303 0.548584 
897 0.544172 
730 0.538396 
1729 0.526872 
2323 0.526150 
1764 0.524932 
3894 0.521540 
3655 0.520870 
5071 0.519559 
1385 0.515291 
2563 0.509804 
3441 0.506827 
1310 0.505994 
780 0.505425 
4964 0.501773 
4111 0.496435 
588 0.495688 
4241 0.490542 
5264 0.486319 
767 0.478814 
3443 0.470176 
4795 0.461712 
4575 0.459079 
5329 0.446915 
692 0.443868 
4653 0.437712 
2672 0.421935 
2985 0.414134 
705 0.411215 
5252 0.410594 
1867 0.409734 
1309 0.401338 
5463 0.396343 
5146 0.392253 
3052 0.391654 
4238 0.389888 
4315 0.374131 
614 0.373433 
2777 0.366984 
4613 0.365688 
2112 0.354951 
3447 0.349641 
4110 0.339319 
601 0.336930 
3928 0.336289 
536 0.326408 
2322 0.307011 
5437 0.305007 
1666 0.304396 
5072 0.286632 
4902 0.277386 
1728 0.274695 
3656 0.273778 
3962 0.263018 
5070 0.260208 
5450 0.246057 
793 0.245091 
922 0.234865 
3896 0.233873 
5499 0.229432 
5242 0.228027 
3929 0.217836 
3904 0.213078 
4925 0.211639 
704 0.209138 
4587 0.206851 
4626 0.206177 
4600 0.196430 
3439 0.185296 
5216 0.184302 
3165 0.179499 
4977 0.174706 
3620 0.173929 
1203 0.173457 
2565 0.168433 
5073 0.167559 
4904 0.162067 
549 0.159705 
1205 0.156485 
3508 0.137470 
1690 0.133140 
1658 0.129293 
3963 0.128287 
136 0.124202 
4431 0.123071 
679 0.121662 
2564 0.112405 
2634 0.111640 
25 0.106128 
718 0.104606 
5133 0.104531 
24 0.100030 
1840 0.099117 
5424 0.095234 
484 0.095201 
4563 0.090370 
2673 0.089177 
3895 0.080533 
5229 0.078811 
4228 0.066666 
5251 0.064428 
2255 0.063432 
5094 0.057620 
1348 0.057559 
5488 0.051995 
510 0.051667 
562 0.045261 
3448 0.044300 
4743 0.040533 
3442 0.038265 
4484 0.027560 
497 0.022081 
948 0.018054 
523 0.017139 
1273 0.015834 
2179 0.014757 
5315 0.006431 
4639 0.002217 
5159 -0.004390 
1208 -0.006326 
2084 -0.016986 
717 -0.022468 
2145 -0.028094 
1235 -0.033062 
575 -0.035340 
4731 -0.037437 
3449 -0.043040 
1868 -0.044693 
1204 -0.049598 
640 -0.049982 
4406 -0.051070 
4396 -0.051924 
626 -0.054957 
2708 -0.059427 
284 -0.061340 
5203 -0.062790 
4990 -0.063595 
3509 -0.068110 
885 -0.068696 
5177 -0.068774 
5372 -0.072172 
613 -0.073790 
600 -0.078417 
5346 -0.082911 
4275 -0.084281 
3470 -0.086306 
3925 -0.090141 
4564 -0.091811 
2992 -0.094329 
1691 -0.094423 
653 -0.098008 
3412 -0.099669 
4732 -0.102998 
779 -0.104458 
703 -0.117587 
2531 -0.123591 
2775 -0.126003 
4397 -0.127442 
5824 -0.131671 
2746 -0.134045 
3015 -0.135489 
1629 -0.137300 
471 -0.138410 
2290 -0.144411 
2218 -0.144740 
5240 -0.145304 
5060 -0.146897 
1655 -0.149485 
172 -0.158148 
3471 -0.159174 
666 -0.160745 
4756 -0.165176 
3902 -0.168772 
1628 -0.170863 
5861 -0.170943 
4734 -0.176403 
2710 -0.183909 
5119 -0.194544 
3900 -0.196482 
754 -0.196592 
5190 -0.198392 
5359 -0.200566 
5487 -0.204675 
173 -0.206166 
2537 -0.208023 
209 -0.208329 
4112 -0.209278 
2143 -0.212425 
5385 -0.220788 
2291 -0.221953 
496 -0.224566 
5897 -0.224777 
320 -0.228140 
4384 -0.229744 
4963 -0.231463 
5008 -0.246646 
729 -0.249539 
4418 -0.256490 
691 -0.257567 
3959 -0.264714 
4395 -0.267791 
3899 -0.273061 
1657 -0.274003 
5860 -0.282116 
4901 -0.284773 
321 -0.285463 
5411 -0.286808 
548 -0.292511 
883 -0.296389 
432 -0.299243 
623 -0.301727 
716 -0.310569 
5239 -0.311430 
1272 -0.320260 
3231 -0.322359 
5263 -0.331823 
4565 -0.336913 
5398 -0.338392 
5898 -0.341399 
1835 -0.343600 
3685 -0.344223 
210 -0.344224 
1211 -0.344826 
587 -0.346242 
4950 -0.347241 
357 -0.353435 
3164 -0.355820 
358 -0.357013 
2147 -0.357607 
2597 -0.363271 
1343 -0.364324 
4899 -0.364627 
5498 -0.374691 
861 -0.377248 
1762 -0.381838 
3578 -0.383744 
458 -0.387247 
4394 -0.389724 
611 -0.393595 
848 -0.394525 
2529 -0.395640 
3264 -0.396351 
909 -0.397764 
5176 -0.398510 
457 -0.399066 
2142 -0.399897 
4719 -0.400151 
5528 -0.400726 
3756 -0.403010 
3579 -0.409548 
1592 -0.412530 
715 -0.415229 
1619 -0.416439 
5228 -0.416896 
2527 -0.422215 
3200 -0.425986 
4720 -0.433545 
535 -0.433935 
5676 -0.435397 
1174 -0.440853 
2598 -0.440899 
872 -0.441624 
961 -0.443836 
895 -0.444204 
2982 -0.444988 
1137 -0.456409 
5139 -0.457878 
5106 -0.461638 
2217 -0.464050 
1413 -0.464079 
871 -0.465553 
1100 -0.466041 
5021 -0.466254 
3615 -0.468938 
4457 -0.469579 
5436 -0.470295 
99 -0.470756 
2631 -0.475718 
1412 -0.475745 
4070 -0.479122 
4332 -0.482351 
1799 -0.488994 
4808 -0.492424 
3445 -0.495061 
1307 -0.504124 
5894 -0.505579 
4033 -0.506312 
4444 -0.507326 
5565 -0.513742 
3891 -0.513774 
2745 -0.515175 
5564 -0.516493 
1798 -0.523987 
2920 -0.524441 
2075 -0.524790 
3793 -0.526225 
1201 -0.526250 
599 -0.527746 
5241 -0.529503 
586 -0.531686 
5302 -0.532580 
1444 -0.533150 
483 -0.537224 
4562 -0.537876 
4551 -0.538586 
3087 -0.538838 
4226 -0.539067 
1306 -0.544461 
4034 -0.544901 
5475 -0.548038 
3202 -0.548291 
135 -0.550700 
4483 -0.553396 
4250 -0.553544 
2636 -0.555196 
495 -0.557188 
2993 -0.558933 
947 -0.559760 
5928 -0.562868 
1236 -0.567411 
809 -0.569263 
243 -0.570647 
4574 -0.573226 
4227 -0.573680 
2709 -0.574913 
2253 -0.584823 
2074 -0.586082 
989 -0.586305 
62 -0.587998 
4839 -0.588016 
4071 -0.589688 
3086 -0.590548 
2535 -0.590942 
4775 -0.592462 
3657 -0.593038 
3123 -0.594477 
1172 -0.594968 
1136 -0.595103 
391 -0.599803 
2108 -0.600666 
5215 -0.600841 
5034 -0.602014 
2500 -0.602567 
4566 -0.602969 
4755 -0.611872 
2809 -0.615766 
3792 -0.620462 
3053 -0.620879 
1654 -0.623141 
4911 -0.623706 
1270 -0.625452 
5345 -0.630214 
5227 -0.630395 
2428 -0.631513 
1763 -0.632802 
1687 -0.633394 
5712 -0.633559 
4852 -0.634433 
1269 -0.635221 
4552 -0.637309 
3922 -0.643826 
4670 -0.644780 
652 -0.645574 
2523 -0.645863 
874 -0.646098 
612 -0.649986 
5189 -0.650384 
2599 -0.650958 
2947 -0.652763 
4163 -0.654102 
509 -0.654211 
246 -0.654668 
4788 -0.655713 
247 -0.659282 
354 -0.664829 
61 -0.667933 
3719 -0.670706 
3926 -0.672188 
561 -0.677008 
5713 -0.679290 
2534 -0.680776 
2978 -0.681815 
3049 -0.682491 
2526 -0.685509 
1202 -0.688834 
3927 -0.689315 
206 -0.700379 
5922 -0.700648 
351 -0.700749 
2989 -0.701781 
456 -0.701974 
4983 -0.702765 
4970 -0.703453 
4599 -0.704284 
2078 -0.706296 
1623 -0.709470 
127 -0.711687 
1622 -0.712059 
475 -0.712547 
2071 -0.713738 
5931 -0.714117 
2957 -0.716057 
1656 -0.721433 
3201 -0.722501 
4540 -0.723239 
4721 -0.725924 
4176 -0.726454 
2307 -0.727695 
4501 -0.727893 
2956 -0.730767 
639 -0.732848 
4358 -0.737504 
4865 -0.739877 
1761 -0.740795 
2990 -0.743957 
1169 -0.750569 
3000 -0.751692 
1198 -0.753120 
1692 -0.753707 
4553 -0.754120 
2082 -0.757000 
5127 -0.757112 
283 -0.757404 
2216 -0.759061 
1625 -0.762708 
5486 -0.763907 
1624 -0.764468 
5314 -0.765562 
4801 -0.765696 
2354 -0.765727 
1199 -0.766321 
431 -0.766812 
3857 -0.768305 
635 -0.768893 
4815 -0.771339 
835 -0.777001 
5047 -0.777803 
5602 -0.778059 
3543 -0.778080 
5058 -0.778832 
791 -0.779750 
1207 -0.779778 
3683 -0.783695 
766 -0.785814 
428 -0.786289 
4878 -0.788544 
479 -0.788697 
4127 -0.789135 
3467 -0.792821 
394 -0.793375 
5601 -0.796253 
5238 -0.796430 
547 -0.796597 
4827 -0.797055 
4696 -0.802355 
610 -0.805526 
1518 -0.809017 
4463 -0.813350 
395 -0.814358 
3300 -0.816984 
5787 -0.821385 
5175 -0.822762 
4814 -0.823801 
2981 -0.825459 
5289 -0.827073 
4730 -0.827621 
665 -0.828937 
534 -0.831785 
3433 -0.832565 
4652 -0.833844 
4887 -0.838258 
98 -0.839289 
583 -0.839973 
5384 -0.842407 
860 -0.845053 
5132 -0.847144 
2652 -0.847608 
3858 -0.848224 
5958 -0.849246 
203 -0.850458 
3143 -0.852021 
859 -0.857035 
3399 -0.858227 
207 -0.858663 
4709 -0.859049 
5214 -0.861928 
4708 -0.862311 
4345 -0.864134 
1972 -0.865290 
5459 -0.865701 
4470 -0.865950 
1267 -0.866260 
5449 -0.869715 
5857 -0.870063 
3994 -0.870659 
4794 -0.874476 
4344 -0.874974 
455 -0.875307 
2079 -0.876519 
4202 -0.876990 
4288 -0.877366 
2009 -0.878144 
2106 -0.878287 
463 -0.879603 
467 -0.880141 
2042 -0.880798 
4189 -0.884920 
4450 -0.886607 
355 -0.891269 
2747 -0.893277 
59 -0.893592 
5007 -0.893777 
3830 -0.893963 
2994 -0.898182 
5749 -0.898423 
2105 -0.900283 
4619 -0.900708 
822 -0.901498 
1936 -0.903214 
4091 -0.912944 
5831 -0.913098 
4658 -0.913896 
462 -0.916268 
60 -0.918513 
631 -0.918967 
4031 -0.919008 
5750 -0.922329 
5516 -0.922783 
3541 -0.925233 
4944 -0.930661 
425 -0.930959 
4864 -0.932600 
3861 -0.934562 
2180 -0.935171 
2251 -0.935553 
3046 -0.936331 
4030 -0.937640 
4816 -0.940678 
2533 -0.940916 
3301 -0.943037 
522 -0.944629 
3230 -0.945776 
3542 -0.946938 
5786 -0.947777 
1481 -0.948348 
683 -0.949032 
5435 -0.949160 
5515 -0.949312 
3829 -0.949547 
2081 -0.951216 
625 -0.951437 
527 -0.951964 
3755 -0.952415 
3686 -0.954770 
5447 -0.960362 
5250 -0.960889 
3337 -0.961915 
5340 -0.962539 
4912 -0.964117 
5171 -0.965953 
4464 -0.967339 
2595 -0.968542 
5079 -0.970227 
2986 -0.970370 
1899 -0.970920 
1615 -0.976303 
4807 -0.976769 
507 -0.976803 
5202 -0.977296 
4107 -0.977840 
5371 -0.978238 
4514 -0.978563 
3051 -0.978676 
4138 -0.978831 
2726 -0.978982 
5783 -0.980230 
5207 -0.981845 
5925 -0.981873 
167 -0.982600 
5020 -0.982898 
940 -0.982942 
4957 -0.990019 
2502 -0.992180 
22 -0.994221 
5919 -0.996759 
5638 -0.996978 
1795 -0.997445 
873 -0.998026 
4707 -0.999622 
3599 -1.001301 
4262 -1.001430 
5895 -1.001818 
4527 -1.003557 
3050 -1.003643 
4632 -1.004294 
5328 -1.004607 
5423 -1.005501 
4215 -1.006098 
2465 -1.008565 
3402 -1.010533 
630 -1.010542 
1650 -1.011517 
95 -1.011563 
4821 -1.015172 
2077 -1.016146 
4314 -1.016364 
3217 -1.016821 
690 -1.017428 
2464 -1.019108 
3636 -1.019247 
5955 -1.019314 
4971 -1.022478 
5762 -1.024350 
2538 -1.025232 
451 -1.025380 
1026 -1.025416 
953 -1.025523 
1759 -1.026671 
4695 -1.026721 
2689 -1.028130 
208 -1.028266 
2846 -1.028614 
617 -1.029168 
4958 -1.030960 
5855 -1.031226 
907 -1.031458 
2215 -1.031527 
4151 -1.033000 
2665 -1.034089 
5114 -1.034344 
5935 -1.034691 
4802 -1.034972 
4443 -1.035243 
5275 -1.037522 
4090 -1.037818 
4287 -1.039855 
5474 -1.039880 
2911 -1.041268 
2181 -1.042264 
1816 -1.043499 
1480 -1.044253 
23 -1.046113 
4586 -1.047635 
622 -1.048942 
2762 -1.052158 
1815 -1.052527 
356 -1.053300 
1411 -1.054642 
1266 -1.054893 
2706 -1.056101 
4357 -1.061954 
2037 -1.061991 
5057 -1.062434 
2768 -1.062836 
2007 -1.063062 
317 -1.063770 
3635 -1.065007 
4141 -1.065727 
5247 -1.065993 
5100 -1.066031 
2594 -1.067144 
5934 -1.068212 
2536 -1.068643 
2742 -1.068764 
4225 -1.071590 
2250 -1.073098 
678 -1.074059 
1758 -1.074186 
2950 -1.074451 
5526 -1.075351 
5891 -1.075903 
2271 -1.076882 
5954 -1.077918 
559 -1.080064 
5067 -1.082081 
886 -1.082273 
4645 -1.083444 
3406 -1.083987 
4612 -1.084123 
2497 -1.084591 
5903 -1.085706 
5883 -1.086636 
1705 -1.087588 
4211 -1.087862 
671 -1.089540 
2287 -1.090054 
884 -1.090336 
169 -1.090879 
4647 -1.091367 
1852 -1.092020 
4651 -1.093874 
3851 -1.095218 
1404 -1.095351 
1164 -1.095742 
4093 -1.097610 
5791 -1.098537 
5183 -1.100196 
2196 -1.100257 
5358 -1.101259 
3855 -1.103702 
1410 -1.104002 
4053 -1.104016 
725 -1.106181 
131 -1.106463 
1582 -1.106880 
3502 -1.107845 
315 -1.108253 
1895 -1.108674 
2786 -1.109185 
5887 -1.109457 
4500 -1.109612 
2979 -1.109638 
4309 -1.110010 
2491 -1.110460 
1782 -1.110640 
3299 -1.111149 
4638 -1.111317 
3696 -1.112561 
87 -1.113921 
4371 -1.114365 
839 -1.114479 
5779 -1.115407 
1303 -1.115902 
2139 -1.116842 
702 -1.116842 
3430 -1.116903 
2743 -1.117423 
5896 -1.117572 
3575 -1.119568 
215 -1.119748 
4375 -1.119856 
3013 -1.120067 
399 -1.122689 
2102 -1.123352 
403 -1.124158 
3885 -1.124784 
5811 -1.125319 
4378 -1.125689 
2705 -1.126042 
2883 -1.126094 
5959 -1.126715 
2948 -1.128268 
1443 -1.130106 
5869 -1.131161 
5647 -1.132250 
470 -1.132456 
2557 -1.132910 
4067 -1.132910 
5043 -1.133480 
2319 -1.133935 
741 -1.134014 
5246 -1.134234 
4611 -1.134967 
3993 -1.135214 
4997 -1.136709 
1127 -1.136953 
2773 -1.137974 
735 -1.138890 
5814 -1.140889 
682 -1.141105 
4258 -1.141189 
5185 -1.141518 
724 -1.142309 
2494 -1.142377 
502 -1.142395 
3524 -1.143356 
5770 -1.143643 
2913 -1.144075 
1195 -1.144169 
3538 -1.145062 
2213 -1.145199 
100 -1.145302 
5542 -1.145392 
4200 -1.145407 
4718 -1.145582 
3700 -1.146866 
5535 -1.146970 
4330 -1.147521 
4768 -1.147574 
4646 -1.148026 
4349 -1.148066 
882 -1.148480 
325 -1.149199 
4198 -1.149448 
530 -1.150912 
2540 -1.150995 
2764 -1.151912 
3919 -1.152104 
466 -1.152618 
1324 -1.152631 
847 -1.152789 
3431 -1.152874 
5845 -1.153349 
5525 -1.155148 
2938 -1.156297 
491 -1.156402 
786 -1.156878 
5153 -1.157167 
4054 -1.158126 
406 -1.158729 
86 -1.159350 
5050 -1.159911 
3598 -1.160565 
1651 -1.162091 
1517 -1.162418 
5742 -1.162832 
5832 -1.163526 
2951 -1.163602 
3083 -1.164772 
4295 -1.165376 
5126 -1.166123 
3197 -1.166249 
867 -1.166872 
5917 -1.166914 
4722 -1.166969 
2975 -1.167561 
5738 -1.169317 
1935 -1.169518 
5604 -1.169686 
1130 -1.170018 
47 -1.170851 
1134 -1.171499 
402 -1.171864 
5069 -1.171988 
2254 -1.172620 
5234 -1.172860 
3838 -1.173031 
5407 -1.173523 
5585 -1.173591 
5923 -1.173797 
5422 -1.173887 
4895 -1.174035 
1973 -1.174168 
3863 -1.174335 
2763 -1.174427 
934 -1.174726 
5950 -1.175109 
4583 -1.175654 
1377 -1.175805 
2725 -1.175853 
5904 -1.176001 
4175 -1.176468 
362 -1.176895 
249 -1.177309 
5141 -1.177410 
450 -1.178254 
143 -1.178272 
1400 -1.178333 
670 -1.178815 
5823 -1.178887 
3218 -1.179250 
2019 -1.179688 
474 -1.180715 
4133 -1.180741 
5851 -1.180788 
1161 -1.180854 
5659 -1.180957 
503 -1.181416 
5775 -1.181741 
3410 -1.181796 
2035 -1.181827 
5199 -1.181944 
4877 -1.182342 
4889 -1.184464 
4188 -1.184767 
5951 -1.185116 
2000 -1.186296 
101 -1.187407 
89 -1.188158 
4056 -1.188319 
2233 -1.188465 
711 -1.188572 
4557 -1.189133 
1668 -1.189734 
90 -1.190330 
1527 -1.190357 
2045 -1.190619 
5038 -1.190767 
738 -1.190870 
578 -1.190870 
4882 -1.190959 
773 -1.191749 
2034 -1.192360 
5298 -1.192422 
5639 -1.192534 
3721 -1.193789 
397 -1.194190 
5767 -1.194259 
5448 -1.194585 
130 -1.194778 
5327 -1.194952 
1143 -1.195404 
4903 -1.195414 
5926 -1.195609 
3681 -1.196008 
644 -1.196702 
4452 -1.196996 
75 -1.197168 
5698 -1.198298 
5612 -1.198991 
382 -1.199153 
2393 -1.199292 
526 -1.200095 
3338 -1.200267 
5471 -1.200467 
4382 -1.200617 
4414 -1.200622 
447 -1.200796 
3180 -1.200872 
516 -1.200892 
5128 -1.201078 
1131 -1.202254 
988 -1.202276 
4593 -1.202771 
4281 -1.203274 
5796 -1.203367 
1176 -1.203765 
4937 -1.204050 
4531 -1.204190 
5259 -1.204492 
4362 -1.204517 
5337 -1.204547 
2942 -1.204768 
1862 -1.205387 
5276 -1.205735 
1585 -1.205814 
2808 -1.205937 
4035 -1.206582 
5902 -1.207145 
3382 -1.207705 
91 -1.208093 
4850 -1.208175 
412 -1.208597 
2688 -1.208784 
1647 -1.209643 
336 -1.209809 
4489 -1.210097 
651 -1.210529 
4219 -1.210965 
2487 -1.211254 
5523 -1.211950 
4437 -1.212351 
598 -1.212466 
235 -1.212967 
3828 -1.212983 
343 -1.213030 
1579 -1.213101 
2766 -1.213402 
4220 -1.213419 
3393 -1.213681 
1742 -1.213726 
2991 -1.214005 
5675 -1.214054 
4381 -1.214183 
4898 -1.214356 
4875 -1.214386 
1173 -1.214449 
51 -1.214548 
4307 -1.214999 
5579 -1.215313 
3947 -1.215369 
4984 -1.215396 
2907 -1.215711 
5635 -1.215737 
2983 -1.216104 
5867 -1.216533 
5890 -1.216680 
171 -1.216999 
5166 -1.218488 
3434 -1.219347 
5403 -1.219531 
5464 -1.220142 
2551 -1.220163 
723 -1.220249 
5778 -1.220739 
4660 -1.220992 
54 -1.221438 
396 -1.221906 
2952 -1.222003 
5233 -1.222697 
230 -1.223042 
5879 -1.223298 
4294 -1.223475 
514 -1.223547 
4976 -1.223776 
3790 -1.223815 
2234 -1.223849 
2391 -1.224012 
409 -1.224116 
5709 -1.224500 
5113 -1.224765 
5059 -1.225264 
658 -1.225408 
4706 -1.225520 
546 -1.225907 
5803 -1.225910 
3374 -1.226081 
329 -1.226579 
3866 -1.226748 
5002 -1.226794 
1893 -1.226831 
5839 -1.227036 
267 -1.227128 
2427 -1.227369 
5613 -1.227913 
4139 -1.228483 
4017 -1.228486 
1166 -1.228516 
787 -1.228591 
3106 -1.228831 
4891 -1.229841 
663 -1.229986 
5854 -1.230272 
405 -1.230362 
3047 -1.230565 
750 -1.230745 
4736 -1.230892 
5569 -1.231238 
4498 -1.231331 
3650 -1.231606 
5415 -1.231687 
2331 -1.231723 
5446 -1.232299 
5795 -1.232344 
4490 -1.232386 
4402 -1.232417 
1866 -1.233221 
5807 -1.233321 
50 -1.233432 
5541 -1.233568 
5646 -1.233624 
5847 -1.234113 
3815 -1.234322 
1523 -1.234454 
3849 -1.234930 
2008 -1.234944 
5800 -1.235653 
2501 -1.235861 
4391 -1.235893 
7 -1.236115 
5909 -1.236329 
662 -1.236526 
2173 -1.236587 
4923 -1.236728 
5458 -1.236805 
179 -1.236918 
4996 -1.237356 
4534 -1.237467 
4581 -1.237544 
1252 -1.238581 
1090 -1.238615 
5308 -1.238638 
5118 -1.238730 
3539 -1.238813 
4550 -1.238995 
2386 -1.239027 
4270 -1.239168 
5817 -1.239870 
5194 -1.239917 
1439 -1.240081 
4331 -1.240296 
1028 -1.241023 
4538 -1.241409 
515 -1.241810 
5598 -1.242065 
846 -1.242447 
525 -1.242699 
4495 -1.242841 
5631 -1.242907 
2729 -1.243106 
3801 -1.243295 
5842 -1.243505 
4343 -1.244637 
1983 -1.245249 
5351 -1.245513 
1486 -1.246221 
2044 -1.246598 
3263 -1.246695 
573 -1.246702 
1263 -1.247140 
5049 -1.247269 
119 -1.248049 
5226 -1.248370 
1858 -1.248532 
4620 -1.248765 
2038 -1.248775 
333 -1.248991 
4199 -1.249179 
1591 -1.249440 
418 -1.250147 
3950 -1.250381 
3914 -1.250395 
2080 -1.250763 
1099 -1.250809 
5538 -1.250982 
42 -1.251800 
5286 -1.251880 
560 -1.252283 
722 -1.252375 
5872 -1.252404 
422 -1.253053 
3985 -1.253075 
2894 -1.253333 
1470 -1.253448 
1230 -1.253659 
566 -1.254043 
482 -1.254467 
4607 -1.254622 
2707 -1.254838 
3886 -1.255151 
67 -1.255364 
3867 -1.255665 
2945 -1.255821 
2910 -1.255969 
1890 -1.256448 
166 -1.256793 
1158 -1.256866 
4985 -1.257044 
3847 -1.257151 
2031 -1.257347 
2625 -1.257583 
579 -1.257888 
1098 -1.258235 
4245 -1.258496 
605 -1.258625 
2012 -1.258734 
1147 -1.258893 
5262 -1.259094 
1876 -1.259220 
684 -1.259326 
5609 -1.259480 
4430 -1.260107 
4945 -1.260387 
3219 -1.261690 
1458 -1.261921 
4851 -1.261963 
64 -1.261996 
3407 -1.262148 
1825 -1.262483 
1397 -1.262487 
1063 -1.262497 
675 -1.262518 
5383 -1.262668 
2356 -1.262766 
3241 -1.262863 
1721 -1.262869 
3144 -1.263045 
5019 -1.263266 
82 -1.263290 
1133 -1.263778 
1747 -1.264259 
1999 -1.264674 
226 -1.264849 
4308 -1.264982 
2276 -1.265042 
734 -1.265312 
554 -1.265320 
4975 -1.265450 
5834 -1.265564 
5131 -1.265692 
3868 -1.266128 
1724 -1.266452 
2455 -1.266622 
2483 -1.266719 
4831 -1.266795 
5572 -1.266906 
1779 -1.267128 
5323 -1.267292 
2463 -1.267295 
2877 -1.267311 
878 -1.267327 
3220 -1.267348 
3455 -1.267404 
4499 -1.267514 
5889 -1.267673 
4767 -1.267817 
5915 -1.267838 
3644 -1.268320 
5378 -1.268781 
5936 -1.269106 
1555 -1.269125 
438 -1.269163 
5030 -1.269186 
4687 -1.269652 
5219 -1.269678 
2651 -1.270268 
198 -1.270333 
2247 -1.270431 
5559 -1.270631 
5841 -1.270871 
815 -1.271346 
3990 -1.271958 
1025 -1.272012 
5593 -1.272137 
5562 -1.272147 
291 -1.272313 
3159 -1.272393 
5689 -1.272437 
1401 -1.272596 
363 -1.272672 
5726 -1.273052 
5735 -1.273250 
595 -1.274164 
5940 -1.274386 
453 -1.274496 
53 -1.275059 
4571 -1.275825 
4164 -1.275837 
1755 -1.275975 
1323 -1.276148 
5652 -1.276152 
2010 -1.276278 
5765 -1.276411 
5690 -1.276866 
5402 -1.277008 
5908 -1.277141 
1379 -1.277159 
739 -1.277338 
721 -1.277421 
4342 -1.277498 
5539 -1.277596 
4296 -1.277602 
2511 -1.277668 
170 -1.277792 
2554 -1.278107 
5745 -1.278247 
5927 -1.278305 
3953 -1.278395 
5582 -1.278593 
5624 -1.278713 
2555 -1.279264 
5720 -1.279503 
4135 -1.279521 
5704 -1.280053 
5850 -1.280111 
3225 -1.280384 
2558 -1.281073 
4257 -1.281125 
71 -1.281416 
3949 -1.281502 
30 -1.282259 
2214 -1.282371 
4803 -1.282551 
3887 -1.282606 
3890 -1.282619 
4666 -1.282723 
2927 -1.282770 
4016 -1.282778 
1479 -1.282905 
5548 -1.282940 
4523 -1.283556 
1722 -1.283938 
5206 -1.283974 
2414 -1.284238 
219 -1.284290 
153 -1.284789 
375 -1.284880 
5363 -1.285192 
4935 -1.285310 
3908 -1.285724 
1062 -1.285802 
5809 -1.285859 
5350 -1.286358 
238 -1.286489 
1461 -1.286560 
2884 -1.286634 
5506 -1.286730 
326 -1.286889 
2049 -1.287007 
1399 -1.287659 
1635 -1.287683 
4153 -1.287750 
2559 -1.287886 
2103 -1.287987 
5806 -1.288160 
3736 -1.288231 
3832 -1.288382 
3227 -1.288406 
3032 -1.288504 
2160 -1.288557 
5145 -1.288754 
3375 -1.288911 
4168 -1.289024 
5911 -1.289042 
5090 -1.289098 
5031 -1.289300 
5454 -1.289360 
4027 -1.289415 
1162 -1.290046 
4213 -1.290245 
2174 -1.290525 
4102 -1.290819 
1433 -1.291094 
3810 -1.291167 
107 -1.291368 
2963 -1.291384 
3403 -1.291441 
487 -1.291467 
5621 -1.291551 
4477 -1.291766 
1723 -1.291898 
2591 -1.291899 
5455 -1.291921 
3826 -1.291928 
1943 -1.292184 
2660 -1.292188 
3954 -1.292195 
3783 -1.292236 
5389 -1.292261 
570 -1.292361 
5521 -1.292404 
3359 -1.292621 
985 -1.293085 
1491 -1.293320 
4817 -1.293371 
3504 -1.293411 
41 -1.293789 
2486 -1.293910 
866 -1.294266 
3767 -1.294357 
4297 -1.294378 
110 -1.294589 
778 -1.294966 
4621 -1.294969 
1368 -1.294972 
2065 -1.295335 
2702 -1.295488 
1212 -1.295520 
4841 -1.295593 
5416 -1.295614 
5837 -1.295686 
1163 -1.295963 
1639 -1.296350 
1643 -1.296725 
3459 -1.297262 
214 -1.297496 
2134 -1.297621 
3879 -1.297780 
5662 -1.298015 
4354 -1.298171 
5885 -1.298233 
5858 -1.298246 
3334 -1.298758 
1828 -1.298798 
4206 -1.298903 
5754 -1.298929 
5032 -1.299077 
5938 -1.299702 
657 -1.300017 
2066 -1.300444 
159 -1.300617 
5181 -1.300900 
1218 -1.301043 
5170 -1.301232 
5703 -1.301381 
2197 -1.301477 
4128 -1.301725 
79 -1.301866 
3193 -1.301941 
298 -1.302025 
3854 -1.302317 
4194 -1.302361 
5015 -1.302679 
5165 -1.302734 
686 -1.302855 
3461 -1.302973 
307 -1.303026 
3363 -1.303179 
15 -1.303183 
367 -1.303288 
4506 -1.303376 
4167 -1.303411 
1227 -1.303770 
4933 -1.303789 
2848 -1.303945 
279 -1.304316 
5088 -1.304392 
697 -1.304453 
5570 -1.304524 
4922 -1.305081 
239 -1.305441 
3883 -1.305447 
594 -1.305619 
4505 -1.305647 
2419 -1.305681 
5618 -1.305853 
76 -1.305890 
5256 -1.306165 
3119 -1.306302 
3320 -1.306542 
5946 -1.306785 
1856 -1.306790 
1675 -1.306850 
3845 -1.307304 
4491 -1.307472 
147 -1.307765 
3347 -1.307804 
2375 -1.307858 
1532 -1.307935 
5769 -1.308096 
4259 -1.308271 
2313 -1.308453 
4518 -1.308761 
506 -1.308774 
565 -1.308927 
5718 -1.309427 
3784 -1.309914 
1364 -1.309937 
2332 -1.309993 
5619 -1.310268 
3706 -1.311043 
2815 -1.311215 
3367 -1.311244 
1726 -1.311404 
1970 -1.311471 
1487 -1.311650 
4777 -1.311845 
303 -1.311909 
1545 -1.311989 
1119 -1.312166 
5699 -1.312353 
1557 -1.312363 
5395 -1.312570 
5822 -1.312772 
998 -1.312938 
1510 -1.312968 
5003 -1.313289 
2890 -1.313987 
1966 -1.314306 
5042 -1.314334 
2933 -1.314471 
1578 -1.314601 
2423 -1.314643 
442 -1.314845 
5705 -1.315287 
4544 -1.315324 
890 -1.315422 
366 -1.315591 
1788 -1.315795 
19 -1.315847 
1718 -1.316044 
377 -1.316132 
5907 -1.316418 
1515 -1.316472 
2270 -1.316722 
3707 -1.316760 
2403 -1.316894 
3791 -1.316920 
3991 -1.317061 
2099 -1.317483 
1626 -1.317715 
762 -1.317726 
2471 -1.317786 
3440 -1.317866 
1539 -1.318095 
387 -1.318129 
112 -1.318136 
5354 -1.318287 
5873 -1.318392 
5695 -1.318601 
3005 -1.318630 
3370 -1.318639 
2917 -1.318674 
1375 -1.318918 
1059 -1.319149 
618 -1.319259 
1548 -1.319299 
5886 -1.319358 
3458 -1.319428 
5493 -1.319695 
3462 -1.319814 
1785 -1.319829 
1065 -1.319976 
36 -1.320459 
5941 -1.320503 
5553 -1.320614 
513 -1.320736 
3011 -1.320961 
4665 -1.321021 
35 -1.321245 
827 -1.321501 
975 -1.322120 
2026 -1.322253 
5947 -1.322413 
567 -1.322453 
1907 -1.322609 
5053 -1.322644 
2210 -1.322717 
440 -1.323036 
3799 -1.323388 
5758 -1.323446 
2404 -1.323685 
2163 -1.323842 
5610 -1.323971 
4424 -1.324107 
2803 -1.324198 
109 -1.324495 
4513 -1.324588 
1979 -1.324671 
2916 -1.324906 
2309 -1.325127 
183 -1.325692 
1748 -1.325742 
5431 -1.325756 
3910 -1.325770 
1900 -1.325803 
3331 -1.325965 
4714 -1.326477 
4703 -1.326729 
5014 -1.326798 
113 -1.326915 
3326 -1.327070 
5757 -1.327257 
5667 -1.327264 
4776 -1.327530 
774 -1.327542 
5640 -1.327967 
1583 -1.328086 
310 -1.328228 
2583 -1.328286 
1995 -1.328522 
604 -1.328834 
229 -1.329130 
193 -1.329376 
571 -1.329379 
1998 -1.329392 
3835 -1.329754 
5055 -1.329806 
2039 -1.329946 
2739 -1.330137 
2851 -1.330213 
3043 -1.330224 
1088 -1.330418 
518 -1.330434 
1609 -1.331075 
4329 -1.331767 
5939 -1.331858 
4517 -1.331962 
5 -1.332289 
386 -1.332399 
5656 -1.332446 
2586 -1.332664 
4413 -1.332737 
3109 -1.332792 
3307 -1.332917 
928 -1.333282 
223 -1.333333 
1791 -1.333364 
2788 -1.333465 
270 -1.333565 
1683 -1.333588 
5434 -1.333602 
275 -1.333691 
5563 -1.333779 
5517 -1.333895 
1467 -1.334052 
5545 -1.334592 
489 -1.334655 
5310 -1.335174 
70 -1.335623 
921 -1.335808 
2659 -1.335885 
4026 -1.336113 
2941 -1.336238 
2349 -1.336295 
1213 -1.336311 
415 -1.336320 
3419 -1.336565 
2692 -1.336729 
2885 -1.336815 
4426 -1.337115 
2806 -1.337459 
5193 -1.337698 
5590 -1.337904 
5091 -1.338007 
4186 -1.338153 
4159 -1.338155 
309 -1.338676 
5508 -1.339028 
5755 -1.339038 
1292 -1.339039 
14 -1.339123 
3679 -1.339426 
3388 -1.339573 
5607 -1.339598 
5025 -1.339654 
1035 -1.340108 
1093 -1.340390 
437 -1.340485 
2799 -1.340597 
977 -1.340683 
5628 -1.340697 
1498 -1.340801 
2345 -1.340834 
4667 -1.340845 
1745 -1.341008 
5285 -1.341008 
2347 -1.341381 
5693 -1.341491 
1106 -1.341491 
5208 -1.341539 
2666 -1.341636 
3730 -1.341684 
4700 -1.341851 
2507 -1.341967 
2498 -1.342080 
3761 -1.342251 
710 -1.342416 
4223 -1.342420 
5324 -1.342702 
146 -1.342822 
1563 -1.342825 
2662 -1.342963 
5494 -1.342983 
5711 -1.343011 
263 -1.343511 
643 -1.343649 
294 -1.343680 
4379 -1.343758 
3676 -1.343799 
5287 -1.343819 
2931 -1.343936 
5581 -1.344003 
1991 -1.344045 
4678 -1.344049 
4861 -1.344065 
4726 -1.344109 
3418 -1.344423 
81 -1.344424 
5367 -1.344587 
232 -1.344625 
5220 -1.344694 
494 -1.344794 
3198 -1.344809 
4060 -1.344847 
3394 -1.344857 
2490 -1.344901 
426 -1.345151 
1398 -1.345484 
3313 -1.345589 
3262 -1.345616 
854 -1.345645 
5649 -1.345758 
3804 -1.345853 
4353 -1.346064 
5154 -1.346142 
1146 -1.346726 
4131 -1.346841 
5443 -1.346843 
464 -1.346883 
3807 -1.347029 
1569 -1.347142 
1784 -1.347454 
556 -1.347576 
5024 -1.347960 
4099 -1.348031 
1231 -1.348175 
673 -1.348196 
763 -1.348207 
4633 -1.348493 
792 -1.349070 
4326 -1.349223 
5651 -1.349262 
3075 -1.349478 
5419 -1.349565 
1780 -1.350601 
1606 -1.350629 
2434 -1.350657 
4174 -1.350668 
5846 -1.350675 
2968 -1.350813 
5561 -1.350919 
3982 -1.350957 
2130 -1.351063 
5186 -1.351182 
3820 -1.351370 
83 -1.351408 
879 -1.351523 
5370 -1.351669 
1111 -1.351714 
2477 -1.351718 
685 -1.351737 
4883 -1.351744 
1010 -1.351892 
3184 -1.351933 
785 -1.351941 
4833 -1.352036 
981 -1.352182 
2732 -1.352256 
3525 -1.352655 
2364 -1.352676 
5665 -1.352696 
4959 -1.352734 
3724 -1.352771 
2342 -1.353199 
4876 -1.353343 
2520 -1.353467 
3350 -1.353536 
3980 -1.353567 
3255 -1.353622 
3874 -1.353719 
423 -1.354038 
2272 -1.354070 
4401 -1.354353 
5599 -1.354397 
5701 -1.354489 
255 -1.354807 
1249 -1.354967 
4355 -1.355044 
4844 -1.355311 
3250 -1.355599 
4389 -1.355781 
5913 -1.355825 
4858 -1.355988 
501 -1.356088 
4232 -1.356195 
1640 -1.356245 
5573 -1.356446 
3562 -1.356499 
2165 -1.356815 
5051 -1.356825 
3495 -1.357008 
5912 -1.357056 
1497 -1.357183 
1473 -1.357231 
4055 -1.357374 
1261 -1.357952 
4020 -1.358055 
3009 -1.358222 
1455 -1.358393 
3733 -1.358725 
2902 -1.358863 
5668 -1.358907 
3715 -1.359023 
5325 -1.359240 
3987 -1.359317 
150 -1.359911 
3112 -1.359953 
5364 -1.359971 
4894 -1.360027 
1107 -1.360133 
5717 -1.360135 
858 -1.360146 
4065 -1.360167 
339 -1.360379 
3923 -1.360428 
2240 -1.360458 
3751 -1.360636 
1118 -1.360727 
4208 -1.361119 
2903 -1.361149 
807 -1.361212 
2383 -1.361372 
5382 -1.361568 
4511 -1.361580 
5766 -1.361599 
5882 -1.361767 
3181 -1.361805 
5658 -1.361840 
3763 -1.362033 
1476 -1.362233 
2873 -1.362394 
1421 -1.362449 
2814 -1.362651 
5918 -1.362755 
2091 -1.363252 
541 -1.363267 
3190 -1.363294 
3702 -1.363324 
5798 -1.363401 
1360 -1.363578 
186 -1.363616 
1189 -1.363658 
1338 -1.363818 
5655 -1.363964 
4369 -1.364156 
1113 -1.364347 
1123 -1.364477 
4325 -1.364491 
5211 -1.364727 
1042 -1.364809 
1122 -1.365176 
5773 -1.365246 
1226 -1.365327 
4218 -1.365645 
5557 -1.365677 
2845 -1.365715 
5483 -1.365788 
4893 -1.365933 
4025 -1.366001 
3717 -1.366077 
3882 -1.366119 
891 -1.366243 
1888 -1.366251 
1751 -1.366316 
919 -1.366405 
853 -1.366606 
1150 -1.366884 
4834 -1.366891 
3813 -1.367073 
346 -1.367124 
1402 -1.367314 
5195 -1.367338 
553 -1.367471 
277 -1.367549 
189 -1.367557 
1290 -1.367795 
149 -1.367807 
3822 -1.367876 
251 -1.367957 
5391 -1.368091 
1704 -1.368254 
1901 -1.368335 
4840 -1.368352 
2018 -1.368399 
5828 -1.368443 
3841 -1.368615 
1155 -1.368619 
4648 -1.368875 
4870 -1.368914 
2426 -1.368939 
1542 -1.369007 
1429 -1.369045 
2793 -1.369494 
2274 -1.369505 
4674 -1.369569 
419 -1.369609 
3246 -1.369634 
5467 -1.369781 
2441 -1.369790 
2381 -1.369819 
5258 -1.369877 
3435 -1.369990 
4568 -1.370028 
4185 -1.370071 
5744 -1.370105 
121 -1.370146 
5684 -1.370171 
2801 -1.370440 
411 -1.370455 
94 -1.370631 
3773 -1.370703 
218 -1.370713 
3157 -1.370730 
3912 -1.370985 
187 -1.371229 
3610 -1.371438 
5835 -1.371442 
3437 -1.371528 
855 -1.371572 
1507 -1.371673 
1070 -1.371705 
2939 -1.371864 
4023 -1.372102 
2996 -1.372102 
3609 -1.372172 
5362 -1.372280 
826 -1.372308 
3607 -1.372353 
78 -1.372447 
698 -1.372486 
5942 -1.372501 
5632 -1.372532 
269 -1.372545 
1719 -1.372699 
5480 -1.372767 
304 -1.372844 
5078 -1.372849 
2046 -1.372937 
808 -1.372982 
5681 -1.373086 
327 -1.373163 
1602 -1.373214 
1424 -1.373223 
3698 -1.373254 
1969 -1.373789 
2626 -1.373837 
3274 -1.373973 
958 -1.374057 
5866 -1.374221 
1170 -1.374328 
106 -1.374370 
439 -1.374513 
5782 -1.374516 
577 -1.374570 
1831 -1.374603 
999 -1.374675 
3641 -1.374676 
3501 -1.374853 
1530 -1.375030 
802 -1.375128 
5625 -1.375303 
2515 -1.375335 
2622 -1.375355 
5209 -1.375436 
970 -1.375943 
231 -1.375945 
4860 -1.376343 
1821 -1.376361 
4181 -1.376439 
1913 -1.376600 
4454 -1.376642 
45 -1.376657 
5945 -1.376743 
2422 -1.377012 
4690 -1.377079 
199 -1.377372 
1165 -1.377632 
2519 -1.377692 
540 -1.377779 
4324 -1.378003 
3740 -1.378043 
2457 -1.378207 
2478 -1.378228 
4765 -1.378286 
162 -1.378365 
1237 -1.378527 
4558 -1.378573 
2891 -1.378604 
5102 -1.378741 
1220 -1.378784 
5355 -1.378947 
4681 -1.378965 
1914 -1.379212 
5630 -1.379238 
5198 -1.379396 
5584 -1.379460 
5507 -1.379474 
2870 -1.379579 
2669 -1.379641 
2545 -1.379702 
5167 -1.379757 
4535 -1.379920 
1567 -1.379954 
5397 -1.380048 
2438 -1.380049 
4962 -1.380086 
2023 -1.380201 
1018 -1.380508 
1219 -1.380569 
260 -1.380839 
3366 -1.380859 
3199 -1.380910 
2512 -1.380963 
2005 -1.381223 
5794 -1.381274 
1382 -1.381325 
1898 -1.381417 
5840 -1.381506 
4374 -1.381612 
543 -1.381615 
3533 -1.381652 
3677 -1.381724 
5222 -1.381831 
5549 -1.381883 
4170 -1.381976 
1449 -1.381984 
3377 -1.382047 
870 -1.382274 
877 -1.382275 
2127 -1.382275 
378 -1.382290 
3323 -1.382417 
4998 -1.382581 
5591 -1.382721 
4152 -1.382734 
38 -1.382979 
1374 -1.383265 
1822 -1.383519 
5343 -1.383694 
619 -1.383876 
5663 -1.383916 
1229 -1.384228 
2413 -1.384298 
5673 -1.384429 
5818 -1.384573 
790 -1.384678 
5877 -1.384708 
2874 -1.384726 
1678 -1.384910 
2517 -1.384933 
3488 -1.385284 
5641 -1.385284 
4322 -1.385340 
2410 -1.385537 
4476 -1.385705 
1110 -1.385712 
4367 -1.385791 
2618 -1.385827 
2110 -1.385831 
5587 -1.385842 
441 -1.385847 
5299 -1.385939 
306 -1.386015 
5188 -1.386026 
2623 -1.386198 
5937 -1.386471 
4972 -1.386477 
2093 -1.386495 
3010 -1.386568 
5376 -1.386628 
1957 -1.386737 
29 -1.386743 
2898 -1.386823 
3411 -1.387038 
1361 -1.387128 
2203 -1.387163 
3675 -1.387226 
5033 -1.387378 
2335 -1.387578 
4569 -1.387742 
1000 -1.388062 
3710 -1.388645 
227 -1.388704 
2351 -1.388813 
278 -1.388836 
695 -1.388912 
3327 -1.389049 
2131 -1.389415 
1095 -1.389446 
2932 -1.389545 
1271 -1.389937 
3285 -1.389957 
3152 -1.389977 
1754 -1.390081 
1495 -1.390130 
5510 -1.390207 
257 -1.390239 
3779 -1.390433 
4662 -1.390556 
1149 -1.390565 
3353 -1.390792 
4320 -1.391021 
4097 -1.391053 
5594 -1.391067 
374 -1.391083 
2124 -1.391199 
4479 -1.391573 
1566 -1.391729 
4789 -1.391782 
368 -1.391892 
5687 -1.391932 
449 -1.391943 
5129 -1.392044 
1151 -1.392205 
1187 -1.392211 
1543 -1.392227 
4863 -1.392638 
3873 -1.392761 
3427 -1.392767 
4724 -1.393009 
3491 -1.393077 
4156 -1.393528 
1910 -1.393609 
2236 -1.393787 
4675 -1.393854 
2830 -1.393867 
4677 -1.393932 
4713 -1.393942 
5801 -1.394094 
192 -1.394243 
1613 -1.394364 
3116 -1.394436 
349 -1.394450 
158 -1.394724 
748 -1.394927 
751 -1.394929 
1501 -1.395006 
2170 -1.395031 
1987 -1.395109 
266 -1.395172 
379 -1.395190 
2243 -1.395216 
414 -1.395224 
4881 -1.395277 
1883 -1.395295 
1334 -1.395307 
3033 -1.395492 
3340 -1.395510 
816 -1.395567 
297 -1.395726 
840 -1.395751 
1881 -1.395753 
1007 -1.395808 
5729 -1.395838 
2448 -1.395851 
1257 -1.395970 
3642 -1.396049 
5670 -1.396255 
3909 -1.396275 
5406 -1.396361 
4874 -1.396444 
3764 -1.396527 
2794 -1.396621 
3354 -1.396745 
5799 -1.396806 
5187 -1.396836 
4683 -1.397041 
3880 -1.397120 
74 -1.397216 
2435 -1.397421 
4339 -1.397580 
1713 -1.397644 
3951 -1.397766 
5462 -1.397783 
3153 -1.397880 
4154 -1.397928 
2237 -1.398005 
2541 -1.398164 
4838 -1.398200 
3561 -1.398202 
5616 -1.398375 
2377 -1.398400 
4062 -1.398509 
1744 -1.398670 
4689 -1.398697 
3490 -1.398815 
772 -1.398832 
2696 -1.398905 
4348 -1.398913 
445 -1.399010 
4869 -1.399035 
5683 -1.399100 
1604 -1.399346 
5868 -1.399493 
3278 -1.399722 
1511 -1.399833 
3915 -1.399951 
2059 -1.400210 
4934 -1.400257 
3871 -1.400384 
237 -1.400391 
370 -1.400615 
4546 -1.400618 
1599 -1.400682 
2339 -1.400747 
2020 -1.400985 
311 -1.401057 
2953 -1.401059 
1502 -1.401075 
4338 -1.401086 
733 -1.401086 
427 -1.401098 
2245 -1.401222 
2999 -1.401256 
5334 -1.401283 
1371 -1.401421 
1506 -1.401479 
436 -1.401658 
2166 -1.401799 
3314 -1.401977 
3186 -1.401997 
3421 -1.402217 
5707 -1.402263 
3798 -1.402272 
2280 -1.402375 
334 -1.402425 
1877 -1.402464 
118 -1.402537 
3371 -1.402764 
2967 -1.403131 
1085 -1.403159 
3115 -1.403214 
5875 -1.403398 
954 -1.403423 
2308 -1.403608 
4522 -1.403751 
5721 -1.404327 
569 -1.404374 
2029 -1.404382 
4321 -1.404423 
1337 -1.404432 
3293 -1.404693 
111 -1.404814 
5671 -1.405127 
4508 -1.405295 
5606 -1.405317 
4828 -1.405334 
5272 -1.405359 
4451 -1.405437 
2915 -1.405591 
1221 -1.405655 
2363 -1.405869 
2865 -1.406143 
1464 -1.406190 
1671 -1.406236 
987 -1.406239 
3955 -1.406341 
161 -1.406373 
330 -1.406454 
1954 -1.406481 
4207 -1.406585 
3843 -1.406591 
3768 -1.406617 
4453 -1.406674 
3530 -1.406858 
3283 -1.406944 
4519 -1.407081 
5642 -1.407105 
1256 -1.407126 
2378 -1.407166 
3775 -1.407195 
4846 -1.407228 
5680 -1.407386 
2312 -1.407458 
5221 -1.407477 
5725 -1.407507 
1930 -1.407581 
2841 -1.407631 
5574 -1.407734 
1621 -1.407736 
5748 -1.407792 
5686 -1.407871 
2930 -1.407947 
2823 -1.408036 
1297 -1.408353 
1575 -1.408375 
843 -1.408378 
5339 -1.408528 
1986 -1.408627 
2728 -1.408716 
3572 -1.408805 
2657 -1.408812 
120 -1.408920 
3996 -1.409190 
2392 -1.409200 
383 -1.409241 
5270 -1.409241 
2209 -1.409312 
3878 -1.409326 
3037 -1.409348 
4694 -1.409355 
5611 -1.409443 
347 -1.409444 
253 -1.409478 
5588 -1.409595 
552 -1.409678 
5297 -1.409743 
2735 -1.409750 
3150 -1.409793 
1884 -1.409828 
4022 -1.409872 
5730 -1.409987 
1014 -1.410240 
1531 -1.410538 
4103 -1.410599 
195 -1.410606 
555 -1.410837 
2693 -1.410868 
828 -1.410973 
4830 -1.410974 
3251 -1.411199 
1159 -1.411247 
539 -1.411351 
1598 -1.411656 
2456 -1.411908 
4286 -1.411945 
3384 -1.411975 
1431 -1.412190 
3422 -1.412281 
5741 -1.412286 
3271 -1.412438 
369 -1.412441 
946 -1.412557 
454 -1.412661 
2619 -1.412712 
188 -1.412722 
1885 -1.412833 
155 -1.413023 
974 -1.413098 
976 -1.413101 
4855 -1.413159 
5732 -1.413192 
3498 -1.413220 
4857 -1.413252 
1819 -1.413428 
196 -1.413531 
2175 -1.413650 
3252 -1.413737 
3499 -1.413762 
3259 -1.413798 
3744 -1.413861 
3148 -1.413944 
3571 -1.413989 
1054 -1.414014 
3877 -1.414035 
295 -1.414068 
2904 -1.414142 
672 -1.414165 
5805 -1.414239 
1634 -1.414268 
3376 -1.414282 
574 -1.414423 
607 -1.414454 
1183 -1.414542 
3275 -1.414621 
4659 -1.414733 
3079 -1.414762 
180 -1.414763 
1711 -1.414827 
3257 -1.414972 
761 -1.415066 
1073 -1.415071 
3875 -1.415147 
3739 -1.415230 
957 -1.415277 
3777 -1.415298 
2836 -1.415318 
2437 -1.415511 
4058 -1.415631 
4366 -1.415633 
2206 -1.415684 
1452 -1.415825 
1952 -1.415971 
3713 -1.416062 
1520 -1.416083 
5650 -1.416250 
5504 -1.416299 
3335 -1.416305 
4845 -1.416472 
5544 -1.416477 
5859 -1.416562 
1223 -1.416642 
4323 -1.416651 
2866 -1.416736 
2095 -1.416791 
5739 -1.416918 
345 -1.417090 
4336 -1.417215 
3569 -1.417428 
5396 -1.417560 
4204 -1.417611 
1023 -1.417651 
4986 -1.417655 
3493 -1.417668 
5027 -1.417735 
1078 -1.417836 
2277 -1.417998 
177 -1.418096 
648 -1.418168 
5441 -1.418291 
3749 -1.418351 
5771 -1.418475 
4974 -1.418518 
3397 -1.418542 
302 -1.418566 
3711 -1.418574 
4269 -1.418707 
3649 -1.418771 
3223 -1.419140 
1929 -1.419171 
5001 -1.419192 
5815 -1.419334 
2560 -1.419394 
5870 -1.419567 
2627 -1.419631 
39 -1.419813 
3425 -1.420142 
1997 -1.420484 
1094 -1.420488 
4528 -1.420576 
4715 -1.420750 
1047 -1.420753 
2506 -1.420788 
983 -1.420817 
365 -1.420838 
3268 -1.420916 
1005 -1.420987 
152 -1.421257 
2966 -1.421272 
2703 -1.421398 
4539 -1.421471 
4849 -1.421729 
341 -1.422039 
1022 -1.422187 
1616 -1.422206 
123 -1.422206 
1298 -1.422431 
190 -1.422436 
4525 -1.422495 
5810 -1.422553 
1291 -1.422647 
5430 -1.422686 
1190 -1.422709 
3816 -1.422850 
1712 -1.422912 
994 -1.422981 
4680 -1.423024 
2055 -1.423098 
4742 -1.423110 
5830 -1.423177 
3311 -1.423205 
3194 -1.423456 
2620 -1.423500 
2446 -1.423570 
2475 -1.423626 
1536 -1.423875 
1589 -1.424024 
972 -1.424092 
3944 -1.424110 
3735 -1.424124 
2855 -1.424260 
2002 -1.424314 
1038 -1.424340 
4684 -1.424371 
4739 -1.424741 
5789 -1.424788 
5643 -1.425098 
5555 -1.425131 
3108 -1.425326 
1289 -1.425408 
3288 -1.425491 
1494 -1.425814 
2025 -1.425909 
3603 -1.425969 
3825 -1.426215 
4169 -1.426536 
3408 -1.426794 
1048 -1.426809 
1526 -1.426926 
531 -1.426994 
4606 -1.427106 
3360 -1.427116 
4509 -1.427130 
1709 -1.427149 
2408 -1.427244 
1948 -1.427272 
254 -1.427361 
5702 -1.427379 
3708 -1.427567 
2820 -1.427654 
2897 -1.427723 
1855 -1.427846 
1096 -1.427915 
1254 -1.428038 
1489 -1.428350 
4686 -1.428355 
371 -1.428367 
5143 -1.428462 
5352 -1.428504 
2001 -1.428548 
1906 -1.428639 
1013 -1.428678 
3424 -1.428866 
1681 -1.428902 
4672 -1.429215 
1945 -1.429464 
2697 -1.429475 
3728 -1.429612 
2844 -1.429620 
3036 -1.429728 
959 -1.429896 
4832 -1.430020 
5006 -1.430020 
1927 -1.430061 
478 -1.430148 
760 -1.430193 
1618 -1.430392 
1 -1.430442 
1378 -1.430530 
2854 -1.430614 
542 -1.430656 
5412 -1.430734 
647 -1.430769 
3638 -1.430817 
2107 -1.430869 
10 -1.430924 
2368 -1.430936 
3107 -1.431004 
896 -1.431025 
4496 -1.431083 
5733 -1.431122 
2546 -1.431123 
2447 -1.431123 
490 -1.431276 
4201 -1.431288 
5495 -1.431339 
2 -1.431374 
2015 -1.431390 
528 -1.431395 
2399 -1.431620 
5039 -1.431648 
980 -1.431808 
3819 -1.432072 
817 -1.432154 
2871 -1.432161 
4180 -1.432226 
2833 -1.432409 
2169 -1.432430 
1125 -1.432509 
3570 -1.432604 
3808 -1.432665 
1051 -1.432677 
4843 -1.432727 
3564 -1.432805 
696 -1.432841 
5414 -1.432922 
3390 -1.433057 
4183 -1.433162 
1295 -1.433417 
181 -1.433463 
5223 -1.433757 
5336 -1.433838 
3245 -1.434136 
1679 -1.434157 
5037 -1.434284 
2880 -1.434333 
444 -1.434430 
2090 -1.434752 
3454 -1.434789 
4608 -1.434961 
582 -1.434978 
2171 -1.435113 
5819 -1.435550 
5554 -1.435591 
201 -1.435912 
3284 -1.436209 
969 -1.436262 
4234 -1.436275 
2310 -1.436284 
2451 -1.436285 
2862 -1.436291 
5710 -1.436299 
2246 -1.436314 
3821 -1.436351 
2859 -1.436386 
3529 -1.436435 
1258 -1.436556 
3113 -1.436579 
1109 -1.436662 
5442 -1.436754 
4244 -1.436775 
2397 -1.436927 
3294 -1.436965 
2205 -1.437000 
1422 -1.437016 
5578 -1.437108 
3404 -1.437200 
4804 -1.437252 
821 -1.437352 
3319 -1.437434 
1080 -1.437507 
8 -1.437558 
4886 -1.437663 
4063 -1.437793 
3673 -1.438085 
1861 -1.438104 
927 -1.438154 
2972 -1.438226 
2283 -1.438370 
918 -1.438386 
408 -1.438672 
1920 -1.438737 
4132 -1.438909 
5622 -1.438949 
248 -1.439084 
2876 -1.439093 
5017 -1.439121 
5864 -1.439196 
1442 -1.439208 
1588 -1.439323 
2791 -1.439429 
3343 -1.439568 
2819 -1.439653 
1135 -1.439759 
1926 -1.439785 
1949 -1.439900 
5534 -1.439971 
5821 -1.440040 
2048 -1.440497 
5878 -1.440525 
4101 -1.440584 
956 -1.440657 
274 -1.440671 
1551 -1.440715 
221 -1.440789 
435 -1.440872 
1071 -1.440910 
4217 -1.440961 
5140 -1.441002 
1003 -1.441033 
3270 -1.441132 
593 -1.441177 
4162 -1.441205 
3385 -1.441243 
1064 -1.441285 
4868 -1.441337 
517 -1.441426 
4693 -1.441486 
3565 -1.441580 
2474 -1.441891 
2489 -1.441962 
4688 -1.441993 
1182 -1.442054 
5380 -1.442135 
3381 -1.442266 
3532 -1.442545 
44 -1.442599 
2006 -1.442616 
1493 -1.442711 
5723 -1.442795 
1120 -1.442851 
314 -1.442952 
5900 -1.443053 
1535 -1.443275 
1039 -1.443280 
4543 -1.443372 
5880 -1.443536 
5933 -1.443543 
5392 -1.443706 
2314 -1.443913 
4282 -1.444413 
4507 -1.444419 
2317 -1.444472 
1554 -1.444528 
894 -1.444616 
2954 -1.444683 
5182 -1.444699 
1435 -1.444826 
2875 -1.444869 
5453 -1.444884 
2493 -1.444970 
5674 -1.445103 
5361 -1.445121 
3725 -1.445136 
3770 -1.445205 
4856 -1.445388 
814 -1.445650 
2769 -1.445936 
256 -1.446162 
2943 -1.446210 
1011 -1.446250 
1916 -1.446310 
2334 -1.446497 
906 -1.446498 
313 -1.446610 
2590 -1.446914 
1600 -1.446964 
252 -1.447088 
4364 -1.447173 
3342 -1.447205 
1982 -1.447359 
2207 -1.447532 
5066 -1.447586 
2532 -1.447632 
2286 -1.447637 
3917 -1.447673 
1115 -1.447862 
5274 -1.447863 
3289 -1.448076 
3606 -1.448140 
1824 -1.448195 
2962 -1.448209 
1911 -1.448237 
5812 -1.448254 
289 -1.448321 
5205 -1.448358 
1556 -1.448394 
3391 -1.448398 
1574 -1.448458 
3601 -1.448681 
5763 -1.448775 
1044 -1.448856 
660 -1.448885 
1427 -1.448985 
1329 -1.449048 
2827 -1.449099 
4363 -1.449255 
2167 -1.449343 
222 -1.449372 
1946 -1.449456 
9 -1.449465 
69 -1.449466 
5793 -1.449484 
4493 -1.449485 
3869 -1.449532 
1076 -1.449545 
1607 -1.449598 
4778 -1.449636 
3276 -1.449710 
1141 -1.449738 
5394 -1.449929 
1045 -1.450014 
2353 -1.450051 
1587 -1.450431 
5393 -1.450680 
669 -1.450725 
4271 -1.450758 
1020 -1.450809 
2969 -1.450815 
3290 -1.450867 
5511 -1.450964 
2585 -1.451100 
6 -1.451174 
3379 -1.451386 
3946 -1.451445 
4427 -1.451496 
5838 -1.451732 
337 -1.451779 
995 -1.451916 
2094 -1.451948 
4233 -1.452006 
1878 -1.452305 
2057 -1.452360 
529 -1.452655 
3720 -1.452692 
3248 -1.453054 
4360 -1.453088 
2053 -1.453187 
2282 -1.453324 
1031 -1.453367 
280 -1.453443 
2805 -1.453506 
126 -1.453607 
2060 -1.453663 
4129 -1.453877 
1571 -1.453954 
16 -1.454025 
1224 -1.454056 
5196 -1.454290 
1367 -1.454393 
2765 -1.454451 
3078 -1.454584 
122 -1.454654 
978 -1.454701 
2789 -1.454739 
1860 -1.454774 
3786 -1.454827 
1573 -1.455007 
2389 -1.455211 
116 -1.455452 
5052 -1.455467 
3785 -1.455488 
3782 -1.455515 
2418 -1.455621 
2879 -1.455891 
888 -1.456016 
3746 -1.456158 
629 -1.456167 
4547 -1.456221 
2658 -1.456297 
842 -1.456336 
5664 -1.456366 
4727 -1.456553 
1335 -1.456555 
3040 -1.456584 
443 -1.456612 
2318 -1.456617 
2054 -1.456683 
2338 -1.456703 
224 -1.456868 
1152 -1.456904 
5152 -1.456913 
3789 -1.457189 
3076 -1.457259 
2817 -1.457398 
4098 -1.457564 
4235 -1.457612 
638 -1.457657 
4061 -1.457828 
2798 -1.457952 
3864 -1.458045 
4512 -1.458089 
3309 -1.458261 
3567 -1.458450 
2398 -1.458494 
5158 -1.458626 
4094 -1.458657 
3183 -1.458701 
3305 -1.458824 
4365 -1.458900 
3074 -1.458926 
4871 -1.458987 
2495 -1.459052 
2201 -1.459079 
5580 -1.459108 
1710 -1.459131 
5509 -1.459148 
1105 -1.459284 
1750 -1.459388 
1977 -1.459410 
699 -1.459459 
1406 -1.459474 
813 -1.459615 
144 -1.459662 
4415 -1.459675 
2549 -1.459747 
2374 -1.459819 
929 -1.459878 
372 -1.460038 
4157 -1.460040 
1437 -1.460209 
2516 -1.460378 
1951 -1.460508 
1339 -1.460582 
2279 -1.460654 
2460 -1.460717 
5848 -1.460948 
1993 -1.461102 
1084 -1.461173 
3110 -1.461192 
3496 -1.461226 
5724 -1.461283 
1550 -1.461400 
1586 -1.461423 
5728 -1.461452 
3535 -1.461605 
1460 -1.461633 
2905 -1.461731 
2856 -1.461804 
4921 -1.461872 
2340 -1.462015 
2132 -1.462077 
3310 -1.462088 
1924 -1.462246 
3316 -1.462255 
2929 -1.462285 
3769 -1.462295 
5103 -1.462327 
3336 -1.462361 
2807 -1.462386 
3712 -1.462438 
3149 -1.462570 
5054 -1.462576 
4182 -1.462727 
971 -1.463091 
4673 -1.463138 
2472 -1.463168 
1504 -1.463308 
3776 -1.463332 
4738 -1.463398 
5592 -1.463521 
1887 -1.463538 
3188 -1.463587 
3387 -1.463600 
3916 -1.463706 
1365 -1.463724 
1918 -1.463972 
4100 -1.464025 
1083 -1.464212 
2482 -1.464370 
1714 -1.464407 
3754 -1.464507 
258 -1.464772 
1708 -1.464816 
5063 -1.464847 
1490 -1.464907 
3006 -1.465036 
4545 -1.465093 
2896 -1.465181 
1514 -1.465423 
4195 -1.465582 
3423 -1.465742 
18 -1.465743 
272 -1.465923 
1512 -1.465990 
2514 -1.466054 
2062 -1.466247 
4559 -1.466248 
834 -1.466304 
1033 -1.466631 
1682 -1.466655 
1024 -1.466675 
2098 -1.466730 
1017 -1.466799 
1865 -1.466812 
656 -1.466823 
2861 -1.466837 
33 -1.466949 
2853 -1.466967 
1559 -1.466977 
3727 -1.467084 
3357 -1.467101 
234 -1.467317 
3279 -1.467357 
3329 -1.467373 
1572 -1.467484 
1994 -1.467512 
633 -1.467573 
2587 -1.467615 
446 -1.467621 
2893 -1.468004 
3348 -1.468116 
1077 -1.468350 
178 -1.468425 
3718 -1.468618 
2401 -1.468670 
3158 -1.468769 
1293 -1.468776 
2668 -1.468853 
3818 -1.468886 
3317 -1.469222 
1960 -1.469302 
261 -1.469472 
1328 -1.469593 
3221 -1.469632 
2126 -1.469705 
5943 -1.469728 
4764 -1.469825 
1611 -1.469864 
3705 -1.469944 
5349 -1.470022 
4725 -1.470095 
2919 -1.470195 
1956 -1.470258 
841 -1.470288 
4480 -1.470687 
3771 -1.470727 
1179 -1.471051 
273 -1.471090 
3988 -1.471102 
3118 -1.471278 
5761 -1.471312 
2390 -1.471439 
2367 -1.471512 
2372 -1.471663 
4246 -1.471759 
1538 -1.471759 
129 -1.471782 
825 -1.471816 
3281 -1.471832 
3802 -1.472073 
2458 -1.472118 
3745 -1.472154 
1547 -1.472409 
220 -1.472506 
3282 -1.472539 
2825 -1.472569 
184 -1.472615 
5433 -1.472811 
2089 -1.472837 
1500 -1.472849 
473 -1.472953 
3312 -1.473009 
591 -1.473157 
1075 -1.473166 
4676 -1.473432 
1468 -1.473441 
2470 -1.473601 
3004 -1.473653 
1114 -1.473997 
801 -1.474002 
1168 -1.474025 
3981 -1.474045 
3600 -1.474130 
1962 -1.474252 
4766 -1.474306 
2955 -1.474328 
838 -1.474455 
650 -1.474548 
993 -1.474750 
645 -1.474793 
1601 -1.474802 
1478 -1.474853 
3762 -1.474875 
1055 -1.475148 
4737 -1.475332 
2857 -1.475446 
1426 -1.475502 
380 -1.475680 
3145 -1.475881 
2097 -1.475929 
1049 -1.476039 
1167 -1.476155 
4931 -1.476168 
1958 -1.476342 
4541 -1.476346 
4691 -1.476409 
5597 -1.476553 
1425 -1.476671 
1327 -1.476820 
3984 -1.476975 
1546 -1.477011 
2051 -1.477025 
1012 -1.477060 
1638 -1.477118 
2235 -1.477179 
3840 -1.477300 
104 -1.477355 
5697 -1.477365 
105 -1.477402 
5390 -1.477490 
829 -1.477498 
5792 -1.477582 
4510 -1.477653 
4337 -1.477723 
5788 -1.477744 
2336 -1.477752 
1043 -1.478027 
268 -1.478086 
2737 -1.478135 
5547 -1.478382 
1880 -1.478448 
836 -1.478498 
2824 -1.478626 
2409 -1.478747 
1181 -1.478766 
1990 -1.478884 
5627 -1.478966 
217 -1.479104 
5790 -1.479107 
1522 -1.479336 
3256 -1.479368 
4530 -1.479715 
4179 -1.479800 
2864 -1.479966 
1186 -1.480245 
4494 -1.480257 
3602 -1.480280 
1676 -1.480538 
2544 -1.480548 
2589 -1.480645 
2831 -1.480678 
1129 -1.480694 
3983 -1.480719 
1082 -1.480739 
2275 -1.480750 
1326 -1.480870 
2204 -1.480906 
4679 -1.480910 
519 -1.481217 
2443 -1.481253 
2835 -1.481261 
2362 -1.481408 
1984 -1.481467 
2842 -1.481478 
1529 -1.481501 
4622 -1.481540 
1124 -1.481624 
3038 -1.481727 
3852 -1.481852 
5576 -1.481920 
134 -1.481978 
1330 -1.481987 
5551 -1.482015 
3308 -1.482124 
5321 -1.482267 
5876 -1.482367 
1462 -1.482369 
1081 -1.482372 
2376 -1.482390 
1331 -1.482425 
931 -1.482432 
2067 -1.482450 
2580 -1.482545 
1117 -1.482585 
1581 -1.482689 
1644 -1.482933 
1040 -1.482959 
5379 -1.483093 
968 -1.483126 
5505 -1.483183 
5661 -1.483220 
5654 -1.483240 
2343 -1.483345 
5012 -1.483543 
4610 -1.483567 
4370 -1.483789 
1503 -1.483922 
1963 -1.483928 
2476 -1.483932 
1921 -1.484029 
1154 -1.484055 
746 -1.484175 
1087 -1.484338 
3247 -1.484363 
806 -1.484449 
819 -1.484457 
1184 -1.484492 
2818 -1.484555 
1333 -1.484636 
2454 -1.484643 
5719 -1.484703 
3187 -1.484890 
163 -1.484900 
3862 -1.484945 
5546 -1.485043 
3318 -1.485155 
2582 -1.485256 
3069 -1.485384 
5577 -1.485536 
2616 -1.485541 
649 -1.485840 
2617 -1.485845 
2816 -1.485871 
1965 -1.485908 
2061 -1.485986 
3280 -1.486081 
5772 -1.486087 
2096 -1.486160 
2407 -1.486169 
3674 -1.486188 
2369 -1.486305 
2396 -1.486339 
568 -1.486535 
4221 -1.486570 
2439 -1.486608 
1430 -1.486636 
141 -1.486693 
1019 -1.486749 
4274 -1.486795 
4333 -1.486839 
3261 -1.486856 
3453 -1.486893 
4192 -1.486905 
3645 -1.486966 
140 -1.487010 
1472 -1.487134 
5018 -1.487177 
1947 -1.487190 
2211 -1.487201 
1992 -1.487304 
5173 -1.487421 
2505 -1.487510 
3356 -1.487531 
1001 -1.487539 
916 -1.487594 
3345 -1.487622 
5865 -1.488017 
5781 -1.488032 
2371 -1.488128 
344 -1.488205 
1971 -1.488763 
992 -1.488774 
2925 -1.489007 
4193 -1.489008 
1917 -1.489185 
2133 -1.489225 
1299 -1.489257 
5620 -1.489292 
2926 -1.489635 
2998 -1.489641 
1919 -1.489752 
1053 -1.489818 
5421 -1.489920 
299 -1.489983 
5623 -1.489991 
328 -1.490031 
4237 -1.490171 
1988 -1.490228 
1980 -1.490439 
2370 -1.490448 
3258 -1.490544 
1428 -1.490611 
3073 -1.490630 
4096 -1.490806 
2837 -1.490812 
1034 -1.490949 
1446 -1.490956 
2796 -1.490969 
4283 -1.490985 
3653 -1.490999 
3 -1.491041 
1882 -1.491115 
2202 -1.491232 
335 -1.491245 
3080 -1.491283 
2395 -1.491328 
5556 -1.491479 
5115 -1.491513 
2365 -1.491620 
3742 -1.491795 
1234 -1.491802 
1961 -1.491856 
3154 -1.491971 
2734 -1.492043 
3651 -1.492160 
5482 -1.492174 
2834 -1.492236 
66 -1.492338 
4536 -1.492395 
1781 -1.492502 
4104 -1.492660 
5716 -1.492722 
1534 -1.492947 
4835 -1.492967 
2839 -1.493001 
1989 -1.493088 
1645 -1.493140 
5064 -1.493311 
4425 -1.493399 
917 -1.493438 
114 -1.493486 
5366 -1.493526 
2405 -1.493721 
319 -1.493818 
4440 -1.494064 
3772 -1.494092 
3034 -1.494240 
2063 -1.494306 
865 -1.494370 
156 -1.494390 
3295 -1.494399 
1072 -1.494755 
2736 -1.494895 
2041 -1.494926 
11 -1.494983 
417 -1.494991 
5595 -1.495016 
2510 -1.495188 
292 -1.495200 
1641 -1.495341 
3842 -1.495401 
2056 -1.495487 
3714 -1.495607 
1296 -1.495651 
1608 -1.495852 
1923 -1.495853 
2787 -1.495860 
2135 -1.495876 
3349 -1.495969 
1067 -1.496042 
4685 -1.496179 
5335 -1.496266 
2359 -1.496269 
2385 -1.496283 
2241 -1.496420 
4158 -1.496567 
4521 -1.496733 
2440 -1.496863 
56 -1.496897 
5633 -1.496902 
2492 -1.496929 
32 -1.497128 
3743 -1.497139 
3604 -1.497175 
2699 -1.497289 
1079 -1.497310 
2661 -1.497371 
2281 -1.497439 
1568 -1.497455 
1637 -1.497568 
1904 -1.497635 
2860 -1.497663 
1677 -1.497683 
4701 -1.497728 
1909 -1.497783 
5653 -1.498099 
4372 -1.498214 
1794 -1.498406 
5344 -1.498416 
2548 -1.498429 
674 -1.498442 
5210 -1.498849 
3503 -1.498992 
4582 -1.499015 
5774 -1.499127 
5948 -1.499150 
1432 -1.499375 
592 -1.499512 
1006 -1.499625 
1363 -1.499767 
3191 -1.500334 
1407 -1.500340 
5736 -1.500462 
1636 -1.500528 
4650 -1.500561 
2417 -1.500620 
5571 -1.500666 
5550 -1.500718 
1474 -1.500824 
3797 -1.500847 
3146 -1.500857 
3905 -1.500957 
2838 -1.501087 
4712 -1.501139 
5589 -1.501220 
5481 -1.501361 
3306 -1.501420 
2406 -1.501500 
1112 -1.501718 
1908 -1.501837 
2961 -1.501950 
5747 -1.502018 
1673 -1.502128 
1562 -1.502324 
5678 -1.502469 
3401 -1.502516 
5365 -1.502656 
831 -1.502938 
986 -1.503041 
2971 -1.503055 
2021 -1.503148 
1362 -1.503213 
2899 -1.503419 
955 -1.503751 
3979 -1.504041 
3243 -1.504051 
2964 -1.504051 
4520 -1.504097 
4598 -1.504135 
2088 -1.504192 
2887 -1.504211 
4130 -1.504218 
148 -1.504295 
3077 -1.504342 
1632 -1.504461 
3494 -1.504469 
332 -1.504470 
5634 -1.504552 
3254 -1.504591 
4754 -1.504714 
2694 -1.504765 
4924 -1.504901 
1496 -1.504915 
133 -1.505154 
3758 -1.505238 
2829 -1.505329 
5469 -1.505416 
1255 -1.505429 
1050 -1.505612 
708 -1.505697 
1002 -1.505759 
3273 -1.505835 
1194 -1.505913 
5466 -1.505917 
4341 -1.505981 
3870 -1.505998 
1597 -1.506221 
360 -1.506288 
4492 -1.506295 
1436 -1.506328 
5692 -1.506417 
3697 -1.506552 
2970 -1.506681 
48 -1.506865 
4859 -1.507068 
3774 -1.507142 
2200 -1.507360 
2361 -1.507437 
3189 -1.507517 
1560 -1.507531 
1373 -1.507606 
4842 -1.507629 
3809 -1.507821 
830 -1.507832 
4205 -1.507989 
1008 -1.508264 
264 -1.508482 
1046 -1.508488 
3291 -1.508597 
5045 -1.508693 
5418 -1.508704 
5353 -1.508736 
2504 -1.508754 
1457 -1.508772 
2974 -1.508956 
3072 -1.509074 
350 -1.509148 
3672 -1.509572 
1830 -1.509638 
5309 -1.509671 
3287 -1.509724 
908 -1.509775 
4187 -1.510056 
3244 -1.510120 
1171 -1.510173 
1922 -1.510263 
3042 -1.510294 
3242 -1.510412 
4092 -1.510500 
1540 -1.510668 
5694 -1.510799 
4661 -1.510889 
1191 -1.510907 
646 -1.510911 
4165 -1.510970 
5514 -1.511015 
3647 -1.511045 
3780 -1.511167 
2450 -1.511168 
4439 -1.511208 
1370 -1.511236 
2914 -1.511462 
3352 -1.511641 
5311 -1.511648 
1448 -1.511685 
1121 -1.511766 
1610 -1.511870 
5081 -1.512002 
2449 -1.512021 
1060 -1.512023 
385 -1.512168 
1036 -1.512727 
1976 -1.512764 
1423 -1.512882 
2444 -1.512915 
4441 -1.512972 
1915 -1.513019 
2442 -1.513019 
2965 -1.513047 
5731 -1.513084 
5905 -1.513135 
93 -1.513297 
2863 -1.513323 
2481 -1.513388 
2109 -1.513431 
5016 -1.513540 
5648 -1.513633 
2242 -1.513667 
5660 -1.514043 
1570 -1.514102 
2136 -1.514249 
5522 -1.514395 
5388 -1.514500 
5906 -1.514519 
997 -1.514565 
3805 -1.514718 
889 -1.514741 
3346 -1.514781 
1475 -1.514825 
3351 -1.514943 
1451 -1.515040 
3298 -1.515128 
300 -1.515208 
5533 -1.515248 
5029 -1.515300 
1215 -1.515312 
2459 -1.515333 
1942 -1.515337 
681 -1.515344 
4064 -1.515373 
4184 -1.515393 
4019 -1.515423 
2934 -1.515511 
2432 -1.515562 
340 -1.515681 
1009 -1.515701 
2822 -1.515745 
737 -1.515781 
1707 -1.515945 
4779 -1.516097 
212 -1.516113 
4301 -1.516226 
259 -1.516358 
420 -1.516372 
3286 -1.516380 
3753 -1.516411 
3817 -1.516475 
3328 -1.516535 
2900 -1.516600 
804 -1.516651 
1086 -1.516686 
2137 -1.516809 
2162 -1.516920 
3292 -1.517015 
288 -1.517110 
3344 -1.517146 
1533 -1.517202 
5944 -1.517244 
1603 -1.517260 
1056 -1.517478 
2826 -1.517507 
3778 -1.517507 
2415 -1.517685 
4597 -1.517772 
2473 -1.517812 
3041 -1.517813 
5669 -1.517815 
5077 -1.517830 
800 -1.517850 
5360 -1.517953 
1021 -1.518028 
1633 -1.518072 
3081 -1.518114 
1674 -1.518152 
3766 -1.518283 
2453 -1.518428 
2518 -1.518436 
182 -1.518443 
803 -1.518751 
5871 -1.518764 
4105 -1.518799 
5405 -1.519169 
1889 -1.519176 
3893 -1.519450 
1528 -1.519470 
1672 -1.519510 
1508 -1.519829 
5816 -1.519922 
316 -1.519930 
2024 -1.519997 
2727 -1.520042 
1453 -1.520052 
1985 -1.520053 
2698 -1.520131 
1565 -1.520205 
2027 -1.520225 
1820 -1.520257 
4268 -1.520479 
1541 -1.520704 
73 -1.520797 
160 -1.520917 
2792 -1.521009 
3824 -1.521225 
5914 -1.521311 
1941 -1.521509 
5682 -1.521515 
3378 -1.521622 
2168 -1.521693 
5428 -1.522080 
2358 -1.522127 
4106 -1.522276 
1178 -1.522530 
5172 -1.522713 
3800 -1.522772 
5691 -1.522797 
4668 -1.522815 
1142 -1.522941 
3747 -1.522943 
1300 -1.523098 
606 -1.523151 
2429 -1.523160 
1015 -1.523255 
1716 -1.523351 
1037 -1.523675 
2868 -1.523747 
4872 -1.523912 
3192 -1.523930 
557 -1.524343 
1074 -1.524423 
4247 -1.524721 
4847 -1.524938 
2360 -1.525187 
103 -1.525191 
1902 -1.525232 
1940 -1.525238 
2348 -1.525332 
637 -1.525439 
5746 -1.525513 
2341 -1.525518 
5700 -1.525800 
5583 -1.525826 
2628 -1.525909 
664 -1.525999 
1955 -1.526026 
1492 -1.526060 
3734 -1.526166 
4299 -1.526332 
3492 -1.526391 
3731 -1.526421 
3195 -1.526431 
151 -1.526523 
4702 -1.526535 
2858 -1.526548 
31 -1.526579 
2030 -1.526845 
5753 -1.527307 
4532 -1.527345 
1302 -1.527538 
1561 -1.527689 
3945 -1.527808 
2022 -1.527853 
2843 -1.527911 
3362 -1.527935 
2771 -1.528073 
1944 -1.528093 
1717 -1.528322 
2129 -1.528400 
1259 -1.528482 
1564 -1.528499 
3741 -1.528581 
1004 -1.528806 
1827 -1.529035 
1369 -1.529042 
1950 -1.529275 
4465 -1.529304 
3872 -1.529354 
5338 -1.529706 
1854 -1.529708 
5492 -1.529794 
3748 -1.529934 
2468 -1.529937 
3249 -1.530167 
3330 -1.530190 
2058 -1.530265 
5513 -1.530365 
2795 -1.530425 
3998 -1.530458 
5377 -1.530462 
832 -1.530510 
2828 -1.530615 
194 -1.530706 
4021 -1.530926 
3332 -1.530983 
805 -1.531115 
3528 -1.531396 
4361 -1.531613 
433 -1.532023 
1260 -1.532033 
1144 -1.532127 
115 -1.532204 
3837 -1.532205 
3732 -1.532505 
2238 -1.532521 
2420 -1.532525 
5232 -1.532711 
1786 -1.532874 
2480 -1.532970 
3827 -1.533176 
57 -1.533324 
1057 -1.533406 
3322 -1.533502 
3253 -1.533629 
4669 -1.533681 
4698 -1.533707 
3035 -1.533795 
2892 -1.534009 
2311 -1.534241 
2508 -1.534290 
2346 -1.534430 
5752 -1.534634 
1185 -1.535052 
2581 -1.535299 
1434 -1.535568 
4705 -1.535735 
1857 -1.535836 
1030 -1.535951 
1469 -1.536154 
1953 -1.536194 
5527 -1.536356 
1715 -1.536418 
2043 -1.536492 
3566 -1.536521 
713 -1.536668 
3765 -1.536714 
5685 -1.536723 
2239 -1.536923 
3373 -1.536960 
3640 -1.537074 
4390 -1.537460 
4140 -1.537577 
558 -1.537726 
1778 -1.538084 
4231 -1.538128 
2496 -1.538182 
240 -1.538581 
3836 -1.538853 
1790 -1.539054 
12 -1.539111 
373 -1.539235 
3709 -1.539342 
5776 -1.539522 
1932 -1.539533 
3781 -1.539546 
5626 -1.539584 
293 -1.539621 
4805 -1.539734 
1450 -1.539876 
1192 -1.540157 
3039 -1.540163 
4059 -1.540186 
4910 -1.540266 
342 -1.540266 
185 -1.540312 
3417 -1.540336 
3723 -1.540605 
1341 -1.540608 
1553 -1.540678 
2337 -1.540944 
1069 -1.541037 
1456 -1.541245 
3369 -1.541359 
1752 -1.541366 
709 -1.541448 
4873 -1.541467 
2178 -1.541492 
4634 -1.541523 
1897 -1.541708 
2738 -1.541853 
4529 -1.541932 
1823 -1.542115 
1959 -1.542234 
5836 -1.542418 
5245 -1.542556 
726 -1.542628 
4351 -1.543005 
2273 -1.543026 
2655 -1.543158 
3324 -1.543241 
4466 -1.543518 
4829 -1.543677 
2850 -1.543861 
818 -1.543989 
5026 -1.544038 
1262 -1.544188 
4173 -1.544327 
1332 -1.544443 
4166 -1.544467 
1052 -1.544695 
3365 -1.544962 
2315 -1.545132 
3726 -1.545144 
5813 -1.545260 
1967 -1.545284 
3315 -1.545511 
1405 -1.545612 
331 -1.545710 
3787 -1.546242 
1670 -1.546481 
1217 -1.546535 
3737 -1.546708 
1552 -1.546844 
2509 -1.546854 
1928 -1.546867 
3155 -1.546927 
381 -1.546956 
632 -1.547145 
1301 -1.547163 
3007 -1.547256 
3750 -1.547391 
2380 -1.547572 
508 -1.547811 
216 -1.548193 
2069 -1.548260 
2411 -1.548308 
3605 -1.548314 
3114 -1.548344 
265 -1.548480 
3224 -1.548491 
2867 -1.548725 
3997 -1.548893 
301 -1.549083 
2382 -1.549142 
3226 -1.549251 
2461 -1.549839 
5759 -1.550296 
5036 -1.550377 
1931 -1.550416 
318 -1.550502 
4888 -1.550687 
117 -1.550782 
5615 -1.550905 
5257 -1.551167 
5874 -1.551171 
3355 -1.551348 
1222 -1.551354 
4537 -1.551514 
1116 -1.551761 
3608 -1.551865 
55 -1.552211 
687 -1.552373 
1441 -1.552615 
4862 -1.552637 
2882 -1.552728 
4403 -1.552744 
941 -1.552748 
1978 -1.552820 
4699 -1.552833 
5666 -1.552846 
3272 -1.553104 
4298 -1.553140 
3436 -1.553370 
1544 -1.553626 
1465 -1.553919 
2542 -1.553921 
1596 -1.554060 
1180 -1.554183 
845 -1.554220 
3304 -1.554278 
5477 -1.554317 
3296 -1.554382 
2469 -1.554383 
2366 -1.554384 
461 -1.554415 
2164 -1.554574 
4388 -1.555081 
4533 -1.555214 
2092 -1.555277 
1372 -1.555369 
5142 -1.555405 
2513 -1.555433 
2128 -1.555513 
5413 -1.555817 
3986 -1.555828 
1886 -1.555897 
2350 -1.555943 
2384 -1.556004 
1826 -1.556073 
2208 -1.556418 
2800 -1.556474 
1188 -1.556649 
1459 -1.556923 
930 -1.556942 
1525 -1.556982 
3729 -1.557155 
5797 -1.557163 
4467 -1.557573 
979 -1.558167 
2832 -1.558189 
65 -1.558276 
1091 -1.558439 
5536 -1.558645 
2547 -1.558725 
3438 -1.558779 
2797 -1.558986 
1153 -1.559141 
1584 -1.559211 
4570 -1.559618 
4057 -1.560697 
1818 -1.560838 
4155 -1.560902 
3341 -1.560926 
5722 -1.561128 
197 -1.561167 
2402 -1.561280 
2812 -1.561324 
3386 -1.561409 
4478 -1.561522 
2462 -1.561943 
2285 -1.562252 
2552 -1.562351 
982 -1.562428 
376 -1.562607 
5852 -1.562751 
1485 -1.562806 
5470 -1.562849 
1753 -1.562975 
5558 -1.563219 
1140 -1.563325 
4682 -1.563348 
2869 -1.563393 
5410 -1.563678 
2577 -1.563883 
3531 -1.563966 
747 -1.564010 
72 -1.564357 
5013 -1.564493 
3383 -1.564571 
4526 -1.564607 
2901 -1.564692 
2013 -1.564725 
1032 -1.565184 
2425 -1.565278 
942 -1.565647 
4663 -1.566013 
2400 -1.566031 
2433 -1.566360 
788 -1.566387 
3222 -1.566506 
4216 -1.566525 
2445 -1.566579 
3457 -1.566649 
4818 -1.566907 
797 -1.567061 
1286 -1.567126 
3806 -1.567152 
2804 -1.567239 
5727 -1.567955 
3147 -1.568000 
2138 -1.568086 
775 -1.568700 
2695 -1.569014 
1863 -1.569153 
2997 -1.569212 
1216 -1.569217 
1438 -1.569320 
5028 -1.569400 
4350 -1.569644 
3844 -1.569764 
1925 -1.570197 
3881 -1.570288 
712 -1.570572 
4376 -1.570592 
5881 -1.570777 
2813 -1.570910 
3876 -1.571144 
4609 -1.571209 
3368 -1.571343 
3162 -1.571479 
2588 -1.572062 
3920 -1.572081 
4973 -1.572646 
4504 -1.572708 
504 -1.573049 
2050 -1.573262 
2373 -1.573306 
564 -1.573312 
3497 -1.573606 
3358 -1.573827 
2125 -1.573982 
904 -1.574170 
1834 -1.574439 
2352 -1.574459 
984 -1.574711 
2840 -1.574788 
1505 -1.575471 
225 -1.575472 
4442 -1.575703 
3846 -1.575833 
2895 -1.575847 
2731 -1.575940 
1193 -1.576144 
1366 -1.576312 
4272 -1.576394 
1537 -1.576421 
1680 -1.576634 
1157 -1.576724 
2922 -1.577020 
1513 -1.577124 
2691 -1.577197 
1145 -1.577297 
2733 -1.577658 
3573 -1.577857 
3803 -1.578014 
1288 -1.578061 
3901 -1.578084 
4327 -1.578336 
5600 -1.578435 
3333 -1.578507 
4749 -1.578548 
1905 -1.578707 
3269 -1.579127 
5197 -1.579246 
3760 -1.579317 
202 -1.579380 
3265 -1.579517 
3989 -1.579633 
4066 -1.579811 
5575 -1.579828 
233 -1.579879 
1964 -1.579893 
421 -1.580390 
5046 -1.580647 
3117 -1.580781 
1686 -1.580828 
659 -1.580909 
581 -1.580943 
5540 -1.581190 
749 -1.581365 
3277 -1.581585 
5005 -1.582168 
3839 -1.582312 
3865 -1.582388 
400 -1.582508 
1499 -1.582658 
4400 -1.582744 
68 -1.582858 
1294 -1.582872 
389 -1.583313 
145 -1.583337 
2014 -1.583589 
1593 -1.583778 
2889 -1.583830 
1408 -1.583836 
3888 -1.583951 
2937 -1.583997 
4209 -1.584037 
1646 -1.584103 
1792 -1.584147 
1016 -1.584303 
1466 -1.584478 
290 -1.584682 
2667 -1.584799 
5429 -1.585450 
1642 -1.585461 
2333 -1.585587 
1605 -1.585950 
477 -1.586232 
5672 -1.586276 
3151 -1.586632 
2485 -1.586859 
5756 -1.587117 
5537 -1.587244 
3796 -1.587262 
5512 -1.587281 
2584 -1.587467 
364 -1.587521 
5235 -1.587565 
3643 -1.587788 
5296 -1.587907 
3834 -1.588439 
1156 -1.588552 
1789 -1.589200 
771 -1.589277 
286 -1.589442 
661 -1.589491 
1938 -1.589676 
2416 -1.590069 
5192 -1.590317 
1214 -1.590410 
3082 -1.590430 
17 -1.590495 
4960 -1.590497 
5532 -1.590602 
3812 -1.590887 
1509 -1.590903 
973 -1.590912 
5342 -1.591152 
5065 -1.591345 
3003 -1.591364 
1471 -1.591384 
4790 -1.591432 
3814 -1.591478 
5644 -1.591490 
1933 -1.591508 
2284 -1.591589 
5568 -1.591678 
2821 -1.591680 
5381 -1.591879 
545 -1.592284 
1590 -1.592716 
2852 -1.593041 
966 -1.593073 
1549 -1.593137 
3325 -1.593165 
5401 -1.593194 
3463 -1.593356 
4222 -1.593636 
4284 -1.593881 
3811 -1.594111 
2028 -1.594992 
5168 -1.595291 
3364 -1.595374 
1829 -1.595648 
2198 -1.595667 
2016 -1.596040 
5101 -1.596169 
3120 -1.596408 
1108 -1.596428 
1612 -1.596441 
271 -1.596475 
3701 -1.596833 
789 -1.596855 
2924 -1.596943 
1981 -1.596987 
2802 -1.597057 
390 -1.597075 
1937 -1.597258 
5734 -1.597292 
5820 -1.597562 
5369 -1.597589 
1577 -1.597799 
2730 -1.597844 
5760 -1.598081 
13 -1.598126 
1253 -1.598423 
2700 -1.598513 
837 -1.598717 
276 -1.598784 
5949 -1.598833 
1454 -1.599088 
736 -1.599300 
1066 -1.599509 
2357 -1.599663 
1336 -1.599680 
5688 -1.599825 
3722 -1.600377 
4196 -1.600464 
2888 -1.600660 
1903 -1.600726 
2052 -1.600771 
943 -1.601307 
4890 -1.601421 
157 -1.601974 
5089 -1.602078 
4310 -1.602248 
296 -1.602388 
213 -1.602737 
1749 -1.602915 
5400 -1.602916 
1521 -1.602950 
1101 -1.603908 
3738 -1.604009 
2553 -1.604065 
4481 -1.604351 
4285 -1.604531 
2479 -1.604604 
1853 -1.604788 
2654 -1.604880 
5273 -1.605391 
5041 -1.605407 
142 -1.605433 
262 -1.605507 
2561 -1.605620 
5743 -1.605889 
5708 -1.605951 
5468 -1.606028 
384 -1.606465 
1041 -1.606560 
5417 -1.606770 
1092 -1.606909 
2701 -1.606919 
4781 -1.607275 
4920 -1.607285 
2663 -1.607465 
5826 -1.607628 
4806 -1.607706 
2621 -1.607741 
3361 -1.607857 
2387 -1.607935 
5804 -1.608005 
732 -1.608201 
1558 -1.608334 
4885 -1.608440 
1068 -1.608535 
3637 -1.608640 
2316 -1.608642 
3464 -1.609034 
3850 -1.609045 
2790 -1.609322 
2068 -1.609402 
361 -1.609686 
2656 -1.610087 
2550 -1.610536 
1685 -1.610705 
2499 -1.610734 
3646 -1.610779 
2960 -1.610829 
5552 -1.610935 
3297 -1.611349 
5596 -1.611523 
5425 -1.611798 
2452 -1.611836 
4177 -1.612155 
5740 -1.612952 
1934 -1.613128 
4854 -1.613317 
1058 -1.613354 
5843 -1.613501 
5637 -1.613543 
2379 -1.613652 
1787 -1.613770 
1126 -1.613783 
2412 -1.614037 
2436 -1.614102 
5445 -1.614134 
1894 -1.614430 
3995 -1.614570 
3911 -1.614680 
3111 -1.615694 
108 -1.616106 
2886 -1.616325 
5825 -1.616789 
493 -1.616846 
2344 -1.616971 
3185 -1.617188 
3527 -1.617371 
154 -1.617448 
137 -1.617729 
3611 -1.618062 
597 -1.618224 
5952 -1.618321 
2278 -1.618325 
996 -1.619216 
616 -1.619239 
3823 -1.619326 
1793 -1.619385 
3918 -1.619469 
1524 -1.619644 
4383 -1.619976 
3960 -1.620709 
4932 -1.620726 
250 -1.621458 
5093 -1.621753 
1440 -1.621824 
5529 -1.621900 
282 -1.622056 
3526 -1.622099 
1089 -1.622129 
3122 -1.622466 
4373 -1.622510 
3321 -1.622625 
4335 -1.622848 
5777 -1.622856 
236 -1.623006 
4171 -1.624925 
5326 -1.625172 
3534 -1.625260 
1148 -1.625530 
3460 -1.625650 
4623 -1.625960 
576 -1.626003 
2033 -1.626216 
3389 -1.626373 
2928 -1.626657 
1912 -1.626693 
1859 -1.626889 
3833 -1.627279 
5473 -1.627439 
3456 -1.627542 
5901 -1.627672 
3392 -1.627977 
125 -1.627988 
1225 -1.628239 
4524 -1.628486 
1576 -1.628644 
2101 -1.629337 
1891 -1.629762 
5706 -1.629993 
2032 -1.630015 
4018 -1.630728 
852 -1.631339 
3613 -1.631470 
4387 -1.631686 
5040 -1.631818 
3452 -1.632047 
2973 -1.632577 
2430 -1.632782 
857 -1.633042 
1669 -1.633426 
4580 -1.633484 
3416 -1.633499 
5921 -1.633620 
580 -1.634326 
5225 -1.634559 
3612 -1.634660 
4455 -1.635261 
5530 -1.635882 
5645 -1.636144 
5520 -1.636789 
505 -1.636913 
3956 -1.637477 
4137 -1.637537 
2424 -1.637910 
2017 -1.638294 
1325 -1.638418 
2100 -1.639306 
2849 -1.639335 
5404 -1.639489 
3568 -1.639697 
4649 -1.639716 
5617 -1.639797 
2522 -1.639866 
5608 -1.639977 
5780 -1.640074 
5284 -1.640187 
2543 -1.640202 
1817 -1.641166 
3639 -1.641367 
5461 -1.641389 
404 -1.641441 
4516 -1.641544 
4947 -1.641765 
3952 -1.641892 
164 -1.641947 
4377 -1.642024 
5348 -1.642032 
3070 -1.642230 
4210 -1.642523 
5341 -1.643147 
1463 -1.643226 
3466 -1.643270 
2161 -1.643337 
1516 -1.643617 
3260 -1.643617 
191 -1.644466 
338 -1.645061 
851 -1.645186 
84 -1.645211 
3380 -1.646032 
512 -1.646330 
3161 -1.646889 
1649 -1.647266 
4311 -1.647704 
4136 -1.647957 
5910 -1.648264 
2770 -1.648476 
1879 -1.649667 
4697 -1.650135 
2070 -1.651061 
1232 -1.651113 
4214 -1.651481 
4412 -1.651813 
5849 -1.651819 
538 -1.652032 
3426 -1.652317 
642 -1.652400 
416 -1.652688 
2085 -1.652854 
4380 -1.653134 
3395 -1.653334 
1029 -1.653509 
1380 -1.654562 
2244 -1.654727 
2664 -1.654789 
5737 -1.655220 
4762 -1.655234 
5440 -1.655490 
85 -1.655565 
3156 -1.655718 
3465 -1.656642 
2388 -1.656653 
5184 -1.656722 
5518 -1.656727 
488 -1.656774 
1488 -1.656817 
4561 -1.657076 
590 -1.657284 
4880 -1.658341 
2072 -1.658779 
2935 -1.658830 
4497 -1.658859 
3913 -1.658955 
1104 -1.659032 
4556 -1.659084 
2592 -1.659287 
2881 -1.659543 
2199 -1.659748 
2944 -1.660189 
241 -1.660264 
2076 -1.660402 
2421 -1.661289 
5155 -1.662526 
4356 -1.662618 
5586 -1.662790 
3420 -1.663524 
3489 -1.663848 
5853 -1.664155 
5011 -1.664744 
2064 -1.664799 
4249 -1.664865 
4368 -1.666192 
1594 -1.666474 
4172 -1.666553 
5044 -1.666698 
4909 -1.667483 
1746 -1.667587 
1614 -1.667828 
812 -1.668136 
5696 -1.668201 
5629 -1.668596 
5560 -1.668869 
2394 -1.669804 
5768 -1.669805 
609 -1.670549 
1725 -1.671214 
1177 -1.671287 
2878 -1.671523 
876 -1.671993 
1706 -1.672361 
2908 -1.673463 
1445 -1.673666 
4892 -1.674543 
2003 -1.674605 
5677 -1.674951 
3505 -1.675464 
5373 -1.675842 
476 -1.676211 
3848 -1.676563 
3001 -1.676696 
3704 -1.677131 
1233 -1.677213 
5833 -1.677265 
4095 -1.677511 
5802 -1.677932 
40 -1.678088 
4753 -1.678388 
2629 -1.678699 
1340 -1.678931 
869 -1.679291 
1484 -1.679368 
5271 -1.680071 
4987 -1.680217 
3958 -1.680754 
4160 -1.681179 
5605 -1.681375 
914 -1.681968 
3414 -1.682236 
3574 -1.682458 
312 -1.682612 
2040 -1.683128 
308 -1.683129 
1684 -1.683351 
820 -1.683369 
1228 -1.683534 
4549 -1.683989 
5130 -1.683991 
5010 -1.684010 
5519 -1.684569 
915 -1.684698 
305 -1.684720 
3853 -1.684859 
901 -1.684955 
784 -1.685332 
3703 -1.687172 
4178 -1.687244 
4212 -1.688058 
34 -1.688984 
1477 -1.689967 
3429 -1.690445 
1756 -1.690464 
1061 -1.691290 
2248 -1.691295 
4595 -1.691372 
1287 -1.691666 
945 -1.691871 
3002 -1.691910 
4134 -1.692180 
2653 -1.692237 
407 -1.692496 
410 -1.693621 
3396 -1.693753 
5375 -1.694023 
2624 -1.694309 
77 -1.694370 
824 -1.694632 
5174 -1.695318 
5322 -1.695558 
3537 -1.696189 
4908 -1.696588 
4819 -1.696617 
5076 -1.696817 
5201 -1.696883 
1265 -1.697511 
2936 -1.697743 
5180 -1.697772 
3699 -1.698759 
4340 -1.699511 
80 -1.699876 
2872 -1.700274 
2525 -1.700303 
1968 -1.700493 
3428 -1.700981 
2530 -1.702775 
281 -1.703400 
4024 -1.703631 
3044 -1.704400 
727 -1.704577 
5764 -1.705141 
799 -1.705384 
4352 -1.705542 
4750 -1.705879 
3196 -1.706254 
2484 -1.706972 
4197 -1.707634 
4906 -1.707969 
5218 -1.708832 
3536 -1.709029 
3016 -1.709792 
967 -1.709799 
4 -1.709873 
5892 -1.710055 
1648 -1.710724 
798 -1.711221 
4664 -1.711432 
1939 -1.711563 
844 -1.711973 
429 -1.712213 
2578 -1.712246 
4884 -1.712555 
2918 -1.712640 
102 -1.712773 
4385 -1.713045 
2177 -1.714485 
2940 -1.714574 
3398 -1.715310 
1103 -1.716034 
1832 -1.716307 
1196 -1.716802 
5543 -1.716995 
2562 -1.717483 
5614 -1.717737 
753 -1.717790 
1376 -1.718972 
850 -1.719885 
388 -1.720444 
3121 -1.720672 
3372 -1.720726 
634 -1.721684 
3678 -1.722423 
1342 -1.722741 
1836 -1.723705 
5000 -1.723977 
4190 -1.724228 
3957 -1.724551 
1097 -1.724622 
5884 -1.724692 
1833 -1.724792 
3008 -1.724932 
2614 -1.725236 
4837 -1.725412 
905 -1.726548 
20 -1.726727 
1783 -1.726739 
849 -1.727690 
5269 -1.727759 
5061 -1.728114 
720 -1.728198 
3860 -1.728260 
3405 -1.728381 
823 -1.729482 
3889 -1.729575 
3859 -1.730381 
242 -1.730522 
5169 -1.730598 
5957 -1.731498 
3267 -1.731717 
3500 -1.732035 
4752 -1.732794 
1102 -1.733219 
1741 -1.733740 
1653 -1.733851 
5808 -1.734086 
138 -1.734223 
228 -1.734620 
2923 -1.734738 
5465 -1.734912 
5657 -1.735339 
3012 -1.735825 
5531 -1.735982 
893 -1.736047 
5204 -1.736280 
5636 -1.736622 
5244 -1.736797 
5409 -1.736805 
3752 -1.737195 
4907 -1.737719 
680 -1.737754 
200 -1.738199 
3648 -1.738891 
2615 -1.739310 
2172 -1.740205 
43 -1.741811 
3017 -1.743353 
2086 -1.744147 
4191 -1.744194 
2912 -1.745053 
5956 -1.745327 
1975 -1.745831 
2906 -1.746490 
5282 -1.747668 
864 -1.748297 
5048 -1.748860 
4161 -1.749219 
4386 -1.749662 
5157 -1.750260 
4905 -1.750555 
856 -1.750841 
3757 -1.751775 
811 -1.751795 
5829 -1.751841 
124 -1.752249 
413 -1.752938 
2909 -1.753537 
2466 -1.753852 
2632 -1.753890 
2630 -1.754151 
4946 -1.755736 
668 -1.755903 
4763 -1.756047 
4635 -1.756106 
3409 -1.756281 
4717 -1.757447 
1132 -1.759102 
694 -1.759646 
3182 -1.759650 
58 -1.762006 
4741 -1.762235 
1403 -1.762855 
3948 -1.763385 
5261 -1.764121 
1757 -1.764435 
3400 -1.764584 
5452 -1.764990 
4897 -1.765330 
881 -1.765631 
4230 -1.765748 
176 -1.766206 
1250 -1.767337 
4692 -1.767764 
5004 -1.768246 
903 -1.768645 
5932 -1.769459 
2740 -1.772603 
521 -1.772630 
2488 -1.772920 
5368 -1.773216 
1409 -1.773683 
5009 -1.775928 
5485 -1.776081 
2921 -1.776379 
3614 -1.776393 
3906 -1.776394 
1580 -1.776973 
4438 -1.777816 
37 -1.778409 
481 -1.778894 
2249 -1.778918 
3682 -1.780320 
2176 -1.780352 
1128 -1.782312 
92 -1.782788 
1381 -1.782905 
3652 -1.782982 
1996 -1.783683 
4594 -1.783829 
4836 -1.783994 
401 -1.786000 
5374 -1.787124 
636 -1.787876 
3903 -1.790431 
776 -1.792273 
324 -1.793040 
4503 -1.793621 
4346 -1.794926 
486 -1.794991 
5427 -1.795180 
3413 -1.796410 
5408 -1.797509 
5953 -1.797694 
3788 -1.798357 
4029 -1.798611 
3759 -1.798762 
46 -1.800934 
1483 -1.802707 
165 -1.803085 
4028 -1.806782 
5785 -1.807656 
2741 -1.808011 
352 -1.808199 
4853 -1.809563 
2431 -1.809876 
3229 -1.810906 
5478 -1.811844 
1720 -1.811900 
4791 -1.812948 
21 -1.813814 
480 -1.814129 
2776 -1.815402 
2774 -1.815732 
285 -1.816192 
3045 -1.816847 
2976 -1.816867 
5784 -1.817082 
4469 -1.817393 
1974 -1.817772 
4848 -1.818477 
544 -1.818642 
3415 -1.818907 
2083 -1.820165 
2690 -1.820743 
5524 -1.821126 
5844 -1.821259 
677 -1.821316 
2047 -1.822246 
1210 -1.824789 
5679 -1.825328 
2811 -1.825423 
4625 -1.825777 
2977 -1.825946 
5856 -1.826617 
3563 -1.827648 
4515 -1.830412 
2467 -1.830414 
3506 -1.830499 
1160 -1.832501 
4502 -1.832666 
1892 -1.832722 
5283 -1.832826 
1264 -1.834229 
1482 -1.834304 
3921 -1.834457 
5426 -1.835026 
2593 -1.835225 
689 -1.835344 
5457 -1.835637 
2144 -1.836361 
991 -1.836920 
49 -1.837400 
434 -1.837689 
52 -1.838397 
2767 -1.838501 
4405 -1.840104 
4596 -1.840317 
1595 -1.841937 
392 -1.842203 
2036 -1.844837 
5456 -1.844944 
4456 -1.846753 
4256 -1.847462 
533 -1.847546 
4482 -1.848126 
500 -1.848365 
3266 -1.849776 
5920 -1.851208 
205 -1.853837 
0 -1.854850 
2004 -1.855085 
132 -1.856508 
4671 -1.856602 
902 -1.856925 
5888 -1.858251 
892 -1.860240 
5827 -1.860468 
469 -1.860552 
3680 -1.863288 
714 -1.864867 
2946 -1.864895 
1743 -1.865397 
2087 -1.866415 
2141 -1.867064 
4542 -1.867573 
5117 -1.867634 
4710 -1.868252 
4999 -1.868516 
3160 -1.868617 
3616 -1.873633 
348 -1.874061 
4429 -1.875432 
1447 -1.876380 
5213 -1.878375 
2521 -1.878995 
944 -1.879212 
28 -1.879996 
524 -1.880830 
3071 -1.881655 
3468 -1.881974 
3085 -1.882126 
4261 -1.882583 
3992 -1.882666 
833 -1.883068 
1304 -1.886551 
96 -1.886697 
4554 -1.889980 
1896 -1.890323 
5916 -1.891202 
3856 -1.891942 
4229 -1.892838 
810 -1.894136 
4866 -1.895995 
2355 -1.896152 
4711 -1.897965 
5929 -1.898052 
4334 -1.898573 
492 -1.900256 
4393 -1.901657 
2847 -1.903029 
3302 -1.903276 
424 -1.903556 
5156 -1.903587 
4704 -1.904168 
2810 -1.905425 
5249 -1.906754 
887 -1.907128 
5357 -1.907910 
2958 -1.908425 
620 -1.908574 
3303 -1.908758 
2321 -1.909317 
701 -1.911242 
393 -1.911782 
990 -1.913397 
4328 -1.913627 
5062 -1.913869 
5301 -1.914079 
621 -1.914973 
5961 -1.914997 
5224 -1.915411 
960 -1.915667 
5260 -1.916789 
4312 -1.917756 
3907 -1.919392 
5237 -1.919732 
128 -1.919783 
2556 -1.922684 
5444 -1.923624 
5715 -1.924182 
4347 -1.926062 
2528 -1.926161 
628 -1.927936 
3884 -1.930261 
933 -1.932458 
4867 -1.935424 
1689 -1.937744 
4751 -1.938092 
1797 -1.944503 
693 -1.945605 
1027 -1.945664 
777 -1.945886 
868 -1.945907 
4069 -1.946340 
1345 -1.946618 
585 -1.947900 
700 -1.951559 
551 -1.952454 
4548 -1.952771 
5924 -1.952947 
485 -1.952987 
765 -1.956705 
5497 -1.958384 
3339 -1.958773 
472 -1.959904 
1344 -1.962139 
4636 -1.962332 
4585 -1.963156 
5567 -1.964867 
5930 -1.964955 
3716 -1.967916 
5022 -1.968021 
5479 -1.969149 
287 -1.969374 
5420 -1.969375 
5116 -1.969537 
5432 -1.971104 
448 -1.971909 
745 -1.972638 
3654 -1.973337 
244 -1.976432 
2949 -1.977217 
1197 -1.979673 
688 -1.979957 
168 -1.980319 
5212 -1.980716 
1617 -1.981310 
758 -1.983156 
655 -1.983824 
204 -1.986084 
4896 -1.987891 
1796 -1.988347 
430 -1.989539 
2959 -1.993039 
465 -1.995351 
245 -1.995396 
5023 -1.997318 
3795 -1.998207 
2579 -1.999062 
537 -1.999547 
4793 -2.001117 
603 -2.001228 
596 -2.001993 
3124 -2.002735 
3446 -2.002990 
4740 -2.005381 
3576 -2.005991 
139 -2.009012 
589 -2.009567 
4359 -2.010595 
460 -2.012570 
4729 -2.015572 
1837 -2.016133 
759 -2.017371 
1519 -2.018012 
1139 -2.018455 
5714 -2.020174 
1200 -2.021787 
5893 -2.021894 
5387 -2.022551 
862 -2.022632 
5313 -2.023692 
4989 -2.028000 
452 -2.028565 
5386 -2.031579 
641 -2.032656 
1251 -2.033832 
2073 -2.034367 
532 -2.035084 
4068 -2.040406 
88 -2.045324 
4637 -2.047982 
1688 -2.049273 
398 -2.050296 
863 -2.050726 
2212 -2.052702 
3472 -2.055547 
5356 -2.060022 
3432 -2.063573 
1620 -2.068778 
4961 -2.071056 
1800 -2.071177 
3125 -2.079190 
353 -2.082025 
468 -2.083465 
4273 -2.085126 
4918 -2.085434 
4555 -2.087719 
5217 -2.088281 
3617 -2.094093 
4716 -2.100272 
5960 -2.100661 
4108 -2.101800 
97 -2.106496 
5295 -2.107764 
4949 -2.109420 
5231 -2.109792 
4203 -2.109905 
5236 -2.110651 
5490 -2.112162 
5248 -2.112500 
932 -2.114160 
2704 -2.114981 
5179 -2.117837 
499 -2.122951 
654 -2.124539 
5035 -2.125283 
880 -2.126320 
3228 -2.128345 
3014 -2.130056 
2104 -2.130063 
1305 -2.130612 
2980 -2.131547 
4417 -2.134636 
676 -2.135011 
4584 -2.135857 
2670 -2.136136 
5105 -2.139180 
2289 -2.139669 
4428 -2.145750 
5862 -2.145895 
1138 -2.147281 
1627 -2.147648 
707 -2.152460 
4879 -2.153887 
3794 -2.155605 
5312 -2.156619 
4300 -2.157713 
5566 -2.159354 
5460 -2.162583 
2011 -2.164258 
3084 -2.165964 
572 -2.167602 
1308 -2.173718 
5472 -2.173773 
2772 -2.176234 
4572 -2.182245 
4398 -2.186350 
323 -2.194095 
5751 -2.194557 
5603 -2.196601 
175 -2.198110 
5399 -2.202482 
5863 -2.205386 
5178 -2.207154 
322 -2.208755 
4313 -2.209554 
2524 -2.209922 
1652 -2.210094 
4243 -2.211372 
4728 -2.214238 
520 -2.220085 
5104 -2.220486 
5056 -2.222427 
3943 -2.222831 
5144 -2.223253 
920 -2.226039 
584 -2.228484 
174 -2.233196 
5439 -2.233998 
2288 -2.235872 
1630 -2.235930 
5230 -2.236044 
4573 -2.236781 
2159 -2.240201 
764 -2.240467 
498 -2.260972 
4792 -2.264684 
4936 -2.266075 
5438 -2.275392 
1631 -2.279415 
4109 -2.285422 
3942 -2.288271 
2123 -2.292079 
1268 -2.293599 
608 -2.298761 
27 -2.300998 
4988 -2.302508 
3451 -2.309804 
5075 -2.309891 
2539 -2.314178 
3892 -2.317060 
550 -2.321413 
4468 -2.325764 
3469 -2.330528 
4919 -2.330728 
3577 -2.332432 
5484 -2.333681 
3450 -2.338709 
4399 -2.339990 
4260 -2.340255 
5074 -2.344987 
26 -2.351837 
1864 -2.361008 
4780 -2.364096 
5200 -2.366250 
2140 -2.369369 
2320 -2.385074 
706 -2.389894 
3961 -2.401625 
2122 -2.403111 
667 -2.404488 
4392 -2.406639 
3831 -2.422642 
5300 -2.426258 
602 -2.430579 
5491 -2.435345 
4416 -2.442712 
4948 -2.452349 
5496 -2.456813 
4255 -2.458408 
3580 -2.459554 
3088 -2.460869 
4242 -2.465360 
4624 -2.469877 
2292 -2.473595 
5080 -2.475893 
5092 -2.488297 
4900 -2.503297 
2503 -2.503525 
2633 -2.515241 
3048 -2.523132 
3540 -2.523833 
752 -2.527818 
4248 -2.564536 
511 -2.577477 
4820 -2.583114 
624 -2.587986 
3487 -2.596072 
4032 -2.599133 
5087 -2.600677 
2596 -2.619369 
2252 -2.626440 
4560 -2.645891 
563 -2.653086 
4404 -2.657560 
5347 -2.683869 
5191 -2.685313 
1175 -2.694885 
4224 -2.717992 
4723 -2.744212 
4735 -2.748624 
1760 -2.764494 
63 -2.775115 
4072 -2.793289 
875 -2.795516 
2744 -2.804387 
3924 -2.811500 
5288 -2.818471 
4236 -2.868731 
5503 -2.898201 
2995 -2.908554 
5451 -2.912736 
740 -2.914807 
5899 -2.952719 
359 -3.017917 
5068 -3.022293 
3684 -3.060161 
459 -3.092939 
728 -3.094826 
211 -3.103825 
1667 -3.166699 
4567 -3.250934 
615 -3.284791 
4411 -3.334386 
5243 -3.342323 
719 -3.507020 
