958 1
0 1.146371 
1 1.052723 
2 0.839572 
3 1.608610 
4 1.519360 
5 0.920718 
6 0.958026 
7 1.263818 
8 1.661381 
9 0.902768 
10 1.258214 
11 1.149884 
12 1.300801 
13 1.250138 
14 0.839461 
15 1.468123 
16 0.907281 
17 1.165781 
18 0.851778 
19 1.485945 
20 1.861377 
21 0.943565 
22 1.436629 
23 0.736899 
24 1.562213 
25 1.301760 
26 1.090609 
27 1.210297 
28 0.901414 
29 0.084053 
30 2.159224 
31 0.788415 
32 0.872561 
33 1.426022 
34 1.229453 
35 1.214981 
36 0.612929 
37 1.276561 
38 1.069361 
39 1.333012 
40 1.204733 
41 1.209762 
42 1.291840 
43 1.022791 
44 1.318184 
45 1.946897 
46 1.034909 
47 0.064869 
48 0.315049 
49 1.657348 
50 -0.456912 
51 1.634294 
52 0.246174 
53 1.610435 
54 1.709251 
55 0.914603 
56 1.118832 
57 0.673352 
58 1.208822 
59 1.509777 
60 0.431870 
61 1.465235 
62 0.074487 
63 1.507230 
64 1.190149 
65 -0.766257 
66 0.231058 
67 2.139912 
68 -0.067931 
69 1.722346 
70 0.666709 
71 1.626587 
72 0.780001 
73 0.475529 
74 1.973614 
75 1.031814 
76 1.318551 
77 1.385052 
78 0.686236 
79 1.107079 
80 1.065334 
81 1.819055 
82 1.432075 
83 -0.730744 
84 -1.315918 
85 1.336692 
86 0.953668 
87 1.662410 
88 0.938127 
89 1.349442 
90 1.301435 
91 1.226297 
92 0.688282 
93 1.503923 
94 1.746130 
95 0.732430 
96 1.742397 
97 1.868125 
98 0.781845 
99 -0.773473 
100 2.185646 
101 0.039467 
102 -0.029312 
103 1.786171 
104 0.226648 
105 -0.030339 
106 1.868362 
107 -2.809866 
108 -1.185181 
109 1.640730 
110 1.952975 
111 1.141165 
112 2.177835 
113 1.949706 
114 -0.329626 
115 0.019364 
116 1.785195 
117 1.380390 
118 1.452775 
119 0.273222 
120 0.421081 
121 1.237467 
122 1.579228 
123 1.801187 
124 0.956985 
125 1.866742 
126 0.715280 
127 1.334087 
128 2.257712 
129 1.398514 
130 1.709354 
131 0.040034 
132 2.134853 
133 1.275726 
134 2.065016 
135 1.483590 
136 1.374933 
137 -0.416328 
138 2.636158 
139 1.454371 
140 1.593603 
141 1.640931 
142 2.009034 
143 2.215074 
144 1.756647 
145 1.800140 
146 1.910912 
147 0.785132 
148 1.457750 
149 1.228920 
150 1.758673 
151 1.559445 
152 -0.894763 
153 2.152143 
154 0.197249 
155 2.350693 
156 2.034246 
157 1.976613 
158 0.847466 
159 -0.349878 
160 2.233560 
161 1.108652 
162 1.730782 
163 1.344798 
164 1.450466 
165 2.268479 
166 1.958201 
167 0.260974 
168 -1.729289 
169 -1.610618 
170 1.324110 
171 1.821299 
172 2.545112 
173 -1.066317 
174 2.145899 
175 0.260174 
176 2.348800 
177 0.798888 
178 0.598909 
179 -2.857369 
180 -2.924584 
181 1.836394 
182 2.291606 
183 2.044614 
184 -0.743814 
185 1.038055 
186 2.791844 
187 1.251132 
188 2.244336 
189 -1.687302 
190 1.589071 
191 0.174807 
192 1.426570 
193 1.563599 
194 0.926190 
195 0.810357 
196 0.289435 
197 0.683823 
198 2.003838 
199 1.493117 
200 1.256693 
201 0.108147 
202 0.733894 
203 2.254660 
204 1.255419 
205 0.034896 
206 2.532760 
207 -1.177167 
208 -1.482551 
209 2.216267 
210 1.410267 
211 0.460665 
212 1.462962 
213 1.364478 
214 -0.342164 
215 1.540366 
216 2.525138 
217 0.532311 
218 -0.552994 
219 -2.199134 
220 0.873475 
221 1.333382 
222 1.978871 
223 -1.432327 
224 -1.750749 
225 0.879020 
226 2.646056 
227 0.416330 
228 -0.062213 
229 -2.810951 
230 -1.420319 
231 2.501243 
232 1.106752 
233 -0.180593 
234 0.271542 
235 -2.352314 
236 -2.171015 
237 0.185419 
238 2.337058 
239 1.460651 
240 2.546015 
241 0.775537 
242 0.059320 
243 0.815450 
244 1.265234 
245 -0.771555 
246 0.164407 
247 2.471495 
248 0.216456 
249 2.378782 
250 0.903664 
251 0.945129 
252 2.086170 
253 1.796575 
254 0.763000 
255 -0.761339 
256 1.832861 
257 1.906786 
258 1.533337 
259 1.859948 
260 1.042304 
261 2.165695 
262 1.751955 
263 1.452643 
264 2.228744 
265 1.842389 
266 1.282547 
267 1.386904 
268 1.495021 
269 1.205513 
270 1.443267 
271 1.749419 
272 1.988976 
273 1.222864 
274 0.723481 
275 0.973278 
276 1.391733 
277 1.689031 
278 1.082368 
279 1.259226 
280 1.833156 
281 1.625274 
282 1.063904 
283 1.061052 
284 2.482967 
285 -0.329486 
286 -1.663061 
287 -1.670042 
288 -1.187899 
289 -1.998323 
290 -1.104749 
291 -1.573689 
292 -1.096162 
293 -0.890962 
294 0.455271 
295 -2.534476 
296 0.941618 
297 1.239871 
298 1.380178 
299 0.428410 
300 1.370130 
301 -1.720967 
302 -0.401033 
303 0.175732 
304 1.253041 
305 1.372878 
306 -0.415379 
307 0.232874 
308 1.221105 
309 0.879125 
310 0.934747 
311 1.285467 
312 1.025173 
313 1.182647 
314 1.111036 
315 0.985089 
316 1.002939 
317 0.652390 
318 1.323344 
319 1.215149 
320 2.177954 
321 1.203636 
322 1.103321 
323 -0.241844 
324 -0.255191 
325 -0.322689 
326 2.045985 
327 1.994366 
328 0.716536 
329 0.491022 
330 1.758478 
331 1.215613 
332 1.638535 
333 1.082669 
334 0.989300 
335 0.887031 
336 0.387951 
337 0.784105 
338 0.856509 
339 2.234983 
340 0.928751 
341 2.131301 
342 -0.293009 
343 1.151940 
344 2.790027 
345 0.578426 
346 -0.354648 
347 -0.462875 
348 -0.301424 
349 0.742524 
350 1.541748 
351 1.799434 
352 2.225904 
353 1.307080 
354 -0.382841 
355 0.483476 
356 0.795399 
357 -0.132559 
358 0.371534 
359 2.446022 
360 0.209568 
361 1.711051 
362 1.985325 
363 -1.034154 
364 0.722926 
365 0.669316 
366 2.338829 
367 -1.417077 
368 -0.183609 
369 -0.237728 
370 3.206321 
371 -0.551418 
372 1.830240 
373 0.152118 
374 1.049316 
375 -2.095170 
376 -0.162858 
377 -1.402375 
378 1.318086 
379 1.413729 
380 -0.550937 
381 1.517310 
382 1.185559 
383 1.259678 
384 1.084167 
385 1.126303 
386 0.789474 
387 1.017861 
388 0.857515 
389 1.148452 
390 0.047108 
391 1.742946 
392 0.944206 
393 1.561249 
394 1.025586 
395 0.259273 
396 0.817862 
397 0.944777 
398 1.048599 
399 1.105267 
400 1.722122 
401 1.257849 
402 -0.299329 
403 0.083692 
404 -0.618492 
405 1.150394 
406 1.184354 
407 1.529141 
408 0.973878 
409 1.529009 
410 0.537520 
411 0.947719 
412 0.830468 
413 1.803011 
414 0.779328 
415 -0.139096 
416 0.408487 
417 1.090549 
418 1.177447 
419 0.796384 
420 0.842247 
421 0.908090 
422 1.074169 
423 1.298314 
424 1.262774 
425 0.802399 
426 1.118292 
427 0.997524 
428 1.334671 
429 0.611528 
430 0.904227 
431 1.224571 
432 1.414994 
433 1.214956 
434 0.945125 
435 0.496324 
436 1.198608 
437 1.426082 
438 0.747703 
439 0.543448 
440 1.536040 
441 0.594921 
442 1.132476 
443 0.793533 
444 0.787956 
445 1.230822 
446 0.897362 
447 1.263536 
448 1.297667 
449 1.251468 
450 0.839678 
451 0.909881 
452 1.064058 
453 1.551531 
454 0.457970 
455 1.319960 
456 -0.670048 
457 -0.541801 
458 0.721692 
459 2.891608 
460 1.526032 
461 0.261569 
462 1.156968 
463 1.204032 
464 0.687004 
465 0.926671 
466 1.611343 
467 0.797553 
468 0.747281 
469 1.620388 
470 1.317387 
471 0.203008 
472 1.646074 
473 0.943434 
474 1.356606 
475 -0.173821 
476 0.795745 
477 -1.008359 
478 -0.167487 
479 1.619836 
480 1.462585 
481 1.051492 
482 -0.072616 
483 1.379343 
484 1.333786 
485 1.183936 
486 0.745297 
487 0.887892 
488 1.255009 
489 0.446394 
490 1.522241 
491 0.749857 
492 1.212754 
493 0.617063 
494 1.548975 
495 0.598609 
496 1.119669 
497 0.510547 
498 1.225989 
499 1.086469 
500 1.368863 
501 0.629376 
502 0.977757 
503 1.139351 
504 0.836136 
505 0.996126 
506 0.878399 
507 1.263113 
508 0.851945 
509 1.756126 
510 0.658237 
511 0.927717 
512 1.157556 
513 0.958123 
514 1.270213 
515 0.318263 
516 1.415717 
517 1.014247 
518 1.195609 
519 0.711039 
520 -0.825447 
521 -0.465891 
522 2.381507 
523 -0.161433 
524 1.361309 
525 1.663962 
526 -0.056284 
527 0.888317 
528 1.221470 
529 1.293107 
530 0.630733 
531 0.895164 
532 0.129580 
533 2.160661 
534 0.198520 
535 0.772620 
536 -1.296231 
537 -0.296127 
538 2.250468 
539 -0.077699 
540 0.435621 
541 1.134222 
542 1.915591 
543 0.359088 
544 1.389320 
545 1.404467 
546 0.819971 
547 0.239670 
548 -0.917332 
549 1.819408 
550 -1.360490 
551 -0.682443 
552 0.655645 
553 0.281478 
554 -1.027126 
555 2.109717 
556 1.145058 
557 1.224516 
558 0.482921 
559 1.228999 
560 0.928961 
561 0.988608 
562 1.089408 
563 1.035856 
564 1.212422 
565 1.186241 
566 1.338017 
567 -0.236509 
568 0.430902 
569 0.734005 
570 1.235171 
571 1.394340 
572 1.557633 
573 0.598557 
574 0.610035 
575 1.038553 
576 1.919035 
577 0.943723 
578 0.322810 
579 0.521387 
580 0.214158 
581 -1.391177 
582 -1.779536 
583 -2.140781 
584 0.286161 
585 -2.932029 
586 0.526836 
587 0.073605 
588 0.674263 
589 0.947482 
590 1.110194 
591 1.357233 
592 0.769062 
593 1.025990 
594 1.153828 
595 1.230535 
596 2.724872 
597 0.332128 
598 0.194854 
599 -0.514292 
600 1.984589 
601 0.595715 
602 0.633431 
603 0.872733 
604 -0.314920 
605 1.394070 
606 1.711796 
607 0.913634 
608 1.150009 
609 1.058181 
610 -1.266072 
611 1.748172 
612 1.763922 
613 1.308876 
614 -1.166961 
615 -1.331420 
616 -2.333633 
617 -1.533204 
618 -0.441251 
619 -0.543063 
620 0.523692 
621 0.935201 
622 2.096549 
623 0.492852 
624 1.434157 
625 1.498819 
626 0.421480 
627 0.224380 
628 0.705853 
629 1.883228 
630 1.168526 
631 -0.033857 
632 1.599489 
633 1.325408 
634 0.723627 
635 -0.154203 
636 1.207476 
637 -2.147116 
638 -0.631647 
639 1.192826 
640 0.679871 
641 1.357422 
642 0.627325 
643 -1.135323 
644 0.754692 
645 0.113500 
646 1.144294 
647 1.635293 
648 0.697716 
649 1.118004 
650 1.319253 
651 0.425966 
652 1.137372 
653 -0.143943 
654 1.276038 
655 1.308695 
656 1.062251 
657 1.506512 
658 1.189038 
659 -0.720313 
660 -0.181922 
661 -0.546645 
662 -0.051329 
663 0.841198 
664 1.392424 
665 0.955635 
666 0.539754 
667 0.699810 
668 1.366159 
669 1.008543 
670 1.023273 
671 0.632613 
672 1.826472 
673 1.009515 
674 0.730853 
675 0.303882 
676 0.373432 
677 0.655156 
678 1.782440 
679 0.952322 
680 1.321398 
681 0.153946 
682 1.140346 
683 1.097344 
684 0.607199 
685 1.097023 
686 1.107646 
687 1.432847 
688 1.898198 
689 0.684989 
690 -0.029584 
691 0.305776 
692 1.524586 
693 0.971659 
694 0.327051 
695 1.228889 
696 0.292026 
697 1.497606 
698 1.779336 
699 -0.483646 
700 1.762307 
701 0.530763 
702 0.796673 
703 0.821544 
704 -0.985629 
705 -1.180377 
706 0.086177 
707 2.789625 
708 2.138320 
709 -2.173660 
710 0.010613 
711 -0.981956 
712 -2.418810 
713 0.440213 
714 0.167836 
715 -2.797464 
716 -2.627407 
717 0.596970 
718 1.207898 
719 0.746487 
720 1.339677 
721 1.419012 
722 0.198997 
723 1.556086 
724 0.464732 
725 0.964440 
726 1.544946 
727 1.343050 
728 1.672064 
729 -0.086082 
730 -1.577854 
731 -2.023768 
732 -1.056023 
733 2.049891 
734 1.627576 
735 -0.576684 
736 -0.619833 
737 1.567671 
738 0.982826 
739 1.691129 
740 2.145731 
741 -0.341862 
742 0.862091 
743 -2.180362 
744 -2.254456 
745 1.812609 
746 -0.076775 
747 0.341398 
748 -0.829547 
749 -2.833591 
750 -0.719386 
751 1.304365 
752 1.881866 
753 2.012266 
754 -0.737502 
755 -0.617176 
756 1.658713 
757 -0.404727 
758 1.982414 
759 -0.665470 
760 0.104171 
761 -1.878190 
762 -2.983311 
763 0.209399 
764 -2.135610 
765 -2.203398 
766 -0.298421 
767 -0.741665 
768 1.963086 
769 -0.884584 
770 0.354719 
771 0.999188 
772 1.774983 
773 1.063215 
774 -0.138132 
775 -1.198339 
776 0.415358 
777 1.823304 
778 0.913704 
779 0.185974 
780 -0.731344 
781 -2.001338 
782 0.745794 
783 1.484255 
784 -2.994366 
785 -0.585608 
786 0.563289 
787 -1.100372 
788 1.685034 
789 0.241337 
790 0.455258 
791 1.341761 
792 0.810420 
793 -0.074314 
794 1.025329 
795 0.183411 
796 -0.398457 
797 -1.250348 
798 1.739978 
799 0.674286 
800 0.769310 
801 1.382107 
802 -2.321311 
803 -0.586433 
804 0.054927 
805 -1.116972 
806 -1.815347 
807 -1.696058 
808 -0.860778 
809 -1.343221 
810 1.577461 
811 0.123366 
812 1.138675 
813 0.627966 
814 1.563657 
815 0.393084 
816 1.181370 
817 1.458899 
818 0.192211 
819 1.052985 
820 1.110805 
821 2.111125 
822 -0.127036 
823 -0.276214 
824 1.802438 
825 0.671200 
826 0.892737 
827 0.514595 
828 0.611550 
829 1.413438 
830 1.414478 
831 0.699542 
832 -1.074834 
833 -0.152721 
834 1.852029 
835 2.097676 
836 2.037364 
837 0.053973 
838 0.657135 
839 -1.201408 
840 1.650696 
841 -1.262181 
842 1.508801 
843 1.125003 
844 1.825841 
845 0.100354 
846 0.409342 
847 1.208682 
848 0.856342 
849 0.488341 
850 0.700122 
851 2.026810 
852 0.579130 
853 1.894234 
854 0.122281 
855 1.217767 
856 0.885269 
857 0.873170 
858 1.039653 
859 1.448799 
860 1.490775 
861 0.312387 
862 1.128374 
863 1.076553 
864 -0.477918 
865 1.444375 
866 1.477720 
867 1.434767 
868 0.325019 
869 0.050985 
870 1.551669 
871 1.851785 
872 1.688349 
873 0.894987 
874 0.797512 
875 0.809417 
876 1.344452 
877 1.107877 
878 1.169158 
879 0.721483 
880 1.065320 
881 0.987190 
882 0.816250 
883 1.481894 
884 0.451428 
885 0.891343 
886 0.288756 
887 2.441875 
888 1.164301 
889 0.970901 
890 0.601274 
891 1.317926 
892 1.460814 
893 1.068748 
894 0.474347 
895 1.281828 
896 0.689980 
897 1.070894 
898 1.123082 
899 1.320356 
900 1.069286 
901 1.255677 
902 1.346725 
903 0.500358 
904 0.403041 
905 1.467254 
906 0.736058 
907 1.387928 
908 1.697149 
909 0.766888 
910 0.693151 
911 0.900955 
912 0.728581 
913 0.089339 
914 2.032594 
915 0.949749 
916 1.557873 
917 1.126781 
918 0.463716 
919 0.955251 
920 0.402339 
921 1.300395 
922 0.923183 
923 1.538856 
924 0.882620 
925 1.250477 
926 1.170165 
927 0.950421 
928 0.898714 
929 0.977981 
930 1.288417 
931 1.169782 
932 1.052558 
933 1.185337 
934 1.013917 
935 1.017203 
936 1.629962 
937 0.687733 
938 1.321206 
939 0.204569 
940 1.894058 
941 0.941765 
942 -0.038006 
943 -0.995907 
944 -0.869276 
945 -0.406225 
946 -1.376093 
947 -0.898569 
948 -1.347824 
949 -1.071621 
950 -1.368994 
951 -1.021420 
952 -0.978772 
953 -0.853077 
954 -0.755751 
955 -1.348116 
956 -1.188716 
957 -1.341464 
