2314 1
1189 0.487557 
1177 0.487557 
593 0.487557 
591 0.487557 
31 0.487557 
33 0.487557 
977 0.487557 
652 0.487557 
1185 0.487557 
214 0.487557 
584 0.487557 
534 0.487557 
587 0.487557 
397 0.487557 
1038 0.487557 
51 0.487557 
816 0.487557 
56 0.487557 
1548 0.487557 
1451 0.487557 
850 0.487557 
462 0.487557 
673 0.487557 
1213 0.487557 
417 0.487557 
116 0.487557 
708 0.487557 
1346 0.487557 
124 0.487557 
1112 0.487557 
792 0.487557 
633 0.487557 
1489 0.487557 
1169 0.487557 
2004 0.486413 
1232 0.486413 
993 0.486413 
2052 0.486413 
1949 0.486413 
175 0.486413 
932 0.486413 
177 0.486413 
1944 0.486413 
2045 0.486413 
1002 0.486413 
959 0.486413 
181 0.486413 
1551 0.486413 
1938 0.486413 
2054 0.486413 
926 0.486413 
1524 0.486413 
152 0.486413 
145 0.486413 
966 0.486413 
1570 0.486413 
683 0.486413 
1979 0.486413 
1253 0.486413 
1977 0.486413 
163 0.486413 
1532 0.486413 
691 0.486413 
142 0.486413 
2007 0.486413 
2010 0.486413 
2002 0.486413 
2044 0.486413 
1543 0.486413 
1544 0.486413 
1663 0.486413 
1623 0.486413 
1091 0.486413 
1104 0.486413 
1647 0.486413 
331 0.486413 
1119 0.486413 
1649 0.486413 
1766 0.486413 
1654 0.486413 
1758 0.486413 
1659 0.486413 
1077 0.486413 
1664 0.486413 
1163 0.486413 
276 0.486413 
277 0.486413 
1147 0.486413 
300 0.486413 
1732 0.486413 
1156 0.486413 
1711 0.486413 
1714 0.486413 
1571 0.486413 
1556 0.486413 
382 0.486413 
1915 0.486413 
1566 0.486413 
1906 0.486413 
1903 0.486413 
377 0.486413 
375 0.486413 
2005 0.486413 
1015 0.486413 
1008 0.486413 
1195 0.486413 
1192 0.486413 
364 0.486413 
1588 0.486413 
1064 0.486413 
1848 0.486413 
1843 0.486413 
1074 0.486413 
1184 0.486413 
1608 0.486413 
1292 0.486413 
1492 0.486413 
1490 0.486413 
96 0.486413 
2244 0.486413 
1488 0.486413 
2115 0.486413 
2242 0.486413 
1395 0.486413 
2219 0.486413 
1400 0.486413 
1478 0.486413 
2215 0.486413 
1476 0.486413 
95 0.486413 
2138 0.486413 
1409 0.486413 
813 0.486413 
2143 0.486413 
81 0.486413 
2199 0.486413 
833 0.486413 
1276 0.486413 
1279 0.486413 
2153 0.486413 
1430 0.486413 
2175 0.486413 
1447 0.486413 
2292 0.486413 
2064 0.486413 
1343 0.486413 
509 0.486413 
783 0.486413 
1347 0.486413 
1348 0.486413 
1351 0.486413 
502 0.486413 
1322 0.486413 
2083 0.486413 
1493 0.486413 
17 0.486413 
1317 0.486413 
795 0.486413 
1378 0.486413 
797 0.486413 
1370 0.486413 
2254 0.486413 
1894 0.474029 
1382 0.474029 
1933 0.474029 
838 0.474029 
1180 0.474029 
236 0.474029 
1183 0.474029 
1902 0.474029 
512 0.474029 
1671 0.474029 
2278 0.474029 
2206 0.474029 
1332 0.474029 
1421 0.474029 
1755 0.474029 
483 0.474029 
251 0.474029 
1122 0.474029 
1062 0.474029 
1368 0.474029 
1293 0.474029 
426 0.474029 
891 0.474029 
1456 0.474029 
1491 0.474029 
2105 0.474029 
899 0.474029 
2142 0.474029 
1270 0.474029 
875 0.474029 
915 0.474029 
1479 0.474029 
2181 0.474029 
1988 0.468525 
246 0.468525 
2222 0.468525 
1294 0.468525 
1825 0.468525 
1978 0.468525 
1103 0.468525 
2252 0.468525 
114 0.468525 
493 0.468525 
520 0.468525 
2287 0.468525 
500 0.468525 
2073 0.468525 
2068 0.468525 
1730 0.468525 
457 0.468525 
1233 0.468525 
994 0.468525 
467 0.468525 
674 0.468525 
1957 0.468525 
1559 0.465121 
1422 0.465121 
243 0.465121 
947 0.465121 
599 0.465121 
135 0.465121 
255 0.465121 
1515 0.465121 
62 0.465121 
1911 0.465121 
2037 0.465121 
2214 0.465121 
1353 0.465121 
934 0.465121 
1506 0.465121 
1431 0.465121 
1212 0.465121 
1160 0.465121 
1151 0.465121 
119 0.465121 
283 0.465121 
2062 0.465121 
1932 0.465121 
877 0.465121 
1076 0.465121 
1067 0.465121 
438 0.465121 
172 0.465121 
1274 0.465121 
1300 0.465121 
1498 0.465121 
58 0.465121 
608 0.436743 
356 0.436743 
1595 0.436743 
1701 0.436743 
314 0.436743 
1675 0.436743 
1502 0.436743 
606 0.436743 
389 0.436743 
1433 0.436743 
1505 0.436743 
1393 0.436743 
1594 0.436743 
422 0.436743 
616 0.436743 
1472 0.436743 
618 0.436743 
513 0.436743 
1152 0.436743 
1286 0.436743 
1175 0.436743 
555 0.436743 
1380 0.436743 
771 0.436743 
1517 0.436743 
1428 0.436743 
596 0.436743 
553 0.436743 
1206 0.436743 
1640 0.436743 
588 0.436743 
350 0.436743 
538 0.436743 
405 0.436743 
412 0.436743 
404 0.436743 
559 0.436743 
354 0.436743 
552 0.436743 
465 0.436743 
1653 0.436743 
1600 0.436743 
1198 0.436743 
1855 0.436743 
1020 0.436743 
1026 0.436743 
2146 0.436743 
728 0.436743 
1885 0.436743 
2158 0.436743 
2164 0.436743 
1028 0.436743 
1030 0.436743 
1866 0.436743 
212 0.436743 
1049 0.436743 
1013 0.436743 
837 0.436743 
1841 0.436743 
650 0.436743 
1830 0.436743 
64 0.436743 
232 0.436743 
1812 0.436743 
648 0.436743 
1795 0.436743 
736 0.436743 
2197 0.436743 
978 0.436743 
2031 0.436743 
2029 0.436743 
137 0.436743 
2077 0.436743 
709 0.436743 
144 0.436743 
892 0.436743 
965 0.436743 
2097 0.436743 
715 0.436743 
1989 0.436743 
1715 0.436743 
885 0.436743 
1972 0.436743 
1970 0.436743 
681 0.436743 
169 0.436743 
182 0.436743 
2133 0.436743 
722 0.436743 
1919 0.436743 
2137 0.436743 
201 0.436743 
2308 0.436743 
630 0.436743 
267 0.436743 
628 0.436743 
1131 0.436743 
1720 0.436743 
2247 0.436743 
1746 0.436743 
2310 0.436743 
1719 0.436743 
2283 0.436743 
623 0.436743 
2286 0.436743 
286 0.436743 
1731 0.436743 
1733 0.436743 
788 0.436743 
786 0.436743 
1114 0.436743 
1108 0.436743 
47 0.436743 
2210 0.436743 
1774 0.436743 
807 0.436743 
253 0.436743 
2218 0.436743 
1780 0.436743 
1121 0.436743 
1782 0.436743 
758 0.433847 
1178 0.433847 
809 0.433847 
793 0.433847 
592 0.433847 
2107 0.433847 
1689 0.433847 
1690 0.433847 
670 0.433847 
191 0.433847 
2099 0.433847 
2230 0.433847 
2183 0.433847 
1269 0.433847 
698 0.433847 
1129 0.433847 
1513 0.433847 
604 0.433847 
2257 0.433847 
1752 0.433847 
801 0.433847 
1518 0.433847 
542 0.433847 
1530 0.400087 
429 0.400087 
2051 0.400087 
765 0.400087 
908 0.400087 
431 0.400087 
1345 0.400087 
919 0.400087 
853 0.400087 
1427 0.400087 
63 0.400087 
733 0.400087 
460 0.400087 
1288 0.400087 
750 0.400087 
32 0.400087 
800 0.400087 
525 0.400087 
1271 0.400087 
84 0.400087 
1475 0.400087 
874 0.400087 
1482 0.400087 
1483 0.400087 
2122 0.400087 
2300 0.400087 
2301 0.400087 
342 0.400087 
1011 0.400087 
200 0.400087 
613 0.400087 
575 0.400087 
1576 0.400087 
368 0.400087 
579 0.400087 
580 0.400087 
1585 0.400087 
221 0.400087 
1816 0.400087 
1794 0.400087 
642 0.400087 
1259 0.400087 
338 0.400087 
1686 0.400087 
252 0.400087 
1113 0.400087 
1771 0.400087 
308 0.400087 
325 0.400087 
1753 0.400087 
319 0.400087 
274 0.400087 
1159 0.400087 
1681 0.400087 
694 0.400087 
1998 0.400087 
291 0.400087 
195 0.400087 
401 0.400087 
1153 0.400087 
956 0.400087 
1536 0.400087 
1545 0.400087 
1560 0.400087 
1704 0.400087 
1947 0.400087 
944 0.400087 
1150 0.400087 
328 0.389505 
150 0.389505 
11 0.389505 
624 0.389505 
316 0.389505 
746 0.389505 
148 0.389505 
1499 0.389505 
2294 0.389505 
522 0.389505 
484 0.389505 
472 0.389505 
415 0.389505 
612 0.389505 
498 0.389505 
272 0.389505 
598 0.389505 
671 0.389505 
450 0.389505 
1158 0.389505 
452 0.389505 
1935 0.389505 
764 0.389505 
70 0.389505 
9 0.389505 
68 0.389505 
217 0.389505 
393 0.389505 
235 0.389505 
301 0.389505 
1535 0.389505 
343 0.389505 
59 0.389505 
45 0.389505 
1336 0.379028 
1 0.379028 
1315 0.379028 
752 0.379028 
1306 0.379028 
1297 0.379028 
806 0.379028 
533 0.379028 
1046 0.379028 
846 0.379028 
572 0.379028 
1272 0.379028 
1221 0.379028 
991 0.379028 
886 0.379028 
1237 0.379028 
705 0.379028 
550 0.379028 
65 0.379028 
330 0.379028 
1467 0.379028 
1646 0.379028 
1501 0.379028 
111 0.379028 
2255 0.379028 
1631 0.379028 
2188 0.379028 
1621 0.379028 
1519 0.379028 
35 0.379028 
1925 0.379028 
1634 0.379028 
1920 0.379028 
1908 0.379028 
1846 0.379028 
1858 0.379028 
2098 0.379028 
2220 0.379028 
1897 0.379028 
2216 0.379028 
1891 0.379028 
1887 0.379028 
1579 0.379028 
104 0.379028 
1777 0.379028 
1765 0.379028 
1744 0.379028 
2046 0.379028 
1736 0.379028 
1735 0.379028 
1768 0.379028 
2022 0.379028 
7 0.379028 
2103 0.379028 
117 0.379028 
1449 0.379028 
1783 0.379028 
1405 0.379028 
2124 0.379028 
1408 0.379028 
337 0.375868 
1172 0.375868 
577 0.375868 
367 0.375868 
1648 0.375868 
260 0.375868 
1045 0.375868 
627 0.375868 
1712 0.375868 
714 0.375868 
318 0.375868 
857 0.375868 
298 0.375868 
1702 0.375868 
339 0.375868 
2135 0.375868 
873 0.375868 
242 0.375868 
1628 0.375868 
230 0.375868 
938 0.375868 
688 0.375868 
1394 0.375868 
686 0.375868 
1403 0.375868 
1442 0.375868 
487 0.375868 
1459 0.375868 
449 0.375868 
1375 0.375868 
794 0.375868 
547 0.375868 
411 0.375868 
499 0.375868 
2091 0.375868 
371 0.375868 
373 0.375868 
1568 0.375868 
741 0.375868 
666 0.375868 
1537 0.375868 
1236 0.375868 
928 0.375868 
2226 0.375868 
515 0.375868 
802 0.375868 
1352 0.375868 
143 0.357991 
257 0.357991 
1767 0.357991 
859 0.357991 
2015 0.357991 
2040 0.357991 
2001 0.357991 
1166 0.357991 
2043 0.357991 
1784 0.357991 
2123 0.357991 
1984 0.357991 
2067 0.357991 
1974 0.357991 
167 0.357991 
1959 0.357991 
1952 0.357991 
2101 0.357991 
2089 0.357991 
1842 0.357991 
1930 0.357991 
1857 0.357991 
218 0.357991 
215 0.357991 
1883 0.357991 
378 0.357991 
511 0.357991 
773 0.357991 
776 0.357991 
4 0.357991 
763 0.357991 
443 0.357991 
1511 0.357991 
749 0.357991 
560 0.357991 
1197 0.357991 
739 0.357991 
819 0.357991 
1186 0.357991 
1593 0.357991 
324 0.357991 
1139 0.357991 
2177 0.357991 
1741 0.357991 
434 0.348045 
1549 0.348045 
1900 0.348045 
1698 0.348045 
2229 0.348045 
1097 0.348045 
554 0.348045 
179 0.348045 
1951 0.348045 
30 0.348045 
990 0.348045 
1247 0.348045 
157 0.348045 
789 0.348045 
1384 0.348045 
6 0.348045 
275 0.348045 
2020 0.348045 
725 0.348045 
767 0.348045 
1751 0.348045 
52 0.348045 
2192 0.348045 
57 0.348045 
1629 0.348045 
1179 0.348045 
603 0.348045 
732 0.348045 
1592 0.348045 
605 0.348045 
1680 0.348045 
1684 0.348045 
1580 0.348045 
320 0.348045 
54 0.348045 
852 0.348045 
2313 0.314476 
2303 0.314476 
2145 0.314476 
2059 0.314476 
2060 0.314476 
2207 0.314476 
2129 0.314476 
2191 0.314476 
2297 0.314476 
2295 0.314476 
2065 0.314476 
2290 0.314476 
2288 0.314476 
2263 0.314476 
841 0.314476 
2245 0.314476 
2152 0.314476 
890 0.314476 
2093 0.314476 
2185 0.314476 
1214 0.314476 
1510 0.314476 
1254 0.314476 
1523 0.314476 
1244 0.314476 
1526 0.314476 
1241 0.314476 
1534 0.314476 
1547 0.314476 
1509 0.314476 
1552 0.314476 
1554 0.314476 
1203 0.314476 
1196 0.314476 
1584 0.314476 
1589 0.314476 
1605 0.314476 
1307 0.314476 
1349 0.314476 
1334 0.314476 
1356 0.314476 
1360 0.314476 
1371 0.314476 
1374 0.314476 
1311 0.314476 
1308 0.314476 
1607 0.314476 
1298 0.314476 
1392 0.314476 
1396 0.314476 
1455 0.314476 
1469 0.314476 
1503 0.314476 
1266 0.314476 
1921 0.314476 
1801 0.314476 
1803 0.314476 
1835 0.314476 
1047 0.314476 
1860 0.314476 
1873 0.314476 
1876 0.314476 
1029 0.314476 
1089 0.314476 
1939 0.314476 
980 0.314476 
1981 0.314476 
967 0.314476 
2003 0.314476 
953 0.314476 
933 0.314476 
1747 0.314476 
1620 0.314476 
1622 0.314476 
1624 0.314476 
1666 0.314476 
1676 0.314476 
1697 0.314476 
1703 0.314476 
1710 0.314476 
2053 0.314476 
1764 0.314476 
1123 0.314476 
1770 0.314476 
1772 0.314476 
1779 0.314476 
1781 0.314476 
1093 0.314476 
693 0.314476 
263 0.314476 
510 0.314476 
656 0.314476 
505 0.314476 
46 0.314476 
489 0.314476 
128 0.314476 
290 0.314476 
97 0.314476 
22 0.314476 
466 0.314476 
127 0.314476 
362 0.314476 
29 0.314476 
617 0.314476 
454 0.314476 
451 0.314476 
204 0.314476 
445 0.314476 
197 0.314476 
409 0.314476 
381 0.314476 
115 0.314476 
537 0.314476 
247 0.314476 
1699 0.311363 
1587 0.311363 
1700 0.311363 
2311 0.311363 
2237 0.311363 
922 0.311363 
1245 0.311363 
1407 0.311363 
1404 0.311363 
1398 0.311363 
1599 0.311363 
784 0.311363 
293 0.311363 
1390 0.311363 
1099 0.311363 
1656 0.311363 
1225 0.311363 
1117 0.311363 
778 0.311363 
1685 0.311363 
1248 0.311363 
2176 0.311363 
2276 0.311363 
448 0.311363 
2111 0.311363 
1035 0.311363 
615 0.311363 
1372 0.311363 
864 0.311363 
1243 0.311363 
1340 0.311363 
1342 0.311363 
1004 0.311363 
2130 0.311363 
1760 0.311363 
1965 0.311363 
635 0.311363 
2260 0.311363 
2057 0.311363 
2055 0.311363 
785 0.311363 
810 0.311363 
1572 0.311363 
1929 0.311363 
2075 0.311363 
2050 0.311363 
1381 0.311363 
1235 0.311363 
1143 0.311363 
1807 0.311363 
2159 0.311363 
25 0.311363 
821 0.311363 
1975 0.294088 
1215 0.294088 
256 0.294088 
2114 0.294088 
1290 0.294088 
294 0.294088 
288 0.294088 
1088 0.294088 
281 0.294088 
808 0.294088 
48 0.294088 
634 0.294088 
1337 0.294088 
370 0.287352 
880 0.287352 
884 0.287352 
1109 0.287352 
902 0.287352 
913 0.287352 
1494 0.287352 
1437 0.287352 
952 0.287352 
1413 0.287352 
679 0.287352 
1012 0.287352 
1249 0.287352 
1264 0.287352 
1261 0.287352 
271 0.287352 
861 0.287352 
621 0.287352 
866 0.287352 
826 0.287352 
1922 0.287352 
1713 0.287352 
768 0.287352 
345 0.287352 
644 0.287352 
1155 0.287352 
805 0.287352 
804 0.287352 
1325 0.281966 
1460 0.281966 
2016 0.281966 
1672 0.281966 
1884 0.281966 
2014 0.281966 
1318 0.281966 
140 0.281966 
1693 0.281966 
1227 0.281966 
2000 0.281966 
110 0.281966 
109 0.281966 
1453 0.281966 
1454 0.281966 
1793 0.281966 
697 0.281966 
1724 0.281966 
1350 0.281966 
745 0.281966 
1361 0.281966 
1142 0.281966 
814 0.281966 
1867 0.281966 
2221 0.281966 
740 0.281966 
2235 0.281966 
754 0.281966 
2291 0.281966 
831 0.281966 
2027 0.281966 
1420 0.281966 
2024 0.281966 
2309 0.281966 
1708 0.281966 
420 0.281966 
2259 0.281966 
1586 0.281966 
1799 0.281966 
2127 0.281966 
1964 0.281966 
1976 0.281966 
1948 0.281966 
1066 0.281966 
2172 0.281966 
1611 0.281966 
231 0.281966 
1191 0.281966 
80 0.281966 
2281 0.281966 
2118 0.281966 
198 0.281966 
2095 0.281966 
2134 0.281966 
664 0.281966 
358 0.268626 
390 0.268626 
385 0.268626 
1880 0.268626 
1834 0.268626 
2270 0.268626 
2061 0.268626 
756 0.268626 
1838 0.268626 
2274 0.268626 
334 0.268626 
519 0.268626 
2149 0.268626 
419 0.268626 
2096 0.268626 
202 0.268626 
1668 0.268626 
2284 0.268626 
1582 0.268626 
49 0.248072 
40 0.248072 
85 0.248072 
41 0.248072 
43 0.248072 
10 0.248072 
86 0.248072 
12 0.248072 
101 0.248072 
103 0.248072 
71 0.248072 
121 0.248072 
78 0.248072 
102 0.248072 
94 0.248072 
19 0.248072 
16 0.248072 
1282 0.248072 
139 0.248072 
112 0.248072 
2248 0.248072 
20 0.248072 
27 0.248072 
37 0.248072 
39 0.248072 
15 0.248072 
118 0.248072 
976 0.248072 
659 0.239681 
1823 0.239681 
258 0.239681 
787 0.239681 
1425 0.239681 
777 0.239681 
2085 0.239681 
539 0.239681 
546 0.239681 
1111 0.239681 
1327 0.239681 
2128 0.239681 
1750 0.239681 
1462 0.239681 
1896 0.239681 
1997 0.239681 
1995 0.239681 
1645 0.239681 
2173 0.239681 
403 0.239681 
1458 0.239681 
863 0.239681 
387 0.239681 
601 0.239681 
2266 0.239681 
1940 0.239681 
1174 0.239681 
1601 0.239681 
1936 0.239681 
1610 0.239681 
2048 0.239681 
2150 0.239681 
2041 0.239681 
564 0.239681 
2034 0.239681 
1416 0.239681 
963 0.239681 
2021 0.239681 
1242 0.239681 
1882 0.239681 
2241 0.239681 
1444 0.239681 
1695 0.239681 
75 0.224580 
2102 0.224580 
657 0.224580 
2161 0.224580 
79 0.224580 
1082 0.224580 
1228 0.224580 
1912 0.224580 
1477 0.224580 
1486 0.224580 
1507 0.224580 
1962 0.224580 
361 0.224580 
1590 0.224580 
1931 0.224580 
1632 0.224580 
193 0.224580 
1267 0.224580 
1652 0.224580 
1878 0.224580 
1721 0.224580 
2298 0.224580 
1775 0.224580 
1791 0.224580 
1797 0.224580 
1820 0.224580 
0 0.224580 
1339 0.224580 
67 0.224580 
36 0.224580 
1285 0.224580 
2078 0.224580 
2058 0.224580 
508 0.224580 
2008 0.224580 
973 0.224580 
680 0.224580 
987 0.224580 
1687 0.217555 
1870 0.217555 
1943 0.217555 
1827 0.217555 
1856 0.180689 
1146 0.180689 
1726 0.180689 
1864 0.180689 
280 0.180689 
126 0.180689 
1312 0.180689 
1301 0.180689 
1796 0.180689 
2080 0.180689 
1424 0.180689 
1465 0.180689 
439 0.180689 
2109 0.180689 
91 0.180689 
1522 0.180689 
402 0.180689 
1567 0.180689 
1439 0.180689 
1679 0.180689 
186 0.180689 
2036 0.180689 
1917 0.180689 
2141 0.180689 
1916 0.180689 
153 0.180689 
1670 0.180689 
2182 0.180689 
898 0.180689 
818 0.180689 
820 0.180689 
923 0.180689 
44 0.180689 
848 0.180689 
72 0.180689 
2209 0.180689 
1096 0.180689 
2239 0.180689 
780 0.180689 
868 0.180689 
1080 0.180689 
2184 0.180689 
1102 0.180689 
641 0.180689 
2035 0.160014 
649 0.160014 
1971 0.160014 
774 0.160014 
66 0.160014 
655 0.160014 
1138 0.160014 
459 0.160014 
1034 0.160014 
1432 0.160014 
463 0.160014 
473 0.160014 
2030 0.160014 
1055 0.160014 
551 0.160014 
1079 0.160014 
2100 0.160014 
561 0.160014 
209 0.160014 
557 0.160014 
570 0.160014 
1321 0.160014 
578 0.160014 
667 0.160014 
2063 0.160014 
2072 0.160014 
1862 0.160014 
2074 0.160014 
526 0.160014 
1626 0.160014 
1338 0.160014 
1007 0.160014 
921 0.160014 
1832 0.160014 
480 0.160014 
721 0.160014 
1603 0.160014 
1845 0.160014 
1208 0.160014 
1729 0.160014 
2194 0.160014 
1134 0.160014 
1135 0.160014 
855 0.160014 
447 0.160014 
1457 0.160014 
28 0.160014 
432 0.128801 
34 0.128801 
1831 0.128801 
1985 0.128801 
1246 0.128801 
1106 0.128801 
2231 0.128801 
1107 0.128801 
21 0.128801 
363 0.128801 
903 0.128801 
988 0.128801 
1865 0.128801 
284 0.128801 
530 0.128801 
2088 0.115766 
2162 0.115766 
669 0.115766 
1344 0.115766 
1024 0.115766 
130 0.115766 
1268 0.115766 
2033 0.115766 
695 0.115766 
1250 0.115766 
461 0.115766 
1969 0.115766 
651 0.115766 
779 0.115766 
710 0.115766 
1562 0.115766 
1888 0.115766 
782 0.115766 
161 0.115766 
817 0.051854 
799 0.051854 
1899 0.051854 
626 0.051854 
646 0.051854 
678 0.051854 
713 0.001732 
870 0.001732 
1041 0.001732 
2200 0.001732 
1961 0.001732 
911 0.001732 
796 0.001732 
895 0.001732 
583 0.001732 
962 -0.004135 
495 -0.004135 
1043 -0.004135 
1362 -0.004135 
384 -0.004135 
1602 -0.004135 
323 -0.004135 
1052 -0.004135 
2170 -0.004135 
1154 -0.004135 
1258 -0.004135 
1406 -0.004135 
620 -0.004135 
972 -0.004135 
975 -0.004135 
2038 -0.004135 
1388 -0.004135 
684 -0.004135 
1591 -0.004135 
1757 -0.004135 
1133 -0.004135 
985 -0.004135 
1095 -0.004135 
772 -0.004135 
1474 -0.004135 
929 -0.004135 
832 -0.004135 
2163 -0.004135 
220 -0.004135 
1329 -0.004135 
2126 -0.004135 
340 -0.004135 
344 -0.004135 
349 -0.004135 
731 -0.004135 
856 -0.004135 
120 -0.004135 
1070 -0.004135 
1859 -0.004135 
208 -0.004135 
436 -0.004135 
770 -0.004135 
1963 -0.004135 
2253 -0.004135 
677 -0.015197 
1328 -0.015197 
1331 -0.015197 
881 -0.015197 
1639 -0.015197 
1641 -0.015197 
207 -0.015197 
517 -0.015197 
123 -0.015197 
867 -0.015197 
1357 -0.015197 
812 -0.015197 
189 -0.015197 
183 -0.015197 
811 -0.015197 
879 -0.015197 
503 -0.015197 
282 -0.015197 
872 -0.015197 
723 -0.015197 
2212 -0.015197 
147 -0.015197 
396 -0.015197 
2293 -0.015197 
1450 -0.015197 
455 -0.015197 
146 -0.015197 
707 -0.015197 
407 -0.015197 
453 -0.015197 
699 -0.015197 
2240 -0.015197 
305 -0.015197 
927 -0.015197 
410 -0.015197 
1512 -0.015197 
834 -0.015197 
160 -0.015197 
835 -0.015197 
735 -0.015197 
158 -0.015197 
383 -0.015197 
357 -0.015197 
716 -0.015197 
23 -0.015197 
1673 -0.015197 
969 -0.015197 
1564 -0.015197 
471 -0.015197 
289 -0.015197 
1557 -0.015197 
983 -0.015197 
469 -0.015197 
960 -0.015197 
900 -0.015197 
2023 -0.015197 
136 -0.015197 
2234 -0.015197 
1541 -0.015197 
954 -0.015197 
906 -0.015197 
262 -0.015197 
89 -0.015197 
2304 -0.015197 
1069 -0.015197 
1204 -0.015197 
2121 -0.015197 
5 -0.015197 
74 -0.015197 
2112 -0.015197 
1222 -0.015197 
1224 -0.015197 
1071 -0.015197 
1238 -0.015197 
658 -0.015197 
1044 -0.015197 
1042 -0.015197 
264 -0.015197 
2094 -0.015197 
1033 -0.015197 
1100 -0.015197 
2092 -0.015197 
1273 -0.015197 
1176 -0.015197 
1140 -0.015197 
1086 -0.015197 
1085 -0.015197 
611 -0.015197 
238 -0.015197 
82 -0.015197 
607 -0.015197 
1792 -0.015197 
1078 -0.015197 
647 -0.015197 
250 -0.015197 
597 -0.015197 
229 -0.015197 
2154 -0.015197 
589 -0.015197 
586 -0.015197 
240 -0.015197 
88 -0.015197 
1072 -0.015197 
581 -0.015197 
113 -0.015197 
60 -0.015197 
1302 -0.015197 
535 -0.015197 
1021 -0.015197 
216 -0.015197 
1016 -0.015197 
1299 -0.015197 
524 -0.015197 
638 -0.015197 
531 -0.015197 
278 -0.015197 
1694 -0.056873 
1497 -0.056873 
351 -0.056873 
1126 -0.056873 
427 -0.056873 
1003 -0.056873 
433 -0.056873 
245 -0.056873 
507 -0.056873 
302 -0.056873 
155 -0.056873 
1986 -0.056873 
640 -0.056873 
696 -0.056873 
141 -0.056873 
458 -0.056873 
2006 -0.056873 
1220 -0.056873 
827 -0.056873 
2157 -0.056873 
335 -0.056873 
93 -0.056873 
703 -0.056873 
504 -0.056873 
568 -0.056873 
2250 -0.056873 
1616 -0.056873 
930 -0.056873 
865 -0.056873 
227 -0.056873 
196 -0.056873 
622 -0.056873 
602 -0.056873 
2140 -0.056873 
1960 -0.056873 
730 -0.056873 
1555 -0.056873 
2202 -0.056873 
173 -0.056873 
174 -0.056873 
904 -0.056873 
176 -0.056873 
1136 -0.056873 
315 -0.056873 
625 -0.056873 
712 -0.056873 
360 -0.056873 
888 -0.056873 
518 -0.056873 
590 -0.056873 
2160 -0.056873 
159 -0.056873 
442 -0.056873 
585 -0.056873 
408 -0.056873 
1604 -0.056873 
2299 -0.056873 
165 -0.056873 
421 -0.056873 
1335 -0.056873 
309 -0.056873 
1966 -0.056873 
1333 -0.056873 
665 -0.056873 
310 -0.056873 
2139 -0.056873 
660 -0.056873 
2081 -0.056873 
562 -0.056873 
190 -0.056873 
1373 -0.056873 
1239 -0.056873 
490 -0.056873 
815 -0.056873 
76 -0.056873 
558 -0.056873 
1051 -0.056873 
488 -0.056873 
544 -0.056873 
61 -0.056873 
549 -0.056873 
1410 -0.056873 
2090 -0.056873 
689 -0.056873 
1923 -0.056873 
134 -0.056873 
73 -0.056873 
477 -0.056873 
1810 -0.056873 
2217 -0.056873 
2190 -0.056873 
824 -0.056873 
1402 -0.056873 
563 -0.056873 
632 -0.056873 
348 -0.056873 
803 -0.085868 
979 -0.085868 
755 -0.085868 
1027 -0.085868 
2201 -0.085868 
1696 -0.085868 
2264 -0.085868 
166 -0.085868 
704 -0.085868 
2189 -0.085868 
842 -0.085868 
266 -0.085868 
400 -0.085868 
307 -0.085868 
1128 -0.085868 
676 -0.085868 
1950 -0.085868 
775 -0.085868 
2169 -0.085868 
178 -0.085868 
830 -0.085868 
228 -0.085868 
2249 -0.085868 
297 -0.099320 
845 -0.099320 
1778 -0.099320 
2195 -0.099320 
791 -0.099320 
619 -0.137782 
1521 -0.137782 
726 -0.137782 
2168 -0.137782 
2305 -0.137782 
548 -0.137782 
1818 -0.137782 
180 -0.137782 
1574 -0.137782 
2312 -0.137782 
636 -0.137782 
1665 -0.137782 
1644 -0.137782 
1805 -0.137782 
475 -0.137782 
751 -0.137782 
486 -0.137782 
1958 -0.137782 
1868 -0.137782 
77 -0.137782 
2131 -0.137782 
556 -0.137782 
1914 -0.137782 
675 -0.137782 
321 -0.137782 
961 -0.137782 
1495 -0.137782 
441 -0.137782 
2275 -0.137782 
1423 -0.137782 
2155 -0.137782 
1606 -0.137782 
151 -0.137782 
2205 -0.137782 
582 -0.137782 
2238 -0.137782 
333 -0.137782 
456 -0.137782 
1808 -0.153694 
851 -0.153694 
1769 -0.153694 
296 -0.153694 
1229 -0.153694 
1280 -0.153694 
882 -0.153694 
1756 -0.153694 
1295 -0.153694 
1913 -0.153694 
273 -0.153694 
1399 -0.153694 
1019 -0.153694 
1847 -0.185981 
2232 -0.185981 
692 -0.185981 
414 -0.185981 
1514 -0.185981 
1230 -0.185981 
951 -0.185981 
366 -0.185981 
1581 -0.185981 
353 -0.185981 
1734 -0.185981 
2012 -0.185981 
637 -0.185981 
494 -0.185981 
1619 -0.185981 
1804 -0.185981 
1401 -0.185981 
329 -0.185981 
435 -0.185981 
901 -0.185981 
1890 -0.185981 
1759 -0.185981 
1655 -0.185981 
999 -0.185981 
2 -0.185981 
2039 -0.185981 
2028 -0.185981 
1001 -0.185981 
395 -0.185981 
1471 -0.185981 
327 -0.190752 
1815 -0.190752 
869 -0.190752 
194 -0.190752 
718 -0.190752 
1323 -0.190752 
359 -0.190752 
1124 -0.190752 
1907 -0.190752 
352 -0.190752 
682 -0.190752 
654 -0.190752 
1446 -0.190752 
254 -0.190752 
14 -0.190752 
1875 -0.190752 
2296 -0.190752 
476 -0.190752 
481 -0.190752 
541 -0.190752 
1275 -0.190752 
234 -0.190752 
1377 -0.190752 
1728 -0.190752 
1296 -0.190752 
1355 -0.190752 
501 -0.190752 
747 -0.190752 
2076 -0.190752 
2203 -0.190752 
1853 -0.190752 
1324 -0.190752 
1200 -0.190752 
614 -0.190752 
569 -0.190752 
2256 -0.190752 
1691 -0.190752 
2289 -0.190752 
372 -0.190752 
1990 -0.190752 
1999 -0.190752 
1577 -0.190752 
1901 -0.190752 
1473 -0.190752 
2282 -0.190752 
446 -0.190752 
2268 -0.190752 
1754 -0.207069 
1806 -0.207069 
1886 -0.207069 
1674 -0.207069 
1850 -0.207069 
936 -0.207069 
761 -0.207069 
265 -0.207069 
1688 -0.207069 
1786 -0.207069 
858 -0.207069 
1761 -0.207069 
1877 -0.207069 
1705 -0.207069 
1837 -0.207069 
737 -0.207069 
1881 -0.207069 
1010 -0.207069 
2151 -0.207069 
1065 -0.207069 
1956 -0.207069 
1087 -0.207069 
1289 -0.207069 
1531 -0.207069 
1504 -0.207069 
1496 -0.207069 
1199 -0.207069 
920 -0.207069 
523 -0.207069 
2171 -0.207069 
1316 -0.207069 
1017 -0.207069 
1968 -0.207069 
2211 -0.207069 
702 -0.207069 
2251 -0.207069 
1466 -0.207069 
1463 -0.207069 
497 -0.207069 
1354 -0.207069 
1170 -0.207069 
946 -0.207069 
1363 -0.207069 
1181 -0.207069 
2224 -0.207069 
2136 -0.207069 
1578 -0.207069 
878 -0.207069 
1216 -0.207069 
1053 -0.207069 
1941 -0.207069 
1098 -0.207069 
1618 -0.207069 
347 -0.207069 
1627 -0.207069 
1633 -0.207069 
1141 -0.207069 
1144 -0.207069 
860 -0.207069 
1565 -0.207069 
1563 -0.207069 
1790 -0.227614 
2113 -0.227614 
836 -0.227614 
1927 -0.227614 
685 -0.227614 
1657 -0.227614 
2087 -0.227614 
1597 -0.227614 
1263 -0.227614 
1945 -0.227614 
1132 -0.227614 
748 -0.229277 
1057 -0.229277 
2084 -0.229277 
2223 -0.229277 
1287 -0.229277 
1376 -0.229277 
1073 -0.229277 
536 -0.229277 
1367 -0.229277 
1364 -0.229277 
1056 -0.229277 
2079 -0.229277 
935 -0.229277 
261 -0.229277 
1849 -0.229277 
2198 -0.229277 
1303 -0.229277 
1304 -0.229277 
527 -0.229277 
99 -0.229277 
573 -0.229277 
1040 -0.229277 
567 -0.229277 
38 -0.229277 
399 -0.229277 
206 -0.229277 
1529 -0.229277 
1539 -0.229277 
2258 -0.229277 
1540 -0.229277 
1954 -0.229277 
918 -0.229277 
847 -0.229277 
839 -0.229277 
1145 -0.229277 
1994 -0.229277 
1484 -0.229277 
719 -0.229277 
1909 -0.229277 
1116 -0.229277 
600 -0.229277 
1419 -0.229277 
595 -0.229277 
724 -0.229277 
474 -0.229277 
133 -0.229277 
1130 -0.250737 
887 -0.250737 
187 -0.250737 
798 -0.250737 
862 -0.250737 
224 -0.250737 
907 -0.250737 
108 -0.250737 
24 -0.250737 
1826 -0.250737 
1161 -0.250737 
1162 -0.250737 
154 -0.250737 
1829 -0.257878 
653 -0.257878 
1115 -0.257878 
1188 -0.257878 
609 -0.257878 
1813 -0.257878 
643 -0.257878 
1193 -0.257878 
2117 -0.257878 
1084 -0.257878 
1821 -0.257878 
2125 -0.257878 
905 -0.257878 
2017 -0.257878 
2011 -0.257878 
295 -0.257878 
924 -0.257878 
1487 -0.257878 
1991 -0.257878 
430 -0.257878 
424 -0.257878 
2106 -0.257878 
380 -0.257878 
896 -0.257878 
1598 -0.257878 
1662 -0.257878 
1658 -0.257878 
346 -0.257878 
1630 -0.257878 
1636 -0.257878 
1718 -0.257878 
1763 -0.257878 
545 -0.257878 
661 -0.257878 
1745 -0.257878 
1742 -0.257878 
1014 -0.257878 
516 -0.257878 
492 -0.257878 
491 -0.257878 
989 -0.257878 
1869 -0.257878 
1418 -0.257878 
1953 -0.261500 
2261 -0.261500 
2165 -0.261500 
1542 -0.261500 
185 -0.261500 
13 -0.261500 
2243 -0.261500 
1840 -0.261500 
2178 -0.261500 
1811 -0.261500 
823 -0.261500 
1738 -0.261500 
529 -0.261500 
822 -0.261500 
1723 -0.261500 
1194 -0.261500 
1762 -0.261500 
1773 -0.261500 
916 -0.261500 
1265 -0.261500 
1094 -0.261500 
690 -0.261500 
1039 -0.261500 
1809 -0.261500 
376 -0.261500 
1037 -0.261500 
1429 -0.261500 
662 -0.261500 
1464 -0.261500 
1789 -0.261500 
1022 -0.299266 
2187 -0.299266 
1305 -0.299266 
287 -0.299266 
1468 -0.299266 
1358 -0.299266 
2265 -0.299266 
2148 -0.299266 
2262 -0.299266 
1060 -0.299266 
26 -0.299266 
1525 -0.299266 
1928 -0.299266 
1411 -0.299266 
1415 -0.299266 
1426 -0.299266 
1148 -0.313779 
514 -0.313779 
717 -0.313779 
303 -0.313779 
156 -0.313779 
759 -0.313779 
306 -0.313779 
743 -0.313779 
1889 -0.313779 
663 -0.313779 
55 -0.313779 
2147 -0.313779 
2307 -0.313779 
2166 -0.313779 
790 -0.313779 
299 -0.313779 
1101 -0.313779 
485 -0.313779 
910 -0.313779 
939 -0.313779 
912 -0.313779 
914 -0.313779 
322 -0.313779 
1980 -0.313779 
1210 -0.313779 
1054 -0.313779 
629 -0.313779 
1651 -0.313779 
701 -0.313779 
668 -0.313779 
428 -0.313779 
2019 -0.313779 
92 -0.313779 
843 -0.313779 
1814 -0.313779 
170 -0.313779 
1207 -0.313779 
386 -0.313779 
464 -0.313779 
171 -0.313779 
223 -0.313779 
997 -0.313779 
1480 -0.313779 
69 -0.313779 
1202 -0.313779 
984 -0.313779 
3 -0.313779 
968 -0.313779 
437 -0.313779 
1609 -0.313779 
42 -0.313779 
2277 -0.313779 
574 -0.313779 
1278 -0.313779 
711 -0.357422 
1550 -0.357422 
995 -0.362223 
1785 -0.362223 
1256 -0.362223 
1520 -0.362223 
1955 -0.362223 
1533 -0.362223 
2228 -0.362223 
1625 -0.362223 
1748 -0.362223 
1110 -0.362223 
2236 -0.362223 
1452 -0.362223 
844 -0.362223 
1149 -0.362223 
1872 -0.362223 
149 -0.362223 
1800 -0.362223 
1737 -0.362223 
1558 -0.396054 
2225 -0.396054 
974 -0.396054 
576 -0.396054 
1005 -0.396054 
1081 -0.396054 
1000 -0.396054 
742 -0.396054 
98 -0.396054 
1205 -0.396054 
1434 -0.396054 
270 -0.396054 
854 -0.396054 
727 -0.396054 
107 -0.396054 
394 -0.396054 
392 -0.396054 
391 -0.396054 
894 -0.396054 
925 -0.396054 
1461 -0.396054 
940 -0.396054 
8 -0.396054 
948 -0.396054 
226 -0.396054 
122 -0.396054 
2306 -0.396054 
1164 -0.396054 
1167 -0.396054 
876 -0.396054 
1937 -0.396054 
931 -0.396054 
1252 -0.399572 
1223 -0.399572 
1438 -0.399572 
1441 -0.399572 
2180 -0.399572 
1435 -0.399572 
1445 -0.399572 
1234 -0.399572 
233 -0.399572 
1137 -0.399572 
2049 -0.399572 
2119 -0.399572 
1366 -0.399572 
2120 -0.399572 
2056 -0.399572 
1359 -0.399572 
1341 -0.399572 
1383 -0.399572 
83 -0.399572 
594 -0.399572 
1201 -0.399572 
1310 -0.399572 
1209 -0.399572 
528 -0.399572 
1284 -0.399572 
1283 -0.399572 
1397 -0.399572 
1255 -0.399572 
468 -0.399572 
1257 -0.399572 
1417 -0.399572 
1218 -0.399572 
1414 -0.399572 
645 -0.399572 
2032 -0.399572 
1075 -0.399572 
1217 -0.399572 
1391 -0.399572 
1389 -0.399572 
1387 -0.399572 
1386 -0.399572 
1120 -0.399572 
1211 -0.399572 
1725 -0.399572 
981 -0.399572 
369 -0.399572 
1596 -0.399572 
1612 -0.399572 
213 -0.399572 
1863 -0.399572 
949 -0.399572 
341 -0.399572 
1635 -0.399572 
1918 -0.399572 
937 -0.399572 
1643 -0.399572 
1727 -0.399572 
762 -0.399572 
909 -0.399572 
1669 -0.399572 
720 -0.399572 
897 -0.399572 
203 -0.399572 
1678 -0.399572 
1893 -0.399572 
205 -0.399572 
311 -0.399572 
883 -0.399572 
1709 -0.399572 
304 -0.399572 
248 -0.399572 
239 -0.399572 
416 -0.399572 
162 -0.399572 
1516 -0.399572 
1009 -0.399572 
1824 -0.399572 
1788 -0.399572 
1018 -0.399572 
1787 -0.399572 
241 -0.399572 
53 -0.399572 
1982 -0.399572 
1983 -0.399572 
1987 -0.399572 
753 -0.399572 
1546 -0.399572 
388 -0.399572 
168 -0.399572 
1992 -0.399572 
1819 -0.399572 
225 -0.399572 
268 -0.399572 
1946 -0.399572 
829 -0.399572 
2186 -0.425543 
1716 -0.425543 
1190 -0.425543 
210 -0.425543 
2280 -0.425543 
1309 -0.425543 
249 -0.425543 
285 -0.425543 
1861 -0.425543 
1854 -0.425543 
2082 -0.425543 
1743 -0.425543 
1904 -0.425543 
2204 -0.425543 
1063 -0.425543 
355 -0.425543 
326 -0.425543 
1661 -0.425543 
313 -0.425543 
1895 -0.425543 
2267 -0.425543 
1707 -0.425543 
566 -0.437507 
2116 -0.437507 
757 -0.437507 
2208 -0.437507 
998 -0.437507 
672 -0.437507 
2174 -0.437507 
2179 -0.437507 
1048 -0.437507 
734 -0.437507 
1031 -0.437507 
1032 -0.437507 
1226 -0.437507 
781 -0.437507 
1231 -0.437507 
1330 -0.437507 
955 -0.437507 
2272 -0.437507 
2144 -0.437507 
2269 -0.437507 
1171 -0.437507 
871 -0.437507 
2156 -0.437507 
2246 -0.437507 
942 -0.437507 
744 -0.437507 
2167 -0.437507 
958 -0.437507 
849 -0.437507 
687 -0.437507 
1090 -0.437507 
1083 -0.437507 
986 -0.437507 
2213 -0.437507 
1440 -0.437507 
1500 -0.437507 
1898 -0.437507 
1993 -0.437507 
1485 -0.437507 
1677 -0.437507 
1892 -0.437507 
1481 -0.437507 
1682 -0.437507 
1448 -0.437507 
1443 -0.437507 
1683 -0.437507 
312 -0.437507 
2013 -0.437507 
1436 -0.437507 
2018 -0.437507 
1879 -0.437507 
2026 -0.437507 
292 -0.437507 
1871 -0.437507 
1739 -0.437507 
2042 -0.437507 
219 -0.437507 
129 -0.437507 
1553 -0.437507 
1615 -0.437507 
1926 -0.437507 
1934 -0.437507 
184 -0.437507 
1583 -0.437507 
1942 -0.437507 
1575 -0.437507 
374 -0.437507 
1637 -0.437507 
192 -0.437507 
379 -0.437507 
2025 -0.437507 
1538 -0.437507 
398 -0.437507 
1642 -0.437507 
332 -0.437507 
1528 -0.437507 
1527 -0.437507 
406 -0.437507 
1910 -0.437507 
317 -0.437507 
1905 -0.437507 
1667 -0.437507 
1277 -0.437507 
1839 -0.437507 
1319 -0.437507 
1836 -0.437507 
1776 -0.437507 
2066 -0.437507 
2070 -0.437507 
269 -0.437507 
1326 -0.437507 
1313 -0.437507 
244 -0.437507 
1828 -0.437507 
1822 -0.437507 
1291 -0.437507 
1749 -0.437507 
1817 -0.437507 
1251 -0.437507 
2104 -0.437507 
1852 -0.437507 
1240 -0.437507 
1379 -0.437507 
1365 -0.437507 
1260 -0.437507 
1262 -0.437507 
543 -0.437507 
1802 -0.437507 
1973 -0.455143 
766 -0.455143 
1924 -0.455143 
1314 -0.455143 
1833 -0.455143 
188 -0.455143 
2110 -0.455143 
2108 -0.455143 
2302 -0.455143 
444 -0.455143 
1050 -0.455143 
1157 -0.455143 
1320 -0.455143 
2271 -0.455143 
1706 -0.455143 
211 -0.493290 
1638 -0.493290 
1851 -0.493290 
1717 -0.493290 
1874 -0.493290 
336 -0.493290 
941 -0.493290 
1722 -0.493290 
565 -0.493290 
2279 -0.493290 
760 -0.493290 
943 -0.493290 
945 -0.493290 
840 -0.493290 
18 -0.493290 
729 -0.493290 
1740 -0.493290 
950 -0.493290 
1617 -0.493290 
2285 -0.493290 
222 -0.493290 
1844 -0.493290 
259 -0.493290 
738 -0.493290 
279 -0.493290 
199 -0.493290 
889 -0.493290 
1692 -0.493290 
706 -0.493290 
1660 -0.493290 
700 -0.493290 
917 -0.493290 
825 -0.493290 
828 -0.493290 
1650 -0.493290 
1798 -0.493290 
237 -0.493290 
2273 -0.493290 
893 -0.493290 
769 -0.493290 
631 -0.493290 
506 -0.493290 
496 -0.493290 
610 -0.493290 
125 -0.493290 
1369 -0.493290 
2047 -0.493290 
482 -0.493290 
1127 -0.493290 
1125 -0.493290 
1165 -0.493290 
1385 -0.493290 
1118 -0.493290 
639 -0.493290 
1105 -0.493290 
131 -0.493290 
132 -0.493290 
1092 -0.493290 
479 -0.493290 
478 -0.493290 
571 -0.493290 
100 -0.493290 
1219 -0.493290 
105 -0.493290 
540 -0.493290 
106 -0.493290 
2086 -0.493290 
1281 -0.493290 
90 -0.493290 
532 -0.493290 
1412 -0.493290 
2071 -0.493290 
2069 -0.493290 
2132 -0.493290 
521 -0.493290 
1187 -0.493290 
87 -0.493290 
1182 -0.493290 
1173 -0.493290 
1168 -0.493290 
1573 -0.493290 
413 -0.493290 
164 -0.493290 
50 -0.493290 
1006 -0.493290 
1967 -0.493290 
1561 -0.493290 
996 -0.493290 
992 -0.493290 
1569 -0.493290 
418 -0.493290 
982 -0.493290 
971 -0.493290 
970 -0.493290 
2227 -0.493290 
365 -0.493290 
964 -0.493290 
1613 -0.493290 
2233 -0.493290 
1614 -0.493290 
440 -0.493290 
470 -0.493290 
138 -0.493290 
1068 -0.493290 
1061 -0.493290 
1059 -0.493290 
2009 -0.493290 
1058 -0.493290 
1470 -0.493290 
1996 -0.493290 
957 -0.493290 
1036 -0.493290 
2193 -0.493290 
425 -0.493290 
2196 -0.493290 
1025 -0.493290 
1023 -0.493290 
423 -0.493290 
1508 -0.493290 
