3175 1
0 1.384196 
1 1.546176 
2 1.661470 
3 1.638494 
4 1.522356 
5 1.568725 
6 1.610071 
7 1.590771 
8 1.676549 
9 1.535789 
10 1.573495 
11 1.604544 
12 1.574280 
13 1.525604 
14 1.575490 
15 1.669436 
16 1.699079 
17 1.506048 
18 1.612651 
19 1.655976 
20 1.591880 
21 1.583796 
22 1.572039 
23 1.620499 
24 1.570254 
25 1.540240 
26 1.571792 
27 1.690271 
28 1.577921 
29 1.561625 
30 1.613815 
31 1.587299 
32 1.568862 
33 1.629809 
34 1.685765 
35 1.580286 
36 1.468656 
37 1.625975 
38 1.664386 
39 1.730893 
40 1.571233 
41 1.585993 
42 1.566283 
43 1.506443 
44 1.530350 
45 1.533376 
46 1.531428 
47 1.615502 
48 1.568538 
49 1.563587 
50 1.610572 
51 1.578623 
52 1.937166 
53 2.026015 
54 1.084593 
55 1.474305 
56 1.566311 
57 1.593677 
58 1.585257 
59 1.664478 
60 1.588125 
61 1.566280 
62 1.556617 
63 1.557731 
64 1.453983 
65 1.441819 
66 1.563819 
67 1.509582 
68 1.810189 
69 1.591469 
70 1.412712 
71 1.453759 
72 -0.913449 
73 0.105424 
74 1.506125 
75 2.769103 
76 1.290610 
77 1.445673 
78 1.557920 
79 1.717512 
80 1.550738 
81 1.500283 
82 1.542659 
83 1.495543 
84 1.577840 
85 1.589942 
86 1.560723 
87 1.439264 
88 1.748322 
89 1.757551 
90 -1.603123 
91 -1.210283 
92 -0.409225 
93 0.474774 
94 1.402314 
95 3.142940 
96 1.410964 
97 1.631002 
98 1.474725 
99 1.607255 
100 1.445360 
101 1.576416 
102 1.449102 
103 1.614008 
104 2.002451 
105 1.731414 
106 1.239458 
107 1.199273 
108 -2.345277 
109 -1.807254 
110 -1.135274 
111 -0.650095 
112 -0.026106 
113 0.721691 
114 1.632448 
115 2.717633 
116 1.451794 
117 1.580611 
118 1.548785 
119 1.451713 
120 1.594180 
121 1.624096 
122 1.549944 
123 1.379111 
124 0.863376 
125 0.725302 
126 -2.242208 
127 -1.947672 
128 -2.067572 
129 -2.049634 
130 -1.642631 
131 -1.054248 
132 0.220430 
133 1.087684 
134 1.984175 
135 2.290727 
136 1.685654 
137 1.523556 
138 1.551302 
139 1.554760 
140 1.825994 
141 1.863347 
142 1.643412 
143 1.248811 
144 -1.607082 
145 -1.609352 
146 -1.629203 
147 -1.552416 
148 -2.244893 
149 -1.995793 
150 -1.363250 
151 -0.675239 
152 0.677732 
153 1.554674 
154 1.977460 
155 2.092297 
156 1.662430 
157 1.503935 
158 1.622606 
159 1.446988 
160 1.539666 
161 1.276245 
162 -1.881277 
163 -1.721300 
164 -1.642324 
165 -1.630870 
166 -1.602070 
167 -1.597204 
168 -2.427018 
169 -1.964942 
170 -1.226309 
171 0.572530 
172 1.224202 
173 1.635466 
174 1.775972 
175 1.801402 
176 1.982965 
177 1.745172 
178 1.483560 
179 1.326317 
180 -1.575250 
181 -1.559227 
182 -1.568512 
183 -1.527326 
184 -1.622285 
185 -1.550292 
186 -1.635494 
187 -1.570152 
188 -2.397515 
189 -1.767639 
190 -0.431510 
191 1.390684 
192 1.344339 
193 1.678748 
194 1.709211 
195 1.464110 
196 1.032629 
197 0.863635 
198 -2.121960 
199 -1.958463 
200 -1.628720 
201 -1.576001 
202 -1.467731 
203 -1.571922 
204 -1.703358 
205 -1.664452 
206 -1.561679 
207 -1.250488 
208 -1.599742 
209 -0.649869 
210 0.717876 
211 2.649039 
212 1.719630 
213 2.048675 
214 1.455950 
215 1.181031 
216 -1.429085 
217 -1.502740 
218 -1.578635 
219 -1.491610 
220 -1.568430 
221 -1.531048 
222 -1.550161 
223 -1.535940 
224 -1.791576 
225 -1.755008 
226 -1.678851 
227 -1.107358 
228 -1.152067 
229 0.311966 
230 1.197942 
231 2.736086 
232 0.849517 
233 0.817375 
234 -2.096093 
235 -2.108544 
236 -1.535991 
237 -1.546407 
238 -1.539067 
239 -1.502868 
240 -1.559190 
241 -1.554421 
242 -1.506241 
243 -1.548177 
244 -1.998760 
245 -1.748817 
246 -1.435101 
247 -1.014884 
248 -1.096462 
249 0.211333 
250 0.783662 
251 2.733924 
252 -1.591299 
253 -1.480163 
254 -1.501510 
255 -1.473806 
256 -1.581549 
257 -1.555212 
258 -1.592770 
259 -1.578253 
260 -1.606267 
261 -1.675766 
262 -1.577358 
263 -1.533193 
264 -1.974827 
265 -1.788705 
266 -1.698925 
267 -1.355954 
268 -0.753501 
269 0.087740 
270 -2.213386 
271 -2.259371 
272 -1.602003 
273 -1.559918 
274 -1.591846 
275 -1.592775 
276 -1.539899 
277 -1.630013 
278 -1.574528 
279 -1.564624 
280 -1.562615 
281 -1.637146 
282 -1.562444 
283 -1.577764 
284 -1.939432 
285 -1.809143 
286 -1.763684 
287 -1.356815 
288 -1.639361 
289 -1.742664 
290 -1.615578 
291 -1.495720 
292 -1.593632 
293 -1.597685 
294 -1.507649 
295 -1.614140 
296 -1.599989 
297 -1.546278 
298 -1.600197 
299 -1.651021 
300 -1.560846 
301 -1.609980 
302 -1.675457 
303 -1.616412 
304 -1.779526 
305 -1.489614 
306 -1.624204 
307 -1.852767 
308 -1.611241 
309 -1.453278 
310 -1.632691 
311 -1.573345 
312 -1.624242 
313 -1.612009 
314 -1.585045 
315 -1.554732 
316 -1.578923 
317 -1.560525 
318 -1.647701 
319 -1.613431 
320 -1.972406 
321 -1.930901 
322 -1.331156 
323 -1.141314 
324 2.454572 
325 1.956292 
326 0.938066 
327 -0.151105 
328 -0.903137 
329 -1.267705 
330 -1.871737 
331 -1.842734 
332 -1.635830 
333 -1.507300 
334 -1.447482 
335 -1.364293 
336 -1.516706 
337 -1.504442 
338 -1.579843 
339 -1.343899 
340 -1.348328 
341 -1.040674 
342 1.782303 
343 1.894133 
344 1.449554 
345 1.500906 
346 1.477413 
347 1.541485 
348 1.440985 
349 1.630813 
350 1.447857 
351 1.463208 
352 1.446512 
353 1.589253 
354 1.491773 
355 1.448626 
356 1.448028 
357 1.377915 
358 1.566407 
359 1.601860 
360 1.668552 
361 1.497288 
362 1.356722 
363 1.525371 
364 1.512034 
365 1.549010 
366 1.495973 
367 1.484201 
368 1.401204 
369 1.705975 
370 1.482146 
371 1.373084 
372 1.397245 
373 1.503194 
374 1.442583 
375 1.647489 
376 1.359456 
377 1.530918 
378 1.558010 
379 1.576412 
380 1.510726 
381 1.489822 
382 1.453557 
383 1.554776 
384 1.520679 
385 1.481993 
386 1.588567 
387 1.396712 
388 1.445712 
389 1.540368 
390 1.507088 
391 1.472097 
392 1.408343 
393 1.496481 
394 1.540033 
395 1.484827 
396 1.422493 
397 1.492508 
398 1.509468 
399 1.559255 
400 1.539246 
401 1.406418 
402 1.415332 
403 1.577182 
404 1.565752 
405 1.547054 
406 1.410468 
407 1.497006 
408 1.470500 
409 1.555212 
410 1.550921 
411 1.456212 
412 1.365735 
413 1.516515 
414 1.546132 
415 1.511510 
416 1.374608 
417 1.333040 
418 1.647726 
419 1.623295 
420 1.539150 
421 1.385038 
422 1.507356 
423 1.599935 
424 1.500942 
425 1.603713 
426 1.469625 
427 1.341533 
428 1.662613 
429 1.257261 
430 1.586157 
431 1.475190 
432 1.274889 
433 1.698987 
434 1.565404 
435 1.555526 
436 1.496769 
437 1.347978 
438 1.590086 
439 1.507022 
440 1.493506 
441 1.469223 
442 1.520365 
443 1.545529 
444 1.450432 
445 1.502699 
446 1.556706 
447 1.410709 
448 1.504950 
449 1.496345 
450 1.609192 
451 1.421185 
452 1.467831 
453 1.542098 
454 1.566978 
455 1.442658 
456 1.456745 
457 1.536290 
458 1.438222 
459 1.490428 
460 1.489345 
461 1.478664 
462 1.497894 
463 1.560010 
464 1.513573 
465 1.466410 
466 1.464336 
467 1.536234 
468 1.409054 
469 1.657968 
470 1.378927 
471 1.505360 
472 1.573243 
473 1.351513 
474 1.588526 
475 1.471374 
476 1.512525 
477 1.489177 
478 1.487944 
479 1.452582 
480 1.530963 
481 1.357847 
482 1.402103 
483 1.704908 
484 1.458003 
485 1.435502 
486 1.484107 
487 1.492376 
488 2.366489 
489 1.470433 
490 0.943410 
491 1.202352 
492 1.451645 
493 1.020194 
494 1.989377 
495 1.578815 
496 1.376374 
497 1.623636 
498 1.371870 
499 1.586279 
500 1.489202 
501 1.443616 
502 1.325281 
503 1.667687 
504 1.482442 
505 1.424608 
506 1.514502 
507 1.503971 
508 1.550265 
509 1.559295 
510 1.466484 
511 1.467611 
512 1.489963 
513 1.523152 
514 1.550645 
515 1.450828 
516 1.491470 
517 1.540301 
518 1.532264 
519 1.459621 
520 1.482499 
521 1.553353 
522 1.442054 
523 1.524907 
524 1.461044 
525 1.439578 
526 1.512270 
527 1.589571 
528 1.633408 
529 1.433872 
530 1.508718 
531 1.363277 
532 1.431810 
533 1.592064 
534 1.490076 
535 1.467368 
536 1.486503 
537 1.426517 
538 1.480075 
539 1.635550 
540 1.455369 
541 1.515667 
542 1.456656 
543 1.432347 
544 2.871830 
545 1.384917 
546 -0.254335 
547 0.323407 
548 1.151831 
549 0.115045 
550 2.706142 
551 1.139740 
552 1.034786 
553 1.790700 
554 1.542877 
555 1.690646 
556 1.500948 
557 1.419904 
558 1.528217 
559 1.489259 
560 1.539246 
561 1.468261 
562 1.418836 
563 1.424955 
564 1.464096 
565 1.579658 
566 1.473624 
567 1.474268 
568 1.540273 
569 1.547903 
570 1.457565 
571 1.388464 
572 1.498122 
573 1.436936 
574 1.475108 
575 1.546940 
576 1.441707 
577 1.467223 
578 1.578582 
579 1.550006 
580 1.424569 
581 1.451968 
582 1.553488 
583 1.545974 
584 1.542178 
585 1.513465 
586 1.486852 
587 1.428714 
588 1.474168 
589 1.428044 
590 1.602211 
591 1.420892 
592 1.596384 
593 1.525218 
594 1.432242 
595 1.434757 
596 1.387990 
597 1.390073 
598 1.433109 
599 1.744531 
600 3.086009 
601 -0.214237 
602 -1.325003 
603 -0.713993 
604 -0.664380 
605 -2.812692 
606 1.149456 
607 -1.028119 
608 -0.233233 
609 3.206278 
610 0.472010 
611 0.893087 
612 1.589046 
613 0.941991 
614 1.148995 
615 2.227962 
616 1.247796 
617 1.327556 
618 1.831347 
619 1.510704 
620 1.568501 
621 1.456868 
622 1.465079 
623 1.479646 
624 1.568309 
625 1.432035 
626 1.488834 
627 1.471843 
628 1.551215 
629 1.508725 
630 1.459962 
631 1.549298 
632 1.462086 
633 1.438234 
634 1.627899 
635 1.496794 
636 1.487125 
637 1.457104 
638 1.541901 
639 1.484870 
640 1.402044 
641 1.478672 
642 1.514345 
643 1.465503 
644 1.448347 
645 1.558375 
646 1.422525 
647 1.449906 
648 1.455443 
649 1.642922 
650 1.507019 
651 1.494310 
652 1.495608 
653 1.630572 
654 1.394750 
655 1.672835 
656 1.587782 
657 -1.328762 
658 -1.763344 
659 -1.520311 
660 -1.749531 
661 -1.821541 
662 -0.978413 
663 -1.742663 
664 -2.183060 
665 -0.095237 
666 -2.026987 
667 -1.260556 
668 1.402869 
669 -0.433007 
670 0.189247 
671 2.751024 
672 0.767118 
673 1.210469 
674 2.247503 
675 1.735437 
676 1.505190 
677 1.489793 
678 1.547289 
679 1.527468 
680 1.517796 
681 1.450084 
682 1.483593 
683 1.577998 
684 1.475669 
685 1.476250 
686 1.518817 
687 1.448765 
688 1.519872 
689 1.517408 
690 1.446842 
691 1.467412 
692 1.475552 
693 1.451072 
694 1.521731 
695 1.557928 
696 1.553586 
697 1.458276 
698 1.495198 
699 1.495906 
700 1.482233 
701 1.480438 
702 1.507692 
703 1.473083 
704 1.543017 
705 1.703079 
706 1.512629 
707 1.404114 
708 1.759465 
709 1.428323 
710 1.357825 
711 1.820735 
712 1.290425 
713 -1.420189 
714 -1.817012 
715 -1.411633 
716 -1.556714 
717 -1.678690 
718 -1.115271 
719 -1.569527 
720 -1.919744 
721 -1.056531 
722 -1.842144 
723 -1.323517 
724 -0.710069 
725 -2.729618 
726 -1.556763 
727 0.341835 
728 -1.537036 
729 -0.650866 
730 2.739936 
731 -0.161429 
732 0.403062 
733 2.554487 
734 0.925604 
735 1.674402 
736 1.715299 
737 1.136748 
738 1.189033 
739 1.913212 
740 1.408185 
741 1.361650 
742 1.631544 
743 1.532965 
744 1.548398 
745 1.544693 
746 1.513539 
747 1.354539 
748 1.406662 
749 1.522681 
750 1.518238 
751 1.591559 
752 1.392734 
753 1.471614 
754 1.496918 
755 1.600371 
756 1.501941 
757 1.404668 
758 1.472962 
759 1.576496 
760 1.504920 
761 1.758858 
762 1.572343 
763 1.301150 
764 1.683272 
765 1.674375 
766 1.298465 
767 1.662783 
768 1.097801 
769 -1.615035 
770 -1.708487 
771 -1.525441 
772 -1.513511 
773 -1.478839 
774 -1.538267 
775 -1.441386 
776 -1.600389 
777 -1.419863 
778 -1.605787 
779 -1.514652 
780 -1.644717 
781 -1.771950 
782 -1.782686 
783 -1.044437 
784 -2.135714 
785 -1.747892 
786 -0.535506 
787 -1.572621 
788 -2.357912 
789 1.292305 
790 -1.586804 
791 -0.344696 
792 1.617200 
793 0.214871 
794 0.955949 
795 2.510823 
796 1.099660 
797 1.414778 
798 1.900884 
799 1.611781 
800 1.473452 
801 1.414926 
802 1.485645 
803 1.526572 
804 1.416946 
805 1.509056 
806 1.468309 
807 1.493804 
808 1.515956 
809 1.374189 
810 1.533089 
811 1.544307 
812 1.496978 
813 1.432357 
814 1.522418 
815 1.508525 
816 1.595389 
817 1.573845 
818 1.587866 
819 1.429697 
820 1.669565 
821 1.582440 
822 1.473335 
823 1.540276 
824 1.212217 
825 -1.646612 
826 -1.538414 
827 -1.624559 
828 -1.612198 
829 -1.476515 
830 -1.469730 
831 -1.418623 
832 -1.534417 
833 -1.427519 
834 -1.581641 
835 -1.451011 
836 -1.494812 
837 -1.631204 
838 -1.663240 
839 -1.330247 
840 -1.681405 
841 -1.663541 
842 -1.028989 
843 -1.678740 
844 -2.117165 
845 -0.855156 
846 -1.924812 
847 -1.246673 
848 0.000700 
849 -2.125969 
850 -1.082496 
851 2.230630 
852 -0.306705 
853 0.431742 
854 3.189480 
855 1.054262 
856 0.840659 
857 1.847722 
858 1.512679 
859 1.721632 
860 1.689650 
861 1.395175 
862 1.425275 
863 1.472617 
864 1.276091 
865 1.527719 
866 1.553015 
867 1.494897 
868 1.430490 
869 1.493438 
870 1.471123 
871 1.494583 
872 1.592595 
873 1.587845 
874 1.512465 
875 1.364972 
876 1.691070 
877 1.614781 
878 1.326228 
879 1.610204 
880 1.107164 
881 -1.569722 
882 -1.588929 
883 -1.567377 
884 -1.455733 
885 -1.481340 
886 -1.491603 
887 -1.557128 
888 -1.483069 
889 -1.417691 
890 -1.478005 
891 -1.618932 
892 -1.558567 
893 -1.509212 
894 -1.521545 
895 -1.491821 
896 -1.393294 
897 -1.516537 
898 -1.605586 
899 -1.417350 
900 -1.556183 
901 -1.565509 
902 -1.563381 
903 -1.421934 
904 -1.445398 
905 -2.022433 
906 -1.902986 
907 -0.483130 
908 -2.441755 
909 -1.632738 
910 0.937059 
911 -0.853992 
912 0.108723 
913 2.492660 
914 1.050458 
915 1.560051 
916 1.631152 
917 1.297910 
918 1.349161 
919 1.791570 
920 1.450631 
921 1.382813 
922 1.516819 
923 1.478077 
924 1.427824 
925 1.528710 
926 1.501846 
927 1.478229 
928 1.522699 
929 1.547718 
930 1.597713 
931 1.402389 
932 1.570274 
933 1.578149 
934 1.465985 
935 1.545744 
936 1.326309 
937 -1.551928 
938 -1.477824 
939 -1.560151 
940 -1.493015 
941 -1.527678 
942 -1.443955 
943 -1.488274 
944 -1.498564 
945 -1.448155 
946 -1.505136 
947 -1.531853 
948 -1.528077 
949 -1.513920 
950 -1.444000 
951 -1.549511 
952 -1.477203 
953 -1.448085 
954 -1.507378 
955 -1.586517 
956 -1.455966 
957 -1.404909 
958 -1.576483 
959 -1.509444 
960 -1.598704 
961 -1.645360 
962 -1.682501 
963 -1.139607 
964 -2.188354 
965 -1.772031 
966 -0.707628 
967 -1.386901 
968 -2.767168 
969 0.664571 
970 -1.511816 
971 -0.478415 
972 1.520036 
973 0.217338 
974 0.632693 
975 2.851946 
976 1.042553 
977 1.120601 
978 2.040447 
979 1.762712 
980 1.349935 
981 1.439742 
982 1.510343 
983 1.585234 
984 1.595898 
985 1.608713 
986 1.489940 
987 1.283005 
988 1.512334 
989 1.519398 
990 1.316949 
991 1.921100 
992 1.320365 
993 -1.509341 
994 -1.605066 
995 -1.595285 
996 -1.378580 
997 -1.597560 
998 -1.450112 
999 -1.546485 
1000 -1.477188 
1001 -1.452394 
1002 -1.563515 
1003 -1.541737 
1004 -1.565669 
1005 -1.544003 
1006 -1.479585 
1007 -1.491673 
1008 -1.605281 
1009 -1.507865 
1010 -1.495101 
1011 -1.500844 
1012 -1.441724 
1013 -1.611830 
1014 -1.508062 
1015 -1.463292 
1016 -1.437289 
1017 -1.527230 
1018 -1.587739 
1019 -1.475487 
1020 -1.596879 
1021 -1.763360 
1022 -1.164533 
1023 -1.488202 
1024 -1.859053 
1025 -1.121156 
1026 -1.908141 
1027 -1.432948 
1028 -0.087402 
1029 -2.238754 
1030 -1.109373 
1031 1.954221 
1032 -0.421585 
1033 0.464744 
1034 2.718961 
1035 1.392411 
1036 1.327012 
1037 1.676142 
1038 1.529157 
1039 1.676341 
1040 1.580495 
1041 1.565992 
1042 1.537629 
1043 1.422166 
1044 1.684896 
1045 1.655577 
1046 1.531332 
1047 1.331569 
1048 1.191163 
1049 -1.515171 
1050 -1.557426 
1051 -1.622242 
1052 -1.488025 
1053 -1.526005 
1054 -1.506740 
1055 -1.482080 
1056 -1.592566 
1057 -1.471478 
1058 -1.525262 
1059 -1.399559 
1060 -1.628106 
1061 -1.531524 
1062 -1.461144 
1063 -1.431721 
1064 -1.474768 
1065 -1.447513 
1066 -1.568773 
1067 -1.558090 
1068 -1.454487 
1069 -1.617909 
1070 -1.494033 
1071 -1.534555 
1072 -1.462683 
1073 -1.501744 
1074 -1.362249 
1075 -1.677877 
1076 -1.474246 
1077 -1.560405 
1078 -1.624021 
1079 -1.450699 
1080 -1.571237 
1081 -1.485950 
1082 -1.603935 
1083 -1.453355 
1084 -1.480027 
1085 -2.033717 
1086 -1.890647 
1087 -0.669207 
1088 -2.874247 
1089 -1.228621 
1090 0.732989 
1091 -1.009432 
1092 -0.310842 
1093 3.210015 
1094 0.331069 
1095 0.832127 
1096 1.985273 
1097 1.036337 
1098 1.237658 
1099 1.976804 
1100 1.406720 
1101 1.341701 
1102 1.328045 
1103 2.169670 
1104 0.915556 
1105 -1.607474 
1106 -1.649178 
1107 -1.715078 
1108 -1.537295 
1109 -1.488265 
1110 -1.506381 
1111 -1.408098 
1112 -1.603058 
1113 -1.544799 
1114 -1.425811 
1115 -1.511859 
1116 -1.427181 
1117 -1.639396 
1118 -1.576546 
1119 -1.476139 
1120 -1.541926 
1121 -1.491829 
1122 -1.477906 
1123 -1.557696 
1124 -1.494522 
1125 -1.557576 
1126 -1.556653 
1127 -1.505591 
1128 -1.555084 
1129 -1.603024 
1130 -1.489102 
1131 -1.485735 
1132 -1.521981 
1133 -1.590071 
1134 -1.438356 
1135 -1.493283 
1136 -1.524902 
1137 -1.360805 
1138 -1.631460 
1139 -1.470855 
1140 -1.498340 
1141 -1.727330 
1142 -1.740998 
1143 -1.099948 
1144 -2.202154 
1145 -1.547263 
1146 -0.865405 
1147 -1.490062 
1148 -2.493357 
1149 -0.388012 
1150 -1.825981 
1151 -0.971581 
1152 0.706525 
1153 -1.368350 
1154 -0.603363 
1155 2.614818 
1156 0.091395 
1157 0.823898 
1158 1.449228 
1159 2.760457 
1160 0.787282 
1161 -1.667186 
1162 -1.595239 
1163 -1.816816 
1164 -1.404015 
1165 -1.505601 
1166 -1.527501 
1167 -1.484465 
1168 -1.545333 
1169 -1.437876 
1170 -1.504406 
1171 -1.521349 
1172 -1.372112 
1173 -1.510470 
1174 -1.476049 
1175 -1.614079 
1176 -1.541212 
1177 -1.501813 
1178 -1.558017 
1179 -1.452536 
1180 -1.476621 
1181 -1.467996 
1182 -1.597113 
1183 -1.446199 
1184 -1.564708 
1185 -1.386882 
1186 -1.488931 
1187 -1.585925 
1188 -1.556878 
1189 -1.602274 
1190 -1.386422 
1191 -1.491225 
1192 -1.483358 
1193 -1.511247 
1194 -1.502582 
1195 -1.511405 
1196 -1.582208 
1197 -1.492663 
1198 -1.472592 
1199 -1.547525 
1200 -1.516398 
1201 -1.417222 
1202 -1.526331 
1203 -1.618504 
1204 -1.754198 
1205 -1.295736 
1206 -1.548553 
1207 -1.484596 
1208 -1.148395 
1209 -2.293384 
1210 -1.952826 
1211 -0.438536 
1212 -2.336647 
1213 -1.529629 
1214 -1.130140 
1215 1.076974 
1216 -0.003232 
1217 -1.779304 
1218 -1.724004 
1219 -1.735172 
1220 -1.483049 
1221 -1.450728 
1222 -1.479470 
1223 -1.467349 
1224 -1.588827 
1225 -1.503281 
1226 -1.440652 
1227 -1.462025 
1228 -1.564729 
1229 -1.410037 
1230 -1.492537 
1231 -1.518402 
1232 -1.468116 
1233 -1.635614 
1234 -1.413086 
1235 -1.567987 
1236 -1.619009 
1237 -1.591337 
1238 -1.354803 
1239 -1.501935 
1240 -1.611310 
1241 -1.433930 
1242 -1.431059 
1243 -1.529830 
1244 -1.490029 
1245 -1.542971 
1246 -1.538564 
1247 -1.425742 
1248 -1.541615 
1249 -1.510313 
1250 -1.491052 
1251 -1.464666 
1252 -1.629749 
1253 -1.447629 
1254 -1.485969 
1255 -1.362657 
1256 -1.442578 
1257 -1.579220 
1258 -1.399249 
1259 -1.505228 
1260 -1.686471 
1261 -1.445054 
1262 -1.473405 
1263 -1.425763 
1264 -1.406920 
1265 -1.753414 
1266 -1.695682 
1267 -1.222010 
1268 -1.927931 
1269 -1.750129 
1270 -1.744028 
1271 -0.755734 
1272 -0.922579 
1273 -1.796872 
1274 -1.612086 
1275 -1.711626 
1276 -1.463252 
1277 -1.412106 
1278 -1.614588 
1279 -1.426334 
1280 -1.468705 
1281 -1.524706 
1282 -1.527557 
1283 -1.506406 
1284 -1.540777 
1285 -1.647678 
1286 -1.399262 
1287 -1.410706 
1288 -1.609091 
1289 -1.531738 
1290 -1.479365 
1291 -1.441331 
1292 -1.506564 
1293 -1.518423 
1294 -1.518277 
1295 -1.470076 
1296 -1.425607 
1297 -1.538698 
1298 -1.557853 
1299 -1.578709 
1300 -1.540019 
1301 -1.546141 
1302 -1.502908 
1303 -1.504153 
1304 -1.530748 
1305 -1.497526 
1306 -1.538987 
1307 -1.481486 
1308 -1.451097 
1309 -1.487347 
1310 -1.543051 
1311 -1.621474 
1312 -1.451752 
1313 -1.483537 
1314 -1.590363 
1315 -1.419713 
1316 -1.473036 
1317 -1.522226 
1318 -1.453569 
1319 -1.519653 
1320 -1.596837 
1321 -1.422733 
1322 -1.564647 
1323 -1.587938 
1324 -1.598705 
1325 -1.644534 
1326 -1.701189 
1327 -1.317723 
1328 -1.537024 
1329 -1.729413 
1330 -1.558991 
1331 -1.387177 
1332 -1.367997 
1333 -1.450443 
1334 -1.696213 
1335 -1.485721 
1336 -1.496444 
1337 -1.536460 
1338 -1.433647 
1339 -1.484190 
1340 -1.486006 
1341 -1.402117 
1342 -1.531021 
1343 -1.537855 
1344 -1.494950 
1345 -1.515480 
1346 -1.602227 
1347 -1.439746 
1348 -1.587595 
1349 -1.603154 
1350 -1.527868 
1351 -1.460845 
1352 -1.603093 
1353 -1.504320 
1354 -1.480428 
1355 -1.520676 
1356 -1.537206 
1357 -1.515362 
1358 -1.504418 
1359 -1.552796 
1360 -1.510654 
1361 -1.546600 
1362 -1.500010 
1363 -1.515335 
1364 -1.501729 
1365 -1.471853 
1366 -1.549449 
1367 -1.553410 
1368 -1.332213 
1369 -1.509956 
1370 -1.549786 
1371 -1.552930 
1372 -1.574029 
1373 -1.466658 
1374 -1.504266 
1375 -1.518390 
1376 -1.632270 
1377 -1.698073 
1378 -1.444387 
1379 -1.307080 
1380 -1.846573 
1381 -1.561185 
1382 -1.443545 
1383 -1.384780 
1384 -1.495198 
1385 1.632165 
1386 1.789315 
1387 1.107944 
1388 0.412679 
1389 -0.568649 
1390 -1.435089 
1391 -2.911680 
1392 -1.395878 
1393 -1.457680 
1394 -1.535966 
1395 -1.538896 
1396 -1.520199 
1397 -1.578564 
1398 -1.391645 
1399 -1.458742 
1400 -1.992045 
1401 -1.516477 
1402 -1.565102 
1403 -0.992430 
1404 -1.633319 
1405 1.252113 
1406 1.497638 
1407 1.756084 
1408 1.519734 
1409 1.607365 
1410 1.549265 
1411 1.556694 
1412 1.496793 
1413 1.566016 
1414 1.587667 
1415 1.536015 
1416 1.552718 
1417 1.587767 
1418 1.496650 
1419 1.543289 
1420 1.559458 
1421 1.549480 
1422 1.677691 
1423 1.485802 
1424 1.495739 
1425 1.563792 
1426 1.560720 
1427 1.608649 
1428 1.560499 
1429 1.637074 
1430 1.489913 
1431 1.624427 
1432 1.548805 
1433 1.549451 
1434 1.518972 
1435 1.656380 
1436 1.598375 
1437 1.601698 
1438 1.513263 
1439 1.532969 
1440 1.707049 
1441 1.679680 
1442 1.289229 
1443 1.639557 
1444 1.601765 
1445 1.537161 
1446 1.522995 
1447 1.455223 
1448 1.602280 
1449 1.483382 
1450 1.510945 
1451 1.498007 
1452 1.545602 
1453 1.575127 
1454 1.543528 
1455 1.449230 
1456 1.608239 
1457 1.564049 
1458 1.610861 
1459 1.641319 
1460 0.561621 
1461 1.321050 
1462 2.136122 
1463 1.997216 
1464 1.420634 
1465 1.576097 
1466 1.598000 
1467 1.511516 
1468 1.525839 
1469 1.547405 
1470 1.549657 
1471 1.599839 
1472 1.582804 
1473 1.614397 
1474 1.507596 
1475 1.294601 
1476 2.200727 
1477 2.308158 
1478 -0.594199 
1479 0.044908 
1480 0.662742 
1481 1.315990 
1482 1.765753 
1483 2.221668 
1484 1.461215 
1485 1.423076 
1486 1.618215 
1487 1.515304 
1488 1.428843 
1489 1.516143 
1490 1.487635 
1491 1.601251 
1492 2.083422 
1493 1.885834 
1494 0.943763 
1495 1.022772 
1496 -3.115187 
1497 -1.231250 
1498 -0.520064 
1499 0.615024 
1500 0.883122 
1501 1.394378 
1502 1.724214 
1503 2.119097 
1504 1.562196 
1505 1.439402 
1506 1.483056 
1507 1.554223 
1508 1.626918 
1509 1.546470 
1510 1.574419 
1511 1.340490 
1512 1.185777 
1513 1.021901 
1514 -2.293984 
1515 -1.622769 
1516 -2.956048 
1517 -1.105094 
1518 -0.194014 
1519 0.976611 
1520 1.024614 
1521 1.344955 
1522 1.808373 
1523 1.937777 
1524 1.570768 
1525 1.548967 
1526 1.486215 
1527 1.334107 
1528 2.321617 
1529 1.735310 
1530 1.065129 
1531 0.893932 
1532 -1.962500 
1533 -1.594702 
1534 -1.477320 
1535 -1.134372 
1536 -2.461485 
1537 -1.234227 
1538 0.247238 
1539 1.630157 
1540 1.323458 
1541 1.684917 
1542 1.629557 
1543 1.570659 
1544 1.610617 
1545 1.541095 
1546 1.515092 
1547 1.579255 
1548 1.374576 
1549 1.152858 
1550 -1.828344 
1551 -1.925514 
1552 -1.663340 
1553 -1.724307 
1554 -1.586325 
1555 -1.401615 
1556 -1.773747 
1557 -0.678950 
1558 0.877773 
1559 2.455333 
1560 1.566047 
1561 1.537418 
1562 1.542430 
1563 1.500643 
1564 1.874236 
1565 1.745032 
1566 1.458543 
1567 1.268506 
1568 -1.601817 
1569 -1.535093 
1570 -1.512305 
1571 -1.628090 
1572 -1.710665 
1573 -1.821551 
1574 -1.567059 
1575 -1.468076 
1576 -1.055659 
1577 0.166802 
1578 1.777554 
1579 2.512878 
1580 1.567768 
1581 1.684334 
1582 1.467981 
1583 1.504071 
1584 1.557290 
1585 1.121667 
1586 -1.852059 
1587 -1.872569 
1588 -1.700565 
1589 -1.524112 
1590 -1.434048 
1591 -1.625758 
1592 -1.900687 
1593 -1.792958 
1594 -1.634354 
1595 -1.327727 
1596 -0.314255 
1597 1.037765 
1598 1.843362 
1599 2.342464 
1600 2.402400 
1601 1.525691 
1602 1.147883 
1603 0.966611 
1604 -1.550166 
1605 -1.549059 
1606 -1.581507 
1607 -1.413585 
1608 -1.585942 
1609 -1.535341 
1610 -1.674160 
1611 -1.375022 
1612 -2.732227 
1613 -1.692935 
1614 -0.801791 
1615 -0.296130 
1616 0.537643 
1617 1.173510 
1618 1.930514 
1619 2.170855 
1620 0.912493 
1621 0.778332 
1622 -2.023912 
1623 -2.179836 
1624 -1.500541 
1625 -1.523040 
1626 -1.524140 
1627 -1.522189 
1628 -1.662285 
1629 -1.639428 
1630 -1.443222 
1631 -1.411096 
1632 -2.919396 
1633 -1.662677 
1634 -0.600721 
1635 0.284832 
1636 1.283833 
1637 1.738533 
1638 1.915433 
1639 1.520157 
1640 -1.545100 
1641 -1.596633 
1642 -1.548336 
1643 -1.361296 
1644 -1.577075 
1645 -1.584680 
1646 -1.485858 
1647 -1.495957 
1648 -1.655848 
1649 -1.640345 
1650 -1.470832 
1651 -1.331997 
1652 -2.907751 
1653 -1.464696 
1654 -0.631019 
1655 0.049919 
1656 0.334054 
1657 0.444919 
1658 -2.241345 
1659 -2.331965 
1660 -1.574569 
1661 -1.439383 
1662 -1.533433 
1663 -1.566360 
1664 -1.523402 
1665 -1.592220 
1666 -1.555683 
1667 -1.557826 
1668 -1.565859 
1669 -1.544837 
1670 -1.644523 
1671 -1.685888 
1672 -2.428816 
1673 -1.977743 
1674 -0.975923 
1675 0.090723 
1676 -1.654288 
1677 -1.643152 
1678 -1.524662 
1679 -1.491106 
1680 -1.588295 
1681 -1.576127 
1682 -1.556972 
1683 -1.560433 
1684 -1.532043 
1685 -1.566637 
1686 -1.543849 
1687 -1.609481 
1688 -1.598277 
1689 -1.644387 
1690 -1.582301 
1691 -1.581742 
1692 -1.717226 
1693 -1.273363 
1694 -1.751348 
1695 -1.880960 
1696 -1.608851 
1697 -1.525564 
1698 -1.603693 
1699 -1.490778 
1700 -1.611037 
1701 -1.537253 
1702 -1.642985 
1703 -1.447805 
1704 -1.571739 
1705 -1.494772 
1706 -1.660862 
1707 -1.535492 
1708 -1.721123 
1709 -1.649028 
1710 -1.647200 
1711 -1.510558 
1712 -1.426562 
1713 -1.676733 
1714 -1.636648 
1715 -1.659794 
1716 -1.458831 
1717 -1.571478 
1718 -1.585513 
1719 -1.536408 
1720 -1.541093 
1721 -1.484291 
1722 -1.645434 
1723 -1.525776 
1724 -1.593357 
1725 -1.588237 
1726 -1.556789 
1727 -1.580950 
1728 -1.115396 
1729 -1.117327 
1730 1.918026 
1731 1.857569 
1732 1.514119 
1733 1.486471 
1734 1.503620 
1735 1.486200 
1736 1.486665 
1737 1.577870 
1738 1.365123 
1739 1.520242 
1740 1.591227 
1741 1.447096 
1742 1.503160 
1743 1.449805 
1744 1.517232 
1745 1.475318 
1746 1.436292 
1747 1.582819 
1748 1.605151 
1749 1.486328 
1750 1.528924 
1751 1.469352 
1752 1.614936 
1753 1.605492 
1754 1.341094 
1755 1.396162 
1756 1.458028 
1757 1.453283 
1758 1.502236 
1759 1.511824 
1760 1.363477 
1761 1.559991 
1762 1.563923 
1763 1.587932 
1764 1.377580 
1765 1.520848 
1766 1.557065 
1767 1.620399 
1768 1.505088 
1769 1.480265 
1770 1.420091 
1771 1.643772 
1772 1.462547 
1773 1.502984 
1774 1.502748 
1775 1.476947 
1776 1.613278 
1777 1.449947 
1778 1.558161 
1779 1.391443 
1780 1.466573 
1781 1.444932 
1782 1.541568 
1783 1.531326 
1784 1.472582 
1785 1.412080 
1786 1.545464 
1787 1.539930 
1788 1.624013 
1789 1.480112 
1790 1.499729 
1791 1.431971 
1792 1.563972 
1793 1.479287 
1794 1.380759 
1795 1.481506 
1796 1.493602 
1797 1.597659 
1798 1.464581 
1799 1.371453 
1800 1.259342 
1801 1.471139 
1802 1.529944 
1803 1.669631 
1804 1.405309 
1805 1.364434 
1806 1.422744 
1807 1.584454 
1808 1.586852 
1809 1.499261 
1810 1.476002 
1811 1.409064 
1812 1.591213 
1813 1.507018 
1814 1.331322 
1815 1.403264 
1816 1.527379 
1817 1.367171 
1818 1.607296 
1819 1.492604 
1820 1.249332 
1821 1.606993 
1822 1.517354 
1823 1.511260 
1824 1.419919 
1825 1.485800 
1826 1.632312 
1827 1.436420 
1828 1.415569 
1829 1.488216 
1830 1.498689 
1831 1.461999 
1832 1.469175 
1833 1.398529 
1834 1.495566 
1835 1.558763 
1836 1.503656 
1837 1.450266 
1838 1.489447 
1839 1.417092 
1840 1.517213 
1841 1.496615 
1842 1.400322 
1843 1.550357 
1844 1.475083 
1845 1.493485 
1846 1.445275 
1847 1.523211 
1848 1.481253 
1849 1.412979 
1850 1.540822 
1851 1.528819 
1852 1.500896 
1853 1.630274 
1854 1.435363 
1855 1.340051 
1856 1.588193 
1857 1.358235 
1858 1.566568 
1859 1.585730 
1860 1.531744 
1861 1.578230 
1862 1.469621 
1863 1.408363 
1864 1.466697 
1865 1.477470 
1866 1.527204 
1867 1.442302 
1868 1.436827 
1869 1.490418 
1870 1.406618 
1871 1.636179 
1872 1.333089 
1873 1.483863 
1874 1.603188 
1875 1.397997 
1876 2.513578 
1877 1.579731 
1878 0.885096 
1879 0.989068 
1880 1.392146 
1881 0.992151 
1882 2.200596 
1883 1.482651 
1884 1.333011 
1885 1.629983 
1886 1.512888 
1887 1.563644 
1888 1.552158 
1889 1.548254 
1890 1.394587 
1891 1.520240 
1892 1.468563 
1893 1.526995 
1894 1.473379 
1895 1.503980 
1896 1.470359 
1897 1.380740 
1898 1.550711 
1899 1.531321 
1900 1.461218 
1901 1.594549 
1902 1.534445 
1903 1.434267 
1904 1.568438 
1905 1.529935 
1906 1.528600 
1907 1.384668 
1908 1.607496 
1909 1.530548 
1910 1.484361 
1911 1.343398 
1912 1.507029 
1913 1.385714 
1914 1.550994 
1915 1.583569 
1916 1.578721 
1917 1.417935 
1918 1.493139 
1919 1.459503 
1920 1.474096 
1921 1.487990 
1922 1.518915 
1923 1.501780 
1924 1.401237 
1925 1.514956 
1926 1.514752 
1927 1.477805 
1928 1.468706 
1929 1.373007 
1930 1.560003 
1931 1.462128 
1932 3.007904 
1933 1.024693 
1934 -0.148546 
1935 0.441630 
1936 1.287495 
1937 0.063705 
1938 2.522174 
1939 1.399524 
1940 1.059175 
1941 1.894501 
1942 1.564029 
1943 1.558131 
1944 1.443132 
1945 1.460995 
1946 1.461629 
1947 1.528702 
1948 1.497810 
1949 1.396898 
1950 1.528145 
1951 1.500268 
1952 1.481129 
1953 1.540128 
1954 1.405762 
1955 1.479018 
1956 1.587068 
1957 1.472553 
1958 1.505542 
1959 1.332753 
1960 1.454471 
1961 1.438817 
1962 1.532899 
1963 1.542049 
1964 1.510304 
1965 1.508445 
1966 1.457279 
1967 1.466214 
1968 1.470924 
1969 1.579351 
1970 1.455885 
1971 1.367057 
1972 1.403005 
1973 1.436408 
1974 1.593000 
1975 1.499604 
1976 1.584459 
1977 1.495761 
1978 1.444139 
1979 1.440617 
1980 1.454463 
1981 1.489997 
1982 1.431997 
1983 1.600928 
1984 1.394684 
1985 1.347295 
1986 1.355173 
1987 1.868103 
1988 3.146496 
1989 -0.250754 
1990 -1.093140 
1991 -0.479539 
1992 -0.746944 
1993 -2.912715 
1994 0.875251 
1995 -1.087288 
1996 -0.180675 
1997 3.086410 
1998 0.395776 
1999 1.063131 
2000 1.491371 
2001 1.019025 
2002 1.119476 
2003 2.371119 
2004 1.283053 
2005 1.364570 
2006 1.799333 
2007 1.594721 
2008 1.542090 
2009 1.372543 
2010 1.540735 
2011 1.410461 
2012 1.505240 
2013 1.524752 
2014 1.469213 
2015 1.409093 
2016 1.581279 
2017 1.550576 
2018 1.526555 
2019 1.345361 
2020 1.458242 
2021 1.391060 
2022 1.583088 
2023 1.550309 
2024 1.500424 
2025 1.395371 
2026 1.512245 
2027 1.625411 
2028 1.386203 
2029 1.419337 
2030 1.623275 
2031 1.470029 
2032 1.574900 
2033 1.501859 
2034 1.385491 
2035 1.452803 
2036 1.542397 
2037 1.593057 
2038 1.598651 
2039 1.339136 
2040 1.438874 
2041 1.532405 
2042 1.286001 
2043 1.773822 
2044 1.774264 
2045 -1.198264 
2046 -1.612719 
2047 -1.472191 
2048 -1.575065 
2049 -1.803975 
2050 -0.862164 
2051 -1.795114 
2052 -2.314245 
2053 0.003792 
2054 -1.888098 
2055 -1.027827 
2056 1.691153 
2057 -0.636853 
2058 0.169647 
2059 2.573181 
2060 0.592087 
2061 1.182034 
2062 2.194716 
2063 1.693974 
2064 1.274669 
2065 1.608975 
2066 1.616348 
2067 1.542203 
2068 1.468510 
2069 1.520994 
2070 1.465501 
2071 1.425156 
2072 1.421865 
2073 1.527562 
2074 1.521937 
2075 1.438004 
2076 1.537642 
2077 1.475998 
2078 1.468131 
2079 1.423773 
2080 1.478709 
2081 1.472506 
2082 1.488331 
2083 1.476517 
2084 1.551956 
2085 1.391498 
2086 1.482080 
2087 1.481695 
2088 1.384873 
2089 1.630236 
2090 1.508595 
2091 1.431721 
2092 1.613889 
2093 1.562739 
2094 1.631954 
2095 1.234730 
2096 1.655639 
2097 1.538076 
2098 1.406465 
2099 1.648836 
2100 1.248119 
2101 -1.457558 
2102 -1.690639 
2103 -1.524607 
2104 -1.635201 
2105 -1.641062 
2106 -1.302716 
2107 -1.471327 
2108 -1.700221 
2109 -1.366044 
2110 -1.576270 
2111 -1.640011 
2112 -0.721341 
2113 -2.715588 
2114 -1.669757 
2115 0.479753 
2116 -1.446032 
2117 -0.662735 
2118 2.797362 
2119 -0.080980 
2120 0.421392 
2121 2.854893 
2122 1.148367 
2123 1.239621 
2124 1.549066 
2125 1.158409 
2126 1.169660 
2127 2.051635 
2128 1.348141 
2129 1.588308 
2130 1.477889 
2131 1.430228 
2132 1.580953 
2133 1.437149 
2134 1.402109 
2135 1.524923 
2136 1.496527 
2137 1.432082 
2138 1.485522 
2139 1.576024 
2140 1.453890 
2141 1.610240 
2142 1.515972 
2143 1.456274 
2144 1.487137 
2145 1.469432 
2146 1.478964 
2147 1.557915 
2148 1.608544 
2149 1.693344 
2150 1.566547 
2151 1.238462 
2152 1.673583 
2153 1.550748 
2154 1.489965 
2155 1.682653 
2156 1.112872 
2157 -1.591017 
2158 -1.673066 
2159 -1.600505 
2160 -1.535055 
2161 -1.475811 
2162 -1.447563 
2163 -1.360992 
2164 -1.557507 
2165 -1.405878 
2166 -1.586896 
2167 -1.420681 
2168 -1.370045 
2169 -2.044461 
2170 -1.852501 
2171 -0.906432 
2172 -2.396227 
2173 -1.596912 
2174 -0.510722 
2175 -1.444623 
2176 -2.434828 
2177 1.160473 
2178 -1.460681 
2179 -0.394796 
2180 1.784886 
2181 0.320017 
2182 0.731573 
2183 2.392003 
2184 1.140280 
2185 1.371912 
2186 1.776643 
2187 1.704339 
2188 1.540260 
2189 1.416529 
2190 1.426424 
2191 1.515365 
2192 1.535204 
2193 1.496521 
2194 1.428040 
2195 1.447151 
2196 1.565765 
2197 1.419582 
2198 1.494200 
2199 1.458970 
2200 1.516450 
2201 1.449800 
2202 1.461626 
2203 1.385610 
2204 1.588226 
2205 1.637290 
2206 1.389647 
2207 1.349782 
2208 1.546706 
2209 1.495988 
2210 1.547073 
2211 1.539937 
2212 1.206899 
2213 -1.608885 
2214 -1.535246 
2215 -1.564109 
2216 -1.511633 
2217 -1.494634 
2218 -1.415867 
2219 -1.419650 
2220 -1.504860 
2221 -1.426320 
2222 -1.532200 
2223 -1.494880 
2224 -1.506390 
2225 -1.481644 
2226 -1.493063 
2227 -1.518609 
2228 -1.701159 
2229 -1.641412 
2230 -1.251328 
2231 -1.425090 
2232 -1.966037 
2233 -0.941305 
2234 -1.770979 
2235 -1.398252 
2236 0.151713 
2237 -2.119862 
2238 -1.025663 
2239 2.060642 
2240 0.026301 
2241 0.361900 
2242 3.365612 
2243 0.932593 
2244 0.890161 
2245 2.089328 
2246 1.308659 
2247 1.552314 
2248 1.536119 
2249 1.373749 
2250 1.365710 
2251 1.627541 
2252 1.449048 
2253 1.449623 
2254 1.505775 
2255 1.493678 
2256 1.579232 
2257 1.462543 
2258 1.476593 
2259 1.422874 
2260 1.599833 
2261 1.679427 
2262 1.586863 
2263 1.211997 
2264 1.560227 
2265 1.561543 
2266 1.354165 
2267 1.802366 
2268 1.234755 
2269 -1.625499 
2270 -1.594405 
2271 -1.575180 
2272 -1.479977 
2273 -1.487957 
2274 -1.650749 
2275 -1.484445 
2276 -1.545725 
2277 -1.527154 
2278 -1.472385 
2279 -1.511305 
2280 -1.507092 
2281 -1.515313 
2282 -1.533664 
2283 -1.468531 
2284 -1.534446 
2285 -1.530149 
2286 -1.433876 
2287 -1.515977 
2288 -1.664555 
2289 -1.317258 
2290 -1.668733 
2291 -1.444139 
2292 -1.121091 
2293 -2.450211 
2294 -1.782429 
2295 -0.252410 
2296 -2.778756 
2297 -1.252614 
2298 1.115457 
2299 -0.913074 
2300 -0.054996 
2301 3.029051 
2302 0.640556 
2303 1.341420 
2304 1.478798 
2305 1.315474 
2306 1.451846 
2307 1.710631 
2308 1.465917 
2309 1.513872 
2310 1.510474 
2311 1.491537 
2312 1.529297 
2313 1.411478 
2314 1.463659 
2315 1.452214 
2316 1.492682 
2317 1.622202 
2318 1.527793 
2319 1.306891 
2320 1.721913 
2321 1.495064 
2322 1.478342 
2323 1.379773 
2324 1.212548 
2325 -1.517840 
2326 -1.630411 
2327 -1.574638 
2328 -1.666912 
2329 -1.515795 
2330 -1.339433 
2331 -1.448115 
2332 -1.565254 
2333 -1.527093 
2334 -1.449911 
2335 -1.481644 
2336 -1.447507 
2337 -1.539816 
2338 -1.491615 
2339 -1.464950 
2340 -1.458100 
2341 -1.424377 
2342 -1.462890 
2343 -1.611201 
2344 -1.503017 
2345 -1.461647 
2346 -1.502391 
2347 -1.449535 
2348 -1.639904 
2349 -1.671490 
2350 -1.537898 
2351 -1.311009 
2352 -1.843870 
2353 -1.656020 
2354 -0.859886 
2355 -1.770360 
2356 -2.642271 
2357 0.879186 
2358 -1.507520 
2359 -0.734567 
2360 1.706978 
2361 0.106457 
2362 0.648947 
2363 2.508902 
2364 1.135132 
2365 1.246066 
2366 1.837332 
2367 1.793961 
2368 1.396094 
2369 1.505162 
2370 1.503516 
2371 1.447393 
2372 1.573674 
2373 1.627133 
2374 1.635583 
2375 1.322467 
2376 1.675824 
2377 1.570454 
2378 1.268712 
2379 1.769775 
2380 1.266284 
2381 -1.641048 
2382 -1.543345 
2383 -1.610641 
2384 -1.488706 
2385 -1.528068 
2386 -1.434174 
2387 -1.533572 
2388 -1.538176 
2389 -1.446908 
2390 -1.579602 
2391 -1.489928 
2392 -1.479841 
2393 -1.579126 
2394 -1.517654 
2395 -1.515603 
2396 -1.564795 
2397 -1.486330 
2398 -1.573728 
2399 -1.460910 
2400 -1.572580 
2401 -1.562842 
2402 -1.379345 
2403 -1.461666 
2404 -1.417791 
2405 -1.644310 
2406 -1.522476 
2407 -1.446278 
2408 -1.768682 
2409 -1.582227 
2410 -1.198412 
2411 -1.541565 
2412 -2.041298 
2413 -0.944763 
2414 -1.864197 
2415 -1.326727 
2416 0.131364 
2417 -2.604086 
2418 -0.945517 
2419 1.375958 
2420 -0.263478 
2421 0.387419 
2422 3.187507 
2423 1.022753 
2424 0.965548 
2425 1.976992 
2426 1.352226 
2427 1.640303 
2428 1.511123 
2429 1.608100 
2430 1.611862 
2431 1.273004 
2432 1.661147 
2433 1.466037 
2434 1.537964 
2435 1.543542 
2436 1.208479 
2437 -1.641771 
2438 -1.629467 
2439 -1.496407 
2440 -1.649816 
2441 -1.396086 
2442 -1.425639 
2443 -1.429268 
2444 -1.467565 
2445 -1.388565 
2446 -1.563095 
2447 -1.531475 
2448 -1.599815 
2449 -1.383414 
2450 -1.537296 
2451 -1.533890 
2452 -1.471225 
2453 -1.579873 
2454 -1.441720 
2455 -1.519425 
2456 -1.558526 
2457 -1.518259 
2458 -1.520368 
2459 -1.459775 
2460 -1.539499 
2461 -1.544420 
2462 -1.432068 
2463 -1.501569 
2464 -1.440634 
2465 -1.479927 
2466 -1.511915 
2467 -1.561898 
2468 -1.611502 
2469 -1.474874 
2470 -1.597198 
2471 -1.357466 
2472 -1.495409 
2473 -2.207465 
2474 -1.737551 
2475 -0.521711 
2476 -2.274726 
2477 -1.784326 
2478 0.816041 
2479 -1.334199 
2480 -0.493794 
2481 2.789673 
2482 0.211276 
2483 1.203231 
2484 1.910305 
2485 1.251589 
2486 1.531119 
2487 1.645447 
2488 1.479865 
2489 1.415415 
2490 1.634714 
2491 1.804646 
2492 1.191970 
2493 -1.425452 
2494 -1.606545 
2495 -1.733343 
2496 -1.407242 
2497 -1.471363 
2498 -1.488635 
2499 -1.577412 
2500 -1.584230 
2501 -1.547477 
2502 -1.467155 
2503 -1.443786 
2504 -1.529145 
2505 -1.516535 
2506 -1.585480 
2507 -1.451518 
2508 -1.483872 
2509 -1.561798 
2510 -1.435091 
2511 -1.551682 
2512 -1.512607 
2513 -1.484236 
2514 -1.523292 
2515 -1.505345 
2516 -1.460844 
2517 -1.441335 
2518 -1.635391 
2519 -1.498758 
2520 -1.558656 
2521 -1.464551 
2522 -1.496050 
2523 -1.482920 
2524 -1.495664 
2525 -1.543090 
2526 -1.544808 
2527 -1.459664 
2528 -1.561534 
2529 -1.785962 
2530 -1.563948 
2531 -1.140115 
2532 -2.148398 
2533 -1.652124 
2534 -0.703987 
2535 -1.486750 
2536 -2.473674 
2537 -0.362923 
2538 -1.764372 
2539 -1.232523 
2540 0.976175 
2541 -1.368705 
2542 -0.479801 
2543 2.637759 
2544 0.319097 
2545 0.520808 
2546 1.008021 
2547 3.008279 
2548 0.680038 
2549 -1.898527 
2550 -1.583943 
2551 -1.601680 
2552 -1.422228 
2553 -1.435417 
2554 -1.478091 
2555 -1.560603 
2556 -1.576711 
2557 -1.440704 
2558 -1.457852 
2559 -1.491393 
2560 -1.493165 
2561 -1.576883 
2562 -1.460647 
2563 -1.539509 
2564 -1.605043 
2565 -1.475981 
2566 -1.458645 
2567 -1.463965 
2568 -1.541868 
2569 -1.477928 
2570 -1.467836 
2571 -1.468446 
2572 -1.447950 
2573 -1.527820 
2574 -1.396350 
2575 -1.613124 
2576 -1.611329 
2577 -1.489866 
2578 -1.472983 
2579 -1.454852 
2580 -1.365553 
2581 -1.630510 
2582 -1.556366 
2583 -1.458460 
2584 -1.500585 
2585 -1.495300 
2586 -1.450927 
2587 -1.556836 
2588 -1.516796 
2589 -1.536475 
2590 -1.604450 
2591 -1.446558 
2592 -1.547022 
2593 -1.311262 
2594 -1.701232 
2595 -1.524232 
2596 -1.081014 
2597 -2.316468 
2598 -1.897833 
2599 -0.455387 
2600 -2.265657 
2601 -1.584349 
2602 -1.219189 
2603 1.125896 
2604 -0.124425 
2605 -1.709475 
2606 -1.838887 
2607 -1.709525 
2608 -1.404919 
2609 -1.517776 
2610 -1.413475 
2611 -1.522656 
2612 -1.486662 
2613 -1.484451 
2614 -1.593212 
2615 -1.447793 
2616 -1.577223 
2617 -1.341572 
2618 -1.569526 
2619 -1.518786 
2620 -1.554991 
2621 -1.484712 
2622 -1.498950 
2623 -1.473570 
2624 -1.553599 
2625 -1.515336 
2626 -1.435389 
2627 -1.593284 
2628 -1.515255 
2629 -1.553892 
2630 -1.487290 
2631 -1.552893 
2632 -1.446794 
2633 -1.529662 
2634 -1.487724 
2635 -1.627538 
2636 -1.600042 
2637 -1.484478 
2638 -1.485522 
2639 -1.547935 
2640 -1.548631 
2641 -1.577276 
2642 -1.447988 
2643 -1.448390 
2644 -1.548368 
2645 -1.483987 
2646 -1.533550 
2647 -1.536524 
2648 -1.665901 
2649 -1.481446 
2650 -1.470390 
2651 -1.426869 
2652 -1.448994 
2653 -1.882013 
2654 -1.643732 
2655 -1.098902 
2656 -2.108925 
2657 -1.715066 
2658 -1.633529 
2659 -0.707374 
2660 -0.882696 
2661 -1.821684 
2662 -1.498725 
2663 -1.670005 
2664 -1.437815 
2665 -1.323530 
2666 -1.637565 
2667 -1.556693 
2668 -1.616044 
2669 -1.439945 
2670 -1.530278 
2671 -1.363357 
2672 -1.513078 
2673 -1.554240 
2674 -1.481377 
2675 -1.523245 
2676 -1.480043 
2677 -1.652597 
2678 -1.491228 
2679 -1.454188 
2680 -1.419053 
2681 -1.566089 
2682 -1.581694 
2683 -1.493935 
2684 -1.435608 
2685 -1.553426 
2686 -1.628691 
2687 -1.465453 
2688 -1.530940 
2689 -1.490942 
2690 -1.472326 
2691 -1.471216 
2692 -1.541416 
2693 -1.582619 
2694 -1.446759 
2695 -1.480172 
2696 -1.442932 
2697 -1.477258 
2698 -1.501381 
2699 -1.521571 
2700 -1.398861 
2701 -1.513691 
2702 -1.492908 
2703 -1.501648 
2704 -1.507968 
2705 -1.403612 
2706 -1.572757 
2707 -1.464922 
2708 -1.544650 
2709 -1.526194 
2710 -1.583781 
2711 -1.363958 
2712 -1.718290 
2713 -1.652506 
2714 -1.446323 
2715 -1.311074 
2716 -1.481440 
2717 -1.727163 
2718 -1.538590 
2719 -1.280928 
2720 -1.404144 
2721 -1.487654 
2722 -1.586614 
2723 -1.528478 
2724 -1.456198 
2725 -1.527563 
2726 -1.562384 
2727 -1.364563 
2728 -1.501641 
2729 -1.419909 
2730 -1.501975 
2731 -1.603476 
2732 -1.453512 
2733 -1.500032 
2734 -1.609251 
2735 -1.457924 
2736 -1.504793 
2737 -1.531160 
2738 -1.562986 
2739 -1.425745 
2740 -1.508007 
2741 -1.396731 
2742 -1.486552 
2743 -1.569472 
2744 -1.461972 
2745 -1.552256 
2746 -1.458601 
2747 -1.434804 
2748 -1.436146 
2749 -1.553446 
2750 -1.446084 
2751 -1.548122 
2752 -1.465639 
2753 -1.618098 
2754 -1.470042 
2755 -1.511190 
2756 -1.403023 
2757 -1.514431 
2758 -1.588051 
2759 -1.527838 
2760 -1.631917 
2761 -1.462165 
2762 -1.535920 
2763 -1.432842 
2764 -1.581418 
2765 -1.562472 
2766 -1.596312 
2767 -1.317644 
2768 -1.699296 
2769 -1.599876 
2770 -1.380728 
2771 -1.484707 
2772 -1.956722 
2773 -1.189209 
2774 1.213836 
2775 1.760103 
2776 1.567999 
2777 1.487379 
2778 1.475168 
2779 1.591858 
2780 1.459799 
2781 1.535852 
2782 1.426568 
2783 1.545178 
2784 1.440002 
2785 1.482792 
2786 1.513068 
2787 1.539748 
2788 1.434107 
2789 1.536330 
2790 1.572600 
2791 1.539998 
2792 1.384544 
2793 1.409876 
2794 1.554675 
2795 1.712931 
2796 1.476284 
2797 1.470352 
2798 1.515353 
2799 1.521587 
2800 1.442526 
2801 1.467705 
2802 1.637250 
2803 1.440342 
2804 1.518742 
2805 1.487547 
2806 1.484200 
2807 1.499760 
2808 1.813936 
2809 1.586644 
2810 1.734343 
2811 1.041426 
2812 1.398982 
2813 1.435417 
2814 1.554223 
2815 1.633320 
2816 1.534392 
2817 1.513410 
2818 1.447495 
2819 1.617064 
2820 1.616783 
2821 1.510125 
2822 1.585180 
2823 1.412412 
2824 1.544795 
2825 1.582670 
2826 1.536588 
2827 1.457613 
2828 2.191681 
2829 0.491069 
2830 1.370558 
2831 1.857555 
2832 1.519833 
2833 1.588693 
2834 1.442140 
2835 1.559022 
2836 1.487912 
2837 1.500806 
2838 1.494329 
2839 1.562615 
2840 1.440592 
2841 1.573596 
2842 1.596223 
2843 1.501827 
2844 1.741251 
2845 1.676437 
2846 1.800383 
2847 -1.062258 
2848 0.092283 
2849 1.305670 
2850 1.914905 
2851 2.185308 
2852 1.615015 
2853 1.565590 
2854 1.480032 
2855 1.493060 
2856 1.505517 
2857 1.505374 
2858 1.567843 
2859 1.586879 
2860 1.629285 
2861 1.642731 
2862 1.595056 
2863 1.418370 
2864 1.959301 
2865 -2.165870 
2866 -1.397468 
2867 -0.790704 
2868 0.422245 
2869 1.263212 
2870 1.961671 
2871 2.160334 
2872 1.495974 
2873 1.614017 
2874 1.566488 
2875 1.543605 
2876 1.572931 
2877 1.626667 
2878 1.518962 
2879 1.411151 
2880 1.751567 
2881 1.057199 
2882 0.817521 
2883 -2.291454 
2884 -2.966134 
2885 -1.417256 
2886 -0.629394 
2887 -0.096420 
2888 0.713500 
2889 1.217226 
2890 1.601574 
2891 2.431625 
2892 1.581745 
2893 1.481995 
2894 1.537481 
2895 1.396130 
2896 2.021705 
2897 1.754609 
2898 1.409289 
2899 0.841574 
2900 0.613891 
2901 -1.957672 
2902 -1.876753 
2903 -1.361145 
2904 -2.982019 
2905 -1.528853 
2906 -0.729508 
2907 0.034637 
2908 0.755633 
2909 1.222008 
2910 1.837515 
2911 2.143403 
2912 1.368438 
2913 1.761125 
2914 1.454601 
2915 1.425083 
2916 1.582413 
2917 1.172971 
2918 0.729103 
2919 -2.528481 
2920 -1.801025 
2921 -1.384969 
2922 -1.519743 
2923 -1.357315 
2924 -2.886443 
2925 -1.429037 
2926 -0.394695 
2927 0.701326 
2928 1.045934 
2929 1.581466 
2930 1.758690 
2931 1.737979 
2932 1.914374 
2933 1.733499 
2934 1.317716 
2935 1.005625 
2936 0.700280 
2937 -1.877965 
2938 -1.692433 
2939 -1.727416 
2940 -1.661624 
2941 -1.631972 
2942 -1.539333 
2943 -1.255857 
2944 -2.332856 
2945 -1.070870 
2946 0.329857 
2947 1.892277 
2948 1.313117 
2949 1.608419 
2950 1.566108 
2951 1.597291 
2952 1.739615 
2953 1.412979 
2954 1.267255 
2955 -1.838444 
2956 -1.583691 
2957 -1.462838 
2958 -1.528922 
2959 -1.482810 
2960 -1.621342 
2961 -1.651762 
2962 -1.713852 
2963 -1.564257 
2964 -1.682246 
2965 -0.419012 
2966 1.293503 
2967 2.399603 
2968 1.777263 
2969 1.696754 
2970 1.496224 
2971 1.258542 
2972 1.104780 
2973 -1.825158 
2974 -1.706538 
2975 -1.532607 
2976 -1.536674 
2977 -1.541965 
2978 -1.501976 
2979 -1.615491 
2980 -1.696408 
2981 -1.742197 
2982 -1.766339 
2983 -1.336861 
2984 -0.665467 
2985 0.495021 
2986 1.900583 
2987 2.494817 
2988 1.707606 
2989 1.461138 
2990 1.345858 
2991 -1.957962 
2992 -1.589682 
2993 -1.523566 
2994 -1.561369 
2995 -1.467768 
2996 -1.526691 
2997 -1.584301 
2998 -1.594788 
2999 -1.535228 
3000 -2.020658 
3001 -1.941854 
3002 -1.518372 
3003 -1.155895 
3004 0.108235 
3005 1.361504 
3006 1.835557 
3007 2.184461 
3008 0.685753 
3009 -1.706690 
3010 -1.737881 
3011 -1.857814 
3012 -1.548502 
3013 -1.528875 
3014 -1.414848 
3015 -1.602502 
3016 -1.597374 
3017 -1.630997 
3018 -1.503360 
3019 -1.479443 
3020 -2.697679 
3021 -1.606083 
3022 -0.902049 
3023 -0.500854 
3024 0.008337 
3025 0.440445 
3026 0.545175 
3027 -3.648794 
3028 -1.561522 
3029 -1.507112 
3030 -1.431335 
3031 -1.572759 
3032 -1.550094 
3033 -1.567141 
3034 -1.516281 
3035 -1.540390 
3036 -1.747896 
3037 -1.540562 
3038 -1.466638 
3039 -1.408013 
3040 -2.402719 
3041 -1.732995 
3042 -1.191683 
3043 -0.771129 
3044 -0.111176 
3045 -1.585599 
3046 -2.037322 
3047 -1.772467 
3048 -1.581758 
3049 -1.522089 
3050 -1.509138 
3051 -1.534412 
3052 -1.614832 
3053 -1.469666 
3054 -1.538486 
3055 -1.429374 
3056 -1.602990 
3057 -1.589539 
3058 -1.598808 
3059 -1.297503 
3060 -1.689445 
3061 -1.385765 
3062 -1.083696 
3063 -2.057563 
3064 -1.511912 
3065 -1.485638 
3066 -1.469734 
3067 -1.525151 
3068 -1.601019 
3069 -1.574302 
3070 -1.498781 
3071 -1.445284 
3072 -1.549871 
3073 -1.515033 
3074 -1.469200 
3075 -1.626108 
3076 -1.616980 
3077 -1.628203 
3078 -1.565447 
3079 -1.452649 
3080 -1.462084 
3081 -1.278532 
3082 -1.807444 
3083 -1.731038 
3084 -1.595900 
3085 -1.507425 
3086 -1.495659 
3087 -1.489426 
3088 -1.562822 
3089 -1.522368 
3090 -1.540156 
3091 -1.465052 
3092 -1.564505 
3093 -1.474665 
3094 -1.581742 
3095 -1.498998 
3096 -1.639933 
3097 -1.547711 
3098 -1.340792 
3099 1.705537 
3100 2.197186 
3101 1.363307 
3102 -0.738337 
3103 -1.761295 
3104 -1.439200 
3105 -1.559382 
3106 -1.598448 
3107 -1.333121 
3108 -1.493830 
3109 -1.519176 
3110 -1.540615 
3111 -1.448541 
3112 -1.613839 
3113 -1.688299 
3114 -1.552613 
3115 -1.182341 
3116 -1.247403 
3117 1.206380 
3118 1.585587 
3119 1.903266 
3120 1.896038 
3121 1.577796 
3122 1.236853 
3123 1.279113 
3124 1.530272 
3125 1.569207 
3126 1.464790 
3127 1.593710 
3128 1.924096 
3129 1.692718 
3130 1.605762 
3131 0.841987 
3132 -0.563564 
3133 -1.380233 
3134 -1.761919 
3135 2.138256 
3136 1.550539 
3137 1.468724 
3138 1.501707 
3139 1.433472 
3140 1.583301 
3141 1.025642 
3142 1.570034 
3143 1.603507 
3144 1.541776 
3145 1.547947 
3146 1.481794 
3147 1.412647 
3148 1.448334 
3149 1.499355 
3150 1.545200 
3151 1.374161 
3152 1.254441 
3153 -1.240849 
3154 -1.780247 
3155 -1.677604 
3156 -1.407007 
3157 -1.580737 
3158 -1.456272 
3159 -1.456629 
3160 -1.490292 
3161 -1.434652 
3162 -1.516894 
3163 -1.472729 
3164 -1.438544 
3165 -1.448085 
3166 -1.493522 
3167 -1.498277 
3168 -1.494790 
3169 -1.652502 
3170 -1.363536 
3171 1.483620 
3172 1.318208 
3173 -2.984302 
3174 -1.338077 
