1440 1
984 3.350178 
1004 3.320595 
215 3.316979 
232 3.014258 
237 2.947344 
622 2.921343 
342 2.913902 
457 2.902553 
395 2.899193 
347 2.896446 
904 2.849213 
417 2.833518 
657 2.800151 
412 2.797343 
211 2.735668 
1221 2.719249 
935 2.712707 
747 2.657749 
591 2.451805 
162 2.434168 
929 2.373503 
1304 2.367581 
911 2.355719 
69 2.350742 
751 2.333922 
1130 2.275619 
1011 2.273491 
650 2.273011 
1309 2.264056 
229 2.238359 
37 2.218906 
452 2.190764 
409 2.181655 
1217 2.179320 
1132 2.170008 
228 2.158589 
1164 2.149204 
111 2.145247 
975 2.128529 
1010 2.122694 
408 2.115487 
595 2.104737 
465 2.104101 
1015 2.100640 
1131 2.094213 
1137 2.056455 
57 2.039025 
1308 2.035487 
750 2.034652 
1206 2.024648 
33 2.020379 
910 2.003969 
590 2.002297 
167 1.990396 
651 1.984583 
68 1.984398 
928 1.957441 
1245 1.952687 
831 1.952007 
1210 1.914485 
463 1.913498 
837 1.911731 
545 1.910903 
1151 1.894057 
1142 1.892649 
6 1.882606 
1155 1.864344 
652 1.850582 
790 1.845637 
5 1.843994 
10 1.843188 
110 1.833338 
653 1.830324 
977 1.829033 
830 1.828562 
104 1.827941 
406 1.827348 
1213 1.820805 
65 1.810991 
787 1.802619 
1147 1.799703 
737 1.798223 
285 1.796730 
1425 1.791256 
554 1.786610 
290 1.783944 
129 1.773631 
113 1.767827 
11 1.766433 
769 1.763701 
1025 1.755849 
145 1.754226 
546 1.752746 
1050 1.748252 
782 1.742836 
1258 1.740532 
726 1.738641 
740 1.734445 
401 1.729485 
225 1.728079 
1150 1.723261 
328 1.720311 
549 1.719326 
481 1.719305 
1281 1.710540 
399 1.707906 
733 1.707156 
936 1.707093 
506 1.706217 
721 1.705997 
1034 1.704929 
1205 1.702195 
832 1.700902 
291 1.700449 
157 1.698334 
497 1.688761 
1409 1.687785 
149 1.686121 
405 1.685760 
337 1.685500 
34 1.685124 
1053 1.683194 
1158 1.682508 
900 1.681079 
724 1.680426 
913 1.678900 
502 1.673960 
221 1.673027 
742 1.669031 
918 1.668968 
838 1.667292 
1434 1.665773 
774 1.665013 
493 1.664021 
731 1.659099 
216 1.656016 
1214 1.653910 
1030 1.650232 
1265 1.649814 
785 1.648332 
1146 1.647156 
468 1.646847 
1405 1.645994 
1046 1.645570 
1246 1.641894 
494 1.640059 
397 1.639826 
462 1.639377 
305 1.638650 
552 1.638606 
541 1.634000 
1249 1.633331 
756 1.633322 
15 1.632802 
1163 1.632648 
61 1.632572 
728 1.631361 
310 1.630471 
609 1.629993 
1260 1.628727 
507 1.628618 
1254 1.623247 
1270 1.622768 
1430 1.620728 
778 1.620651 
1284 1.620319 
694 1.619465 
1212 1.618944 
720 1.618888 
280 1.618605 
1296 1.617335 
294 1.616953 
614 1.616316 
833 1.615890 
689 1.615433 
1211 1.615415 
332 1.614062 
602 1.612595 
792 1.610699 
1277 1.610405 
1439 1.609342 
925 1.608982 
1012 1.608920 
1414 1.607183 
1291 1.605603 
727 1.604863 
982 1.604862 
26 1.604237 
321 1.603142 
1041 1.602623 
122 1.602097 
1275 1.601545 
1290 1.598088 
116 1.596977 
1039 1.596791 
324 1.596478 
314 1.595579 
1160 1.595427 
486 1.594580 
492 1.594040 
734 1.593536 
322 1.593150 
17 1.592644 
722 1.591851 
1162 1.591822 
1302 1.590954 
138 1.590824 
680 1.588901 
542 1.588897 
333 1.588589 
296 1.588063 
1285 1.587364 
901 1.586397 
118 1.585376 
776 1.584859 
791 1.582444 
400 1.581590 
1400 1.580455 
219 1.579433 
485 1.577204 
1274 1.576697 
453 1.576631 
696 1.575052 
301 1.573223 
902 1.573051 
1300 1.571602 
1295 1.570952 
141 1.570634 
1157 1.569783 
155 1.567957 
22 1.567217 
1418 1.566874 
684 1.566756 
738 1.566043 
136 1.566020 
298 1.565889 
1402 1.565096 
220 1.564172 
937 1.563964 
134 1.560145 
729 1.559446 
730 1.559277 
1218 1.558917 
613 1.558353 
500 1.557993 
654 1.557391 
926 1.555057 
736 1.554901 
1247 1.551043 
732 1.550146 
761 1.549866 
1297 1.549567 
120 1.549078 
326 1.548169 
63 1.548021 
396 1.546892 
336 1.546294 
781 1.543152 
597 1.542711 
678 1.541012 
272 1.540768 
834 1.539392 
1045 1.539120 
618 1.539108 
150 1.539026 
1301 1.538761 
159 1.538748 
1280 1.538035 
1141 1.537644 
1018 1.536434 
1145 1.536083 
1420 1.534265 
29 1.534015 
779 1.533995 
1421 1.533765 
1017 1.532381 
701 1.531598 
739 1.530367 
303 1.529994 
1152 1.529756 
760 1.528454 
101 1.527816 
140 1.527793 
1040 1.527718 
612 1.527587 
308 1.526573 
1253 1.526137 
1416 1.525440 
466 1.525064 
284 1.525038 
1140 1.524538 
687 1.523631 
499 1.523257 
1435 1.523073 
454 1.522655 
703 1.521330 
317 1.520451 
21 1.520079 
31 1.519817 
758 1.519612 
281 1.518930 
293 1.518457 
1016 1.518439 
125 1.518305 
102 1.518095 
490 1.518022 
473 1.517697 
788 1.515169 
752 1.513445 
1293 1.512453 
1000 1.512162 
13 1.511891 
135 1.511536 
605 1.511072 
143 1.510608 
127 1.510589 
124 1.510189 
498 1.509806 
319 1.509422 
1023 1.509180 
1002 1.508205 
477 1.507828 
283 1.507427 
1423 1.506452 
1051 1.506337 
316 1.506317 
765 1.505079 
676 1.504771 
329 1.503687 
916 1.503414 
152 1.502325 
467 1.502163 
983 1.502095 
488 1.501566 
764 1.501173 
480 1.501122 
616 1.500186 
766 1.499462 
24 1.498419 
226 1.495938 
1020 1.494764 
1271 1.494146 
685 1.494128 
754 1.494089 
1026 1.493543 
606 1.491768 
598 1.490590 
683 1.490527 
100 1.490190 
7 1.490098 
146 1.489508 
299 1.488130 
474 1.486807 
780 1.486619 
476 1.485320 
1263 1.485196 
18 1.484672 
1276 1.484592 
938 1.482035 
695 1.482026 
130 1.478386 
759 1.477888 
1139 1.477686 
1156 1.476662 
741 1.476462 
1413 1.476460 
20 1.476025 
789 1.475472 
973 1.475034 
315 1.474965 
681 1.474301 
690 1.473705 
148 1.471416 
139 1.471126 
1003 1.469126 
300 1.469006 
32 1.467568 
223 1.467437 
12 1.467347 
1286 1.467262 
698 1.467216 
505 1.466954 
325 1.466586 
491 1.465979 
550 1.464715 
976 1.464202 
1419 1.463809 
610 1.463629 
1406 1.463269 
604 1.462791 
617 1.462371 
923 1.461839 
1436 1.461577 
1029 1.461553 
1266 1.461179 
548 1.460814 
553 1.460680 
1036 1.460309 
154 1.460110 
921 1.459977 
478 1.458905 
773 1.457394 
472 1.456776 
460 1.456658 
501 1.456288 
335 1.455673 
1410 1.455633 
107 1.455528 
313 1.455156 
1135 1.454973 
1021 1.454957 
540 1.454445 
60 1.453073 
166 1.451292 
484 1.451207 
287 1.451070 
735 1.450087 
922 1.449364 
309 1.448184 
114 1.447426 
1035 1.447134 
691 1.447106 
920 1.446025 
1054 1.445295 
66 1.445240 
763 1.445082 
282 1.444974 
103 1.444878 
25 1.444721 
914 1.443936 
469 1.443714 
755 1.443282 
307 1.442312 
218 1.442252 
543 1.441918 
28 1.441811 
1261 1.441705 
16 1.440934 
753 1.440557 
1136 1.440031 
603 1.438497 
700 1.437776 
1044 1.437645 
608 1.437085 
1032 1.436865 
596 1.435797 
1429 1.435763 
295 1.435709 
607 1.435128 
470 1.434957 
1161 1.434400 
106 1.434217 
1037 1.433262 
1264 1.432222 
1437 1.432164 
38 1.431634 
786 1.431538 
126 1.430215 
403 1.429400 
619 1.428816 
601 1.427057 
682 1.425071 
339 1.424145 
1256 1.422925 
475 1.422278 
503 1.420560 
119 1.418711 
1154 1.418679 
1407 1.417667 
144 1.416396 
1299 1.415555 
1028 1.415284 
677 1.414874 
927 1.414573 
1153 1.412378 
699 1.411996 
30 1.410128 
304 1.407541 
1248 1.407075 
593 1.406368 
156 1.405350 
981 1.404837 
306 1.404040 
58 1.403756 
121 1.403577 
693 1.403109 
479 1.402890 
1043 1.402745 
1292 1.402472 
331 1.400258 
289 1.399015 
489 1.398787 
1259 1.398764 
1001 1.398353 
915 1.397930 
775 1.396706 
132 1.396537 
1269 1.396420 
286 1.396061 
1428 1.394329 
783 1.393972 
1022 1.392030 
131 1.390534 
767 1.389124 
1279 1.387870 
1288 1.387567 
1251 1.382204 
1415 1.379615 
471 1.379285 
679 1.377925 
770 1.376833 
1268 1.376228 
1250 1.374806 
1424 1.374364 
932 1.374046 
1219 1.372908 
743 1.372735 
1252 1.372039 
323 1.370943 
133 1.370609 
768 1.368967 
1019 1.368004 
1159 1.365657 
292 1.365558 
1255 1.364813 
1432 1.364460 
312 1.361740 
611 1.361109 
1431 1.360316 
697 1.359862 
64 1.359322 
980 1.359100 
1403 1.358099 
1401 1.356553 
599 1.356470 
600 1.356394 
318 1.356117 
482 1.355276 
688 1.354919 
1283 1.354644 
1294 1.353473 
551 1.352322 
1267 1.351858 
153 1.349512 
692 1.348849 
320 1.347161 
222 1.346534 
917 1.346038 
158 1.344303 
771 1.343624 
547 1.341943 
826 1.341540 
1273 1.341532 
784 1.339851 
686 1.339624 
1404 1.339039 
311 1.336907 
227 1.335887 
592 1.334536 
978 1.328644 
1024 1.328506 
1038 1.327746 
723 1.325083 
1272 1.324669 
1031 1.324616 
1426 1.324312 
1262 1.323698 
105 1.323594 
725 1.323576 
115 1.322616 
59 1.322130 
924 1.322116 
1412 1.321966 
772 1.321856 
496 1.321097 
224 1.321072 
919 1.319126 
23 1.318415 
327 1.317223 
1411 1.317096 
762 1.316966 
504 1.316922 
939 1.316371 
702 1.311369 
1278 1.309955 
407 1.306804 
1048 1.306600 
1209 1.306593 
164 1.305218 
912 1.303269 
19 1.302678 
297 1.300882 
1149 1.300141 
483 1.299274 
334 1.297706 
1408 1.296655 
330 1.292748 
14 1.291533 
1257 1.290702 
302 1.289873 
62 1.289293 
402 1.289184 
839 1.285373 
1134 1.283183 
128 1.282356 
147 1.281122 
67 1.280860 
1049 1.280132 
1052 1.280083 
1033 1.279759 
1298 1.279747 
1208 1.279295 
1303 1.278130 
1289 1.276618 
1027 1.276270 
1042 1.274882 
1427 1.274646 
27 1.270643 
398 1.269848 
979 1.266984 
117 1.259491 
487 1.253583 
217 1.253153 
39 1.252580 
338 1.252245 
827 1.250829 
1224 1.246821 
404 1.245838 
757 1.240112 
746 1.239429 
1282 1.237701 
112 1.235993 
1148 1.234356 
137 1.224889 
1047 1.221218 
1207 1.218593 
1438 1.216638 
1433 1.212861 
461 1.210201 
8 1.210091 
1144 1.207645 
1307 1.204677 
1287 1.201244 
151 1.199245 
825 1.198088 
142 1.192276 
1143 1.190749 
836 1.190137 
123 1.184965 
675 1.180549 
645 1.174453 
794 1.173772 
903 1.172744 
1138 1.172032 
704 1.169727 
829 1.168750 
1013 1.168398 
1422 1.166308 
615 1.164045 
1417 1.161777 
165 1.149261 
288 1.147036 
210 1.144549 
1306 1.119320 
9 1.118445 
509 1.112701 
1133 1.109168 
161 1.098365 
835 1.089858 
777 1.085997 
163 1.084218 
974 1.078922 
594 1.046905 
972 1.044541 
1305 1.038488 
646 1.027300 
970 1.025549 
793 1.024617 
1014 1.021942 
828 1.018719 
160 1.010627 
36 1.004282 
56 0.991268 
971 0.987577 
1216 0.954200 
544 0.933223 
1222 0.932312 
273 0.922974 
508 0.917979 
745 0.913158 
495 0.909072 
1215 0.903129 
907 0.885674 
744 0.860282 
108 0.777904 
109 0.764917 
1220 0.738390 
647 0.647163 
345 0.644559 
458 0.639911 
459 0.624059 
340 0.609511 
168 0.584165 
450 0.583070 
1007 0.576644 
416 0.573678 
1223 0.556882 
341 0.539754 
346 0.526560 
456 0.525020 
930 0.518395 
648 0.513513 
905 0.503803 
455 0.502918 
621 0.490974 
451 0.476250 
906 0.426468 
649 0.423537 
933 0.421702 
1127 0.401966 
274 0.394334 
233 0.393563 
748 0.386749 
35 0.361930 
393 0.346752 
169 0.332591 
415 0.290796 
656 0.272672 
934 0.269874 
749 0.269372 
620 0.260368 
343 0.258375 
1005 0.256192 
214 0.253583 
623 0.239861 
931 0.228458 
413 0.221066 
414 0.212878 
213 0.211211 
410 0.208021 
1113 0.193982 
1008 0.183300 
72 0.159514 
55 0.148410 
234 0.147513 
344 0.133306 
1112 0.124667 
411 0.119111 
987 0.115474 
985 0.113392 
587 0.111059 
236 0.104267 
986 0.089401 
1006 0.088446 
238 0.080194 
655 0.075596 
585 0.066931 
1110 0.062419 
271 0.058840 
239 0.054253 
212 0.053477 
1125 0.052263 
464 0.048152 
270 0.047697 
205 0.039646 
589 0.039534 
909 0.039528 
230 0.036869 
1111 0.027711 
71 0.021822 
1126 0.007226 
231 0.005727 
1009 0.002844 
1313 -0.001093 
348 -0.001290 
1114 -0.005597 
908 -0.008807 
390 -0.015585 
989 -0.018004 
391 -0.025791 
70 -0.029908 
74 -0.030710 
235 -0.040111 
349 -0.052441 
586 -0.055873 
588 -0.063069 
73 -0.075087 
207 -0.076193 
206 -0.078017 
1312 -0.085528 
1129 -0.108549 
392 -0.121649 
624 -0.140215 
419 -0.165488 
988 -0.171388 
1314 -0.173577 
1310 -0.217162 
394 -0.237561 
1311 -0.251910 
1128 -0.273557 
1064 -0.286614 
209 -0.296129 
91 -0.323850 
659 -0.343858 
90 -0.393725 
418 -0.425760 
208 -0.426315 
2 -0.427724 
1 -0.436192 
1244 -0.439245 
658 -0.458424 
3 -0.563485 
852 -0.689743 
277 -0.708542 
1187 -0.736967 
530 -0.742210 
1228 -0.805720 
4 -0.808201 
531 -0.835693 
995 -0.875329 
895 -0.914967 
569 -0.931427 
555 -0.948092 
387 -0.957818 
1063 -0.967833 
1372 -0.969671 
386 -0.995927 
385 -0.997153 
1229 -1.000851 
1182 -1.012948 
853 -1.033336 
1346 -1.065400 
854 -1.082539 
572 -1.086406 
1347 -1.088998 
1374 -1.099154 
568 -1.100170 
885 -1.121241 
195 -1.133875 
964 -1.145703 
1177 -1.162892 
629 -1.175820 
1373 -1.182764 
1171 -1.190236 
887 -1.195270 
886 -1.195276 
628 -1.201421 
535 -1.204028 
524 -1.209406 
44 -1.212100 
1367 -1.216013 
1192 -1.226311 
891 -1.234270 
664 -1.240255 
248 -1.248949 
352 -1.261090 
1122 -1.262420 
952 -1.263472 
1172 -1.268231 
1106 -1.268840 
1170 -1.277264 
1395 -1.278904 
803 -1.291543 
1069 -1.294507 
519 -1.296817 
1068 -1.301254 
87 -1.301882 
200 -1.306725 
199 -1.309025 
1204 -1.310431 
1195 -1.311584 
815 -1.312747 
710 -1.314039 
632 -1.316717 
188 -1.316911 
243 -1.318443 
254 -1.319242 
432 -1.319818 
375 -1.323023 
1385 -1.325876 
1165 -1.325949 
883 -1.330817 
515 -1.330853 
567 -1.333968 
1116 -1.334335 
818 -1.339670 
83 -1.344032 
1328 -1.344327 
1166 -1.344750 
873 -1.349023 
798 -1.350962 
668 -1.353582 
437 -1.354090 
1335 -1.357639 
875 -1.358882 
953 -1.359669 
942 -1.362039 
851 -1.362270 
1191 -1.362886 
1326 -1.363696 
1239 -1.364552 
662 -1.365242 
1357 -1.365541 
947 -1.366045 
667 -1.367594 
425 -1.368178 
187 -1.369630 
427 -1.370301 
94 -1.370796 
804 -1.373261 
43 -1.373433 
1202 -1.373565 
1102 -1.374021 
357 -1.374600 
579 -1.376723 
871 -1.378818 
1345 -1.378871 
447 -1.381318 
50 -1.381764 
583 -1.383452 
1077 -1.384396 
1083 -1.386825 
860 -1.387167 
77 -1.387610 
1097 -1.387832 
512 -1.390975 
51 -1.390981 
944 -1.391604 
1383 -1.395476 
371 -1.395891 
249 -1.397348 
640 -1.398759 
1190 -1.398793 
183 -1.400325 
1342 -1.401839 
82 -1.402754 
807 -1.404162 
663 -1.405134 
967 -1.405693 
1337 -1.406076 
949 -1.406131 
819 -1.406133 
1060 -1.411370 
93 -1.411500 
1105 -1.411801 
1167 -1.413163 
439 -1.413505 
1074 -1.414451 
247 -1.416110 
557 -1.416871 
639 -1.418114 
428 -1.418439 
370 -1.420928 
1079 -1.421642 
822 -1.424156 
1084 -1.426212 
536 -1.426215 
1336 -1.426795 
1321 -1.427016 
41 -1.427969 
1088 -1.428483 
1095 -1.428692 
176 -1.430612 
366 -1.430956 
1343 -1.432554 
1099 -1.433030 
383 -1.433410 
360 -1.433883 
246 -1.434004 
1397 -1.434378 
1196 -1.435132 
1319 -1.435958 
1391 -1.437152 
1390 -1.437546 
434 -1.437784 
809 -1.440156 
711 -1.440186 
174 -1.440702 
442 -1.441522 
423 -1.442158 
373 -1.442727 
812 -1.444150 
1358 -1.444704 
1180 -1.444870 
581 -1.444912 
877 -1.445169 
1330 -1.446337 
882 -1.446939 
582 -1.447008 
253 -1.447369 
940 -1.448545 
368 -1.449292 
189 -1.449558 
264 -1.450881 
959 -1.452393 
866 -1.452791 
850 -1.454860 
951 -1.455504 
1121 -1.456423 
878 -1.457237 
378 -1.457806 
242 -1.458133 
523 -1.458311 
823 -1.459479 
46 -1.459528 
857 -1.459564 
713 -1.460536 
718 -1.461013 
576 -1.461582 
1087 -1.461704 
1352 -1.461987 
562 -1.462785 
1197 -1.462924 
537 -1.464478 
178 -1.464908 
842 -1.465016 
185 -1.465250 
858 -1.465646 
382 -1.466220 
1369 -1.467153 
1092 -1.467267 
244 -1.467327 
86 -1.468206 
355 -1.468245 
1351 -1.469729 
958 -1.469994 
796 -1.470138 
672 -1.471870 
864 -1.471945 
802 -1.472526 
517 -1.472633 
192 -1.472743 
816 -1.473015 
897 -1.474308 
960 -1.475137 
263 -1.476834 
376 -1.476867 
896 -1.477574 
1394 -1.477828 
1388 -1.478707 
1091 -1.478973 
361 -1.479653 
1380 -1.480755 
643 -1.481812 
638 -1.482000 
1387 -1.485357 
381 -1.485559 
1379 -1.485586 
1090 -1.485792 
558 -1.485828 
1086 -1.486574 
181 -1.487164 
574 -1.487247 
670 -1.488146 
172 -1.489820 
1327 -1.490391 
443 -1.491135 
997 -1.491524 
996 -1.491684 
1340 -1.491828 
578 -1.491892 
516 -1.492754 
1396 -1.493539 
534 -1.493915 
890 -1.493988 
1093 -1.494043 
258 -1.494958 
446 -1.495692 
1318 -1.495759 
1354 -1.495869 
359 -1.498681 
1399 -1.498717 
522 -1.498845 
365 -1.499430 
963 -1.499596 
876 -1.500733 
377 -1.500998 
636 -1.501966 
635 -1.502101 
797 -1.503012 
1176 -1.503373 
1322 -1.503744 
1241 -1.503901 
1198 -1.504564 
430 -1.504846 
856 -1.505250 
521 -1.506653 
262 -1.509036 
717 -1.510296 
180 -1.510911 
1055 -1.511284 
716 -1.511335 
1333 -1.511422 
1075 -1.513661 
719 -1.513680 
252 -1.514125 
1378 -1.514454 
865 -1.515509 
948 -1.515896 
810 -1.516800 
1057 -1.516826 
514 -1.516973 
714 -1.517119 
1070 -1.517156 
429 -1.517244 
173 -1.518027 
863 -1.518109 
520 -1.518632 
1339 -1.518671 
1101 -1.518673 
808 -1.519194 
444 -1.519731 
1320 -1.519743 
1056 -1.520198 
367 -1.520927 
1078 -1.521295 
92 -1.521310 
435 -1.522778 
868 -1.523456 
1366 -1.524210 
861 -1.524250 
957 -1.525285 
633 -1.525654 
186 -1.527111 
363 -1.527460 
1324 -1.527597 
201 -1.527959 
1059 -1.529377 
1103 -1.531254 
870 -1.532776 
1082 -1.532808 
1061 -1.534367 
259 -1.534399 
1377 -1.534879 
1332 -1.535021 
707 -1.535095 
962 -1.535535 
372 -1.536099 
1072 -1.536289 
627 -1.536466 
881 -1.539242 
190 -1.541831 
845 -1.542102 
364 -1.542184 
1096 -1.542777 
196 -1.542887 
179 -1.543534 
800 -1.544148 
85 -1.544424 
76 -1.544673 
1317 -1.544750 
946 -1.544935 
526 -1.546770 
257 -1.547193 
197 -1.547627 
1331 -1.547871 
954 -1.547922 
1398 -1.548145 
869 -1.548502 
867 -1.548650 
1081 -1.549088 
956 -1.549140 
1080 -1.549418 
420 -1.549444 
862 -1.549517 
1386 -1.549814 
182 -1.551580 
859 -1.552751 
362 -1.553500 
1381 -1.553692 
45 -1.554166 
265 -1.554816 
203 -1.555359 
1118 -1.556137 
1376 -1.556434 
1350 -1.556841 
1117 -1.557119 
1058 -1.558188 
1384 -1.558416 
847 -1.559446 
1348 -1.560185 
251 -1.561260 
1362 -1.562495 
1349 -1.562747 
705 -1.562882 
1353 -1.563375 
1323 -1.563532 
712 -1.564695 
84 -1.565467 
1107 -1.565983 
99 -1.566094 
438 -1.566325 
1100 -1.567416 
566 -1.568503 
48 -1.568540 
715 -1.569976 
78 -1.570248 
267 -1.570489 
1119 -1.571974 
80 -1.573338 
358 -1.573832 
440 -1.576680 
961 -1.577834 
1363 -1.579331 
811 -1.579665 
354 -1.580560 
79 -1.581175 
1240 -1.581307 
950 -1.581655 
565 -1.583018 
40 -1.583801 
872 -1.583816 
674 -1.584380 
665 -1.585106 
631 -1.585365 
1316 -1.589019 
806 -1.589786 
1382 -1.589946 
256 -1.591870 
184 -1.591991 
813 -1.594517 
642 -1.594802 
820 -1.597313 
669 -1.598300 
525 -1.598595 
580 -1.601526 
814 -1.602017 
966 -1.602128 
441 -1.602483 
1365 -1.602516 
261 -1.602709 
1073 -1.603000 
1338 -1.603124 
379 -1.603302 
175 -1.603497 
1234 -1.604455 
1392 -1.604628 
422 -1.605308 
1243 -1.605593 
240 -1.608205 
634 -1.608340 
999 -1.609252 
945 -1.611012 
943 -1.613037 
577 -1.613244 
1232 -1.613538 
202 -1.614479 
1094 -1.614498 
1098 -1.615085 
709 -1.617145 
1393 -1.617280 
560 -1.617726 
708 -1.618094 
96 -1.618565 
1329 -1.622384 
880 -1.623651 
539 -1.624215 
1389 -1.625354 
1334 -1.627188 
260 -1.627589 
1233 -1.630923 
671 -1.636098 
1089 -1.637026 
1200 -1.637690 
81 -1.637691 
1368 -1.638832 
821 -1.639591 
874 -1.639952 
841 -1.641325 
879 -1.642656 
177 -1.646058 
660 -1.646548 
421 -1.647546 
637 -1.647771 
706 -1.648250 
1325 -1.648603 
42 -1.649284 
805 -1.650416 
255 -1.650500 
369 -1.650980 
1076 -1.652453 
1185 -1.653312 
279 -1.654298 
1238 -1.655070 
1227 -1.655435 
1356 -1.655666 
194 -1.656016 
356 -1.656424 
191 -1.657565 
899 -1.658367 
527 -1.659098 
941 -1.660817 
424 -1.661426 
563 -1.665057 
1370 -1.666062 
575 -1.666551 
1361 -1.667604 
1174 -1.668314 
1085 -1.668401 
436 -1.670081 
380 -1.672249 
573 -1.675393 
245 -1.675782 
52 -1.675995 
518 -1.676205 
1341 -1.676948 
193 -1.677041 
1186 -1.677271 
241 -1.678683 
661 -1.678821 
433 -1.684031 
799 -1.684579 
1203 -1.687345 
1168 -1.688029 
49 -1.689116 
533 -1.693154 
992 -1.695726 
278 -1.695764 
431 -1.699480 
1067 -1.701365 
846 -1.702650 
445 -1.707506 
374 -1.709041 
1104 -1.713179 
840 -1.713629 
266 -1.713815 
843 -1.716254 
556 -1.722728 
1360 -1.723606 
993 -1.725133 
1188 -1.729351 
801 -1.731428 
1120 -1.731932 
892 -1.732107 
1371 -1.732154 
1355 -1.732955 
1359 -1.735520 
97 -1.736595 
513 -1.739553 
641 -1.739710 
666 -1.740256 
1065 -1.744757 
1173 -1.747525 
673 -1.750859 
969 -1.755928 
198 -1.762514 
47 -1.763446 
955 -1.766469 
1225 -1.771835 
626 -1.772606 
426 -1.773393 
1179 -1.773924 
994 -1.774655 
353 -1.775509 
250 -1.776066 
965 -1.789293 
888 -1.798111 
889 -1.799005 
1236 -1.800966 
1235 -1.808107 
53 -1.814363 
1175 -1.815004 
559 -1.819010 
1193 -1.824215 
532 -1.827619 
510 -1.827807 
1242 -1.828135 
844 -1.836818 
849 -1.839622 
817 -1.843281 
561 -1.845850 
1181 -1.846516 
1237 -1.846686 
538 -1.847795 
389 -1.848567 
894 -1.849433 
893 -1.857841 
98 -1.860588 
1189 -1.863522 
898 -1.866681 
1226 -1.875301 
571 -1.877922 
1178 -1.878530 
1201 -1.884681 
54 -1.888835 
848 -1.899360 
564 -1.902002 
998 -1.914043 
1183 -1.921743 
511 -1.922901 
968 -1.937429 
1230 -1.944149 
448 -1.945382 
276 -1.959617 
1123 -1.965090 
1194 -1.965105 
1199 -1.972690 
1066 -1.973815 
630 -1.974581 
528 -1.988947 
1071 -1.997535 
170 -2.045236 
625 -2.053069 
1184 -2.053890 
570 -2.078445 
1062 -2.079869 
529 -2.085545 
1364 -2.105274 
89 -2.105851 
1169 -2.127879 
795 -2.153162 
991 -2.170893 
824 -2.175495 
351 -2.187909 
269 -2.209489 
1108 -2.229941 
268 -2.244015 
1109 -2.244199 
95 -2.251911 
88 -2.253292 
171 -2.291487 
275 -2.315856 
1231 -2.322069 
350 -2.323218 
449 -2.327487 
990 -2.328586 
1344 -2.338051 
388 -2.435749 
884 -2.471747 
644 -2.587772 
384 -2.643747 
1375 -2.719394 
0 -2.854862 
855 -2.891324 
1315 -3.165288 
1124 -3.168729 
75 -3.259237 
204 -3.436794 
1115 -3.499721 
584 -3.613853 
