1446 1
0 2.076947 
1 0.943431 
2 0.308468 
3 1.340221 
4 1.589879 
5 -1.854518 
6 0.979784 
7 1.648269 
8 1.482549 
9 -1.539638 
10 -0.275686 
11 2.109812 
12 2.205690 
13 -1.666961 
14 1.479925 
15 0.206149 
16 0.733091 
17 2.007185 
18 1.232957 
19 0.111630 
20 0.773690 
21 1.582646 
22 -1.995988 
23 -2.179513 
24 1.721018 
25 1.168023 
26 0.109832 
27 1.543864 
28 1.025567 
29 1.748729 
30 -0.978854 
31 1.867733 
32 1.852849 
33 1.323983 
34 0.144681 
35 0.768397 
36 1.129948 
37 2.033527 
38 0.070698 
39 1.490633 
40 0.414062 
41 1.495648 
42 1.442104 
43 1.277517 
44 1.671186 
45 -0.102168 
46 -2.553977 
47 0.867430 
48 1.202644 
49 1.102939 
50 1.579327 
51 1.054597 
52 1.836231 
53 -2.001741 
54 0.602462 
55 0.761063 
56 -1.595305 
57 0.633719 
58 1.321642 
59 1.895324 
60 1.992543 
61 1.506318 
62 -0.191858 
63 0.957149 
64 0.499536 
65 0.851767 
66 1.995106 
67 -2.174948 
68 1.469336 
69 -2.294759 
70 0.992500 
71 0.421551 
72 1.185629 
73 1.592890 
74 -0.933180 
75 1.405888 
76 0.779661 
77 2.615385 
78 0.866702 
79 -0.102790 
80 1.642645 
81 -1.737157 
82 1.429006 
83 0.221278 
84 -1.547908 
85 1.438634 
86 -1.956185 
87 1.494398 
88 0.393501 
89 -1.228059 
90 1.994722 
91 1.692677 
92 1.679210 
93 0.817792 
94 1.260908 
95 1.126457 
96 -1.928930 
97 0.805286 
98 0.530515 
99 1.907870 
100 0.971660 
101 1.436673 
102 0.289268 
103 1.872985 
104 1.443183 
105 1.433835 
106 -1.967999 
107 -1.399211 
108 0.790199 
109 2.096287 
110 -1.295279 
111 0.918776 
112 0.019653 
113 2.200148 
114 -1.735349 
115 1.150011 
116 -1.767746 
117 -1.835711 
118 0.794383 
119 1.601859 
120 1.941157 
121 1.584204 
122 0.519242 
123 0.525271 
124 -1.091715 
125 2.198771 
126 1.258062 
127 0.272429 
128 1.714142 
129 0.743432 
130 1.167133 
131 -1.284618 
132 -2.492722 
133 -0.627884 
134 -0.936491 
135 -1.777407 
136 1.991214 
137 -2.251167 
138 0.336791 
139 -0.080362 
140 -2.036954 
141 1.748397 
142 -1.446733 
143 0.794423 
144 -1.750362 
145 2.061139 
146 0.278463 
147 0.928791 
148 1.420496 
149 1.286139 
150 1.671198 
151 1.151038 
152 1.361117 
153 1.081019 
154 1.613004 
155 0.914153 
156 1.371782 
157 0.933103 
158 1.761970 
159 0.714323 
160 0.982202 
161 -0.282165 
162 1.834418 
163 1.423101 
164 -1.739093 
165 1.642342 
166 0.154451 
167 1.661659 
168 1.362765 
169 1.701543 
170 1.333657 
171 -0.156358 
172 1.253343 
173 0.113134 
174 2.048836 
175 -1.610785 
176 -1.612846 
177 0.566569 
178 1.524318 
179 1.636237 
180 -0.496122 
181 1.287796 
182 2.260132 
183 -1.321036 
184 1.298625 
185 0.881180 
186 0.675629 
187 1.650917 
188 1.443035 
189 1.366181 
190 0.380118 
191 -2.805342 
192 -1.250419 
193 0.561071 
194 0.882120 
195 2.194847 
196 0.553016 
197 1.697097 
198 0.759832 
199 1.479666 
200 1.525568 
201 -1.441402 
202 0.443516 
203 2.056915 
204 0.599882 
205 0.913472 
206 0.349141 
207 2.496649 
208 0.767868 
209 2.560359 
210 0.648652 
211 0.459585 
212 2.199775 
213 0.654923 
214 0.894253 
215 0.757146 
216 -1.290894 
217 1.936124 
218 1.812483 
219 0.178816 
220 -1.151981 
221 1.638494 
222 0.507705 
223 1.989715 
224 1.571795 
225 0.421025 
226 1.326708 
227 1.391048 
228 1.092247 
229 -2.569704 
230 1.130674 
231 0.370639 
232 2.198955 
233 -1.291450 
234 -0.035192 
235 -1.706474 
236 1.851368 
237 1.801174 
238 0.720325 
239 -0.329841 
240 -1.124450 
241 -0.117524 
242 0.981646 
243 2.592480 
244 1.154367 
245 1.445865 
246 0.993834 
247 1.218433 
248 0.921691 
249 -1.646014 
250 2.066229 
251 -1.621327 
252 -1.802597 
253 -0.975567 
254 1.976698 
255 0.917043 
256 -3.031537 
257 1.313711 
258 0.845704 
259 1.179061 
260 -1.358904 
261 1.029851 
262 1.604137 
263 1.457558 
264 1.411891 
265 1.115806 
266 1.533777 
267 0.968648 
268 1.418789 
269 2.111089 
270 0.644291 
271 0.866840 
272 1.455462 
273 1.230193 
274 0.928720 
275 1.398432 
276 -1.854034 
277 2.029176 
278 0.529082 
279 1.092125 
280 1.354280 
281 1.297263 
282 1.286356 
283 -1.436346 
284 2.087321 
285 -1.365067 
286 1.444137 
287 0.706960 
288 0.842330 
289 1.632200 
290 0.431467 
291 1.870355 
292 1.157691 
293 2.015546 
294 -1.745741 
295 1.519213 
296 1.032074 
297 1.070532 
298 1.676940 
299 0.647258 
300 0.936276 
301 1.440118 
302 -2.257705 
303 0.661739 
304 1.945836 
305 1.396620 
306 -2.412937 
307 -0.012927 
308 -1.506011 
309 2.095433 
310 -0.971435 
311 1.316856 
312 1.459992 
313 1.585727 
314 -1.265372 
315 0.183901 
316 1.095830 
317 2.180281 
318 -1.402213 
319 1.021688 
320 0.225283 
321 1.749616 
322 -1.669283 
323 1.483465 
324 2.194781 
325 0.733543 
326 -0.033552 
327 -2.287622 
328 0.783184 
329 0.367628 
330 1.060541 
331 2.412711 
332 0.293810 
333 0.868694 
334 2.398827 
335 0.967000 
336 -0.014548 
337 1.717307 
338 2.358484 
339 0.105128 
340 0.167493 
341 0.252453 
342 3.212765 
343 -0.009561 
344 1.211876 
345 2.179026 
346 0.543823 
347 0.621770 
348 1.372166 
349 -2.118141 
350 -0.081469 
351 1.789489 
352 0.810381 
353 1.444738 
354 -0.081549 
355 2.167309 
356 1.579840 
357 -1.279477 
358 1.331576 
359 1.223278 
360 1.624415 
361 -1.309339 
362 0.910064 
363 1.130530 
364 0.687347 
365 -0.011518 
366 0.991564 
367 2.498803 
368 1.231921 
369 1.724276 
370 -0.150936 
371 1.495935 
372 0.157061 
373 0.249813 
374 0.006112 
375 2.829322 
376 1.255089 
377 1.452632 
378 1.060337 
379 1.095833 
380 -0.010310 
381 0.573340 
382 1.649240 
383 -2.619926 
384 2.099988 
385 0.914254 
386 0.740666 
387 -1.392263 
388 1.539475 
389 1.833200 
390 -1.746533 
391 0.158669 
392 0.502362 
393 1.985123 
394 1.095954 
395 -1.620885 
396 -1.392680 
397 1.027763 
398 1.617972 
399 1.948134 
400 -0.670985 
401 -2.201372 
402 1.889918 
403 0.844189 
404 0.726214 
405 -1.927676 
406 1.222247 
407 1.513660 
408 1.534751 
409 1.548473 
410 0.418632 
411 1.385269 
412 -1.593513 
413 1.791146 
414 0.634908 
415 -1.879061 
416 1.300782 
417 0.167975 
418 1.452015 
419 1.468162 
420 0.800692 
421 -1.676307 
422 2.131569 
423 0.260426 
424 -1.753010 
425 -1.348470 
426 1.428192 
427 -2.134040 
428 1.711278 
429 -1.928652 
430 1.504590 
431 -0.648077 
432 1.939996 
433 1.778510 
434 -1.029911 
435 0.540506 
436 0.654516 
437 0.737992 
438 1.921067 
439 -2.141105 
440 1.898839 
441 1.592903 
442 0.430109 
443 -1.220367 
444 -0.955515 
445 1.899998 
446 1.541402 
447 -1.496980 
448 0.477508 
449 -2.007845 
450 1.182550 
451 1.985761 
452 -0.345756 
453 1.190526 
454 -3.103359 
455 -1.692438 
456 1.329046 
457 0.049064 
458 -2.613670 
459 0.795769 
460 0.305385 
461 1.063370 
462 -0.132973 
463 2.713655 
464 0.894491 
465 -2.160143 
466 -2.289389 
467 1.181506 
468 -0.043700 
469 1.188713 
470 2.291379 
471 0.603271 
472 0.915812 
473 1.352463 
474 1.702262 
475 0.875491 
476 0.756612 
477 1.577689 
478 0.960938 
479 1.514179 
480 1.613807 
481 2.211482 
482 0.181285 
483 -1.138337 
484 -1.101440 
485 2.250010 
486 0.566230 
487 -2.056079 
488 1.278611 
489 2.540285 
490 0.429210 
491 -0.095909 
492 0.739840 
493 0.202947 
494 2.302569 
495 1.205945 
496 0.578405 
497 1.847112 
498 1.767263 
499 0.230544 
500 0.160060 
501 1.894078 
502 0.266266 
503 1.842432 
504 0.342783 
505 0.134145 
506 2.548598 
507 1.039608 
508 1.474495 
509 0.074902 
510 1.497971 
511 1.394747 
512 0.288130 
513 1.379870 
514 1.285135 
515 1.528128 
516 1.194205 
517 0.962940 
518 1.653124 
519 -1.774327 
520 -2.153686 
521 0.535135 
522 2.322123 
523 1.160899 
524 1.444604 
525 -1.551566 
526 -1.550542 
527 1.322585 
528 0.927804 
529 1.660303 
530 1.500950 
531 0.813706 
532 0.752787 
533 1.198890 
534 -0.001735 
535 2.245985 
536 1.388265 
537 -0.073866 
538 -2.023530 
539 1.594652 
540 -1.426084 
541 1.545469 
542 1.491037 
543 1.742006 
544 -2.207103 
545 0.260343 
546 -1.418044 
547 1.954664 
548 1.291151 
549 -1.666739 
550 1.699494 
551 0.762199 
552 1.576096 
553 0.403672 
554 -0.981378 
555 2.218880 
556 1.512265 
557 2.067312 
558 0.512016 
559 0.277819 
560 -1.723872 
561 0.229516 
562 1.968901 
563 -1.401433 
564 -1.785890 
565 0.085970 
566 0.949034 
567 1.640892 
568 0.168366 
569 1.939562 
570 1.600679 
571 1.008773 
572 1.385219 
573 -1.553423 
574 0.301747 
575 2.448585 
576 0.192231 
577 -1.831879 
578 2.233111 
579 0.802888 
580 1.166224 
581 1.295312 
582 1.036558 
583 1.264103 
584 0.032129 
585 2.915489 
586 0.065497 
587 0.900889 
588 0.930968 
589 -1.447544 
590 0.903325 
591 1.859302 
592 1.512424 
593 2.074115 
594 0.560553 
595 0.509627 
596 -1.248478 
597 -1.121889 
598 2.739758 
599 0.616037 
600 0.418463 
601 -0.231753 
602 2.835480 
603 0.825150 
604 -0.575363 
605 -1.919544 
606 1.849664 
607 1.507388 
608 0.375724 
609 0.988699 
610 -2.795877 
611 0.418348 
612 -0.181705 
613 1.475930 
614 -1.620112 
615 1.783560 
616 -2.443598 
617 0.128226 
618 1.499263 
619 -1.196544 
620 0.751940 
621 1.403230 
622 0.923005 
623 1.709454 
624 1.493985 
625 -2.578948 
626 0.357386 
627 -1.454684 
628 0.404579 
629 -1.840391 
630 1.682608 
631 1.618122 
632 -2.061682 
633 -1.435149 
634 1.945756 
635 0.545003 
636 -1.371513 
637 1.680991 
638 0.868744 
639 1.567980 
640 0.490878 
641 -1.296101 
642 2.281523 
643 0.709913 
644 1.630442 
645 -1.775022 
646 1.808510 
647 1.281862 
648 2.108754 
649 1.764554 
650 0.339120 
651 0.390994 
652 -1.543020 
653 1.939153 
654 0.594901 
655 -1.877621 
656 1.594485 
657 0.208678 
658 1.191932 
659 2.040509 
660 1.937914 
661 1.689832 
662 -0.009515 
663 0.164561 
664 1.457493 
665 1.089507 
666 1.087459 
667 -1.968124 
668 1.279227 
669 1.121913 
670 1.004860 
671 1.812803 
672 -1.768123 
673 1.993751 
674 -1.682070 
675 1.086967 
676 0.683760 
677 1.121904 
678 1.897750 
679 1.427659 
680 1.486036 
681 -1.171249 
682 1.659960 
683 -1.598532 
684 -1.665664 
685 1.493620 
686 0.487565 
687 1.669216 
688 1.845618 
689 0.920056 
690 0.806766 
691 1.668594 
692 -2.171573 
693 1.749851 
694 -2.242142 
695 0.178037 
696 1.143692 
697 1.658150 
698 0.327789 
699 1.527466 
700 1.669582 
701 1.048568 
702 1.541133 
703 0.424912 
704 0.807018 
705 -1.547211 
706 0.894110 
707 2.155375 
708 1.570676 
709 -0.007630 
710 -1.827312 
711 1.715333 
712 1.415465 
713 -0.023749 
714 -1.894111 
715 1.865114 
716 -1.490001 
717 0.704045 
718 -1.521257 
719 2.209703 
720 -1.913153 
721 0.094255 
722 1.411411 
723 1.761448 
724 1.594881 
725 1.991705 
726 -0.001385 
727 -1.518339 
728 -1.924536 
729 -1.876099 
730 -1.623413 
731 1.484651 
732 0.718220 
733 2.009708 
734 0.191428 
735 -1.988791 
736 1.207457 
737 0.072416 
738 -2.143262 
739 1.691633 
740 0.804582 
741 1.751253 
742 -1.226902 
743 -1.911142 
744 1.964768 
745 1.965738 
746 -0.870191 
747 0.411000 
748 0.899705 
749 1.197927 
750 1.978609 
751 0.670538 
752 -1.199507 
753 2.149471 
754 -2.287982 
755 -0.586290 
756 0.159097 
757 1.019534 
758 1.335347 
759 2.010937 
760 0.586784 
761 1.721232 
762 1.211026 
763 1.308072 
764 0.819930 
765 2.439749 
766 0.019147 
767 0.851629 
768 0.035538 
769 1.367567 
770 1.484048 
771 1.601730 
772 1.092308 
773 1.146205 
774 1.222673 
775 1.699159 
776 1.993818 
777 0.921476 
778 1.532438 
779 0.528444 
780 -1.527229 
781 0.638227 
782 -2.072756 
783 1.643155 
784 1.444530 
785 0.956033 
786 1.712694 
787 0.913148 
788 1.388292 
789 1.578439 
790 -2.203063 
791 0.507972 
792 0.189539 
793 2.643535 
794 1.370297 
795 0.790117 
796 1.738873 
797 1.554286 
798 1.301887 
799 -0.433373 
800 0.836583 
801 1.246568 
802 -1.798580 
803 1.663899 
804 -1.488003 
805 1.074664 
806 1.353253 
807 1.753234 
808 1.334516 
809 1.309771 
810 0.695908 
811 1.041548 
812 1.313155 
813 -0.357263 
814 1.088276 
815 2.225919 
816 1.118633 
817 1.234010 
818 1.749715 
819 -1.185116 
820 1.891728 
821 1.518563 
822 -0.940690 
823 0.375792 
824 0.630434 
825 -2.049779 
826 0.897082 
827 1.455504 
828 -1.578388 
829 0.738159 
830 1.943186 
831 1.077412 
832 2.029736 
833 -1.964964 
834 0.950213 
835 0.561697 
836 1.769151 
837 -0.045489 
838 1.548310 
839 1.089889 
840 0.696252 
841 0.954033 
842 -2.052579 
843 1.728548 
844 0.946823 
845 -0.994713 
846 2.030256 
847 1.293519 
848 1.147916 
849 0.421982 
850 1.056761 
851 -2.715759 
852 -1.861028 
853 -1.971659 
854 1.729400 
855 0.671848 
856 0.957583 
857 1.696184 
858 1.410063 
859 0.472162 
860 0.321847 
861 0.400471 
862 2.299614 
863 -1.890960 
864 -1.585442 
865 2.059394 
866 -2.214275 
867 0.451301 
868 0.845283 
869 0.919972 
870 0.469074 
871 2.344743 
872 1.392640 
873 -1.559458 
874 1.894927 
875 -1.334897 
876 0.553857 
877 -1.156974 
878 2.495116 
879 0.463575 
880 1.421835 
881 0.756806 
882 0.446733 
883 -2.521676 
884 -0.194720 
885 0.966389 
886 2.178780 
887 1.282560 
888 -1.451695 
889 1.624317 
890 1.803368 
891 0.510243 
892 -1.879475 
893 0.890444 
894 1.557668 
895 1.061024 
896 0.009457 
897 -1.943226 
898 1.012076 
899 -2.024704 
900 1.228782 
901 -1.769381 
902 1.237261 
903 1.851796 
904 0.882951 
905 2.119490 
906 -1.172058 
907 -1.965823 
908 -1.534611 
909 0.058241 
910 1.505532 
911 2.012060 
912 0.619902 
913 1.145465 
914 -2.467155 
915 -1.863698 
916 2.203160 
917 -0.187869 
918 -1.313375 
919 1.456329 
920 1.622312 
921 1.046053 
922 1.196604 
923 -2.104495 
924 -2.053381 
925 0.240632 
926 0.629972 
927 2.129094 
928 1.290059 
929 -2.063550 
930 -1.891986 
931 0.748152 
932 1.424689 
933 0.488445 
934 0.687793 
935 2.162509 
936 0.849439 
937 1.782853 
938 1.291859 
939 0.981010 
940 1.040899 
941 1.584746 
942 1.941367 
943 0.055100 
944 1.279557 
945 -2.048126 
946 -0.759779 
947 1.270444 
948 1.641514 
949 0.140443 
950 0.780673 
951 1.819422 
952 -1.761952 
953 -1.455005 
954 1.178643 
955 1.558502 
956 1.003537 
957 -1.489737 
958 0.881747 
959 2.151119 
960 0.285307 
961 1.711621 
962 -1.540213 
963 2.019227 
964 0.558491 
965 0.915844 
966 -2.665666 
967 1.190681 
968 0.737901 
969 0.886651 
970 2.205034 
971 -1.346286 
972 0.779462 
973 1.173544 
974 1.406544 
975 -2.373448 
976 3.008494 
977 0.392240 
978 0.262237 
979 0.317422 
980 1.587244 
981 0.838706 
982 -1.270285 
983 1.772400 
984 -1.786561 
985 0.032444 
986 -0.117852 
987 2.511122 
988 -0.182259 
989 -2.455864 
990 -2.599816 
991 -1.344639 
992 1.568223 
993 0.587444 
994 -2.202537 
995 -2.093143 
996 0.343082 
997 -1.031292 
998 2.439161 
999 1.031014 
1000 -1.897365 
1001 -1.920355 
1002 0.135562 
1003 1.943959 
1004 0.802055 
1005 0.716267 
1006 2.581426 
1007 -0.147320 
1008 -1.710206 
1009 0.955940 
1010 1.739632 
1011 -1.730699 
1012 1.860387 
1013 0.962801 
1014 -2.012621 
1015 0.468779 
1016 0.381466 
1017 1.811612 
1018 1.504957 
1019 -1.164939 
1020 0.674331 
1021 -1.528178 
1022 0.262569 
1023 2.608590 
1024 -0.215037 
1025 -2.421598 
1026 1.655780 
1027 1.678272 
1028 0.094125 
1029 2.287906 
1030 0.447537 
1031 1.022375 
1032 -1.526345 
1033 0.185355 
1034 -2.354019 
1035 -2.172739 
1036 1.599997 
1037 1.226330 
1038 1.209702 
1039 0.994932 
1040 0.972916 
1041 1.891325 
1042 1.921425 
1043 0.752969 
1044 1.712821 
1045 -2.126667 
1046 -1.554179 
1047 1.798323 
1048 1.637983 
1049 -2.135953 
1050 -2.110836 
1051 0.969331 
1052 1.442047 
1053 0.785543 
1054 1.723527 
1055 1.478425 
1056 1.893729 
1057 1.600096 
1058 0.646487 
1059 -1.265254 
1060 1.357097 
1061 0.839480 
1062 1.454199 
1063 1.426921 
1064 -2.177757 
1065 1.079869 
1066 -0.247272 
1067 1.670142 
1068 -1.445513 
1069 2.351810 
1070 0.908215 
1071 -1.515042 
1072 0.929820 
1073 2.084057 
1074 0.332467 
1075 0.815730 
1076 -0.199500 
1077 0.926036 
1078 0.595797 
1079 2.342248 
1080 1.493366 
1081 1.585421 
1082 -1.517072 
1083 0.988989 
1084 0.429223 
1085 1.952449 
1086 1.493845 
1087 0.403963 
1088 0.249092 
1089 2.518391 
1090 0.169313 
1091 1.173331 
1092 1.980404 
1093 -1.591906 
1094 0.624045 
1095 1.182692 
1096 0.335361 
1097 2.079803 
1098 1.220864 
1099 0.583895 
1100 -1.338378 
1101 1.521260 
1102 -1.306495 
1103 1.804798 
1104 1.071332 
1105 1.204591 
1106 0.550502 
1107 1.982318 
1108 2.439988 
1109 1.012957 
1110 -1.459731 
1111 0.124421 
1112 0.830551 
1113 -1.672519 
1114 -0.271657 
1115 2.575048 
1116 2.531119 
1117 0.340653 
1118 0.882574 
1119 0.636729 
1120 -1.748518 
1121 -1.250341 
1122 1.728208 
1123 -1.911627 
1124 1.452474 
1125 -1.778090 
1126 1.777997 
1127 0.189242 
1128 -1.155825 
1129 1.702324 
1130 -0.034215 
1131 2.200497 
1132 3.118560 
1133 0.005902 
1134 0.032405 
1135 0.542024 
1136 2.303873 
1137 -0.058061 
1138 1.030702 
1139 1.078480 
1140 0.743041 
1141 -1.856777 
1142 2.415789 
1143 -0.268044 
1144 0.577626 
1145 1.561213 
1146 -2.146012 
1147 1.135918 
1148 0.422463 
1149 0.608687 
1150 1.871145 
1151 1.662874 
1152 -2.907416 
1153 0.794125 
1154 0.774056 
1155 -1.966219 
1156 0.470977 
1157 1.767241 
1158 -1.608283 
1159 1.722729 
1160 -0.251147 
1161 1.217727 
1162 1.653565 
1163 -2.107868 
1164 0.224737 
1165 1.187709 
1166 1.256519 
1167 1.786798 
1168 1.350147 
1169 1.716770 
1170 0.411899 
1171 -2.537922 
1172 1.668995 
1173 0.626075 
1174 0.604316 
1175 1.654452 
1176 1.488714 
1177 0.642979 
1178 0.885922 
1179 1.815037 
1180 1.754166 
1181 1.142681 
1182 -1.667223 
1183 -0.051031 
1184 1.741939 
1185 -2.085948 
1186 0.216054 
1187 1.061040 
1188 2.168949 
1189 2.041704 
1190 0.853244 
1191 0.012415 
1192 0.428425 
1193 1.631197 
1194 1.136985 
1195 -1.968903 
1196 -0.245946 
1197 1.674593 
1198 1.383137 
1199 -2.117751 
1200 -1.987659 
1201 0.701026 
1202 1.489550 
1203 1.654413 
1204 -1.574374 
1205 2.021071 
1206 0.853523 
1207 0.916726 
1208 -1.718315 
1209 1.690856 
1210 0.963419 
1211 1.162121 
1212 -2.004038 
1213 1.106437 
1214 0.858347 
1215 1.872648 
1216 0.936642 
1217 0.998317 
1218 2.370636 
1219 0.132762 
1220 2.500350 
1221 0.715770 
1222 0.793628 
1223 -0.635744 
1224 0.346358 
1225 0.123686 
1226 0.235803 
1227 3.170235 
1228 0.440536 
1229 1.570497 
1230 1.694569 
1231 -1.386252 
1232 1.874435 
1233 0.851524 
1234 0.703913 
1235 -1.954407 
1236 0.900780 
1237 -0.261473 
1238 0.851566 
1239 2.591342 
1240 1.859512 
1241 1.130253 
1242 1.320480 
1243 -1.257404 
1244 0.781721 
1245 1.163949 
1246 1.282928 
1247 -2.031711 
1248 1.465580 
1249 2.123944 
1250 -1.261675 
1251 0.224883 
1252 1.039232 
1253 -1.066914 
1254 2.079469 
1255 0.998989 
1256 0.872476 
1257 1.972887 
1258 1.607658 
1259 -0.000258 
1260 -1.436941 
1261 0.031328 
1262 2.273242 
1263 1.278132 
1264 0.231484 
1265 1.551152 
1266 1.446214 
1267 1.313797 
1268 -0.056544 
1269 2.041852 
1270 0.376743 
1271 1.736912 
1272 1.083804 
1273 2.419625 
1274 0.976178 
1275 0.181670 
1276 -1.145260 
1277 2.111792 
1278 1.458056 
1279 0.528509 
1280 1.601612 
1281 0.614493 
1282 1.229374 
1283 -1.756429 
1284 0.583260 
1285 1.860171 
1286 -2.424026 
1287 1.507417 
1288 1.320780 
1289 0.778143 
1290 1.447301 
1291 1.491438 
1292 0.454095 
1293 2.041491 
1294 1.514239 
1295 -0.819168 
1296 0.478169 
1297 0.975828 
1298 0.735095 
1299 2.093132 
1300 1.550093 
1301 1.738970 
1302 0.508472 
1303 0.693273 
1304 1.988770 
1305 1.239339 
1306 -1.596395 
1307 -1.503736 
1308 2.400352 
1309 1.419763 
1310 -0.198007 
1311 0.687802 
1312 -0.805310 
1313 0.476802 
1314 2.060911 
1315 1.577628 
1316 1.679668 
1317 1.563856 
1318 1.653992 
1319 0.611421 
1320 -1.019116 
1321 0.839306 
1322 2.207176 
1323 -1.487669 
1324 1.156480 
1325 0.853026 
1326 1.853828 
1327 1.022021 
1328 2.233544 
1329 -0.434806 
1330 1.532943 
1331 0.987064 
1332 1.502820 
1333 0.532347 
1334 0.919944 
1335 1.457394 
1336 2.226573 
1337 0.704707 
1338 -2.037911 
1339 -0.418090 
1340 0.370385 
1341 0.997552 
1342 1.385590 
1343 -1.896012 
1344 -0.023357 
1345 2.996898 
1346 0.578489 
1347 -0.206058 
1348 1.361841 
1349 2.112415 
1350 0.115094 
1351 0.772830 
1352 2.026500 
1353 -2.444065 
1354 0.586146 
1355 -0.233601 
1356 -0.242240 
1357 -1.408035 
1358 1.990127 
1359 1.614066 
1360 -1.995651 
1361 -1.095049 
1362 1.519960 
1363 1.259056 
1364 0.048155 
1365 2.005176 
1366 -0.603287 
1367 2.054485 
1368 1.020517 
1369 1.314957 
1370 -1.982147 
1371 1.180923 
1372 -1.934995 
1373 -2.684571 
1374 -1.350792 
1375 1.068594 
1376 -1.728623 
1377 1.698117 
1378 0.607660 
1379 -1.719771 
1380 -0.307344 
1381 0.737314 
1382 2.973392 
1383 0.262343 
1384 0.855811 
1385 -1.962675 
1386 -1.422180 
1387 1.589881 
1388 2.526963 
1389 -0.294286 
1390 0.099809 
1391 1.408479 
1392 1.305137 
1393 1.239092 
1394 1.639740 
1395 -1.366019 
1396 1.796572 
1397 0.245825 
1398 -2.283148 
1399 0.565276 
1400 1.085698 
1401 2.169926 
1402 1.044668 
1403 0.158231 
1404 -2.237312 
1405 1.215884 
1406 1.560880 
1407 0.233673 
1408 1.631345 
1409 -1.865126 
1410 1.078574 
1411 0.121118 
1412 -1.863494 
1413 1.825764 
1414 0.525905 
1415 -1.452626 
1416 0.969392 
1417 0.084525 
1418 2.015764 
1419 1.210907 
1420 1.245719 
1421 1.730473 
1422 -1.509314 
1423 -2.049942 
1424 -1.886009 
1425 1.845083 
1426 0.897388 
1427 -1.506561 
1428 2.134048 
1429 0.755606 
1430 0.435345 
1431 1.154075 
1432 1.997334 
1433 1.870520 
1434 -0.234962 
1435 0.367152 
1436 -1.665471 
1437 -0.104918 
1438 0.046928 
1439 2.662409 
1440 -1.522460 
1441 0.018541 
1442 -0.394944 
1443 2.251715 
1444 1.015435 
1445 2.198673 
