2132 1
0 0.112192 
1 -0.230246 
2 0.106392 
3 0.390009 
4 0.358877 
5 -0.450758 
6 0.390302 
7 -0.400216 
8 0.125584 
9 0.108608 
10 0.065470 
11 0.377911 
12 0.498099 
13 -0.141368 
14 0.106676 
15 0.133703 
16 0.288982 
17 -0.033827 
18 0.045145 
19 0.000852 
20 0.038200 
21 0.461194 
22 -0.293963 
23 0.267308 
24 0.155564 
25 0.193510 
26 -0.232466 
27 0.448205 
28 0.453782 
29 0.430813 
30 -0.059466 
31 0.158501 
32 -0.385829 
33 -0.482304 
34 -0.147301 
35 -0.016450 
36 -0.067797 
37 -0.474157 
38 0.364405 
39 -0.379737 
40 0.381641 
41 -0.030273 
42 0.164329 
43 -0.276929 
44 -0.428597 
45 -0.021320 
46 -0.480013 
47 0.187600 
48 0.292774 
49 -0.094692 
50 0.229996 
51 -0.149039 
52 -0.051551 
53 -0.295282 
54 0.442007 
55 -0.332866 
56 0.379858 
57 0.250241 
58 0.301988 
59 -0.154871 
60 -0.310483 
61 0.148302 
62 0.344682 
63 0.107505 
64 0.356564 
65 -0.142798 
66 -0.361139 
67 0.195823 
68 0.486199 
69 0.190958 
70 -0.394157 
71 0.053109 
72 0.279284 
73 0.476647 
74 -0.471436 
75 0.165629 
76 0.077582 
77 -0.372180 
78 0.434837 
79 -0.007467 
80 -0.095305 
81 -0.288652 
82 0.436917 
83 0.157635 
84 -0.378162 
85 0.169818 
86 -0.465695 
87 0.072194 
88 -0.091206 
89 0.396367 
90 0.317995 
91 0.296036 
92 0.384638 
93 0.237117 
94 -0.064643 
95 -0.188213 
96 -0.437719 
97 0.426946 
98 -0.344789 
99 0.228313 
100 0.284341 
101 -0.414121 
102 -0.021079 
103 0.366407 
104 -0.000190 
105 0.293761 
106 0.494518 
107 -0.123388 
108 -0.133126 
109 -0.058534 
110 -0.304856 
111 0.333965 
112 -0.201178 
113 -0.300794 
114 -0.028069 
115 0.030656 
116 -0.044406 
117 -0.333076 
118 -0.425690 
119 0.048488 
120 0.373100 
121 0.294972 
122 0.272174 
123 -0.320870 
124 0.190127 
125 -0.390231 
126 0.345006 
127 -0.433243 
128 0.381411 
129 0.427356 
130 -0.487637 
131 -0.318385 
132 0.111919 
133 0.329854 
134 0.112192 
135 -0.230246 
136 0.106392 
137 0.390009 
138 0.358877 
139 -0.450758 
140 0.390302 
141 -0.400216 
142 0.125584 
143 0.108608 
144 0.065470 
145 0.377911 
146 0.498099 
147 -0.141368 
148 0.106676 
149 0.133703 
150 0.288982 
151 -0.033827 
152 0.045145 
153 0.000852 
154 0.038200 
155 0.461194 
156 -0.293963 
157 0.267308 
158 0.155564 
159 0.193510 
160 -0.232466 
161 0.448205 
162 0.453782 
163 0.430813 
164 -0.059466 
165 0.158501 
166 -0.385829 
167 -0.482304 
168 -0.147301 
169 -0.016450 
170 -0.067797 
171 -0.474157 
172 0.364405 
173 -0.379737 
174 0.381641 
175 -0.030273 
176 0.164329 
177 -0.276929 
178 -0.428597 
179 -0.021320 
180 -0.480013 
181 0.187600 
182 0.292774 
183 -0.094692 
184 0.229996 
185 -0.149039 
186 -0.051551 
187 -0.295282 
188 0.442007 
189 -0.332866 
190 0.379858 
191 0.250241 
192 0.301988 
193 -0.154871 
194 -0.310483 
195 0.148302 
196 0.344682 
197 0.107505 
198 0.356564 
199 -0.142798 
200 -0.361139 
201 0.195823 
202 0.486199 
203 0.190958 
204 -0.394157 
205 0.053109 
206 0.279284 
207 0.476647 
208 -0.471436 
209 0.165629 
210 0.077582 
211 -0.372180 
212 0.434837 
213 -0.007467 
214 -0.095305 
215 -0.288652 
216 0.436917 
217 0.157635 
218 -0.378162 
219 0.169818 
220 -0.465695 
221 0.072194 
222 -0.091206 
223 0.396367 
224 0.317995 
225 0.296036 
226 0.384638 
227 0.237117 
228 -0.064643 
229 -0.188213 
230 -0.437719 
231 0.426946 
232 -0.344789 
233 0.228313 
234 0.284341 
235 -0.414121 
236 -0.021079 
237 0.366407 
238 -0.000190 
239 0.293761 
240 0.494518 
241 -0.123388 
242 -0.133126 
243 -0.058534 
244 -0.304856 
245 0.333965 
246 -0.201178 
247 -0.300794 
248 -0.028069 
249 0.030656 
250 -0.044406 
251 -0.333076 
252 -0.425690 
253 0.048488 
254 0.373100 
255 0.294972 
256 0.272174 
257 -0.320870 
258 0.190127 
259 0.112192 
260 -0.230246 
261 0.106392 
262 0.390009 
263 0.358877 
264 -0.450758 
265 0.390302 
266 -0.400216 
267 0.125584 
268 0.108608 
269 0.065470 
270 0.377911 
271 0.498099 
272 -0.141368 
273 0.106676 
274 0.133703 
275 0.288982 
276 -0.033827 
277 0.045145 
278 0.000852 
279 0.038200 
280 0.461194 
281 -0.293963 
282 0.267308 
283 0.155564 
284 0.193510 
285 -0.232466 
286 0.448205 
287 0.453782 
288 0.430813 
289 -0.059466 
290 0.158501 
291 -0.385829 
292 -0.482304 
293 -0.147301 
294 -0.016450 
295 -0.067797 
296 -0.474157 
297 0.364405 
298 -0.379737 
299 0.381641 
300 -0.030273 
301 0.164329 
302 -0.276929 
303 -0.428597 
304 -0.021320 
305 -0.480013 
306 0.187600 
307 0.292774 
308 -0.094692 
309 0.229996 
310 -0.149039 
311 -0.051551 
312 -0.295282 
313 0.442007 
314 -0.332866 
315 0.379858 
316 0.250241 
317 0.301988 
318 -0.154871 
319 -0.310483 
320 0.148302 
321 0.344682 
322 0.107505 
323 0.356564 
324 -0.142798 
325 -0.361139 
326 0.195823 
327 0.486199 
328 0.190958 
329 -0.394157 
330 0.053109 
331 0.279284 
332 0.476647 
333 -0.471436 
334 0.165629 
335 0.077582 
336 -0.372180 
337 0.434837 
338 -0.007467 
339 -0.095305 
340 -0.288652 
341 0.436917 
342 0.157635 
343 -0.378162 
344 0.169818 
345 -0.465695 
346 0.072194 
347 -0.091206 
348 0.396367 
349 0.317995 
350 0.296036 
351 0.384638 
352 0.237117 
353 -0.064643 
354 -0.188213 
355 -0.437719 
356 0.426946 
357 -0.344789 
358 0.228313 
359 0.284341 
360 -0.414121 
361 -0.021079 
362 0.366407 
363 -0.000190 
364 0.293761 
365 0.494518 
366 -0.123388 
367 -0.133126 
368 -0.058534 
369 -0.304856 
370 0.333965 
371 -0.201178 
372 -0.300794 
373 -0.028069 
374 0.030656 
375 -0.044406 
376 -0.333076 
377 0.112192 
378 -0.230246 
379 0.106392 
380 0.390009 
381 0.358877 
382 -0.450758 
383 0.390302 
384 -0.400216 
385 0.125584 
386 0.108608 
387 0.065470 
388 0.377911 
389 0.498099 
390 -0.141368 
391 0.106676 
392 0.133703 
393 0.288982 
394 -0.033827 
395 0.045145 
396 0.000852 
397 0.038200 
398 0.461194 
399 -0.293963 
400 0.267308 
401 0.155564 
402 0.193510 
403 -0.232466 
404 0.448205 
405 0.453782 
406 0.430813 
407 -0.059466 
408 0.158501 
409 -0.385829 
410 -0.482304 
411 -0.147301 
412 -0.016450 
413 -0.067797 
414 -0.474157 
415 0.364405 
416 -0.379737 
417 0.381641 
418 -0.030273 
419 0.164329 
420 -0.276929 
421 -0.428597 
422 -0.021320 
423 -0.480013 
424 0.187600 
425 0.292774 
426 -0.094692 
427 0.229996 
428 -0.149039 
429 -0.051551 
430 -0.295282 
431 0.442007 
432 -0.332866 
433 0.379858 
434 0.250241 
435 0.301988 
436 -0.154871 
437 -0.310483 
438 0.148302 
439 0.344682 
440 0.107505 
441 0.356564 
442 -0.142798 
443 -0.361139 
444 0.195823 
445 0.486199 
446 0.190958 
447 -0.394157 
448 0.053109 
449 0.279284 
450 0.476647 
451 -0.471436 
452 0.165629 
453 0.077582 
454 -0.372180 
455 0.434837 
456 -0.007467 
457 -0.095305 
458 -0.288652 
459 0.436917 
460 0.157635 
461 -0.378162 
462 0.169818 
463 -0.465695 
464 0.072194 
465 -0.091206 
466 0.396367 
467 0.317995 
468 0.296036 
469 0.384638 
470 0.237117 
471 -0.064643 
472 -0.188213 
473 -0.437719 
474 0.426946 
475 -0.344789 
476 0.228313 
477 0.284341 
478 -0.414121 
479 -0.021079 
480 0.366407 
481 -0.000190 
482 0.293761 
483 0.494518 
484 -0.123388 
485 -0.133126 
486 -0.058534 
487 0.112192 
488 -0.230246 
489 0.106392 
490 0.390009 
491 0.358877 
492 -0.450758 
493 0.390302 
494 -0.400216 
495 0.125584 
496 0.108608 
497 0.065470 
498 0.377911 
499 0.498099 
500 -0.141368 
501 0.106676 
502 0.133703 
503 0.288982 
504 -0.033827 
505 0.045145 
506 0.000852 
507 0.038200 
508 0.461194 
509 -0.293963 
510 0.267308 
511 0.155564 
512 0.193510 
513 -0.232466 
514 0.448205 
515 0.453782 
516 0.430813 
517 -0.059466 
518 0.158501 
519 -0.385829 
520 -0.482304 
521 -0.147301 
522 -0.016450 
523 -0.067797 
524 -0.474157 
525 0.364405 
526 -0.379737 
527 0.381641 
528 -0.030273 
529 0.164329 
530 -0.276929 
531 -0.428597 
532 -0.021320 
533 -0.480013 
534 0.187600 
535 0.292774 
536 -0.094692 
537 0.229996 
538 -0.149039 
539 -0.051551 
540 -0.295282 
541 0.442007 
542 -0.332866 
543 0.379858 
544 0.250241 
545 0.301988 
546 -0.154871 
547 -0.310483 
548 0.148302 
549 0.344682 
550 0.107505 
551 0.356564 
552 -0.142798 
553 -0.361139 
554 0.195823 
555 0.486199 
556 0.190958 
557 -0.394157 
558 0.053109 
559 0.279284 
560 0.476647 
561 -0.471436 
562 0.165629 
563 0.077582 
564 -0.372180 
565 0.434837 
566 -0.007467 
567 -0.095305 
568 -0.288652 
569 0.436917 
570 0.157635 
571 -0.378162 
572 0.169818 
573 -0.465695 
574 0.072194 
575 -0.091206 
576 0.396367 
577 0.317995 
578 0.296036 
579 0.384638 
580 0.237117 
581 -0.064643 
582 -0.188213 
583 -0.437719 
584 0.426946 
585 -0.344789 
586 0.228313 
587 0.284341 
588 -0.414121 
589 -0.021079 
590 0.112192 
591 -0.230246 
592 0.106392 
593 0.390009 
594 0.358877 
595 -0.450758 
596 0.390302 
597 -0.400216 
598 0.125584 
599 0.108608 
600 0.065470 
601 0.377911 
602 0.498099 
603 -0.141368 
604 0.106676 
605 0.133703 
606 0.288982 
607 -0.033827 
608 0.045145 
609 0.000852 
610 0.038200 
611 0.461194 
612 -0.293963 
613 0.267308 
614 0.155564 
615 0.193510 
616 -0.232466 
617 0.448205 
618 0.453782 
619 0.430813 
620 -0.059466 
621 0.158501 
622 -0.385829 
623 -0.482304 
624 -0.147301 
625 -0.016450 
626 -0.067797 
627 -0.474157 
628 0.364405 
629 -0.379737 
630 0.381641 
631 -0.030273 
632 0.164329 
633 -0.276929 
634 -0.428597 
635 -0.021320 
636 -0.480013 
637 0.187600 
638 0.292774 
639 -0.094692 
640 0.229996 
641 -0.149039 
642 -0.051551 
643 -0.295282 
644 0.442007 
645 -0.332866 
646 0.379858 
647 0.250241 
648 0.301988 
649 -0.154871 
650 -0.310483 
651 0.148302 
652 0.344682 
653 0.107505 
654 0.356564 
655 -0.142798 
656 -0.361139 
657 0.195823 
658 0.486199 
659 0.190958 
660 -0.394157 
661 0.053109 
662 0.279284 
663 0.476647 
664 -0.471436 
665 0.165629 
666 0.077582 
667 -0.372180 
668 0.434837 
669 -0.007467 
670 -0.095305 
671 -0.288652 
672 0.436917 
673 0.157635 
674 -0.378162 
675 0.169818 
676 -0.465695 
677 0.072194 
678 -0.091206 
679 0.396367 
680 0.317995 
681 0.296036 
682 0.384638 
683 0.237117 
684 -0.064643 
685 -0.188213 
686 -0.437719 
687 0.112192 
688 -0.230246 
689 0.106392 
690 0.390009 
691 0.358877 
692 -0.450758 
693 0.390302 
694 -0.400216 
695 0.125584 
696 0.108608 
697 0.065470 
698 0.377911 
699 0.498099 
700 -0.141368 
701 0.106676 
702 0.133703 
703 0.288982 
704 -0.033827 
705 0.045145 
706 0.000852 
707 0.038200 
708 0.461194 
709 -0.293963 
710 0.267308 
711 0.155564 
712 0.193510 
713 -0.232466 
714 0.448205 
715 0.453782 
716 0.430813 
717 -0.059466 
718 0.158501 
719 -0.385829 
720 -0.482304 
721 -0.147301 
722 -0.016450 
723 -0.067797 
724 -0.474157 
725 0.364405 
726 -0.379737 
727 0.381641 
728 -0.030273 
729 0.164329 
730 -0.276929 
731 -0.428597 
732 -0.021320 
733 -0.480013 
734 0.187600 
735 0.292774 
736 -0.094692 
737 0.229996 
738 -0.149039 
739 -0.051551 
740 -0.295282 
741 0.442007 
742 -0.332866 
743 0.379858 
744 0.250241 
745 0.301988 
746 -0.154871 
747 -0.310483 
748 0.148302 
749 0.344682 
750 0.107505 
751 0.356564 
752 -0.142798 
753 -0.361139 
754 0.195823 
755 0.486199 
756 0.190958 
757 -0.394157 
758 0.053109 
759 0.279284 
760 0.476647 
761 -0.471436 
762 0.165629 
763 0.077582 
764 -0.372180 
765 0.434837 
766 -0.007467 
767 -0.095305 
768 -0.288652 
769 0.436917 
770 0.157635 
771 -0.378162 
772 0.169818 
773 -0.465695 
774 0.072194 
775 -0.091206 
776 0.396367 
777 0.317995 
778 0.112192 
779 -0.230246 
780 0.106392 
781 0.390009 
782 0.358877 
783 -0.450758 
784 0.390302 
785 -0.400216 
786 0.125584 
787 0.108608 
788 0.065470 
789 0.377911 
790 0.498099 
791 -0.141368 
792 0.106676 
793 0.133703 
794 0.288982 
795 -0.033827 
796 0.045145 
797 0.000852 
798 0.038200 
799 0.461194 
800 -0.293963 
801 0.267308 
802 0.155564 
803 0.193510 
804 -0.232466 
805 0.448205 
806 0.453782 
807 0.430813 
808 -0.059466 
809 0.158501 
810 -0.385829 
811 -0.482304 
812 -0.147301 
813 -0.016450 
814 -0.067797 
815 -0.474157 
816 0.364405 
817 -0.379737 
818 0.381641 
819 -0.030273 
820 0.164329 
821 -0.276929 
822 -0.428597 
823 -0.021320 
824 -0.480013 
825 0.187600 
826 0.292774 
827 -0.094692 
828 0.229996 
829 -0.149039 
830 -0.051551 
831 -0.295282 
832 0.442007 
833 -0.332866 
834 0.379858 
835 0.250241 
836 0.301988 
837 -0.154871 
838 -0.310483 
839 0.148302 
840 0.344682 
841 0.107505 
842 0.356564 
843 -0.142798 
844 -0.361139 
845 0.195823 
846 0.486199 
847 0.190958 
848 -0.394157 
849 0.053109 
850 0.279284 
851 0.476647 
852 -0.471436 
853 0.165629 
854 0.077582 
855 -0.372180 
856 0.434837 
857 -0.007467 
858 -0.095305 
859 -0.288652 
860 0.436917 
861 0.157635 
862 -0.378162 
863 0.112192 
864 -0.230246 
865 0.106392 
866 0.390009 
867 0.358877 
868 -0.450758 
869 0.390302 
870 -0.400216 
871 0.125584 
872 0.108608 
873 0.065470 
874 0.377911 
875 0.498099 
876 -0.141368 
877 0.106676 
878 0.133703 
879 0.288982 
880 -0.033827 
881 0.045145 
882 0.000852 
883 0.038200 
884 0.461194 
885 -0.293963 
886 0.267308 
887 0.155564 
888 0.193510 
889 -0.232466 
890 0.448205 
891 0.453782 
892 0.430813 
893 -0.059466 
894 0.158501 
895 -0.385829 
896 -0.482304 
897 -0.147301 
898 -0.016450 
899 -0.067797 
900 -0.474157 
901 0.364405 
902 -0.379737 
903 0.381641 
904 -0.030273 
905 0.164329 
906 -0.276929 
907 -0.428597 
908 -0.021320 
909 -0.480013 
910 0.187600 
911 0.292774 
912 -0.094692 
913 0.229996 
914 -0.149039 
915 -0.051551 
916 -0.295282 
917 0.442007 
918 -0.332866 
919 0.379858 
920 0.250241 
921 0.301988 
922 -0.154871 
923 -0.310483 
924 0.148302 
925 0.344682 
926 0.107505 
927 0.356564 
928 -0.142798 
929 -0.361139 
930 0.195823 
931 0.486199 
932 0.190958 
933 -0.394157 
934 0.053109 
935 0.279284 
936 0.476647 
937 -0.471436 
938 0.165629 
939 0.077582 
940 -0.372180 
941 0.434837 
942 -0.007467 
943 0.112192 
944 -0.230246 
945 0.106392 
946 0.390009 
947 0.358877 
948 -0.450758 
949 0.390302 
950 -0.400216 
951 0.125584 
952 0.108608 
953 0.065470 
954 0.377911 
955 0.498099 
956 -0.141368 
957 0.106676 
958 0.133703 
959 0.288982 
960 -0.033827 
961 0.045145 
962 0.000852 
963 0.038200 
964 0.461194 
965 -0.293963 
966 0.267308 
967 0.155564 
968 0.193510 
969 -0.232466 
970 0.448205 
971 0.453782 
972 0.430813 
973 -0.059466 
974 0.158501 
975 -0.385829 
976 -0.482304 
977 -0.147301 
978 -0.016450 
979 -0.067797 
980 -0.474157 
981 0.364405 
982 -0.379737 
983 0.381641 
984 -0.030273 
985 0.164329 
986 -0.276929 
987 -0.428597 
988 -0.021320 
989 -0.480013 
990 0.187600 
991 0.292774 
992 -0.094692 
993 0.229996 
994 -0.149039 
995 -0.051551 
996 -0.295282 
997 0.442007 
998 -0.332866 
999 0.379858 
1000 0.250241 
1001 0.301988 
1002 -0.154871 
1003 -0.310483 
1004 0.148302 
1005 0.344682 
1006 0.107505 
1007 0.356564 
1008 -0.142798 
1009 -0.361139 
1010 0.195823 
1011 0.486199 
1012 0.190958 
1013 -0.394157 
1014 0.053109 
1015 0.279284 
1016 0.476647 
1017 -0.471436 
1018 0.112192 
1019 -0.230246 
1020 0.106392 
1021 0.390009 
1022 0.358877 
1023 -0.450758 
1024 0.390302 
1025 -0.400216 
1026 0.125584 
1027 0.108608 
1028 0.065470 
1029 0.377911 
1030 0.498099 
1031 -0.141368 
1032 0.106676 
1033 0.133703 
1034 0.288982 
1035 -0.033827 
1036 0.045145 
1037 0.000852 
1038 0.038200 
1039 0.461194 
1040 -0.293963 
1041 0.267308 
1042 0.155564 
1043 0.193510 
1044 -0.232466 
1045 0.448205 
1046 0.453782 
1047 0.430813 
1048 -0.059466 
1049 0.158501 
1050 -0.385829 
1051 -0.482304 
1052 -0.147301 
1053 -0.016450 
1054 -0.067797 
1055 -0.474157 
1056 0.364405 
1057 -0.379737 
1058 0.381641 
1059 -0.030273 
1060 0.164329 
1061 -0.276929 
1062 -0.428597 
1063 -0.021320 
1064 -0.480013 
1065 0.187600 
1066 0.292774 
1067 -0.094692 
1068 0.229996 
1069 -0.149039 
1070 -0.051551 
1071 -0.295282 
1072 0.442007 
1073 -0.332866 
1074 0.379858 
1075 0.250241 
1076 0.301988 
1077 -0.154871 
1078 -0.310483 
1079 0.148302 
1080 0.344682 
1081 0.107505 
1082 0.356564 
1083 -0.142798 
1084 -0.361139 
1085 0.195823 
1086 0.486199 
1087 0.190958 
1088 0.112192 
1089 -0.230246 
1090 0.106392 
1091 0.390009 
1092 0.358877 
1093 -0.450758 
1094 0.390302 
1095 -0.400216 
1096 0.125584 
1097 0.108608 
1098 0.065470 
1099 0.377911 
1100 0.498099 
1101 -0.141368 
1102 0.106676 
1103 0.133703 
1104 0.288982 
1105 -0.033827 
1106 0.045145 
1107 0.000852 
1108 0.038200 
1109 0.461194 
1110 -0.293963 
1111 0.267308 
1112 0.155564 
1113 0.193510 
1114 -0.232466 
1115 0.448205 
1116 0.453782 
1117 0.430813 
1118 -0.059466 
1119 0.158501 
1120 -0.385829 
1121 -0.482304 
1122 -0.147301 
1123 -0.016450 
1124 -0.067797 
1125 -0.474157 
1126 0.364405 
1127 -0.379737 
1128 0.381641 
1129 -0.030273 
1130 0.164329 
1131 -0.276929 
1132 -0.428597 
1133 -0.021320 
1134 -0.480013 
1135 0.187600 
1136 0.292774 
1137 -0.094692 
1138 0.229996 
1139 -0.149039 
1140 -0.051551 
1141 -0.295282 
1142 0.442007 
1143 -0.332866 
1144 0.379858 
1145 0.250241 
1146 0.301988 
1147 -0.154871 
1148 -0.310483 
1149 0.148302 
1150 0.344682 
1151 0.107505 
1152 0.356564 
1153 -0.142798 
1154 0.112192 
1155 -0.230246 
1156 0.106392 
1157 0.390009 
1158 0.358877 
1159 -0.450758 
1160 0.390302 
1161 -0.400216 
1162 0.125584 
1163 0.108608 
1164 0.065470 
1165 0.377911 
1166 0.498099 
1167 -0.141368 
1168 0.106676 
1169 0.133703 
1170 0.288982 
1171 -0.033827 
1172 0.045145 
1173 0.000852 
1174 0.038200 
1175 0.461194 
1176 -0.293963 
1177 0.267308 
1178 0.155564 
1179 0.193510 
1180 -0.232466 
1181 0.448205 
1182 0.453782 
1183 0.430813 
1184 -0.059466 
1185 0.158501 
1186 -0.385829 
1187 -0.482304 
1188 -0.147301 
1189 -0.016450 
1190 -0.067797 
1191 -0.474157 
1192 0.364405 
1193 -0.379737 
1194 0.381641 
1195 -0.030273 
1196 0.164329 
1197 -0.276929 
1198 -0.428597 
1199 -0.021320 
1200 -0.480013 
1201 0.187600 
1202 0.292774 
1203 -0.094692 
1204 0.229996 
1205 -0.149039 
1206 -0.051551 
1207 -0.295282 
1208 0.442007 
1209 -0.332866 
1210 0.379858 
1211 0.250241 
1212 0.301988 
1213 -0.154871 
1214 -0.310483 
1215 0.148302 
1216 0.112192 
1217 -0.230246 
1218 0.106392 
1219 0.390009 
1220 0.358877 
1221 -0.450758 
1222 0.390302 
1223 -0.400216 
1224 0.125584 
1225 0.108608 
1226 0.065470 
1227 0.377911 
1228 0.498099 
1229 -0.141368 
1230 0.106676 
1231 0.133703 
1232 0.288982 
1233 -0.033827 
1234 0.045145 
1235 0.000852 
1236 0.038200 
1237 0.461194 
1238 -0.293963 
1239 0.267308 
1240 0.155564 
1241 0.193510 
1242 -0.232466 
1243 0.448205 
1244 0.453782 
1245 0.430813 
1246 -0.059466 
1247 0.158501 
1248 -0.385829 
1249 -0.482304 
1250 -0.147301 
1251 -0.016450 
1252 -0.067797 
1253 -0.474157 
1254 0.364405 
1255 -0.379737 
1256 0.381641 
1257 -0.030273 
1258 0.164329 
1259 -0.276929 
1260 -0.428597 
1261 -0.021320 
1262 -0.480013 
1263 0.187600 
1264 0.292774 
1265 -0.094692 
1266 0.229996 
1267 -0.149039 
1268 -0.051551 
1269 -0.295282 
1270 0.442007 
1271 -0.332866 
1272 0.379858 
1273 0.250241 
1274 0.296036 
1275 0.384638 
1276 0.237117 
1277 -0.064643 
1278 -0.188213 
1279 -0.437719 
1280 0.426946 
1281 -0.344789 
1282 0.228313 
1283 0.284341 
1284 -0.414121 
1285 -0.021079 
1286 0.366407 
1287 -0.000190 
1288 0.293761 
1289 0.494518 
1290 -0.123388 
1291 -0.133126 
1292 -0.058534 
1293 -0.304856 
1294 0.333965 
1295 -0.201178 
1296 -0.300794 
1297 -0.028069 
1298 0.030656 
1299 -0.044406 
1300 -0.333076 
1301 -0.425690 
1302 0.048488 
1303 0.373100 
1304 0.294972 
1305 0.272174 
1306 -0.320870 
1307 0.190127 
1308 -0.390231 
1309 0.345006 
1310 -0.433243 
1311 0.381411 
1312 0.427356 
1313 -0.487637 
1314 -0.318385 
1315 0.111919 
1316 0.329854 
1317 0.306254 
1318 0.466477 
1319 0.438892 
1320 -0.057577 
1321 0.335720 
1322 0.480553 
1323 -0.432382 
1324 0.033258 
1325 -0.210033 
1326 0.203756 
1327 -0.002339 
1328 -0.394157 
1329 0.053109 
1330 0.279284 
1331 0.476647 
1332 -0.471436 
1333 0.165629 
1334 0.077582 
1335 -0.372180 
1336 0.434837 
1337 -0.007467 
1338 -0.095305 
1339 -0.288652 
1340 0.436917 
1341 0.157635 
1342 -0.378162 
1343 0.169818 
1344 -0.465695 
1345 0.072194 
1346 -0.091206 
1347 0.396367 
1348 0.317995 
1349 0.296036 
1350 0.384638 
1351 0.237117 
1352 -0.064643 
1353 -0.188213 
1354 -0.437719 
1355 0.426946 
1356 -0.344789 
1357 0.228313 
1358 0.284341 
1359 -0.414121 
1360 -0.021079 
1361 0.366407 
1362 -0.000190 
1363 0.293761 
1364 0.494518 
1365 -0.123388 
1366 -0.133126 
1367 -0.058534 
1368 -0.304856 
1369 0.333965 
1370 -0.201178 
1371 -0.300794 
1372 -0.028069 
1373 0.030656 
1374 -0.044406 
1375 -0.333076 
1376 -0.425690 
1377 0.048488 
1378 0.373100 
1379 0.301988 
1380 -0.154871 
1381 -0.310483 
1382 0.148302 
1383 0.344682 
1384 0.107505 
1385 0.356564 
1386 -0.142798 
1387 -0.361139 
1388 0.195823 
1389 0.486199 
1390 0.190958 
1391 -0.394157 
1392 0.053109 
1393 0.279284 
1394 0.476647 
1395 -0.471436 
1396 0.165629 
1397 0.077582 
1398 -0.372180 
1399 0.434837 
1400 -0.007467 
1401 -0.095305 
1402 -0.288652 
1403 0.436917 
1404 0.157635 
1405 -0.378162 
1406 0.169818 
1407 -0.465695 
1408 0.072194 
1409 -0.091206 
1410 0.396367 
1411 0.317995 
1412 0.296036 
1413 0.384638 
1414 0.237117 
1415 -0.064643 
1416 -0.188213 
1417 -0.437719 
1418 0.426946 
1419 -0.344789 
1420 0.228313 
1421 0.284341 
1422 -0.414121 
1423 -0.021079 
1424 0.366407 
1425 -0.000190 
1426 0.293761 
1427 0.301988 
1428 -0.154871 
1429 -0.310483 
1430 0.148302 
1431 0.344682 
1432 0.107505 
1433 0.356564 
1434 -0.142798 
1435 -0.361139 
1436 0.195823 
1437 0.486199 
1438 0.190958 
1439 -0.394157 
1440 0.053109 
1441 0.279284 
1442 0.476647 
1443 -0.471436 
1444 0.165629 
1445 0.077582 
1446 -0.372180 
1447 0.434837 
1448 -0.007467 
1449 -0.095305 
1450 -0.288652 
1451 0.436917 
1452 0.157635 
1453 -0.378162 
1454 0.169818 
1455 -0.465695 
1456 0.072194 
1457 -0.091206 
1458 0.396367 
1459 0.317995 
1460 0.296036 
1461 0.384638 
1462 0.237117 
1463 -0.064643 
1464 -0.188213 
1465 -0.437719 
1466 0.426946 
1467 -0.344789 
1468 0.228313 
1469 0.284341 
1470 -0.414121 
1471 -0.021079 
1472 -0.041744 
1473 -0.012237 
1474 -0.103493 
1475 -0.412845 
1476 -0.229287 
1477 0.163851 
1478 0.401531 
1479 -0.085605 
1480 0.133727 
1481 -0.406207 
1482 0.158334 
1483 0.442214 
1484 -0.058668 
1485 0.441773 
1486 0.366319 
1487 -0.496612 
1488 0.268628 
1489 0.239233 
1490 -0.384962 
1491 0.469761 
1492 -0.137536 
1493 -0.318349 
1494 0.081094 
1495 0.112033 
1496 -0.067186 
1497 0.314153 
1498 -0.467346 
1499 0.314752 
1500 0.409168 
1501 0.303251 
1502 0.171596 
1503 0.197172 
1504 0.305103 
1505 -0.431080 
1506 0.001086 
1507 0.455577 
1508 0.107984 
1509 0.104697 
1510 -0.234608 
1511 -0.173060 
1512 -0.127137 
1513 0.454785 
1514 0.494518 
1515 -0.123388 
1516 -0.133126 
1517 -0.058534 
1518 -0.304856 
1519 0.333965 
1520 -0.201178 
1521 -0.300794 
1522 -0.028069 
1523 0.030656 
1524 -0.044406 
1525 -0.333076 
1526 -0.425690 
1527 0.048488 
1528 0.373100 
1529 0.294972 
1530 0.272174 
1531 -0.320870 
1532 0.190127 
1533 -0.390231 
1534 0.345006 
1535 -0.433243 
1536 0.381411 
1537 0.427356 
1538 -0.487637 
1539 -0.318385 
1540 0.111919 
1541 0.329854 
1542 0.306254 
1543 0.466477 
1544 0.438892 
1545 -0.057577 
1546 0.335720 
1547 0.480553 
1548 -0.432382 
1549 0.033258 
1550 -0.210033 
1551 0.203756 
1552 -0.002339 
1553 0.366407 
1554 -0.000190 
1555 0.293761 
1556 0.494518 
1557 -0.123388 
1558 -0.133126 
1559 -0.058534 
1560 -0.304856 
1561 0.333965 
1562 -0.201178 
1563 -0.300794 
1564 -0.028069 
1565 0.030656 
1566 -0.044406 
1567 -0.333076 
1568 -0.425690 
1569 0.048488 
1570 0.373100 
1571 0.294972 
1572 0.272174 
1573 -0.320870 
1574 0.190127 
1575 -0.390231 
1576 0.345006 
1577 -0.433243 
1578 0.381411 
1579 0.427356 
1580 -0.487637 
1581 -0.318385 
1582 0.111919 
1583 0.329854 
1584 0.306254 
1585 0.466477 
1586 0.438892 
1587 -0.057577 
1588 0.335720 
1589 0.480553 
1590 -0.041744 
1591 -0.012237 
1592 -0.103493 
1593 -0.412845 
1594 -0.229287 
1595 0.163851 
1596 0.401531 
1597 -0.085605 
1598 0.133727 
1599 -0.406207 
1600 0.158334 
1601 0.442214 
1602 -0.058668 
1603 0.441773 
1604 0.366319 
1605 -0.496612 
1606 0.268628 
1607 0.239233 
1608 -0.384962 
1609 0.469761 
1610 -0.137536 
1611 -0.318349 
1612 0.081094 
1613 0.112033 
1614 -0.067186 
1615 0.314153 
1616 -0.467346 
1617 0.314752 
1618 0.409168 
1619 0.303251 
1620 0.171596 
1621 0.197172 
1622 0.305103 
1623 -0.431080 
1624 -0.041744 
1625 -0.012237 
1626 -0.103493 
1627 -0.412845 
1628 -0.229287 
1629 0.163851 
1630 0.401531 
1631 -0.085605 
1632 0.133727 
1633 -0.406207 
1634 0.158334 
1635 0.442214 
1636 -0.058668 
1637 0.441773 
1638 0.366319 
1639 -0.496612 
1640 0.268628 
1641 0.239233 
1642 -0.384962 
1643 0.469761 
1644 -0.137536 
1645 -0.318349 
1646 0.081094 
1647 0.112033 
1648 -0.067186 
1649 0.314153 
1650 -0.467346 
1651 0.314752 
1652 0.409168 
1653 0.303251 
1654 0.171596 
1655 0.197172 
1656 -0.432382 
1657 0.033258 
1658 -0.210033 
1659 0.203756 
1660 -0.002339 
1661 -0.041744 
1662 -0.012237 
1663 -0.103493 
1664 -0.412845 
1665 -0.229287 
1666 0.163851 
1667 0.401531 
1668 -0.085605 
1669 0.133727 
1670 -0.406207 
1671 0.158334 
1672 0.442214 
1673 -0.058668 
1674 0.441773 
1675 0.366319 
1676 -0.496612 
1677 0.268628 
1678 0.239233 
1679 -0.384962 
1680 0.469761 
1681 -0.137536 
1682 -0.318349 
1683 0.081094 
1684 0.112033 
1685 -0.067186 
1686 0.314153 
1687 -0.467346 
1688 0.305103 
1689 -0.431080 
1690 0.001086 
1691 0.455577 
1692 0.107984 
1693 0.104697 
1694 -0.234608 
1695 -0.173060 
1696 -0.127137 
1697 0.454785 
1698 0.222482 
1699 -0.330461 
1700 -0.379200 
1701 -0.140314 
1702 0.098186 
1703 0.153450 
1704 0.031024 
1705 -0.157960 
1706 0.156377 
1707 -0.021459 
1708 -0.424425 
1709 0.385431 
1710 0.357837 
1711 0.406570 
1712 0.181432 
1713 -0.262803 
1714 -0.082910 
1715 -0.198671 
1716 0.210750 
1717 -0.385686 
1718 0.324593 
1719 -0.128534 
1720 0.314752 
1721 0.409168 
1722 0.303251 
1723 0.171596 
1724 0.197172 
1725 0.305103 
1726 -0.431080 
1727 0.001086 
1728 0.455577 
1729 0.107984 
1730 0.104697 
1731 -0.234608 
1732 -0.173060 
1733 -0.127137 
1734 0.454785 
1735 0.222482 
1736 -0.330461 
1737 -0.379200 
1738 -0.140314 
1739 0.098186 
1740 0.153450 
1741 0.031024 
1742 -0.157960 
1743 0.156377 
1744 -0.021459 
1745 -0.424425 
1746 0.385431 
1747 0.357837 
1748 0.406570 
1749 0.181432 
1750 -0.262803 
1751 -0.082910 
1752 -0.369011 
1753 0.251719 
1754 -0.400685 
1755 0.033179 
1756 -0.221507 
1757 0.076913 
1758 -0.134820 
1759 -0.315426 
1760 -0.352194 
1761 0.327915 
1762 0.213520 
1763 -0.468527 
1764 -0.250382 
1765 0.435190 
1766 -0.109825 
1767 -0.114369 
1768 -0.310575 
1769 -0.222869 
1770 0.355003 
1771 -0.038854 
1772 0.451260 
1773 -0.358922 
1774 0.038384 
1775 0.254741 
1776 0.366876 
1777 0.366322 
1778 0.399191 
1779 -0.365200 
1780 0.402866 
1781 -0.388931 
1782 -0.177942 
1783 -0.344807 
1784 -0.369011 
1785 0.251719 
1786 -0.400685 
1787 0.033179 
1788 -0.221507 
1789 0.076913 
1790 -0.134820 
1791 -0.315426 
1792 -0.352194 
1793 0.327915 
1794 0.213520 
1795 -0.468527 
1796 -0.250382 
1797 0.435190 
1798 -0.109825 
1799 -0.114369 
1800 -0.310575 
1801 -0.222869 
1802 0.355003 
1803 -0.038854 
1804 0.451260 
1805 -0.358922 
1806 0.038384 
1807 0.254741 
1808 0.366876 
1809 0.366322 
1810 0.399191 
1811 -0.365200 
1812 0.402866 
1813 -0.388931 
1814 -0.177942 
1815 -0.344807 
1816 0.260308 
1817 0.147171 
1818 -0.033846 
1819 -0.250521 
1820 -0.118809 
1821 -0.396637 
1822 0.053336 
1823 0.244672 
1824 -0.103019 
1825 0.426454 
1826 0.473948 
1827 -0.388667 
1828 0.074982 
1829 0.125962 
1830 -0.426381 
1831 0.162496 
1832 0.423550 
1833 0.349767 
1834 0.207019 
1835 0.243918 
1836 -0.380990 
1837 -0.060881 
1838 -0.306610 
1839 -0.438112 
1840 0.479390 
1841 0.438780 
1842 -0.421129 
1843 0.354710 
1844 0.421349 
1845 -0.426572 
1846 -0.052225 
1847 -0.481601 
1848 0.260308 
1849 0.147171 
1850 -0.033846 
1851 -0.250521 
1852 -0.118809 
1853 -0.396637 
1854 0.053336 
1855 0.244672 
1856 -0.103019 
1857 0.426454 
1858 0.473948 
1859 -0.388667 
1860 0.074982 
1861 0.125962 
1862 -0.426381 
1863 0.162496 
1864 0.423550 
1865 0.349767 
1866 0.207019 
1867 0.243918 
1868 -0.380990 
1869 -0.060881 
1870 -0.306610 
1871 -0.438112 
1872 0.479390 
1873 0.438780 
1874 -0.421129 
1875 0.354710 
1876 0.421349 
1877 -0.426572 
1878 -0.052225 
1879 -0.481601 
1880 0.260308 
1881 0.147171 
1882 -0.033846 
1883 -0.250521 
1884 -0.118809 
1885 -0.396637 
1886 0.053336 
1887 0.244672 
1888 -0.103019 
1889 0.426454 
1890 0.473948 
1891 -0.388667 
1892 0.074982 
1893 0.125962 
1894 -0.426381 
1895 0.162496 
1896 0.423550 
1897 0.349767 
1898 0.207019 
1899 0.243918 
1900 -0.380990 
1901 -0.060881 
1902 -0.306610 
1903 -0.438112 
1904 0.479390 
1905 0.438780 
1906 -0.421129 
1907 0.354710 
1908 0.421349 
1909 -0.426572 
1910 -0.052225 
1911 -0.481601 
1912 0.280003 
1913 0.430544 
1914 -0.248103 
1915 0.461186 
1916 0.346031 
1917 0.121003 
1918 0.013645 
1919 -0.011035 
1920 0.483251 
1921 0.099750 
1922 0.167957 
1923 -0.351645 
1924 0.439715 
1925 -0.214141 
1926 -0.014859 
1927 -0.101487 
1928 -0.487079 
1929 0.126592 
1930 0.003244 
1931 0.412265 
1932 0.086121 
1933 0.203593 
1934 -0.135971 
1935 -0.192594 
1936 -0.090665 
1937 0.117346 
1938 -0.238116 
1939 0.077766 
1940 -0.327930 
1941 -0.056329 
1942 0.113621 
1943 0.077674 
1944 0.280003 
1945 0.430544 
1946 -0.248103 
1947 0.461186 
1948 0.346031 
1949 0.121003 
1950 0.013645 
1951 -0.011035 
1952 0.483251 
1953 0.099750 
1954 0.167957 
1955 -0.351645 
1956 0.439715 
1957 -0.214141 
1958 -0.014859 
1959 -0.101487 
1960 -0.487079 
1961 0.126592 
1962 0.003244 
1963 0.412265 
1964 0.086121 
1965 0.203593 
1966 -0.135971 
1967 -0.192594 
1968 -0.090665 
1969 0.117346 
1970 -0.238116 
1971 0.077766 
1972 -0.327930 
1973 -0.056329 
1974 0.113621 
1975 0.077674 
1976 -0.486418 
1977 -0.398977 
1978 -0.175975 
1979 0.462723 
1980 0.258139 
1981 -0.447871 
1982 -0.118708 
1983 -0.126035 
1984 0.086273 
1985 -0.257590 
1986 -0.495468 
1987 0.049012 
1988 0.457619 
1989 0.350465 
1990 -0.135975 
1991 0.390472 
1992 -0.149871 
1993 -0.370430 
1994 -0.292752 
1995 -0.307430 
1996 -0.356311 
1997 -0.420566 
1998 0.020851 
1999 0.329915 
2000 0.478550 
2001 -0.025582 
2002 -0.452735 
2003 0.244945 
2004 0.425849 
2005 0.078758 
2006 -0.097043 
2007 0.208467 
2008 -0.486418 
2009 -0.398977 
2010 -0.175975 
2011 0.462723 
2012 0.258139 
2013 -0.447871 
2014 -0.118708 
2015 -0.126035 
2016 0.086273 
2017 -0.257590 
2018 -0.495468 
2019 0.049012 
2020 0.457619 
2021 0.350465 
2022 -0.135975 
2023 0.390472 
2024 -0.149871 
2025 -0.370430 
2026 -0.292752 
2027 -0.307430 
2028 -0.356311 
2029 -0.420566 
2030 0.020851 
2031 0.329915 
2032 0.478550 
2033 -0.025582 
2034 -0.452735 
2035 0.244945 
2036 0.425849 
2037 0.078758 
2038 -0.097043 
2039 0.208467 
2040 -0.112433 
2041 -0.352032 
2042 0.440188 
2043 -0.261806 
2044 0.170153 
2045 -0.022594 
2046 -0.476108 
2047 -0.275211 
2048 -0.401872 
2049 0.342337 
2050 -0.038305 
2051 0.284558 
2052 -0.388737 
2053 -0.206667 
2054 0.125439 
2055 -0.355655 
2056 -0.219422 
2057 0.410342 
2058 0.288951 
2059 -0.000295 
2060 0.207482 
2061 0.099624 
2062 -0.074327 
2063 -0.393110 
2064 0.433450 
2065 0.438446 
2066 -0.176510 
2067 0.284999 
2068 0.224295 
2069 -0.067318 
2070 0.388442 
2071 -0.452502 
2072 -0.112433 
2073 -0.352032 
2074 0.440188 
2075 -0.261806 
2076 0.170153 
2077 -0.022594 
2078 -0.476108 
2079 -0.275211 
2080 -0.401872 
2081 0.342337 
2082 -0.038305 
2083 0.284558 
2084 -0.388737 
2085 -0.206667 
2086 0.125439 
2087 -0.355655 
2088 -0.219422 
2089 0.410342 
2090 0.288951 
2091 -0.000295 
2092 0.207482 
2093 0.099624 
2094 -0.074327 
2095 -0.393110 
2096 0.433450 
2097 0.438446 
2098 -0.176510 
2099 0.284999 
2100 0.224295 
2101 -0.067318 
2102 0.388442 
2103 -0.452502 
2104 -0.165570 
2105 0.157006 
2106 -0.453298 
2107 -0.270142 
2108 0.200024 
2109 -0.029641 
2110 -0.147168 
2111 -0.033506 
2112 0.054810 
2113 -0.480791 
2114 -0.334270 
2115 -0.318993 
2116 0.090382 
2117 0.173504 
2118 0.414705 
2119 -0.413967 
2120 0.018479 
2121 0.000609 
2122 0.289282 
2123 0.124549 
2124 -0.161614 
2125 0.489724 
2126 0.250362 
2127 0.005667 
2128 0.333666 
2129 -0.453375 
2130 0.360675 
2131 0.199379 
