2314 1
1886 3.261833 
1090 3.229137 
202 3.108764 
125 2.983384 
2251 2.926770 
1262 2.871791 
236 2.854053 
861 2.795720 
2147 2.747361 
579 2.700432 
1489 2.680506 
725 2.639775 
108 2.638948 
2283 2.624003 
373 2.600287 
2127 2.598388 
1767 2.587286 
1826 2.566411 
341 2.563473 
1482 2.541111 
1612 2.502355 
113 2.498749 
1129 2.455508 
719 2.449036 
1857 2.444001 
189 2.439262 
1917 2.438123 
358 2.428187 
1172 2.406466 
315 2.403055 
1701 2.387011 
368 2.382164 
1555 2.379525 
1237 2.378318 
1771 2.357162 
214 2.351544 
198 2.340613 
1550 2.336941 
1922 2.329269 
2301 2.327739 
1932 2.324059 
1058 2.321152 
550 2.311243 
2312 2.307101 
961 2.261110 
279 2.255574 
792 2.254772 
235 2.254480 
1394 2.241244 
2132 2.224508 
319 2.216196 
183 2.202792 
2122 2.201105 
8 2.200407 
1319 2.199583 
2096 2.198574 
248 2.193844 
1674 2.190570 
1991 2.189261 
2067 2.185240 
2246 2.184572 
1540 2.183651 
1832 2.178944 
1625 2.170774 
1007 2.166065 
1993 2.162941 
1000 2.154156 
2034 2.140395 
1098 2.138182 
712 2.137169 
720 2.134645 
2243 2.126223 
1362 2.116224 
78 2.115583 
335 2.113478 
2082 2.113129 
477 2.112893 
1937 2.110910 
1867 2.109364 
956 2.103646 
1714 2.101902 
1330 2.101375 
1416 2.098445 
1845 2.096288 
293 2.096208 
1582 2.094347 
1166 2.093109 
2104 2.091094 
782 2.090779 
1359 2.078695 
1309 2.077994 
629 2.075276 
220 2.068421 
701 2.057992 
1121 2.054805 
1498 2.042775 
2028 2.038964 
2275 2.038148 
2158 2.035824 
1525 2.030050 
2038 2.029434 
193 2.027311 
1816 2.026660 
1800 2.025955 
494 2.025914 
685 2.025312 
1954 2.024926 
2287 2.022647 
1565 2.019131 
1452 2.018103 
2090 2.015492 
82 2.011921 
2114 2.008839 
1412 2.008418 
1021 2.008292 
840 2.006069 
453 2.004652 
517 2.003870 
1651 2.002663 
567 1.998373 
26 1.997296 
568 1.996222 
623 1.995090 
1599 1.990131 
1741 1.989010 
2151 1.987774 
731 1.986466 
2226 1.986230 
1927 1.984238 
179 1.982188 
352 1.980353 
21 1.971945 
2136 1.970446 
1474 1.968492 
1898 1.968039 
1602 1.967311 
954 1.964865 
1012 1.962126 
591 1.961683 
1029 1.959934 
1282 1.958207 
175 1.958129 
2171 1.957897 
1704 1.948520 
1975 1.948477 
2015 1.947238 
2050 1.942716 
2235 1.940367 
1783 1.939664 
294 1.938318 
1645 1.936846 
1601 1.936278 
611 1.934884 
1341 1.932883 
2255 1.931466 
1445 1.929951 
1562 1.929292 
1909 1.922645 
988 1.920722 
1246 1.918332 
1517 1.917308 
676 1.915330 
443 1.915106 
437 1.914622 
330 1.914518 
104 1.912740 
2309 1.912732 
301 1.912530 
148 1.911770 
1004 1.911026 
932 1.910915 
503 1.910584 
1051 1.910007 
243 1.909208 
800 1.907219 
831 1.906981 
155 1.905512 
607 1.905452 
1160 1.904533 
898 1.903998 
1926 1.902855 
2207 1.901796 
1569 1.900159 
2289 1.897349 
563 1.896991 
1658 1.896872 
1591 1.895814 
76 1.895217 
1813 1.892618 
2267 1.889112 
540 1.888564 
522 1.888106 
258 1.887981 
695 1.887459 
1216 1.884570 
382 1.882960 
1642 1.882679 
805 1.882647 
1011 1.882032 
1677 1.881747 
873 1.879673 
326 1.879199 
1368 1.878868 
1017 1.878103 
142 1.875983 
1985 1.871967 
707 1.871154 
161 1.871145 
2142 1.870929 
1574 1.870274 
119 1.869940 
2085 1.869081 
1143 1.866267 
1327 1.865813 
332 1.864942 
363 1.864124 
1149 1.861654 
888 1.861578 
100 1.859444 
1338 1.859284 
1431 1.856883 
2172 1.852632 
431 1.852546 
1209 1.852424 
290 1.850733 
681 1.847889 
624 1.846252 
1850 1.845869 
665 1.845235 
123 1.843980 
350 1.843398 
90 1.842158 
631 1.840448 
1122 1.836515 
1875 1.836362 
2058 1.836342 
1776 1.835304 
819 1.834385 
791 1.832749 
527 1.832353 
2047 1.831711 
14 1.831669 
1840 1.830831 
1254 1.830625 
839 1.830191 
1354 1.829857 
1849 1.829679 
884 1.827189 
1194 1.825560 
1579 1.821827 
2268 1.820945 
1219 1.820473 
1725 1.819757 
2216 1.818669 
599 1.818247 
1644 1.817936 
1718 1.816076 
1361 1.815237 
1039 1.814939 
385 1.814665 
1373 1.814467 
1882 1.813634 
1159 1.812716 
1492 1.812662 
1912 1.812466 
1928 1.811483 
156 1.810612 
138 1.808281 
1961 1.807953 
587 1.807551 
543 1.807092 
208 1.806725 
534 1.805902 
1951 1.805235 
945 1.804560 
1434 1.803483 
1804 1.802717 
652 1.802390 
255 1.801947 
1436 1.799993 
597 1.797098 
1762 1.796944 
462 1.794769 
497 1.794348 
584 1.793012 
640 1.791935 
965 1.790885 
1221 1.790834 
2180 1.788164 
572 1.787889 
47 1.786296 
1106 1.785672 
1983 1.783211 
1041 1.782241 
2043 1.782086 
20 1.781685 
847 1.780909 
2095 1.780428 
168 1.780309 
908 1.780018 
1965 1.777678 
1738 1.775784 
923 1.775173 
405 1.770689 
545 1.769498 
1698 1.768965 
1205 1.767392 
482 1.767343 
345 1.766953 
2164 1.765492 
553 1.765397 
2178 1.765018 
51 1.765005 
1423 1.764001 
776 1.761813 
1584 1.761488 
798 1.761132 
406 1.760988 
1739 1.760628 
1754 1.760535 
1298 1.760479 
456 1.758476 
435 1.758174 
998 1.758056 
835 1.757711 
1289 1.755435 
2023 1.755327 
2013 1.755062 
129 1.753511 
519 1.753208 
1952 1.751977 
2313 1.751447 
651 1.751074 
903 1.750995 
1182 1.750133 
2102 1.749677 
454 1.749313 
2110 1.748860 
617 1.747686 
1107 1.744196 
853 1.744011 
1506 1.742797 
413 1.740473 
1892 1.739617 
694 1.738891 
1855 1.738744 
1479 1.738498 
1094 1.737072 
1154 1.736982 
977 1.736552 
1063 1.736029 
1871 1.734721 
1044 1.734060 
1083 1.733850 
1503 1.733374 
1112 1.733202 
809 1.732584 
601 1.732358 
2198 1.730281 
825 1.729270 
774 1.729161 
778 1.729074 
1048 1.728752 
636 1.728285 
1564 1.727972 
2167 1.727483 
2259 1.725981 
2063 1.724852 
1384 1.724242 
525 1.724191 
2074 1.724093 
2055 1.720974 
2040 1.718589 
1376 1.718332 
1190 1.717957 
252 1.715634 
224 1.715547 
34 1.715055 
1466 1.713643 
72 1.713623 
1417 1.712911 
533 1.711439 
2061 1.711015 
1449 1.710823 
268 1.710792 
2169 1.710756 
427 1.710140 
822 1.709717 
1393 1.709437 
1092 1.709284 
1731 1.708102 
915 1.706300 
633 1.705055 
1969 1.704592 
1828 1.703849 
1529 1.703576 
58 1.703441 
1501 1.702878 
1607 1.702730 
750 1.700044 
2221 1.698081 
605 1.697772 
1536 1.697722 
1756 1.697242 
399 1.696834 
994 1.696526 
283 1.696091 
1664 1.695742 
1659 1.695291 
1323 1.695253 
738 1.694375 
1067 1.692618 
1635 1.692456 
1426 1.690125 
1274 1.689625 
5 1.689486 
2186 1.688607 
1226 1.688578 
425 1.688158 
1889 1.686472 
504 1.686045 
930 1.684129 
1064 1.682494 
1284 1.682286 
187 1.681483 
2161 1.679868 
2068 1.679131 
747 1.678758 
1266 1.678724 
815 1.678336 
132 1.676893 
1189 1.674097 
84 1.674074 
412 1.673241 
1222 1.672660 
855 1.671917 
702 1.671254 
531 1.669852 
1157 1.669451 
2213 1.668846 
1451 1.668434 
1810 1.664389 
1277 1.663752 
1250 1.663121 
270 1.662355 
310 1.662051 
1655 1.661895 
2195 1.659349 
1735 1.658303 
1340 1.656147 
1212 1.653473 
1187 1.653387 
446 1.652987 
1861 1.651724 
2272 1.650183 
1269 1.649070 
304 1.647814 
1459 1.644667 
429 1.643490 
141 1.642787 
466 1.642243 
928 1.641090 
2263 1.640958 
2077 1.640812 
1367 1.640770 
1724 1.640330 
2278 1.640027 
1390 1.638420 
2105 1.638404 
737 1.638114 
74 1.636964 
1709 1.635743 
2228 1.635630 
1936 1.635459 
755 1.635337 
160 1.634945 
760 1.634815 
2190 1.634708 
635 1.634628 
1407 1.634391 
2129 1.633400 
906 1.633277 
1349 1.633217 
1904 1.632513 
673 1.630940 
1670 1.629369 
1797 1.628580 
259 1.628460 
1950 1.628232 
64 1.627686 
513 1.627446 
939 1.626933 
2004 1.626891 
926 1.622546 
1414 1.621474 
1103 1.620768 
506 1.620191 
1557 1.619290 
4 1.618660 
1879 1.618046 
1900 1.615760 
1215 1.613421 
1788 1.611208 
83 1.606720 
1622 1.606415 
1761 1.606258 
1201 1.605592 
410 1.604879 
1177 1.602558 
1074 1.602341 
1669 1.600684 
1281 1.599472 
1684 1.598086 
1306 1.597957 
1301 1.597405 
2008 1.597006 
1255 1.596752 
1559 1.596591 
1133 1.596160 
880 1.595434 
557 1.595141 
1905 1.594544 
1547 1.592451 
316 1.592177 
1749 1.591675 
86 1.591137 
2134 1.590741 
892 1.590284 
919 1.589954 
756 1.589294 
1521 1.587847 
1513 1.587686 
1076 1.586442 
305 1.586174 
1328 1.586081 
1872 1.585143 
662 1.584911 
13 1.583549 
62 1.582463 
296 1.581316 
924 1.581243 
688 1.581022 
2016 1.579427 
1185 1.578880 
1809 1.578834 
154 1.576333 
1204 1.574602 
986 1.573661 
1031 1.573354 
711 1.573250 
1920 1.572861 
1239 1.572001 
1404 1.571233 
2026 1.568984 
1138 1.567332 
487 1.566539 
570 1.565927 
1807 1.565698 
1126 1.565557 
1085 1.563501 
2011 1.563280 
1822 1.562298 
92 1.562189 
1819 1.561991 
1958 1.560283 
1661 1.560242 
2018 1.558918 
39 1.555978 
397 1.555007 
1846 1.553750 
1990 1.552181 
1868 1.551789 
1145 1.551525 
1356 1.551285 
1171 1.550981 
1815 1.550010 
972 1.548351 
172 1.548220 
133 1.548196 
1497 1.544870 
1534 1.544857 
432 1.544811 
1775 1.543219 
416 1.542324 
1326 1.541749 
1572 1.539804 
1678 1.539724 
2098 1.539153 
55 1.538388 
1468 1.536807 
1429 1.536303 
1385 1.536074 
44 1.535722 
71 1.535668 
1463 1.534013 
2191 1.533787 
1443 1.533279 
247 1.533114 
1628 1.532526 
344 1.532190 
1335 1.532097 
490 1.532061 
2299 1.531347 
881 1.531060 
850 1.530184 
593 1.528242 
1078 1.528138 
1245 1.526996 
1830 1.525995 
1225 1.525898 
734 1.525206 
746 1.524443 
1780 1.523507 
547 1.523382 
645 1.522081 
1914 1.521732 
216 1.521524 
1111 1.519363 
1515 1.518884 
1957 1.518317 
496 1.518152 
423 1.516214 
1440 1.515602 
808 1.514282 
2204 1.513844 
1789 1.512850 
2118 1.512540 
1910 1.508812 
949 1.507634 
1610 1.507308 
1460 1.507093 
1568 1.506837 
2307 1.506666 
1410 1.506550 
858 1.505449 
2056 1.505056 
1251 1.503906 
1278 1.502823 
1785 1.499047 
2128 1.498519 
118 1.498425 
476 1.497204 
1402 1.497027 
1494 1.496925 
2162 1.495140 
907 1.494542 
922 1.493659 
759 1.492836 
2155 1.492106 
2 1.489110 
1169 1.488923 
263 1.488383 
151 1.486909 
669 1.485429 
565 1.485107 
1118 1.485075 
1070 1.485009 
947 1.484910 
1627 1.484748 
461 1.483555 
1422 1.482931 
1707 1.482852 
753 1.482740 
764 1.480824 
1836 1.480666 
723 1.480410 
1401 1.479756 
539 1.478530 
1071 1.477592 
439 1.476518 
2237 1.476497 
2119 1.476478 
902 1.473961 
941 1.473054 
1878 1.472968 
2149 1.472587 
196 1.472582 
871 1.472129 
1977 1.471560 
715 1.466669 
877 1.466360 
1233 1.465676 
971 1.465155 
1271 1.464915 
274 1.464545 
206 1.463391 
1043 1.463036 
793 1.461356 
920 1.460051 
1895 1.459970 
912 1.457355 
1259 1.455915 
388 1.454179 
1441 1.454114 
841 1.453412 
246 1.452250 
684 1.452204 
765 1.451800 
2258 1.450423 
1638 1.450406 
1009 1.450240 
952 1.449218 
512 1.448858 
743 1.448432 
982 1.447960 
1176 1.446560 
1978 1.445688 
848 1.445606 
262 1.445288 
300 1.444014 
1139 1.443167 
2304 1.442762 
1178 1.442294 
264 1.439878 
1257 1.439623 
321 1.439190 
1333 1.437373 
1811 1.434213 
1511 1.434012 
2233 1.433678 
417 1.433032 
2271 1.432753 
1539 1.431763 
879 1.431760 
729 1.431364 
1672 1.431278 
469 1.431123 
1999 1.430907 
1268 1.430635 
2093 1.429890 
32 1.429639 
515 1.428065 
1087 1.428010 
229 1.427054 
2205 1.426574 
864 1.425276 
379 1.424415 
708 1.423614 
146 1.422705 
1688 1.420807 
672 1.420747 
2227 1.419513 
2024 1.418293 
2069 1.417571 
647 1.416321 
784 1.415469 
223 1.413790 
1942 1.412097 
2089 1.411648 
1055 1.409568 
663 1.408327 
60 1.407843 
409 1.407335 
89 1.406483 
286 1.406461 
1541 1.406019 
2072 1.403675 
244 1.400543 
447 1.400399 
2197 1.399749 
103 1.398483 
668 1.396986 
1835 1.396272 
2212 1.394591 
2211 1.394542 
1728 1.393355 
275 1.392525 
690 1.388523 
1747 1.388494 
1398 1.387768 
475 1.387112 
580 1.386715 
969 1.385263 
787 1.384643 
638 1.383204 
1117 1.382711 
1433 1.380663 
438 1.380414 
1742 1.379886 
934 1.379145 
1297 1.378129 
389 1.376908 
1125 1.376799 
1946 1.376277 
1902 1.375680 
1751 1.374179 
1689 1.373030 
93 1.372853 
1681 1.372284 
1144 1.371809 
619 1.371403 
2238 1.371325 
2296 1.369933 
866 1.369705 
1744 1.368209 
1630 1.367791 
990 1.366370 
732 1.365825 
1996 1.365233 
2209 1.365232 
2157 1.365082 
1405 1.362204 
1053 1.362139 
1038 1.359465 
1024 1.358969 
2308 1.358969 
1128 1.357823 
767 1.357726 
1202 1.357514 
360 1.357274 
1313 1.356839 
980 1.356412 
2176 1.356183 
654 1.356086 
210 1.355700 
1334 1.353153 
1425 1.352182 
594 1.351783 
677 1.351099 
641 1.350185 
1616 1.349210 
1538 1.349191 
1883 1.348306 
2183 1.347589 
1516 1.346105 
323 1.344972 
182 1.344759 
1682 1.344612 
768 1.344252 
1134 1.344155 
1777 1.343866 
1439 1.343187 
1014 1.342415 
1668 1.340694 
1344 1.339135 
40 1.337929 
648 1.337077 
944 1.333927 
2305 1.333721 
2101 1.332838 
705 1.332533 
562 1.332478 
421 1.331611 
232 1.331518 
501 1.331033 
1959 1.330742 
1345 1.330582 
1504 1.330446 
380 1.330042 
555 1.327472 
471 1.326921 
361 1.326259 
1577 1.325342 
2214 1.324807 
1768 1.324208 
829 1.323200 
1940 1.323015 
950 1.322038 
1650 1.320777 
2203 1.320759 
886 1.318284 
1919 1.317559 
1620 1.317487 
1023 1.316973 
985 1.313691 
916 1.310747 
849 1.310424 
2241 1.310023 
1305 1.308387 
1079 1.307864 
1162 1.307659 
1148 1.306791 
1364 1.306409 
276 1.305962 
1984 1.305180 
116 1.304611 
1588 1.304334 
56 1.303806 
1057 1.303299 
575 1.303267 
173 1.302846 
231 1.301912 
2236 1.301656 
1275 1.301141 
1300 1.300604 
1699 1.300305 
887 1.299704 
1167 1.298783 
1794 1.298746 
1061 1.298091 
1680 1.297783 
346 1.296404 
976 1.296389 
1302 1.295454 
225 1.295409 
1753 1.295032 
763 1.295005 
529 1.294831 
772 1.294597 
910 1.291986 
820 1.291576 
2112 1.291342 
1766 1.291168 
1069 1.291158 
523 1.291137 
1773 1.291134 
1733 1.290010 
2286 1.288924 
1716 1.287968 
374 1.287967 
1964 1.287581 
1073 1.287294 
269 1.286819 
852 1.286124 
1336 1.285832 
537 1.285648 
1520 1.284511 
192 1.284066 
2032 1.283904 
1379 1.283725 
440 1.283718 
733 1.283481 
824 1.283250 
1391 1.282927 
411 1.282734 
748 1.280625 
1113 1.279830 
348 1.278531 
280 1.277829 
50 1.276001 
1213 1.273776 
1587 1.273406 
936 1.273297 
1853 1.273063 
2290 1.271679 
975 1.271547 
249 1.270880 
613 1.270669 
1165 1.270616 
2220 1.270078 
65 1.269599 
1843 1.269500 
1888 1.269343 
1814 1.268541 
538 1.267835 
2057 1.267710 
1980 1.264808 
1992 1.263382 
812 1.262986 
2184 1.262571 
1388 1.261961 
1197 1.259750 
521 1.259259 
137 1.259042 
1119 1.258229 
814 1.257003 
846 1.256512 
1310 1.256287 
2109 1.255203 
1199 1.253318 
1509 1.252596 
2202 1.251981 
801 1.249722 
1035 1.249369 
1997 1.247874 
1500 1.246925 
2009 1.245982 
1386 1.245798 
1531 1.242741 
1099 1.240689 
1793 1.240279 
1970 1.239597 
1613 1.239522 
836 1.238285 
63 1.238079 
1020 1.237959 
1381 1.237548 
754 1.236729 
642 1.236033 
1563 1.234876 
1229 1.234011 
566 1.231647 
1049 1.230585 
1265 1.229767 
273 1.226904 
981 1.226378 
282 1.226368 
391 1.225767 
1631 1.225664 
1966 1.225198 
145 1.220426 
955 1.220059 
997 1.219932 
1896 1.218201 
1962 1.217996 
937 1.216538 
1837 1.215560 
918 1.213361 
639 1.212765 
121 1.211739 
1561 1.211150 
1880 1.208363 
2230 1.206519 
355 1.205770 
1929 1.205406 
2261 1.204736 
1860 1.203049 
1719 1.202733 
1168 1.201061 
2262 1.200030 
1532 1.199749 
2022 1.199008 
1399 1.197687 
530 1.196817 
24 1.194891 
810 1.193666 
288 1.193560 
1003 1.193390 
2073 1.191271 
610 1.190485 
674 1.189119 
49 1.186797 
1567 1.186262 
878 1.184424 
169 1.184355 
2086 1.183842 
1787 1.182929 
785 1.182883 
1456 1.182565 
1438 1.181456 
73 1.179835 
2111 1.179460 
165 1.177786 
992 1.177270 
158 1.177052 
1476 1.176887 
1027 1.175188 
576 1.173621 
1235 1.171327 
36 1.170604 
1752 1.168103 
1234 1.167471 
1858 1.166863 
741 1.166701 
2139 1.166615 
1248 1.166226 
370 1.163891 
241 1.163613 
1272 1.161232 
322 1.159869 
615 1.159698 
1852 1.157391 
807 1.156983 
1514 1.155890 
1530 1.155529 
445 1.155387 
311 1.155253 
2223 1.154852 
1424 1.153759 
449 1.153276 
376 1.150662 
958 1.150608 
1467 1.148976 
303 1.148600 
786 1.147558 
185 1.142411 
213 1.142304 
1703 1.142125 
1578 1.140841 
1581 1.140406 
1311 1.140104 
2185 1.139346 
843 1.139261 
1470 1.139233 
1784 1.137731 
2224 1.137620 
1072 1.136961 
139 1.133861 
970 1.132678 
19 1.132223 
472 1.131992 
698 1.131870 
667 1.131016 
659 1.130695 
1685 1.130087 
872 1.130049 
1475 1.129444 
804 1.129343 
95 1.128947 
115 1.127563 
1086 1.126919 
1745 1.126567 
205 1.126375 
256 1.126326 
1151 1.126051 
1702 1.124723 
909 1.124264 
1805 1.124075 
1690 1.123439 
826 1.122999 
660 1.121944 
1746 1.120560 
1153 1.120307 
1545 1.119969 
10 1.118988 
2277 1.118459 
1369 1.116267 
426 1.115545 
951 1.115120 
1972 1.114904 
590 1.113897 
773 1.112174 
762 1.111800 
779 1.111265 
15 1.111168 
2181 1.110291 
68 1.109245 
1947 1.108860 
509 1.108717 
845 1.107717 
1854 1.107648 
1175 1.107413 
313 1.107295 
1963 1.106963 
2245 1.106619 
2196 1.104943 
1075 1.103852 
459 1.103735 
1195 1.103077 
404 1.102901 
559 1.102344 
2099 1.101207 
468 1.101065 
1796 1.100051 
354 1.099322 
770 1.098580 
386 1.096450 
1036 1.096266 
1146 1.095896 
1865 1.095753 
2194 1.095565 
818 1.094653 
2116 1.094616 
1838 1.091001 
837 1.090203 
1841 1.089808 
441 1.088797 
2001 1.088541 
2130 1.088067 
458 1.088017 
1585 1.086701 
2037 1.086006 
1411 1.084971 
1483 1.084698 
581 1.084362 
556 1.083603 
1596 1.083385 
2071 1.083193 
1778 1.081154 
2064 1.081000 
860 1.080566 
1140 1.080395 
524 1.079626 
191 1.079200 
2177 1.077975 
2070 1.077912 
761 1.076009 
419 1.075351 
1312 1.074139 
147 1.073639 
900 1.072145 
2293 1.072060 
796 1.072032 
470 1.071552 
226 1.071336 
298 1.069826 
1786 1.069640 
2141 1.069556 
2088 1.069159 
2300 1.068858 
2266 1.068850 
875 1.068808 
724 1.068768 
1040 1.065531 
18 1.065046 
589 1.063909 
1283 1.063553 
2087 1.062243 
1046 1.062004 
1729 1.061942 
656 1.061230 
883 1.061089 
390 1.060907 
1472 1.059895 
2025 1.059116 
2080 1.058762 
1968 1.057639 
549 1.057049 
1643 1.056952 
1869 1.056504 
291 1.056132 
670 1.053042 
2173 1.051295 
219 1.051191 
1458 1.050356 
832 1.049667 
2152 1.048646 
602 1.046977 
1803 1.045815 
1230 1.045526 
2264 1.045330 
1136 1.044609 
1464 1.043199 
948 1.041818 
480 1.041546 
463 1.041134 
366 1.040342 
1346 1.039569 
1636 1.038434 
37 1.038312 
2253 1.036899 
751 1.034575 
1640 1.032256 
1378 1.032012 
1461 1.031693 
111 1.029789 
2051 1.029664 
1192 1.029548 
1943 1.027490 
706 1.027019 
1280 1.026684 
968 1.026060 
996 1.025894 
106 1.025372 
1634 1.023634 
730 1.022751 
2192 1.022748 
2311 1.021212 
467 1.020673 
1981 1.019744 
803 1.019020 
33 1.017964 
935 1.016154 
1632 1.014627 
500 1.014377 
314 1.014057 
823 1.013883 
1908 1.013339 
43 1.012645 
1450 1.009538 
1694 1.009429 
25 1.008554 
7 1.008144 
1505 1.007581 
403 1.005592 
338 1.004911 
2222 1.003218 
816 1.002932 
383 1.002388 
609 1.002373 
649 1.001595 
1974 0.999594 
97 0.999320 
308 0.998831 
1790 0.997796 
211 0.996786 
616 0.996612 
272 0.996518 
2306 0.995348 
2048 0.994417 
285 0.994363 
1519 0.993920 
2020 0.993498 
558 0.992018 
1877 0.992016 
1252 0.991290 
868 0.991095 
1428 0.990538 
983 0.990032 
2121 0.986606 
1220 0.984655 
240 0.984254 
422 0.984202 
1527 0.984103 
1641 0.983228 
2193 0.982705 
1016 0.979701 
1864 0.978493 
1457 0.976886 
1987 0.976765 
418 0.976211 
2146 0.974967 
1955 0.973715 
2256 0.972694 
1998 0.972301 
222 0.971342 
1873 0.969571 
1243 0.966200 
827 0.965797 
233 0.963159 
876 0.962150 
2125 0.961846 
1295 0.961833 
1522 0.961605 
1781 0.961149 
1727 0.961022 
1608 0.958761 
215 0.958502 
493 0.958419 
1844 0.957979 
1065 0.957923 
1621 0.957450 
1325 0.953860 
473 0.953636 
491 0.952600 
2232 0.952037 
1002 0.951945 
1161 0.951473 
61 0.951349 
1096 0.951133 
744 0.951031 
401 0.949632 
1032 0.947878 
2076 0.947813 
27 0.945961 
265 0.943970 
830 0.943124 
1633 0.942970 
267 0.938661 
284 0.938004 
2163 0.937137 
392 0.936067 
942 0.935811 
1676 0.933663 
2276 0.932102 
3 0.929976 
1558 0.927271 
710 0.921259 
991 0.919997 
253 0.916413 
603 0.915964 
320 0.915417 
1708 0.915129 
1548 0.915061 
913 0.912389 
499 0.911542 
130 0.911377 
693 0.910779 
85 0.908535 
548 0.905038 
135 0.904972 
1290 0.903555 
1010 0.902997 
2049 0.902502 
1967 0.901392 
1589 0.901333 
788 0.899494 
2270 0.898714 
2252 0.896656 
893 0.894328 
1316 0.892402 
536 0.891967 
1542 0.891480 
395 0.891143 
1549 0.890948 
1580 0.884851 
1710 0.884589 
1465 0.881335 
1304 0.881208 
1170 0.881131 
136 0.880428 
689 0.879844 
2117 0.879487 
1941 0.878406 
699 0.875896 
1427 0.875547 
904 0.875490 
102 0.875196 
592 0.875192 
865 0.874622 
709 0.872433 
2188 0.872256 
588 0.872104 
984 0.872066 
655 0.870742 
614 0.870177 
551 0.870038 
1925 0.869959 
874 0.868960 
131 0.868221 
1372 0.867097 
415 0.866983 
2201 0.861669 
2060 0.861596 
1348 0.859059 
1116 0.858788 
1743 0.858700 
1037 0.858681 
1332 0.858514 
2131 0.856437 
1691 0.856198 
260 0.856090 
813 0.856087 
1660 0.855720 
1546 0.855482 
1019 0.853944 
1495 0.852244 
9 0.852109 
1604 0.851982 
1353 0.851850 
959 0.851707 
1105 0.851615 
23 0.851427 
94 0.849205 
1994 0.847100 
1322 0.846867 
596 0.843847 
186 0.843707 
299 0.843305 
2036 0.839894 
2033 0.838800 
1091 0.836981 
1818 0.835879 
207 0.835330 
442 0.834832 
1211 0.833793 
1355 0.833662 
1894 0.833127 
1152 0.832672 
938 0.832469 
101 0.830868 
1093 0.827263 
2066 0.826710 
554 0.824829 
535 0.824419 
153 0.824368 
2075 0.823678 
2265 0.822820 
1570 0.820442 
644 0.819751 
2017 0.819194 
87 0.816579 
1013 0.815624 
2291 0.813638 
894 0.812469 
281 0.811033 
1008 0.810329 
1337 0.809695 
48 0.807461 
735 0.805910 
1933 0.805214 
1806 0.805161 
1493 0.803805 
742 0.803348 
1654 0.802762 
79 0.795505 
2273 0.794484 
1524 0.794032 
1480 0.793140 
869 0.789995 
666 0.788599 
190 0.787610 
716 0.787200 
134 0.787141 
1163 0.786690 
1770 0.786527 
571 0.786331 
2145 0.786186 
70 0.785275 
606 0.784866 
1056 0.784044 
88 0.783173 
687 0.780488 
544 0.780335 
434 0.779978 
1207 0.779364 
2126 0.778647 
739 0.777947 
327 0.777871 
675 0.777675 
1137 0.775219 
1512 0.775171 
1907 0.774786 
1945 0.773811 
200 0.772877 
1370 0.771269 
1639 0.770750 
1486 0.770253 
1772 0.769924 
643 0.769469 
91 0.769403 
159 0.769259 
1286 0.768619 
1206 0.767639 
237 0.767464 
1755 0.764214 
821 0.763495 
1576 0.763329 
2175 0.763222 
1870 0.762330 
2187 0.761710 
931 0.760767 
2249 0.760252 
917 0.759748 
1181 0.755147 
993 0.755048 
2107 0.754827 
528 0.754065 
1318 0.750920 
1400 0.749201 
1491 0.748010 
1573 0.747636 
2260 0.747018 
1173 0.745590 
251 0.744957 
414 0.744418 
766 0.741624 
1988 0.741473 
2140 0.737668 
2150 0.737403 
1358 0.732797 
703 0.731980 
927 0.731843 
176 0.731479 
2044 0.730528 
381 0.727765 
444 0.727664 
1397 0.726857 
736 0.725450 
2046 0.723735 
227 0.721936 
1095 0.721180 
2123 0.719796 
2281 0.717070 
630 0.715393 
375 0.715326 
1420 0.714659 
1897 0.710877 
2083 0.709689 
209 0.708578 
1303 0.708289 
960 0.707791 
1717 0.707086 
1488 0.706245 
1824 0.706000 
1606 0.704425 
608 0.703207 
342 0.702957 
1571 0.696733 
2160 0.695551 
12 0.694531 
2113 0.692904 
2210 0.692794 
1045 0.692271 
498 0.691462 
1114 0.688504 
514 0.687488 
1686 0.686729 
1435 0.685520 
195 0.684263 
1253 0.684233 
2106 0.682550 
1842 0.681753 
53 0.681338 
1389 0.681247 
1276 0.678097 
1299 0.678045 
289 0.675402 
2135 0.673581 
430 0.668192 
620 0.667996 
250 0.666296 
1779 0.664687 
585 0.663867 
802 0.663792 
2079 0.662074 
365 0.658168 
2239 0.655795 
1374 0.655190 
2285 0.654531 
586 0.654488 
1068 0.654174 
2215 0.653725 
1484 0.651859 
325 0.651443 
691 0.651266 
2182 0.648518 
1675 0.647211 
661 0.645739 
1186 0.645264 
516 0.644685 
2234 0.642943 
1447 0.641308 
2297 0.641145 
492 0.641062 
1102 0.640774 
658 0.640353 
2052 0.637471 
1156 0.636420 
1261 0.635714 
484 0.635415 
1490 0.634548 
2199 0.633885 
1496 0.633200 
1419 0.632977 
1646 0.632641 
1080 0.631354 
1050 0.631007 
1357 0.630197 
1365 0.629679 
532 0.629137 
780 0.628576 
1444 0.628557 
1629 0.627290 
797 0.623208 
1595 0.618937 
2168 0.616128 
722 0.614317 
2084 0.613707 
1799 0.613282 
396 0.610271 
59 0.607698 
1329 0.606774 
2229 0.606414 
31 0.605365 
1626 0.602917 
351 0.602869 
387 0.602654 
1887 0.601992 
306 0.597383 
359 0.597047 
188 0.596381 
683 0.595483 
2148 0.593463 
1949 0.593048 
408 0.593012 
1647 0.592135 
1851 0.586155 
66 0.584237 
752 0.583934 
1930 0.582968 
505 0.580574 
1791 0.580219 
1911 0.578287 
679 0.577154 
1823 0.574764 
726 0.574715 
1247 0.572608 
833 0.570170 
1881 0.568742 
1015 0.565283 
162 0.561438 
334 0.561414 
1123 0.560427 
518 0.559881 
1218 0.558625 
569 0.557206 
2269 0.554815 
1923 0.554635 
109 0.553515 
901 0.549803 
201 0.548938 
11 0.543898 
1705 0.543292 
781 0.539828 
455 0.538343 
180 0.535971 
520 0.535263 
450 0.534821 
1665 0.531176 
369 0.530366 
1430 0.530310 
481 0.529501 
452 0.529084 
238 0.524354 
239 0.522592 
577 0.522282 
2031 0.521695 
1764 0.521488 
465 0.518867 
110 0.518503 
546 0.516164 
510 0.515418 
41 0.514073 
1109 0.513960 
1217 0.510584 
126 0.509429 
1976 0.509220 
2310 0.508108 
637 0.503854 
1518 0.502740 
1916 0.501949 
811 0.501836 
1150 0.500243 
1825 0.499650 
312 0.499570 
1995 0.497074 
1763 0.496549 
704 0.496382 
1560 0.494318 
1421 0.493816 
1062 0.493632 
1130 0.493439 
1363 0.493122 
479 0.493058 
1619 0.492329 
728 0.491292 
775 0.485493 
2030 0.483892 
1054 0.483861 
245 0.482770 
356 0.481649 
2059 0.477751 
1551 0.476851 
1859 0.474603 
1097 0.474459 
714 0.474427 
353 0.472048 
769 0.472005 
1782 0.469484 
1960 0.467742 
80 0.466237 
460 0.463907 
433 0.462443 
1164 0.460537 
1331 0.459712 
1408 0.459540 
2217 0.457328 
1543 0.456603 
1042 0.454022 
890 0.452996 
604 0.452207 
1324 0.448694 
112 0.448438 
2302 0.447495 
2225 0.445329 
28 0.442903 
1874 0.441495 
2280 0.441203 
863 0.437888 
2250 0.435985 
2091 0.435063 
171 0.433255 
1921 0.433141 
1174 0.432216 
1242 0.426009 
1671 0.424790 
1918 0.423673 
1263 0.422174 
758 0.420068 
1956 0.414939 
542 0.411714 
978 0.409988 
2248 0.408586 
1649 0.407945 
317 0.403779 
632 0.402749 
502 0.401561 
1700 0.398882 
1360 0.387536 
140 0.380837 
721 0.379315 
2006 0.376691 
511 0.375579 
1624 0.371983 
1834 0.369523 
254 0.368833 
794 0.367137 
362 0.365812 
686 0.361843 
2041 0.359387 
1406 0.359055 
2274 0.358644 
2094 0.356685 
331 0.354847 
364 0.354079 
1673 0.348027 
257 0.341303 
212 0.331224 
2282 0.328954 
174 0.324858 
963 0.320396 
1342 0.318538 
2170 0.308364 
343 0.308150 
1901 0.307340 
2014 0.300381 
1270 0.298695 
1223 0.295254 
1448 0.292792 
1566 0.291636 
234 0.286202 
862 0.280121 
1395 0.275166 
2165 0.270439 
2247 0.269209 
278 0.246199 
1131 0.242172 
1885 0.239057 
1884 0.236474 
1989 0.233758 
682 0.216537 
329 0.216013 
1001 0.215848 
1006 0.214432 
1022 0.211429 
1030 0.209891 
318 0.208448 
2242 0.205397 
1656 0.201734 
2035 0.192123 
578 0.184613 
718 0.183493 
407 0.178156 
1104 0.177378 
347 0.172230 
953 0.169452 
2144 0.166597 
564 0.161703 
777 0.157834 
478 0.152507 
897 0.143215 
2000 0.140562 
1005 0.126803 
1891 0.121710 
2097 0.118695 
2133 0.066620 
1693 0.066425 
1260 0.065214 
295 0.061503 
1750 0.058571 
372 0.047572 
203 0.046084 
199 0.045180 
99 0.041159 
1600 0.036311 
105 0.033537 
2124 0.033424 
1059 0.032384 
1293 0.018962 
16 -0.017923 
124 -0.054625 
1502 -0.088243 
692 -0.093462 
1088 -0.105501 
2206 -0.129320 
1765 -0.133310 
1615 -0.176532 
1808 -0.214231 
1720 -0.241856 
1210 -0.244130 
526 -0.250191 
1481 -0.258841 
1141 -0.276628 
1812 -0.326802 
1224 -0.373292 
1829 -0.375534 
966 -0.532502 
1924 -0.569968 
1455 -0.657524 
628 -0.671264 
1913 -0.728887 
921 -0.755035 
164 -0.766807 
1 -0.788677 
1856 -0.809170 
77 -0.837770 
1757 -0.887026 
1238 -0.901936 
2137 -0.909651 
46 -0.931144 
1938 -0.936091 
75 -0.944714 
1442 -0.964759 
302 -0.982126 
117 -0.990613 
1214 -1.023660 
2103 -1.028185 
271 -1.043271 
2159 -1.056531 
842 -1.070086 
221 -1.081193 
333 -1.085924 
598 -1.113608 
854 -1.118045 
1249 -1.142394 
152 -1.145205 
1715 -1.152572 
1089 -1.153263 
1769 -1.160951 
1258 -1.163817 
885 -1.166242 
1696 -1.173915 
1802 -1.183939 
1736 -1.199767 
1526 -1.204742 
1477 -1.209630 
197 -1.218113 
1499 -1.218297 
889 -1.226208 
1730 -1.230081 
1740 -1.236793 
22 -1.236827 
946 -1.246670 
700 -1.249361 
1713 -1.252530 
1120 -1.266858 
1939 -1.271676 
2294 -1.273742 
1135 -1.292297 
114 -1.294750 
727 -1.298755 
1598 -1.300002 
1018 -1.302554 
1732 -1.303425 
1387 -1.310337 
2303 -1.330041 
1077 -1.331842 
974 -1.337170 
1413 -1.337474 
838 -1.341112 
2010 -1.349227 
2012 -1.359033 
2218 -1.367553 
1188 -1.370583 
940 -1.373056 
1236 -1.377449 
1726 -1.377898 
1986 -1.379396 
806 -1.383898 
292 -1.384525 
424 -1.391741 
122 -1.393043 
2257 -1.395880 
1876 -1.400849 
1528 -1.401588 
1953 -1.407874 
1603 -1.421569 
1371 -1.423375 
625 -1.424724 
507 -1.429078 
1454 -1.434358 
1866 -1.440526 
844 -1.443599 
488 -1.450367 
1817 -1.452692 
2108 -1.456572 
1288 -1.457160 
1308 -1.461067 
933 -1.463075 
967 -1.464336 
1597 -1.464783 
856 -1.470292 
541 -1.472044 
1533 -1.478308 
1507 -1.481546 
194 -1.487477 
1683 -1.495357 
1392 -1.496522 
2288 -1.497300 
989 -1.499209 
2027 -1.500911 
436 -1.501865 
1320 -1.504155 
2042 -1.507962 
745 -1.512455 
1934 -1.516738 
621 -1.516759 
1737 -1.517261 
204 -1.520060 
1510 -1.527609 
181 -1.534552 
120 -1.535775 
653 -1.535888 
1906 -1.539023 
167 -1.544576 
1228 -1.547190 
371 -1.548233 
1418 -1.548659 
717 -1.550901 
749 -1.551532 
1462 -1.551918 
618 -1.552323 
149 -1.553401 
2120 -1.555310 
987 -1.555644 
2065 -1.565235 
2156 -1.566726 
2284 -1.567685 
1264 -1.569063 
128 -1.572178 
336 -1.575468 
1847 -1.576731 
1380 -1.579480 
1706 -1.580054 
1893 -1.582813 
1124 -1.586128 
1552 -1.586313 
2154 -1.587185 
882 -1.589862 
6 -1.590433 
1437 -1.597557 
1553 -1.598779 
1273 -1.601086 
911 -1.602060 
1662 -1.602807 
218 -1.606623 
339 -1.607156 
1244 -1.608820 
1315 -1.609735 
2115 -1.610175 
1863 -1.615283 
1594 -1.615952 
277 -1.616747 
713 -1.618145 
242 -1.620124 
851 -1.620813 
81 -1.626016 
671 -1.626976 
457 -1.627357 
1066 -1.629839 
230 -1.634942 
1028 -1.635659 
1179 -1.637741 
1848 -1.638465 
650 -1.639580 
1383 -1.643344 
1614 -1.643794 
1586 -1.645427 
634 -1.646286 
2019 -1.649568 
228 -1.650290 
1948 -1.652653 
1973 -1.655866 
1191 -1.659642 
1343 -1.659888 
1609 -1.665004 
1760 -1.666011 
905 -1.669124 
1862 -1.672111 
1657 -1.678219 
1267 -1.679276 
1232 -1.686236 
696 -1.688205 
828 -1.689812 
1183 -1.690669 
1554 -1.696322 
261 -1.696589 
377 -1.697011 
1827 -1.697492 
1583 -1.701383 
1971 -1.704921 
1415 -1.706728 
143 -1.707420 
1508 -1.710522 
1833 -1.711437 
957 -1.714327 
1115 -1.714556 
1081 -1.715661 
170 -1.716559 
1339 -1.718124 
795 -1.720192 
1537 -1.721985 
127 -1.724245 
1084 -1.724436 
1695 -1.726119 
1523 -1.728092 
857 -1.728398 
1653 -1.728901 
2081 -1.729548 
1403 -1.734986 
307 -1.738491 
1611 -1.740129 
867 -1.742751 
1592 -1.743295 
340 -1.743828 
2092 -1.743850 
1575 -1.745956 
999 -1.750374 
1679 -1.750980 
35 -1.752701 
184 -1.753125 
1296 -1.753344 
1147 -1.754204 
1899 -1.755920 
817 -1.756156 
561 -1.759782 
52 -1.760675 
1473 -1.761570 
1198 -1.763562 
297 -1.763655 
622 -1.764388 
150 -1.767169 
2292 -1.767656 
574 -1.771103 
428 -1.772969 
2189 -1.773191 
552 -1.773876 
486 -1.779584 
2254 -1.783437 
1982 -1.786174 
1377 -1.786410 
1294 -1.786657 
177 -1.789075 
1317 -1.789792 
357 -1.793571 
790 -1.794636 
163 -1.800669 
1795 -1.804396 
1279 -1.804778 
925 -1.808388 
30 -1.811580 
1711 -1.813328 
995 -1.814936 
178 -1.815467 
664 -1.828224 
1734 -1.834985 
697 -1.835370 
560 -1.836121 
1556 -1.840604 
2179 -1.841034 
1666 -1.841066 
2021 -1.846998 
2039 -1.849143 
57 -1.851394 
1979 -1.855620 
464 -1.857297 
1127 -1.857792 
384 -1.858353 
1652 -1.859583 
1748 -1.861361 
1432 -1.861546 
1469 -1.862522 
1203 -1.862589 
2240 -1.863654 
789 -1.863757 
678 -1.863797 
1478 -1.866437 
1723 -1.867948 
2166 -1.874525 
582 -1.875248 
1158 -1.877844 
309 -1.880169 
1839 -1.885968 
1697 -1.887210 
2062 -1.888553 
1774 -1.894041 
1471 -1.897071 
646 -1.899902 
2143 -1.902019 
1101 -1.903062 
2244 -1.903527 
1110 -1.903797 
1821 -1.903816 
2138 -1.908284 
595 -1.910091 
573 -1.912481 
398 -1.915188 
1935 -1.916712 
1256 -1.917364 
2295 -1.923501 
2053 -1.924353 
349 -1.925099 
1347 -1.928722 
1060 -1.933539 
1915 -1.934844 
600 -1.935265 
1193 -1.936028 
1663 -1.937305 
1351 -1.938787 
1759 -1.940648 
1648 -1.944491 
627 -1.945462 
899 -1.951055 
859 -1.951064 
1535 -1.952774 
1758 -1.955359 
979 -1.956741 
583 -1.958177 
451 -1.958609 
1890 -1.961550 
1285 -1.968166 
2219 -1.971010 
929 -1.971896 
38 -1.973147 
1155 -1.973281 
2174 -1.974796 
1025 -1.976076 
1366 -1.981800 
495 -1.989056 
1831 -1.993136 
400 -1.996346 
1200 -1.996957 
394 -2.004199 
1314 -2.004794 
54 -2.010312 
1196 -2.010330 
914 -2.014192 
626 -2.020934 
1352 -2.024150 
0 -2.025308 
144 -2.027991 
485 -2.032068 
378 -2.033127 
1321 -2.034779 
1931 -2.037835 
1687 -2.042780 
1033 -2.045135 
1944 -2.048941 
402 -2.055840 
799 -2.056667 
2054 -2.058045 
69 -2.072998 
483 -2.074475 
217 -2.075141 
1047 -2.077436 
420 -2.079988 
337 -2.082989 
1544 -2.083784 
895 -2.087029 
2005 -2.094608 
474 -2.095690 
757 -2.098707 
1208 -2.098842 
1026 -2.099619 
2279 -2.100230 
1623 -2.103168 
107 -2.107231 
870 -2.107278 
1231 -2.107448 
1792 -2.107992 
973 -2.109368 
45 -2.113134 
612 -2.114251 
1227 -2.117690 
1801 -2.118498 
1184 -2.124787 
2078 -2.124931 
1307 -2.126579 
1590 -2.128287 
962 -2.130177 
1287 -2.136367 
1618 -2.139534 
1180 -2.141279 
2231 -2.146532 
1382 -2.155467 
2100 -2.159246 
1396 -2.170387 
2003 -2.173557 
67 -2.176377 
2153 -2.179873 
834 -2.189330 
1241 -2.189910 
896 -2.193786 
1721 -2.195861 
1903 -2.199521 
1100 -2.211708 
1617 -2.217937 
1722 -2.220840 
2298 -2.221097 
1712 -2.224814 
740 -2.233424 
1667 -2.234755 
1446 -2.236140 
783 -2.236336 
1240 -2.237111 
287 -2.237192 
1487 -2.237358 
489 -2.238100 
2007 -2.246186 
448 -2.251795 
1132 -2.261972 
1637 -2.262920 
1453 -2.264445 
1798 -2.264694 
2200 -2.265663 
2208 -2.266502 
1820 -2.274302 
1082 -2.275333 
1375 -2.277314 
1052 -2.283921 
2045 -2.302334 
324 -2.325989 
96 -2.328134 
1291 -2.329945 
1350 -2.350807 
891 -2.363909 
1409 -2.375073 
393 -2.377554 
2029 -2.377646 
1108 -2.378135 
1605 -2.407320 
771 -2.410022 
29 -2.429027 
1485 -2.429301 
1142 -2.449699 
2002 -2.478876 
1292 -2.491767 
98 -2.492942 
1692 -2.500077 
328 -2.560368 
680 -2.563841 
657 -2.579654 
157 -2.595759 
943 -2.603222 
42 -2.632048 
266 -2.634312 
1034 -2.668186 
166 -2.696948 
17 -2.725949 
1593 -2.754292 
508 -2.920336 
367 -2.966677 
964 -3.042234 
