2395 1
2187 0.483752 
1241 0.483752 
112 0.483752 
1363 0.483752 
1364 0.483752 
1242 0.483752 
700 0.483752 
699 0.483752 
1016 0.483752 
72 0.483752 
388 0.483752 
690 0.483752 
1220 0.483752 
454 0.483752 
2337 0.483752 
2338 0.483752 
378 0.483752 
2189 0.483752 
591 0.483752 
592 0.483752 
2190 0.483752 
594 0.483752 
277 0.483752 
58 0.483752 
1657 0.483752 
1648 0.483752 
59 0.483752 
2178 0.483752 
1972 0.483752 
382 0.483752 
57 0.482650 
435 0.482650 
436 0.482650 
726 0.482650 
725 0.482650 
1339 0.482650 
1358 0.482650 
192 0.482650 
1357 0.482650 
1340 0.482650 
191 0.482650 
2297 0.482650 
2298 0.482650 
2312 0.482650 
2315 0.482650 
590 0.482650 
1803 0.482650 
1806 0.482650 
846 0.482650 
1548 0.482650 
1547 0.482650 
2052 0.478991 
164 0.478991 
791 0.478991 
993 0.478991 
2051 0.478991 
1506 0.478991 
1505 0.478991 
1441 0.478991 
922 0.478991 
921 0.478991 
546 0.478991 
1063 0.478991 
1442 0.478991 
1529 0.456759 
1448 0.456759 
2075 0.456759 
1896 0.456759 
1324 0.456759 
553 0.456759 
1447 0.456759 
1216 0.456759 
1089 0.456759 
1090 0.456759 
1101 0.450190 
487 0.450190 
1750 0.450190 
1562 0.450190 
1561 0.450190 
2099 0.450190 
1749 0.450190 
1874 0.450190 
1941 0.450190 
569 0.450190 
127 0.447170 
128 0.447170 
432 0.447170 
1517 0.447170 
1515 0.447170 
155 0.447170 
320 0.447170 
1172 0.447170 
1171 0.447170 
1733 0.447170 
1335 0.447170 
2292 0.447170 
558 0.447170 
2291 0.447170 
40 0.447170 
1381 0.447170 
1382 0.447170 
1385 0.447170 
1690 0.447170 
455 0.447170 
1687 0.447170 
430 0.447170 
1682 0.447170 
1105 0.447170 
1106 0.447170 
1108 0.447170 
446 0.447170 
463 0.447170 
2023 0.438072 
1660 0.437816 
939 0.437816 
309 0.437816 
488 0.437816 
165 0.437816 
1081 0.437816 
1082 0.437816 
1085 0.437816 
1210 0.437816 
1092 0.437816 
292 0.437816 
1126 0.437816 
1048 0.437816 
1125 0.437816 
1117 0.437816 
166 0.437816 
313 0.437816 
5 0.437816 
702 0.437816 
335 0.437816 
334 0.437816 
792 0.437816 
794 0.437816 
795 0.437816 
796 0.437816 
327 0.437816 
2044 0.437816 
2043 0.437816 
2040 0.437816 
2039 0.437816 
897 0.437816 
899 0.437816 
900 0.437816 
118 0.437816 
2005 0.437816 
312 0.437816 
2220 0.436598 
750 0.420707 
275 0.420707 
1415 0.420707 
1012 0.420707 
747 0.420707 
1214 0.420707 
1408 0.420707 
1387 0.420707 
1390 0.420707 
1407 0.420707 
1576 0.420707 
1573 0.420707 
76 0.420707 
753 0.420707 
1988 0.420707 
458 0.420707 
1577 0.420707 
754 0.420707 
1417 0.420707 
376 0.420707 
476 0.420707 
1182 0.420707 
1985 0.420707 
359 0.420707 
1906 0.420707 
1706 0.420707 
139 0.420707 
239 0.420707 
1418 0.420707 
276 0.420707 
470 0.420707 
1369 0.420707 
1370 0.420707 
1009 0.420707 
1623 0.411097 
1384 0.411097 
582 0.411097 
2010 0.411097 
872 0.411097 
1509 0.411097 
2009 0.411097 
2136 0.411097 
1405 0.411097 
1406 0.411097 
839 0.411097 
840 0.411097 
496 0.411097 
1510 0.411097 
1618 0.404131 
1762 0.404131 
1909 0.404131 
1910 0.404131 
2326 0.404131 
2329 0.404131 
2330 0.404131 
655 0.404131 
1617 0.404131 
2137 0.404131 
1761 0.404131 
2138 0.404131 
1569 0.404131 
1313 0.404079 
1314 0.404079 
1321 0.404079 
1404 0.404079 
1322 0.404079 
1403 0.404079 
1231 0.404079 
422 0.404079 
268 0.404079 
238 0.404079 
249 0.404079 
1426 0.404079 
1199 0.404079 
1409 0.404079 
1200 0.404079 
767 0.404079 
1038 0.404079 
2271 0.404079 
1725 0.404079 
1712 0.404079 
1726 0.404079 
1037 0.404079 
466 0.404079 
467 0.404079 
1034 0.404079 
1000 0.404079 
1033 0.404079 
473 0.404079 
968 0.404079 
997 0.404079 
477 0.404079 
144 0.404079 
951 0.404079 
1477 0.403646 
1478 0.403646 
1678 0.403646 
1677 0.403646 
1041 0.403646 
1042 0.403646 
1491 0.403646 
1492 0.403646 
1647 0.403646 
629 0.403646 
1540 0.401905 
1539 0.401905 
2110 0.401905 
523 0.401905 
2109 0.401905 
548 0.401905 
34 0.401905 
1346 0.401905 
2279 0.401905 
2274 0.401905 
2273 0.401905 
545 0.401905 
2176 0.401905 
2175 0.401905 
377 0.401905 
1475 0.399682 
1476 0.399682 
2227 0.399682 
400 0.399682 
689 0.399682 
1629 0.399682 
1630 0.399682 
1271 0.399682 
20 0.399682 
1499 0.397904 
290 0.397904 
1500 0.397904 
1496 0.397904 
1495 0.397904 
896 0.397904 
895 0.397904 
2045 0.397904 
2046 0.397904 
970 0.397904 
1045 0.397904 
1046 0.397904 
1688 0.397904 
1153 0.396209 
1995 0.396209 
1996 0.396209 
2376 0.396209 
2375 0.396209 
1829 0.396209 
1830 0.396209 
1831 0.396209 
1832 0.396209 
2236 0.396209 
1708 0.396209 
1707 0.396209 
2159 0.383564 
2160 0.383564 
1651 0.383564 
2342 0.383564 
1777 0.383564 
909 0.383564 
1652 0.383564 
1820 0.383564 
1936 0.383564 
1935 0.383564 
1819 0.383564 
1816 0.380419 
1817 0.380419 
2366 0.380419 
1118 0.380419 
2217 0.380419 
1815 0.380419 
2218 0.380419 
1818 0.380419 
1992 0.380419 
1991 0.380419 
1698 0.380419 
1697 0.380419 
762 0.378559 
1714 0.378559 
1713 0.378559 
761 0.378559 
147 0.378559 
1290 0.359322 
491 0.359322 
985 0.359322 
1975 0.359322 
986 0.359322 
262 0.359322 
1946 0.359322 
1584 0.359322 
1583 0.359322 
2351 0.359322 
1758 0.359322 
1945 0.359322 
1379 0.335216 
914 0.335216 
2069 0.335216 
913 0.335216 
1022 0.335216 
910 0.335216 
1612 0.335216 
220 0.335216 
2067 0.335216 
1395 0.335216 
1380 0.335216 
280 0.335216 
1019 0.335216 
2070 0.335216 
1880 0.335216 
1879 0.335216 
1247 0.335216 
391 0.335216 
2394 0.334092 
1095 0.334092 
735 0.334092 
389 0.334092 
738 0.334092 
739 0.334092 
390 0.334092 
1020 0.334092 
1248 0.334092 
869 0.334092 
1246 0.334092 
1245 0.334092 
979 0.334092 
982 0.334092 
1638 0.334092 
1434 0.334092 
317 0.334092 
279 0.334092 
2206 0.334092 
258 0.334092 
2205 0.334092 
2203 0.334092 
1637 0.334092 
1319 0.334092 
1641 0.334092 
1694 0.334092 
2054 0.334092 
134 0.334092 
1976 0.334092 
1977 0.334092 
1978 0.334092 
109 0.334092 
2391 0.334092 
1329 0.334092 
1320 0.334092 
1924 0.333953 
1150 0.333953 
1302 0.333953 
344 0.333953 
1311 0.333953 
2252 0.333953 
1923 0.333953 
1312 0.333953 
1301 0.333953 
1850 0.333953 
676 0.333953 
1849 0.333953 
675 0.333953 
2020 0.333953 
2387 0.333953 
2388 0.333953 
1913 0.332541 
1914 0.332541 
1572 0.332541 
1619 0.332541 
1765 0.332541 
1620 0.332541 
2331 0.332541 
2140 0.332541 
2332 0.332541 
891 0.332541 
2168 0.325506 
1785 0.325506 
1837 0.325506 
2167 0.325506 
2348 0.325506 
2347 0.325506 
1658 0.325506 
925 0.325506 
1959 0.325506 
1693 0.325304 
1051 0.325304 
2047 0.325304 
2048 0.325304 
1502 0.325304 
1501 0.325304 
971 0.325304 
1498 0.325304 
314 0.325304 
908 0.325304 
907 0.325304 
1675 0.323904 
125 0.323904 
1644 0.323904 
611 0.323904 
1469 0.323904 
1470 0.323904 
1485 0.323904 
1486 0.323904 
25 0.323904 
612 0.323904 
722 0.323904 
721 0.323904 
1560 0.323810 
1904 0.323810 
1559 0.323810 
2321 0.323810 
1615 0.323810 
2323 0.323810 
2324 0.323810 
1748 0.323810 
1747 0.323810 
2132 0.323810 
1616 0.323810 
645 0.323810 
138 0.301175 
145 0.301175 
757 0.301175 
1704 0.301175 
758 0.301175 
1703 0.301175 
283 0.299401 
1952 0.299401 
1295 0.299401 
1951 0.299401 
1782 0.299401 
1588 0.299401 
1983 0.299401 
1587 0.299401 
1984 0.299401 
2370 0.299401 
265 0.299401 
816 0.299401 
815 0.299401 
1005 0.299401 
577 0.266251 
613 0.266251 
614 0.266251 
615 0.266251 
580 0.266251 
2118 0.266251 
2114 0.266251 
2113 0.266251 
2077 0.266251 
2076 0.266251 
2053 0.266251 
2074 0.266251 
51 0.266251 
2073 0.266251 
2056 0.266251 
328 0.266251 
1160 0.266251 
1156 0.266251 
318 0.266251 
1145 0.266251 
323 0.266251 
325 0.266251 
1115 0.266251 
326 0.266251 
342 0.266251 
347 0.266251 
1110 0.266251 
1109 0.266251 
1096 0.266251 
659 0.262825 
2248 0.262825 
2247 0.262825 
1167 0.262825 
1170 0.262825 
1333 0.262825 
2385 0.262825 
2386 0.262825 
352 0.262825 
1347 0.262825 
1334 0.262825 
2017 0.262825 
2018 0.262825 
1919 0.262825 
1842 0.262825 
1920 0.262825 
1841 0.262825 
1793 0.241114 
829 0.241114 
1168 0.241114 
1015 0.241114 
480 0.241114 
1597 0.241114 
1997 0.241114 
2393 0.241114 
1267 0.241114 
1998 0.241114 
683 0.232580 
680 0.232580 
308 0.232580 
383 0.232580 
158 0.232580 
673 0.232580 
103 0.232580 
861 0.232580 
2026 0.232580 
864 0.232580 
892 0.232580 
299 0.232580 
2033 0.232580 
889 0.232580 
790 0.232580 
781 0.232580 
1751 0.232580 
197 0.232580 
1746 0.232580 
1071 0.232580 
1075 0.232580 
1076 0.232580 
1631 0.232580 
684 0.232580 
1752 0.232580 
793 0.232580 
272 0.232580 
39 0.232580 
162 0.232580 
1003 0.232580 
160 0.232580 
782 0.232580 
744 0.212105 
1722 0.212105 
1451 0.212105 
1197 0.212105 
1452 0.212105 
1791 0.198635 
600 0.198635 
856 0.198635 
108 0.198635 
465 0.198635 
163 0.198635 
464 0.198635 
1017 0.198635 
1018 0.198635 
1794 0.198635 
855 0.198635 
186 0.198635 
1756 0.198635 
1755 0.198635 
1643 0.198635 
1640 0.198635 
1639 0.198635 
1598 0.198635 
303 0.198635 
681 0.198635 
834 0.198635 
86 0.198635 
798 0.198635 
797 0.198635 
64 0.198635 
788 0.198635 
682 0.198635 
787 0.198635 
30 0.198635 
538 0.198635 
31 0.198635 
745 0.197667 
1454 0.197667 
1453 0.197667 
1204 0.197667 
2198 0.197667 
835 0.192020 
730 0.192020 
729 0.192020 
728 0.192020 
727 0.192020 
509 0.192020 
510 0.192020 
1467 0.192020 
836 0.192020 
17 0.192020 
1857 0.192020 
1858 0.192020 
1971 0.192020 
113 0.192020 
107 0.192020 
2057 0.192020 
2058 0.192020 
56 0.192020 
2261 0.192020 
2262 0.192020 
1543 0.192020 
18 0.192020 
533 0.188141 
2157 0.188141 
517 0.188141 
536 0.188141 
2038 0.188141 
28 0.188141 
1 0.188141 
1527 0.188141 
1178 0.188141 
1440 0.188141 
1439 0.188141 
2230 0.185283 
1593 0.163361 
1429 0.163361 
529 0.163361 
764 0.163361 
763 0.163361 
1430 0.163361 
1424 0.163361 
1487 0.163361 
19 0.163361 
1472 0.163361 
2381 0.163361 
1488 0.163361 
172 0.163361 
83 0.163361 
808 0.163361 
1423 0.163361 
1366 0.163361 
1365 0.163361 
92 0.163361 
514 0.163361 
1356 0.163361 
1355 0.163361 
1594 0.163361 
474 0.163361 
150 0.163361 
443 0.163361 
445 0.163361 
670 0.163361 
651 0.163361 
635 0.163361 
1773 0.161960 
2367 0.161960 
1294 0.161960 
1949 0.161960 
1950 0.161960 
1585 0.161960 
1586 0.161960 
1981 0.161960 
1982 0.161960 
6 0.161960 
987 0.161960 
988 0.161960 
1774 0.161960 
493 0.161960 
494 0.161960 
654 0.148470 
1323 0.148470 
1325 0.148470 
1326 0.148470 
661 0.148470 
1471 0.148470 
1468 0.148470 
627 0.148470 
662 0.148470 
168 0.148470 
628 0.148470 
2278 0.148470 
1252 0.148470 
393 0.148470 
2277 0.148470 
653 0.148470 
513 0.148470 
604 0.148470 
603 0.148470 
417 0.148470 
425 0.148470 
95 0.148470 
2214 0.148470 
2212 0.148470 
2209 0.148470 
78 0.148470 
66 0.148470 
1611 0.148470 
16 0.148470 
566 0.146051 
1250 0.146051 
2283 0.146051 
751 0.146051 
752 0.146051 
1002 0.146051 
1013 0.146051 
1014 0.146051 
2006 0.146051 
1709 0.146051 
1571 0.146051 
1570 0.146051 
1524 0.146051 
263 0.146051 
2286 0.146051 
271 0.146051 
2287 0.146051 
429 0.146051 
1236 0.146051 
1556 0.146051 
1239 0.146051 
1240 0.146051 
1721 0.146051 
1249 0.146051 
1001 0.146051 
73 0.146051 
142 0.146051 
1710 0.146051 
44 0.146051 
1523 0.146051 
385 0.146051 
296 0.146051 
1331 0.144921 
2327 0.144921 
832 0.144921 
1684 0.144921 
1332 0.144921 
1177 0.144921 
1281 0.144921 
2289 0.144921 
2328 0.144921 
355 0.144921 
1174 0.144921 
407 0.144921 
724 0.144921 
1348 0.144921 
723 0.144921 
2290 0.144921 
1282 0.144921 
1026 0.144921 
431 0.144921 
1795 0.144921 
1796 0.144921 
1067 0.144921 
1068 0.144921 
1023 0.144921 
1681 0.144921 
129 0.144921 
130 0.144921 
184 0.144921 
1790 0.144921 
282 0.144921 
1205 0.144921 
837 0.144921 
449 0.144921 
1234 0.142450 
1457 0.142450 
863 0.142450 
1458 0.142450 
2211 0.142450 
1968 0.136929 
416 0.136929 
116 0.136929 
1155 0.136929 
1181 0.136929 
851 0.136929 
2259 0.136929 
2260 0.136929 
848 0.136929 
847 0.136929 
825 0.136929 
697 0.136929 
1158 0.136929 
698 0.136929 
1967 0.136929 
2041 0.136929 
2042 0.136929 
826 0.136929 
1463 0.136929 
1464 0.136929 
1855 0.136929 
1856 0.136929 
346 0.136929 
360 0.136929 
1489 0.123762 
1490 0.123762 
1043 0.123762 
1493 0.123762 
632 0.123762 
1659 0.123762 
1494 0.123762 
1680 0.123762 
1679 0.123762 
631 0.123762 
918 0.123604 
992 0.123604 
917 0.123604 
1053 0.123604 
777 0.123604 
778 0.123604 
1054 0.123604 
1518 0.123604 
293 0.123604 
1503 0.123604 
2049 0.123604 
1504 0.123604 
2050 0.123604 
1715 0.115507 
789 0.115507 
1716 0.115507 
677 0.109530 
572 0.109530 
678 0.109530 
89 0.109530 
646 0.109530 
876 0.109530 
492 0.109530 
80 0.109530 
643 0.109530 
2021 0.109530 
7 0.109530 
2024 0.109530 
2029 0.109530 
49 0.109530 
2065 0.109530 
2064 0.109530 
2061 0.109530 
1064 0.109530 
88 0.109530 
642 0.109530 
298 0.109530 
550 0.109530 
205 0.109530 
1201 0.109530 
36 0.109530 
1838 0.109530 
1834 0.109530 
1833 0.109530 
641 0.109530 
321 0.109530 
531 0.109530 
532 0.109530 
571 0.109530 
1835 0.106851 
1836 0.106851 
1907 0.106851 
1724 0.106851 
1723 0.106851 
1157 0.106851 
2007 0.106851 
2378 0.106851 
2008 0.106851 
2242 0.106851 
2377 0.106851 
2241 0.106851 
2092 0.106311 
845 0.106311 
247 0.106311 
1137 0.106311 
253 0.106311 
1146 0.106311 
337 0.106311 
2091 0.106311 
1957 0.106311 
1804 0.106311 
1802 0.106311 
1799 0.106311 
999 0.106311 
974 0.106311 
960 0.106311 
959 0.106311 
189 0.106311 
267 0.106311 
1958 0.106311 
1932 0.106311 
1955 0.106311 
1918 0.106311 
1917 0.106311 
1134 0.106311 
1956 0.106311 
1228 0.096021 
1227 0.096021 
2126 0.096021 
2125 0.096021 
2320 0.096021 
743 0.096021 
2318 0.096021 
2317 0.096021 
2152 0.096021 
2185 0.096021 
882 0.096021 
746 0.096021 
1100 0.096021 
1099 0.096021 
1359 0.096021 
630 0.096021 
213 0.096021 
137 0.096021 
1436 0.096021 
1435 0.096021 
881 0.096021 
81 0.096021 
1360 0.096021 
365 0.096021 
444 0.096021 
1194 0.096021 
1993 0.093452 
1138 0.093452 
1828 0.093452 
1827 0.093452 
1826 0.093452 
1705 0.093452 
1825 0.093452 
1994 0.093452 
2372 0.093452 
2234 0.093452 
2371 0.093452 
2233 0.093452 
37 0.087630 
2078 0.087630 
1730 0.087630 
555 0.087630 
556 0.087630 
1531 0.087630 
1091 0.087630 
1532 0.087630 
1328 0.087630 
1327 0.087630 
1217 0.087630 
1898 0.087630 
1094 0.086512 
1734 0.086512 
1537 0.086512 
1927 0.086512 
1538 0.086512 
712 0.086512 
1928 0.086512 
2088 0.086512 
1093 0.086512 
1266 0.086512 
562 0.086512 
315 0.086512 
1218 0.080592 
286 0.080592 
1198 0.080592 
1031 0.080592 
131 0.080592 
2195 0.080592 
1032 0.080592 
1211 0.080592 
1289 0.080592 
1297 0.080592 
1215 0.080592 
1298 0.080592 
506 0.080592 
285 0.080592 
2255 0.080592 
2 0.080592 
512 0.080592 
511 0.080592 
362 0.080592 
2170 0.080592 
1238 0.080592 
483 0.080592 
1237 0.080592 
408 0.080592 
414 0.080592 
2156 0.080592 
2169 0.080592 
2256 0.080592 
373 0.080592 
379 0.080592 
2267 0.080592 
367 0.080592 
486 0.080592 
322 0.076718 
1304 0.076718 
183 0.076718 
364 0.076718 
1078 0.076718 
1258 0.076718 
1259 0.076718 
1077 0.076718 
1079 0.076718 
394 0.076718 
181 0.076718 
1222 0.076718 
2072 0.076718 
180 0.076718 
1080 0.076718 
175 0.076718 
176 0.076718 
1086 0.076718 
1114 0.076718 
2071 0.076718 
2068 0.076718 
306 0.076718 
1193 0.076718 
2179 0.076718 
1276 0.076718 
1303 0.076718 
1283 0.076718 
1284 0.076718 
115 0.076718 
696 0.076718 
695 0.076718 
2182 0.076718 
1113 0.076718 
185 0.076718 
2151 0.076718 
403 0.076718 
563 0.074122 
424 0.074122 
2093 0.074122 
1930 0.074122 
1743 0.074122 
1546 0.074122 
252 0.074122 
1929 0.074122 
713 0.074122 
1097 0.074122 
1683 0.070645 
962 0.070645 
2358 0.070645 
2357 0.070645 
1865 0.070645 
1805 0.070645 
2194 0.070645 
2193 0.070645 
1973 0.070645 
1974 0.070645 
397 0.062321 
1263 0.062321 
2226 0.062321 
398 0.062321 
1627 0.062321 
1628 0.062321 
1474 0.062321 
2225 0.062321 
1473 0.062321 
679 0.062321 
1264 0.062321 
1934 0.059790 
374 0.059790 
1212 0.059790 
1948 0.059790 
254 0.059790 
2263 0.059790 
989 0.059790 
990 0.059790 
270 0.059790 
471 0.059790 
1004 0.059790 
2264 0.059790 
2102 0.059790 
2101 0.059790 
2319 0.059790 
1960 0.059790 
1947 0.059790 
1413 0.059790 
1412 0.059790 
1411 0.059790 
1362 0.059790 
1361 0.059790 
2268 0.058039 
1636 0.058039 
1671 0.058039 
1672 0.058039 
123 0.058039 
704 0.058039 
1432 0.058039 
23 0.058039 
1482 0.058039 
1481 0.058039 
828 0.049708 
1163 0.049708 
1965 0.049708 
1987 0.049708 
1011 0.049708 
1792 0.049708 
1336 0.049708 
2392 0.049708 
1592 0.049708 
2130 0.048509 
1557 0.048509 
1745 0.048509 
623 0.048509 
1558 0.048509 
2316 0.048509 
2129 0.048509 
2311 0.048509 
769 0.048509 
770 0.048509 
1614 0.048509 
1902 0.048509 
1901 0.048509 
1613 0.048509 
1731 0.042133 
2120 0.042133 
2181 0.042133 
1544 0.042133 
1732 0.042133 
579 0.042133 
2285 0.042133 
2293 0.042133 
1353 0.042133 
1354 0.042133 
2294 0.042133 
527 0.042133 
857 0.039747 
409 0.039747 
858 0.039747 
1189 0.039747 
231 0.039747 
1287 0.039747 
1190 0.039747 
195 0.039747 
1776 0.039747 
1781 0.039747 
1784 0.039747 
316 0.039747 
178 0.039747 
1219 0.039747 
333 0.039747 
1342 0.039747 
1341 0.039747 
363 0.039747 
1892 0.039747 
1291 0.039747 
1288 0.039747 
1128 0.039747 
934 0.039747 
898 0.039747 
2147 0.039747 
965 0.039747 
1098 0.039747 
2177 0.039747 
966 0.039747 
1605 0.039276 
1606 0.039276 
2001 0.039276 
1801 0.039276 
2002 0.039276 
484 0.039276 
1399 0.039276 
1173 0.039276 
1039 0.039276 
289 0.039276 
859 0.039276 
1147 0.031279 
211 0.031279 
302 0.031279 
439 0.031279 
2105 0.031279 
2028 0.031279 
442 0.031279 
1142 0.031279 
1873 0.031279 
361 0.031279 
2100 0.031279 
2025 0.031279 
2322 0.031279 
330 0.031279 
412 0.031279 
887 0.031279 
888 0.031279 
340 0.031279 
1845 0.031279 
1846 0.031279 
2313 0.031279 
2314 0.031279 
433 0.031279 
351 0.031279 
1148 0.031279 
880 0.027086 
1566 0.027086 
656 0.027086 
190 0.027086 
1225 0.027086 
1565 0.027086 
68 0.027086 
1226 0.027086 
193 0.027086 
824 0.027086 
94 0.027086 
819 0.027086 
380 0.027086 
823 0.027086 
820 0.027086 
440 0.027086 
1809 0.027086 
905 0.027086 
852 0.027086 
608 0.027086 
218 0.027086 
126 0.027086 
624 0.027086 
607 0.027086 
1036 0.027086 
288 0.027086 
1810 0.027086 
879 0.027086 
1814 0.027086 
720 0.027086 
135 0.024314 
1696 0.024314 
1695 0.024314 
748 0.024314 
1563 0.016295 
96 0.016295 
1564 0.016295 
499 0.016295 
503 0.016295 
2060 0.016295 
1875 0.016295 
194 0.016295 
2059 0.016295 
1876 0.016295 
2055 0.016295 
502 0.016295 
188 0.016295 
841 0.016295 
686 0.016295 
838 0.016295 
842 0.016295 
10 0.016295 
111 0.016295 
2266 0.016295 
151 0.015357 
399 0.015357 
933 0.015357 
1277 0.015357 
1278 0.015357 
756 0.015357 
146 0.015357 
2228 0.015357 
2235 0.015357 
2062 0.015357 
1270 0.015357 
1891 0.015357 
203 0.015357 
230 0.015357 
1431 0.015357 
1428 0.015357 
1427 0.015357 
1420 0.015357 
1419 0.015357 
771 0.015357 
1107 0.015357 
772 0.015357 
472 0.015357 
1104 0.015357 
812 -0.005301 
736 -0.005301 
1718 -0.005301 
1717 -0.005301 
759 -0.019442 
1711 -0.019442 
598 -0.023060 
597 -0.023060 
719 -0.023060 
1642 -0.023060 
1484 -0.023060 
1483 -0.023060 
1466 -0.023060 
1674 -0.023060 
2231 -0.029080 
1887 -0.031136 
638 -0.031136 
1882 -0.031136 
85 -0.031136 
226 -0.031136 
800 -0.031136 
799 -0.031136 
773 -0.031136 
774 -0.031136 
775 -0.031136 
167 -0.031136 
660 -0.031136 
1595 -0.031136 
1596 -0.031136 
136 -0.031136 
225 -0.031136 
740 -0.031136 
926 -0.031136 
637 -0.031136 
1753 -0.031136 
1890 -0.031136 
809 -0.031136 
810 -0.031136 
153 -0.031136 
1154 -0.033423 
428 -0.033423 
311 -0.033423 
1554 -0.033423 
1175 -0.033423 
200 -0.033423 
1176 -0.033423 
310 -0.033423 
357 -0.033423 
1553 -0.033423 
1202 -0.033423 
1179 -0.033423 
345 -0.033423 
356 -0.033423 
1183 -0.033423 
1184 -0.033423 
224 -0.033423 
1864 -0.033423 
742 -0.033423 
148 -0.033423 
595 -0.033423 
62 -0.033423 
2112 -0.033423 
1084 -0.033423 
915 -0.033423 
916 -0.033423 
1824 -0.033423 
760 -0.033423 
1083 -0.033423 
919 -0.033423 
596 -0.033423 
2139 -0.033423 
370 -0.033423 
177 -0.036183 
261 -0.036183 
588 -0.036183 
69 -0.036183 
2365 -0.036183 
1044 -0.036183 
2368 -0.036183 
587 -0.036183 
1844 -0.036183 
319 -0.036183 
1047 -0.036183 
43 -0.036183 
886 -0.036183 
984 -0.036183 
983 -0.036183 
2369 -0.036183 
173 -0.036183 
1545 -0.036183 
1766 -0.036183 
1763 -0.036183 
468 -0.036183 
821 -0.036183 
291 -0.036183 
893 -0.036183 
210 -0.036183 
1878 -0.036183 
1877 -0.036183 
1522 -0.036183 
606 -0.036183 
605 -0.036183 
806 -0.036183 
67 -0.036183 
564 -0.036183 
179 -0.057843 
1120 -0.057843 
404 -0.057843 
1305 -0.057843 
658 -0.057843 
1306 -0.057843 
1778 -0.057843 
1775 -0.057843 
411 -0.057843 
329 -0.057843 
1130 -0.057843 
818 -0.057843 
817 -0.057843 
1129 -0.057843 
1293 -0.057843 
1119 -0.057843 
657 -0.057843 
1122 -0.057843 
2251 -0.057843 
1296 -0.057843 
2087 -0.057843 
946 -0.057843 
833 -0.057843 
187 -0.057843 
2080 -0.057843 
237 -0.057843 
2079 -0.057843 
1121 -0.057843 
33 -0.057843 
542 -0.057843 
920 -0.091923 
229 -0.091923 
930 -0.091923 
2383 -0.091923 
2384 -0.091923 
264 -0.091923 
1164 -0.091923 
1739 -0.091923 
929 -0.091923 
2119 -0.091923 
1740 -0.091923 
991 -0.091923 
994 -0.091923 
475 -0.091923 
784 -0.091923 
1141 -0.091923 
350 -0.091923 
348 -0.091923 
783 -0.091923 
353 -0.091923 
1102 -0.091923 
776 -0.091923 
159 -0.091923 
154 -0.091923 
1338 -0.091923 
1337 -0.091923 
441 -0.091923 
156 -0.091923 
1161 -0.091923 
1886 -0.123951 
371 -0.123951 
1207 -0.123951 
1208 -0.123951 
132 -0.123951 
133 -0.123951 
1885 -0.123951 
1257 -0.123951 
2097 -0.123951 
2098 -0.123951 
372 -0.123951 
732 -0.123951 
731 -0.123951 
396 -0.123951 
2166 -0.123951 
2165 -0.123951 
1689 -0.123951 
860 -0.123951 
41 -0.131255 
568 -0.131255 
1272 -0.131255 
586 -0.131255 
559 -0.131255 
1275 -0.131255 
55 -0.131255 
2106 -0.131255 
565 -0.131255 
560 -0.131255 
46 -0.131255 
1770 -0.131255 
2229 -0.131255 
585 -0.131255 
1769 -0.131255 
557 -0.131255 
401 -0.131255 
402 -0.131255 
2232 -0.131255 
534 -0.131255 
29 -0.131255 
1980 -0.143586 
1807 -0.143586 
1808 -0.143586 
1685 -0.143586 
1686 -0.143586 
2359 -0.143586 
963 -0.143586 
2360 -0.143586 
1979 -0.143586 
1869 -0.143586 
2196 -0.143586 
663 -0.153269 
1261 -0.153269 
2223 -0.153269 
2224 -0.153269 
1461 -0.153269 
63 -0.166228 
1899 -0.166228 
1742 -0.166228 
1741 -0.166228 
1555 -0.166228 
2127 -0.166228 
601 -0.166228 
2128 -0.166228 
2308 -0.166228 
1610 -0.166228 
1609 -0.166228 
602 -0.166228 
765 -0.166228 
766 -0.166228 
2307 -0.166228 
547 -0.166228 
2299 -0.166228 
541 -0.168194 
2272 -0.168194 
2270 -0.168194 
2269 -0.168194 
1188 -0.168194 
1187 -0.168194 
32 -0.168194 
544 -0.168194 
522 -0.168194 
2174 -0.168194 
1533 -0.168194 
2108 -0.168194 
2107 -0.168194 
2173 -0.168194 
1921 -0.178288 
1646 -0.178288 
1578 -0.178288 
1767 -0.178288 
1768 -0.178288 
1645 -0.178288 
2333 -0.178288 
2141 -0.178288 
1922 -0.178288 
2142 -0.178288 
901 -0.178288 
2334 -0.178288 
2095 -0.181095 
45 -0.181095 
708 -0.181095 
2096 -0.181095 
1180 -0.181095 
1151 -0.181095 
1152 -0.181095 
341 -0.181095 
1666 -0.181095 
1656 -0.181095 
1655 -0.181095 
2090 -0.181095 
2089 -0.181095 
1149 -0.181095 
1144 -0.181095 
1883 -0.181095 
1526 -0.181095 
1525 -0.181095 
567 -0.181095 
875 -0.183192 
878 -0.183192 
2201 -0.183192 
937 -0.183192 
1374 -0.183192 
300 -0.183192 
2202 -0.183192 
1103 -0.183192 
1069 -0.183192 
2158 -0.183192 
1373 -0.183192 
2325 -0.183192 
938 -0.183192 
1243 -0.183192 
392 -0.183192 
1072 -0.183192 
448 -0.183192 
1070 -0.183192 
1368 -0.183192 
301 -0.183192 
2162 -0.183192 
204 -0.183192 
2161 -0.183192 
1244 -0.183192 
368 -0.183192 
1367 -0.183192 
1744 -0.183363 
609 -0.183363 
804 -0.183363 
616 -0.183363 
508 -0.183363 
803 -0.183363 
307 -0.183363 
505 -0.183363 
1843 -0.183363 
15 -0.183363 
1840 -0.183363 
222 -0.183363 
13 -0.183363 
171 -0.183363 
1074 -0.183363 
161 -0.183363 
1870 -0.183363 
885 -0.183363 
1574 -0.183363 
884 -0.183363 
97 -0.183363 
2031 -0.183363 
207 -0.183363 
305 -0.183363 
1868 -0.183363 
70 -0.183363 
786 -0.183363 
1867 -0.183363 
619 -0.183363 
2034 -0.183363 
537 -0.183363 
1871 -0.183363 
1813 -0.184915 
2340 -0.184915 
1650 -0.184915 
1926 -0.184915 
1649 -0.184915 
2339 -0.184915 
216 -0.184915 
1925 -0.184915 
903 -0.184915 
1771 -0.184915 
2149 -0.184915 
1772 -0.184915 
2150 -0.184915 
904 -0.184915 
755 -0.186414 
1701 -0.186414 
1702 -0.186414 
2037 -0.196742 
578 -0.196742 
2032 -0.196742 
79 -0.196742 
50 -0.196742 
2238 -0.196742 
2237 -0.196742 
626 -0.196742 
1027 -0.196742 
241 -0.196742 
768 -0.196742 
1280 -0.196742 
1279 -0.196742 
405 -0.196742 
625 -0.196742 
1028 -0.196742 
418 -0.196742 
304 -0.196742 
469 -0.196742 
1073 -0.196742 
1416 -0.196742 
1433 -0.196742 
943 -0.196742 
949 -0.196742 
950 -0.196742 
1536 -0.196742 
1535 -0.196742 
1534 -0.196742 
964 -0.196742 
234 -0.196742 
478 -0.196742 
549 -0.221209 
297 -0.221209 
3 -0.221209 
1029 -0.221209 
1444 -0.221209 
1024 -0.221209 
1030 -0.221209 
1443 -0.221209 
1066 -0.221209 
1065 -0.221209 
935 -0.221209 
936 -0.221209 
2063 -0.221209 
1889 -0.221209 
2350 -0.221970 
1400 -0.221970 
1391 -0.221970 
554 -0.221970 
1392 -0.221970 
170 -0.221970 
381 -0.221970 
461 -0.221970 
101 -0.221970 
575 -0.221970 
593 -0.221970 
2216 -0.221970 
2215 -0.221970 
2213 -0.221970 
61 -0.221970 
801 -0.221970 
1621 -0.221970 
243 -0.221970 
1622 -0.221970 
1916 -0.221970 
1624 -0.221970 
1625 -0.221970 
1256 -0.221970 
1255 -0.221970 
1915 -0.221970 
395 -0.221970 
1912 -0.221970 
802 -0.221970 
576 -0.221970 
1233 -0.221970 
1232 -0.221970 
811 -0.221970 
2349 -0.221970 
1759 -0.221970 
957 -0.221970 
958 -0.221970 
814 -0.221970 
38 -0.221970 
1025 -0.229074 
2066 -0.229074 
551 -0.229074 
1315 -0.229074 
1316 -0.229074 
1087 -0.229074 
1088 -0.229074 
1445 -0.229074 
1446 -0.229074 
35 -0.229074 
1519 -0.229074 
552 -0.229074 
1893 -0.229074 
1520 -0.229074 
737 -0.231150 
813 -0.231150 
1720 -0.231150 
1719 -0.231150 
2379 -0.238830 
1911 -0.238830 
1728 -0.238830 
1727 -0.238830 
1162 -0.238830 
2015 -0.238830 
2380 -0.238830 
2016 -0.238830 
2243 -0.238830 
2244 -0.238830 
1839 -0.238830 
1425 -0.245051 
2148 -0.245051 
2027 -0.245051 
649 -0.245051 
883 -0.245051 
1516 -0.245051 
501 -0.245051 
1060 -0.245051 
1116 -0.248123 
1127 -0.248123 
1903 -0.248123 
1897 -0.248123 
1905 -0.248123 
1317 -0.248123 
1318 -0.248123 
1908 -0.248123 
1330 -0.248123 
406 -0.248123 
2086 -0.248123 
1900 -0.248123 
423 -0.248123 
332 -0.248123 
1035 -0.248123 
2083 -0.248123 
2084 -0.248123 
2085 -0.248123 
2239 -0.248123 
945 -0.248123 
2275 -0.248123 
947 -0.248123 
948 -0.248123 
953 -0.248123 
954 -0.248123 
940 -0.248123 
244 -0.248123 
2240 -0.248123 
235 -0.248123 
2276 -0.248123 
287 -0.248123 
240 -0.248123 
2022 -0.248707 
206 -0.272928 
507 -0.272928 
1203 -0.272928 
1206 -0.272928 
202 -0.272928 
349 -0.272928 
14 -0.272928 
714 -0.272928 
1580 -0.272928 
711 -0.272928 
518 -0.272928 
519 -0.272928 
622 -0.272928 
122 -0.272928 
1253 -0.272928 
369 -0.272928 
77 -0.272928 
2117 -0.272928 
1300 -0.272928 
515 -0.272928 
867 -0.272928 
413 -0.272928 
1465 -0.272928 
2143 -0.272928 
2146 -0.272928 
1159 -0.272928 
1254 -0.272928 
1251 -0.272928 
121 -0.274968 
1224 -0.274968 
827 -0.274968 
830 -0.274968 
1191 -0.274968 
1192 -0.274968 
1221 -0.274968 
1223 -0.274968 
26 -0.274968 
354 -0.274968 
221 -0.274968 
358 -0.274968 
1665 -0.274968 
780 -0.274968 
779 -0.274968 
1676 -0.274968 
530 -0.274968 
1673 -0.274968 
27 -0.274968 
831 -0.274968 
182 -0.274968 
84 -0.274968 
65 -0.274968 
633 -0.274968 
634 -0.274968 
707 -0.274968 
157 -0.274968 
911 -0.274968 
2135 -0.274968 
2134 -0.274968 
1789 -0.274968 
2131 -0.274968 
232 -0.274968 
1786 -0.274968 
2280 -0.285340 
201 -0.285340 
295 -0.285340 
82 -0.285340 
1040 -0.285340 
636 -0.285340 
459 -0.285340 
975 -0.285340 
2346 -0.285340 
2345 -0.285340 
785 -0.285340 
976 -0.285340 
2281 -0.285340 
1591 -0.285340 
870 -0.285340 
255 -0.285340 
426 -0.285340 
1847 -0.285340 
1848 -0.285340 
427 -0.285340 
1388 -0.285340 
890 -0.285340 
60 -0.285340 
343 -0.285340 
1059 -0.285340 
941 -0.285340 
1551 -0.285340 
1056 -0.285340 
1055 -0.285340 
1550 -0.285340 
212 -0.285340 
942 -0.285340 
1006 -0.298556 
233 -0.298556 
1937 -0.298556 
1938 -0.298556 
1942 -0.298556 
1964 -0.298556 
805 -0.298556 
923 -0.298556 
924 -0.298556 
1058 -0.298556 
1057 -0.298556 
980 -0.298556 
1010 -0.298556 
1884 -0.298556 
1764 -0.298556 
227 -0.298556 
228 -0.298556 
1881 -0.298556 
169 -0.298556 
1757 -0.298556 
1894 -0.298556 
273 -0.298556 
1895 -0.298556 
259 -0.298556 
1760 -0.298556 
1480 -0.321345 
1669 -0.321345 
1479 -0.321345 
1633 -0.321345 
2249 -0.321345 
701 -0.321345 
1670 -0.321345 
2306 -0.331275 
2123 -0.331275 
2188 -0.331275 
1552 -0.331275 
1738 -0.331275 
1737 -0.331275 
543 -0.331275 
2305 -0.331275 
2295 -0.331275 
1604 -0.331275 
1603 -0.331275 
599 -0.331275 
2124 -0.331275 
2111 -0.336015 
490 -0.336015 
1582 -0.336015 
1944 -0.336015 
981 -0.336015 
1581 -0.336015 
1943 -0.336015 
1754 -0.336015 
489 -0.336015 
4 -0.336015 
1888 -0.336015 
1274 -0.336015 
1273 -0.336015 
672 -0.342215 
102 -0.342215 
1541 -0.342215 
1542 -0.342215 
54 -0.342215 
1349 -0.342215 
2116 -0.342215 
2282 -0.342215 
2284 -0.342215 
1350 -0.342215 
2180 -0.342215 
669 -0.342215 
2115 -0.342215 
526 -0.342215 
2191 -0.345383 
1668 -0.345383 
1970 -0.345383 
1969 -0.345383 
952 -0.345383 
2192 -0.345383 
1861 -0.345383 
1798 -0.345383 
1797 -0.345383 
1862 -0.345383 
1667 -0.345383 
2355 -0.345383 
2356 -0.345383 
1309 -0.348425 
479 -0.348425 
1310 -0.348425 
482 -0.348425 
2172 -0.348425 
2171 -0.348425 
2219 -0.348425 
375 -0.348425 
438 -0.348425 
236 -0.348425 
2374 -0.348425 
2373 -0.348425 
1262 -0.348425 
2103 -0.348425 
2104 -0.348425 
639 -0.348425 
421 -0.348425 
1213 -0.348425 
420 -0.348425 
419 -0.348425 
0 -0.348425 
640 -0.348425 
1626 -0.357311 
2011 -0.357311 
2012 -0.357311 
1414 -0.357311 
497 -0.357311 
873 -0.357311 
1511 -0.357311 
1512 -0.357311 
583 -0.357311 
2144 -0.357311 
854 -0.357311 
1389 -0.357311 
853 -0.357311 
1780 -0.357688 
1779 -0.357688 
1822 -0.357688 
1821 -0.357688 
2163 -0.357688 
1940 -0.357688 
1939 -0.357688 
2343 -0.357688 
2344 -0.357688 
912 -0.357688 
1654 -0.357688 
1653 -0.357688 
198 -0.357688 
2164 -0.357688 
152 -0.367824 
1052 -0.367824 
2362 -0.367824 
1345 -0.367824 
457 -0.367824 
2361 -0.367824 
581 -0.367824 
2352 -0.367824 
460 -0.367824 
462 -0.367824 
584 -0.367824 
294 -0.367824 
1530 -0.367824 
741 -0.367824 
932 -0.367824 
1165 -0.367824 
931 -0.367824 
928 -0.367824 
281 -0.367824 
927 -0.367824 
574 -0.367824 
53 -0.367824 
1185 -0.367824 
1186 -0.367824 
1729 -0.367824 
48 -0.367824 
1700 -0.367824 
1699 -0.367824 
1450 -0.368790 
1449 -0.368790 
516 -0.368790 
1438 -0.368790 
671 -0.368790 
1437 -0.368790 
2155 -0.368790 
1521 -0.368790 
1131 -0.368790 
1132 -0.368790 
2030 -0.368790 
1866 -0.380035 
1352 -0.380035 
21 -0.380035 
1567 -0.380035 
1568 -0.380035 
1579 -0.380035 
2310 -0.380035 
2309 -0.380035 
437 -0.380035 
452 -0.380035 
2300 -0.380035 
219 -0.380035 
124 -0.380035 
906 -0.380035 
520 -0.380035 
1863 -0.380035 
610 -0.380035 
1351 -0.380035 
93 -0.380035 
718 -0.380035 
717 -0.380035 
71 -0.380035 
269 -0.380035 
685 -0.380035 
652 -0.380035 
110 -0.380035 
998 -0.380035 
621 -0.380035 
961 -0.380035 
688 -0.380035 
687 -0.380035 
1008 -0.381960 
874 -0.381960 
256 -0.381960 
871 -0.381960 
866 -0.381960 
339 -0.381960 
1061 -0.381960 
257 -0.381960 
260 -0.381960 
978 -0.381960 
977 -0.381960 
199 -0.381960 
2019 -0.381960 
106 -0.381960 
274 -0.381960 
1062 -0.381960 
710 -0.381960 
1634 -0.381960 
709 -0.381960 
386 -0.381960 
22 -0.381960 
668 -0.381960 
1635 -0.381960 
667 -0.381960 
664 -0.381960 
524 -0.381960 
521 -0.381960 
98 -0.381960 
865 -0.381960 
807 -0.381960 
174 -0.381960 
1823 -0.381960 
1966 -0.381960 
705 -0.381960 
8 -0.395075 
561 -0.395075 
1140 -0.395075 
1139 -0.395075 
1136 -0.395075 
1135 -0.395075 
1133 -0.395075 
2153 -0.395075 
366 -0.395075 
143 -0.395075 
2154 -0.395075 
1143 -0.395075 
415 -0.395075 
2183 -0.395075 
1166 -0.395075 
251 -0.395075 
1851 -0.395075 
1852 -0.395075 
495 -0.395075 
498 -0.395075 
1195 -0.395075 
250 -0.395075 
2258 -0.395075 
2257 -0.395075 
1196 -0.395075 
42 -0.395075 
894 -0.395075 
338 -0.395075 
336 -0.395075 
972 -0.395075 
969 -0.395075 
2186 -0.395967 
1663 -0.395967 
2353 -0.395967 
2354 -0.395967 
1788 -0.395967 
1787 -0.395967 
1664 -0.395967 
944 -0.395967 
1859 -0.395967 
1860 -0.395967 
1961 -0.395967 
1962 -0.395967 
1589 -0.404410 
1963 -0.404410 
2382 -0.404410 
1986 -0.404410 
1299 -0.404410 
1007 -0.404410 
822 -0.404410 
1783 -0.404410 
1590 -0.404410 
2221 -0.405548 
2222 -0.405548 
11 -0.405548 
1460 -0.405548 
1459 -0.405548 
1260 -0.405548 
324 -0.420065 
620 -0.420065 
1229 -0.420065 
384 -0.420065 
1269 -0.420065 
75 -0.420065 
74 -0.420065 
1396 -0.420065 
2336 -0.420065 
217 -0.420065 
1230 -0.420065 
1575 -0.420065 
1111 -0.420065 
2246 -0.420065 
2245 -0.420065 
2335 -0.420065 
902 -0.420065 
453 -0.420065 
618 -0.420065 
1235 -0.420065 
617 -0.420065 
1265 -0.420065 
1268 -0.420065 
1377 -0.420065 
1378 -0.420065 
1112 -0.420065 
1599 -0.432989 
1397 -0.432989 
1800 -0.432989 
850 -0.432989 
481 -0.432989 
1398 -0.432989 
1999 -0.432989 
1169 -0.432989 
2000 -0.432989 
1021 -0.432989 
1933 -0.447376 
2035 -0.447376 
1853 -0.447376 
2390 -0.447376 
2389 -0.447376 
387 -0.447376 
1854 -0.447376 
2036 -0.447376 
694 -0.447376 
2204 -0.447376 
693 -0.447376 
2200 -0.447376 
2199 -0.447376 
2197 -0.447376 
2253 -0.447376 
2254 -0.447376 
862 -0.447894 
1455 -0.447894 
1456 -0.447894 
2210 -0.447894 
9 -0.447894 
1209 -0.447894 
535 -0.456887 
589 -0.456887 
2288 -0.456887 
1375 -0.456887 
1549 -0.456887 
2121 -0.456887 
2122 -0.456887 
1736 -0.456887 
2303 -0.456887 
1376 -0.456887 
2304 -0.456887 
1735 -0.456887 
2184 -0.456887 
1050 -0.459339 
1049 -0.459339 
1410 -0.459339 
1422 -0.459339 
648 -0.459339 
1421 -0.459339 
1513 -0.459339 
877 -0.459339 
1514 -0.459339 
2014 -0.459339 
2145 -0.459339 
500 -0.459339 
1371 -0.470384 
451 -0.470384 
1308 -0.470384 
47 -0.470384 
1286 -0.470384 
570 -0.470384 
1292 -0.470384 
246 -0.470384 
447 -0.470384 
450 -0.470384 
245 -0.470384 
410 -0.470384 
692 -0.470384 
114 -0.470384 
691 -0.470384 
1307 -0.470384 
223 -0.470384 
1691 -0.470384 
849 -0.470384 
1528 -0.470384 
844 -0.470384 
843 -0.470384 
2265 -0.470384 
956 -0.470384 
955 -0.470384 
2250 -0.470384 
209 -0.470384 
208 -0.470384 
1285 -0.470384 
733 -0.470384 
278 -0.470384 
734 -0.470384 
105 -0.477383 
456 -0.477383 
2081 -0.477383 
2341 -0.477383 
715 -0.477383 
716 -0.477383 
141 -0.477383 
2082 -0.477383 
1394 -0.477383 
647 -0.477383 
1393 -0.477383 
666 -0.477383 
248 -0.477383 
1602 -0.477383 
1601 -0.477383 
650 -0.477383 
214 -0.477383 
215 -0.477383 
706 -0.477383 
1600 -0.477383 
1383 -0.477383 
87 -0.477383 
90 -0.477383 
2094 -0.477383 
703 -0.477383 
1386 -0.477383 
1123 -0.477383 
1124 -0.477383 
100 -0.477383 
99 -0.477383 
119 -0.477383 
644 -0.477383 
331 -0.477383 
117 -0.477383 
665 -0.477383 
967 -0.487061 
2364 -0.487061 
2363 -0.487061 
1661 -0.487061 
1811 -0.487061 
1662 -0.487061 
1812 -0.487061 
1872 -0.487061 
2208 -0.487061 
2207 -0.487061 
1692 -0.487061 
1989 -0.487061 
1990 -0.487061 
1508 -0.488165 
1507 -0.488165 
1402 -0.488165 
868 -0.488165 
1607 -0.488165 
1608 -0.488165 
91 -0.488165 
1401 -0.488165 
2133 -0.488165 
2003 -0.488165 
2004 -0.488165 
1372 -0.488165 
485 -0.488165 
196 -0.494924 
674 -0.494924 
1344 -0.494924 
140 -0.494924 
2013 -0.494924 
52 -0.494924 
284 -0.494924 
573 -0.494924 
973 -0.494924 
266 -0.494924 
1343 -0.494924 
104 -0.494924 
120 -0.494924 
242 -0.494924 
24 -0.494924 
1931 -0.494924 
1632 -0.494924 
540 -0.494924 
539 -0.494924 
749 -0.494924 
434 -0.494924 
2302 -0.494924 
2301 -0.494924 
1462 -0.494924 
995 -0.494924 
528 -0.494924 
2296 -0.494924 
1953 -0.494924 
1954 -0.494924 
525 -0.494924 
1497 -0.494924 
12 -0.494924 
504 -0.494924 
149 -0.494924 
996 -0.494924 
