39 1
38 0.445702 
6 0.445702 
30 0.425387 
24 0.419277 
19 0.256292 
13 0.216717 
2 0.187796 
34 0.187796 
27 0.165891 
29 0.111147 
3 0.102159 
35 0.102159 
21 0.094229 
28 0.087163 
18 0.045195 
22 0.034079 
37 0.033416 
5 0.033416 
7 0.033401 
16 -0.016987 
26 -0.025905 
9 -0.054855 
32 -0.096003 
0 -0.096003 
25 -0.110712 
10 -0.134812 
31 -0.152951 
20 -0.162739 
17 -0.255741 
4 -0.262010 
36 -0.262010 
14 -0.276060 
11 -0.311749 
23 -0.323313 
33 -0.383799 
1 -0.383799 
15 -0.414650 
8 -0.475444 
12 -0.480837 
