2314 1
964 3.470325 
367 3.096288 
166 3.052309 
508 3.023873 
1593 2.844342 
328 2.805447 
17 2.785653 
1692 2.756313 
1034 2.733154 
98 2.686529 
943 2.638863 
42 2.634290 
266 2.609279 
2002 2.575289 
680 2.563050 
657 2.560611 
1485 2.553340 
1292 2.524819 
29 2.499874 
891 2.462051 
157 2.453421 
1142 2.435620 
448 2.419319 
1108 2.414340 
1722 2.390974 
1453 2.385261 
393 2.384884 
1350 2.383116 
1409 2.382257 
96 2.381315 
1712 2.379555 
1082 2.369470 
2045 2.366605 
2029 2.335961 
1637 2.322718 
1180 2.311160 
1382 2.309229 
1446 2.306359 
1291 2.305525 
740 2.298157 
1667 2.291374 
771 2.282026 
1605 2.262262 
2153 2.254194 
1487 2.250396 
2208 2.246973 
1801 2.243926 
1132 2.236494 
287 2.233773 
489 2.232733 
485 2.226790 
2298 2.225956 
1798 2.224936 
1100 2.222175 
1375 2.216412 
1208 2.215536 
783 2.214666 
337 2.214067 
1240 2.208614 
1033 2.202711 
1052 2.201212 
2007 2.200431 
1820 2.197747 
1241 2.192156 
870 2.189585 
1231 2.187611 
895 2.183933 
896 2.179702 
1721 2.173329 
612 2.168082 
67 2.166322 
1618 2.163972 
1617 2.160956 
1792 2.156706 
973 2.154943 
1723 2.145240 
2003 2.143414 
474 2.137292 
1759 2.137267 
2279 2.136210 
627 2.118664 
962 2.115040 
378 2.115037 
217 2.114041 
45 2.112879 
324 2.101029 
38 2.100946 
402 2.096828 
1227 2.090132 
1285 2.086708 
2200 2.086418 
1026 2.080809 
929 2.079342 
2219 2.077230 
1623 2.076368 
1903 2.074796 
1184 2.074384 
1590 2.064066 
834 2.062021 
1314 2.060557 
1287 2.059670 
1256 2.056378 
0 2.047463 
107 2.043740 
69 2.043288 
1944 2.040743 
1196 2.039102 
1352 2.036845 
757 2.034304 
2005 2.031734 
1758 2.027495 
899 2.026465 
626 2.025986 
2231 2.023753 
420 2.023687 
400 2.022537 
2100 2.017602 
1432 2.016398 
789 2.012596 
1307 2.011855 
799 2.010736 
1663 2.000840 
697 1.999882 
2054 1.994956 
2138 1.992667 
1935 1.991734 
1200 1.988259 
2078 1.987442 
495 1.981553 
583 1.973736 
859 1.972986 
1890 1.971221 
979 1.968869 
144 1.968090 
54 1.966403 
573 1.963514 
394 1.962500 
1469 1.962016 
483 1.961866 
2244 1.957202 
1931 1.956352 
1366 1.956299 
2174 1.950102 
1774 1.949411 
1351 1.946221 
1193 1.944377 
1544 1.942228 
600 1.930810 
1047 1.928908 
1321 1.923279 
1979 1.921644 
464 1.920609 
1795 1.918827 
57 1.918245 
1915 1.914784 
1687 1.914612 
1110 1.913038 
1396 1.912053 
1478 1.909118 
1155 1.907350 
582 1.907289 
1648 1.900990 
1158 1.900232 
30 1.896973 
914 1.893831 
1347 1.893593 
1839 1.890869 
1101 1.889446 
1535 1.887214 
1831 1.886891 
2295 1.884806 
451 1.884705 
52 1.883186 
646 1.880791 
2053 1.879193 
1748 1.875435 
398 1.874531 
1471 1.872798 
1734 1.870554 
595 1.866657 
560 1.864445 
2062 1.857419 
1127 1.854366 
2292 1.852542 
297 1.847157 
1556 1.842570 
1025 1.838062 
2143 1.830640 
2039 1.822820 
178 1.821909 
1821 1.821521 
177 1.819495 
995 1.819329 
309 1.810268 
349 1.809333 
2179 1.808463 
678 1.805916 
1653 1.804091 
1203 1.803293 
1554 1.798316 
1827 1.789051 
1060 1.786491 
384 1.784978 
1652 1.784039 
574 1.782173 
1666 1.781995 
664 1.773025 
1377 1.772779 
163 1.771451 
1711 1.771221 
1339 1.770378 
1592 1.769418 
925 1.768840 
1317 1.768480 
2240 1.759365 
790 1.758794 
2254 1.755089 
1084 1.753866 
1294 1.753725 
622 1.753430 
1982 1.750862 
1279 1.741202 
867 1.738895 
2189 1.733024 
1697 1.727370 
1147 1.725968 
1679 1.722031 
1586 1.721318 
552 1.717519 
261 1.716247 
795 1.708576 
851 1.705287 
1267 1.705007 
377 1.703872 
1537 1.702412 
857 1.702190 
127 1.701939 
2021 1.699982 
1380 1.695649 
486 1.694376 
1523 1.694233 
2092 1.691650 
339 1.690031 
817 1.689380 
1198 1.688964 
1343 1.683411 
1296 1.683396 
184 1.683228 
170 1.683210 
828 1.680421 
340 1.678978 
307 1.676356 
561 1.675552 
1863 1.672034 
1403 1.671424 
1899 1.668717 
2166 1.668456 
905 1.666885 
1115 1.665180 
1695 1.665143 
1508 1.664544 
1971 1.662247 
1383 1.657268 
428 1.649527 
2019 1.642393 
1848 1.636076 
1232 1.635450 
357 1.632628 
1552 1.631327 
1179 1.630599 
128 1.625809 
2154 1.624742 
1862 1.622401 
1657 1.618918 
1594 1.617740 
150 1.616446 
1706 1.615372 
143 1.614981 
999 1.614103 
2081 1.613291 
1473 1.613134 
957 1.612519 
1833 1.610745 
1028 1.607661 
1264 1.604228 
1609 1.603711 
1081 1.603145 
1614 1.601886 
336 1.601641 
1553 1.599985 
1066 1.598651 
2065 1.598150 
1437 1.597947 
1183 1.594068 
1611 1.593992 
204 1.592773 
1315 1.586444 
1191 1.586123 
618 1.583684 
228 1.582841 
1973 1.582701 
856 1.580517 
277 1.580303 
713 1.579554 
230 1.574813 
1583 1.573647 
671 1.573094 
2115 1.565103 
1575 1.561644 
120 1.561291 
696 1.559924 
1273 1.552153 
218 1.548562 
6 1.548222 
1760 1.545717 
650 1.542839 
1893 1.540072 
1415 1.539005 
634 1.537362 
35 1.534619 
1320 1.533401 
882 1.533321 
1948 1.532246 
1510 1.529603 
1124 1.524091 
1462 1.523839 
1662 1.521657 
1597 1.517544 
81 1.517134 
621 1.516791 
749 1.515949 
2120 1.510887 
2156 1.510412 
457 1.509492 
181 1.506503 
1683 1.505077 
2284 1.503723 
1847 1.502659 
242 1.499946 
1906 1.499017 
1228 1.498490 
911 1.491267 
933 1.490169 
1953 1.486432 
1934 1.485487 
167 1.480891 
371 1.477839 
1244 1.473652 
987 1.471467 
436 1.470546 
149 1.464001 
717 1.454319 
488 1.453950 
2288 1.452666 
2042 1.449817 
1866 1.448185 
122 1.444664 
625 1.442108 
745 1.436374 
2108 1.433673 
653 1.432395 
2027 1.431404 
1533 1.425007 
194 1.421858 
844 1.420548 
989 1.418553 
1418 1.415251 
1507 1.400634 
1454 1.399366 
1737 1.398560 
507 1.382048 
2218 1.378513 
806 1.374195 
1392 1.365443 
1308 1.364455 
1732 1.362033 
1603 1.356916 
1188 1.356166 
1528 1.355193 
541 1.348583 
1288 1.348053 
1236 1.347654 
1817 1.346652 
1371 1.346471 
1077 1.345733 
2257 1.343402 
1726 1.343294 
1598 1.335443 
424 1.330419 
967 1.311963 
2294 1.306089 
1986 1.300350 
838 1.299902 
114 1.295239 
1713 1.288726 
292 1.282352 
974 1.281951 
2012 1.271845 
1135 1.265658 
1018 1.256463 
1876 1.241462 
2303 1.222703 
940 1.222142 
700 1.218900 
727 1.210574 
1387 1.202839 
1939 1.189495 
1477 1.189249 
1413 1.182731 
2010 1.177789 
1120 1.173983 
946 1.157551 
1736 1.146333 
1526 1.144089 
1730 1.143003 
1715 1.137402 
1740 1.128444 
197 1.125932 
1258 1.115551 
22 1.111076 
1499 1.102405 
889 1.098674 
1249 1.094492 
1696 1.092190 
1769 1.078507 
152 1.077404 
885 1.076611 
1089 1.072525 
1802 1.069652 
842 1.068090 
333 1.047433 
598 1.038553 
221 1.008652 
271 1.005263 
2159 1.003823 
2103 0.996285 
854 0.989110 
46 0.949751 
1214 0.877877 
1238 0.874164 
1938 0.863378 
1442 0.853244 
2137 0.851258 
302 0.841277 
1757 0.834968 
117 0.823202 
75 0.821542 
1913 0.779439 
77 0.777912 
1856 0.776829 
1 0.754609 
921 0.652616 
164 0.592794 
628 0.565318 
1455 0.553373 
1924 0.418775 
966 0.405572 
1224 0.295683 
526 0.225700 
1812 0.205960 
1481 0.200483 
1210 0.190827 
1615 0.162865 
1141 0.110541 
1088 0.109699 
1720 0.065926 
2206 0.031903 
1829 0.022436 
1502 -0.006094 
1765 -0.029888 
692 -0.040773 
2124 -0.097982 
199 -0.101370 
2097 -0.117995 
1808 -0.130509 
1750 -0.132740 
1005 -0.153669 
1600 -0.160202 
347 -0.171451 
2133 -0.176713 
124 -0.177651 
718 -0.198045 
1059 -0.199909 
777 -0.205378 
478 -0.210702 
203 -0.211148 
1293 -0.214527 
1001 -0.225464 
105 -0.226351 
329 -0.227656 
16 -0.228413 
1022 -0.234741 
295 -0.236648 
1260 -0.238124 
1006 -0.239948 
1104 -0.255037 
1884 -0.262710 
564 -0.276340 
407 -0.277675 
1131 -0.280319 
953 -0.283371 
318 -0.289856 
2035 -0.293052 
862 -0.298660 
1223 -0.304806 
2144 -0.305812 
1891 -0.306392 
372 -0.311420 
578 -0.320705 
1693 -0.326974 
2282 -0.335804 
1270 -0.338473 
1395 -0.342409 
897 -0.348276 
2014 -0.352587 
1989 -0.360421 
2000 -0.365030 
1918 -0.365203 
362 -0.379998 
278 -0.381274 
1448 -0.385335 
2242 -0.386348 
2165 -0.393704 
682 -0.412469 
2274 -0.414097 
2248 -0.416803 
1656 -0.417425 
2280 -0.421183 
1030 -0.437037 
1673 -0.437446 
721 -0.440469 
1360 -0.440944 
331 -0.442019 
245 -0.443097 
317 -0.444337 
174 -0.445030 
2247 -0.445242 
2091 -0.456818 
1649 -0.464158 
1885 -0.466921 
2041 -0.473172 
254 -0.473771 
2094 -0.476877 
978 -0.477007 
1342 -0.480426 
511 -0.483356 
2225 -0.484151 
2250 -0.485234 
2170 -0.486304 
1624 -0.488729 
1874 -0.489822 
343 -0.491586 
234 -0.493928 
257 -0.494410 
963 -0.495828 
1834 -0.496139 
1976 -0.499913 
1406 -0.503125 
2302 -0.508598 
1566 -0.510423 
1995 -0.514473 
364 -0.515156 
353 -0.517793 
171 -0.519767 
704 -0.524089 
1324 -0.526975 
239 -0.528464 
1901 -0.530014 
577 -0.533926 
863 -0.534105 
28 -0.540956 
1263 -0.541383 
1164 -0.542161 
1408 -0.542290 
794 -0.542380 
714 -0.544288 
1859 -0.544662 
632 -0.548389 
686 -0.549134 
775 -0.550807 
758 -0.552145 
80 -0.552153 
1543 -0.553813 
2217 -0.557127 
212 -0.560385 
728 -0.564709 
1097 -0.567088 
1042 -0.567465 
604 -0.573371 
99 -0.575572 
356 -0.576816 
1130 -0.580761 
1518 -0.581295 
502 -0.581778 
1791 -0.582506 
1062 -0.584540 
334 -0.585574 
238 -0.586111 
2059 -0.591375 
1921 -0.595896 
201 -0.597547 
140 -0.597758 
2135 -0.599327 
1763 -0.601515 
1421 -0.602542 
110 -0.605297 
479 -0.606345 
1960 -0.608131 
1700 -0.612262 
460 -0.612267 
1916 -0.615327 
162 -0.619837 
1150 -0.620099 
1782 -0.622556 
532 -0.624743 
569 -0.626877 
1242 -0.629291 
2269 -0.630383 
2030 -0.631014 
1447 -0.632047 
465 -0.635219 
41 -0.635386 
1626 -0.636576 
769 -0.636635 
109 -0.637894 
1123 -0.638693 
1647 -0.638865 
1430 -0.639037 
1218 -0.643796 
1363 -0.645190 
369 -0.652021 
1551 -0.652102 
1671 -0.652604 
542 -0.652921 
1050 -0.653787 
722 -0.658401 
11 -0.659015 
209 -0.659417 
1560 -0.662548 
126 -0.664403 
811 -0.665624 
781 -0.665855 
637 -0.668797 
1923 -0.669292 
2168 -0.669547 
520 -0.672723 
726 -0.675520 
1217 -0.675724 
1779 -0.676190 
1365 -0.680206 
180 -0.680457 
2239 -0.680548 
2182 -0.681575 
2006 -0.681640 
1174 -0.682158 
2281 -0.685159 
289 -0.685285 
408 -0.688627 
365 -0.689242 
351 -0.689257 
691 -0.690504 
1764 -0.692273 
518 -0.692800 
1331 -0.693387 
1389 -0.693551 
821 -0.694774 
312 -0.694798 
1930 -0.696210 
890 -0.696503 
455 -0.698644 
679 -0.698939 
2148 -0.699723 
112 -0.700235 
66 -0.702297 
1054 -0.702842 
1825 -0.705734 
1705 -0.706320 
752 -0.710828 
608 -0.711116 
1015 -0.712154 
59 -0.714454 
1435 -0.715374 
2031 -0.715753 
250 -0.716889 
1949 -0.716956 
1303 -0.721273 
452 -0.722385 
1496 -0.722688 
1646 -0.722973 
2160 -0.726615 
1851 -0.730271 
1881 -0.730870 
387 -0.731125 
188 -0.733382 
2249 -0.734946 
1419 -0.735485 
2310 -0.735576 
1911 -0.736662 
1247 -0.738020 
2229 -0.739043 
1799 -0.742290 
1665 -0.743665 
1329 -0.743837 
195 -0.745249 
1358 -0.750237 
1173 -0.750808 
546 -0.751253 
1576 -0.752068 
687 -0.752426 
833 -0.752764 
1619 -0.753575 
1420 -0.755576 
1491 -0.757164 
1444 -0.758882 
31 -0.759996 
510 -0.760576 
1772 -0.761569 
359 -0.761960 
1824 -0.762346 
766 -0.762665 
450 -0.762892 
237 -0.763160 
938 -0.768248 
2150 -0.768928 
1261 -0.769738 
739 -0.769790 
1956 -0.772190 
2106 -0.773423 
1156 -0.774262 
433 -0.774793 
2215 -0.776802 
498 -0.777079 
1109 -0.779128 
1068 -0.780766 
1675 -0.781053 
802 -0.782724 
1397 -0.785009 
1717 -0.785458 
2199 -0.785476 
901 -0.785951 
1988 -0.786565 
1207 -0.786569 
661 -0.787980 
1490 -0.790482 
2187 -0.792816 
1629 -0.796986 
414 -0.798076 
444 -0.798393 
571 -0.800765 
917 -0.800791 
396 -0.800874 
2145 -0.800990 
1480 -0.802700 
736 -0.803150 
780 -0.804981 
2260 -0.806923 
516 -0.808085 
2046 -0.809799 
2234 -0.810739 
874 -0.812707 
12 -0.814899 
1206 -0.815358 
1357 -0.816260 
1253 -0.816267 
2285 -0.816361 
306 -0.817032 
585 -0.817918 
2123 -0.818827 
1945 -0.819511 
251 -0.820311 
505 -0.821699 
586 -0.822316 
1943 -0.825023 
1573 -0.825053 
2052 -0.827620 
1524 -0.828210 
1823 -0.831416 
869 -0.833004 
813 -0.833742 
1484 -0.834131 
91 -0.834389 
430 -0.840513 
434 -0.840827 
514 -0.841497 
797 -0.841662 
342 -0.842148 
53 -0.842663 
327 -0.842973 
1186 -0.843492 
675 -0.843712 
1400 -0.848671 
2291 -0.848986 
1870 -0.849495 
643 -0.851045 
596 -0.851477 
927 -0.851671 
1887 -0.852872 
1571 -0.854100 
2113 -0.854491 
2297 -0.854660 
1353 -0.854778 
960 -0.854995 
227 -0.855096 
1570 -0.856438 
1114 -0.856594 
2033 -0.856784 
481 -0.857958 
658 -0.858447 
666 -0.858455 
299 -0.858681 
484 -0.859020 
94 -0.862925 
1842 -0.864270 
1137 -0.865104 
1606 -0.865877 
683 -0.866388 
1488 -0.867471 
1548 -0.867728 
159 -0.869000 
381 -0.870080 
1355 -0.870754 
1640 -0.872937 
1486 -0.874664 
703 -0.875527 
207 -0.878075 
1894 -0.878244 
2044 -0.883325 
1299 -0.885550 
1998 -0.887084 
2036 -0.887112 
551 -0.887275 
894 -0.887830 
88 -0.888436 
442 -0.889283 
535 -0.891677 
2083 -0.891832 
2210 -0.892115 
1755 -0.893526 
87 -0.894277 
1163 -0.896393 
606 -0.897534 
1877 -0.897883 
1374 -0.898166 
79 -0.898482 
101 -0.900924 
2066 -0.901591 
2140 -0.902007 
1095 -0.902029 
614 -0.904446 
375 -0.906373 
2175 -0.906510 
1370 -0.906686 
1595 -0.906695 
1276 -0.907655 
1806 -0.907681 
1318 -0.910732 
1105 -0.910745 
1643 -0.911039 
200 -0.911662 
134 -0.912824 
2084 -0.913509 
492 -0.914290 
1686 -0.914835 
1080 -0.915365 
2075 -0.917081 
931 -0.921591 
620 -0.922044 
1897 -0.922228 
2270 -0.924682 
1660 -0.927064 
1967 -0.928653 
536 -0.928940 
709 -0.929679 
1512 -0.929990 
2126 -0.930057 
2188 -0.930203 
2265 -0.931979 
1013 -0.932788 
1181 -0.933467 
281 -0.934855 
1691 -0.935417 
1093 -0.936725 
1102 -0.937072 
176 -0.938178 
1994 -0.939152 
528 -0.940918 
993 -0.941194 
1427 -0.942009 
735 -0.942722 
1465 -0.945525 
130 -0.947144 
267 -0.949162 
1941 -0.949895 
131 -0.950647 
253 -0.950942 
2131 -0.952503 
1008 -0.954251 
1907 -0.956313 
1654 -0.958459 
893 -0.958547 
135 -0.958648 
153 -0.959367 
48 -0.960807 
190 -0.961112 
1708 -0.961693 
1639 -0.961775 
1542 -0.961812 
1056 -0.962481 
544 -0.963171 
1045 -0.963385 
366 -0.963625 
1337 -0.964066 
1493 -0.965627 
548 -0.965936 
136 -0.966154 
1933 -0.967072 
655 -0.967316 
1019 -0.967498 
984 -0.968034 
2049 -0.969021 
644 -0.969718 
1925 -0.970511 
710 -0.971958 
699 -0.973739 
2232 -0.974924 
211 -0.975933 
1002 -0.975982 
1483 -0.977275 
2273 -0.977297 
1211 -0.977327 
260 -0.978493 
1075 -0.978610 
1743 -0.978738 
558 -0.979084 
2017 -0.980793 
3 -0.982568 
1037 -0.984176 
1632 -0.985018 
716 -0.985228 
693 -0.988271 
9 -0.988544 
1527 -0.989567 
2107 -0.989765 
473 -0.991471 
1633 -0.993710 
2079 -0.994065 
1987 -0.998247 
959 -0.999038 
320 -1.000875 
1641 -1.001052 
467 -1.001361 
222 -1.001961 
876 -1.003169 
493 -1.003671 
2222 -1.004277 
865 -1.006091 
1304 -1.007728 
1710 -1.009247 
1818 -1.013037 
70 -1.014492 
2193 -1.015713 
459 -1.015960 
592 -1.016338 
2256 -1.016505 
470 -1.016706 
1332 -1.017637 
616 -1.017717 
603 -1.019004 
27 -1.021401 
1770 -1.022172 
706 -1.022281 
827 -1.024105 
1170 -1.025976 
1010 -1.028527 
1519 -1.028633 
325 -1.029172 
2060 -1.029827 
2266 -1.029898 
2048 -1.031114 
630 -1.031361 
991 -1.032601 
1558 -1.033728 
1522 -1.033749 
1549 -1.035151 
2117 -1.035279 
1580 -1.036979 
285 -1.038081 
803 -1.038905 
1116 -1.038908 
1621 -1.040932 
948 -1.042307 
415 -1.043730 
1589 -1.044650 
2201 -1.045339 
215 -1.045922 
983 -1.046510 
1464 -1.048659 
554 -1.049300 
2121 -1.050193 
401 -1.051810 
2276 -1.051957 
1016 -1.054216 
2163 -1.054454 
588 -1.055748 
1636 -1.056932 
1316 -1.058694 
761 -1.059121 
1192 -1.059684 
1727 -1.060102 
418 -1.062747 
1676 -1.063067 
2252 -1.063148 
102 -1.063359 
33 -1.063740 
61 -1.064340 
816 -1.065225 
37 -1.066807 
742 -1.069348 
1283 -1.069748 
2264 -1.070314 
935 -1.070386 
390 -1.070540 
1152 -1.070661 
298 -1.070866 
788 -1.071817 
900 -1.072600 
1325 -1.073768 
233 -1.074378 
2306 -1.075410 
1472 -1.076832 
2194 -1.076932 
392 -1.077268 
1457 -1.077276 
1161 -1.078765 
463 -1.080032 
913 -1.080885 
1786 -1.081672 
649 -1.081945 
85 -1.082364 
751 -1.082661 
1096 -1.083453 
830 -1.083509 
1461 -1.083653 
1546 -1.085016 
1372 -1.085196 
1955 -1.085761 
1322 -1.086757 
1781 -1.087463 
1036 -1.087963 
43 -1.088686 
1286 -1.089741 
660 -1.091462 
1252 -1.091804 
1790 -1.092684 
7 -1.093529 
404 -1.094981 
1428 -1.095631 
589 -1.097104 
95 -1.098027 
354 -1.098809 
2311 -1.099289 
15 -1.100090 
499 -1.101608 
1220 -1.102594 
2224 -1.104956 
422 -1.105419 
265 -1.105843 
1873 -1.108558 
500 -1.109496 
868 -1.109748 
383 -1.110948 
1136 -1.111104 
308 -1.111772 
1290 -1.112127 
106 -1.113351 
1865 -1.113757 
904 -1.118878 
480 -1.119985 
2125 -1.120692 
1369 -1.121379 
226 -1.123357 
2087 -1.125040 
2086 -1.126876 
2076 -1.127092 
272 -1.128218 
951 -1.129188 
68 -1.129201 
2196 -1.130771 
549 -1.130775 
1694 -1.132008 
1864 -1.132893 
1346 -1.134202 
314 -1.134878 
744 -1.135074 
25 -1.135346 
2080 -1.136822 
2173 -1.137505 
426 -1.137677 
1745 -1.141036 
2070 -1.141040 
656 -1.142343 
2051 -1.142739 
1974 -1.143181 
186 -1.144520 
530 -1.146320 
689 -1.147736 
23 -1.148606 
97 -1.148925 
1411 -1.148931 
1838 -1.149037 
284 -1.149434 
1981 -1.149574 
18 -1.149734 
942 -1.151414 
556 -1.152050 
1467 -1.152972 
111 -1.153817 
2020 -1.155337 
1880 -1.155490 
491 -1.155622 
1844 -1.156252 
2223 -1.156714 
468 -1.157041 
602 -1.157947 
1778 -1.158027 
395 -1.158028 
590 -1.158770 
2192 -1.158880 
1908 -1.159370 
2130 -1.162210 
823 -1.163694 
1608 -1.163764 
1787 -1.164143 
2262 -1.164290 
1151 -1.165474 
1195 -1.168307 
1703 -1.168491 
524 -1.168580 
1803 -1.168647 
291 -1.169664 
1963 -1.170966 
1702 -1.171149 
185 -1.171317 
419 -1.171689 
810 -1.172071 
779 -1.172336 
2116 -1.172470 
2152 -1.173103 
1505 -1.173788 
191 -1.174724 
1091 -1.176081 
1146 -1.176199 
441 -1.176541 
1280 -1.177740 
1596 -1.177772 
1690 -1.178137 
1065 -1.178488 
770 -1.179744 
1968 -1.180308 
724 -1.180354 
213 -1.182545 
313 -1.182707 
2088 -1.182880 
256 -1.182976 
1458 -1.183216 
1040 -1.184011 
323 -1.184931 
826 -1.185138 
1032 -1.185547 
1470 -1.186381 
872 -1.186561 
1685 -1.186563 
733 -1.186892 
670 -1.188056 
968 -1.188245 
1099 -1.188534 
240 -1.188851 
2253 -1.189292 
338 -1.190455 
2064 -1.190591 
2071 -1.190868 
1168 -1.191204 
2057 -1.192137 
832 -1.192215 
659 -1.193085 
786 -1.193122 
458 -1.193144 
1746 -1.194283 
796 -1.195143 
818 -1.195402 
762 -1.195631 
1495 -1.195760 
1545 -1.196225 
1729 -1.198548 
2146 -1.199013 
1869 -1.199323 
698 -1.199556 
581 -1.203360 
875 -1.203582 
2177 -1.204290 
2141 -1.206348 
2181 -1.206997 
970 -1.207082 
559 -1.207234 
403 -1.208285 
609 -1.211448 
2185 -1.214130 
1634 -1.215722 
1086 -1.215801 
1235 -1.216629 
2293 -1.217436 
445 -1.218830 
1046 -1.219266 
1947 -1.220022 
1852 -1.220492 
10 -1.220830 
311 -1.221135 
1230 -1.221247 
1854 -1.222079 
472 -1.222889 
785 -1.223953 
883 -1.224686 
1248 -1.224955 
2025 -1.226206 
1476 -1.226660 
615 -1.228343 
807 -1.228594 
1153 -1.232829 
145 -1.234256 
1964 -1.235112 
1561 -1.238510 
139 -1.239184 
996 -1.240881 
1140 -1.240890 
147 -1.241336 
1784 -1.241739 
1585 -1.242013 
1424 -1.242277 
2277 -1.242422 
1450 -1.243357 
1378 -1.243928 
981 -1.243979 
958 -1.245188 
1234 -1.246083 
1475 -1.246476 
804 -1.246769 
1853 -1.246973 
1962 -1.247885 
2099 -1.249322 
2009 -1.249831 
24 -1.249915 
449 -1.249962 
730 -1.250237 
837 -1.250591 
1494 -1.250612 
1295 -1.250692 
1604 -1.251061 
845 -1.251142 
1500 -1.251551 
1049 -1.251963 
1992 -1.252267 
537 -1.252352 
1841 -1.252550 
509 -1.252873 
391 -1.254800 
1752 -1.255269 
1970 -1.255720 
1631 -1.258104 
754 -1.261588 
2300 -1.261961 
49 -1.262965 
2214 -1.263979 
322 -1.264317 
192 -1.264466 
741 -1.265768 
1148 -1.266749 
36 -1.267173 
1057 -1.268903 
2073 -1.270008 
2001 -1.272627 
1456 -1.275018 
1399 -1.275818 
411 -1.275821 
1972 -1.276109 
1348 -1.277764 
1858 -1.279164 
642 -1.280201 
1805 -1.280289 
1243 -1.280483 
1793 -1.281376 
219 -1.281583 
1312 -1.282491 
1272 -1.282913 
1162 -1.283092 
282 -1.283637 
2022 -1.283770 
1966 -1.284563 
1814 -1.286192 
1843 -1.287276 
1883 -1.287340 
610 -1.287614 
674 -1.289221 
521 -1.289579 
2111 -1.289662 
2261 -1.290800 
1682 -1.291264 
992 -1.292258 
280 -1.294436 
73 -1.294975 
1578 -1.295149 
748 -1.295630 
566 -1.296132 
1165 -1.296350 
1379 -1.297576 
386 -1.299024 
355 -1.299263 
501 -1.299349 
2032 -1.299485 
165 -1.300145 
1079 -1.300972 
137 -1.301025 
288 -1.301163 
613 -1.304696 
19 -1.306110 
346 -1.307031 
1305 -1.308011 
1003 -1.309281 
1716 -1.310083 
918 -1.310541 
814 -1.311463 
1391 -1.311507 
1773 -1.311848 
1119 -1.313096 
916 -1.313753 
836 -1.314163 
1520 -1.314868 
50 -1.315679 
1388 -1.315833 
1072 -1.316431 
667 -1.316499 
909 -1.317122 
2238 -1.317221 
1514 -1.317335 
370 -1.318105 
997 -1.318464 
1438 -1.318471 
1837 -1.319981 
56 -1.320238 
169 -1.320589 
1344 -1.321179 
1433 -1.322028 
2139 -1.323634 
1796 -1.323751 
1302 -1.325803 
205 -1.325833 
2245 -1.326422 
1531 -1.326550 
937 -1.326674 
1509 -1.326888 
2037 -1.328878 
1668 -1.328942 
1265 -1.329554 
1630 -1.329798 
1563 -1.330852 
860 -1.331095 
232 -1.331583 
878 -1.335409 
1567 -1.337603 
2220 -1.338167 
1766 -1.338658 
852 -1.338698 
2183 -1.340053 
1768 -1.340302 
1386 -1.341264 
269 -1.341929 
985 -1.342153 
843 -1.342296 
523 -1.342842 
538 -1.343053 
1023 -1.344570 
1719 -1.344808 
1530 -1.345619 
249 -1.345776 
763 -1.346227 
121 -1.346357 
1672 -1.347496 
182 -1.347658 
1336 -1.348206 
1929 -1.348746 
2305 -1.349439 
1959 -1.350515 
273 -1.350667 
639 -1.351104 
955 -1.351988 
1300 -1.353323 
1038 -1.354200 
376 -1.354234 
1073 -1.354666 
1747 -1.355748 
1229 -1.356848 
515 -1.359183 
115 -1.360354 
303 -1.361341 
1175 -1.361493 
244 -1.361610 
1689 -1.362077 
116 -1.364659 
1310 -1.364789 
1577 -1.365359 
910 -1.366529 
103 -1.369565 
421 -1.369704 
773 -1.372055 
60 -1.372283 
1587 -1.372320 
158 -1.372597 
1311 -1.373055 
801 -1.373924 
1581 -1.374280 
1588 -1.374835 
812 -1.375655 
1071 -1.376043 
887 -1.377916 
241 -1.379196 
1167 -1.382475 
1888 -1.383049 
971 -1.383245 
743 -1.383494 
1061 -1.383556 
63 -1.383696 
276 -1.386405 
389 -1.387522 
1860 -1.389336 
980 -1.390538 
1919 -1.390885 
705 -1.393604 
1405 -1.394088 
866 -1.394721 
1334 -1.394786 
374 -1.395927 
1777 -1.397988 
206 -1.398551 
1753 -1.398957 
1980 -1.399852 
1128 -1.400014 
440 -1.400050 
1439 -1.400716 
529 -1.400854 
173 -1.401454 
1984 -1.403111 
1997 -1.404009 
2230 -1.405280 
824 -1.406670 
2236 -1.407310 
594 -1.408014 
1751 -1.409456 
1020 -1.409506 
638 -1.411965 
380 -1.412123 
2069 -1.413199 
2286 -1.414525 
846 -1.414838 
936 -1.415342 
1515 -1.415530 
576 -1.418819 
1069 -1.419163 
1538 -1.420799 
2184 -1.421277 
65 -1.421281 
2024 -1.421933 
934 -1.422077 
772 -1.424069 
1940 -1.425100 
89 -1.425220 
677 -1.425981 
40 -1.426251 
1275 -1.428223 
1996 -1.429264 
1742 -1.430168 
2109 -1.431767 
820 -1.432159 
829 -1.432886 
969 -1.434058 
767 -1.437144 
1516 -1.437384 
672 -1.437631 
1896 -1.439652 
808 -1.439777 
1313 -1.440353 
2202 -1.440900 
1027 -1.441967 
2089 -1.442065 
879 -1.442188 
871 -1.442626 
555 -1.442923 
360 -1.443189 
438 -1.445616 
275 -1.445849 
409 -1.446051 
2157 -1.446097 
2112 -1.447453 
2241 -1.447769 
1271 -1.447971 
2290 -1.447998 
2176 -1.448016 
575 -1.448080 
1422 -1.451714 
348 -1.452185 
1425 -1.452266 
210 -1.454731 
784 -1.454751 
2271 -1.455962 
1381 -1.456614 
471 -1.456677 
1638 -1.457049 
1117 -1.457278 
1811 -1.457675 
2119 -1.457680 
476 -1.458291 
2212 -1.459355 
1680 -1.459967 
1113 -1.460263 
1613 -1.460827 
648 -1.461217 
379 -1.463574 
461 -1.464755 
708 -1.465279 
1504 -1.466689 
2072 -1.466958 
1541 -1.467904 
787 -1.468624 
475 -1.469059 
619 -1.469187 
1139 -1.469276 
765 -1.470937 
849 -1.470984 
1014 -1.472146 
1178 -1.475277 
225 -1.475325 
1568 -1.476590 
975 -1.477056 
1733 -1.477661 
2008 -1.478578 
417 -1.479035 
1794 -1.479930 
1345 -1.481028 
1134 -1.481110 
647 -1.482168 
1364 -1.482355 
1087 -1.482982 
641 -1.483143 
2233 -1.483301 
93 -1.483366 
1946 -1.483599 
1297 -1.483629 
2205 -1.485700 
944 -1.487624 
668 -1.488280 
864 -1.489282 
2296 -1.490309 
663 -1.490478 
2203 -1.491148 
1268 -1.493508 
1197 -1.493672 
1118 -1.494006 
990 -1.494637 
469 -1.494661 
1009 -1.495994 
1744 -1.496079 
262 -1.496324 
1532 -1.497788 
274 -1.499043 
850 -1.499383 
1043 -1.501114 
2 -1.502637 
2197 -1.503569 
950 -1.503974 
388 -1.504132 
768 -1.505254 
1620 -1.505637 
1728 -1.506018 
902 -1.506436 
361 -1.507518 
172 -1.509131 
1836 -1.509432 
196 -1.510259 
841 -1.511222 
1402 -1.511820 
2134 -1.512295 
1259 -1.512743 
416 -1.513777 
952 -1.514775 
1785 -1.515682 
877 -1.516137 
1539 -1.516395 
2056 -1.516742 
496 -1.516865 
2237 -1.518641 
1681 -1.519542 
1199 -1.519832 
774 -1.519914 
1688 -1.520315 
231 -1.521708 
1257 -1.521738 
732 -1.521878 
547 -1.521950 
723 -1.522725 
1035 -1.522863 
71 -1.523120 
1957 -1.524295 
1213 -1.524860 
976 -1.528390 
2227 -1.528600 
2308 -1.529796 
1202 -1.530393 
1627 -1.530712 
1125 -1.531700 
947 -1.533229 
729 -1.533335 
912 -1.535904 
886 -1.537471 
1628 -1.537867 
2101 -1.538671 
941 -1.538830 
734 -1.539782 
1070 -1.539812 
1429 -1.540140 
2304 -1.540820 
922 -1.542429 
1990 -1.542755 
1055 -1.544261 
1144 -1.545028 
86 -1.550079 
753 -1.551171 
286 -1.551347 
1999 -1.551513 
1441 -1.553194 
223 -1.554443 
397 -1.556257 
447 -1.558322 
300 -1.558460 
1333 -1.558828 
1171 -1.558891 
1138 -1.559006 
1053 -1.560668 
2162 -1.561985 
1616 -1.566613 
1707 -1.567100 
1177 -1.567651 
224 -1.567896 
1440 -1.568588 
1978 -1.568872 
1835 -1.569888 
1078 -1.570080 
1977 -1.570178 
580 -1.570319 
2211 -1.571589 
2128 -1.572063 
1809 -1.572422 
1872 -1.573259 
557 -1.573761 
423 -1.574156 
439 -1.575040 
2149 -1.575895 
1902 -1.576589 
133 -1.578108 
2098 -1.578685 
848 -1.578814 
715 -1.578872 
263 -1.579670 
2018 -1.580788 
1678 -1.581067 
1176 -1.581142 
2209 -1.584674 
1868 -1.584892 
654 -1.585374 
982 -1.587017 
759 -1.587291 
1942 -1.587980 
321 -1.588090 
118 -1.588305 
2204 -1.588425 
246 -1.588709 
892 -1.588850 
1958 -1.589193 
1169 -1.590213 
711 -1.590920 
92 -1.592331 
1789 -1.592568 
2307 -1.592981 
39 -1.593178 
1788 -1.593217 
229 -1.594661 
920 -1.596242 
1326 -1.596706 
684 -1.597307 
1670 -1.597864 
881 -1.598153 
2118 -1.598643 
1404 -1.600863 
764 -1.601389 
907 -1.604375 
1328 -1.605616 
1185 -1.605729 
1650 -1.606301 
539 -1.606756 
669 -1.607072 
1145 -1.611233 
62 -1.612770 
593 -1.613526 
949 -1.615690 
1559 -1.616504 
432 -1.616705 
924 -1.617248 
1905 -1.618608 
1085 -1.620966 
2093 -1.622380 
512 -1.622989 
264 -1.623002 
2191 -1.623650 
1410 -1.624809 
1807 -1.625920 
1463 -1.626853 
1460 -1.626998 
636 -1.627550 
1076 -1.628079 
1385 -1.628407 
1281 -1.628655 
1797 -1.629288 
690 -1.629606 
154 -1.630080 
513 -1.630228 
1277 -1.630675 
1212 -1.631401 
1112 -1.631641 
2129 -1.632571 
1251 -1.632686 
487 -1.633307 
32 -1.633890 
466 -1.636127 
1335 -1.636284 
216 -1.637150 
1449 -1.637603 
2299 -1.638501 
1278 -1.638696 
1699 -1.638798 
2258 -1.639929 
793 -1.640321 
1534 -1.641121 
1233 -1.641401 
2105 -1.641700 
344 -1.642631 
1920 -1.643565 
2068 -1.644862 
1401 -1.645269 
746 -1.645343 
1895 -1.646562 
1547 -1.651331 
880 -1.654943 
645 -1.655017 
1255 -1.655456 
1622 -1.655600 
919 -1.655927 
1301 -1.656116 
565 -1.657622 
1661 -1.657749 
906 -1.657821 
531 -1.659197 
74 -1.659299 
673 -1.659470 
755 -1.659535 
1443 -1.660011 
2161 -1.660131 
1904 -1.660277 
13 -1.660486 
146 -1.660537 
1356 -1.660893 
1780 -1.662043 
1910 -1.665257 
2016 -1.666299 
972 -1.666459 
1775 -1.669342 
247 -1.670352 
1669 -1.671212 
562 -1.674128 
1390 -1.674150 
304 -1.674913 
1584 -1.675684 
1914 -1.675938 
1031 -1.676343 
410 -1.677805 
1497 -1.678340 
1709 -1.678581 
747 -1.678607 
296 -1.680496 
1513 -1.680568 
605 -1.681064 
1635 -1.681955 
928 -1.682199 
141 -1.682402 
994 -1.683816 
1187 -1.683945 
2186 -1.685097 
1819 -1.686198 
1735 -1.686398 
2278 -1.687469 
1064 -1.687487 
2169 -1.688694 
1900 -1.688914 
1749 -1.689557 
662 -1.690993 
2026 -1.693148 
412 -1.693307 
1511 -1.693503 
1204 -1.695593 
252 -1.695890 
635 -1.696478 
160 -1.696649 
44 -1.696846 
1245 -1.697564 
1111 -1.700280 
1426 -1.700799 
1846 -1.701056 
986 -1.701198 
151 -1.701487 
939 -1.701498 
305 -1.702021 
570 -1.702083 
1398 -1.702206 
1529 -1.703221 
756 -1.703824 
1761 -1.704236 
915 -1.709438 
1222 -1.712663 
1250 -1.712900 
1340 -1.713005 
283 -1.713846 
1274 -1.714682 
1822 -1.714827 
2263 -1.714904 
132 -1.716409 
1756 -1.716838 
1879 -1.716852 
84 -1.717708 
259 -1.718431 
1092 -1.721012 
1724 -1.721411 
760 -1.721742 
55 -1.722549 
1226 -1.724647 
977 -1.725336 
1024 -1.725697 
2190 -1.725725 
1074 -1.726144 
1815 -1.729565 
998 -1.730153 
1889 -1.730936 
270 -1.732160 
2040 -1.733457 
1107 -1.733659 
688 -1.734138 
1950 -1.734846 
738 -1.735631 
737 -1.735805 
1557 -1.736354 
1459 -1.736630 
2272 -1.738499 
1094 -1.739216 
268 -1.739484 
1572 -1.740665 
1215 -1.741746 
1536 -1.741866 
519 -1.742184 
587 -1.743459 
429 -1.744512 
399 -1.745296 
83 -1.746545 
822 -1.746599 
1201 -1.748211 
533 -1.748293 
1239 -1.748893 
2195 -1.749023 
435 -1.750314 
1269 -1.750499 
1266 -1.751428 
446 -1.751951 
847 -1.752018 
20 -1.752382 
1754 -1.752612 
2155 -1.752806 
310 -1.753158 
316 -1.753226 
1810 -1.754595 
1067 -1.755395 
1564 -1.756176 
1506 -1.756243 
815 -1.757264 
504 -1.757805 
525 -1.757971 
1830 -1.758291 
1041 -1.758790 
1126 -1.759871 
2221 -1.760263 
1731 -1.761179 
1407 -1.761688 
1892 -1.763494 
1878 -1.763630 
1610 -1.763720 
853 -1.766321 
1367 -1.767927 
1157 -1.768749 
413 -1.769077 
1225 -1.771380 
454 -1.772307 
601 -1.773400 
51 -1.775084 
168 -1.776400 
2228 -1.776504 
1659 -1.776882 
1655 -1.777049 
930 -1.778294 
1219 -1.780456 
825 -1.780678 
1159 -1.780892 
1684 -1.782026 
2061 -1.782479 
1952 -1.783532 
1306 -1.784750 
1861 -1.784890 
2259 -1.784946 
1936 -1.785152 
926 -1.786463 
1048 -1.788027 
1521 -1.788337 
858 -1.788580 
1466 -1.788649 
425 -1.789545 
2213 -1.789567 
1063 -1.790948 
2178 -1.791025 
64 -1.791970 
34 -1.793200 
330 -1.793288 
1855 -1.793570 
791 -1.794995 
1349 -1.795717 
1840 -1.799121 
427 -1.799296 
1189 -1.799535 
1579 -1.800218 
1221 -1.801077 
2063 -1.802350 
702 -1.803220 
363 -1.803255 
1501 -1.803897 
1698 -1.803904 
778 -1.804863 
1909 -1.804905 
5 -1.804908 
1739 -1.805636 
1012 -1.805733 
1044 -1.806784 
1451 -1.806970 
58 -1.807939 
1503 -1.808575 
1804 -1.810554 
4 -1.811172 
129 -1.811645 
1103 -1.812620 
908 -1.812866 
382 -1.813035 
72 -1.814642 
640 -1.814785 
187 -1.815086 
665 -1.815926 
617 -1.816509 
490 -1.817702 
694 -1.818431 
1417 -1.818860 
1969 -1.819469 
497 -1.820332 
776 -1.820373 
2074 -1.820727 
633 -1.820851 
1849 -1.824766 
1961 -1.827163 
572 -1.827349 
2077 -1.827698 
1718 -1.829472 
100 -1.832085 
14 -1.832197 
1776 -1.832211 
1607 -1.833693 
1209 -1.834911 
1828 -1.835093 
1644 -1.835890 
798 -1.837006 
839 -1.837290 
809 -1.837891 
138 -1.837940 
385 -1.839097 
1384 -1.839554 
406 -1.839988 
611 -1.841139 
2198 -1.844339 
1373 -1.845316 
2110 -1.845508 
903 -1.846325 
258 -1.846865 
2180 -1.846991 
345 -1.847746 
2167 -1.848078 
482 -1.849146 
1871 -1.850143 
405 -1.850512 
731 -1.850622 
1434 -1.851156 
545 -1.851182 
750 -1.851530 
1664 -1.853854 
1983 -1.854710 
1282 -1.856260 
1298 -1.857774 
1106 -1.857942 
543 -1.858670 
1205 -1.858765 
1376 -1.859939 
2013 -1.866511 
1414 -1.866646 
1017 -1.868788 
1436 -1.869118 
1393 -1.869247 
945 -1.870349 
290 -1.872698 
2085 -1.873659 
631 -1.873703 
534 -1.873807 
1284 -1.875979 
1517 -1.877141 
584 -1.879577 
2011 -1.879761 
1154 -1.881043 
90 -1.881283 
855 -1.882596 
2050 -1.883500 
506 -1.883617 
1783 -1.884659 
2216 -1.885759 
1928 -1.885803 
123 -1.886756 
2309 -1.887430 
923 -1.888087 
835 -1.889667 
2268 -1.889700 
1190 -1.890897 
888 -1.893814 
652 -1.894212 
884 -1.894883 
243 -1.895069 
1468 -1.895349 
965 -1.895678 
1338 -1.897736 
599 -1.898381 
819 -1.900020 
2047 -1.900599 
2095 -1.901623 
1677 -1.903357 
1423 -1.903932 
462 -1.904168 
1875 -1.906539 
503 -1.906642 
161 -1.907456 
47 -1.908639 
1479 -1.909822 
1039 -1.913896 
681 -1.914291 
1216 -1.914409 
1149 -1.915053 
527 -1.915810 
1965 -1.916217 
1562 -1.916409 
932 -1.916534 
1323 -1.916678 
1898 -1.919396 
553 -1.921065 
255 -1.921316 
2207 -1.922193 
1912 -1.922262 
591 -1.926875 
1725 -1.926917 
1850 -1.927500 
651 -1.927514 
563 -1.927698 
1011 -1.932382 
1591 -1.933061 
1083 -1.934144 
156 -1.935077 
1254 -1.935812 
1975 -1.936506 
443 -1.938591 
2102 -1.938657 
2289 -1.939621 
597 -1.941131 
567 -1.942337 
873 -1.943730 
1368 -1.943776 
1651 -1.944650 
208 -1.944864 
2255 -1.945207 
898 -1.945571 
26 -1.947155 
1004 -1.947166 
607 -1.947848 
437 -1.948387 
2172 -1.948532 
1813 -1.952433 
1246 -1.953042 
1926 -1.953804 
1431 -1.954463 
1704 -1.954956 
988 -1.956548 
1361 -1.957642 
1601 -1.959883 
175 -1.960207 
954 -1.961030 
332 -1.961363 
1182 -1.961857 
2055 -1.962372 
453 -1.963433 
2151 -1.963552 
540 -1.964747 
2142 -1.966401 
1658 -1.967105 
707 -1.968340 
831 -1.968474 
1160 -1.968541 
456 -1.969364 
2267 -1.973699 
1762 -1.976205 
1327 -1.977899 
1565 -1.981036 
1051 -1.981773 
1645 -1.982754 
1122 -1.986204 
2275 -1.986395 
1882 -1.988333 
1599 -1.988883 
1341 -1.989270 
1194 -1.990230 
568 -1.990730 
2171 -1.991231 
1569 -1.991508 
21 -1.992206 
142 -1.992450 
104 -1.993476 
179 -1.997059 
352 -1.997091 
1492 -1.997344 
431 -1.998274 
1927 -1.998626 
2023 -1.999161 
1021 -2.002206 
76 -2.002992 
2058 -2.003881 
1143 -2.005219 
2313 -2.009686 
2043 -2.009811 
676 -2.011195 
800 -2.011292 
1133 -2.014843 
522 -2.016415 
1574 -2.019527 
2235 -2.019728 
2136 -2.019800 
119 -2.020583 
2226 -2.021037 
1445 -2.021306 
840 -2.022256 
2090 -2.022995 
155 -2.023432 
2104 -2.029983 
350 -2.030681 
1951 -2.032570 
1354 -2.034821 
2004 -2.038940 
2114 -2.040364 
1985 -2.045075 
494 -2.049304 
805 -2.049614 
1954 -2.051507 
1330 -2.057505 
1362 -2.057842 
301 -2.058378 
685 -2.066586 
1029 -2.068634 
1289 -2.071627 
294 -2.072368 
695 -2.074303 
2287 -2.079104 
82 -2.083093 
1741 -2.087514 
701 -2.087694 
293 -2.089264 
517 -2.089268 
1525 -2.089521 
2015 -2.090829 
2164 -2.091017 
2038 -2.100631 
1309 -2.101863 
1000 -2.103107 
148 -2.104480 
1845 -2.107246 
1359 -2.108111 
1416 -2.112790 
1738 -2.115401 
1498 -2.119914 
326 -2.126683 
623 -2.130442 
1452 -2.131356 
1800 -2.133070 
624 -2.137266 
1166 -2.140933 
220 -2.145174 
629 -2.145387 
1816 -2.159891 
1121 -2.160571 
2034 -2.162752 
1602 -2.164695 
1625 -2.166793 
782 -2.169197 
1540 -2.173856 
78 -2.174169 
720 -2.174378 
956 -2.186636 
1098 -2.186729 
2246 -2.188727 
2067 -2.189246 
1642 -2.197166 
1412 -2.197277 
477 -2.199523 
248 -2.204604 
1474 -2.224884 
2028 -2.226125 
335 -2.228000 
2243 -2.229504 
1714 -2.229923 
1007 -2.236912 
2096 -2.237159 
1867 -2.237788 
1993 -2.244035 
1582 -2.244541 
1832 -2.252858 
1319 -2.253377 
2082 -2.261283 
183 -2.266083 
792 -2.268068 
193 -2.274537 
712 -2.276396 
1991 -2.283499 
961 -2.296021 
279 -2.302669 
8 -2.305598 
319 -2.305799 
113 -2.316060 
2158 -2.317105 
315 -2.317972 
1922 -2.327052 
1937 -2.331827 
235 -2.334414 
214 -2.353421 
550 -2.354128 
2301 -2.369087 
2122 -2.374841 
1172 -2.398880 
1674 -2.405394 
1550 -2.408708 
1555 -2.420646 
1932 -2.428839 
189 -2.448163 
1058 -2.451305 
1394 -2.451594 
368 -2.457877 
2132 -2.466151 
2312 -2.470283 
1771 -2.476646 
1857 -2.482096 
1701 -2.487374 
1129 -2.502826 
1237 -2.513644 
198 -2.515395 
373 -2.543328 
1612 -2.550898 
1826 -2.554512 
1917 -2.556452 
1767 -2.560145 
2127 -2.562361 
108 -2.580461 
719 -2.610815 
341 -2.614845 
358 -2.661761 
579 -2.696246 
1489 -2.717081 
2283 -2.719614 
2147 -2.719639 
1482 -2.730793 
1262 -2.740469 
861 -2.756155 
725 -2.774545 
236 -2.933651 
125 -3.006136 
2251 -3.062307 
202 -3.192968 
1090 -3.234180 
1886 -3.289713 
