1446 1
0 1.565531 
1 1.519248 
2 1.918406 
3 1.831748 
4 2.537091 
5 0.218817 
6 1.455768 
7 0.153223 
8 1.771510 
9 2.036872 
10 1.043462 
11 1.189659 
12 1.868942 
13 0.218817 
14 1.519248 
15 1.381500 
16 1.403165 
17 1.587613 
18 1.868942 
19 2.036872 
20 0.821331 
21 1.427818 
22 2.036872 
23 1.107383 
24 1.189659 
25 2.434372 
26 1.381748 
27 1.462403 
28 1.009326 
29 1.574373 
30 1.010183 
31 0.302244 
32 1.009326 
33 1.680743 
34 1.076872 
35 1.321342 
36 1.171570 
37 2.178867 
38 1.662109 
39 0.286035 
40 0.951270 
41 1.519248 
42 1.519248 
43 1.392372 
44 1.443547 
45 1.141365 
46 0.570853 
47 1.483654 
48 1.662109 
49 1.837694 
50 1.296327 
51 1.662109 
52 1.266611 
53 2.061035 
54 1.498565 
55 1.469121 
56 0.218817 
57 1.443547 
58 1.296327 
59 1.398942 
60 1.898776 
61 1.693793 
62 1.653412 
63 1.009326 
64 1.403165 
65 1.010183 
66 1.122736 
67 1.316273 
68 1.296327 
69 1.403165 
70 1.084797 
71 1.075870 
72 1.655804 
73 1.226340 
74 1.439621 
75 1.469121 
76 1.830387 
77 1.189659 
78 1.112830 
79 1.075870 
80 1.851822 
81 2.181489 
82 1.619439 
83 1.439621 
84 -0.658703 
85 1.469121 
86 1.439621 
87 1.527452 
88 1.359067 
89 0.821331 
90 1.565531 
91 1.662109 
92 1.578613 
93 1.443547 
94 1.655804 
95 1.578613 
96 0.821331 
97 1.958369 
98 -0.591357 
99 1.951627 
100 1.509475 
101 1.758501 
102 1.193071 
103 0.020276 
104 1.676030 
105 1.608011 
106 1.569120 
107 -0.639337 
108 1.368453 
109 1.851822 
110 -0.752291 
111 1.316273 
112 1.395535 
113 1.226340 
114 1.317603 
115 1.471172 
116 -0.391331 
117 1.122736 
118 1.610616 
119 1.535500 
120 1.364610 
121 1.578613 
122 1.655804 
123 1.334619 
124 0.570853 
125 1.218939 
126 1.735412 
127 1.359067 
128 1.693793 
129 1.132735 
130 1.851822 
131 0.311392 
132 -1.495432 
133 1.297467 
134 1.277187 
135 -0.391331 
136 1.413194 
137 0.223597 
138 0.479206 
139 1.122736 
140 -0.271360 
141 1.226340 
142 -0.263845 
143 2.338022 
144 1.010183 
145 1.653412 
146 1.299415 
147 -0.561110 
148 1.437282 
149 1.787873 
150 1.308578 
151 1.218939 
152 2.352927 
153 1.595426 
154 1.806058 
155 -0.703528 
156 -0.228921 
157 1.578613 
158 1.364610 
159 1.910627 
160 1.200652 
161 1.426774 
162 1.132361 
163 1.359067 
164 -0.617524 
165 1.455109 
166 0.143107 
167 1.532081 
168 0.974430 
169 2.177121 
170 1.456015 
171 1.043042 
172 1.075870 
173 1.316273 
174 1.471172 
175 -0.263845 
176 1.322670 
177 1.293618 
178 -0.151716 
179 1.084797 
180 1.856787 
181 1.653412 
182 1.455768 
183 1.322670 
184 1.509475 
185 -0.443943 
186 1.084797 
187 1.218939 
188 1.200652 
189 1.565531 
190 1.240811 
191 0.821331 
192 -0.391331 
193 1.509475 
194 2.154417 
195 -0.338769 
196 1.704441 
197 2.289793 
198 1.317603 
199 2.206628 
200 1.413194 
201 0.905617 
202 1.268010 
203 1.471172 
204 1.330888 
205 1.456015 
206 1.625517 
207 1.518649 
208 1.496755 
209 2.503313 
210 0.623342 
211 1.223021 
212 0.081647 
213 1.603875 
214 1.322670 
215 1.140023 
216 0.895118 
217 1.200652 
218 1.266611 
219 1.532081 
220 1.117320 
221 1.316273 
222 1.625517 
223 1.455109 
224 1.415223 
225 1.569887 
226 1.348262 
227 1.535500 
228 1.934692 
229 1.317603 
230 1.774294 
231 1.456015 
232 1.132361 
233 1.235700 
234 1.133030 
235 0.871725 
236 -0.428744 
237 2.143933 
238 2.095638 
239 1.235700 
240 0.674144 
241 1.574373 
242 1.509046 
243 1.630065 
244 1.693793 
245 1.455768 
246 1.486250 
247 2.051220 
248 1.495921 
249 1.349844 
250 1.989329 
251 0.956522 
252 1.235700 
253 1.535500 
254 0.200993 
255 1.686057 
256 0.218817 
257 2.023972 
258 1.595426 
259 2.214526 
260 -0.767154 
261 1.625517 
262 1.344073 
263 2.233392 
264 1.753530 
265 1.262482 
266 1.404969 
267 1.988568 
268 1.413194 
269 1.413194 
270 1.520772 
271 2.262533 
272 1.308578 
273 0.026011 
274 1.383384 
275 1.509475 
276 -0.399309 
277 1.526392 
278 -0.318378 
279 -0.553501 
280 1.348262 
281 1.204399 
282 2.162505 
283 -0.604658 
284 1.220359 
285 1.262482 
286 1.171570 
287 1.568445 
288 1.532081 
289 1.518649 
290 1.160112 
291 -0.553501 
292 1.334457 
293 2.192770 
294 1.595426 
295 1.653412 
296 1.476909 
297 -0.472696 
298 1.266611 
299 0.884187 
300 0.821188 
301 2.201862 
302 -0.604658 
303 0.901643 
304 1.415223 
305 0.956522 
306 1.024544 
307 -0.533778 
308 1.240811 
309 2.206628 
310 0.311392 
311 1.496755 
312 -0.524262 
313 1.535500 
314 0.871725 
315 1.242638 
316 2.192770 
317 1.518649 
318 -0.604658 
319 1.306910 
320 1.565713 
321 1.518649 
322 1.308264 
323 1.415223 
324 2.233392 
325 1.964189 
326 1.520624 
327 1.240811 
328 1.367321 
329 1.322670 
330 1.565713 
331 1.455109 
332 -0.658703 
333 1.220359 
334 -0.435245 
335 1.565531 
336 1.308264 
337 1.732252 
338 2.289793 
339 1.403844 
340 1.714473 
341 1.123778 
342 1.785319 
343 1.293805 
344 1.455768 
345 1.498565 
346 1.574373 
347 1.348262 
348 1.654978 
349 0.871725 
350 1.308264 
351 1.469121 
352 2.137354 
353 1.498565 
354 2.124656 
355 2.044981 
356 1.652743 
357 1.226224 
358 1.876111 
359 1.574373 
360 0.049714 
361 1.262482 
362 2.314722 
363 1.498565 
364 1.621263 
365 0.964180 
366 1.565880 
367 1.785319 
368 1.171570 
369 2.468687 
370 1.439621 
371 2.468687 
372 1.236824 
373 -0.311778 
374 2.132003 
375 2.218928 
376 1.468739 
377 0.949057 
378 1.603875 
379 1.236824 
380 1.565713 
381 1.782233 
382 -0.499720 
383 1.349844 
384 0.616159 
385 1.626720 
386 1.603875 
387 0.956522 
388 1.358081 
389 1.455710 
390 0.905617 
391 -0.263845 
392 0.616159 
393 1.577699 
394 2.289793 
395 -0.271360 
396 0.088505 
397 1.608318 
398 1.368875 
399 1.664844 
400 0.707610 
401 1.302710 
402 1.358081 
403 -0.699361 
404 1.201754 
405 -0.271360 
406 2.091012 
407 1.349844 
408 1.132361 
409 1.355678 
410 1.070039 
411 1.558510 
412 1.495921 
413 1.308578 
414 1.277187 
415 1.226224 
416 -0.417129 
417 0.905617 
418 2.262533 
419 0.019821 
420 0.806102 
421 1.610616 
422 1.565713 
423 1.330107 
424 1.226224 
425 0.830518 
426 2.347508 
427 0.479206 
428 1.364610 
429 1.204399 
430 1.447686 
431 1.368875 
432 1.321342 
433 1.351300 
434 0.775116 
435 -0.435245 
436 -0.563941 
437 -0.617524 
438 0.049714 
439 0.831253 
440 2.142796 
441 -0.153079 
442 2.142796 
443 0.088505 
444 1.381748 
445 1.544551 
446 1.236824 
447 1.242638 
448 1.317603 
449 -0.311778 
450 1.573047 
451 1.532081 
452 -0.618526 
453 2.142796 
454 2.347508 
455 1.610616 
456 1.204399 
457 -0.631684 
458 -0.631684 
459 1.525852 
460 1.427547 
461 1.610616 
462 -0.399309 
463 2.177892 
464 1.603875 
465 -0.767154 
466 1.365042 
467 1.220359 
468 1.495921 
469 0.777295 
470 1.494187 
471 1.367321 
472 1.402012 
473 1.368875 
474 1.961355 
475 0.985744 
476 1.154047 
477 1.201754 
478 1.358081 
479 2.240767 
480 1.672925 
481 1.358352 
482 2.093326 
483 1.172859 
484 -0.591357 
485 1.859140 
486 2.351549 
487 -0.100647 
488 1.468739 
489 1.332184 
490 1.403165 
491 1.069556 
492 1.402012 
493 1.381001 
494 2.057416 
495 1.320436 
496 0.186635 
497 2.142796 
498 1.523876 
499 1.320436 
500 1.201754 
501 1.154047 
502 1.422100 
503 2.468687 
504 1.269488 
505 1.122328 
506 -0.435245 
507 1.348262 
508 1.514730 
509 1.010183 
510 2.468687 
511 1.568445 
512 1.495921 
513 1.211568 
514 1.242638 
515 1.913938 
516 0.184283 
517 1.990828 
518 1.700277 
519 -0.767154 
520 0.949057 
521 1.247572 
522 1.541852 
523 1.568445 
524 1.351300 
525 0.088505 
526 0.730452 
527 1.898776 
528 1.854888 
529 2.131346 
530 2.262533 
531 0.959908 
532 -0.614475 
533 1.868942 
534 1.511971 
535 1.398942 
536 0.949057 
537 -0.511543 
538 0.991641 
539 2.132003 
540 2.347508 
541 1.132735 
542 1.320436 
543 1.908081 
544 -0.907482 
545 1.262482 
546 1.299415 
547 -0.043507 
548 1.810814 
549 0.905617 
550 2.192770 
551 -0.509125 
552 1.184158 
553 -0.617524 
554 1.381001 
555 1.166743 
556 2.588541 
557 1.225842 
558 0.479206 
559 -0.417129 
560 1.365042 
561 0.536692 
562 1.868942 
563 -0.263845 
564 1.407518 
565 1.240811 
566 1.321342 
567 -0.489586 
568 -0.399309 
569 1.500988 
570 1.526718 
571 1.592871 
572 2.258019 
573 -0.688384 
574 1.154466 
575 1.851822 
576 1.318707 
577 1.471622 
578 1.710869 
579 1.274223 
580 1.367321 
581 2.032917 
582 2.134206 
583 1.402012 
584 1.141154 
585 1.367321 
586 1.235009 
587 1.293255 
588 1.308578 
589 1.302710 
590 1.626027 
591 1.454625 
592 1.526392 
593 1.626027 
594 1.407518 
595 -0.164332 
596 -0.417129 
597 1.302710 
598 2.308571 
599 2.233392 
600 -0.603299 
601 -0.400994 
602 1.156231 
603 2.202670 
604 1.422100 
605 1.046105 
606 0.382200 
607 1.368453 
608 0.489498 
609 2.093326 
610 1.421663 
611 1.235700 
612 1.403844 
613 -0.311778 
614 1.154047 
615 1.729735 
616 1.495538 
617 1.351300 
618 1.296327 
619 1.172859 
620 1.492228 
621 1.655470 
622 -0.431320 
623 1.824199 
624 -0.417129 
625 2.085404 
626 1.320436 
627 -0.553501 
628 1.435757 
629 1.160112 
630 1.681113 
631 1.626027 
632 -0.631684 
633 1.297467 
634 1.630065 
635 0.143107 
636 0.938635 
637 1.794794 
638 0.887273 
639 1.595426 
640 0.777295 
641 0.382200 
642 1.382143 
643 1.368453 
644 1.661980 
645 0.059446 
646 2.277917 
647 1.459884 
648 -0.435245 
649 1.527225 
650 1.381001 
651 1.226224 
652 1.242638 
653 1.427057 
654 0.382200 
655 0.311392 
656 1.898724 
657 1.391303 
658 1.382143 
659 2.308571 
660 2.333895 
661 1.343324 
662 1.181469 
663 0.653684 
664 2.308571 
665 -0.599573 
666 1.511971 
667 1.633747 
668 -0.553501 
669 2.074963 
670 1.156231 
671 1.443547 
672 0.640118 
673 1.382143 
674 1.154047 
675 2.130328 
676 1.009842 
677 0.938635 
678 1.655804 
679 1.655470 
680 2.308571 
681 1.435757 
682 1.407518 
683 1.368453 
684 1.106408 
685 1.898776 
686 2.131346 
687 2.137354 
688 1.332184 
689 1.407518 
690 1.898776 
691 1.494187 
692 -0.488923 
693 1.681113 
694 1.616134 
695 1.439452 
696 1.681113 
697 -0.535342 
698 0.640118 
699 2.131346 
700 0.925355 
701 1.934692 
702 1.623855 
703 1.051581 
704 2.657233 
705 -0.639337 
706 1.156231 
707 0.959908 
708 1.748090 
709 1.513270 
710 1.309744 
711 2.295143 
712 1.526392 
713 -0.298509 
714 0.813923 
715 1.576979 
716 0.981313 
717 -0.184261 
718 0.730452 
719 1.526392 
720 1.691665 
721 0.991641 
722 1.106408 
723 2.013520 
724 1.642368 
725 1.985061 
726 1.902647 
727 1.259134 
728 2.093326 
729 0.712702 
730 2.093326 
731 1.184158 
732 1.633431 
733 2.131346 
734 -0.631684 
735 0.730452 
736 1.681113 
737 0.640118 
738 0.449107 
739 1.934692 
740 1.435757 
741 1.608011 
742 1.693793 
743 0.730452 
744 1.710869 
745 1.710869 
746 0.943912 
747 1.509145 
748 2.125001 
749 1.934692 
750 1.455214 
751 1.132735 
752 1.184158 
753 1.204399 
754 0.938635 
755 0.926232 
756 1.479780 
757 1.626720 
758 1.229206 
759 2.137354 
760 1.042847 
761 1.468739 
762 2.750403 
763 1.402012 
764 0.959908 
765 1.664844 
766 1.303513 
767 1.009326 
768 1.308264 
769 1.327930 
770 -0.315150 
771 2.137354 
772 1.447686 
773 0.090166 
774 2.233392 
775 0.286035 
776 1.364610 
777 1.351009 
778 1.439452 
779 1.391303 
780 1.106408 
781 1.373471 
782 0.830518 
783 1.539697 
784 1.576979 
785 2.052922 
786 1.568445 
787 1.463135 
788 0.184283 
789 1.660793 
790 1.024544 
791 -0.639337 
792 0.991641 
793 2.132003 
794 1.353559 
795 1.527452 
796 1.382143 
797 1.403844 
798 2.333895 
799 1.018264 
800 1.717561 
801 2.009982 
802 2.061035 
803 1.266611 
804 1.024544 
805 1.412045 
806 1.455214 
807 1.359934 
808 0.677227 
809 1.773879 
810 0.986134 
811 1.494187 
812 -0.431320 
813 1.213038 
814 1.511971 
815 1.985061 
816 1.431739 
817 2.347508 
818 1.479780 
819 1.160112 
820 2.074963 
821 0.616159 
822 0.449107 
823 0.594496 
824 -0.091465 
825 0.943912 
826 1.297467 
827 1.576979 
828 1.018264 
829 2.313327 
830 1.300921 
831 2.074963 
832 2.537091 
833 0.572634 
834 1.005558 
835 2.132984 
836 1.479780 
837 -0.733654 
838 2.537091 
839 1.539697 
840 1.468739 
841 2.135202 
842 1.365042 
843 1.854888 
844 1.609065 
845 0.449107 
846 1.989329 
847 1.781187 
848 0.640118 
849 -0.431320 
850 0.967402 
851 0.973288 
852 1.421663 
853 0.638406 
854 1.710869 
855 1.213680 
856 1.459645 
857 1.344073 
858 2.537091 
859 2.036872 
860 1.268995 
861 2.443432 
862 1.615594 
863 0.638406 
864 1.277187 
865 -0.500362 
866 1.626720 
867 1.799812 
868 1.421663 
869 -0.311778 
870 1.293805 
871 0.143107 
872 1.358081 
873 1.277187 
874 1.483998 
875 1.455214 
876 1.526013 
877 0.775116 
878 -0.297109 
879 -0.183754 
880 1.582910 
881 1.122736 
882 0.244692 
883 1.084283 
884 0.830518 
885 0.184283 
886 1.655470 
887 1.453099 
888 0.926328 
889 1.332184 
890 1.660793 
891 0.777295 
892 -0.271360 
893 1.511971 
894 1.351009 
895 1.753530 
896 2.132003 
897 1.422100 
898 1.297467 
899 1.403844 
900 1.753530 
901 1.187130 
902 1.200652 
903 1.415223 
904 -0.474192 
905 1.660793 
906 1.293255 
907 0.895118 
908 1.381001 
909 0.143107 
910 1.117088 
911 1.854888 
912 -0.715418 
913 1.539697 
914 -0.894515 
915 2.143564 
916 1.267177 
917 0.830518 
918 1.435757 
919 1.650190 
920 1.854888 
921 1.615594 
922 1.626372 
923 1.781597 
924 0.976466 
925 1.172859 
926 1.155044 
927 1.463135 
928 1.166743 
929 0.775116 
930 1.160112 
931 1.609065 
932 2.314722 
933 1.132735 
934 1.330888 
935 1.387911 
936 1.527452 
937 1.824199 
938 1.641750 
939 -0.380194 
940 2.277917 
941 1.061808 
942 1.453552 
943 1.686057 
944 2.214526 
945 0.775116 
946 1.821398 
947 1.527452 
948 1.155044 
949 1.824199 
950 1.609065 
951 1.551201 
952 0.926328 
953 0.638406 
954 1.155044 
955 2.173413 
956 0.200993 
957 1.084283 
958 1.447686 
959 1.351300 
960 0.853499 
961 1.293805 
962 0.973288 
963 1.236824 
964 -0.617524 
965 1.824199 
966 1.133030 
967 1.070039 
968 1.467954 
969 1.382413 
970 -0.487938 
971 1.303513 
972 -0.814015 
973 1.356776 
974 2.106775 
975 0.973288 
976 2.277917 
977 1.344073 
978 0.949057 
979 0.777295 
980 1.398942 
981 0.757162 
982 0.594496 
983 1.717561 
984 2.093155 
985 1.247572 
986 1.288941 
987 2.008758 
988 1.626720 
989 0.391617 
990 0.215195 
991 1.918406 
992 1.051581 
993 1.201754 
994 1.532854 
995 0.689337 
996 0.896384 
997 0.594496 
998 0.200993 
999 1.655470 
1000 1.293805 
1001 0.976466 
1002 1.353559 
1003 1.409321 
1004 1.422100 
1005 2.218591 
1006 1.084009 
1007 0.192424 
1008 1.299415 
1009 1.439452 
1010 -0.597057 
1011 1.303513 
1012 2.064380 
1013 1.830387 
1014 0.637450 
1015 0.814221 
1016 1.184158 
1017 2.192770 
1018 2.333895 
1019 0.926328 
1020 1.005558 
1021 1.421663 
1022 1.924118 
1023 1.910627 
1024 1.365042 
1025 -0.604658 
1026 1.453552 
1027 1.541852 
1028 0.278010 
1029 1.455710 
1030 0.991641 
1031 1.018264 
1032 1.018264 
1033 -0.195907 
1034 1.024544 
1035 0.679877 
1036 1.398942 
1037 1.391303 
1038 1.407000 
1039 1.660793 
1040 1.344073 
1041 1.218939 
1042 2.052439 
1043 0.362187 
1044 -0.454196 
1045 -0.788607 
1046 0.901398 
1047 1.156231 
1048 2.241294 
1049 0.942071 
1050 -0.841825 
1051 1.753530 
1052 1.051581 
1053 1.486250 
1054 1.387911 
1055 1.471172 
1056 1.496755 
1057 -0.416890 
1058 1.051581 
1059 0.570853 
1060 -0.195082 
1061 1.382413 
1062 1.650190 
1063 1.321342 
1064 1.141365 
1065 2.098451 
1066 1.954671 
1067 -0.397647 
1068 0.901398 
1069 1.226340 
1070 0.616159 
1071 0.943912 
1072 0.479206 
1073 -0.457915 
1074 0.594496 
1075 -0.145128 
1076 1.126243 
1077 1.075870 
1078 0.938635 
1079 1.447686 
1080 1.787873 
1081 1.035088 
1082 0.901398 
1083 1.453552 
1084 0.973288 
1085 0.804521 
1086 2.237123 
1087 0.976466 
1088 1.247572 
1089 -0.500362 
1090 1.394814 
1091 1.985061 
1092 0.200993 
1093 2.097482 
1094 1.032593 
1095 1.364952 
1096 0.959908 
1097 -0.338769 
1098 1.785319 
1099 1.081563 
1100 1.299415 
1101 1.084283 
1102 0.679877 
1103 1.035088 
1104 1.479953 
1105 1.377065 
1106 -0.328533 
1107 1.717561 
1108 1.439452 
1109 1.486250 
1110 1.381748 
1111 0.926328 
1112 1.496755 
1113 1.235009 
1114 -0.736921 
1115 2.333895 
1116 1.664844 
1117 1.609065 
1118 1.625517 
1119 1.431739 
1120 -0.618526 
1121 1.532854 
1122 1.483998 
1123 1.005558 
1124 2.262533 
1125 0.449107 
1126 1.486250 
1127 0.747074 
1128 -0.400994 
1129 1.552075 
1130 0.637450 
1131 1.453552 
1132 1.387911 
1133 0.901398 
1134 -0.487135 
1135 1.220848 
1136 -0.454196 
1137 0.910331 
1138 1.359067 
1139 1.626027 
1140 -0.494266 
1141 1.141365 
1142 1.332184 
1143 0.976466 
1144 -0.399309 
1145 1.544551 
1146 1.541852 
1147 0.637450 
1148 0.793012 
1149 0.084626 
1150 1.381748 
1151 1.426774 
1152 -0.767154 
1153 0.145375 
1154 1.349844 
1155 1.141365 
1156 1.672925 
1157 1.456015 
1158 -0.788607 
1159 1.520772 
1160 0.689337 
1161 1.084797 
1162 1.166743 
1163 0.570853 
1164 0.637450 
1165 1.117088 
1166 1.630065 
1167 1.453695 
1168 0.749166 
1169 1.327930 
1170 0.239016 
1171 -0.391331 
1172 1.330888 
1173 1.114566 
1174 0.445485 
1175 2.249202 
1176 1.351009 
1177 1.910627 
1178 1.459884 
1179 1.455710 
1180 -0.521770 
1181 0.291095 
1182 1.187130 
1183 0.716397 
1184 1.230696 
1185 1.391303 
1186 1.106408 
1187 1.520772 
1188 1.427057 
1189 1.189659 
1190 1.327930 
1191 0.793012 
1192 1.382413 
1193 1.541852 
1194 -0.487938 
1195 0.895118 
1196 -0.760072 
1197 -0.417882 
1198 1.073875 
1199 1.187130 
1200 0.813923 
1201 1.330888 
1202 1.117088 
1203 1.387911 
1204 1.513270 
1205 1.453695 
1206 0.871725 
1207 -0.410921 
1208 1.117088 
1209 1.267518 
1210 -0.065704 
1211 1.155044 
1212 0.910331 
1213 1.661980 
1214 1.247572 
1215 1.184627 
1216 -0.208953 
1217 1.453695 
1218 1.544551 
1219 1.409321 
1220 1.608011 
1221 0.382200 
1222 1.787873 
1223 1.235009 
1224 1.382413 
1225 0.945592 
1226 -0.581243 
1227 1.630065 
1228 1.520772 
1229 1.166743 
1230 1.985061 
1231 0.943912 
1232 1.431739 
1233 1.669773 
1234 1.394814 
1235 1.879653 
1236 1.532854 
1237 -0.723761 
1238 1.455109 
1239 2.100467 
1240 1.035088 
1241 2.101928 
1242 1.334837 
1243 1.426774 
1244 1.171570 
1245 1.830387 
1246 2.258019 
1247 2.061035 
1248 1.409321 
1249 1.691762 
1250 0.910331 
1251 0.193820 
1252 1.455214 
1253 1.544551 
1254 1.830387 
1255 1.735412 
1256 1.084283 
1257 2.177892 
1258 1.717561 
1259 1.268995 
1260 1.525852 
1261 -0.593215 
1262 1.394814 
1263 1.479953 
1264 1.211568 
1265 1.035088 
1266 1.229206 
1267 0.622405 
1268 0.311392 
1269 2.167512 
1270 0.550141 
1271 1.394814 
1272 1.479953 
1273 1.479953 
1274 1.691762 
1275 1.303513 
1276 1.686057 
1277 1.527225 
1278 1.427057 
1279 1.220359 
1280 1.787873 
1281 0.026265 
1282 1.300921 
1283 0.689337 
1284 1.268995 
1285 1.368875 
1286 1.302710 
1287 -0.369831 
1288 1.267177 
1289 -0.597495 
1290 0.184283 
1291 2.074963 
1292 0.146416 
1293 2.392866 
1294 1.608011 
1295 1.267518 
1296 0.793012 
1297 1.810814 
1298 0.689337 
1299 1.172859 
1300 0.747074 
1301 1.551201 
1302 1.235009 
1303 1.476909 
1304 1.576979 
1305 0.916551 
1306 1.288941 
1307 0.813923 
1308 1.785319 
1309 -0.431320 
1310 1.268995 
1311 1.288941 
1312 1.133030 
1313 0.747074 
1314 -0.158022 
1315 0.430222 
1316 -0.428744 
1317 1.993424 
1318 2.289793 
1319 1.327930 
1320 1.373471 
1321 1.910627 
1322 1.993424 
1323 1.513270 
1324 1.661980 
1325 1.463135 
1326 1.571034 
1327 -0.703528 
1328 1.494187 
1329 -0.323447 
1330 2.263778 
1331 1.704441 
1332 1.526013 
1333 0.793012 
1334 1.409321 
1335 1.122962 
1336 0.081647 
1337 1.112830 
1338 1.309744 
1339 -0.791372 
1340 1.334457 
1341 0.195012 
1342 1.070039 
1343 0.059446 
1344 -0.241648 
1345 2.190234 
1346 2.130328 
1347 0.038792 
1348 1.691762 
1349 1.267177 
1350 1.210943 
1351 1.377065 
1352 1.573047 
1353 1.451021 
1354 1.213680 
1355 -0.472696 
1356 1.426774 
1357 1.133030 
1358 1.691762 
1359 1.552075 
1360 2.085404 
1361 0.926232 
1362 2.392866 
1363 1.455710 
1364 0.679877 
1365 1.377065 
1366 0.192424 
1367 1.539697 
1368 1.453099 
1369 -0.151716 
1370 0.933188 
1371 1.288941 
1372 0.910331 
1373 0.813923 
1374 1.395535 
1375 -0.709299 
1376 2.061035 
1377 1.573047 
1378 1.532854 
1379 0.895118 
1380 0.715337 
1381 1.073032 
1382 1.267177 
1383 0.278010 
1384 0.747074 
1385 0.088505 
1386 0.679877 
1387 1.591469 
1388 2.057416 
1389 1.213680 
1390 -0.639337 
1391 1.526013 
1392 -0.487938 
1393 1.306910 
1394 2.058437 
1395 1.395535 
1396 1.132361 
1397 0.214439 
1398 2.181489 
1399 1.928028 
1400 -0.410921 
1401 1.453695 
1402 1.479780 
1403 1.070039 
1404 -0.488923 
1405 1.704441 
1406 -0.043507 
1407 1.918406 
1408 1.331542 
1409 1.513270 
1410 -0.494266 
1411 0.391617 
1412 1.525852 
1413 1.871426 
1414 1.114566 
1415 1.831748 
1416 2.135202 
1417 0.192424 
1418 1.459884 
1419 1.300921 
1420 1.615594 
1421 1.467954 
1422 1.395535 
1423 -0.736028 
1424 1.309744 
1425 1.351009 
1426 1.359934 
1427 1.309744 
1428 -0.043507 
1429 2.153035 
1430 1.005558 
1431 1.427057 
1432 1.552075 
1433 1.735412 
1434 -0.476023 
1435 -0.552642 
1436 0.926232 
1437 -0.423385 
1438 1.918406 
1439 1.084009 
1440 1.954671 
1441 0.195012 
1442 0.638406 
1443 1.967939 
1444 0.956522 
1445 1.359934 
