2132 1
0 -0.423994 
1 -0.161429 
2 0.025415 
3 0.038660 
4 0.148368 
5 0.470065 
6 0.313342 
7 -0.157329 
8 0.009120 
9 0.385222 
10 0.496691 
11 -0.303502 
12 -0.100747 
13 0.489348 
14 -0.378889 
15 -0.254617 
16 -0.149682 
17 -0.075581 
18 -0.383385 
19 0.472767 
20 -0.236238 
21 -0.461706 
22 -0.301622 
23 -0.269684 
24 0.392233 
25 0.166382 
26 0.091616 
27 -0.407629 
28 -0.148719 
29 -0.485597 
30 -0.469178 
31 -0.230361 
32 0.062940 
33 -0.246151 
34 -0.388748 
35 -0.251889 
36 -0.235424 
37 -0.195404 
38 -0.466649 
39 -0.098455 
40 -0.226240 
41 0.145417 
42 -0.390471 
43 -0.498144 
44 0.012811 
45 -0.300071 
46 -0.458914 
47 -0.283137 
48 0.026160 
49 0.120405 
50 -0.213628 
51 0.315205 
52 -0.056754 
53 0.142313 
54 -0.308143 
55 -0.251188 
56 -0.294501 
57 -0.498744 
58 -0.125291 
59 -0.285659 
60 0.271634 
61 0.027239 
62 -0.040374 
63 -0.010498 
64 -0.251642 
65 -0.449100 
66 -0.165815 
67 0.271086 
68 -0.453869 
69 0.467828 
70 0.406807 
71 -0.298019 
72 -0.162218 
73 0.326738 
74 0.350055 
75 -0.489168 
76 -0.005139 
77 0.432517 
78 -0.031254 
79 -0.372607 
80 0.073321 
81 -0.072634 
82 -0.197640 
83 0.352505 
84 0.149533 
85 -0.314379 
86 0.482744 
87 0.328426 
88 0.345210 
89 -0.021734 
90 0.390722 
91 0.065855 
92 0.302320 
93 -0.123594 
94 -0.194590 
95 -0.279145 
96 0.136884 
97 0.227123 
98 0.335745 
99 0.344003 
100 -0.406780 
101 -0.012480 
102 -0.361686 
103 -0.366588 
104 0.227338 
105 -0.030715 
106 -0.150068 
107 -0.145066 
108 -0.182734 
109 -0.265043 
110 -0.014994 
111 0.043630 
112 -0.182253 
113 0.330450 
114 -0.224405 
115 -0.023712 
116 -0.028997 
117 0.086326 
118 -0.362364 
119 0.262363 
120 -0.185803 
121 -0.383400 
122 0.066925 
123 -0.251425 
124 0.261398 
125 0.474610 
126 0.325838 
127 -0.375059 
128 0.179677 
129 0.203507 
130 -0.496567 
131 -0.316648 
132 0.119885 
133 -0.494531 
134 0.038660 
135 0.148368 
136 0.470065 
137 0.313342 
138 -0.157329 
139 0.009120 
140 0.385222 
141 0.496691 
142 -0.303502 
143 -0.100747 
144 0.489348 
145 -0.378889 
146 -0.254617 
147 -0.149682 
148 -0.075581 
149 -0.383385 
150 0.472767 
151 -0.236238 
152 -0.461706 
153 -0.301622 
154 -0.269684 
155 0.392233 
156 0.166382 
157 0.091616 
158 -0.407629 
159 -0.148719 
160 -0.485597 
161 -0.469178 
162 -0.230361 
163 0.062940 
164 -0.246151 
165 -0.388748 
166 -0.251889 
167 -0.235424 
168 -0.195404 
169 -0.466649 
170 -0.098455 
171 -0.226240 
172 0.145417 
173 -0.390471 
174 -0.498144 
175 0.012811 
176 -0.300071 
177 -0.458914 
178 -0.283137 
179 0.026160 
180 0.120405 
181 -0.213628 
182 0.315205 
183 -0.056754 
184 0.142313 
185 -0.308143 
186 -0.251188 
187 -0.294501 
188 -0.498744 
189 -0.125291 
190 -0.285659 
191 0.271634 
192 0.027239 
193 -0.040374 
194 -0.010498 
195 -0.251642 
196 -0.449100 
197 -0.165815 
198 0.271086 
199 -0.453869 
200 0.467828 
201 0.406807 
202 -0.298019 
203 -0.162218 
204 0.326738 
205 0.350055 
206 -0.489168 
207 -0.005139 
208 -0.311134 
209 0.066836 
210 0.342040 
211 -0.179000 
212 0.187216 
213 -0.287520 
214 0.248272 
215 0.058821 
216 -0.087841 
217 0.381313 
218 -0.441898 
219 0.338149 
220 0.472523 
221 0.228907 
222 0.447535 
223 0.381111 
224 0.199687 
225 -0.330271 
226 0.266204 
227 -0.381692 
228 -0.109116 
229 -0.253627 
230 0.128679 
231 -0.253854 
232 -0.353854 
233 -0.212395 
234 0.440956 
235 -0.495976 
236 0.336301 
237 0.371177 
238 -0.112959 
239 -0.179205 
240 0.196680 
241 0.170393 
242 -0.223697 
243 -0.415102 
244 -0.230864 
245 -0.361409 
246 0.238623 
247 -0.493881 
248 -0.103895 
249 -0.075866 
250 -0.328673 
251 -0.119268 
252 -0.259907 
253 0.050114 
254 0.112511 
255 -0.202286 
256 -0.171332 
257 -0.097144 
258 -0.259907 
259 0.038660 
260 0.148368 
261 0.470065 
262 0.313342 
263 -0.157329 
264 0.009120 
265 0.385222 
266 0.496691 
267 -0.303502 
268 -0.100747 
269 0.489348 
270 -0.378889 
271 -0.254617 
272 -0.149682 
273 -0.075581 
274 -0.383385 
275 0.472767 
276 -0.236238 
277 -0.461706 
278 -0.301622 
279 -0.269684 
280 0.392233 
281 0.166382 
282 0.091616 
283 -0.407629 
284 -0.148719 
285 -0.485597 
286 -0.469178 
287 -0.230361 
288 0.062940 
289 -0.246151 
290 -0.388748 
291 -0.251889 
292 -0.235424 
293 -0.195404 
294 -0.466649 
295 -0.098455 
296 -0.226240 
297 0.145417 
298 -0.390471 
299 -0.498144 
300 0.012811 
301 -0.300071 
302 -0.458914 
303 -0.283137 
304 0.026160 
305 0.120405 
306 -0.213628 
307 0.315205 
308 -0.056754 
309 0.142313 
310 -0.308143 
311 -0.251188 
312 -0.294501 
313 -0.498744 
314 -0.125291 
315 -0.285659 
316 0.271634 
317 0.027239 
318 -0.040374 
319 -0.010498 
320 -0.251642 
321 -0.449100 
322 -0.165815 
323 0.271086 
324 -0.453869 
325 0.467828 
326 0.406807 
327 -0.298019 
328 -0.162218 
329 0.326738 
330 0.350055 
331 -0.489168 
332 -0.005139 
333 -0.311134 
334 0.066836 
335 0.342040 
336 -0.179000 
337 0.187216 
338 -0.287520 
339 0.248272 
340 0.058821 
341 -0.087841 
342 0.381313 
343 -0.441898 
344 0.338149 
345 0.472523 
346 0.228907 
347 0.447535 
348 0.381111 
349 0.199687 
350 -0.330271 
351 0.266204 
352 -0.381692 
353 -0.109116 
354 -0.253627 
355 0.128679 
356 -0.253854 
357 -0.353854 
358 -0.212395 
359 0.440956 
360 -0.495976 
361 0.336301 
362 0.371177 
363 -0.112959 
364 -0.179205 
365 0.196680 
366 0.170393 
367 -0.223697 
368 -0.415102 
369 -0.230864 
370 -0.361409 
371 0.238623 
372 -0.493881 
373 -0.103895 
374 -0.075866 
375 -0.328673 
376 -0.119268 
377 0.313342 
378 -0.157329 
379 0.009120 
380 -0.157329 
381 0.009120 
382 0.385222 
383 0.496691 
384 -0.303502 
385 -0.100747 
386 0.489348 
387 -0.378889 
388 -0.254617 
389 -0.149682 
390 -0.075581 
391 -0.383385 
392 0.472767 
393 -0.236238 
394 -0.461706 
395 -0.301622 
396 -0.269684 
397 0.392233 
398 0.166382 
399 0.091616 
400 -0.407629 
401 -0.148719 
402 -0.485597 
403 -0.469178 
404 -0.230361 
405 0.062940 
406 -0.246151 
407 -0.388748 
408 -0.251889 
409 -0.235424 
410 -0.195404 
411 -0.466649 
412 -0.098455 
413 -0.226240 
414 0.145417 
415 -0.390471 
416 -0.498144 
417 0.012811 
418 -0.300071 
419 -0.458914 
420 -0.283137 
421 0.026160 
422 0.120405 
423 -0.213628 
424 0.315205 
425 -0.056754 
426 0.142313 
427 -0.308143 
428 -0.251188 
429 -0.294501 
430 -0.498744 
431 -0.125291 
432 -0.285659 
433 0.271634 
434 0.027239 
435 -0.040374 
436 -0.010498 
437 -0.251642 
438 -0.449100 
439 -0.165815 
440 0.271086 
441 -0.453869 
442 0.467828 
443 0.406807 
444 -0.298019 
445 -0.162218 
446 0.326738 
447 0.350055 
448 -0.489168 
449 -0.005139 
450 -0.311134 
451 0.066836 
452 0.342040 
453 -0.179000 
454 0.187216 
455 -0.287520 
456 0.248272 
457 0.058821 
458 -0.087841 
459 0.381313 
460 -0.441898 
461 0.338149 
462 0.472523 
463 0.228907 
464 0.447535 
465 0.381111 
466 0.199687 
467 -0.330271 
468 0.266204 
469 -0.381692 
470 -0.109116 
471 -0.253627 
472 0.128679 
473 -0.253854 
474 -0.353854 
475 -0.212395 
476 0.440956 
477 -0.495976 
478 0.336301 
479 0.371177 
480 -0.112959 
481 -0.179205 
482 0.196680 
483 0.170393 
484 -0.223697 
485 -0.415102 
486 -0.230864 
487 0.470065 
488 0.313342 
489 -0.157329 
490 0.009120 
491 0.385222 
492 0.496691 
493 -0.303502 
494 -0.100747 
495 0.489348 
496 -0.378889 
497 -0.254617 
498 -0.149682 
499 -0.075581 
500 -0.383385 
501 0.472767 
502 -0.236238 
503 -0.461706 
504 -0.301622 
505 -0.269684 
506 0.392233 
507 0.166382 
508 0.091616 
509 -0.407629 
510 -0.148719 
511 -0.485597 
512 -0.469178 
513 -0.230361 
514 0.062940 
515 -0.246151 
516 -0.388748 
517 -0.251889 
518 -0.235424 
519 -0.195404 
520 -0.466649 
521 -0.098455 
522 -0.226240 
523 0.145417 
524 -0.390471 
525 -0.498144 
526 0.012811 
527 -0.300071 
528 -0.458914 
529 -0.283137 
530 0.026160 
531 0.120405 
532 -0.213628 
533 0.315205 
534 -0.056754 
535 0.142313 
536 -0.308143 
537 -0.251188 
538 -0.294501 
539 -0.498744 
540 -0.125291 
541 -0.285659 
542 0.271634 
543 0.027239 
544 -0.040374 
545 -0.010498 
546 -0.251642 
547 -0.449100 
548 -0.165815 
549 0.271086 
550 -0.453869 
551 0.467828 
552 0.406807 
553 -0.298019 
554 -0.162218 
555 0.326738 
556 0.350055 
557 -0.489168 
558 -0.005139 
559 -0.311134 
560 0.066836 
561 0.342040 
562 -0.179000 
563 0.187216 
564 -0.287520 
565 0.248272 
566 0.058821 
567 -0.087841 
568 0.381313 
569 -0.441898 
570 0.338149 
571 0.472523 
572 0.228907 
573 0.447535 
574 0.381111 
575 0.199687 
576 -0.330271 
577 0.266204 
578 -0.381692 
579 -0.109116 
580 -0.253627 
581 0.128679 
582 -0.253854 
583 -0.353854 
584 -0.212395 
585 0.440956 
586 -0.495976 
587 0.336301 
588 0.371177 
589 -0.112959 
590 0.470065 
591 0.313342 
592 -0.157329 
593 0.009120 
594 0.385222 
595 0.496691 
596 -0.303502 
597 -0.100747 
598 0.489348 
599 -0.378889 
600 -0.254617 
601 -0.149682 
602 -0.075581 
603 -0.383385 
604 0.472767 
605 -0.236238 
606 -0.461706 
607 -0.301622 
608 -0.269684 
609 0.392233 
610 0.166382 
611 0.091616 
612 -0.407629 
613 -0.148719 
614 -0.485597 
615 -0.469178 
616 -0.230361 
617 0.062940 
618 -0.246151 
619 -0.388748 
620 -0.251889 
621 -0.235424 
622 -0.195404 
623 -0.466649 
624 -0.098455 
625 -0.226240 
626 0.145417 
627 -0.390471 
628 -0.498144 
629 0.012811 
630 -0.300071 
631 -0.458914 
632 -0.283137 
633 0.026160 
634 0.120405 
635 -0.213628 
636 0.315205 
637 -0.056754 
638 0.142313 
639 -0.308143 
640 -0.251188 
641 -0.294501 
642 -0.498744 
643 -0.125291 
644 -0.285659 
645 0.271634 
646 0.027239 
647 -0.040374 
648 -0.010498 
649 -0.251642 
650 -0.449100 
651 -0.165815 
652 0.271086 
653 -0.453869 
654 0.467828 
655 0.406807 
656 -0.298019 
657 -0.162218 
658 0.326738 
659 0.350055 
660 -0.489168 
661 0.381313 
662 -0.441898 
663 0.338149 
664 0.472523 
665 0.228907 
666 0.447535 
667 0.381111 
668 0.199687 
669 -0.330271 
670 0.266204 
671 -0.381692 
672 -0.109116 
673 -0.253627 
674 0.128679 
675 -0.253854 
676 -0.353854 
677 -0.212395 
678 0.440956 
679 -0.495976 
680 0.336301 
681 0.371177 
682 -0.112959 
683 -0.179205 
684 0.196680 
685 0.170393 
686 -0.223697 
687 -0.157329 
688 0.009120 
689 0.385222 
690 0.496691 
691 -0.303502 
692 -0.100747 
693 0.489348 
694 -0.378889 
695 -0.254617 
696 -0.149682 
697 -0.075581 
698 -0.383385 
699 0.472767 
700 -0.236238 
701 -0.461706 
702 -0.301622 
703 -0.269684 
704 0.392233 
705 0.166382 
706 0.091616 
707 0.062940 
708 -0.246151 
709 -0.388748 
710 -0.251889 
711 -0.235424 
712 -0.195404 
713 -0.466649 
714 -0.098455 
715 -0.226240 
716 0.145417 
717 -0.390471 
718 -0.498144 
719 0.012811 
720 -0.300071 
721 -0.458914 
722 -0.283137 
723 0.026160 
724 0.120405 
725 -0.213628 
726 0.315205 
727 -0.056754 
728 0.142313 
729 -0.308143 
730 -0.251188 
731 -0.294501 
732 -0.498744 
733 -0.125291 
734 -0.285659 
735 0.271634 
736 0.027239 
737 -0.040374 
738 -0.010498 
739 -0.251642 
740 -0.449100 
741 -0.165815 
742 0.271086 
743 -0.453869 
744 0.467828 
745 0.406807 
746 -0.298019 
747 -0.162218 
748 0.326738 
749 0.350055 
750 -0.489168 
751 -0.005139 
752 -0.311134 
753 0.066836 
754 0.342040 
755 -0.179000 
756 0.187216 
757 -0.287520 
758 0.248272 
759 0.058821 
760 -0.087841 
761 0.381313 
762 -0.441898 
763 0.338149 
764 0.472523 
765 0.228907 
766 0.447535 
767 0.381111 
768 0.199687 
769 -0.330271 
770 0.266204 
771 -0.381692 
772 -0.109116 
773 -0.253627 
774 0.128679 
775 -0.253854 
776 -0.353854 
777 -0.212395 
778 0.385222 
779 0.496691 
780 -0.303502 
781 -0.100747 
782 0.489348 
783 -0.378889 
784 -0.254617 
785 -0.149682 
786 -0.075581 
787 -0.383385 
788 0.472767 
789 -0.236238 
790 -0.461706 
791 -0.301622 
792 -0.269684 
793 0.392233 
794 0.166382 
795 0.091616 
796 -0.407629 
797 -0.148719 
798 -0.485597 
799 -0.469178 
800 -0.230361 
801 0.062940 
802 -0.246151 
803 -0.388748 
804 -0.251889 
805 -0.235424 
806 -0.195404 
807 -0.251889 
808 -0.235424 
809 -0.195404 
810 -0.466649 
811 -0.098455 
812 -0.226240 
813 0.145417 
814 -0.390471 
815 -0.498144 
816 0.012811 
817 -0.300071 
818 -0.458914 
819 -0.283137 
820 0.026160 
821 0.120405 
822 -0.213628 
823 0.315205 
824 -0.056754 
825 0.142313 
826 -0.308143 
827 -0.251188 
828 -0.294501 
829 -0.498744 
830 -0.125291 
831 -0.285659 
832 0.271634 
833 0.027239 
834 -0.040374 
835 -0.010498 
836 -0.251642 
837 -0.449100 
838 -0.165815 
839 0.271086 
840 -0.453869 
841 0.467828 
842 0.406807 
843 -0.298019 
844 -0.162218 
845 0.326738 
846 0.350055 
847 -0.489168 
848 -0.005139 
849 -0.311134 
850 0.066836 
851 0.342040 
852 -0.179000 
853 0.187216 
854 -0.287520 
855 0.248272 
856 0.058821 
857 -0.087841 
858 0.381313 
859 -0.441898 
860 0.338149 
861 0.472523 
862 0.228907 
863 0.385222 
864 0.496691 
865 -0.303502 
866 -0.100747 
867 0.489348 
868 -0.378889 
869 -0.254617 
870 -0.149682 
871 -0.075581 
872 -0.383385 
873 0.472767 
874 -0.236238 
875 -0.461706 
876 -0.301622 
877 -0.269684 
878 0.392233 
879 0.166382 
880 0.091616 
881 -0.407629 
882 -0.148719 
883 -0.485597 
884 -0.469178 
885 -0.230361 
886 0.062940 
887 -0.246151 
888 -0.388748 
889 -0.251889 
890 -0.235424 
891 -0.195404 
892 -0.466649 
893 -0.098455 
894 -0.226240 
895 0.145417 
896 -0.390471 
897 -0.498144 
898 0.012811 
899 -0.300071 
900 -0.458914 
901 -0.283137 
902 0.026160 
903 0.120405 
904 -0.213628 
905 0.315205 
906 -0.056754 
907 0.142313 
908 -0.308143 
909 -0.251188 
910 -0.294501 
911 -0.498744 
912 -0.125291 
913 -0.285659 
914 0.271634 
915 0.027239 
916 -0.040374 
917 -0.010498 
918 -0.251642 
919 -0.449100 
920 -0.165815 
921 0.271086 
922 -0.453869 
923 0.467828 
924 0.406807 
925 -0.298019 
926 -0.162218 
927 0.326738 
928 0.350055 
929 -0.489168 
930 -0.005139 
931 -0.311134 
932 0.066836 
933 0.342040 
934 -0.179000 
935 0.187216 
936 -0.287520 
937 0.248272 
938 0.058821 
939 -0.087841 
940 0.381313 
941 -0.441898 
942 0.381313 
943 0.385222 
944 0.496691 
945 -0.303502 
946 -0.100747 
947 0.489348 
948 -0.378889 
949 -0.254617 
950 -0.149682 
951 -0.075581 
952 -0.383385 
953 0.472767 
954 -0.236238 
955 -0.461706 
956 -0.301622 
957 -0.269684 
958 0.392233 
959 0.166382 
960 0.091616 
961 -0.407629 
962 -0.148719 
963 -0.485597 
964 -0.469178 
965 -0.230361 
966 0.062940 
967 -0.246151 
968 -0.388748 
969 -0.251889 
970 -0.235424 
971 -0.195404 
972 -0.466649 
973 -0.098455 
974 -0.226240 
975 0.145417 
976 -0.390471 
977 -0.498144 
978 0.012811 
979 -0.300071 
980 -0.458914 
981 -0.283137 
982 0.026160 
983 0.120405 
984 -0.213628 
985 0.315205 
986 -0.056754 
987 0.142313 
988 -0.308143 
989 -0.251188 
990 -0.294501 
991 -0.498744 
992 -0.125291 
993 -0.285659 
994 0.271634 
995 0.027239 
996 -0.040374 
997 -0.010498 
998 -0.251642 
999 -0.449100 
1000 -0.165815 
1001 0.271086 
1002 -0.453869 
1003 0.467828 
1004 0.406807 
1005 -0.298019 
1006 -0.162218 
1007 0.326738 
1008 0.350055 
1009 -0.489168 
1010 -0.005139 
1011 -0.311134 
1012 0.066836 
1013 0.342040 
1014 -0.179000 
1015 0.058821 
1016 -0.087841 
1017 0.228907 
1018 0.385222 
1019 0.496691 
1020 -0.303502 
1021 -0.100747 
1022 0.489348 
1023 -0.378889 
1024 -0.254617 
1025 -0.149682 
1026 -0.075581 
1027 -0.383385 
1028 0.472767 
1029 -0.236238 
1030 -0.461706 
1031 -0.301622 
1032 -0.269684 
1033 0.392233 
1034 0.166382 
1035 0.091616 
1036 -0.407629 
1037 -0.148719 
1038 -0.485597 
1039 -0.469178 
1040 -0.230361 
1041 0.062940 
1042 -0.246151 
1043 -0.388748 
1044 -0.251889 
1045 -0.235424 
1046 -0.195404 
1047 -0.466649 
1048 -0.098455 
1049 -0.226240 
1050 0.145417 
1051 -0.390471 
1052 -0.498144 
1053 0.012811 
1054 -0.300071 
1055 -0.458914 
1056 -0.283137 
1057 0.026160 
1058 0.120405 
1059 -0.213628 
1060 0.315205 
1061 -0.056754 
1062 0.142313 
1063 -0.308143 
1064 -0.251188 
1065 -0.294501 
1066 -0.498744 
1067 -0.125291 
1068 -0.285659 
1069 0.271634 
1070 0.027239 
1071 -0.040374 
1072 -0.010498 
1073 -0.251642 
1074 -0.449100 
1075 -0.165815 
1076 0.271086 
1077 -0.453869 
1078 0.467828 
1079 0.406807 
1080 -0.298019 
1081 -0.162218 
1082 0.326738 
1083 0.350055 
1084 -0.489168 
1085 -0.005139 
1086 -0.311134 
1087 0.066836 
1088 0.385222 
1089 0.496691 
1090 -0.303502 
1091 -0.100747 
1092 0.489348 
1093 -0.378889 
1094 -0.254617 
1095 -0.149682 
1096 -0.075581 
1097 -0.383385 
1098 0.472767 
1099 -0.236238 
1100 -0.461706 
1101 -0.301622 
1102 -0.269684 
1103 0.392233 
1104 0.166382 
1105 0.091616 
1106 -0.407629 
1107 -0.148719 
1108 -0.485597 
1109 -0.469178 
1110 -0.230361 
1111 0.062940 
1112 -0.246151 
1113 -0.388748 
1114 -0.251889 
1115 -0.235424 
1116 -0.195404 
1117 -0.466649 
1118 -0.098455 
1119 -0.226240 
1120 0.145417 
1121 -0.390471 
1122 -0.498144 
1123 0.012811 
1124 -0.300071 
1125 -0.458914 
1126 -0.283137 
1127 0.026160 
1128 0.120405 
1129 -0.213628 
1130 0.315205 
1131 -0.056754 
1132 0.142313 
1133 -0.308143 
1134 -0.251188 
1135 -0.294501 
1136 -0.498744 
1137 -0.125291 
1138 -0.285659 
1139 0.271634 
1140 0.027239 
1141 -0.040374 
1142 -0.010498 
1143 -0.251642 
1144 -0.449100 
1145 -0.165815 
1146 0.271086 
1147 -0.453869 
1148 0.467828 
1149 0.406807 
1150 -0.298019 
1151 -0.162218 
1152 0.326738 
1153 0.350055 
1154 0.385222 
1155 0.496691 
1156 -0.303502 
1157 -0.100747 
1158 0.489348 
1159 -0.378889 
1160 -0.254617 
1161 -0.149682 
1162 -0.075581 
1163 -0.383385 
1164 0.472767 
1165 -0.236238 
1166 -0.461706 
1167 -0.301622 
1168 -0.269684 
1169 0.392233 
1170 0.166382 
1171 0.091616 
1172 -0.407629 
1173 -0.148719 
1174 -0.485597 
1175 -0.469178 
1176 -0.230361 
1177 0.062940 
1178 -0.246151 
1179 -0.388748 
1180 -0.251889 
1181 -0.235424 
1182 -0.195404 
1183 -0.466649 
1184 -0.098455 
1185 -0.226240 
1186 0.145417 
1187 -0.390471 
1188 -0.498144 
1189 0.012811 
1190 -0.300071 
1191 -0.458914 
1192 -0.283137 
1193 0.026160 
1194 0.120405 
1195 -0.213628 
1196 0.315205 
1197 -0.056754 
1198 0.142313 
1199 -0.308143 
1200 -0.251188 
1201 -0.294501 
1202 -0.498744 
1203 -0.125291 
1204 -0.285659 
1205 0.271634 
1206 0.027239 
1207 -0.040374 
1208 -0.010498 
1209 -0.251642 
1210 -0.449100 
1211 -0.165815 
1212 0.271086 
1213 -0.453869 
1214 0.467828 
1215 0.406807 
1216 -0.407629 
1217 -0.148719 
1218 -0.485597 
1219 -0.469178 
1220 -0.230361 
1221 0.062940 
1222 -0.246151 
1223 -0.388748 
1224 -0.251889 
1225 -0.235424 
1226 -0.195404 
1227 -0.466649 
1228 -0.098455 
1229 -0.226240 
1230 0.145417 
1231 -0.390471 
1232 -0.498144 
1233 0.012811 
1234 -0.300071 
1235 -0.458914 
1236 -0.283137 
1237 0.026160 
1238 0.120405 
1239 -0.213628 
1240 0.315205 
1241 -0.056754 
1242 0.142313 
1243 -0.308143 
1244 -0.251188 
1245 -0.294501 
1246 -0.498744 
1247 -0.125291 
1248 -0.285659 
1249 0.271634 
1250 0.027239 
1251 -0.040374 
1252 -0.010498 
1253 -0.251642 
1254 -0.449100 
1255 -0.165815 
1256 0.271086 
1257 -0.453869 
1258 0.467828 
1259 0.406807 
1260 -0.298019 
1261 -0.162218 
1262 0.326738 
1263 -0.287520 
1264 0.248272 
1265 0.472523 
1266 0.228907 
1267 0.447535 
1268 0.381111 
1269 0.199687 
1270 -0.330271 
1271 0.266204 
1272 -0.381692 
1273 -0.109116 
1274 -0.298019 
1275 -0.162218 
1276 0.326738 
1277 0.350055 
1278 -0.489168 
1279 -0.005139 
1280 -0.311134 
1281 0.066836 
1282 0.342040 
1283 -0.179000 
1284 0.187216 
1285 -0.287520 
1286 0.248272 
1287 0.058821 
1288 -0.087841 
1289 0.381313 
1290 -0.441898 
1291 0.338149 
1292 0.472523 
1293 0.228907 
1294 0.447535 
1295 0.381111 
1296 0.199687 
1297 -0.330271 
1298 0.266204 
1299 -0.381692 
1300 -0.109116 
1301 -0.253627 
1302 0.128679 
1303 -0.253854 
1304 -0.353854 
1305 -0.212395 
1306 0.440956 
1307 -0.495976 
1308 0.336301 
1309 0.371177 
1310 -0.112959 
1311 -0.179205 
1312 0.196680 
1313 0.170393 
1314 -0.223697 
1315 -0.415102 
1316 -0.230864 
1317 -0.361409 
1318 0.238623 
1319 -0.493881 
1320 -0.103895 
1321 -0.075866 
1322 -0.328673 
1323 -0.119268 
1324 -0.259907 
1325 0.050114 
1326 0.112511 
1327 -0.202286 
1328 -0.489168 
1329 -0.005139 
1330 -0.311134 
1331 0.066836 
1332 0.342040 
1333 -0.179000 
1334 0.187216 
1335 -0.287520 
1336 0.248272 
1337 0.058821 
1338 -0.087841 
1339 0.381313 
1340 -0.441898 
1341 0.338149 
1342 0.472523 
1343 0.228907 
1344 0.447535 
1345 0.381111 
1346 0.199687 
1347 -0.330271 
1348 0.266204 
1349 -0.381692 
1350 -0.109116 
1351 -0.253627 
1352 0.128679 
1353 -0.253854 
1354 -0.353854 
1355 -0.212395 
1356 0.440956 
1357 -0.495976 
1358 0.336301 
1359 0.371177 
1360 -0.112959 
1361 -0.179205 
1362 0.196680 
1363 0.170393 
1364 -0.223697 
1365 -0.415102 
1366 -0.230864 
1367 -0.361409 
1368 0.238623 
1369 -0.493881 
1370 -0.103895 
1371 -0.075866 
1372 -0.328673 
1373 -0.119268 
1374 -0.259907 
1375 0.050114 
1376 0.112511 
1377 -0.202286 
1378 0.096723 
1379 0.342040 
1380 -0.179000 
1381 0.187216 
1382 -0.287520 
1383 0.248272 
1384 0.058821 
1385 -0.087841 
1386 0.381313 
1387 -0.441898 
1388 0.338149 
1389 0.472523 
1390 0.228907 
1391 0.447535 
1392 0.381111 
1393 0.199687 
1394 -0.330271 
1395 0.266204 
1396 -0.381692 
1397 -0.109116 
1398 -0.253627 
1399 0.128679 
1400 -0.253854 
1401 -0.353854 
1402 -0.212395 
1403 0.440956 
1404 -0.495976 
1405 0.336301 
1406 0.371177 
1407 -0.112959 
1408 -0.179205 
1409 0.196680 
1410 0.170393 
1411 -0.223697 
1412 -0.415102 
1413 -0.230864 
1414 -0.361409 
1415 0.238623 
1416 -0.493881 
1417 -0.103895 
1418 -0.075866 
1419 -0.328673 
1420 -0.119268 
1421 -0.259907 
1422 0.050114 
1423 0.112511 
1424 -0.202286 
1425 -0.171332 
1426 -0.097144 
1427 -0.179000 
1428 0.187216 
1429 -0.287520 
1430 0.248272 
1431 0.058821 
1432 -0.087841 
1433 0.381313 
1434 -0.441898 
1435 0.338149 
1436 0.472523 
1437 0.228907 
1438 0.447535 
1439 0.381111 
1440 0.199687 
1441 -0.330271 
1442 0.266204 
1443 -0.381692 
1444 -0.109116 
1445 -0.253627 
1446 0.128679 
1447 -0.253854 
1448 -0.353854 
1449 -0.212395 
1450 0.440956 
1451 -0.495976 
1452 0.336301 
1453 0.371177 
1454 -0.112959 
1455 -0.179205 
1456 0.196680 
1457 0.170393 
1458 -0.223697 
1459 -0.415102 
1460 -0.230864 
1461 -0.361409 
1462 0.238623 
1463 -0.493881 
1464 -0.103895 
1465 -0.075866 
1466 -0.328673 
1467 -0.119268 
1468 -0.259907 
1469 0.050114 
1470 0.112511 
1471 -0.202286 
1472 0.472523 
1473 0.228907 
1474 0.447535 
1475 0.381111 
1476 0.199687 
1477 -0.330271 
1478 0.266204 
1479 -0.381692 
1480 -0.109116 
1481 -0.253627 
1482 0.128679 
1483 -0.253854 
1484 -0.353854 
1485 -0.212395 
1486 0.440956 
1487 -0.495976 
1488 0.336301 
1489 0.371177 
1490 -0.112959 
1491 -0.179205 
1492 0.196680 
1493 0.170393 
1494 -0.223697 
1495 -0.415102 
1496 -0.230864 
1497 -0.361409 
1498 0.238623 
1499 -0.493881 
1500 -0.103895 
1501 -0.075866 
1502 -0.328673 
1503 -0.119268 
1504 -0.259907 
1505 0.050114 
1506 0.112511 
1507 -0.202286 
1508 -0.171332 
1509 -0.097144 
1510 0.017787 
1511 0.022839 
1512 0.095586 
1513 -0.414431 
1514 0.381111 
1515 0.199687 
1516 -0.330271 
1517 0.266204 
1518 -0.381692 
1519 -0.109116 
1520 -0.253627 
1521 0.128679 
1522 -0.253854 
1523 -0.353854 
1524 -0.212395 
1525 0.440956 
1526 -0.495976 
1527 0.336301 
1528 0.371177 
1529 -0.112959 
1530 -0.179205 
1531 0.196680 
1532 0.170393 
1533 -0.223697 
1534 -0.415102 
1535 -0.230864 
1536 -0.361409 
1537 0.238623 
1538 -0.493881 
1539 -0.103895 
1540 -0.075866 
1541 -0.328673 
1542 -0.119268 
1543 -0.259907 
1544 0.050114 
1545 0.112511 
1546 -0.202286 
1547 -0.171332 
1548 -0.097144 
1549 0.017787 
1550 0.022839 
1551 0.095586 
1552 -0.414431 
1553 0.381111 
1554 0.199687 
1555 -0.330271 
1556 0.266204 
1557 -0.381692 
1558 -0.109116 
1559 -0.253627 
1560 0.128679 
1561 -0.253854 
1562 -0.353854 
1563 -0.212395 
1564 0.440956 
1565 -0.495976 
1566 0.336301 
1567 0.371177 
1568 -0.112959 
1569 -0.179205 
1570 0.196680 
1571 0.170393 
1572 -0.223697 
1573 -0.415102 
1574 -0.230864 
1575 -0.361409 
1576 0.238623 
1577 -0.493881 
1578 -0.103895 
1579 -0.075866 
1580 -0.328673 
1581 -0.119268 
1582 -0.259907 
1583 0.050114 
1584 0.112511 
1585 -0.202286 
1586 -0.171332 
1587 -0.097144 
1588 0.017787 
1589 0.378676 
1590 0.266204 
1591 -0.381692 
1592 -0.109116 
1593 -0.253627 
1594 0.128679 
1595 -0.253854 
1596 -0.353854 
1597 -0.212395 
1598 0.440956 
1599 -0.495976 
1600 0.336301 
1601 0.371177 
1602 -0.112959 
1603 -0.179205 
1604 0.196680 
1605 0.170393 
1606 -0.223697 
1607 -0.415102 
1608 -0.230864 
1609 -0.361409 
1610 0.238623 
1611 -0.493881 
1612 -0.103895 
1613 -0.075866 
1614 -0.328673 
1615 -0.119268 
1616 -0.259907 
1617 0.050114 
1618 0.112511 
1619 -0.202286 
1620 -0.171332 
1621 -0.097144 
1622 0.017787 
1623 -0.097144 
1624 0.128679 
1625 -0.253854 
1626 -0.353854 
1627 -0.212395 
1628 0.440956 
1629 -0.495976 
1630 0.336301 
1631 0.371177 
1632 -0.112959 
1633 -0.179205 
1634 0.196680 
1635 0.170393 
1636 -0.223697 
1637 -0.415102 
1638 -0.230864 
1639 -0.361409 
1640 0.238623 
1641 -0.493881 
1642 -0.103895 
1643 -0.075866 
1644 -0.328673 
1645 -0.119268 
1646 -0.259907 
1647 0.050114 
1648 0.112511 
1649 -0.202286 
1650 -0.171332 
1651 -0.097144 
1652 0.017787 
1653 0.022839 
1654 0.095586 
1655 -0.414431 
1656 -0.415102 
1657 -0.230864 
1658 -0.361409 
1659 0.238623 
1660 -0.493881 
1661 -0.103895 
1662 -0.075866 
1663 -0.328673 
1664 -0.119268 
1665 -0.259907 
1666 0.050114 
1667 0.112511 
1668 -0.202286 
1669 -0.171332 
1670 -0.097144 
1671 -0.328673 
1672 -0.119268 
1673 -0.259907 
1674 0.050114 
1675 0.112511 
1676 -0.202286 
1677 -0.171332 
1678 -0.097144 
1679 0.017787 
1680 0.022839 
1681 0.095586 
1682 -0.414431 
1683 0.378676 
1684 0.404969 
1685 0.096723 
1686 -0.426420 
1687 -0.475536 
1688 -0.361409 
1689 0.238623 
1690 -0.493881 
1691 -0.103895 
1692 -0.075866 
1693 -0.328673 
1694 -0.119268 
1695 -0.259907 
1696 0.050114 
1697 0.112511 
1698 -0.202286 
1699 -0.171332 
1700 -0.097144 
1701 0.017787 
1702 0.022839 
1703 0.095586 
1704 -0.414431 
1705 0.378676 
1706 0.404969 
1707 0.096723 
1708 -0.426420 
1709 -0.226117 
1710 0.414735 
1711 0.314319 
1712 -0.213627 
1713 -0.475536 
1714 -0.309721 
1715 -0.384450 
1716 0.492808 
1717 -0.345681 
1718 0.238339 
1719 -0.361087 
1720 -0.179205 
1721 0.196680 
1722 0.170393 
1723 -0.223697 
1724 -0.415102 
1725 -0.230864 
1726 -0.361409 
1727 0.238623 
1728 -0.493881 
1729 -0.103895 
1730 -0.075866 
1731 -0.328673 
1732 -0.119268 
1733 -0.259907 
1734 0.050114 
1735 0.112511 
1736 -0.202286 
1737 -0.171332 
1738 -0.097144 
1739 0.017787 
1740 0.022839 
1741 0.095586 
1742 -0.414431 
1743 0.378676 
1744 0.404969 
1745 0.096723 
1746 -0.426420 
1747 -0.226117 
1748 0.414735 
1749 0.314319 
1750 -0.213627 
1751 -0.309721 
1752 -0.259907 
1753 0.050114 
1754 0.112511 
1755 -0.202286 
1756 -0.171332 
1757 -0.097144 
1758 0.017787 
1759 0.022839 
1760 0.095586 
1761 -0.414431 
1762 0.378676 
1763 0.404969 
1764 0.096723 
1765 -0.426420 
1766 -0.226117 
1767 0.414735 
1768 0.314319 
1769 -0.213627 
1770 -0.475536 
1771 -0.309721 
1772 -0.384450 
1773 0.492808 
1774 -0.345681 
1775 0.238339 
1776 -0.361087 
1777 0.007141 
1778 -0.079006 
1779 -0.006057 
1780 -0.071452 
1781 0.044534 
1782 0.395382 
1783 0.461679 
1784 -0.097144 
1785 0.017787 
1786 0.022839 
1787 0.095586 
1788 -0.414431 
1789 0.378676 
1790 0.404969 
1791 0.096723 
1792 -0.426420 
1793 -0.226117 
1794 0.414735 
1795 0.314319 
1796 -0.213627 
1797 -0.475536 
1798 -0.309721 
1799 -0.384450 
1800 0.492808 
1801 -0.345681 
1802 0.238339 
1803 -0.361087 
1804 0.007141 
1805 -0.079006 
1806 -0.006057 
1807 -0.071452 
1808 0.044534 
1809 0.395382 
1810 0.461679 
1811 -0.448164 
1812 -0.410358 
1813 0.482426 
1814 -0.207123 
1815 -0.170761 
1816 0.017787 
1817 0.022839 
1818 0.095586 
1819 -0.414431 
1820 0.378676 
1821 0.404969 
1822 0.096723 
1823 -0.426420 
1824 -0.226117 
1825 0.414735 
1826 0.314319 
1827 -0.213627 
1828 -0.475536 
1829 -0.309721 
1830 -0.384450 
1831 0.492808 
1832 -0.345681 
1833 0.238339 
1834 -0.361087 
1835 0.007141 
1836 -0.079006 
1837 -0.006057 
1838 -0.071452 
1839 0.044534 
1840 0.395382 
1841 0.461679 
1842 -0.448164 
1843 -0.410358 
1844 0.482426 
1845 -0.207123 
1846 -0.170761 
1847 -0.349498 
1848 -0.202286 
1849 -0.171332 
1850 -0.097144 
1851 0.017787 
1852 0.022839 
1853 0.095586 
1854 -0.414431 
1855 0.378676 
1856 0.404969 
1857 0.096723 
1858 -0.426420 
1859 -0.226117 
1860 0.414735 
1861 0.314319 
1862 -0.213627 
1863 -0.475536 
1864 -0.309721 
1865 -0.384450 
1866 0.492808 
1867 -0.345681 
1868 0.238339 
1869 -0.361087 
1870 0.007141 
1871 -0.079006 
1872 -0.006057 
1873 -0.448164 
1874 -0.410358 
1875 0.482426 
1876 -0.207123 
1877 -0.170761 
1878 -0.349498 
1879 0.470503 
1880 0.378676 
1881 0.404969 
1882 0.096723 
1883 -0.426420 
1884 -0.226117 
1885 0.414735 
1886 0.314319 
1887 -0.213627 
1888 -0.475536 
1889 -0.309721 
1890 -0.384450 
1891 0.492808 
1892 -0.345681 
1893 0.238339 
1894 -0.361087 
1895 0.007141 
1896 -0.079006 
1897 -0.006057 
1898 -0.071452 
1899 0.044534 
1900 0.395382 
1901 0.461679 
1902 0.256917 
1903 0.087216 
1904 -0.378010 
1905 -0.448164 
1906 -0.410358 
1907 0.482426 
1908 -0.207123 
1909 -0.170761 
1910 -0.349498 
1911 0.470503 
1912 0.378676 
1913 0.404969 
1914 0.096723 
1915 -0.426420 
1916 -0.226117 
1917 0.414735 
1918 0.314319 
1919 -0.213627 
1920 -0.475536 
1921 -0.309721 
1922 -0.384450 
1923 0.492808 
1924 -0.345681 
1925 0.238339 
1926 -0.361087 
1927 0.007141 
1928 -0.079006 
1929 -0.006057 
1930 -0.071452 
1931 0.044534 
1932 0.395382 
1933 0.461679 
1934 0.256917 
1935 -0.448164 
1936 -0.410358 
1937 0.482426 
1938 -0.207123 
1939 -0.170761 
1940 -0.349498 
1941 0.470503 
1942 0.371160 
1943 0.048577 
1944 0.378676 
1945 0.404969 
1946 0.096723 
1947 -0.426420 
1948 -0.226117 
1949 0.414735 
1950 0.314319 
1951 -0.213627 
1952 -0.475536 
1953 -0.309721 
1954 -0.384450 
1955 0.492808 
1956 -0.345681 
1957 0.238339 
1958 -0.361087 
1959 0.007141 
1960 -0.079006 
1961 -0.006057 
1962 -0.071452 
1963 0.044534 
1964 0.395382 
1965 0.461679 
1966 0.256917 
1967 0.087216 
1968 -0.378010 
1969 -0.448164 
1970 -0.410358 
1971 0.482426 
1972 -0.207123 
1973 -0.170761 
1974 -0.349498 
1975 0.470503 
1976 0.314319 
1977 -0.213627 
1978 -0.475536 
1979 -0.309721 
1980 -0.384450 
1981 0.492808 
1982 -0.345681 
1983 0.238339 
1984 -0.361087 
1985 0.007141 
1986 -0.079006 
1987 -0.006057 
1988 -0.071452 
1989 0.044534 
1990 0.395382 
1991 0.461679 
1992 0.256917 
1993 0.087216 
1994 -0.378010 
1995 0.123832 
1996 0.216340 
1997 0.239714 
1998 -0.448164 
1999 -0.410358 
2000 0.482426 
2001 -0.207123 
2002 -0.448164 
2003 -0.410358 
2004 0.482426 
2005 -0.207123 
2006 -0.170761 
2007 -0.349498 
2008 0.314319 
2009 -0.213627 
2010 -0.475536 
2011 -0.309721 
2012 -0.384450 
2013 0.492808 
2014 -0.345681 
2015 0.238339 
2016 -0.361087 
2017 0.007141 
2018 -0.079006 
2019 -0.006057 
2020 -0.071452 
2021 0.044534 
2022 0.395382 
2023 0.461679 
2024 0.256917 
2025 0.007141 
2026 -0.079006 
2027 -0.006057 
2028 -0.448164 
2029 -0.410358 
2030 -0.207123 
2031 -0.170761 
2032 -0.349498 
2033 0.470503 
2034 0.371160 
2035 0.048577 
2036 0.098456 
2037 -0.130089 
2038 -0.420365 
2039 0.137353 
2040 0.314319 
2041 -0.213627 
2042 -0.475536 
2043 -0.309721 
2044 -0.384450 
2045 0.492808 
2046 -0.345681 
2047 0.238339 
2048 -0.361087 
2049 0.007141 
2050 -0.079006 
2051 -0.006057 
2052 -0.071452 
2053 0.044534 
2054 0.395382 
2055 0.461679 
2056 0.256917 
2057 0.087216 
2058 -0.378010 
2059 0.123832 
2060 0.216340 
2061 0.239714 
2062 -0.448164 
2063 -0.410358 
2064 0.482426 
2065 -0.207123 
2066 -0.448164 
2067 -0.410358 
2068 0.482426 
2069 -0.207123 
2070 -0.170761 
2071 -0.349498 
2072 0.314319 
2073 -0.213627 
2074 -0.475536 
2075 -0.309721 
2076 -0.384450 
2077 0.492808 
2078 -0.345681 
2079 0.238339 
2080 -0.361087 
2081 0.007141 
2082 -0.079006 
2083 -0.006057 
2084 -0.071452 
2085 0.044534 
2086 0.395382 
2087 0.461679 
2088 0.256917 
2089 0.087216 
2090 -0.378010 
2091 0.123832 
2092 0.216340 
2093 0.239714 
2094 0.482426 
2095 -0.207123 
2096 -0.170761 
2097 -0.349498 
2098 0.470503 
2099 0.371160 
2100 0.048577 
2101 0.098456 
2102 -0.130089 
2103 -0.420365 
2104 -0.006057 
2105 -0.071452 
2106 0.044534 
2107 0.395382 
2108 0.461679 
2109 0.256917 
2110 -0.448164 
2111 -0.410358 
2112 0.482426 
2113 -0.207123 
2114 -0.170761 
2115 -0.349498 
2116 0.470503 
2117 0.371160 
2118 0.048577 
2119 0.098456 
2120 -0.130089 
2121 -0.420365 
2122 0.137353 
2123 -0.195982 
2124 -0.243216 
2125 0.185012 
2126 0.482158 
2127 -0.344301 
2128 -0.156318 
2129 -0.345210 
2130 -0.098303 
2131 -0.255311 
