1440 1
0 -0.361920 
1 -0.361920 
2 -0.361920 
3 -0.066948 
4 -0.066948 
5 -0.125191 
6 -0.125191 
7 -0.125191 
8 0.406375 
9 0.406375 
10 -0.077286 
11 -0.077286 
12 -0.077286 
13 -0.339215 
14 -0.339215 
15 -0.117372 
16 -0.117372 
17 -0.117372 
18 -0.282445 
19 -0.282445 
20 -0.410427 
21 -0.410427 
22 -0.410427 
23 -0.480331 
24 -0.480331 
25 -0.191462 
26 -0.191462 
27 -0.191462 
28 0.482527 
29 0.482527 
30 -0.449632 
31 -0.449632 
32 -0.449632 
33 -0.318194 
34 -0.318194 
35 -0.318194 
36 0.207506 
37 0.207506 
38 0.207506 
39 -0.039481 
40 0.320468 
41 0.320468 
42 0.320468 
43 0.249974 
44 0.249974 
45 -0.061015 
46 -0.061015 
47 -0.061015 
48 -0.040742 
49 -0.040742 
50 -0.040742 
51 -0.437150 
52 -0.437150 
53 -0.437150 
54 -0.129205 
55 0.122379 
56 0.122379 
57 0.122379 
58 0.122379 
59 0.122379 
60 -0.131256 
61 -0.131256 
62 -0.131256 
63 -0.066948 
64 -0.066948 
65 -0.039481 
66 -0.039481 
67 -0.039481 
68 -0.410427 
69 -0.410427 
70 -0.410427 
71 -0.340098 
72 -0.340098 
73 -0.340098 
74 -0.403109 
75 -0.080958 
76 -0.080958 
77 -0.080958 
78 -0.318194 
79 -0.318194 
80 -0.372135 
81 -0.372135 
82 -0.372135 
83 -0.117785 
84 -0.117785 
85 -0.117785 
86 -0.390307 
87 -0.390307 
88 -0.390307 
89 0.278904 
90 0.401423 
91 0.401423 
92 0.401423 
93 0.477256 
94 0.477256 
95 -0.066948 
96 -0.361920 
97 -0.066948 
98 0.466185 
99 0.104325 
100 0.018245 
101 0.018245 
102 0.018245 
103 0.383274 
104 0.383274 
105 0.406375 
106 -0.125191 
107 0.406375 
108 0.088160 
109 -0.490690 
110 -0.141565 
111 -0.141565 
112 -0.141565 
113 -0.334973 
114 -0.334973 
115 0.466000 
116 -0.077286 
117 0.108189 
118 0.108189 
119 0.088160 
120 -0.390307 
121 -0.390307 
122 -0.390307 
123 0.278904 
124 0.278904 
125 -0.282445 
126 -0.117372 
127 0.059108 
128 0.059108 
129 -0.272537 
130 -0.066948 
131 -0.066948 
132 -0.066948 
133 -0.191462 
134 -0.191462 
135 -0.286781 
136 -0.480331 
137 -0.372135 
138 -0.372135 
139 0.224987 
140 -0.117785 
141 -0.117785 
142 -0.117785 
143 0.230981 
144 0.230981 
145 0.301330 
146 0.230981 
147 -0.372135 
148 -0.129205 
149 0.044613 
150 -0.403109 
151 -0.403109 
152 -0.403109 
153 -0.437150 
154 -0.437150 
155 -0.339215 
156 -0.282445 
157 -0.039481 
158 -0.272537 
159 -0.135738 
160 0.439212 
161 0.439212 
162 0.439212 
163 -0.260136 
164 -0.260136 
165 0.099681 
166 0.128622 
167 -0.039481 
168 -0.052607 
169 0.343348 
170 -0.117372 
171 -0.117372 
172 -0.117372 
173 -0.282445 
174 -0.282445 
175 -0.117372 
176 0.099681 
177 0.249974 
178 -0.062529 
179 -0.456453 
180 -0.282445 
181 -0.339215 
182 -0.339215 
183 -0.339215 
184 -0.480331 
185 0.108189 
186 0.231252 
187 0.157527 
188 0.482612 
189 0.164966 
190 -0.286781 
191 -0.286781 
192 -0.286781 
193 0.018245 
194 0.018245 
195 0.128622 
196 0.122379 
197 -0.129205 
198 -0.129205 
199 0.043598 
200 -0.340098 
201 -0.340098 
202 -0.340098 
203 -0.340098 
204 -0.340098 
205 0.178337 
206 0.122379 
207 -0.080958 
208 -0.080958 
209 0.047486 
210 0.128622 
211 0.128622 
212 0.128622 
213 0.099681 
214 0.099681 
215 0.348958 
216 -0.071840 
217 -0.080958 
218 -0.039481 
219 0.319178 
220 0.099681 
221 -0.117372 
222 -0.117372 
223 -0.117372 
224 -0.282445 
225 0.059108 
226 -0.141565 
227 -0.141565 
228 0.062655 
229 0.482527 
230 -0.339215 
231 -0.339215 
232 -0.339215 
233 -0.480331 
234 -0.480331 
235 -0.080958 
236 -0.129205 
237 0.071167 
238 -0.076364 
239 -0.276192 
240 0.207506 
241 0.207506 
242 0.207506 
243 -0.191462 
244 -0.191462 
245 -0.437150 
246 -0.080958 
247 0.348958 
248 0.348958 
249 -0.344640 
250 -0.191462 
251 -0.491788 
252 -0.491788 
253 -0.491788 
254 -0.131256 
255 -0.129205 
256 -0.437150 
257 -0.361920 
258 0.235530 
259 0.475912 
260 0.078909 
261 -0.384518 
262 0.348958 
263 0.348958 
264 0.348958 
265 0.278904 
266 -0.390307 
267 0.278904 
268 0.466185 
269 0.415375 
270 -0.296628 
271 -0.490690 
272 -0.491788 
273 -0.491788 
274 0.224987 
275 -0.403109 
276 -0.340098 
277 -0.066948 
278 -0.052607 
279 -0.161572 
280 0.108189 
281 0.231252 
282 -0.491788 
283 -0.062529 
284 -0.190603 
285 0.059108 
286 -0.141565 
287 -0.066948 
288 0.157527 
289 0.375371 
290 0.071167 
291 -0.403109 
292 -0.480331 
293 -0.480331 
294 0.104325 
295 -0.131256 
296 -0.340098 
297 -0.480331 
298 -0.286781 
299 0.343348 
300 0.108189 
301 0.231252 
302 -0.282445 
303 -0.282445 
304 -0.456453 
305 0.059108 
306 -0.141565 
307 -0.282445 
308 -0.339215 
309 0.043598 
310 0.278904 
311 -0.390307 
312 0.018245 
313 0.018245 
314 0.177923 
315 0.383274 
316 0.018245 
317 0.018245 
318 0.383274 
319 0.396897 
320 -0.077286 
321 -0.361920 
322 0.059108 
323 0.059108 
324 -0.309064 
325 0.406375 
326 -0.125191 
327 0.059108 
328 0.099681 
329 0.032904 
330 0.278904 
331 -0.390307 
332 -0.437150 
333 0.122379 
334 -0.161572 
335 0.383274 
336 0.018245 
337 0.320468 
338 0.320468 
339 -0.190603 
340 -0.286781 
341 -0.480331 
342 -0.260136 
343 0.073331 
344 0.044613 
345 0.158002 
346 -0.496469 
347 0.455126 
348 0.455126 
349 0.047486 
350 -0.252679 
351 0.144824 
352 -0.372135 
353 -0.372135 
354 0.062655 
355 0.342396 
356 -0.094958 
357 0.059108 
358 0.059108 
359 -0.092792 
360 -0.318194 
361 -0.449632 
362 -0.480331 
363 -0.480331 
364 -0.030685 
365 0.249974 
366 0.320468 
367 -0.191462 
368 -0.191462 
369 -0.148577 
370 -0.117785 
371 -0.372135 
372 -0.191462 
373 0.018245 
374 -0.364822 
375 -0.040742 
376 -0.061015 
377 0.207506 
378 0.207506 
379 -0.171814 
380 0.455126 
381 -0.410427 
382 -0.403109 
383 -0.437150 
384 0.375371 
385 0.351794 
386 -0.039481 
387 -0.437150 
388 -0.437150 
389 0.177923 
390 -0.286286 
391 -0.129022 
392 -0.403109 
393 -0.318194 
394 0.396897 
395 -0.407878 
396 0.226427 
397 -0.129205 
398 -0.039481 
399 -0.309064 
400 -0.318194 
401 -0.449632 
402 -0.282445 
403 -0.282445 
404 0.032904 
405 0.249974 
406 0.320468 
407 0.406375 
408 0.406375 
409 -0.321779 
410 0.078909 
411 -0.384518 
412 -0.480331 
413 0.406375 
414 -0.453730 
415 -0.161948 
416 -0.410055 
417 -0.361920 
418 -0.361920 
419 0.349114 
420 0.207506 
421 -0.117785 
422 -0.080958 
423 -0.080958 
424 -0.210979 
425 -0.491788 
426 -0.372135 
427 0.348958 
428 -0.080958 
429 0.416034 
430 0.463167 
431 -0.334973 
432 0.320468 
433 0.320468 
434 0.319178 
435 0.477256 
436 0.401423 
437 0.320468 
438 -0.449632 
439 -0.344640 
440 0.329922 
441 0.235530 
442 0.099681 
443 0.099681 
444 0.099681 
445 -0.040742 
446 -0.061015 
447 0.249974 
448 0.249974 
449 0.308166 
450 0.383274 
451 0.477256 
452 -0.260136 
453 -0.260136 
454 -0.260136 
455 0.466000 
456 0.301330 
457 -0.080958 
458 -0.080958 
459 0.293495 
460 0.301330 
461 0.301330 
462 0.301330 
463 0.466000 
464 0.466000 
465 0.278904 
466 0.226427 
467 0.226427 
468 0.226427 
469 -0.407878 
470 0.230981 
471 0.164966 
472 0.059108 
473 0.231252 
474 0.093285 
475 -0.282445 
476 0.164966 
477 0.164966 
478 0.164966 
479 0.230981 
480 -0.191462 
481 -0.491788 
482 -0.491788 
483 -0.491788 
484 0.230981 
485 -0.191462 
486 -0.410427 
487 -0.117785 
488 -0.117785 
489 -0.276192 
490 -0.480331 
491 -0.286781 
492 -0.286781 
493 -0.286781 
494 0.230981 
495 0.073331 
496 0.073331 
497 0.071167 
498 0.071167 
499 0.071167 
500 -0.318194 
501 -0.449632 
502 -0.124552 
503 -0.039481 
504 0.207506 
505 -0.282445 
506 -0.282445 
507 -0.282445 
508 -0.339215 
509 -0.339215 
510 0.178337 
511 0.178337 
512 0.178337 
513 0.164966 
514 0.164966 
515 0.249974 
516 0.320468 
517 0.304854 
518 -0.491788 
519 -0.191462 
520 0.231252 
521 0.231252 
522 0.231252 
523 0.108189 
524 0.108189 
525 0.383274 
526 0.383274 
527 0.383274 
528 -0.390307 
529 -0.390307 
530 -0.066948 
531 -0.282445 
532 -0.039481 
533 -0.039481 
534 0.475912 
535 0.122379 
536 0.122379 
537 0.122379 
538 0.128622 
539 0.128622 
540 0.439212 
541 0.439212 
542 0.439212 
543 -0.260136 
544 -0.260136 
545 -0.066948 
546 -0.131256 
547 -0.141565 
548 -0.039481 
549 0.415375 
550 -0.141565 
551 0.059108 
552 0.059108 
553 0.059108 
554 -0.066948 
555 -0.449632 
556 -0.449632 
557 -0.449632 
558 -0.318194 
559 -0.318194 
560 0.178337 
561 -0.117372 
562 0.128622 
563 0.128622 
564 0.154415 
565 -0.117372 
566 -0.117372 
567 -0.117372 
568 -0.437150 
569 -0.437150 
570 0.071167 
571 0.071167 
572 0.071167 
573 -0.071840 
574 -0.071840 
575 -0.117785 
576 -0.372135 
577 0.400002 
578 -0.077286 
579 -0.361920 
580 0.278904 
581 -0.361920 
582 -0.361920 
583 -0.077286 
584 -0.077286 
585 -0.321779 
586 -0.453730 
587 0.104325 
588 -0.066948 
589 -0.296628 
590 0.406375 
591 -0.125191 
592 -0.149459 
593 0.349114 
594 0.099681 
595 -0.286781 
596 -0.480331 
597 -0.286781 
598 -0.169573 
599 -0.284635 
600 -0.339215 
601 -0.282445 
602 -0.339215 
603 -0.131763 
604 0.007819 
605 0.383274 
606 0.018245 
607 0.383274 
608 -0.491588 
609 0.482221 
610 -0.117372 
611 0.099681 
612 0.231252 
613 0.145893 
614 0.262955 
615 0.128622 
616 0.122379 
617 0.122379 
618 0.018245 
619 -0.490690 
620 0.348958 
621 -0.071840 
622 -0.094958 
623 -0.094958 
624 0.343348 
625 0.071167 
626 -0.131256 
627 0.320468 
628 0.320468 
629 0.274051 
630 -0.080958 
631 -0.129205 
632 -0.066948 
633 -0.066948 
634 -0.408176 
635 -0.437150 
636 -0.403109 
637 -0.066948 
638 -0.491788 
639 -0.339387 
640 -0.077286 
641 -0.340098 
642 -0.403109 
643 -0.129205 
644 -0.135253 
645 -0.361920 
646 0.406375 
647 -0.129205 
648 0.383274 
649 -0.169999 
650 0.128622 
651 0.122379 
652 -0.286781 
653 -0.286781 
654 -0.212090 
655 0.484324 
656 0.212428 
657 -0.286781 
658 -0.125191 
659 -0.161948 
660 0.108189 
661 -0.080958 
662 -0.372135 
663 -0.372135 
664 -0.410055 
665 -0.125191 
666 -0.286781 
667 -0.117785 
668 -0.117785 
669 -0.456453 
670 -0.210979 
671 0.416034 
672 -0.061015 
673 -0.061015 
674 -0.061015 
675 -0.334973 
676 0.463167 
677 0.463167 
678 0.463167 
679 -0.129022 
680 -0.480331 
681 -0.339215 
682 0.108189 
683 -0.080958 
684 -0.124552 
685 -0.339215 
686 -0.480331 
687 -0.480331 
688 -0.480331 
689 0.466000 
690 0.301330 
691 0.301330 
692 0.301330 
693 0.466000 
694 0.466000 
695 0.482612 
696 0.482527 
697 0.320468 
698 0.249974 
699 0.304854 
700 -0.339215 
701 0.482527 
702 0.482612 
703 0.482612 
704 0.482612 
705 0.278904 
706 0.278904 
707 0.278904 
708 -0.141565 
709 -0.141565 
710 -0.040742 
711 -0.061015 
712 0.363020 
713 -0.129205 
714 -0.437150 
715 0.108189 
716 0.128622 
717 0.164966 
718 0.164966 
719 0.164966 
720 -0.067763 
721 -0.067763 
722 -0.067763 
723 -0.275895 
724 -0.275895 
725 -0.410427 
726 -0.039481 
727 0.338125 
728 -0.403109 
729 -0.340098 
730 -0.403109 
731 -0.403109 
732 -0.129205 
733 -0.129205 
734 -0.129205 
735 0.207506 
736 -0.491788 
737 0.308166 
738 0.231252 
739 0.059108 
740 -0.191462 
741 -0.066948 
742 -0.276192 
743 -0.141565 
744 0.278904 
745 0.073331 
746 -0.260136 
747 -0.191462 
748 -0.191462 
749 0.437128 
750 0.439212 
751 -0.135253 
752 -0.339215 
753 -0.286781 
754 0.277112 
755 -0.169999 
756 -0.212090 
757 0.231252 
758 0.231252 
759 -0.484593 
760 0.158002 
761 -0.496469 
762 -0.141565 
763 -0.141565 
764 0.300668 
765 -0.390307 
766 0.108189 
767 0.383274 
768 0.099681 
769 0.400002 
770 0.383274 
771 0.231252 
772 -0.117785 
773 0.320468 
774 -0.284635 
775 0.018245 
776 0.059108 
777 0.231252 
778 0.231252 
779 0.007819 
780 -0.252679 
781 0.144824 
782 0.122379 
783 0.128622 
784 -0.096407 
785 0.342396 
786 -0.094958 
787 0.249974 
788 0.249974 
789 -0.276350 
790 0.455126 
791 0.351794 
792 0.128622 
793 0.018245 
794 0.346685 
795 -0.318194 
796 -0.449632 
797 -0.372135 
798 -0.117785 
799 0.482221 
800 0.249974 
801 0.320468 
802 0.059108 
803 0.231252 
804 0.262955 
805 -0.117785 
806 -0.372135 
807 -0.117785 
808 0.320468 
809 0.484324 
810 -0.040742 
811 -0.061015 
812 -0.390307 
813 -0.141565 
814 0.043598 
815 -0.410427 
816 -0.039481 
817 -0.039481 
818 -0.410427 
819 -0.161572 
820 0.207506 
821 -0.491788 
822 -0.039481 
823 -0.039481 
824 -0.190603 
825 -0.141565 
826 0.278904 
827 -0.318194 
828 -0.318194 
829 0.212428 
830 -0.390307 
831 0.383274 
832 -0.410427 
833 -0.410427 
834 0.363020 
835 0.018245 
836 -0.318194 
837 0.018245 
838 0.383274 
839 0.338125 
840 -0.286286 
841 -0.191462 
842 -0.117785 
843 -0.318194 
844 0.189662 
845 -0.129022 
846 -0.066948 
847 -0.372135 
848 0.128622 
849 0.037445 
850 -0.407878 
851 -0.339215 
852 -0.117785 
853 -0.117785 
854 0.193703 
855 0.226427 
856 -0.282445 
857 -0.282445 
858 -0.071840 
859 -0.275895 
860 0.463167 
861 -0.117372 
862 0.249974 
863 -0.449632 
864 -0.067763 
865 -0.334973 
866 0.099681 
867 -0.040742 
868 -0.040742 
869 -0.259093 
870 0.477256 
871 0.401423 
872 -0.437150 
873 -0.077286 
874 0.375371 
875 -0.449632 
876 0.249974 
877 -0.449632 
878 -0.040742 
879 0.247801 
880 0.466000 
881 0.128622 
882 -0.449632 
883 -0.437150 
884 0.431515 
885 -0.384518 
886 -0.384518 
887 -0.384518 
888 0.078909 
889 0.078909 
890 -0.296628 
891 -0.296628 
892 -0.296628 
893 0.415375 
894 0.415375 
895 0.301330 
896 0.230981 
897 -0.191462 
898 -0.340098 
899 -0.255253 
900 0.122379 
901 -0.080958 
902 -0.141565 
903 -0.141565 
904 -0.296539 
905 0.164966 
906 0.178337 
907 -0.141565 
908 0.059108 
909 -0.241587 
910 0.320468 
911 -0.117785 
912 0.320468 
913 0.018245 
914 -0.040506 
915 0.348958 
916 -0.071840 
917 -0.129205 
918 0.383274 
919 0.001574 
920 -0.129205 
921 -0.372135 
922 0.320468 
923 0.018245 
924 0.416129 
925 -0.437150 
926 -0.403109 
927 -0.390307 
928 -0.390307 
929 0.451953 
930 0.071167 
931 0.073331 
932 0.144824 
933 0.144824 
934 0.177923 
935 -0.260136 
936 0.439212 
937 -0.390307 
938 0.278904 
939 -0.210979 
940 -0.135253 
941 -0.169999 
942 0.099681 
943 -0.191462 
944 0.416034 
945 -0.340098 
946 0.108189 
947 -0.491788 
948 -0.191462 
949 0.308166 
950 0.231252 
951 0.059108 
952 0.099681 
953 -0.191462 
954 0.389942 
955 -0.141565 
956 0.278904 
957 -0.061015 
958 -0.061015 
959 -0.161948 
960 -0.212090 
961 -0.390307 
962 -0.340098 
963 -0.403109 
964 -0.135738 
965 0.383274 
966 0.018245 
967 -0.061015 
968 -0.040742 
969 0.396897 
970 0.158002 
971 -0.496469 
972 -0.410427 
973 0.383274 
974 0.482612 
975 -0.040742 
976 -0.061015 
977 -0.077286 
978 -0.077286 
979 0.482527 
980 -0.410427 
981 -0.039481 
982 -0.061015 
983 -0.390307 
984 0.073331 
985 -0.275895 
986 -0.067763 
987 -0.125191 
988 -0.125191 
989 -0.260136 
990 -0.318194 
991 0.207506 
992 -0.117785 
993 -0.191462 
994 0.439212 
995 -0.252679 
996 -0.449632 
997 -0.191462 
998 -0.191462 
999 -0.410055 
1000 -0.491788 
1001 -0.191462 
1002 0.108189 
1003 0.108189 
1004 -0.135253 
1005 0.144824 
1006 0.342396 
1007 0.128622 
1008 0.128622 
1009 -0.309064 
1010 -0.094958 
1011 0.455126 
1012 0.018245 
1013 0.383274 
1014 -0.124552 
1015 0.249974 
1016 0.320468 
1017 0.383274 
1018 0.383274 
1019 -0.169999 
1020 0.351794 
1021 -0.286286 
1022 -0.407878 
1023 -0.407878 
1024 -0.212090 
1025 -0.129022 
1026 -0.407878 
1027 0.099681 
1028 -0.117372 
1029 -0.296628 
1030 0.226427 
1031 0.463167 
1032 -0.117372 
1033 0.278904 
1034 -0.490690 
1035 -0.334973 
1036 0.477256 
1037 -0.117372 
1038 0.128622 
1039 0.329922 
1040 0.401423 
1041 0.466000 
1042 0.278904 
1043 0.477256 
1044 0.235530 
1045 0.301330 
1046 0.230981 
1047 0.108189 
1048 -0.390307 
1049 0.078909 
1050 -0.117785 
1051 -0.066948 
1052 -0.390307 
1053 -0.390307 
1054 -0.384518 
1055 0.164966 
1056 0.178337 
1057 -0.449632 
1058 -0.449632 
1059 0.304854 
1060 0.348958 
1061 -0.372135 
1062 -0.129205 
1063 -0.129205 
1064 -0.161948 
1065 -0.040742 
1066 -0.061015 
1067 -0.372135 
1068 -0.039481 
1069 0.032904 
1070 -0.410427 
1071 -0.039481 
1072 -0.491788 
1073 -0.410427 
1074 0.400002 
1075 -0.071840 
1076 0.207506 
1077 0.207506 
1078 -0.061015 
1079 -0.284635 
1080 0.071167 
1081 -0.491788 
1082 -0.410427 
1083 -0.410427 
1084 0.007819 
1085 -0.131256 
1086 -0.191462 
1087 -0.403109 
1088 -0.061015 
1089 0.482221 
1090 -0.077286 
1091 -0.066948 
1092 -0.403109 
1093 -0.403109 
1094 0.262955 
1095 0.073331 
1096 -0.286781 
1097 -0.372135 
1098 -0.372135 
1099 0.484324 
1100 -0.480331 
1101 -0.339215 
1102 -0.449632 
1103 -0.318194 
1104 0.212428 
1105 -0.282445 
1106 -0.117372 
1107 -0.318194 
1108 -0.318194 
1109 -0.410055 
1110 -0.260136 
1111 0.439212 
1112 0.278904 
1113 0.278904 
1114 -0.124552 
1115 0.099681 
1116 0.348958 
1117 0.249974 
1118 0.249974 
1119 0.304854 
1120 -0.135253 
1121 0.128622 
1122 0.099681 
1123 -0.066948 
1124 0.363020 
1125 -0.259093 
1126 0.247801 
1127 -0.077286 
1128 -0.131256 
1129 0.400002 
1130 -0.071840 
1131 0.071167 
1132 -0.131256 
1133 -0.131256 
1134 -0.284635 
1135 -0.131256 
1136 -0.077286 
1137 -0.361920 
1138 0.071167 
1139 0.007819 
1140 -0.361920 
1141 0.406375 
1142 0.122379 
1143 0.320468 
1144 0.482221 
1145 -0.125191 
1146 -0.286781 
1147 0.122379 
1148 0.122379 
1149 0.262955 
1150 -0.480331 
1151 -0.339215 
1152 -0.449632 
1153 -0.449632 
1154 0.484324 
1155 -0.282445 
1156 -0.117372 
1157 0.278904 
1158 -0.141565 
1159 0.212428 
1160 0.099681 
1161 0.128622 
1162 -0.141565 
1163 -0.141565 
1164 0.363020 
1165 0.431515 
1166 -0.040506 
1167 0.099681 
1168 0.342396 
1169 0.338125 
1170 -0.117372 
1171 -0.117372 
1172 -0.117372 
1173 0.128622 
1174 0.099681 
1175 0.001574 
1176 0.416129 
1177 0.099681 
1178 0.099681 
1179 -0.275895 
1180 0.451953 
1181 0.389942 
1182 0.342396 
1183 0.342396 
1184 -0.067763 
1185 -0.135738 
1186 -0.212090 
1187 -0.131256 
1188 -0.094958 
1189 -0.259093 
1190 0.158002 
1191 -0.496469 
1192 0.164966 
1193 -0.131256 
1194 0.247801 
1195 -0.252679 
1196 0.144824 
1197 0.144824 
1198 0.144824 
1199 0.431515 
1200 0.144824 
1201 0.144824 
1202 0.144824 
1203 -0.252679 
1204 -0.252679 
1205 0.122379 
1206 0.122379 
1207 -0.080958 
1208 -0.080958 
1209 0.338125 
1210 0.122379 
1211 0.122379 
1212 0.122379 
1213 0.122379 
1214 -0.071840 
1215 -0.080958 
1216 -0.080958 
1217 -0.129205 
1218 -0.039481 
1219 -0.275895 
1220 -0.129205 
1221 -0.129205 
1222 -0.437150 
1223 -0.437150 
1224 -0.067763 
1225 -0.437150 
1226 -0.437150 
1227 -0.403109 
1228 -0.403109 
1229 -0.259093 
1230 -0.403109 
1231 -0.403109 
1232 -0.437150 
1233 -0.340098 
1234 0.247801 
1235 -0.340098 
1236 -0.340098 
1237 -0.410427 
1238 -0.410427 
1239 0.431515 
1240 -0.260136 
1241 -0.212090 
1242 -0.212090 
1243 -0.212090 
1244 -0.124552 
1245 -0.169999 
1246 0.108189 
1247 -0.340098 
1248 -0.340098 
1249 -0.040506 
1250 0.231252 
1251 0.059108 
1252 -0.141565 
1253 0.059108 
1254 0.001574 
1255 -0.212090 
1256 0.158002 
1257 0.059108 
1258 0.059108 
1259 0.416129 
1260 -0.496469 
1261 -0.252679 
1262 0.059108 
1263 0.059108 
1264 -0.040506 
1265 0.144824 
1266 0.342396 
1267 -0.125191 
1268 -0.125191 
1269 0.001574 
1270 -0.094958 
1271 0.455126 
1272 0.231252 
1273 0.231252 
1274 0.416129 
1275 0.351794 
1276 -0.286286 
1277 -0.125191 
1278 0.406375 
1279 0.451953 
1280 -0.129022 
1281 -0.141565 
1282 -0.403109 
1283 -0.403109 
1284 0.451953 
1285 0.278904 
1286 -0.390307 
1287 0.231252 
1288 0.231252 
1289 0.389942 
1290 -0.407878 
1291 0.226427 
1292 0.231252 
1293 0.108189 
1294 -0.135738 
1295 0.463167 
1296 -0.334973 
1297 0.231252 
1298 0.108189 
1299 0.389942 
1300 0.383274 
1301 0.018245 
1302 0.207506 
1303 0.207506 
1304 0.482612 
1305 0.477256 
1306 0.401423 
1307 0.207506 
1308 0.108189 
1309 0.482527 
1310 0.073331 
1311 -0.260136 
1312 -0.490690 
1313 0.059108 
1314 0.059108 
1315 0.466000 
1316 -0.318194 
1317 -0.437150 
1318 -0.449632 
1319 0.439212 
1320 -0.129205 
1321 -0.129205 
1322 -0.129205 
1323 -0.318194 
1324 -0.437150 
1325 0.301330 
1326 -0.449632 
1327 0.249974 
1328 -0.491788 
1329 0.036778 
1330 0.230981 
1331 0.249974 
1332 -0.449632 
1333 0.099681 
1334 0.458911 
1335 0.164966 
1336 0.320468 
1337 0.108189 
1338 -0.491788 
1339 -0.247327 
1340 0.178337 
1341 -0.117785 
1342 0.108189 
1343 0.108189 
1344 -0.495459 
1345 -0.372135 
1346 -0.040742 
1347 -0.410427 
1348 -0.410427 
1349 -0.321779 
1350 -0.040742 
1351 -0.040742 
1352 -0.040742 
1353 -0.372135 
1354 -0.372135 
1355 -0.061015 
1356 -0.410427 
1357 -0.340098 
1358 -0.340098 
1359 -0.453730 
1360 -0.039481 
1361 0.207506 
1362 -0.403109 
1363 -0.410427 
1364 0.349114 
1365 0.329922 
1366 0.235530 
1367 -0.403109 
1368 -0.403109 
1369 0.207506 
1370 0.078909 
1371 -0.384518 
1372 0.235530 
1373 0.235530 
1374 0.235530 
1375 0.415375 
1376 -0.296628 
1377 -0.282445 
1378 -0.282445 
1379 0.226427 
1380 0.348958 
1381 -0.491788 
1382 0.226427 
1383 0.226427 
1384 -0.076364 
1385 -0.071840 
1386 0.071167 
1387 0.178337 
1388 0.178337 
1389 -0.149459 
1390 -0.131256 
1391 -0.191462 
1392 0.207506 
1393 0.207506 
1394 -0.076364 
1395 -0.131256 
1396 -0.131256 
1397 0.329922 
1398 0.439212 
1399 0.439212 
1400 -0.094958 
1401 -0.094958 
1402 -0.094958 
1403 0.342396 
1404 0.342396 
1405 0.342396 
1406 -0.094958 
1407 0.351794 
1408 0.351794 
1409 0.224987 
1410 0.455126 
1411 0.351794 
1412 0.018245 
1413 0.383274 
1414 0.044613 
1415 -0.286286 
1416 -0.129022 
1417 0.383274 
1418 0.226427 
1419 0.047486 
1420 -0.407878 
1421 0.226427 
1422 0.383274 
1423 -0.390307 
1424 0.319178 
1425 0.463167 
1426 -0.334973 
1427 0.278904 
1428 0.401423 
1429 -0.344640 
1430 0.477256 
1431 0.401423 
1432 0.278904 
1433 0.278904 
1434 0.475912 
1435 0.401423 
1436 0.401423 
1437 0.477256 
1438 0.477256 
1439 0.477256 
