2314 1
1886 3.285930 
1090 3.259923 
202 3.136731 
2251 3.088960 
125 2.918996 
236 2.902909 
579 2.800824 
861 2.796817 
1917 2.773096 
2147 2.762558 
1262 2.750552 
725 2.733039 
358 2.712244 
2127 2.708476 
1489 2.683556 
1482 2.667977 
719 2.663244 
2283 2.641901 
1612 2.640812 
373 2.601452 
1237 2.592088 
1767 2.582780 
108 2.543391 
1826 2.535825 
1701 2.527726 
341 2.500494 
189 2.493300 
1771 2.488930 
198 2.477461 
1058 2.477043 
2312 2.469858 
1857 2.468909 
1129 2.452584 
368 2.432859 
1674 2.422471 
1172 2.415079 
1550 2.410254 
2122 2.408983 
1555 2.369257 
1832 2.368576 
2158 2.366759 
550 2.360185 
1937 2.339815 
792 2.339459 
2132 2.339391 
1394 2.337627 
712 2.329914 
1932 2.329611 
319 2.329603 
183 2.322210 
2301 2.317215 
8 2.312037 
1121 2.299998 
214 2.298673 
961 2.295490 
315 2.294417 
1582 2.290932 
279 2.287213 
235 2.280431 
1922 2.274997 
1007 2.268959 
1867 2.261984 
193 2.246566 
113 2.246158 
2096 2.242168 
1991 2.233434 
720 2.233238 
2067 2.228091 
2028 2.226694 
1602 2.223681 
1993 2.222423 
2034 2.219920 
1098 2.217939 
1714 2.215050 
2082 2.209712 
1540 2.204791 
335 2.199588 
1741 2.189593 
326 2.189502 
956 2.182394 
2015 2.181438 
1474 2.179758 
624 2.173570 
623 2.173256 
782 2.166792 
629 2.163813 
1845 2.159341 
2243 2.158562 
477 2.158103 
248 2.156855 
1166 2.149563 
350 2.147615 
1416 2.138574 
1330 2.136628 
1000 2.136114 
1574 2.128019 
1816 2.126479 
1412 2.117763 
1800 2.116642 
293 2.110426 
1738 2.108077 
1525 2.107934 
1319 2.103542 
1569 2.101627 
1625 2.100281 
1452 2.097784 
695 2.097184 
2114 2.097005 
2164 2.096154 
82 2.087764 
294 2.085747 
2246 2.085269 
701 2.080749 
494 2.080475 
1309 2.080390 
1498 2.079716 
1133 2.078988 
517 2.077831 
148 2.077752 
1954 2.073059 
1354 2.071940 
2287 2.070589 
76 2.065026 
1289 2.056854 
1951 2.054665 
2136 2.053734 
1021 2.053328 
840 2.051234 
2011 2.049814 
78 2.049356 
805 2.046621 
1359 2.045436 
2043 2.044846 
220 2.042145 
1182 2.041084 
2038 2.037410 
2104 2.036984 
1029 2.034027 
831 2.032433 
1975 2.031991 
2023 2.030198 
1393 2.028752 
1341 2.027540 
676 2.025630 
954 2.021602 
522 2.020788 
2058 2.020272 
119 2.019966 
685 2.019587 
2090 2.019059 
155 2.018822 
2313 2.018178 
1051 2.015715 
1361 2.015573 
2226 2.009062 
2275 2.007510 
2102 2.007294 
2255 2.005588 
1338 2.004934 
142 2.002207 
301 2.001678 
21 1.999354 
607 1.999094 
1651 1.998743 
2047 1.998568 
1246 1.998289 
1362 1.995572 
1898 1.993194 
1599 1.989361 
1704 1.986655 
156 1.985937 
568 1.985168 
1927 1.982517 
1517 1.979940 
1912 1.972121 
707 1.971605 
1431 1.970022 
884 1.969981 
681 1.969893 
2172 1.969694 
437 1.969045 
2095 1.968379 
453 1.967473 
1149 1.966069 
332 1.965627 
2267 1.965004 
2151 1.964196 
731 1.963315 
2004 1.960866 
1725 1.960251 
1645 1.959942 
1492 1.959892 
443 1.959386 
888 1.958974 
26 1.958840 
1445 1.958462 
965 1.956677 
2235 1.953980 
540 1.953061 
1985 1.952006 
2055 1.949142 
1327 1.949092 
945 1.949031 
1783 1.949017 
1368 1.947425 
2050 1.946655 
175 1.943286 
1122 1.943213 
611 1.941061 
534 1.939957 
456 1.938512 
1565 1.938435 
651 1.938309 
819 1.937971 
903 1.936800 
527 1.935622 
1143 1.934343 
363 1.933901 
1562 1.933501 
1849 1.932030 
1875 1.931411 
800 1.927027 
352 1.923953 
2309 1.923532 
988 1.923200 
873 1.921827 
1414 1.921674 
431 1.921575 
2063 1.920381 
1190 1.917895 
1926 1.917044 
1983 1.916583 
462 1.916347 
1850 1.915374 
1160 1.915263 
104 1.914233 
1479 1.912828 
2171 1.912812 
1601 1.911558 
179 1.910944 
567 1.910569 
290 1.909972 
1882 1.905758 
1965 1.905626 
503 1.905359 
1012 1.904419 
2074 1.902842 
563 1.902771 
1436 1.902183 
1655 1.901057 
1434 1.899883 
835 1.899848 
2207 1.896721 
1718 1.894377 
1039 1.894138 
1194 1.893087 
652 1.891975 
406 1.891277 
1083 1.890584 
2142 1.890238 
2167 1.889960 
908 1.889042 
543 1.888986 
1664 1.888229 
1298 1.887590 
1658 1.886860 
591 1.886341 
1017 1.885479 
597 1.884256 
1579 1.883274 
1004 1.882851 
584 1.882294 
1323 1.881515 
1284 1.881149 
161 1.880804 
1468 1.880325 
1952 1.880131 
1762 1.879895 
1384 1.879653 
2216 1.877270 
855 1.873921 
385 1.872527 
2085 1.872432 
923 1.872009 
1154 1.870861 
898 1.870674 
2289 1.869262 
506 1.865407 
2110 1.865182 
255 1.863873 
798 1.863780 
1928 1.863230 
1591 1.863186 
553 1.862396 
1642 1.862211 
1254 1.860485 
83 1.860356 
47 1.860148 
138 1.859169 
1813 1.857119 
1804 1.855766 
1219 1.854798 
1423 1.853879 
2077 1.853588 
599 1.853070 
252 1.852371 
345 1.852368 
427 1.852264 
330 1.849504 
1961 1.847751 
2268 1.846651 
2195 1.846035 
100 1.845880 
58 1.845554 
791 1.844691 
72 1.844671 
1216 1.844540 
1044 1.843954 
490 1.841293 
1398 1.841188 
123 1.841003 
631 1.840959 
1269 1.838718 
572 1.835961 
1659 1.832810 
1698 1.832589 
825 1.832170 
258 1.831921 
702 1.831833 
2198 1.830607 
926 1.830594 
1417 1.829040 
1106 1.826093 
243 1.825808 
1048 1.821900 
1739 1.821843 
247 1.820855 
1756 1.820278 
1209 1.819617 
2178 1.817635 
64 1.815652 
1644 1.814752 
310 1.814710 
187 1.814393 
1776 1.813110 
640 1.813019 
1376 1.812317 
208 1.811590 
268 1.810870 
1282 1.810592 
2228 1.809325 
1503 1.808205 
34 1.808152 
1157 1.808128 
425 1.808046 
1501 1.807536 
168 1.806492 
446 1.805997 
1969 1.805759 
2155 1.804744 
1459 1.804079 
129 1.802218 
1225 1.800964 
665 1.799712 
1855 1.799271 
1092 1.797742 
1677 1.797240 
5 1.797088 
2180 1.796782 
1607 1.796654 
519 1.796495 
858 1.796469 
847 1.795806 
2061 1.795188 
822 1.794812 
2213 1.793966 
1724 1.792678 
2259 1.791509 
1861 1.790617 
1103 1.789546 
1221 1.787034 
778 1.786523 
1830 1.785721 
545 1.785465 
977 1.784937 
2040 1.784368 
986 1.784307 
839 1.784188 
1513 1.783989 
1074 1.783615 
1731 1.783224 
853 1.782498 
482 1.779880 
1250 1.778584 
1041 1.777929 
316 1.777597 
382 1.777174 
932 1.776747 
1905 1.775350 
1810 1.774493 
1266 1.772188 
1761 1.772118 
1451 1.771096 
1506 1.770677 
809 1.770479 
1466 1.768442 
14 1.764037 
90 1.762682 
998 1.762073 
1189 1.762020 
1684 1.761429 
1011 1.759893 
454 1.759798 
497 1.759593 
994 1.758704 
84 1.758524 
1111 1.755008 
429 1.754425 
1107 1.754191 
412 1.754035 
1879 1.753718 
1909 1.752714 
405 1.752484 
4 1.752381 
1815 1.750299 
132 1.749443 
776 1.748904 
1205 1.748835 
633 1.747790 
601 1.747704 
2278 1.747473 
525 1.746996 
1536 1.746291 
1584 1.745185 
1126 1.745155 
1159 1.744844 
1306 1.743497 
760 1.741093 
1840 1.739087 
399 1.738812 
1871 1.737543 
2190 1.737382 
1622 1.737293 
270 1.736652 
1407 1.736250 
1610 1.735689 
533 1.735678 
151 1.734200 
2013 1.732202 
305 1.731393 
919 1.730079 
1063 1.729771 
2272 1.729395 
1828 1.728894 
750 1.728761 
1222 1.725637 
283 1.725248 
939 1.724961 
1215 1.724826 
504 1.723116 
815 1.721969 
1572 1.721858 
1226 1.721403 
1895 1.721037 
1669 1.720997 
1340 1.720769 
1564 1.719762 
1511 1.718245 
669 1.717848 
1749 1.717503 
1892 1.717040 
1245 1.716682 
2221 1.716354 
160 1.712910 
1678 1.711407 
1426 1.711082 
20 1.710729 
1349 1.709500 
2016 1.708143 
915 1.707142 
906 1.705566 
1067 1.705029 
51 1.704690 
1024 1.699852 
617 1.699761 
1204 1.699759 
746 1.699260 
1754 1.697945 
673 1.697908 
930 1.697469 
587 1.696602 
1356 1.696499 
1936 1.696083 
756 1.695780 
1547 1.692774 
1807 1.691719 
1064 1.691442 
513 1.690811 
1559 1.690195 
1281 1.689890 
2026 1.687629 
39 1.687397 
1404 1.687155 
1201 1.687105 
1878 1.684512 
2169 1.684145 
1889 1.683802 
1846 1.683782 
44 1.683152 
1031 1.682462 
2263 1.681412 
259 1.681203 
435 1.680271 
1822 1.679970 
747 1.679034 
694 1.678639 
738 1.677716 
1390 1.676400 
1301 1.676269 
304 1.676103 
92 1.675406 
1868 1.675118 
1094 1.674646 
1274 1.674621 
737 1.673492 
922 1.673178 
1497 1.669991 
1910 1.669920 
487 1.668242 
1900 1.667445 
2258 1.666146 
141 1.664757 
1367 1.664496 
216 1.664468 
684 1.663747 
1521 1.662009 
1699 1.661643 
1920 1.661500 
562 1.661368 
1410 1.660908 
1950 1.660879 
662 1.660872 
1449 1.658103 
1733 1.657638 
636 1.657258 
296 1.655623 
907 1.655587 
466 1.655496 
413 1.655333 
972 1.654781 
1076 1.650831 
1255 1.650429 
755 1.646899 
2191 1.646199 
1212 1.645868 
74 1.643266 
1819 1.642021 
635 1.640241 
2129 1.638647 
688 1.638420 
1055 1.637562 
1373 1.636568 
605 1.636492 
1709 1.635437 
1635 1.635334 
1775 1.635047 
1914 1.634247 
924 1.632820 
570 1.631492 
1239 1.631169 
1460 1.630354 
1278 1.629414 
774 1.629275 
1797 1.627798 
880 1.627662 
13 1.626938 
1385 1.625736 
1169 1.625316 
154 1.624676 
1277 1.624059 
1144 1.623866 
593 1.623837 
928 1.621699 
645 1.621005 
690 1.620643 
2186 1.620034 
531 1.617601 
146 1.614952 
1326 1.614902 
557 1.614219 
1809 1.613472 
1463 1.612723 
62 1.611764 
1443 1.611223 
1176 1.610512 
264 1.610487 
2098 1.608854 
410 1.608834 
2128 1.607204 
2105 1.606964 
246 1.605812 
344 1.604820 
210 1.604691 
32 1.603955 
1112 1.603630 
2307 1.603445 
1661 1.602552 
1185 1.601897 
133 1.601767 
2068 1.600969 
1616 1.600369 
89 1.600042 
793 1.598257 
1139 1.597672 
1177 1.596825 
1557 1.596643 
1440 1.596092 
1335 1.589179 
118 1.589096 
1977 1.587928 
423 1.587715 
475 1.587584 
1401 1.587305 
2149 1.587199 
432 1.586989 
2161 1.585842 
555 1.585558 
654 1.584354 
1187 1.583326 
439 1.583156 
55 1.582260 
1145 1.581187 
753 1.580400 
1735 1.577592 
841 1.576779 
263 1.576617 
1070 1.576129 
223 1.575008 
2211 1.574047 
1990 1.573532 
1333 1.572297 
1009 1.571321 
729 1.568418 
1085 1.568069 
1078 1.565674 
1670 1.564991 
565 1.564547 
1233 1.563833 
759 1.562595 
619 1.561786 
225 1.561258 
2018 1.560700 
496 1.559508 
231 1.557900 
920 1.556965 
912 1.556824 
196 1.555362 
1785 1.555302 
2134 1.554215 
982 1.554133 
1780 1.551695 
1257 1.550911 
849 1.550592 
2296 1.550561 
949 1.550480 
2118 1.549575 
1539 1.549431 
1251 1.549215 
711 1.549115 
1534 1.548565 
1441 1.547871 
848 1.547692 
1872 1.547497 
1958 1.547204 
1364 1.547110 
947 1.545236 
1620 1.543763 
1957 1.543254 
2093 1.542796 
2204 1.542204 
2299 1.537899 
976 1.536521 
1904 1.535460 
734 1.535215 
877 1.534791 
767 1.534349 
1532 1.532921 
286 1.532840 
1529 1.532766 
512 1.532713 
1178 1.532252 
1789 1.531338 
1117 1.530339 
409 1.529169 
768 1.528498 
416 1.528189 
886 1.528103 
1313 1.527442 
86 1.524943 
2304 1.522933 
417 1.522466 
881 1.521955 
1638 1.521803 
764 1.521388 
647 1.520500 
300 1.520489 
1836 1.520246 
539 1.520077 
388 1.518902 
2271 1.518849 
1999 1.517467 
172 1.517290 
871 1.516805 
1707 1.515559 
1259 1.513172 
1942 1.512791 
787 1.511919 
1627 1.511842 
2308 1.511616 
321 1.509874 
224 1.509813 
397 1.509021 
1902 1.509021 
2162 1.507968 
71 1.503557 
461 1.502747 
2209 1.502665 
892 1.502414 
2237 1.501799 
1128 1.501772 
1835 1.500172 
1113 1.500017 
1328 1.499294 
638 1.499235 
2212 1.498205 
2089 1.497911 
2069 1.497678 
229 1.497041 
952 1.496058 
1681 1.492591 
975 1.492407 
1213 1.491512 
1402 1.490803 
580 1.489597 
1027 1.489388 
275 1.489181 
262 1.488187 
1014 1.487497 
941 1.487186 
65 1.486729 
648 1.485563 
1997 1.485281 
1747 1.483760 
476 1.483219 
1202 1.483157 
715 1.483154 
1794 1.482550 
1680 1.482316 
1053 1.480694 
2184 1.480582 
1429 1.480206 
2197 1.479998 
1138 1.479770 
950 1.479652 
1744 1.479597 
1688 1.479491 
732 1.479201 
1125 1.479093 
1199 1.479010 
2241 1.478924 
1650 1.477370 
447 1.476943 
934 1.476388 
2 1.475651 
1984 1.475274 
40 1.472832 
2056 1.472756 
879 1.472648 
376 1.471207 
808 1.471162 
2205 1.470506 
969 1.469474 
1345 1.469350 
471 1.469240 
1171 1.468838 
547 1.468389 
850 1.466910 
1422 1.466242 
469 1.465426 
2101 1.464263 
2203 1.464201 
1271 1.463709 
864 1.463140 
2290 1.461949 
1978 1.461548 
1860 1.461191 
1628 1.460354 
1425 1.459531 
723 1.459231 
1061 1.458444 
2072 1.456784 
990 1.456183 
389 1.454965 
2176 1.453966 
93 1.453816 
1118 1.453586 
663 1.452851 
361 1.451544 
641 1.451061 
380 1.449375 
1959 1.448807 
1728 1.448525 
1751 1.446732 
668 1.445447 
1043 1.445179 
115 1.443378 
60 1.443017 
765 1.442524 
1035 1.442467 
2227 1.440569 
1613 1.438162 
1504 1.436931 
829 1.435940 
677 1.434072 
1516 1.434023 
1541 1.433553 
1197 1.433338 
1896 1.432761 
1433 1.431703 
1087 1.431425 
866 1.430920 
158 1.430496 
1334 1.430452 
2233 1.429768 
2183 1.429461 
705 1.428507 
2157 1.427655 
1946 1.427557 
121 1.425903 
1531 1.423164 
274 1.422700 
566 1.418866 
2202 1.418385 
440 1.416790 
836 1.416172 
1788 1.415877 
303 1.412121 
1588 1.411645 
1381 1.410509 
801 1.410176 
902 1.409065 
1689 1.408106 
1344 1.406422 
2238 1.405037 
2305 1.404549 
763 1.403584 
2230 1.402796 
1811 1.402585 
1568 1.402240 
1888 1.402082 
1167 1.400960 
1672 1.400057 
1996 1.399325 
438 1.397954 
575 1.397678 
2024 1.397565 
2119 1.397553 
852 1.397473 
1134 1.397310 
276 1.396522 
743 1.395616 
1162 1.395285 
529 1.395199 
50 1.395103 
348 1.395036 
1538 1.394553 
1020 1.393986 
1837 1.391761 
249 1.391135 
741 1.389006 
1777 1.385258 
1630 1.383660 
2236 1.383557 
1509 1.383425 
322 1.383195 
1268 1.381475 
1071 1.379381 
1530 1.379339 
576 1.379138 
1229 1.378896 
116 1.377573 
1439 1.375991 
19 1.375835 
1302 1.374775 
2112 1.374687 
374 1.374434 
784 1.372849 
1297 1.372843 
2008 1.370465 
672 1.370107 
515 1.369265 
165 1.368228 
708 1.367774 
1405 1.367217 
1311 1.367208 
206 1.366745 
1310 1.364546 
63 1.362983 
241 1.362275 
936 1.362029 
537 1.361587 
1719 1.360702 
1753 1.359504 
1587 1.359403 
538 1.359338 
824 1.358667 
1265 1.358661 
910 1.358639 
1069 1.357685 
980 1.356410 
594 1.356228 
1796 1.355929 
1038 1.355446 
1814 1.353938 
1515 1.352517 
379 1.352322 
1230 1.352021 
2245 1.351453 
173 1.351006 
812 1.350583 
273 1.350164 
955 1.350024 
1929 1.349774 
1305 1.349760 
846 1.348196 
887 1.348105 
169 1.348102 
1312 1.347855 
1631 1.346719 
1275 1.346312 
1716 1.346081 
2286 1.345084 
1336 1.344698 
386 1.344539 
1073 1.344347 
2109 1.344319 
1980 1.343109 
1773 1.342290 
232 1.341495 
1388 1.340642 
1567 1.339771 
1379 1.337994 
280 1.336971 
2220 1.336321 
1668 1.335491 
773 1.335359 
944 1.334713 
1520 1.334149 
1295 1.333887 
1577 1.330548 
1581 1.329446 
820 1.327769 
355 1.327396 
883 1.327278 
411 1.326267 
992 1.325713 
2037 1.324710 
1940 1.323792 
1793 1.323403 
1272 1.321363 
937 1.319853 
748 1.319280 
523 1.318828 
360 1.317057 
916 1.316055 
918 1.315523 
103 1.315213 
346 1.314659 
1119 1.309233 
613 1.309012 
1742 1.308898 
1752 1.308624 
509 1.308110 
182 1.306816 
73 1.305856 
1843 1.305845 
1079 1.305178 
139 1.304533 
872 1.304179 
674 1.303664 
772 1.303533 
192 1.302351 
1023 1.302176 
421 1.302109 
256 1.300804 
639 1.300059 
814 1.299494 
860 1.298268 
282 1.296795 
971 1.295853 
501 1.293676 
36 1.293517 
958 1.293490 
1072 1.292066 
56 1.290820 
698 1.290064 
1500 1.289778 
1386 1.288022 
1768 1.286931 
1494 1.286012 
205 1.285561 
269 1.285510 
1561 1.284748 
1049 1.281949 
878 1.281146 
2111 1.279099 
1966 1.278927 
147 1.278176 
2139 1.278021 
754 1.277765 
1476 1.277066 
1424 1.275083 
137 1.274065 
1883 1.273777 
2261 1.272745 
1046 1.269386 
445 1.268820 
981 1.267599 
1165 1.267596 
1348 1.267558 
1235 1.267281 
845 1.266671 
1175 1.265978 
804 1.264809 
2032 1.264567 
996 1.263777 
1968 1.262574 
909 1.261788 
1399 1.261585 
1300 1.261409 
1391 1.261130 
2086 1.260540 
1438 1.259539 
1853 1.258815 
1475 1.258263 
288 1.258038 
1495 1.257759 
1858 1.256475 
1563 1.256345 
1970 1.256301 
1514 1.256234 
18 1.255672 
2214 1.255538 
1234 1.255514 
1784 1.255375 
1634 1.254156 
1682 1.250525 
49 1.250240 
1880 1.249444 
642 1.246884 
1972 1.246250 
370 1.245817 
2181 1.245119 
786 1.243477 
2223 1.243076 
656 1.242646 
338 1.242542 
145 1.242446 
185 1.241828 
1964 1.241454 
1963 1.241256 
1290 1.239505 
1456 1.238986 
2025 1.237633 
837 1.237309 
1790 1.237172 
997 1.235108 
2071 1.234893 
1992 1.234845 
2022 1.234530 
2001 1.232539 
1450 1.232466 
1974 1.232068 
2141 1.230747 
1585 1.230599 
1153 1.229674 
968 1.229546 
556 1.228079 
1040 1.226773 
1003 1.225999 
1195 1.224023 
10 1.222680 
779 1.221705 
689 1.221453 
314 1.220367 
807 1.218659 
2009 1.218619 
24 1.218557 
2116 1.217789 
15 1.217441 
1854 1.217068 
785 1.216619 
762 1.216118 
1841 1.215644 
1470 1.214086 
970 1.213437 
2057 1.212617 
391 1.212445 
1148 1.212402 
1852 1.211339 
68 1.210151 
1608 1.210123 
403 1.210063 
985 1.209946 
843 1.209407 
2088 1.208029 
1685 1.206316 
106 1.205395 
2080 1.203973 
810 1.203721 
2146 1.203228 
1140 1.202222 
2253 1.202105 
832 1.201618 
1908 1.201111 
311 1.200986 
472 1.200413 
1947 1.199435 
1065 1.199365 
1316 1.198312 
449 1.197606 
610 1.197290 
1248 1.197237 
1467 1.196996 
1766 1.195574 
609 1.195529 
458 1.194829 
1378 1.194286 
284 1.193275 
1729 1.191513 
1146 1.191047 
1869 1.191033 
1919 1.190800 
2130 1.190731 
1546 1.189288 
521 1.187547 
354 1.187368 
1168 1.186752 
1057 1.186540 
111 1.186514 
559 1.185504 
2073 1.184768 
2300 1.183973 
590 1.183803 
951 1.183444 
1865 1.182496 
2064 1.182076 
240 1.181997 
2185 1.181923 
1505 1.181503 
313 1.180137 
530 1.179498 
219 1.178851 
751 1.178679 
2099 1.178473 
1151 1.177799 
1805 1.177509 
2293 1.176870 
1596 1.175225 
667 1.174753 
1243 1.173822 
419 1.172746 
1690 1.172578 
1578 1.171154 
1778 1.171021 
2224 1.170106 
1086 1.169712 
213 1.169431 
244 1.168417 
875 1.168333 
1803 1.166918 
823 1.164546 
395 1.164356 
1702 1.163678 
2276 1.159616 
602 1.157696 
549 1.157429 
826 1.155131 
1032 1.154758 
2177 1.154526 
43 1.152310 
615 1.152211 
1745 1.150487 
2196 1.150461 
2262 1.148628 
323 1.146048 
581 1.145984 
291 1.144945 
1458 1.143669 
1411 1.141702 
733 1.141526 
1010 1.139192 
1981 1.138230 
7 1.137965 
1369 1.137814 
1428 1.137077 
1787 1.136890 
730 1.136712 
308 1.136058 
1522 1.135538 
830 1.135476 
1589 1.134746 
935 1.134632 
904 1.134361 
500 1.132350 
2020 1.130197 
524 1.129763 
25 1.129435 
102 1.129071 
1372 1.127246 
233 1.126049 
2194 1.125404 
803 1.124913 
1170 1.124315 
226 1.123827 
2277 1.123704 
1962 1.121560 
589 1.121328 
1604 1.119865 
215 1.119369 
265 1.119000 
724 1.117281 
325 1.116975 
426 1.116946 
186 1.114432 
491 1.114139 
459 1.113333 
2173 1.112850 
23 1.112210 
2076 1.111008 
630 1.109311 
670 1.108348 
868 1.107986 
2117 1.105383 
1280 1.104859 
441 1.103547 
693 1.103359 
222 1.102712 
770 1.102508 
818 1.102453 
2311 1.101939 
404 1.100410 
468 1.098761 
1091 1.097417 
191 1.097211 
2163 1.096156 
1838 1.093939 
1545 1.093573 
1152 1.093413 
1643 1.093194 
983 1.092726 
1136 1.092707 
418 1.092631 
1987 1.092171 
742 1.092016 
2070 1.091914 
1786 1.091280 
2049 1.090096 
1036 1.089560 
659 1.089026 
2306 1.088838 
991 1.088834 
499 1.088420 
2192 1.088138 
1844 1.085431 
1873 1.084638 
744 1.082901 
1703 1.082418 
272 1.082254 
827 1.080910 
95 1.079969 
2152 1.078192 
1694 1.077950 
1099 1.077895 
33 1.077572 
2266 1.077156 
1864 1.076518 
1192 1.075904 
1325 1.075284 
735 1.075176 
383 1.074177 
660 1.071970 
1096 1.071925 
942 1.071829 
1640 1.070636 
1710 1.069935 
816 1.067001 
422 1.066613 
1220 1.064755 
1464 1.064002 
2264 1.063994 
401 1.063716 
649 1.062687 
1286 1.060458 
1641 1.060161 
85 1.060153 
1676 1.060133 
390 1.057430 
1925 1.056142 
480 1.055811 
285 1.055800 
1346 1.054853 
1472 1.053495 
1322 1.052131 
1636 1.050724 
554 1.049900 
415 1.049731 
2107 1.049624 
788 1.049390 
1955 1.049269 
470 1.049237 
1549 1.049119 
1252 1.048902 
1781 1.046861 
2232 1.045491 
984 1.044889 
1943 1.042747 
1161 1.042291 
493 1.040692 
1770 1.039908 
2125 1.038682 
2201 1.037442 
1746 1.036460 
2121 1.033470 
592 1.031630 
1211 1.031615 
97 1.030332 
2079 1.030182 
1633 1.029935 
298 1.029615 
1016 1.028637 
959 1.027911 
37 1.024067 
913 1.023430 
1933 1.023009 
61 1.020550 
1008 1.019389 
27 1.017998 
2048 1.016830 
709 1.016261 
1304 1.014543 
442 1.014494 
1002 1.014393 
1019 1.014209 
2087 1.014194 
796 1.013914 
1332 1.011752 
1283 1.011042 
893 1.010833 
948 1.010035 
644 1.009941 
1558 1.009488 
320 1.009421 
603 1.009152 
2036 1.008839 
1080 1.008313 
2252 1.008209 
2051 1.005670 
1461 1.004575 
463 1.003858 
706 1.002674 
1941 1.000525 
366 0.996991 
1457 0.992346 
2256 0.991641 
900 0.991414 
1621 0.990275 
1102 0.989928 
865 0.989159 
1907 0.987078 
710 0.986870 
588 0.986749 
544 0.985911 
1994 0.985357 
1818 0.983686 
200 0.982364 
616 0.981816 
1512 0.981179 
267 0.981129 
190 0.980363 
703 0.976797 
876 0.975328 
153 0.975313 
1116 0.974707 
761 0.974176 
1519 0.974134 
48 0.973336 
1595 0.972564 
1075 0.969802 
1727 0.968646 
1654 0.968470 
1632 0.966029 
473 0.963484 
3 0.963437 
931 0.962369 
558 0.962037 
2222 0.961798 
79 0.961785 
1318 0.961745 
1093 0.958948 
1465 0.957702 
1580 0.957634 
70 0.955045 
1967 0.954715 
1743 0.951538 
2273 0.950309 
392 0.949796 
2175 0.947371 
2210 0.947192 
2060 0.946116 
1037 0.945542 
1013 0.945169 
1045 0.943807 
211 0.942774 
683 0.942616 
260 0.940010 
1483 0.939715 
2131 0.939616 
2193 0.937097 
2075 0.937048 
135 0.936833 
492 0.935693 
467 0.934549 
1897 0.933254 
2270 0.931836 
1493 0.931469 
528 0.930166 
1105 0.929198 
131 0.929148 
536 0.928495 
666 0.927996 
207 0.925528 
2140 0.924389 
136 0.923669 
1842 0.923457 
1542 0.923346 
1755 0.922728 
1056 0.921033 
1877 0.920504 
2066 0.919668 
53 0.918264 
1708 0.916396 
9 0.916084 
1095 0.916060 
2265 0.914748 
1276 0.912939 
548 0.910631 
1660 0.910253 
101 0.910059 
1870 0.909423 
1486 0.909138 
253 0.907254 
1253 0.906427 
159 0.906154 
1337 0.905709 
481 0.903910 
1806 0.902877 
655 0.902677 
327 0.902071 
1606 0.900939 
1548 0.898648 
434 0.897543 
620 0.897074 
797 0.896311 
699 0.894719 
643 0.886853 
1894 0.886675 
716 0.886549 
176 0.886548 
1691 0.886474 
1998 0.885056 
1427 0.882883 
484 0.880619 
2291 0.880053 
1181 0.879597 
130 0.879391 
606 0.879051 
1570 0.878315 
2188 0.877762 
596 0.877721 
88 0.877684 
1206 0.877150 
251 0.876905 
1400 0.876515 
430 0.875431 
433 0.874789 
658 0.872478 
675 0.870477 
134 0.870182 
281 0.869616 
535 0.869316 
901 0.868183 
375 0.867717 
2123 0.867521 
993 0.865864 
1524 0.865841 
1488 0.862757 
614 0.861606 
227 0.861563 
1490 0.860671 
1299 0.858909 
739 0.858402 
1480 0.858146 
1355 0.856632 
1639 0.855492 
2017 0.854306 
661 0.854173 
87 0.850668 
813 0.850662 
960 0.849596 
2297 0.849201 
1374 0.849061 
2113 0.848422 
12 0.848405 
1887 0.847511 
551 0.847475 
1527 0.847224 
736 0.846740 
299 0.844682 
2199 0.844177 
498 0.842957 
1163 0.841473 
571 0.841280 
586 0.838624 
381 0.838309 
1571 0.837906 
2126 0.837066 
1068 0.836693 
342 0.834964 
2044 0.833188 
2285 0.830921 
2084 0.828152 
1173 0.827975 
1370 0.826463 
444 0.825935 
1137 0.824261 
894 0.823899 
546 0.823088 
414 0.822517 
1772 0.821964 
2260 0.821729 
1397 0.821060 
2150 0.820883 
1156 0.820616 
1207 0.819497 
2187 0.819480 
1357 0.815644 
2106 0.814497 
874 0.812746 
514 0.812361 
585 0.810143 
1420 0.810097 
1824 0.809313 
1823 0.805720 
94 0.805420 
2033 0.804674 
2046 0.802948 
505 0.801405 
1114 0.799197 
2234 0.798414 
1186 0.793903 
1109 0.793629 
2160 0.793317 
396 0.790057 
1686 0.789355 
766 0.785865 
821 0.784988 
1619 0.783226 
1484 0.779885 
780 0.777885 
1988 0.776390 
452 0.774597 
869 0.771500 
1576 0.771395 
1851 0.770229 
237 0.769814 
2145 0.768872 
1646 0.766475 
1945 0.766071 
691 0.764815 
2006 0.762567 
516 0.760773 
927 0.759255 
2052 0.757594 
1329 0.757117 
1911 0.757042 
726 0.756648 
31 0.755791 
1261 0.755211 
1353 0.755143 
91 0.754957 
1629 0.753589 
1419 0.753194 
1303 0.751517 
1956 0.749478 
938 0.747823 
1665 0.746438 
1174 0.745828 
917 0.745608 
2030 0.738385 
2229 0.737757 
802 0.733749 
1491 0.733599 
188 0.733234 
359 0.733154 
1358 0.732932 
520 0.731659 
1365 0.731633 
1573 0.730924 
250 0.730175 
687 0.725930 
387 0.722351 
306 0.721736 
752 0.720137 
608 0.719942 
2215 0.719871 
289 0.719517 
369 0.719197 
1930 0.716257 
2083 0.712127 
59 0.708043 
1496 0.707485 
365 0.707387 
1799 0.706518 
1444 0.705943 
1881 0.704140 
1447 0.702448 
1779 0.700047 
450 0.698988 
1764 0.698422 
1331 0.698100 
2281 0.698028 
126 0.696858 
1782 0.696197 
1247 0.694831 
1217 0.692757 
542 0.689560 
833 0.688087 
66 0.686515 
180 0.685278 
2249 0.684895 
479 0.684150 
1430 0.683702 
1389 0.682930 
1675 0.682206 
195 0.680965 
1949 0.680837 
811 0.680043 
2168 0.678896 
455 0.678847 
2310 0.678731 
2239 0.678690 
1717 0.678340 
41 0.676959 
1705 0.675390 
112 0.672011 
1960 0.666048 
569 0.665904 
1923 0.663568 
518 0.662251 
2031 0.662220 
2135 0.658492 
465 0.657404 
408 0.656393 
1626 0.656239 
1050 0.655389 
510 0.654391 
209 0.651665 
1700 0.651318 
679 0.650306 
1763 0.648897 
1671 0.647517 
2148 0.645327 
632 0.643209 
1791 0.643048 
1242 0.642006 
1560 0.641084 
11 0.641078 
1363 0.640930 
722 0.637920 
1916 0.637416 
312 0.636480 
1647 0.634051 
2182 0.633557 
334 0.632687 
460 0.631975 
781 0.629092 
1097 0.624683 
604 0.623803 
1150 0.622523 
1435 0.621681 
1123 0.621273 
109 0.620695 
2269 0.620143 
356 0.619890 
502 0.616448 
2302 0.612120 
1825 0.608871 
1551 0.608456 
637 0.605556 
1015 0.605060 
1421 0.604359 
1054 0.603864 
110 0.602128 
1042 0.594817 
201 0.593686 
1624 0.592990 
794 0.592135 
1130 0.592008 
1921 0.591089 
2225 0.588445 
1062 0.588010 
1874 0.587378 
1218 0.586248 
239 0.584061 
162 0.583737 
140 0.578939 
532 0.576752 
28 0.571274 
890 0.567199 
769 0.566332 
353 0.553155 
686 0.551091 
2059 0.550525 
238 0.545783 
351 0.545700 
174 0.542523 
1324 0.541906 
1859 0.539307 
343 0.537367 
212 0.534311 
2247 0.533999 
234 0.531914 
2170 0.531407 
1408 0.530265 
80 0.527213 
1518 0.525780 
1406 0.525364 
1263 0.524723 
704 0.521474 
1543 0.519489 
577 0.519139 
863 0.515946 
1885 0.515685 
278 0.515234 
1566 0.513274 
1995 0.511214 
1164 0.511052 
99 0.509321 
758 0.507903 
775 0.507578 
2217 0.505400 
714 0.499837 
1901 0.492116 
978 0.489825 
364 0.485596 
1976 0.478750 
1656 0.473446 
1834 0.471420 
2094 0.471268 
1360 0.471016 
331 0.470035 
728 0.467058 
1030 0.466742 
245 0.464616 
1649 0.461063 
721 0.454957 
1342 0.453902 
171 0.449058 
2000 0.448801 
2014 0.448326 
257 0.446053 
254 0.440185 
2091 0.437624 
2274 0.434095 
317 0.430330 
2280 0.424456 
963 0.417855 
2250 0.417105 
897 0.406948 
682 0.398177 
1989 0.387317 
1448 0.382409 
1918 0.379617 
2041 0.377065 
1270 0.376145 
511 0.367236 
1673 0.363630 
2165 0.361781 
862 0.360051 
2282 0.356247 
362 0.351683 
1891 0.337484 
1693 0.336608 
1223 0.336426 
1395 0.318441 
2248 0.307181 
1260 0.303987 
1884 0.301895 
1104 0.301362 
407 0.299129 
2035 0.296247 
1131 0.289137 
564 0.286945 
318 0.277414 
16 0.276110 
1006 0.274535 
578 0.268041 
203 0.265995 
2242 0.263994 
2144 0.253737 
1059 0.250902 
2133 0.250071 
718 0.245597 
1022 0.240667 
1750 0.239283 
1001 0.238514 
329 0.224326 
295 0.222497 
478 0.218681 
372 0.214634 
2097 0.209288 
953 0.200099 
777 0.199551 
1293 0.198597 
347 0.174640 
1600 0.166983 
199 0.158209 
1765 0.157946 
124 0.153181 
105 0.142713 
1005 0.111217 
2124 0.110665 
1829 0.079899 
1808 0.035872 
2206 0.011432 
1141 -0.002547 
692 -0.008191 
1720 -0.008785 
1502 -0.013700 
1812 -0.027299 
1088 -0.073077 
1481 -0.104984 
1615 -0.140660 
1210 -0.207695 
1224 -0.231481 
526 -0.232618 
1924 -0.327007 
966 -0.501906 
164 -0.521209 
1455 -0.530500 
628 -0.624060 
921 -0.632043 
1913 -0.682443 
2137 -0.726530 
1856 -0.741265 
77 -0.742649 
1 -0.745800 
302 -0.752267 
117 -0.777249 
1757 -0.836905 
75 -0.854303 
1442 -0.871586 
1938 -0.876043 
1214 -0.877892 
1238 -0.899402 
2103 -0.926575 
2159 -0.931222 
885 -0.956896 
46 -0.981667 
854 -0.985656 
842 -0.990427 
598 -1.014222 
1802 -1.015346 
333 -1.032207 
1696 -1.036964 
221 -1.045003 
1769 -1.053224 
271 -1.061187 
1715 -1.067222 
1258 -1.068069 
889 -1.072065 
152 -1.080047 
1249 -1.088834 
1089 -1.094413 
1740 -1.108328 
1736 -1.132205 
197 -1.133205 
1499 -1.150032 
1477 -1.169761 
1387 -1.174367 
22 -1.175684 
1120 -1.178910 
1526 -1.179049 
946 -1.180787 
1413 -1.191924 
2010 -1.200150 
1876 -1.203743 
2303 -1.222333 
1730 -1.229540 
700 -1.232272 
1135 -1.240061 
727 -1.245415 
967 -1.248486 
1392 -1.253015 
1939 -1.256436 
940 -1.259499 
292 -1.260811 
1018 -1.263258 
838 -1.275600 
1598 -1.289228 
1603 -1.294585 
1077 -1.295214 
2012 -1.295530 
1236 -1.317259 
1188 -1.321684 
424 -1.326535 
541 -1.329569 
1713 -1.334775 
1726 -1.337295 
2294 -1.346115 
1528 -1.354458 
1986 -1.358533 
1288 -1.359682 
1371 -1.362022 
1732 -1.365944 
1308 -1.367871 
2218 -1.368191 
974 -1.374969 
1817 -1.380776 
806 -1.381433 
2257 -1.387164 
1866 -1.389068 
114 -1.390726 
507 -1.398508 
844 -1.401887 
1507 -1.407021 
122 -1.407282 
1533 -1.410088 
488 -1.416253 
1244 -1.416808 
436 -1.417878 
625 -1.420169 
194 -1.421581 
1906 -1.432750 
717 -1.435813 
2042 -1.437212 
2288 -1.441262 
1454 -1.447060 
989 -1.449985 
1418 -1.451951 
653 -1.452251 
745 -1.453526 
1953 -1.454214 
167 -1.455448 
149 -1.462793 
1510 -1.462994 
987 -1.468054 
1662 -1.470092 
650 -1.477821 
2120 -1.480200 
1847 -1.480443 
2108 -1.480698 
1934 -1.482932 
2027 -1.483770 
457 -1.495951 
911 -1.500923 
933 -1.508578 
2156 -1.508881 
905 -1.509614 
1228 -1.510062 
181 -1.512216 
6 -1.513532 
1583 -1.516802 
1594 -1.519465 
749 -1.524501 
1737 -1.526102 
35 -1.527761 
1028 -1.530427 
1973 -1.531037 
1315 -1.533430 
621 -1.535939 
1066 -1.536170 
81 -1.538679 
371 -1.538687 
1597 -1.543313 
1862 -1.543582 
1893 -1.545978 
1575 -1.546617 
1415 -1.549920 
1473 -1.553391 
1124 -1.555513 
2284 -1.557921 
1683 -1.559503 
218 -1.560714 
2115 -1.560843 
856 -1.563034 
1462 -1.563658 
618 -1.565669 
150 -1.566734 
671 -1.567626 
1614 -1.567929 
242 -1.569356 
2154 -1.575681 
1179 -1.580409 
882 -1.580843 
1264 -1.587921 
1760 -1.588313 
1273 -1.592779 
277 -1.596679 
634 -1.596977 
120 -1.597985 
2081 -1.599798 
713 -1.601702 
1695 -1.601906 
1183 -1.602908 
336 -1.603057 
2065 -1.604106 
957 -1.605727 
339 -1.609252 
1267 -1.616950 
1609 -1.617308 
1437 -1.617610 
230 -1.617775 
1948 -1.618870 
999 -1.620006 
357 -1.620800 
143 -1.621893 
1537 -1.624036 
1320 -1.626456 
1833 -1.626512 
1191 -1.628543 
1553 -1.629769 
828 -1.633548 
1611 -1.635397 
696 -1.639036 
228 -1.639662 
1657 -1.646861 
552 -1.647418 
1706 -1.650090 
1848 -1.650221 
170 -1.650691 
1081 -1.652232 
128 -1.659358 
1343 -1.660762 
1380 -1.662794 
2166 -1.664994 
1586 -1.666142 
2019 -1.669977 
1523 -1.670890 
1863 -1.673758 
384 -1.675717 
204 -1.678019 
1198 -1.678672 
1899 -1.680210 
1147 -1.680683 
2092 -1.681788 
1403 -1.685425 
1232 -1.692333 
1552 -1.693008 
561 -1.695347 
622 -1.697975 
1508 -1.698631 
184 -1.701847 
1279 -1.701918 
851 -1.705926 
340 -1.707344 
1971 -1.708975 
261 -1.711145 
1115 -1.713226 
377 -1.716224 
307 -1.720747 
1383 -1.722491 
1060 -1.723871 
1697 -1.724973 
2021 -1.729268 
1396 -1.732263 
1592 -1.739353 
817 -1.739973 
1679 -1.742296 
795 -1.748173 
2179 -1.751880 
1317 -1.754920 
867 -1.757758 
1339 -1.758482 
857 -1.759950 
1294 -1.764463 
1084 -1.765022 
2062 -1.766038 
309 -1.767383 
2189 -1.772575 
1734 -1.774198 
2254 -1.774586 
486 -1.775744 
2143 -1.776646 
1554 -1.777253 
1748 -1.783004 
428 -1.784402 
1653 -1.786670 
2039 -1.786879 
163 -1.791273 
349 -1.791392 
30 -1.800201 
925 -1.800236 
177 -1.803749 
127 -1.805725 
1127 -1.805949 
1377 -1.812626 
1711 -1.812710 
1982 -1.813375 
1296 -1.814604 
574 -1.815573 
995 -1.817699 
1666 -1.824091 
178 -1.827808 
1155 -1.832959 
664 -1.833399 
1556 -1.834878 
914 -1.843637 
2240 -1.848554 
2292 -1.854926 
1827 -1.856053 
1839 -1.862489 
1652 -1.864497 
1203 -1.871543 
560 -1.874637 
1469 -1.876927 
790 -1.878997 
678 -1.880952 
1979 -1.881263 
1025 -1.887807 
1915 -1.888162 
595 -1.897024 
1821 -1.897158 
1795 -1.901389 
451 -1.901610 
2244 -1.901817 
398 -1.904769 
1047 -1.907912 
1648 -1.908630 
1347 -1.910123 
2138 -1.914329 
1774 -1.915159 
1471 -1.917163 
646 -1.917887 
1110 -1.918901 
1535 -1.919935 
582 -1.920436 
1544 -1.921032 
297 -1.921500 
2295 -1.921958 
1158 -1.921984 
1101 -1.923684 
979 -1.923963 
144 -1.924639 
1758 -1.925007 
2053 -1.925513 
573 -1.928943 
57 -1.929517 
626 -1.934703 
1478 -1.935984 
1200 -1.940707 
1366 -1.944020 
600 -1.944046 
2078 -1.947642 
1351 -1.950795 
899 -1.952564 
54 -1.956976 
464 -1.959999 
1193 -1.961451 
1321 -1.964231 
1931 -1.965115 
1432 -1.972927 
1890 -1.977667 
1935 -1.979720 
2174 -1.982730 
1687 -1.984643 
697 -1.987450 
400 -1.988819 
483 -1.990281 
495 -1.992748 
394 -1.995070 
1831 -1.996169 
52 -1.997426 
799 -2.005002 
38 -2.015293 
859 -2.015958 
1314 -2.016800 
583 -2.017520 
324 -2.034977 
2054 -2.036526 
1285 -2.041760 
69 -2.042143 
1623 -2.046293 
1026 -2.048162 
1307 -2.050153 
789 -2.052090 
834 -2.056418 
1256 -2.058887 
1287 -2.061086 
973 -2.061972 
0 -2.073487 
2279 -2.073567 
474 -2.073710 
2005 -2.083323 
2100 -2.084087 
107 -2.085804 
1903 -2.088916 
485 -2.090100 
1184 -2.090788 
2231 -2.093704 
67 -2.097641 
2003 -2.102345 
1352 -2.102789 
1618 -2.105598 
929 -2.107464 
627 -2.109455 
1231 -2.115362 
757 -2.119357 
1663 -2.123218 
2200 -2.131325 
962 -2.131968 
2219 -2.132232 
1944 -2.132307 
1227 -2.133029 
1590 -2.134150 
1792 -2.136329 
420 -2.138185 
337 -2.142064 
378 -2.144942 
1240 -2.148912 
1617 -2.151953 
1759 -2.157447 
489 -2.167625 
2007 -2.168661 
1132 -2.169254 
740 -2.172484 
1196 -2.178076 
402 -2.180536 
2153 -2.185501 
1723 -2.186210 
870 -2.192057 
1801 -2.192428 
612 -2.208157 
1487 -2.210481 
1820 -2.211191 
896 -2.213207 
1052 -2.220701 
2298 -2.223726 
45 -2.223828 
217 -2.226566 
1291 -2.229111 
1798 -2.233262 
2208 -2.244507 
1637 -2.244747 
1375 -2.258802 
1208 -2.260253 
287 -2.261269 
1446 -2.266219 
783 -2.270010 
1033 -2.272096 
895 -2.273976 
1721 -2.279533 
1667 -2.287738 
1180 -2.293633 
1241 -2.315926 
1292 -2.316278 
2045 -2.325894 
96 -2.330925 
1722 -2.335950 
1100 -2.341012 
1453 -2.345242 
771 -2.346756 
1605 -2.348168 
2029 -2.363725 
1409 -2.367754 
1108 -2.378177 
448 -2.386721 
1712 -2.400589 
393 -2.412648 
157 -2.428303 
1082 -2.444334 
1142 -2.450298 
1350 -2.450685 
1382 -2.457525 
891 -2.462028 
29 -2.502376 
657 -2.506469 
680 -2.517874 
42 -2.570012 
2002 -2.578390 
266 -2.605722 
1485 -2.630743 
17 -2.691843 
943 -2.746672 
98 -2.760006 
1034 -2.761489 
328 -2.769411 
1692 -2.786615 
1593 -2.849783 
166 -3.012897 
367 -3.034810 
508 -3.114366 
964 -3.450006 
