3072 1
0 -0.352549 
1 -0.352549 
2 -0.352549 
3 0.291892 
4 0.291892 
5 0.291892 
6 0.465394 
7 0.465394 
8 0.465394 
9 -0.352549 
10 -0.352549 
11 -0.352549 
12 -0.352549 
13 -0.352549 
14 -0.352549 
15 0.291892 
16 0.291892 
17 0.291892 
18 -0.030196 
19 -0.030196 
20 -0.030196 
21 0.465394 
22 0.465394 
23 0.465394 
24 -0.347371 
25 -0.347371 
26 -0.347371 
27 0.291892 
28 0.291892 
29 0.291892 
30 0.291892 
31 0.291892 
32 0.200068 
33 0.448296 
34 0.132634 
35 0.375661 
36 0.375661 
37 0.375661 
38 0.375661 
39 0.155879 
40 0.155879 
41 0.155879 
42 -0.352549 
43 -0.352549 
44 -0.352549 
45 0.291892 
46 0.291892 
47 0.291892 
48 0.437170 
49 0.437170 
50 0.437170 
51 -0.347371 
52 -0.347371 
53 -0.347371 
54 -0.012423 
55 -0.012423 
56 -0.012423 
57 0.436089 
58 0.436089 
59 0.436089 
60 0.132634 
61 0.132634 
62 0.132634 
63 0.448296 
64 0.448296 
65 0.448296 
66 0.448296 
67 0.448296 
68 0.448296 
69 0.132634 
70 0.132634 
71 0.132634 
72 0.109949 
73 0.109949 
74 0.109949 
75 -0.439758 
76 -0.439758 
77 -0.439758 
78 0.120843 
79 0.120843 
80 0.120843 
81 -0.455847 
82 -0.455847 
83 -0.455847 
84 -0.373971 
85 -0.373971 
86 -0.373971 
87 -0.439758 
88 -0.439758 
89 -0.439758 
90 0.120843 
91 0.120843 
92 0.120843 
93 -0.373971 
94 -0.373971 
95 -0.373971 
96 0.132634 
97 0.132634 
98 0.132634 
99 0.448296 
100 0.448296 
101 0.448296 
102 0.155879 
103 0.155879 
104 0.155879 
105 0.132634 
106 0.132634 
107 0.132634 
108 0.375661 
109 0.375661 
110 0.375661 
111 0.155879 
112 0.155879 
113 0.155879 
114 0.448296 
115 0.448296 
116 0.448296 
117 0.132634 
118 0.132634 
119 0.132634 
120 0.132634 
121 0.132634 
122 0.132634 
123 0.448296 
124 0.448296 
125 0.448296 
126 0.448296 
127 0.448296 
128 0.448296 
129 0.132634 
130 0.132634 
131 0.132634 
132 0.102333 
133 0.102333 
134 0.102333 
135 0.168810 
136 0.168810 
137 0.168810 
138 0.025485 
139 0.025485 
140 0.025485 
141 -0.373971 
142 -0.373971 
143 -0.373971 
144 -0.347371 
145 -0.347371 
146 -0.347371 
147 -0.012423 
148 -0.012423 
149 -0.012423 
150 0.436089 
151 0.436089 
152 0.436089 
153 0.109949 
154 0.109949 
155 0.109949 
156 0.132634 
157 0.132634 
158 0.132634 
159 0.448296 
160 0.448296 
161 0.448296 
162 0.448296 
163 0.448296 
164 0.448296 
165 0.132634 
166 0.132634 
167 0.132634 
168 0.277120 
169 0.277120 
170 0.277120 
171 -0.338847 
172 -0.338847 
173 -0.338847 
174 0.264105 
175 0.264105 
176 0.264105 
177 0.203888 
178 0.203888 
179 0.203888 
180 -0.373971 
181 -0.373971 
182 -0.373971 
183 0.168810 
184 0.168810 
185 0.168810 
186 0.168810 
187 0.168810 
188 0.168810 
189 -0.373971 
190 -0.373971 
191 -0.373971 
192 -0.190819 
193 -0.190819 
194 -0.190819 
195 -0.323397 
196 -0.323397 
197 -0.323397 
198 -0.179911 
199 -0.179911 
200 -0.179911 
201 0.023453 
202 0.023453 
203 0.023453 
204 -0.030196 
205 -0.030196 
206 -0.030196 
207 0.291892 
208 0.291892 
209 0.291892 
210 0.025485 
211 0.200068 
212 -0.178031 
213 -0.455847 
214 -0.455847 
215 -0.455847 
216 0.277120 
217 0.277120 
218 0.277120 
219 -0.338847 
220 -0.338847 
221 -0.338847 
222 0.264105 
223 0.264105 
224 0.264105 
225 0.203888 
226 0.203888 
227 0.203888 
228 -0.281924 
229 -0.281924 
230 -0.281924 
231 -0.439758 
232 -0.439758 
233 0.120843 
234 0.120843 
235 0.120843 
236 0.120843 
237 -0.281924 
238 -0.281924 
239 -0.281924 
240 -0.281924 
241 -0.281924 
242 -0.281924 
243 0.120843 
244 0.120843 
245 0.120843 
246 0.090727 
247 0.090727 
248 0.090727 
249 0.291087 
250 0.291087 
251 0.291087 
252 0.042438 
253 0.042438 
254 0.042438 
255 -0.118840 
256 -0.118840 
257 -0.118840 
258 -0.193756 
259 -0.193756 
260 -0.193756 
261 0.102333 
262 0.102333 
263 0.102333 
264 -0.281924 
265 -0.281924 
266 -0.281924 
267 0.120843 
268 0.120843 
269 0.120843 
270 -0.485319 
271 -0.485319 
272 0.120843 
273 -0.281924 
274 -0.281924 
275 -0.281924 
276 0.109949 
277 0.109949 
278 0.109949 
279 -0.439758 
280 -0.439758 
281 -0.439758 
282 0.120843 
283 0.120843 
284 0.120843 
285 -0.281924 
286 -0.281924 
287 -0.281924 
288 -0.190819 
289 -0.190819 
290 -0.190819 
291 -0.323397 
292 -0.323397 
293 -0.323397 
294 -0.179911 
295 -0.179911 
296 -0.179911 
297 0.023453 
298 0.023453 
299 0.023453 
300 0.437170 
301 0.437170 
302 0.437170 
303 0.465394 
304 0.132634 
305 0.132634 
306 0.437170 
307 0.437170 
308 0.437170 
309 0.132634 
310 0.132634 
311 0.465394 
312 0.277120 
313 0.277120 
314 0.277120 
315 -0.338847 
316 -0.338847 
317 -0.338847 
318 0.264105 
319 0.264105 
320 0.264105 
321 0.203888 
322 0.203888 
323 0.203888 
324 0.437170 
325 0.437170 
326 0.437170 
327 -0.373971 
328 -0.373971 
329 -0.373971 
330 0.437170 
331 0.437170 
332 0.437170 
333 -0.373971 
334 -0.373971 
335 -0.373971 
336 -0.347371 
337 -0.347371 
338 -0.347371 
339 -0.012423 
340 -0.012423 
341 -0.012423 
342 -0.347371 
343 -0.347371 
344 -0.347371 
345 -0.012423 
346 -0.012423 
347 -0.012423 
348 0.042438 
349 0.042438 
350 0.042438 
351 -0.118840 
352 -0.118840 
353 -0.118840 
354 -0.193756 
355 -0.193756 
356 -0.193756 
357 0.102333 
358 0.102333 
359 0.102333 
360 0.448296 
361 0.448296 
362 0.448296 
363 0.132634 
364 0.132634 
365 0.132634 
366 0.375661 
367 0.375661 
368 0.375661 
369 0.155879 
370 0.155879 
371 0.155879 
372 0.050865 
373 0.050865 
374 0.050865 
375 -0.238164 
376 -0.238164 
377 -0.238164 
378 -0.494349 
379 -0.494349 
380 -0.494349 
381 0.428157 
382 0.428157 
383 0.428157 
384 -0.012423 
385 -0.012423 
386 -0.012423 
387 -0.347371 
388 -0.347371 
389 -0.347371 
390 -0.347371 
391 -0.347371 
392 -0.347371 
393 0.387882 
394 0.387882 
395 0.387882 
396 0.025485 
397 0.025485 
398 0.025485 
399 0.200068 
400 0.200068 
401 0.200068 
402 -0.439758 
403 -0.439758 
404 -0.439758 
405 0.120843 
406 0.120843 
407 0.120843 
408 0.484299 
409 0.484299 
410 0.484299 
411 0.446518 
412 0.446518 
413 0.446518 
414 0.147267 
415 0.147267 
416 0.147267 
417 0.090727 
418 -0.352549 
419 -0.352549 
420 -0.347371 
421 -0.347371 
422 -0.347371 
423 -0.012423 
424 -0.012423 
425 -0.012423 
426 -0.190819 
427 -0.190819 
428 -0.190819 
429 -0.323397 
430 -0.323397 
431 -0.323397 
432 0.448296 
433 0.448296 
434 0.448296 
435 0.132634 
436 0.132634 
437 0.132634 
438 -0.179911 
439 -0.179911 
440 -0.179911 
441 0.023453 
442 0.023453 
443 0.023453 
444 0.465394 
445 0.465394 
446 0.465394 
447 0.437170 
448 0.437170 
449 0.437170 
450 0.437170 
451 0.437170 
452 0.437170 
453 0.465394 
454 0.465394 
455 0.465394 
456 0.375661 
457 0.375661 
458 0.375661 
459 0.155879 
460 0.155879 
461 0.155879 
462 0.277120 
463 0.277120 
464 0.277120 
465 -0.338847 
466 -0.338847 
467 -0.338847 
468 0.120843 
469 0.120843 
470 0.120843 
471 0.437170 
472 0.437170 
473 0.437170 
474 0.437170 
475 0.437170 
476 0.437170 
477 0.203888 
478 0.042438 
479 -0.118840 
480 0.120843 
481 0.120843 
482 0.120843 
483 0.437170 
484 0.437170 
485 0.437170 
486 0.437170 
487 0.437170 
488 0.437170 
489 0.465394 
490 0.465394 
491 0.465394 
492 0.375661 
493 0.375661 
494 0.375661 
495 0.155879 
496 0.155879 
497 0.155879 
498 0.437170 
499 0.437170 
500 0.437170 
501 0.465394 
502 0.465394 
503 0.465394 
504 0.465394 
505 0.465394 
506 0.465394 
507 0.437170 
508 0.437170 
509 0.437170 
510 0.437170 
511 0.437170 
512 0.437170 
513 0.465394 
514 0.465394 
515 0.465394 
516 0.042438 
517 0.042438 
518 0.042438 
519 0.436089 
520 0.436089 
521 0.436089 
522 0.437170 
523 0.437170 
524 0.437170 
525 0.264105 
526 0.264105 
527 0.264105 
528 -0.030196 
529 -0.030196 
530 -0.030196 
531 0.465394 
532 0.465394 
533 0.465394 
534 -0.347371 
535 -0.347371 
536 -0.347371 
537 -0.012423 
538 -0.012423 
539 -0.012423 
540 0.465394 
541 0.465394 
542 0.465394 
543 0.437170 
544 0.437170 
545 0.437170 
546 0.437170 
547 0.155879 
548 0.155879 
549 0.465394 
550 0.465394 
551 0.465394 
552 -0.190819 
553 -0.190819 
554 -0.190819 
555 -0.323397 
556 -0.323397 
557 -0.323397 
558 0.436089 
559 0.436089 
560 0.436089 
561 0.109949 
562 0.109949 
563 0.109949 
564 0.042438 
565 -0.118840 
566 -0.193756 
567 0.437170 
568 0.437170 
569 0.437170 
570 0.437170 
571 0.437170 
572 0.437170 
573 0.448296 
574 0.132634 
575 0.375661 
576 0.276505 
577 0.276505 
578 0.276505 
579 0.005299 
580 0.005299 
581 0.005299 
582 0.102333 
583 0.102333 
584 0.102333 
585 0.025485 
586 0.025485 
587 0.025485 
588 -0.336462 
589 -0.336462 
590 -0.336462 
591 -0.347371 
592 -0.012423 
593 0.436089 
594 0.109949 
595 -0.439758 
596 0.120843 
597 -0.175280 
598 -0.445655 
599 0.218719 
600 0.350128 
601 0.350128 
602 0.350128 
603 0.253618 
604 0.253618 
605 0.253618 
606 -0.352549 
607 -0.352549 
608 -0.352549 
609 0.291892 
610 0.291892 
611 0.291892 
612 0.155879 
613 -0.352549 
614 0.291892 
615 -0.030196 
616 0.465394 
617 0.437170 
618 -0.332669 
619 -0.129728 
620 0.277120 
621 -0.338847 
622 0.264105 
623 0.203888 
624 0.313596 
625 0.313596 
626 0.313596 
627 0.042438 
628 -0.118840 
629 -0.193756 
630 0.102333 
631 0.025485 
632 0.200068 
633 0.313596 
634 0.313596 
635 0.313596 
636 0.109949 
637 0.109949 
638 0.109949 
639 0.077935 
640 0.077935 
641 0.077935 
642 0.200068 
643 0.200068 
644 0.200068 
645 0.448296 
646 0.448296 
647 0.448296 
648 -0.341625 
649 -0.341625 
650 -0.341625 
651 0.023453 
652 0.277120 
653 -0.338847 
654 0.264105 
655 0.203888 
656 0.042438 
657 -0.341625 
658 -0.341625 
659 -0.341625 
660 0.120843 
661 0.120843 
662 0.120843 
663 0.446518 
664 0.446518 
665 0.446518 
666 0.437170 
667 0.437170 
668 0.437170 
669 0.132634 
670 0.132634 
671 0.132634 
672 0.313596 
673 0.313596 
674 0.313596 
675 0.263711 
676 0.263711 
677 0.263711 
678 -0.030196 
679 -0.030196 
680 -0.030196 
681 -0.118840 
682 -0.118840 
683 -0.118840 
684 0.448296 
685 0.448296 
686 0.448296 
687 0.465394 
688 0.465394 
689 0.465394 
690 0.448296 
691 0.448296 
692 0.448296 
693 0.465394 
694 0.465394 
695 -0.323397 
696 -0.341625 
697 -0.341625 
698 -0.341625 
699 -0.207769 
700 -0.207769 
701 -0.207769 
702 0.465394 
703 0.465394 
704 0.465394 
705 -0.193756 
706 -0.193756 
707 -0.193756 
708 0.437170 
709 0.437170 
710 0.437170 
711 0.291892 
712 0.291892 
713 0.291892 
714 0.437170 
715 0.437170 
716 0.437170 
717 -0.373971 
718 -0.373971 
719 -0.373971 
720 0.132634 
721 0.132634 
722 0.132634 
723 0.375661 
724 0.375661 
725 0.375661 
726 0.042438 
727 -0.044289 
728 -0.129728 
729 0.313596 
730 0.313596 
731 0.313596 
732 0.434418 
733 0.434418 
734 0.434418 
735 -0.344457 
736 -0.344457 
737 -0.344457 
738 0.375661 
739 0.375661 
740 0.375661 
741 0.155879 
742 0.155879 
743 0.155879 
744 -0.341625 
745 -0.341625 
746 -0.341625 
747 -0.118840 
748 -0.193756 
749 0.102333 
750 -0.193756 
751 0.102333 
752 0.025485 
753 0.200068 
754 -0.338847 
755 0.264105 
756 0.102333 
757 0.102333 
758 0.102333 
759 0.448296 
760 0.448296 
761 0.448296 
762 -0.332669 
763 -0.332669 
764 -0.332669 
765 0.218719 
766 0.218719 
767 0.218719 
768 0.465394 
769 0.465394 
770 0.465394 
771 0.437170 
772 0.437170 
773 0.437170 
774 0.437170 
775 0.437170 
776 0.437170 
777 -0.347371 
778 -0.347371 
779 -0.347371 
780 -0.352549 
781 -0.352549 
782 -0.352549 
783 0.155879 
784 0.155879 
785 0.155879 
786 0.155879 
787 0.155879 
788 0.155879 
789 -0.352549 
790 -0.352549 
791 -0.352549 
792 -0.347371 
793 -0.347371 
794 -0.347371 
795 -0.012423 
796 -0.012423 
797 -0.012423 
798 -0.012423 
799 -0.012423 
800 -0.012423 
801 0.436089 
802 0.436089 
803 0.436089 
804 0.102333 
805 0.025485 
806 0.465394 
807 -0.179911 
808 -0.179911 
809 -0.179911 
810 -0.179911 
811 -0.179911 
812 -0.179911 
813 0.465394 
814 0.465394 
815 0.465394 
816 -0.352549 
817 -0.352549 
818 -0.352549 
819 0.155879 
820 0.155879 
821 0.155879 
822 -0.179911 
823 -0.179911 
824 -0.179911 
825 -0.352549 
826 -0.352549 
827 -0.352549 
828 0.436089 
829 0.436089 
830 0.436089 
831 0.109949 
832 0.109949 
833 0.109949 
834 0.155879 
835 0.155879 
836 0.155879 
837 -0.352549 
838 -0.352549 
839 -0.352549 
840 -0.352549 
841 -0.352549 
842 -0.352549 
843 -0.179911 
844 -0.179911 
845 0.155879 
846 0.155879 
847 0.155879 
848 0.155879 
849 -0.352549 
850 -0.352549 
851 -0.352549 
852 -0.178031 
853 -0.178031 
854 -0.178031 
855 -0.179911 
856 -0.179911 
857 -0.179911 
858 -0.332669 
859 -0.332669 
860 -0.332669 
861 -0.445655 
862 -0.445655 
863 -0.445655 
864 -0.332669 
865 -0.332669 
866 -0.332669 
867 0.023453 
868 0.023453 
869 0.023453 
870 -0.258839 
871 -0.258839 
872 -0.258839 
873 0.484299 
874 0.484299 
875 0.484299 
876 0.025485 
877 0.025485 
878 0.025485 
879 0.200068 
880 0.200068 
881 0.200068 
882 0.025485 
883 0.025485 
884 0.025485 
885 0.200068 
886 0.200068 
887 0.200068 
888 0.387882 
889 0.387882 
890 0.387882 
891 0.277120 
892 0.277120 
893 0.277120 
894 0.484299 
895 0.484299 
896 0.484299 
897 0.218719 
898 0.218719 
899 0.218719 
900 0.448296 
901 0.448296 
902 0.448296 
903 0.291892 
904 0.291892 
905 0.291892 
906 0.448296 
907 0.448296 
908 0.448296 
909 0.291892 
910 0.387882 
911 0.387882 
912 0.132634 
913 0.132634 
914 0.132634 
915 0.375661 
916 0.375661 
917 0.375661 
918 0.132634 
919 0.132634 
920 0.132634 
921 0.375661 
922 0.375661 
923 0.375661 
924 -0.178031 
925 -0.178031 
926 -0.178031 
927 -0.258839 
928 -0.258839 
929 -0.258839 
930 -0.030196 
931 -0.030196 
932 -0.030196 
933 0.465394 
934 0.465394 
935 0.465394 
936 0.448296 
937 0.448296 
938 0.448296 
939 0.132634 
940 0.132634 
941 0.132634 
942 0.448296 
943 0.448296 
944 0.448296 
945 0.132634 
946 0.132634 
947 0.132634 
948 0.025485 
949 0.025485 
950 0.025485 
951 0.200068 
952 0.200068 
953 0.200068 
954 0.025485 
955 0.025485 
956 0.025485 
957 0.200068 
958 0.200068 
959 0.200068 
960 0.465394 
961 0.465394 
962 0.465394 
963 0.387882 
964 0.387882 
965 0.387882 
966 0.465394 
967 0.465394 
968 0.465394 
969 0.387882 
970 0.387882 
971 0.387882 
972 -0.439758 
973 -0.439758 
974 -0.439758 
975 0.120843 
976 0.120843 
977 0.120843 
978 -0.175280 
979 -0.175280 
980 -0.175280 
981 -0.445655 
982 -0.445655 
983 -0.445655 
984 0.484299 
985 0.484299 
986 0.484299 
987 0.446518 
988 0.446518 
989 0.446518 
990 0.484299 
991 0.484299 
992 0.484299 
993 0.448296 
994 0.448296 
995 0.448296 
996 0.291087 
997 0.291087 
998 0.291087 
999 -0.485319 
1000 -0.485319 
1001 -0.485319 
1002 -0.281924 
1003 -0.281924 
1004 -0.281924 
1005 -0.190819 
1006 -0.190819 
1007 -0.190819 
1008 -0.323397 
1009 -0.323397 
1010 -0.323397 
1011 -0.179911 
1012 -0.179911 
1013 -0.179911 
1014 0.023453 
1015 0.023453 
1016 0.023453 
1017 0.277120 
1018 0.277120 
1019 0.277120 
1020 0.200068 
1021 0.200068 
1022 0.200068 
1023 0.025485 
1024 0.025485 
1025 0.025485 
1026 0.025485 
1027 0.025485 
1028 0.025485 
1029 0.200068 
1030 0.200068 
1031 0.200068 
1032 0.218719 
1033 0.218719 
1034 0.218719 
1035 -0.178031 
1036 -0.178031 
1037 -0.178031 
1038 -0.332669 
1039 -0.332669 
1040 -0.332669 
1041 -0.044289 
1042 -0.044289 
1043 -0.044289 
1044 0.109949 
1045 0.109949 
1046 0.109949 
1047 -0.439758 
1048 -0.439758 
1049 -0.439758 
1050 0.120843 
1051 0.120843 
1052 0.120843 
1053 -0.179911 
1054 -0.179911 
1055 -0.179911 
1056 0.120843 
1057 0.120843 
1058 0.120843 
1059 0.025485 
1060 0.025485 
1061 0.025485 
1062 0.120843 
1063 0.120843 
1064 0.120843 
1065 0.200068 
1066 0.200068 
1067 0.200068 
1068 -0.129728 
1069 -0.129728 
1070 -0.129728 
1071 -0.258839 
1072 -0.258839 
1073 -0.258839 
1074 0.025485 
1075 0.025485 
1076 0.025485 
1077 0.200068 
1078 0.200068 
1079 0.200068 
1080 0.200068 
1081 0.200068 
1082 0.200068 
1083 0.025485 
1084 0.025485 
1085 0.025485 
1086 0.025485 
1087 0.025485 
1088 0.025485 
1089 0.200068 
1090 0.200068 
1091 0.200068 
1092 -0.338847 
1093 -0.338847 
1094 -0.338847 
1095 0.291892 
1096 0.291892 
1097 0.291892 
1098 0.264105 
1099 0.264105 
1100 0.264105 
1101 -0.030196 
1102 -0.030196 
1103 -0.030196 
1104 0.203888 
1105 0.203888 
1106 0.203888 
1107 0.042438 
1108 0.042438 
1109 0.042438 
1110 -0.118840 
1111 -0.118840 
1112 -0.118840 
1113 -0.193756 
1114 -0.193756 
1115 -0.193756 
1116 0.200068 
1117 0.200068 
1118 0.200068 
1119 0.025485 
1120 0.025485 
1121 0.025485 
1122 0.025485 
1123 0.025485 
1124 0.025485 
1125 0.200068 
1126 0.200068 
1127 0.200068 
1128 0.448296 
1129 0.448296 
1130 0.448296 
1131 0.132634 
1132 0.132634 
1133 0.132634 
1134 0.375661 
1135 0.375661 
1136 0.375661 
1137 0.155879 
1138 0.155879 
1139 0.155879 
1140 0.448296 
1141 0.448296 
1142 0.448296 
1143 0.132634 
1144 0.132634 
1145 0.132634 
1146 0.132634 
1147 0.132634 
1148 0.132634 
1149 0.448296 
1150 0.448296 
1151 0.448296 
1152 0.102333 
1153 0.102333 
1154 0.102333 
1155 0.025485 
1156 0.025485 
1157 0.025485 
1158 0.200068 
1159 0.200068 
1160 0.200068 
1161 0.387882 
1162 0.387882 
1163 0.387882 
1164 0.387882 
1165 0.387882 
1166 0.387882 
1167 0.446518 
1168 0.446518 
1169 0.446518 
1170 0.446518 
1171 0.446518 
1172 0.446518 
1173 0.387882 
1174 0.387882 
1175 0.387882 
1176 0.484299 
1177 0.484299 
1178 0.484299 
1179 0.446518 
1180 0.446518 
1181 0.446518 
1182 0.147267 
1183 0.147267 
1184 0.147267 
1185 -0.352549 
1186 -0.352549 
1187 -0.352549 
1188 0.387882 
1189 0.387882 
1190 0.387882 
1191 0.446518 
1192 0.446518 
1193 0.446518 
1194 0.446518 
1195 0.446518 
1196 0.446518 
1197 0.387882 
1198 0.387882 
1199 0.387882 
1200 0.120843 
1201 0.120843 
1202 0.120843 
1203 -0.175280 
1204 -0.175280 
1205 -0.175280 
1206 -0.175280 
1207 -0.175280 
1208 -0.175280 
1209 0.120843 
1210 0.120843 
1211 0.120843 
1212 0.291892 
1213 0.291892 
1214 0.291892 
1215 -0.030196 
1216 -0.030196 
1217 -0.030196 
1218 0.077935 
1219 0.077935 
1220 0.077935 
1221 -0.373971 
1222 -0.373971 
1223 -0.373971 
1224 0.484299 
1225 0.484299 
1226 0.484299 
1227 -0.281924 
1228 -0.281924 
1229 -0.281924 
1230 -0.281924 
1231 -0.281924 
1232 -0.281924 
1233 0.484299 
1234 0.484299 
1235 0.484299 
1236 0.446518 
1237 0.446518 
1238 0.446518 
1239 -0.338847 
1240 -0.338847 
1241 -0.338847 
1242 0.264105 
1243 0.264105 
1244 0.264105 
1245 0.147267 
1246 0.147267 
1247 0.147267 
1248 0.120843 
1249 0.120843 
1250 0.120843 
1251 0.203888 
1252 0.203888 
1253 0.203888 
1254 -0.175280 
1255 -0.175280 
1256 -0.175280 
1257 0.313596 
1258 0.313596 
1259 0.313596 
1260 0.120843 
1261 0.120843 
1262 0.120843 
1263 -0.175280 
1264 -0.175280 
1265 -0.175280 
1266 0.025485 
1267 -0.175280 
1268 -0.175280 
1269 0.120843 
1270 0.120843 
1271 0.120843 
1272 -0.445655 
1273 -0.445655 
1274 -0.445655 
1275 0.042438 
1276 0.042438 
1277 0.042438 
1278 -0.281924 
1279 -0.281924 
1280 -0.281924 
1281 -0.341625 
1282 -0.341625 
1283 -0.341625 
1284 0.448296 
1285 0.448296 
1286 0.448296 
1287 0.387882 
1288 0.387882 
1289 0.387882 
1290 0.448296 
1291 0.448296 
1292 0.448296 
1293 0.387882 
1294 0.387882 
1295 0.120843 
1296 0.387882 
1297 0.387882 
1298 0.387882 
1299 -0.175280 
1300 -0.175280 
1301 -0.175280 
1302 0.132634 
1303 0.132634 
1304 0.132634 
1305 0.387882 
1306 0.387882 
1307 0.387882 
1308 0.168810 
1309 0.168810 
1310 0.168810 
1311 0.297444 
1312 0.297444 
1313 0.297444 
1314 0.109949 
1315 0.109949 
1316 0.109949 
1317 -0.439758 
1318 -0.439758 
1319 -0.439758 
1320 0.484299 
1321 0.484299 
1322 0.484299 
1323 0.446518 
1324 0.446518 
1325 0.446518 
1326 -0.190819 
1327 -0.323397 
1328 0.448296 
1329 0.484299 
1330 0.484299 
1331 0.484299 
1332 0.025485 
1333 -0.178031 
1334 -0.178031 
1335 0.200068 
1336 -0.044289 
1337 -0.044289 
1338 -0.178031 
1339 -0.178031 
1340 -0.178031 
1341 -0.044289 
1342 -0.044289 
1343 -0.044289 
1344 0.132634 
1345 0.132634 
1346 0.132634 
1347 0.387882 
1348 0.375661 
1349 0.375661 
1350 0.375661 
1351 0.375661 
1352 0.375661 
1353 0.132634 
1354 0.132634 
1355 0.132634 
1356 -0.336462 
1357 -0.336462 
1358 -0.336462 
1359 0.387882 
1360 0.387882 
1361 0.387882 
1362 0.484299 
1363 0.484299 
1364 0.484299 
1365 0.446518 
1366 0.446518 
1367 0.446518 
1368 0.484299 
1369 0.484299 
1370 0.484299 
1371 0.446518 
1372 0.446518 
1373 0.446518 
1374 0.484299 
1375 0.484299 
1376 0.484299 
1377 0.264105 
1378 0.446518 
1379 0.446518 
1380 -0.044289 
1381 -0.044289 
1382 0.437170 
1383 -0.178031 
1384 -0.178031 
1385 0.353259 
1386 0.353259 
1387 0.353259 
1388 0.353259 
1389 0.437170 
1390 0.437170 
1391 0.437170 
1392 0.147267 
1393 0.147267 
1394 0.147267 
1395 0.077935 
1396 0.077935 
1397 0.077935 
1398 -0.373971 
1399 -0.373971 
1400 -0.373971 
1401 0.313596 
1402 0.313596 
1403 0.313596 
1404 -0.323397 
1405 -0.323397 
1406 -0.323397 
1407 0.077935 
1408 0.077935 
1409 0.077935 
1410 -0.190819 
1411 -0.190819 
1412 -0.190819 
1413 -0.323397 
1414 -0.323397 
1415 -0.323397 
1416 -0.341625 
1417 -0.341625 
1418 -0.341625 
1419 0.168810 
1420 0.168810 
1421 0.168810 
1422 0.297444 
1423 0.297444 
1424 0.297444 
1425 -0.336462 
1426 -0.336462 
1427 -0.336462 
1428 0.264105 
1429 0.264105 
1430 0.264105 
1431 0.448296 
1432 0.448296 
1433 0.448296 
1434 0.448296 
1435 0.448296 
1436 0.448296 
1437 -0.179911 
1438 -0.179911 
1439 -0.179911 
1440 0.120843 
1441 0.120843 
1442 0.120843 
1443 0.448296 
1444 0.448296 
1445 0.448296 
1446 0.448296 
1447 0.448296 
1448 0.448296 
1449 0.132634 
1450 0.132634 
1451 0.132634 
1452 -0.118840 
1453 -0.118840 
1454 -0.118840 
1455 -0.193756 
1456 -0.193756 
1457 -0.193756 
1458 -0.190819 
1459 -0.190819 
1460 -0.190819 
1461 -0.323397 
1462 -0.323397 
1463 -0.323397 
1464 -0.445655 
1465 -0.445655 
1466 -0.445655 
1467 0.448296 
1468 0.448296 
1469 0.448296 
1470 0.448296 
1471 -0.445655 
1472 -0.281924 
1473 -0.323397 
1474 -0.323397 
1475 -0.323397 
1476 0.437170 
1477 0.437170 
1478 0.437170 
1479 0.353259 
1480 0.387882 
1481 0.291892 
1482 0.448296 
1483 0.448296 
1484 0.448296 
1485 0.155879 
1486 0.155879 
1487 0.155879 
1488 0.132634 
1489 0.132634 
1490 0.132634 
1491 0.375661 
1492 0.375661 
1493 0.375661 
1494 -0.179911 
1495 -0.179911 
1496 -0.179911 
1497 0.023453 
1498 0.023453 
1499 0.023453 
1500 0.132634 
1501 0.132634 
1502 0.132634 
1503 0.375661 
1504 0.375661 
1505 0.375661 
1506 0.375661 
1507 0.375661 
1508 0.375661 
1509 0.132634 
1510 0.132634 
1511 0.132634 
1512 0.120843 
1513 0.120843 
1514 0.120843 
1515 -0.175280 
1516 -0.175280 
1517 -0.175280 
1518 0.203888 
1519 -0.445655 
1520 -0.445655 
1521 0.042438 
1522 0.218719 
1523 0.218719 
1524 0.132634 
1525 0.102333 
1526 0.102333 
1527 0.375661 
1528 0.375661 
1529 0.448296 
1530 0.353259 
1531 -0.178031 
1532 0.025485 
1533 0.437170 
1534 -0.044289 
1535 0.200068 
1536 -0.352549 
1537 -0.352549 
1538 0.465394 
1539 0.291892 
1540 0.291892 
1541 0.437170 
1542 -0.118840 
1543 -0.193756 
1544 0.437170 
1545 -0.352549 
1546 -0.352549 
1547 -0.347371 
1548 -0.352549 
1549 -0.352549 
1550 -0.352549 
1551 0.291892 
1552 0.291892 
1553 0.291892 
1554 -0.030196 
1555 -0.030196 
1556 -0.030196 
1557 0.465394 
1558 0.465394 
1559 0.465394 
1560 -0.352549 
1561 -0.352549 
1562 -0.347371 
1563 0.291892 
1564 0.291892 
1565 -0.012423 
1566 0.102333 
1567 0.025485 
1568 -0.012423 
1569 -0.352549 
1570 -0.352549 
1571 0.436089 
1572 0.375661 
1573 0.375661 
1574 0.375661 
1575 0.155879 
1576 0.155879 
1577 0.155879 
1578 -0.352549 
1579 -0.352549 
1580 -0.352549 
1581 0.291892 
1582 0.291892 
1583 0.291892 
1584 0.437170 
1585 0.437170 
1586 0.437170 
1587 -0.347371 
1588 -0.347371 
1589 -0.347371 
1590 -0.012423 
1591 -0.012423 
1592 -0.012423 
1593 0.436089 
1594 0.436089 
1595 0.436089 
1596 -0.352549 
1597 -0.352549 
1598 0.436089 
1599 0.109949 
1600 0.077935 
1601 0.077935 
1602 0.448296 
1603 0.203888 
1604 0.155879 
1605 0.077935 
1606 0.077935 
1607 -0.352549 
1608 0.109949 
1609 0.109949 
1610 0.109949 
1611 -0.439758 
1612 -0.439758 
1613 -0.439758 
1614 0.120843 
1615 0.120843 
1616 0.120843 
1617 -0.455847 
1618 -0.455847 
1619 -0.455847 
1620 0.109949 
1621 0.109949 
1622 -0.178031 
1623 -0.439758 
1624 -0.439758 
1625 -0.179911 
1626 0.109949 
1627 0.109949 
1628 -0.332669 
1629 -0.439758 
1630 -0.439758 
1631 -0.445655 
1632 -0.373971 
1633 -0.373971 
1634 -0.332669 
1635 0.023453 
1636 0.023453 
1637 0.023453 
1638 0.155879 
1639 0.155879 
1640 -0.258839 
1641 -0.352549 
1642 -0.352549 
1643 0.484299 
1644 0.375661 
1645 0.375661 
1646 0.375661 
1647 0.155879 
1648 0.155879 
1649 0.155879 
1650 0.448296 
1651 0.448296 
1652 0.448296 
1653 0.132634 
1654 0.132634 
1655 0.132634 
1656 -0.373971 
1657 -0.373971 
1658 0.387882 
1659 0.168810 
1660 0.168810 
1661 0.277120 
1662 0.291892 
1663 0.484299 
1664 0.291892 
1665 -0.373971 
1666 -0.373971 
1667 0.218719 
1668 0.102333 
1669 0.102333 
1670 0.102333 
1671 0.168810 
1672 0.168810 
1673 0.168810 
1674 0.025485 
1675 0.025485 
1676 0.025485 
1677 -0.373971 
1678 -0.373971 
1679 -0.373971 
1680 -0.347371 
1681 -0.347371 
1682 -0.347371 
1683 -0.012423 
1684 -0.012423 
1685 -0.012423 
1686 0.436089 
1687 0.436089 
1688 0.436089 
1689 0.109949 
1690 0.109949 
1691 0.109949 
1692 -0.352549 
1693 -0.352549 
1694 -0.178031 
1695 -0.258839 
1696 0.291892 
1697 0.291892 
1698 -0.338847 
1699 0.264105 
1700 -0.030196 
1701 0.203888 
1702 -0.352549 
1703 0.465394 
1704 0.277120 
1705 0.277120 
1706 0.277120 
1707 -0.338847 
1708 -0.338847 
1709 -0.338847 
1710 0.264105 
1711 0.264105 
1712 0.264105 
1713 0.203888 
1714 0.203888 
1715 0.203888 
1716 0.132634 
1717 0.132634 
1718 0.132634 
1719 0.375661 
1720 0.375661 
1721 0.375661 
1722 0.132634 
1723 0.132634 
1724 0.132634 
1725 0.375661 
1726 0.375661 
1727 0.375661 
1728 -0.190819 
1729 -0.190819 
1730 -0.190819 
1731 -0.323397 
1732 -0.323397 
1733 -0.323397 
1734 -0.179911 
1735 -0.179911 
1736 -0.179911 
1737 0.023453 
1738 0.023453 
1739 0.023453 
1740 -0.352549 
1741 -0.352549 
1742 -0.439758 
1743 -0.455847 
1744 -0.455847 
1745 0.120843 
1746 -0.352549 
1747 -0.352549 
1748 -0.175280 
1749 -0.455847 
1750 -0.455847 
1751 -0.445655 
1752 0.277120 
1753 0.277120 
1754 0.277120 
1755 -0.338847 
1756 -0.338847 
1757 -0.338847 
1758 0.264105 
1759 0.264105 
1760 0.264105 
1761 0.203888 
1762 0.203888 
1763 0.203888 
1764 0.109949 
1765 0.109949 
1766 0.291087 
1767 -0.439758 
1768 -0.439758 
1769 -0.485319 
1770 -0.439758 
1771 -0.439758 
1772 -0.281924 
1773 0.109949 
1774 0.109949 
1775 -0.190819 
1776 0.109949 
1777 0.109949 
1778 -0.323397 
1779 -0.439758 
1780 -0.439758 
1781 -0.179911 
1782 0.090727 
1783 0.090727 
1784 0.023453 
1785 0.109949 
1786 0.109949 
1787 0.277120 
1788 0.042438 
1789 0.042438 
1790 0.042438 
1791 -0.118840 
1792 -0.118840 
1793 -0.118840 
1794 -0.193756 
1795 -0.193756 
1796 -0.193756 
1797 0.102333 
1798 0.102333 
1799 0.102333 
1800 0.109949 
1801 0.109949 
1802 0.218719 
1803 -0.439758 
1804 -0.439758 
1805 -0.178031 
1806 -0.439758 
1807 -0.439758 
1808 -0.332669 
1809 0.109949 
1810 0.109949 
1811 -0.044289 
1812 0.109949 
1813 0.109949 
1814 0.109949 
1815 -0.439758 
1816 -0.439758 
1817 -0.439758 
1818 0.120843 
1819 0.120843 
1820 0.120843 
1821 -0.281924 
1822 -0.281924 
1823 -0.281924 
1824 -0.190819 
1825 -0.190819 
1826 -0.190819 
1827 -0.323397 
1828 -0.323397 
1829 -0.323397 
1830 -0.179911 
1831 -0.179911 
1832 -0.179911 
1833 0.023453 
1834 0.023453 
1835 0.023453 
1836 0.375661 
1837 0.375661 
1838 -0.129728 
1839 0.155879 
1840 0.155879 
1841 -0.258839 
1842 0.375661 
1843 0.375661 
1844 0.025485 
1845 0.200068 
1846 0.155879 
1847 0.200068 
1848 0.277120 
1849 0.277120 
1850 0.277120 
1851 -0.338847 
1852 -0.338847 
1853 -0.338847 
1854 0.264105 
1855 0.264105 
1856 0.264105 
1857 0.203888 
1858 0.203888 
1859 0.203888 
1860 0.109949 
1861 0.109949 
1862 -0.338847 
1863 -0.439758 
1864 -0.439758 
1865 0.291892 
1866 -0.439758 
1867 -0.439758 
1868 0.264105 
1869 0.109949 
1870 0.109949 
1871 -0.030196 
1872 -0.347371 
1873 -0.347371 
1874 0.203888 
1875 -0.012423 
1876 -0.012423 
1877 0.042438 
1878 -0.347371 
1879 -0.347371 
1880 -0.118840 
1881 -0.012423 
1882 -0.190819 
1883 -0.193756 
1884 0.042438 
1885 0.042438 
1886 0.042438 
1887 -0.118840 
1888 -0.118840 
1889 -0.118840 
1890 -0.193756 
1891 -0.193756 
1892 -0.193756 
1893 0.102333 
1894 0.102333 
1895 0.102333 
1896 0.448296 
1897 0.448296 
1898 0.448296 
1899 0.132634 
1900 0.132634 
1901 0.132634 
1902 0.375661 
1903 0.375661 
1904 0.375661 
1905 0.155879 
1906 0.155879 
1907 0.155879 
1908 0.050865 
1909 0.050865 
1910 0.050865 
1911 -0.238164 
1912 -0.238164 
1913 -0.238164 
1914 -0.494349 
1915 -0.494349 
1916 -0.494349 
1917 0.428157 
1918 0.428157 
1919 0.428157 
1920 0.291087 
1921 0.291087 
1922 0.102333 
1923 0.090727 
1924 0.090727 
1925 0.025485 
1926 0.090727 
1927 0.090727 
1928 0.200068 
1929 0.291087 
1930 0.291087 
1931 0.387882 
1932 0.025485 
1933 0.025485 
1934 0.025485 
1935 0.200068 
1936 0.200068 
1937 0.200068 
1938 -0.439758 
1939 -0.439758 
1940 -0.439758 
1941 -0.455847 
1942 -0.455847 
1943 -0.455847 
1944 0.484299 
1945 -0.281924 
1946 0.484299 
1947 0.446518 
1948 0.446518 
1949 0.446518 
1950 0.147267 
1951 0.147267 
1952 0.147267 
1953 -0.352549 
1954 -0.352549 
1955 -0.352549 
1956 -0.347371 
1957 -0.347371 
1958 -0.347371 
1959 -0.012423 
1960 -0.012423 
1961 -0.012423 
1962 0.297444 
1963 0.297444 
1964 0.297444 
1965 -0.336462 
1966 -0.336462 
1967 -0.336462 
1968 0.448296 
1969 0.448296 
1970 0.448296 
1971 0.132634 
1972 0.132634 
1973 0.132634 
1974 0.090727 
1975 0.090727 
1976 0.090727 
1977 0.291087 
1978 0.291087 
1979 0.291087 
1980 0.375661 
1981 0.375661 
1982 0.291892 
1983 -0.030196 
1984 0.077935 
1985 0.077935 
1986 0.090727 
1987 0.090727 
1988 0.077935 
1989 0.077935 
1990 0.077935 
1991 -0.373971 
1992 0.375661 
1993 0.375661 
1994 0.375661 
1995 0.155879 
1996 0.155879 
1997 0.155879 
1998 -0.485319 
1999 -0.485319 
2000 -0.485319 
2001 -0.281924 
2002 -0.281924 
2003 -0.281924 
2004 0.109949 
2005 0.109949 
2006 0.446518 
2007 0.090727 
2008 0.090727 
2009 -0.338847 
2010 0.109949 
2011 0.109949 
2012 0.264105 
2013 -0.439758 
2014 -0.439758 
2015 0.147267 
2016 0.155879 
2017 0.155879 
2018 0.120843 
2019 -0.352549 
2020 -0.352549 
2021 0.203888 
2022 -0.175280 
2023 -0.175280 
2024 -0.175280 
2025 0.375661 
2026 0.375661 
2027 0.313596 
2028 0.375661 
2029 0.375661 
2030 0.375661 
2031 0.155879 
2032 0.155879 
2033 0.155879 
2034 -0.352549 
2035 -0.352549 
2036 -0.352549 
2037 0.291892 
2038 0.291892 
2039 0.291892 
2040 0.375661 
2041 0.375661 
2042 -0.445655 
2043 0.155879 
2044 0.155879 
2045 0.042438 
2046 -0.281924 
2047 -0.281924 
2048 -0.281924 
2049 0.375661 
2050 0.375661 
2051 -0.341625 
2052 0.042438 
2053 0.042438 
2054 0.042438 
2055 0.436089 
2056 0.436089 
2057 0.436089 
2058 0.132634 
2059 0.132634 
2060 0.132634 
2061 -0.030196 
2062 -0.030196 
2063 -0.030196 
2064 -0.030196 
2065 -0.030196 
2066 -0.030196 
2067 0.465394 
2068 0.465394 
2069 0.465394 
2070 -0.118840 
2071 -0.118840 
2072 -0.118840 
2073 -0.193756 
2074 -0.193756 
2075 -0.193756 
2076 0.375661 
2077 0.375661 
2078 0.168810 
2079 0.155879 
2080 0.155879 
2081 0.297444 
2082 0.155879 
2083 0.155879 
2084 0.109949 
2085 0.375661 
2086 0.375661 
2087 -0.439758 
2088 -0.190819 
2089 -0.190819 
2090 -0.190819 
2091 -0.323397 
2092 -0.323397 
2093 -0.323397 
2094 0.200068 
2095 0.200068 
2096 0.200068 
2097 0.448296 
2098 0.448296 
2099 0.448296 
2100 0.132634 
2101 0.025485 
2102 0.025485 
2103 0.375661 
2104 0.200068 
2105 0.200068 
2106 0.025485 
2107 0.025485 
2108 0.025485 
2109 0.200068 
2110 0.200068 
2111 0.200068 
2112 0.276505 
2113 0.276505 
2114 0.276505 
2115 0.005299 
2116 0.005299 
2117 0.005299 
2118 0.109949 
2119 0.109949 
2120 0.109949 
2121 -0.439758 
2122 -0.439758 
2123 -0.439758 
2124 -0.352549 
2125 -0.352549 
2126 -0.336462 
2127 0.077935 
2128 0.077935 
2129 0.387882 
2130 0.077935 
2131 0.077935 
2132 0.484299 
2133 0.291892 
2134 0.291892 
2135 0.446518 
2136 0.350128 
2137 0.350128 
2138 0.350128 
2139 0.253618 
2140 0.253618 
2141 0.253618 
2142 -0.445655 
2143 -0.445655 
2144 -0.445655 
2145 0.218719 
2146 0.218719 
2147 0.218719 
2148 0.200068 
2149 0.200068 
2150 0.465394 
2151 0.025485 
2152 0.025485 
2153 -0.352549 
2154 -0.352549 
2155 -0.352549 
2156 -0.352549 
2157 0.465394 
2158 0.465394 
2159 0.465394 
2160 0.090727 
2161 0.090727 
2162 0.147267 
2163 0.077935 
2164 0.077935 
2165 0.077935 
2166 0.077935 
2167 0.077935 
2168 -0.373971 
2169 0.313596 
2170 0.313596 
2171 0.313596 
2172 0.109949 
2173 0.109949 
2174 0.109949 
2175 0.077935 
2176 0.077935 
2177 0.077935 
2178 0.382583 
2179 0.382583 
2180 0.382583 
2181 0.081920 
2182 0.081920 
2183 0.081920 
2184 -0.341625 
2185 -0.341625 
2186 -0.341625 
2187 0.077935 
2188 0.077935 
2189 0.168810 
2190 0.077935 
2191 0.077935 
2192 0.297444 
2193 -0.341625 
2194 -0.341625 
2195 -0.336462 
2196 0.120843 
2197 0.120843 
2198 0.120843 
2199 0.446518 
2200 0.446518 
2201 0.446518 
2202 0.077935 
2203 0.077935 
2204 0.077935 
2205 -0.373971 
2206 -0.373971 
2207 -0.373971 
2208 0.313596 
2209 0.313596 
2210 0.313596 
2211 0.263711 
2212 0.263711 
2213 0.263711 
2214 -0.179911 
2215 -0.179911 
2216 -0.179911 
2217 0.023453 
2218 0.023453 
2219 0.023453 
2220 0.375661 
2221 0.375661 
2222 -0.118840 
2223 0.077935 
2224 0.077935 
2225 -0.193756 
2226 0.077935 
2227 0.077935 
2228 -0.190819 
2229 0.313596 
2230 0.313596 
2231 -0.323397 
2232 -0.341625 
2233 -0.341625 
2234 -0.341625 
2235 -0.207769 
2236 -0.207769 
2237 -0.207769 
2238 0.203888 
2239 0.203888 
2240 0.203888 
2241 0.042438 
2242 0.042438 
2243 0.042438 
2244 0.465394 
2245 0.465394 
2246 0.465394 
2247 -0.352549 
2248 -0.352549 
2249 -0.352549 
2250 -0.179911 
2251 0.023453 
2252 0.448296 
2253 0.277120 
2254 -0.439758 
2255 0.155879 
2256 -0.455847 
2257 0.090727 
2258 0.132634 
2259 0.291087 
2260 -0.485319 
2261 0.375661 
2262 -0.281924 
2263 -0.190819 
2264 -0.179911 
2265 -0.323397 
2266 -0.179911 
2267 0.023453 
2268 -0.193756 
2269 -0.193756 
2270 -0.193756 
2271 0.102333 
2272 0.102333 
2273 0.102333 
2274 0.203888 
2275 0.203888 
2276 0.203888 
2277 0.042438 
2278 0.042438 
2279 0.042438 
2280 -0.341625 
2281 -0.341625 
2282 0.120843 
2283 0.200068 
2284 0.448296 
2285 -0.175280 
2286 -0.190819 
2287 -0.445655 
2288 0.203888 
2289 -0.281924 
2290 0.218719 
2291 0.042438 
2292 -0.175280 
2293 -0.175280 
2294 -0.175280 
2295 0.147267 
2296 0.147267 
2297 0.147267 
2298 -0.352549 
2299 0.025485 
2300 0.132634 
2301 0.465394 
2302 0.200068 
2303 0.375661 
2304 0.102333 
2305 0.102333 
2306 0.102333 
2307 0.025485 
2308 0.025485 
2309 0.025485 
2310 0.102333 
2311 0.465394 
2312 0.465394 
2313 0.025485 
2314 0.437170 
2315 0.437170 
2316 0.465394 
2317 -0.352549 
2318 -0.352549 
2319 0.291892 
2320 -0.030196 
2321 0.291892 
2322 0.465394 
2323 0.437170 
2324 -0.030196 
2325 -0.455847 
2326 -0.455847 
2327 0.465394 
2328 -0.352549 
2329 -0.352549 
2330 -0.352549 
2331 0.291892 
2332 0.291892 
2333 0.291892 
2334 -0.352549 
2335 -0.175280 
2336 -0.175280 
2337 0.291892 
2338 -0.445655 
2339 -0.445655 
2340 -0.347371 
2341 -0.012423 
2342 0.375661 
2343 0.436089 
2344 0.109949 
2345 0.155879 
2346 -0.439758 
2347 0.120843 
2348 -0.352549 
2349 -0.175280 
2350 -0.445655 
2351 0.291892 
2352 -0.352549 
2353 0.218719 
2354 0.437170 
2355 0.155879 
2356 0.155879 
2357 -0.347371 
2358 0.155879 
2359 0.155879 
2360 -0.012423 
2361 -0.352549 
2362 -0.352549 
2363 0.436089 
2364 0.200068 
2365 0.200068 
2366 0.200068 
2367 0.448296 
2368 0.448296 
2369 0.448296 
2370 0.200068 
2371 -0.347371 
2372 -0.347371 
2373 0.448296 
2374 -0.012423 
2375 -0.012423 
2376 -0.178031 
2377 -0.332669 
2378 0.109949 
2379 -0.044289 
2380 -0.129728 
2381 -0.439758 
2382 0.297444 
2383 0.387882 
2384 0.120843 
2385 0.023453 
2386 0.277120 
2387 -0.455847 
2388 0.437170 
2389 0.437170 
2390 0.437170 
2391 0.132634 
2392 0.132634 
2393 0.132634 
2394 0.437170 
2395 0.436089 
2396 0.436089 
2397 0.132634 
2398 0.109949 
2399 0.109949 
2400 -0.030196 
2401 -0.030196 
2402 -0.030196 
2403 -0.118840 
2404 -0.118840 
2405 -0.118840 
2406 -0.030196 
2407 0.155879 
2408 0.155879 
2409 -0.118840 
2410 -0.352549 
2411 -0.352549 
2412 -0.352549 
2413 -0.352549 
2414 0.375661 
2415 0.155879 
2416 0.155879 
2417 0.155879 
2418 0.155879 
2419 0.155879 
2420 0.448296 
2421 -0.347371 
2422 -0.012423 
2423 0.132634 
2424 0.465394 
2425 0.465394 
2426 0.465394 
2427 -0.193756 
2428 -0.193756 
2429 -0.193756 
2430 0.465394 
2431 0.291892 
2432 0.291892 
2433 -0.193756 
2434 -0.030196 
2435 -0.030196 
2436 0.436089 
2437 0.109949 
2438 0.102333 
2439 -0.439758 
2440 0.120843 
2441 0.168810 
2442 -0.175280 
2443 -0.445655 
2444 0.025485 
2445 0.218719 
2446 0.277120 
2447 -0.373971 
2448 -0.338847 
2449 0.264105 
2450 -0.347371 
2451 0.155879 
2452 0.155879 
2453 -0.012423 
2454 0.155879 
2455 0.155879 
2456 0.436089 
2457 0.203888 
2458 0.042438 
2459 0.109949 
2460 0.375661 
2461 0.375661 
2462 0.375661 
2463 0.155879 
2464 0.155879 
2465 0.155879 
2466 0.375661 
2467 -0.439758 
2468 -0.439758 
2469 0.155879 
2470 0.120843 
2471 0.120843 
2472 -0.338847 
2473 0.448296 
2474 0.277120 
2475 0.132634 
2476 0.375661 
2477 -0.338847 
2478 0.155879 
2479 -0.352549 
2480 0.264105 
2481 0.291892 
2482 -0.030196 
2483 0.203888 
2484 -0.332669 
2485 -0.332669 
2486 -0.332669 
2487 0.218719 
2488 0.218719 
2489 0.218719 
2490 -0.332669 
2491 0.203888 
2492 0.203888 
2493 0.218719 
2494 0.042438 
2495 0.042438 
2496 -0.455847 
2497 -0.455847 
2498 -0.190819 
2499 0.023453 
2500 0.277120 
2501 -0.323397 
2502 -0.338847 
2503 0.264105 
2504 -0.179911 
2505 -0.455847 
2506 -0.455847 
2507 0.023453 
2508 -0.439758 
2509 -0.439758 
2510 -0.439758 
2511 0.120843 
2512 0.120843 
2513 0.120843 
2514 -0.439758 
2515 -0.439758 
2516 -0.439758 
2517 0.120843 
2518 -0.455847 
2519 -0.455847 
2520 -0.455847 
2521 -0.455847 
2522 0.277120 
2523 0.203888 
2524 0.042438 
2525 -0.338847 
2526 -0.118840 
2527 -0.193756 
2528 0.264105 
2529 -0.455847 
2530 -0.455847 
2531 0.203888 
2532 -0.190819 
2533 -0.190819 
2534 -0.190819 
2535 -0.323397 
2536 -0.323397 
2537 -0.323397 
2538 -0.190819 
2539 0.297444 
2540 0.297444 
2541 -0.323397 
2542 -0.336462 
2543 -0.336462 
2544 -0.179911 
2545 -0.179911 
2546 -0.179911 
2547 0.023453 
2548 0.023453 
2549 0.023453 
2550 -0.179911 
2551 0.090727 
2552 0.090727 
2553 0.023453 
2554 0.291087 
2555 0.291087 
2556 -0.455847 
2557 -0.455847 
2558 0.042438 
2559 0.090727 
2560 0.090727 
2561 -0.118840 
2562 0.090727 
2563 0.090727 
2564 -0.193756 
2565 -0.455847 
2566 -0.455847 
2567 0.102333 
2568 0.277120 
2569 0.277120 
2570 0.277120 
2571 -0.338847 
2572 -0.338847 
2573 -0.338847 
2574 0.277120 
2575 -0.485319 
2576 -0.485319 
2577 -0.338847 
2578 -0.281924 
2579 -0.281924 
2580 0.109949 
2581 0.437170 
2582 0.109949 
2583 0.090727 
2584 0.090727 
2585 -0.439758 
2586 0.090727 
2587 0.090727 
2588 0.120843 
2589 -0.347371 
2590 -0.012423 
2591 -0.281924 
2592 0.155879 
2593 0.155879 
2594 -0.190819 
2595 -0.352549 
2596 -0.352549 
2597 -0.323397 
2598 0.155879 
2599 0.155879 
2600 -0.179911 
2601 -0.352549 
2602 -0.352549 
2603 0.023453 
2604 0.437170 
2605 0.437170 
2606 0.437170 
2607 0.465394 
2608 0.465394 
2609 0.465394 
2610 0.437170 
2611 -0.352549 
2612 -0.352549 
2613 0.465394 
2614 0.291892 
2615 0.291892 
2616 0.436089 
2617 0.109949 
2618 0.277120 
2619 -0.439758 
2620 0.120843 
2621 -0.338847 
2622 -0.175280 
2623 0.291892 
2624 0.264105 
2625 0.437170 
2626 0.437170 
2627 0.203888 
2628 0.437170 
2629 0.437170 
2630 0.437170 
2631 0.264105 
2632 0.264105 
2633 0.264105 
2634 0.437170 
2635 0.132634 
2636 0.132634 
2637 0.264105 
2638 -0.030196 
2639 -0.030196 
2640 -0.347371 
2641 -0.347371 
2642 -0.347371 
2643 -0.012423 
2644 -0.012423 
2645 -0.012423 
2646 -0.347371 
2647 -0.118840 
2648 -0.118840 
2649 -0.012423 
2650 -0.193756 
2651 -0.193756 
2652 -0.455847 
2653 -0.455847 
2654 0.042438 
2655 -0.445655 
2656 0.218719 
2657 -0.118840 
2658 -0.178031 
2659 -0.332669 
2660 -0.193756 
2661 -0.455847 
2662 -0.455847 
2663 0.102333 
2664 0.436089 
2665 0.436089 
2666 0.436089 
2667 0.109949 
2668 0.109949 
2669 0.109949 
2670 0.436089 
2671 0.200068 
2672 0.200068 
2673 0.109949 
2674 0.448296 
2675 0.448296 
2676 0.102333 
2677 0.025485 
2678 0.050865 
2679 0.200068 
2680 0.448296 
2681 -0.238164 
2682 0.132634 
2683 0.375661 
2684 -0.494349 
2685 0.155879 
2686 -0.352549 
2687 0.428157 
2688 0.465394 
2689 0.465394 
2690 0.465394 
2691 0.437170 
2692 0.437170 
2693 0.437170 
2694 0.465394 
2695 0.465394 
2696 0.109949 
2697 0.437170 
2698 0.437170 
2699 -0.439758 
2700 0.291892 
2701 -0.030196 
2702 0.025485 
2703 -0.455847 
2704 -0.455847 
2705 0.200068 
2706 -0.190819 
2707 -0.439758 
2708 -0.439758 
2709 -0.455847 
2710 -0.455847 
2711 0.120843 
2712 -0.175280 
2713 -0.175280 
2714 -0.175280 
2715 -0.445655 
2716 -0.445655 
2717 -0.445655 
2718 -0.175280 
2719 -0.175280 
2720 -0.445655 
2721 -0.445655 
2722 -0.445655 
2723 0.218719 
2724 0.465394 
2725 0.437170 
2726 -0.347371 
2727 -0.347371 
2728 -0.012423 
2729 -0.012423 
2730 -0.323397 
2731 0.297444 
2732 -0.190819 
2733 -0.179911 
2734 -0.336462 
2735 -0.323397 
2736 0.155879 
2737 0.155879 
2738 0.448296 
2739 -0.352549 
2740 -0.352549 
2741 0.132634 
2742 -0.352549 
2743 0.090727 
2744 -0.179911 
2745 0.155879 
2746 0.291087 
2747 0.023453 
2748 -0.347371 
2749 -0.347371 
2750 -0.347371 
2751 -0.012423 
2752 -0.012423 
2753 -0.012423 
2754 -0.347371 
2755 -0.347371 
2756 0.382583 
2757 -0.012423 
2758 -0.012423 
2759 0.081920 
2760 0.291892 
2761 0.291892 
2762 0.375661 
2763 0.436089 
2764 0.109949 
2765 0.155879 
2766 0.291892 
2767 -0.485319 
2768 0.277120 
2769 0.291892 
2770 -0.281924 
2771 -0.338847 
2772 0.436089 
2773 0.436089 
2774 0.436089 
2775 0.109949 
2776 0.109949 
2777 0.109949 
2778 0.436089 
2779 0.436089 
2780 0.077935 
2781 0.109949 
2782 0.109949 
2783 -0.373971 
2784 0.155879 
2785 0.155879 
2786 0.155879 
2787 -0.352549 
2788 -0.352549 
2789 -0.352549 
2790 0.155879 
2791 0.155879 
2792 -0.129728 
2793 -0.352549 
2794 -0.352549 
2795 0.297444 
2796 -0.118840 
2797 -0.193756 
2798 0.375661 
2799 0.102333 
2800 0.025485 
2801 0.155879 
2802 0.465394 
2803 -0.352549 
2804 0.437170 
2805 0.437170 
2806 0.291892 
2807 0.465394 
2808 0.291892 
2809 0.291892 
2810 0.291892 
2811 -0.030196 
2812 -0.030196 
2813 -0.030196 
2814 0.291892 
2815 0.291892 
2816 -0.338847 
2817 -0.030196 
2818 -0.030196 
2819 0.264105 
2820 0.200068 
2821 0.448296 
2822 0.042438 
2823 0.132634 
2824 0.375661 
2825 0.436089 
2826 -0.347371 
2827 0.132634 
2828 0.437170 
2829 -0.012423 
2830 -0.030196 
2831 0.264105 
2832 0.155879 
2833 -0.352549 
2834 -0.030196 
2835 0.291892 
2836 -0.030196 
2837 0.465394 
2838 0.436089 
2839 -0.118840 
2840 -0.347371 
2841 0.109949 
2842 -0.193756 
2843 -0.012423 
2844 -0.439758 
2845 -0.439758 
2846 -0.439758 
2847 0.120843 
2848 0.120843 
2849 0.120843 
2850 -0.439758 
2851 -0.439758 
2852 0.448296 
2853 0.120843 
2854 0.120843 
2855 0.132634 
2856 -0.439758 
2857 0.120843 
2858 -0.190819 
2859 0.291087 
2860 -0.485319 
2861 -0.323397 
2862 -0.455847 
2863 0.200068 
2864 0.436089 
2865 0.291892 
2866 0.448296 
2867 0.109949 
2868 0.203888 
2869 0.203888 
2870 0.203888 
2871 0.042438 
2872 0.042438 
2873 0.042438 
2874 0.203888 
2875 0.203888 
2876 0.465394 
2877 0.042438 
2878 0.042438 
2879 0.437170 
2880 0.465394 
2881 0.465394 
2882 0.276505 
2883 0.437170 
2884 0.437170 
2885 0.005299 
2886 0.109949 
2887 0.465394 
2888 0.102333 
2889 -0.439758 
2890 0.437170 
2891 0.025485 
2892 0.132634 
2893 0.132634 
2894 0.132634 
2895 0.448296 
2896 0.448296 
2897 0.448296 
2898 0.448296 
2899 0.448296 
2900 0.448296 
2901 0.132634 
2902 0.132634 
2903 0.132634 
2904 -0.030196 
2905 0.465394 
2906 0.350128 
2907 0.437170 
2908 -0.347371 
2909 0.253618 
2910 -0.445655 
2911 -0.175280 
2912 -0.352549 
2913 0.218719 
2914 -0.445655 
2915 0.291892 
2916 0.437170 
2917 0.437170 
2918 0.437170 
2919 0.465394 
2920 0.465394 
2921 0.465394 
2922 0.465394 
2923 0.465394 
2924 0.465394 
2925 0.437170 
2926 0.437170 
2927 0.437170 
2928 0.297444 
2929 0.297444 
2930 0.297444 
2931 -0.129728 
2932 -0.129728 
2933 -0.129728 
2934 -0.129728 
2935 -0.129728 
2936 -0.129728 
2937 0.297444 
2938 0.297444 
2939 0.297444 
2940 -0.347371 
2941 -0.347371 
2942 0.109949 
2943 0.077935 
2944 0.132634 
2945 0.077935 
2946 0.382583 
2947 -0.347371 
2948 0.200068 
2949 0.081920 
2950 -0.012423 
2951 0.448296 
2952 0.264105 
2953 0.264105 
2954 0.264105 
2955 -0.338847 
2956 -0.338847 
2957 -0.338847 
2958 -0.338847 
2959 -0.338847 
2960 -0.338847 
2961 0.264105 
2962 0.264105 
2963 0.264105 
2964 0.375661 
2965 0.155879 
2966 0.120843 
2967 -0.352549 
2968 0.291892 
2969 0.446518 
2970 0.077935 
2971 0.436089 
2972 0.437170 
2973 -0.373971 
2974 0.109949 
2975 0.132634 
2976 0.155879 
2977 0.155879 
2978 0.313596 
2979 -0.352549 
2980 -0.352549 
2981 0.263711 
2982 -0.129728 
2983 0.155879 
2984 -0.030196 
2985 0.297444 
2986 -0.352549 
2987 -0.118840 
2988 -0.193756 
2989 -0.193756 
2990 -0.193756 
2991 0.102333 
2992 0.102333 
2993 0.102333 
2994 0.102333 
2995 -0.344457 
2996 -0.344457 
2997 -0.193756 
2998 0.434418 
2999 0.434418 
3000 0.291892 
3001 0.291892 
3002 -0.341625 
3003 -0.030196 
3004 -0.030196 
3005 -0.207769 
3006 -0.338847 
3007 0.291892 
3008 0.465394 
3009 0.264105 
3010 -0.030196 
3011 -0.193756 
3012 -0.175280 
3013 -0.175280 
3014 -0.175280 
3015 0.147267 
3016 0.147267 
3017 0.147267 
3018 0.147267 
3019 -0.281924 
3020 -0.281924 
3021 -0.175280 
3022 0.291087 
3023 0.291087 
3024 0.291087 
3025 0.291087 
3026 0.291087 
3027 -0.281924 
3028 -0.281924 
3029 -0.281924 
3030 -0.281924 
3031 -0.281924 
3032 -0.485319 
3033 0.291087 
3034 0.291087 
3035 0.090727 
3036 -0.012423 
3037 0.434418 
3038 -0.193756 
3039 0.436089 
3040 -0.344457 
3041 0.102333 
3042 0.448296 
3043 -0.439758 
3044 0.375661 
3045 0.132634 
3046 0.120843 
3047 0.155879 
3048 0.090727 
3049 0.090727 
3050 0.090727 
3051 -0.485319 
3052 -0.485319 
3053 -0.485319 
3054 -0.485319 
3055 -0.485319 
3056 -0.485319 
3057 0.090727 
3058 0.090727 
3059 0.090727 
3060 0.090727 
3061 0.291087 
3062 -0.175280 
3063 -0.485319 
3064 -0.281924 
3065 0.147267 
3066 0.465394 
3067 0.203888 
3068 -0.332669 
3069 0.437170 
3070 0.042438 
3071 0.218719 
