1440 1
794 0.490148 
1304 0.490148 
625 0.490148 
1274 0.490148 
604 0.490148 
1352 0.490148 
954 0.490148 
354 0.471460 
351 0.471460 
1054 0.471460 
1264 0.467988 
577 0.467988 
1289 0.467988 
924 0.467988 
784 0.467988 
620 0.467988 
1219 0.457647 
834 0.457647 
1154 0.457647 
608 0.457647 
430 0.457647 
271 0.457647 
359 0.443403 
1064 0.443403 
355 0.443403 
1190 0.421161 
300 0.421161 
590 0.421161 
105 0.421161 
935 0.421161 
1111 0.421161 
1121 0.421161 
1424 0.421161 
900 0.421161 
1176 0.421161 
219 0.421161 
1278 0.421161 
8 0.421161 
163 0.421161 
562 0.421161 
563 0.421161 
164 0.421161 
9 0.421161 
761 0.421161 
848 0.421161 
107 0.421161 
541 0.421161 
540 0.421161 
108 0.421161 
542 0.421161 
630 0.421161 
495 0.421161 
856 0.420788 
939 0.420788 
695 0.420788 
989 0.420788 
857 0.420788 
702 0.420788 
341 0.420788 
1004 0.420788 
703 0.420788 
704 0.420788 
899 0.420788 
665 0.420788 
16 0.420788 
1377 0.420788 
1378 0.420788 
126 0.420788 
712 0.420788 
15 0.420788 
17 0.420788 
350 0.383855 
1049 0.383855 
66 0.380790 
65 0.380790 
67 0.380790 
726 0.380790 
396 0.353931 
1209 0.353931 
270 0.353931 
1149 0.353931 
829 0.353931 
603 0.353931 
710 0.340783 
48 0.340783 
49 0.340783 
50 0.340783 
826 0.337790 
1306 0.337790 
821 0.337790 
668 0.337790 
737 0.337790 
667 0.337790 
1112 0.337790 
992 0.337790 
1009 0.337790 
719 0.337790 
1036 0.337790 
1043 0.337790 
310 0.337790 
718 0.337790 
717 0.337790 
1061 0.337790 
1067 0.337790 
189 0.337790 
906 0.337790 
1113 0.337790 
1157 0.337790 
449 0.337790 
217 0.337790 
208 0.337790 
968 0.337790 
207 0.337790 
1216 0.337790 
1433 0.337790 
810 0.337790 
92 0.337790 
91 0.337790 
1432 0.337790 
90 0.337790 
1341 0.337790 
1312 0.337790 
1427 0.337790 
879 0.320871 
1249 0.320871 
456 0.320871 
415 0.320871 
749 0.320871 
1184 0.320871 
185 0.312266 
1387 0.312266 
513 0.312266 
258 0.312266 
1329 0.312266 
877 0.312266 
261 0.312266 
1360 0.312266 
1055 0.312266 
875 0.312266 
715 0.312266 
295 0.312266 
1192 0.312266 
1180 0.312266 
882 0.312266 
1365 0.312266 
863 0.312266 
1340 0.312266 
1355 0.312266 
1076 0.312266 
1083 0.312266 
1082 0.312266 
1077 0.312266 
1388 0.312266 
524 0.312266 
406 0.312266 
523 0.312266 
514 0.312266 
1309 0.301065 
1279 0.301065 
964 0.301065 
1187 0.301065 
844 0.301065 
98 0.301065 
626 0.301065 
609 0.301065 
1299 0.268802 
614 0.268802 
640 0.268802 
168 0.268802 
974 0.268802 
1310 0.268802 
437 0.265414 
357 0.265414 
352 0.265414 
353 0.265414 
1338 0.265414 
1035 0.265414 
1206 0.265414 
969 0.265414 
907 0.265414 
286 0.265414 
903 0.265414 
451 0.265414 
905 0.265414 
420 0.265414 
825 0.265414 
1393 0.265414 
1305 0.265414 
1158 0.265414 
57 0.265414 
55 0.265414 
56 0.265414 
1163 0.265414 
1162 0.265414 
902 0.265414 
146 0.265414 
1050 0.265414 
1336 0.265414 
433 0.265414 
429 0.265414 
494 0.265414 
432 0.265414 
142 0.265414 
141 0.265414 
93 0.265414 
671 0.265414 
1392 0.265414 
806 0.265414 
140 0.265414 
94 0.265414 
235 0.253469 
999 0.253469 
1034 0.253469 
268 0.253469 
1371 0.253469 
750 0.253469 
119 0.253469 
229 0.253469 
1369 0.253469 
1361 0.253469 
649 0.253469 
1125 0.253469 
1173 0.243577 
1007 0.243577 
159 0.243577 
166 0.243577 
985 0.243577 
888 0.243577 
885 0.243577 
1024 0.243577 
887 0.243577 
346 0.243577 
886 0.243577 
949 0.243577 
723 0.243577 
724 0.243577 
745 0.243577 
909 0.243577 
1008 0.243577 
684 0.239014 
364 0.239014 
356 0.239014 
1109 0.239014 
1188 0.239014 
1014 0.239014 
440 0.225492 
839 0.225492 
1159 0.225492 
613 0.225492 
1224 0.225492 
431 0.225492 
550 0.224324 
547 0.224324 
1091 0.224324 
772 0.224324 
1075 0.224324 
325 0.224324 
425 0.224324 
878 0.224324 
637 0.224324 
633 0.224324 
911 0.224324 
1328 0.224324 
487 0.224324 
488 0.224324 
867 0.224324 
226 0.224324 
227 0.224324 
868 0.224324 
445 0.224324 
632 0.224324 
422 0.223723 
389 0.223723 
423 0.223723 
956 0.223723 
1048 0.223723 
855 0.223723 
314 0.223723 
1010 0.223723 
1383 0.223723 
111 0.223723 
112 0.223723 
987 0.223723 
988 0.223723 
110 0.223723 
1281 0.223723 
1382 0.223723 
587 0.223723 
1379 0.223723 
1145 0.223723 
765 0.223723 
1271 0.223723 
1420 0.223723 
428 0.223723 
658 0.223723 
707 0.223723 
365 0.223723 
75 0.223723 
661 0.223723 
706 0.223723 
246 0.223723 
705 0.223723 
76 0.223723 
77 0.223723 
139 0.209433 
60 0.209433 
250 0.209433 
173 0.209433 
1391 0.209433 
174 0.209433 
1165 0.209433 
243 0.209433 
61 0.209433 
1105 0.209433 
244 0.209433 
62 0.209433 
283 0.209433 
861 0.209433 
245 0.209433 
594 0.209433 
1409 0.209433 
568 0.209433 
755 0.209433 
546 0.209433 
180 0.209433 
569 0.209433 
1138 0.205060 
1400 0.205060 
507 0.205060 
927 0.205060 
928 0.205060 
1401 0.205060 
937 0.205060 
506 0.205060 
344 0.205060 
1402 0.205060 
945 0.205060 
1406 0.205060 
963 0.205060 
970 0.205060 
505 0.205060 
790 0.205060 
660 0.205060 
156 0.205060 
1260 0.205060 
179 0.205060 
1230 0.205060 
1228 0.205060 
1227 0.205060 
1337 0.205060 
1342 0.205060 
1343 0.205060 
601 0.205060 
237 0.205060 
1131 0.205060 
302 0.205060 
331 0.205060 
303 0.205060 
304 0.205060 
307 0.205060 
377 0.201875 
828 0.201875 
378 0.201875 
1335 0.201875 
405 0.201875 
1236 0.201875 
813 0.201875 
812 0.201875 
400 0.201875 
1046 0.201875 
484 0.201875 
393 0.201875 
836 0.201875 
143 0.201875 
144 0.201875 
619 0.201875 
820 0.201875 
1363 0.201875 
260 0.201875 
1143 0.201875 
1152 0.201875 
1153 0.201875 
290 0.201875 
1356 0.201875 
1071 0.201875 
1348 0.201875 
109 0.201875 
1364 0.201875 
202 0.201875 
201 0.201875 
532 0.201875 
373 0.201875 
200 0.201875 
827 0.201875 
379 0.180443 
774 0.180443 
1089 0.180443 
711 0.172572 
45 0.172572 
46 0.172572 
47 0.172572 
919 0.167094 
764 0.167094 
1284 0.167094 
517 0.167094 
560 0.167094 
1199 0.167094 
413 0.157186 
850 0.157186 
472 0.157186 
1147 0.157186 
1182 0.157186 
537 0.157186 
289 0.157186 
1141 0.157186 
1142 0.157186 
1148 0.157186 
709 0.157186 
708 0.157186 
1168 0.157186 
1092 0.157186 
1183 0.157186 
127 0.157186 
128 0.157186 
196 0.157186 
651 0.157186 
1270 0.157186 
408 0.157186 
1251 0.157186 
407 0.157186 
361 0.157186 
1416 0.157186 
534 0.157186 
535 0.157186 
955 0.157186 
1006 0.157186 
384 0.157186 
536 0.157186 
744 0.157186 
1272 0.137552 
1273 0.137552 
627 0.137552 
777 0.137552 
676 0.137552 
677 0.137552 
778 0.137552 
593 0.137552 
479 0.137552 
612 0.137552 
1295 0.137552 
788 0.137552 
1297 0.137552 
771 0.137552 
115 0.137552 
787 0.137552 
1318 0.137552 
689 0.137552 
1326 0.137552 
1332 0.137552 
802 0.137552 
801 0.137552 
628 0.137552 
678 0.137552 
1030 0.137552 
1015 0.137552 
281 0.137552 
438 0.137552 
895 0.137552 
874 0.137552 
1160 0.137552 
419 0.137552 
220 0.137552 
214 0.137552 
1238 0.137552 
698 0.137552 
1237 0.137552 
213 0.137552 
381 0.137552 
38 0.131303 
317 0.131303 
313 0.131303 
606 0.131303 
312 0.131303 
37 0.131303 
833 0.131303 
832 0.131303 
504 0.131303 
980 0.131303 
972 0.131303 
36 0.131303 
340 0.128145 
854 0.128145 
18 0.128145 
984 0.128145 
19 0.128145 
1319 0.128145 
125 0.128145 
475 0.128145 
646 0.128145 
187 0.128145 
656 0.128145 
602 0.119150 
600 0.119150 
641 0.119150 
622 0.119150 
752 0.119150 
700 0.119150 
623 0.119150 
509 0.119150 
1223 0.119150 
1405 0.119150 
330 0.119150 
1404 0.119150 
1403 0.119150 
1033 0.119150 
1042 0.119150 
308 0.119150 
299 0.119150 
274 0.119150 
1130 0.119150 
1222 0.119150 
508 0.119150 
1225 0.119150 
1232 0.119150 
1242 0.119150 
1243 0.119150 
1244 0.119150 
1256 0.119150 
169 0.119150 
155 0.119150 
152 0.119150 
151 0.119150 
150 0.119150 
960 0.119150 
786 0.119150 
938 0.119150 
926 0.119150 
558 0.115941 
72 0.115941 
559 0.115941 
73 0.115941 
100 0.115941 
101 0.115941 
102 0.115941 
898 0.115941 
871 0.115941 
1437 0.115941 
1438 0.115941 
1439 0.115941 
843 0.115941 
469 0.115941 
1301 0.115941 
1290 0.115941 
819 0.115941 
1287 0.115941 
796 0.115941 
585 0.115941 
1357 0.115941 
402 0.115941 
1057 0.115941 
729 0.115941 
1058 0.115941 
1102 0.115941 
276 0.115941 
403 0.115941 
375 0.115941 
1025 0.115941 
1430 0.115941 
409 0.115941 
990 0.115941 
1155 0.115941 
224 0.115941 
71 0.115941 
1358 0.115941 
780 0.106802 
1288 0.106802 
7 0.106802 
591 0.106802 
1292 0.106802 
1293 0.106802 
58 0.106802 
106 0.106802 
631 0.106802 
5 0.106802 
6 0.106802 
59 0.106802 
1429 0.106802 
1268 0.106802 
458 0.106802 
457 0.106802 
901 0.106802 
936 0.106802 
301 0.106802 
1120 0.106802 
249 0.106802 
1191 0.106802 
1197 0.106802 
1198 0.106802 
1205 0.106802 
1210 0.106802 
1277 0.106802 
683 0.106802 
666 0.106802 
162 0.106802 
161 0.106802 
160 0.106802 
1267 0.106802 
158 0.106802 
721 0.104594 
720 0.104594 
851 0.104594 
746 0.104594 
959 0.104594 
722 0.104594 
986 0.104594 
1344 0.104594 
1029 0.104594 
1389 0.104594 
644 0.104594 
1213 0.104594 
1212 0.104594 
1211 0.104594 
188 0.104594 
206 0.104594 
915 0.098370 
137 0.098370 
25 0.098370 
26 0.098370 
446 0.098370 
1080 0.098370 
1096 0.098370 
89 0.098370 
27 0.098370 
921 0.098370 
265 0.098370 
267 0.098370 
580 0.098370 
674 0.098370 
673 0.098370 
672 0.098370 
485 0.098370 
192 0.098370 
138 0.098370 
191 0.098370 
190 0.098370 
147 0.098370 
1039 0.084576 
934 0.080855 
1117 0.080855 
675 0.080855 
908 0.080855 
1118 0.080855 
1262 0.080855 
776 0.080855 
1263 0.080855 
805 0.080855 
798 0.080855 
797 0.080855 
1331 0.080855 
697 0.080855 
1327 0.080855 
896 0.080855 
424 0.080855 
1161 0.080855 
1218 0.080855 
113 0.080855 
114 0.080855 
1016 0.080855 
210 0.080855 
1296 0.080855 
212 0.080855 
211 0.080855 
145 0.080855 
670 0.080855 
338 0.080855 
358 0.080855 
337 0.080855 
327 0.080855 
285 0.080855 
386 0.080855 
322 0.080855 
323 0.080855 
1031 0.080855 
455 0.078205 
1179 0.078205 
869 0.078205 
639 0.078205 
411 0.078205 
1239 0.078205 
1414 0.071988 
1166 0.071988 
291 0.071988 
463 0.071988 
288 0.071988 
442 0.071988 
578 0.071988 
464 0.071988 
866 0.071988 
443 0.071988 
1038 0.071988 
756 0.071988 
615 0.071988 
792 0.071988 
1106 0.071988 
783 0.071988 
149 0.071988 
95 0.071988 
444 0.071988 
1095 0.071988 
172 0.071988 
170 0.071988 
584 0.071988 
583 0.071988 
1347 0.071988 
171 0.071988 
873 0.071988 
779 0.069976 
459 0.069976 
1094 0.069976 
1129 0.069976 
1254 0.069286 
1189 0.069286 
470 0.069286 
884 0.069286 
754 0.069286 
416 0.069286 
1276 0.043370 
526 0.043370 
1020 0.043370 
1282 0.043370 
1283 0.043370 
1286 0.043370 
775 0.043370 
1425 0.043370 
527 0.043370 
324 0.043370 
528 0.043370 
865 0.043370 
669 0.043370 
52 0.043370 
51 0.043370 
53 0.043370 
399 0.043370 
256 0.043370 
412 0.043370 
1150 0.043370 
1317 0.043370 
370 0.043370 
965 0.043370 
234 0.043370 
883 0.043370 
233 0.043370 
122 0.043370 
121 0.043370 
872 0.043370 
858 0.043370 
120 0.043370 
714 0.043370 
182 0.037766 
183 0.037766 
167 0.037766 
976 0.037766 
930 0.037766 
499 0.037766 
503 0.037766 
607 0.037766 
605 0.037766 
1101 0.037766 
982 0.037766 
318 0.037766 
531 0.037766 
1200 0.037766 
1193 0.037766 
1090 0.037766 
157 0.037766 
181 0.037766 
39 0.037766 
767 0.037766 
1134 0.022180 
799 0.022180 
1099 0.022180 
390 0.022180 
474 0.022180 
1434 0.011935 
1245 0.011935 
1215 0.011935 
1208 0.011935 
1207 0.011935 
1204 0.011935 
305 0.011935 
1195 0.011935 
298 0.011935 
228 0.011935 
259 0.011935 
920 0.011935 
940 0.011935 
932 0.011935 
933 0.011935 
491 0.011935 
686 0.011935 
687 0.011935 
688 0.011935 
680 0.011935 
135 0.011935 
753 0.011935 
148 0.011935 
595 0.011935 
597 0.011935 
635 0.011935 
781 0.011935 
1258 0.011935 
1257 0.011935 
1253 0.011935 
492 0.011935 
493 0.011935 
483 0.011387 
545 0.011387 
43 0.011387 
44 0.011387 
554 0.011387 
515 0.011387 
63 0.011387 
482 0.011387 
481 0.011387 
177 0.011387 
1000 0.011387 
64 0.011387 
650 -0.012706 
284 -0.012706 
803 -0.012706 
743 -0.012706 
951 -0.012706 
538 -0.012706 
539 -0.012706 
439 -0.012706 
845 -0.012706 
716 -0.012706 
757 -0.012706 
473 -0.012706 
1266 -0.012706 
1137 -0.012706 
1140 -0.012706 
1250 -0.012706 
339 -0.012706 
360 -0.012706 
1005 -0.012706 
195 -0.012706 
417 -0.012706 
418 -0.012706 
1415 -0.012706 
758 -0.012706 
548 -0.025760 
398 -0.025760 
35 -0.025760 
34 -0.025760 
33 -0.025760 
981 -0.025760 
518 -0.025760 
218 -0.025760 
500 -0.025760 
736 -0.059674 
272 -0.059674 
273 -0.059674 
282 -0.059674 
701 -0.114549 
696 -0.114549 
904 -0.114549 
889 -0.114549 
29 -0.114549 
1399 -0.114549 
345 -0.114549 
28 -0.114549 
1019 -0.114549 
944 -0.114549 
1398 -0.114549 
994 -0.114549 
165 -0.114549 
727 -0.114549 
1178 -0.114549 
1177 -0.114549 
1174 -0.114549 
253 -0.123605 
734 -0.123605 
733 -0.123605 
252 -0.123605 
561 -0.123605 
732 -0.123605 
565 -0.123605 
251 -0.123605 
566 -0.123605 
129 -0.123605 
1126 -0.123605 
654 -0.123605 
236 -0.123605 
567 -0.123605 
751 -0.123605 
1394 -0.123605 
1384 -0.123605 
278 -0.123605 
1381 -0.123605 
1119 -0.127551 
1084 -0.127551 
1074 -0.127551 
374 -0.127551 
664 -0.127551 
769 -0.127551 
385 -0.127551 
1426 -0.130232 
795 -0.130232 
1021 -0.130232 
329 -0.130232 
371 -0.130232 
1097 -0.130232 
1098 -0.130232 
966 -0.130232 
1362 -0.130232 
1103 -0.130232 
1107 -0.130232 
1108 -0.130232 
1368 -0.130232 
275 -0.130232 
1367 -0.130232 
679 -0.130232 
103 -0.130232 
104 -0.130232 
731 -0.130232 
232 -0.130232 
450 -0.130232 
730 -0.130232 
231 -0.130232 
194 -0.130232 
1151 -0.130232 
230 -0.130232 
1300 -0.130232 
404 -0.130232 
525 -0.130232 
870 -0.130232 
193 -0.130232 
1280 -0.130232 
74 -0.130232 
814 -0.130232 
728 -0.130232 
762 -0.137421 
1063 -0.137421 
294 -0.137421 
293 -0.137421 
292 -0.137421 
136 -0.137421 
1203 -0.137421 
1202 -0.137421 
1201 -0.137421 
685 -0.137421 
763 -0.137421 
1062 -0.137421 
297 -0.137421 
153 -0.137421 
1217 -0.137421 
24 -0.137421 
154 -0.137421 
596 -0.137421 
306 -0.137421 
23 -0.137421 
1220 -0.137421 
14 -0.137421 
636 -0.137421 
1255 -0.137421 
785 -0.137421 
13 -0.137421 
247 -0.137421 
238 -0.137421 
248 -0.137421 
427 -0.137421 
941 -0.137421 
490 -0.137421 
99 -0.137421 
681 -0.137421 
1252 -0.137421 
332 -0.137421 
1093 -0.137421 
1116 -0.137421 
1354 -0.137421 
925 -0.137421 
1087 -0.137421 
1196 -0.137421 
849 -0.168101 
326 -0.168101 
178 -0.168101 
1311 -0.168101 
645 -0.168101 
979 -0.168101 
655 -0.168101 
452 -0.168101 
453 -0.168101 
454 -0.168101 
618 -0.178524 
1246 -0.178524 
176 -0.178524 
328 -0.178524 
1012 -0.178524 
1027 -0.178524 
1411 -0.178524 
1265 -0.178524 
1408 -0.178524 
1407 -0.178524 
279 -0.178524 
118 -0.178524 
117 -0.178524 
1167 -0.178524 
1313 -0.178524 
1314 -0.178524 
1136 -0.178524 
1127 -0.178524 
434 -0.178524 
611 -0.178524 
840 -0.178524 
682 -0.178524 
768 -0.178524 
952 -0.178524 
995 -0.178524 
950 -0.178524 
978 -0.178524 
739 -0.178524 
977 -0.178524 
793 -0.178524 
336 -0.178524 
942 -0.178524 
334 -0.178524 
917 -0.200368 
366 -0.200368 
1285 -0.200368 
1421 -0.200368 
1233 -0.200368 
653 -0.200368 
1418 -0.200368 
465 -0.200368 
652 -0.200368 
961 -0.200368 
860 -0.200368 
918 -0.200368 
54 -0.200368 
197 -0.200368 
624 -0.200368 
1275 -0.200368 
394 -0.200368 
198 -0.200368 
1320 -0.200368 
1146 -0.200368 
1011 -0.200368 
255 -0.200368 
1322 -0.200368 
713 -0.200368 
1321 -0.200368 
348 -0.200368 
1240 -0.200368 
319 -0.200368 
529 -0.200368 
123 -0.200368 
124 -0.200368 
347 -0.200368 
657 -0.200368 
770 -0.200368 
1001 -0.202391 
134 -0.202391 
42 -0.202391 
40 -0.202391 
41 -0.202391 
133 -0.202391 
516 -0.202391 
480 -0.202391 
269 -0.218462 
1124 -0.218462 
598 -0.218462 
1144 -0.218462 
395 -0.218462 
1353 -0.218462 
1351 -0.218462 
809 -0.218462 
1350 -0.218462 
1307 -0.230879 
1303 -0.230879 
1302 -0.230879 
735 -0.230879 
277 -0.248571 
588 -0.248571 
741 -0.248571 
287 -0.248571 
1169 -0.260147 
634 -0.260147 
410 -0.260147 
864 -0.260147 
436 -0.260147 
1234 -0.260147 
621 -0.260317 
929 -0.260317 
599 -0.260317 
1294 -0.260317 
789 -0.260317 
1269 -0.260317 
1132 -0.271610 
1133 -0.271610 
1128 -0.271610 
1135 -0.271610 
1170 -0.271610 
204 -0.271610 
1171 -0.271610 
1172 -0.271610 
1028 -0.271610 
1410 -0.271610 
349 -0.271610 
309 -0.271610 
1235 -0.271610 
343 -0.271610 
1037 -0.271610 
342 -0.271610 
1032 -0.271610 
610 -0.271610 
1261 -0.271610 
175 -0.271610 
791 -0.271610 
1018 -0.271610 
1017 -0.271610 
335 -0.271610 
1013 -0.271610 
946 -0.271610 
962 -0.271610 
738 -0.271610 
971 -0.271610 
199 -0.271610 
203 -0.271610 
511 -0.288772 
1181 -0.288772 
852 -0.288772 
842 -0.288772 
421 -0.288772 
1334 -0.288772 
263 -0.288772 
510 -0.288772 
876 -0.288772 
862 -0.288772 
522 -0.288772 
448 -0.288772 
521 -0.288772 
512 -0.288772 
186 -0.288772 
853 -0.288772 
447 -0.288772 
520 -0.288772 
947 -0.288772 
1073 -0.288772 
264 -0.288772 
638 -0.288772 
1056 -0.288772 
1081 -0.288772 
320 -0.288772 
262 -0.288772 
1366 -0.288772 
1380 -0.288772 
699 -0.297966 
1114 -0.297966 
380 -0.297966 
369 -0.297966 
1079 -0.297966 
659 -0.297966 
1059 -0.297966 
824 -0.306829 
1088 -0.306829 
1078 -0.306829 
1298 -0.306829 
467 -0.306829 
376 -0.306829 
280 -0.306829 
466 -0.306829 
1291 -0.306829 
1436 -0.306829 
800 -0.306829 
1003 -0.306829 
1002 -0.306829 
1022 -0.306829 
807 -0.306829 
1023 -0.306829 
808 -0.306829 
1026 -0.306829 
468 -0.306829 
996 -0.306829 
1435 -0.306829 
1431 -0.306829 
1428 -0.306829 
1047 -0.306829 
766 -0.306829 
586 -0.306829 
414 -0.306829 
555 -0.306829 
880 -0.306829 
1316 -0.306829 
79 -0.306829 
556 -0.306829 
557 -0.306829 
1323 -0.306829 
1156 -0.306829 
78 -0.306829 
1308 -0.306829 
221 -0.306829 
223 -0.306829 
222 -0.306829 
68 -0.321808 
69 -0.321808 
70 -0.321808 
725 -0.321808 
576 -0.341026 
82 -0.341026 
80 -0.341026 
81 -0.341026 
1100 -0.343266 
184 -0.343266 
975 -0.343266 
530 -0.343266 
362 -0.343266 
20 -0.343266 
21 -0.343266 
363 -0.343266 
22 -0.343266 
86 -0.343266 
916 -0.343266 
87 -0.343266 
266 -0.343266 
486 -0.343266 
1085 -0.343266 
88 -0.343266 
897 -0.346227 
747 -0.346227 
748 -0.346227 
740 -0.346227 
1325 -0.358589 
1375 -0.358589 
0 -0.358589 
1372 -0.358589 
1390 -0.358589 
1395 -0.358589 
549 -0.358589 
693 -0.358589 
694 -0.358589 
2 -0.358589 
1396 -0.358589 
1417 -0.358589 
1397 -0.358589 
648 -0.358589 
1 -0.358589 
1346 -0.358589 
1349 -0.358589 
1422 -0.358589 
1413 -0.358589 
894 -0.358589 
387 -0.358589 
388 -0.358589 
383 -0.358589 
1072 -0.358589 
215 -0.358589 
973 -0.358589 
1066 -0.358589 
846 -0.358589 
838 -0.358589 
893 -0.358589 
831 -0.358589 
315 -0.358589 
1226 -0.358589 
815 -0.358589 
1123 -0.358589 
1041 -0.358589 
1069 -0.372160 
1040 -0.372160 
1345 -0.372160 
1065 -0.372160 
4 -0.372160 
993 -0.372160 
572 -0.372160 
643 -0.372160 
647 -0.372160 
573 -0.372160 
841 -0.372160 
97 -0.372160 
574 -0.372160 
997 -0.372160 
967 -0.372160 
958 -0.372160 
957 -0.372160 
1324 -0.372160 
1315 -0.372160 
1386 -0.372160 
3 -0.372160 
998 -0.372160 
489 -0.372160 
1221 -0.372160 
1052 -0.372160 
1053 -0.372160 
205 -0.372160 
811 -0.372160 
1423 -0.372160 
311 -0.372160 
742 -0.372160 
983 -0.372160 
397 -0.372160 
830 -0.372160 
1051 -0.380093 
85 -0.380093 
131 -0.380093 
84 -0.380093 
83 -0.380093 
575 -0.380093 
132 -0.380093 
130 -0.380093 
1330 -0.401800 
891 -0.401800 
892 -0.401800 
392 -0.401800 
692 -0.401800 
690 -0.401800 
913 -0.401800 
1359 -0.401800 
401 -0.401800 
691 -0.401800 
923 -0.401800 
837 -0.401800 
11 -0.401800 
12 -0.401800 
816 -0.401800 
817 -0.401800 
818 -0.401800 
1231 -0.401800 
1045 -0.401800 
316 -0.401800 
822 -0.401800 
823 -0.401800 
1214 -0.401800 
835 -0.401800 
1412 -0.401800 
1068 -0.401800 
642 -0.401800 
533 -0.401800 
216 -0.401800 
116 -0.401800 
10 -0.401800 
589 -0.401800 
1070 -0.401800 
382 -0.401800 
1376 -0.401800 
890 -0.401800 
804 -0.407513 
391 -0.407513 
1104 -0.407513 
564 -0.407513 
239 -0.407513 
1139 -0.407513 
1194 -0.415725 
502 -0.415725 
914 -0.415725 
1259 -0.415725 
759 -0.415725 
478 -0.415725 
471 -0.415725 
476 -0.415725 
477 -0.415725 
1164 -0.433897 
1374 -0.433897 
1373 -0.433897 
441 -0.433897 
435 -0.433897 
1229 -0.433897 
859 -0.433897 
629 -0.433897 
32 -0.440124 
31 -0.440124 
953 -0.440124 
30 -0.440124 
948 -0.440124 
943 -0.440124 
519 -0.440124 
501 -0.440124 
991 -0.440124 
240 -0.440124 
242 -0.440124 
241 -0.440124 
462 -0.444044 
1115 -0.444044 
1419 -0.444044 
543 -0.444044 
592 -0.444044 
1186 -0.444044 
460 -0.444044 
461 -0.444044 
497 -0.444044 
760 -0.444044 
257 -0.444044 
296 -0.444044 
496 -0.444044 
209 -0.444044 
1247 -0.444044 
1122 -0.444044 
1248 -0.444044 
333 -0.444044 
1333 -0.444044 
579 -0.444044 
881 -0.444044 
782 -0.444044 
582 -0.444044 
1241 -0.444044 
96 -0.444044 
617 -0.444044 
616 -0.444044 
1110 -0.444044 
931 -0.444044 
498 -0.444044 
1175 -0.444044 
581 -0.444044 
544 -0.444044 
773 -0.468829 
1086 -0.468829 
321 -0.468829 
1385 -0.468829 
922 -0.468829 
912 -0.468829 
910 -0.468829 
1339 -0.468829 
254 -0.468829 
570 -0.468829 
571 -0.468829 
1370 -0.468829 
426 -0.468829 
663 -0.468829 
662 -0.468829 
1060 -0.468829 
553 -0.468829 
552 -0.468829 
551 -0.468829 
372 -0.468829 
368 -0.468829 
367 -0.468829 
225 -0.468829 
1185 -0.468829 
847 -0.468829 
1044 -0.493398 
