1518 1
0 -0.516735 
1 -1.820234 
2 -1.588360 
3 -0.989961 
4 0.382068 
5 -1.782784 
6 -0.501049 
7 -2.014905 
8 2.122733 
9 -0.495640 
10 -1.481660 
11 -2.213518 
12 -1.289192 
13 1.679700 
14 1.592843 
15 -0.390197 
16 1.967146 
17 -0.386771 
18 2.087015 
19 -1.769859 
20 -1.021819 
21 -0.153929 
22 -2.392348 
23 -0.949848 
24 -1.855951 
25 0.847318 
26 -1.135934 
27 -1.853459 
28 -2.370791 
29 0.266869 
30 -1.790380 
31 0.861491 
32 -0.684130 
33 1.863608 
34 0.926773 
35 2.026075 
36 -1.926670 
37 -0.064337 
38 2.120071 
39 -1.298519 
40 -0.166673 
41 -1.103971 
42 -1.844499 
43 -1.687642 
44 -1.567818 
45 -1.222367 
46 -0.496000 
47 -1.476559 
48 -1.245837 
49 1.516718 
50 2.500411 
51 -1.368046 
52 2.262926 
53 -0.342127 
54 0.262154 
55 2.181215 
56 1.034954 
57 -1.873775 
58 1.222338 
59 2.113964 
60 1.871868 
61 -0.389197 
62 -1.363240 
63 -1.504416 
64 -0.298006 
65 1.992299 
66 -1.808771 
67 -1.002025 
68 -0.299108 
69 -0.465385 
70 -2.294347 
71 -1.564812 
72 -1.413227 
73 -0.870261 
74 -0.812860 
75 1.668846 
76 -2.673202 
77 -0.998829 
78 -0.213317 
79 -0.143378 
80 -3.123947 
81 0.080919 
82 0.860955 
83 0.018647 
84 -0.698871 
85 2.384007 
86 -1.096152 
87 -1.136743 
88 -1.979194 
89 -0.948456 
90 -1.322964 
91 -0.659855 
92 -1.353565 
93 -1.797275 
94 -0.395313 
95 1.686980 
96 -0.677426 
97 -0.748468 
98 2.095304 
99 1.638822 
100 -0.061126 
101 2.156146 
102 -0.549341 
103 2.156572 
104 -1.209953 
105 2.228396 
106 -0.714563 
107 -1.159554 
108 -1.141835 
109 -1.567692 
110 -0.974414 
111 1.708896 
112 -1.407576 
113 -0.554403 
114 -2.168454 
115 -0.848570 
116 -0.067099 
117 -2.074558 
118 -1.551761 
119 -0.766730 
120 -1.607457 
121 -2.317162 
122 -0.327836 
123 -0.160023 
124 0.960886 
125 -1.526654 
126 -1.568007 
127 -1.464462 
128 -1.422618 
129 2.153681 
130 -1.075242 
131 -0.766171 
132 -0.334592 
133 -1.865343 
134 2.103718 
135 -1.034089 
136 -1.520738 
137 -1.537795 
138 0.069879 
139 1.729709 
140 -0.575874 
141 -0.166863 
142 -1.711659 
143 -1.967326 
144 -0.926247 
145 -1.654042 
146 1.487195 
147 -1.796112 
148 -1.648588 
149 -0.830557 
150 -1.782793 
151 -0.960935 
152 -1.031004 
153 -2.290568 
154 -1.142821 
155 -0.672589 
156 -1.440781 
157 1.531346 
158 1.864154 
159 -1.684421 
160 -0.838600 
161 -1.586428 
162 0.367156 
163 2.422462 
164 -1.225639 
165 -0.439227 
166 2.003603 
167 2.522274 
168 -1.731474 
169 -0.891044 
170 1.892546 
171 -0.486200 
172 1.709062 
173 1.868126 
174 -1.396137 
175 -0.260761 
176 2.428639 
177 1.814473 
178 -1.507272 
179 -1.461242 
180 -0.850305 
181 -0.593413 
182 -2.032548 
183 -1.695365 
184 -0.952873 
185 -0.174495 
186 -0.887950 
187 2.650426 
188 -1.769285 
189 -1.217647 
190 -1.405095 
191 -0.828193 
192 -1.287461 
193 -1.217982 
194 -0.500529 
195 2.033919 
196 -0.089113 
197 -1.467503 
198 -1.361418 
199 2.070566 
200 -1.478072 
201 -0.336320 
202 -0.665450 
203 2.517773 
204 -1.692127 
205 -1.445139 
206 -1.177493 
207 -0.760518 
208 2.655933 
209 -0.835321 
210 -0.849718 
211 -0.615577 
212 0.811980 
213 -1.184949 
214 -0.497395 
215 -2.621027 
216 1.391795 
217 2.745188 
218 -0.909431 
219 0.187916 
220 2.105542 
221 -0.762151 
222 2.077181 
223 -0.501063 
224 1.583490 
225 -1.071549 
226 -1.704087 
227 -1.199235 
228 -1.661005 
229 -1.066776 
230 -0.524989 
231 1.789379 
232 -0.217160 
233 2.588365 
234 -1.431581 
235 -0.418230 
236 -0.401891 
237 -1.029006 
238 2.820335 
239 -0.666363 
240 -1.571655 
241 -1.025982 
242 -1.261743 
243 -0.833261 
244 -0.562214 
245 1.659289 
246 2.027663 
247 -0.495256 
248 -1.166036 
249 -2.063164 
250 -0.326675 
251 -1.227769 
252 -1.450758 
253 -0.095719 
254 -1.740511 
255 -1.309359 
256 2.179057 
257 -0.696969 
258 1.731016 
259 1.058380 
260 -0.022148 
261 -2.154334 
262 -1.399119 
263 -0.305024 
264 2.390405 
265 -1.568013 
266 0.040725 
267 -0.942991 
268 -1.501948 
269 -1.163154 
270 -1.575497 
271 -1.382970 
272 0.128763 
273 -1.756521 
274 -1.461500 
275 1.961512 
276 -1.423758 
277 -1.592238 
278 1.178856 
279 -0.957336 
280 -0.490182 
281 -0.480059 
282 -1.793397 
283 -1.842969 
284 -0.978639 
285 -1.614096 
286 2.321461 
287 0.231430 
288 -1.507167 
289 -1.484917 
290 -0.833915 
291 -0.803084 
292 1.763367 
293 -0.631379 
294 -0.800504 
295 -1.970176 
296 1.378228 
297 -1.440160 
298 -1.174274 
299 2.356223 
300 -1.573034 
301 -1.192282 
302 -1.876477 
303 -0.139300 
304 -0.129820 
305 -0.737723 
306 -1.950761 
307 -1.387751 
308 -0.595744 
309 -0.668574 
310 1.635195 
311 2.488556 
312 1.685128 
313 2.013160 
314 2.019657 
315 -0.114780 
316 -1.838177 
317 -1.816947 
318 0.020055 
319 -0.611020 
320 -1.553885 
321 -1.186561 
322 -1.053541 
323 -1.045376 
324 -0.819458 
325 3.066137 
326 -0.211936 
327 -0.633811 
328 2.083200 
329 -1.248858 
330 -0.049811 
331 1.791330 
332 -0.923542 
333 -2.776566 
334 -0.512289 
335 0.723238 
336 -1.269978 
337 -0.720553 
338 -1.340203 
339 -1.685571 
340 -0.326402 
341 -1.217537 
342 1.979564 
343 -1.692972 
344 1.505886 
345 0.167607 
346 -0.894373 
347 -2.337798 
348 -0.502587 
349 -1.826779 
350 -0.403293 
351 -1.981707 
352 -0.505331 
353 -1.335668 
354 1.904230 
355 1.923027 
356 -1.103362 
357 -1.096597 
358 -1.679498 
359 -1.273023 
360 -0.740962 
361 2.003971 
362 -1.842994 
363 -0.519372 
364 1.633385 
365 -1.327166 
366 1.629010 
367 1.793945 
368 -0.379794 
369 -1.380873 
370 -1.445444 
371 -1.803696 
372 -2.178041 
373 -0.659331 
374 -0.775930 
375 -1.263505 
376 -0.530424 
377 2.108409 
378 -1.302553 
379 -1.334358 
380 -1.507069 
381 -0.247129 
382 2.024611 
383 1.498530 
384 1.911667 
385 1.840958 
386 1.690848 
387 1.270100 
388 2.167749 
389 -0.870474 
390 -1.026165 
391 -1.280778 
392 -0.634634 
393 -0.916205 
394 2.332924 
395 -1.491005 
396 -0.895600 
397 -0.565747 
398 2.048470 
399 1.962179 
400 0.312087 
401 -1.152966 
402 0.496874 
403 2.532532 
404 0.352054 
405 -0.676792 
406 -1.525104 
407 2.590983 
408 -1.086187 
409 2.357897 
410 -1.062304 
411 -1.176476 
412 -0.751203 
413 -1.525397 
414 -1.235247 
415 2.182362 
416 -0.822190 
417 -1.759056 
418 -0.648613 
419 2.069578 
420 -1.534992 
421 -2.236841 
422 0.404679 
423 -1.226904 
424 -0.683458 
425 0.691778 
426 1.794848 
427 2.057796 
428 -0.709396 
429 -0.463072 
430 2.225937 
431 -1.424729 
432 -1.873525 
433 -1.007802 
434 1.794865 
435 -0.852791 
436 -0.344289 
437 -1.793282 
438 -0.753366 
439 -1.822292 
440 -0.691113 
441 -0.340167 
442 2.640008 
443 -0.944314 
444 -1.977370 
445 -1.467140 
446 0.024588 
447 -1.354286 
448 3.130376 
449 -0.552703 
450 1.214622 
451 -0.623223 
452 2.049590 
453 -1.161228 
454 1.314082 
455 -0.972497 
456 -1.943887 
457 -0.091566 
458 -0.802877 
459 -1.895372 
460 -0.237149 
461 -0.076758 
462 -2.266787 
463 -1.819987 
464 -1.130352 
465 0.876928 
466 2.141508 
467 -1.346908 
468 1.769979 
469 1.381795 
470 1.590343 
471 -0.971401 
472 -1.820506 
473 0.098055 
474 -0.961213 
475 -1.985333 
476 -1.567495 
477 -1.510532 
478 -1.442279 
479 -0.613698 
480 -0.513936 
481 0.062649 
482 -0.728436 
483 2.915413 
484 -1.162652 
485 -1.282177 
486 -1.012428 
487 -1.627244 
488 -1.704317 
489 0.077172 
490 -1.429778 
491 1.827204 
492 2.324067 
493 1.607752 
494 -1.047594 
495 -0.618765 
496 2.154361 
497 0.182427 
498 2.043863 
499 -0.666718 
500 -1.823938 
501 -0.478530 
502 -1.818900 
503 -0.750485 
504 -1.402552 
505 -2.501163 
506 -0.100396 
507 -0.407838 
508 -0.482871 
509 -1.677014 
510 -0.055736 
511 -2.290314 
512 -2.749286 
513 -0.507510 
514 -0.501528 
515 -0.212458 
516 -1.828795 
517 2.872156 
518 0.158598 
519 -0.436222 
520 -1.545055 
521 2.185090 
522 -0.746083 
523 -0.265142 
524 -0.112247 
525 -1.748546 
526 -1.225767 
527 1.919412 
528 -1.879404 
529 -1.220708 
530 -1.438909 
531 -0.192013 
532 -0.594167 
533 -2.140311 
534 0.351831 
535 -0.082263 
536 -1.328932 
537 -0.510231 
538 1.520825 
539 2.010765 
540 0.281108 
541 -0.299430 
542 -2.709506 
543 -1.164465 
544 -0.443657 
545 2.911538 
546 -1.829797 
547 2.114491 
548 -1.245355 
549 -1.206149 
550 1.678726 
551 -1.330534 
552 -1.574231 
553 1.949084 
554 -1.610664 
555 -0.302642 
556 -0.656498 
557 -1.570952 
558 -2.117347 
559 -0.412787 
560 -1.914030 
561 -0.156405 
562 -1.654770 
563 -1.165655 
564 1.054585 
565 -0.820988 
566 -0.766394 
567 -2.237405 
568 -1.214909 
569 -1.274193 
570 -0.521700 
571 -1.772439 
572 -1.621072 
573 1.338036 
574 1.431290 
575 -1.041585 
576 -0.834534 
577 0.580715 
578 -3.314117 
579 -0.272876 
580 -1.286765 
581 1.716582 
582 -0.946712 
583 1.584726 
584 -0.385003 
585 -0.337707 
586 -2.071454 
587 -1.975151 
588 2.842129 
589 -1.073292 
590 -0.401272 
591 0.136594 
592 0.464588 
593 -1.230290 
594 0.178877 
595 -2.994702 
596 -0.872944 
597 -1.781491 
598 -0.982277 
599 1.400233 
600 -1.200921 
601 1.552427 
602 -1.231858 
603 -1.421152 
604 -1.633578 
605 -0.388512 
606 -2.186626 
607 -0.580229 
608 1.940157 
609 -0.498363 
610 -1.601673 
611 1.413952 
612 -1.393063 
613 -1.767032 
614 -0.840595 
615 -0.971495 
616 1.757661 
617 -0.340512 
618 -0.535277 
619 -1.915318 
620 1.442150 
621 -1.216249 
622 -0.640020 
623 1.756036 
624 -2.081967 
625 -1.765006 
626 -0.821677 
627 -0.011639 
628 -1.295128 
629 1.093096 
630 -2.076816 
631 -0.332326 
632 -2.072162 
633 -1.412072 
634 -0.124261 
635 -1.219488 
636 -1.747160 
637 -1.438295 
638 -1.338121 
639 -0.296910 
640 -0.658504 
641 -1.687810 
642 -1.646544 
643 -0.610961 
644 -0.306865 
645 -1.199505 
646 -1.923966 
647 -1.619880 
648 -1.872900 
649 -2.224362 
650 1.055986 
651 -1.286705 
652 1.426560 
653 2.013268 
654 -0.755480 
655 1.526597 
656 0.287727 
657 -1.396561 
658 -1.999105 
659 -1.526982 
660 -1.569176 
661 -1.755888 
662 0.357666 
663 -1.631580 
664 1.802999 
665 2.095259 
666 -0.217282 
667 -1.206947 
668 1.936614 
669 -0.638679 
670 -1.105570 
671 -1.428796 
672 1.078376 
673 -0.959247 
674 -1.621874 
675 1.733582 
676 -0.142065 
677 -1.602947 
678 -2.017109 
679 -1.280959 
680 -1.274070 
681 1.395719 
682 -0.474731 
683 2.260179 
684 -1.461966 
685 -0.720451 
686 -1.692489 
687 -1.392248 
688 -0.717717 
689 -2.001541 
690 -1.306259 
691 -1.628049 
692 1.978278 
693 -0.813170 
694 -0.116255 
695 1.859800 
696 1.154485 
697 -0.609368 
698 -1.537028 
699 -2.102992 
700 -1.628403 
701 -0.662569 
702 -0.318995 
703 -1.786819 
704 -1.559091 
705 -1.371375 
706 -1.580658 
707 -0.567543 
708 0.181207 
709 -2.522183 
710 -0.899755 
711 -0.529439 
712 -1.896739 
713 -0.096859 
714 -1.066178 
715 -1.769728 
716 -3.082889 
717 1.107404 
718 -0.841602 
719 0.003311 
720 2.565837 
721 -0.243072 
722 -1.023272 
723 -0.920440 
724 -1.205675 
725 -1.694571 
726 -1.756149 
727 -0.456248 
728 -1.631502 
729 -0.956183 
730 0.434098 
731 -2.062442 
732 -0.638558 
733 -0.404206 
734 -1.434463 
735 -2.287133 
736 -1.310373 
737 -1.428849 
738 -1.178439 
739 1.613335 
740 -1.273476 
741 -1.423036 
742 -0.850029 
743 1.729825 
744 -0.924628 
745 -1.068690 
746 -2.277878 
747 -0.268143 
748 1.378591 
749 -0.101724 
750 -1.095227 
751 2.331753 
752 -1.100554 
753 -1.160953 
754 -1.121121 
755 1.864038 
756 -1.224635 
757 -1.533054 
758 -1.068367 
759 -1.364264 
760 -0.562761 
761 -2.924721 
762 -0.624052 
763 -0.284216 
764 2.603607 
765 -0.076835 
766 1.515502 
767 -0.582885 
768 -0.888439 
769 0.442059 
770 -1.858798 
771 -2.085959 
772 0.180990 
773 0.474926 
774 3.247526 
775 0.411175 
776 -1.223871 
777 -1.787652 
778 -0.882586 
779 -1.749770 
780 -1.798386 
781 -1.254639 
782 -0.609915 
783 1.991724 
784 1.742365 
785 -0.972361 
786 -1.348699 
787 -1.773088 
788 -1.247357 
789 -1.079703 
790 -0.021355 
791 -2.402177 
792 -1.098238 
793 -1.674658 
794 -1.513812 
795 -0.921570 
796 -0.552815 
797 -0.414130 
798 2.922689 
799 0.823277 
800 -1.584617 
801 -0.250416 
802 -0.987477 
803 -1.856684 
804 1.280203 
805 1.758240 
806 1.577933 
807 1.423277 
808 -1.412684 
809 2.150267 
810 -0.348125 
811 -1.339269 
812 -1.364785 
813 -0.189517 
814 -0.635591 
815 -2.293945 
816 -1.205193 
817 -1.775375 
818 -1.449797 
819 -0.175050 
820 1.704614 
821 -1.334863 
822 1.415038 
823 -1.182945 
824 -0.684389 
825 -1.238271 
826 1.805729 
827 -1.440380 
828 0.371985 
829 -0.988958 
830 -1.600914 
831 2.149855 
832 -0.982147 
833 -3.090015 
834 -0.174315 
835 0.179374 
836 1.500611 
837 2.944784 
838 0.007645 
839 -0.685722 
840 2.746098 
841 -0.014273 
842 -1.254760 
843 0.045993 
844 -0.889346 
845 -1.074683 
846 -2.468288 
847 1.071201 
848 -1.153852 
849 -0.213435 
850 -2.569971 
851 -0.846147 
852 -0.130389 
853 -0.319495 
854 -1.931025 
855 -2.147992 
856 -0.657274 
857 -2.519865 
858 0.010485 
859 1.070080 
860 -2.399127 
861 -1.648129 
862 -0.611686 
863 -0.091435 
864 -2.106365 
865 -1.148174 
866 -0.475476 
867 -1.151853 
868 -0.832650 
869 -1.629497 
870 -1.228700 
871 1.394458 
872 0.321849 
873 -2.320753 
874 -0.513840 
875 -1.911387 
876 -1.922130 
877 -0.676575 
878 -1.147075 
879 1.441626 
880 -0.309007 
881 -2.631537 
882 -0.607135 
883 -0.535545 
884 3.012560 
885 -0.470354 
886 -0.529746 
887 -0.024119 
888 -1.286929 
889 1.574977 
890 -0.804363 
891 -1.501666 
892 -1.187327 
893 -1.017819 
894 -2.115461 
895 -0.394656 
896 -0.457818 
897 -2.001048 
898 -1.796339 
899 -0.238906 
900 2.038268 
901 -1.638856 
902 -0.485423 
903 -1.391274 
904 -1.423091 
905 -0.567092 
906 0.191729 
907 -2.449733 
908 -1.681085 
909 2.230851 
910 -0.879207 
911 -0.070608 
912 -1.298434 
913 -1.523834 
914 -0.381254 
915 -1.254409 
916 -1.407861 
917 2.050454 
918 2.184546 
919 1.046682 
920 0.742221 
921 -1.172693 
922 -0.524764 
923 -2.227038 
924 -0.555048 
925 -0.757093 
926 -2.027631 
927 2.028690 
928 -1.285810 
929 -0.589646 
930 1.685578 
931 -1.463636 
932 -2.195547 
933 -1.887563 
934 -0.374413 
935 -0.694576 
936 -1.917661 
937 1.610961 
938 -0.964352 
939 1.844932 
940 0.147122 
941 -0.809764 
942 -1.164044 
943 -2.650919 
944 -1.145469 
945 -0.866700 
946 -0.996019 
947 -1.735056 
948 -1.526132 
949 -1.677288 
950 -1.251713 
951 -0.964227 
952 1.826742 
953 -1.017603 
954 0.129993 
955 -1.684880 
956 -0.822805 
957 -1.474820 
958 -2.282317 
959 0.020076 
960 -1.089872 
961 -0.924452 
962 -1.458493 
963 1.610507 
964 -2.140644 
965 -0.295860 
966 -1.997496 
967 -0.441561 
968 -1.178135 
969 -1.386113 
970 -2.063929 
971 -0.373527 
972 2.588395 
973 -0.427897 
974 -1.969253 
975 -0.425032 
976 1.681124 
977 -0.748290 
978 -1.886965 
979 -0.622806 
980 -2.965926 
981 -0.154802 
982 -0.377191 
983 -1.001277 
984 -0.022108 
985 -3.028818 
986 -0.013998 
987 -0.859891 
988 2.360055 
989 -0.198703 
990 -1.028843 
991 -1.083715 
992 -1.082720 
993 1.188219 
994 -1.425701 
995 1.765563 
996 -0.751522 
997 -0.902333 
998 1.617688 
999 -2.309000 
1000 -1.077085 
1001 -0.302415 
1002 -1.572068 
1003 -1.837409 
1004 -1.152115 
1005 -1.708529 
1006 -0.762355 
1007 1.805687 
1008 -2.673847 
1009 0.093752 
1010 -0.740663 
1011 -0.799051 
1012 -0.923407 
1013 -1.412441 
1014 -2.122634 
1015 -0.433813 
1016 -0.569278 
1017 -1.875850 
1018 -1.429730 
1019 -1.012284 
1020 -0.278866 
1021 -0.874634 
1022 1.694991 
1023 -1.775646 
1024 -1.956840 
1025 -1.093562 
1026 1.807662 
1027 1.505309 
1028 -1.176570 
1029 -0.753268 
1030 1.729345 
1031 -1.382615 
1032 1.985949 
1033 -0.405460 
1034 -0.432232 
1035 1.994402 
1036 1.834318 
1037 -2.267093 
1038 -0.997102 
1039 -0.986595 
1040 -1.654284 
1041 -1.006950 
1042 -1.733505 
1043 0.335215 
1044 -2.257020 
1045 -1.241098 
1046 -0.231700 
1047 -0.541685 
1048 1.404658 
1049 -2.393835 
1050 -0.271532 
1051 2.222201 
1052 1.733093 
1053 -1.893583 
1054 -0.032944 
1055 1.633878 
1056 -1.162063 
1057 2.184283 
1058 -1.200224 
1059 -0.638059 
1060 1.909062 
1061 -0.158814 
1062 -1.396876 
1063 -1.534783 
1064 1.321468 
1065 -2.265350 
1066 -1.129742 
1067 -0.433984 
1068 -1.865362 
1069 -1.081946 
1070 -0.281502 
1071 2.134642 
1072 -0.619645 
1073 -2.052183 
1074 -1.843507 
1075 0.825237 
1076 -1.033262 
1077 -2.204557 
1078 -0.418641 
1079 -0.340293 
1080 -1.659235 
1081 -1.429595 
1082 -1.061657 
1083 -0.853652 
1084 -0.162514 
1085 -2.053181 
1086 -0.836163 
1087 1.690506 
1088 2.049661 
1089 0.024289 
1090 -0.885350 
1091 -1.595424 
1092 2.512834 
1093 -0.195871 
1094 -1.337152 
1095 -1.065532 
1096 -0.279680 
1097 -1.790252 
1098 1.342014 
1099 -1.922992 
1100 -0.877118 
1101 -0.655198 
1102 -2.908831 
1103 -0.143223 
1104 -0.685017 
1105 2.221764 
1106 -1.889562 
1107 -0.181928 
1108 1.659386 
1109 -0.370219 
1110 -2.053267 
1111 -1.059323 
1112 -1.005210 
1113 -0.526982 
1114 -1.725226 
1115 -1.724038 
1116 -0.983301 
1117 -1.037297 
1118 -1.229033 
1119 1.872082 
1120 -0.104869 
1121 -0.495619 
1122 -0.376352 
1123 -3.183511 
1124 1.827152 
1125 0.470650 
1126 3.793809 
1127 0.291063 
1128 -0.204298 
1129 -1.244805 
1130 -1.637588 
1131 2.178154 
1132 -1.642023 
1133 -2.180075 
1134 -0.709245 
1135 -0.221841 
1136 -2.014152 
1137 -1.922128 
1138 -0.108839 
1139 -0.469286 
1140 1.008393 
1141 1.672027 
1142 1.924529 
1143 -1.668913 
1144 -0.192887 
1145 -1.074662 
1146 2.112185 
1147 1.910047 
1148 -1.358798 
1149 -1.443226 
1150 -0.827752 
1151 -1.296986 
1152 -0.968653 
1153 -1.338236 
1154 0.456512 
1155 2.464850 
1156 -0.183995 
1157 -2.279178 
1158 0.111599 
1159 -1.614931 
1160 -1.443582 
1161 2.270059 
1162 0.019342 
1163 -1.321451 
1164 -0.374528 
1165 1.956738 
1166 0.015567 
1167 -2.494616 
1168 -1.178267 
1169 -1.269295 
1170 -1.301846 
1171 -0.609813 
1172 -1.135769 
1173 -1.046809 
1174 1.580137 
1175 -1.495145 
1176 2.182176 
1177 -1.214073 
1178 -1.214550 
1179 -0.657435 
1180 2.009546 
1181 2.073711 
1182 -1.128391 
1183 -1.370577 
1184 -1.511234 
1185 2.027105 
1186 -0.468767 
1187 -1.142484 
1188 -0.624468 
1189 1.929918 
1190 -1.197726 
1191 -1.474951 
1192 2.996670 
1193 0.779456 
1194 -0.372442 
1195 -0.095827 
1196 -1.014632 
1197 -1.111213 
1198 -0.655469 
1199 2.380277 
1200 1.683936 
1201 -1.909012 
1202 -0.331935 
1203 -1.035928 
1204 1.680289 
1205 1.520349 
1206 -1.746689 
1207 -1.301522 
1208 -0.218171 
1209 -1.837275 
1210 -1.392131 
1211 -1.040549 
1212 -1.829238 
1213 1.693082 
1214 -1.374374 
1215 -0.368716 
1216 -0.817602 
1217 1.973004 
1218 0.542671 
1219 -1.885821 
1220 -0.621705 
1221 -1.615710 
1222 -1.063411 
1223 -1.762180 
1224 -1.685259 
1225 -1.732792 
1226 -1.052626 
1227 0.973431 
1228 -0.875163 
1229 -0.464095 
1230 -2.290206 
1231 -1.366994 
1232 -0.502273 
1233 -2.478431 
1234 -0.697772 
1235 -0.285458 
1236 1.777420 
1237 1.796643 
1238 -0.262660 
1239 -0.866783 
1240 -1.643692 
1241 -0.103326 
1242 -1.473330 
1243 -1.524024 
1244 -2.031129 
1245 -2.142140 
1246 -0.333980 
1247 -0.079781 
1248 -1.283170 
1249 0.169094 
1250 -2.050108 
1251 -0.655169 
1252 0.026547 
1253 -1.413164 
1254 -1.338695 
1255 -1.900390 
1256 2.696135 
1257 -0.315810 
1258 -0.410135 
1259 -1.268384 
1260 -1.374818 
1261 -1.310875 
1262 -1.136954 
1263 -1.079269 
1264 -2.300410 
1265 -0.927656 
1266 -0.365134 
1267 -1.276558 
1268 1.665973 
1269 -1.729245 
1270 -1.275578 
1271 -0.701298 
1272 -3.007069 
1273 -0.653006 
1274 -0.307859 
1275 -0.526533 
1276 -1.331582 
1277 -1.407892 
1278 -1.860142 
1279 0.164485 
1280 -0.628838 
1281 -1.373958 
1282 2.021569 
1283 -2.024559 
1284 1.816020 
1285 -0.933099 
1286 -0.511090 
1287 1.707358 
1288 2.470262 
1289 -1.077356 
1290 -1.315374 
1291 1.565675 
1292 -2.059473 
1293 -1.446931 
1294 1.798930 
1295 0.588464 
1296 -1.410953 
1297 -1.487838 
1298 1.563061 
1299 -0.953146 
1300 -0.007187 
1301 -1.980375 
1302 2.012802 
1303 -0.367344 
1304 -1.829180 
1305 0.214880 
1306 -1.652067 
1307 -1.449499 
1308 -0.983074 
1309 -1.805515 
1310 -0.692764 
1311 1.730781 
1312 -1.652765 
1313 -0.754895 
1314 2.274615 
1315 2.300253 
1316 -0.907122 
1317 -0.866704 
1318 -1.600778 
1319 1.989602 
1320 -0.814410 
1321 1.532551 
1322 -1.048897 
1323 2.394935 
1324 -2.272229 
1325 0.139622 
1326 -1.342727 
1327 -0.343427 
1328 -1.569486 
1329 -0.820195 
1330 -1.663852 
1331 -1.188789 
1332 1.616864 
1333 -0.764694 
1334 1.535619 
1335 -1.509844 
1336 -1.774742 
1337 1.686421 
1338 -1.498562 
1339 0.546496 
1340 -0.350504 
1341 2.331789 
1342 1.286519 
1343 -0.826271 
1344 0.119855 
1345 -1.145107 
1346 -1.585469 
1347 1.944255 
1348 2.649736 
1349 -0.667013 
1350 -1.259017 
1351 -0.564270 
1352 -1.228471 
1353 -1.365121 
1354 2.059961 
1355 -0.267537 
1356 -2.119746 
1357 -0.741491 
1358 -1.886418 
1359 0.572657 
1360 -0.718794 
1361 -1.441540 
1362 1.362189 
1363 -1.422022 
1364 2.025870 
1365 2.318421 
1366 -0.614532 
1367 -0.237645 
1368 -1.255891 
1369 1.398262 
1370 1.905171 
1371 -1.212359 
1372 -0.868056 
1373 1.923041 
1374 -1.155504 
1375 -1.333236 
1376 1.694853 
1377 2.036893 
1378 -0.171588 
1379 -1.119193 
1380 -0.761837 
1381 -1.471285 
1382 1.582770 
1383 -1.413432 
1384 -0.044155 
1385 -1.305205 
1386 2.334411 
1387 -1.214431 
1388 0.003999 
1389 -1.871733 
1390 -1.417849 
1391 1.888069 
1392 -0.067948 
1393 -1.558701 
1394 -1.393255 
1395 -1.621678 
1396 2.244588 
1397 -1.341573 
1398 -0.317011 
1399 1.348025 
1400 -1.169064 
1401 -0.476925 
1402 -2.677377 
1403 -0.489021 
1404 -0.540991 
1405 0.131706 
1406 2.881344 
1407 -0.534864 
1408 -1.139826 
1409 -2.350652 
1410 -0.982145 
1411 -0.341668 
1412 -1.297364 
1413 1.761766 
1414 -0.678939 
1415 1.649379 
1416 -0.151439 
1417 -1.767217 
1418 -1.018117 
1419 2.023297 
1420 -1.002262 
1421 -1.855219 
1422 -1.527455 
1423 -0.470544 
1424 -1.091548 
1425 -1.713516 
1426 0.990511 
1427 -1.834725 
1428 -0.866713 
1429 1.948769 
1430 -1.831967 
1431 -1.256937 
1432 -1.218537 
1433 -1.100875 
1434 1.799673 
1435 1.594292 
1436 -0.889383 
1437 -1.094611 
1438 -1.272341 
1439 1.524716 
1440 0.089547 
1441 2.307256 
1442 -0.531420 
1443 -1.437502 
1444 -1.043042 
1445 -1.343848 
1446 2.222054 
1447 -0.708530 
1448 2.415449 
1449 -1.406751 
1450 -0.696571 
1451 -0.118965 
1452 -0.866860 
1453 1.486358 
1454 1.585599 
1455 -1.823375 
1456 -0.660999 
1457 -1.470584 
1458 1.810566 
1459 1.606118 
1460 -1.657132 
1461 -1.106933 
1462 -1.065656 
1463 -1.786884 
1464 -0.533435 
1465 -1.343219 
1466 -1.538115 
1467 -1.672066 
1468 0.309543 
1469 -2.611406 
1470 -0.333229 
1471 2.082300 
1472 -2.152843 
1473 -0.785600 
1474 1.945166 
1475 1.869384 
1476 -1.217620 
1477 2.402727 
1478 -1.277650 
1479 -0.569574 
1480 -0.912972 
1481 2.257619 
1482 0.073975 
1483 -1.251017 
1484 -1.490555 
1485 2.103066 
1486 -1.226679 
1487 0.211419 
1488 -1.893257 
1489 -1.742911 
1490 0.239277 
1491 -1.114405 
1492 -1.974370 
1493 -0.986930 
1494 -0.566093 
1495 -0.400394 
1496 1.898451 
1497 -0.191047 
1498 -1.463525 
1499 1.857925 
1500 -1.763848 
1501 -1.931100 
1502 -0.551479 
1503 -0.133193 
1504 -2.272788 
1505 -0.055115 
1506 2.134879 
1507 -0.039857 
1508 -0.849486 
1509 -1.438703 
1510 -1.563823 
1511 -0.794786 
1512 -1.328063 
1513 1.405652 
1514 -1.379837 
1515 -1.246503 
1516 -1.853346 
1517 -1.897652 
