2642 1
0 0.311442 
1 0.263103 
2 -0.344306 
3 -0.322500 
4 -0.344306 
5 -0.200123 
6 0.311442 
7 0.311442 
8 -0.200123 
9 -0.344306 
10 -0.344306 
11 -0.344306 
12 -0.378862 
13 0.311442 
14 0.311442 
15 0.123804 
16 0.263103 
17 -0.378862 
18 -0.378862 
19 -0.378862 
20 0.263103 
21 0.263103 
22 -0.378862 
23 0.263103 
24 0.038696 
25 0.038696 
26 0.038696 
27 0.489024 
28 0.489024 
29 0.489024 
30 0.489024 
31 0.263103 
32 0.123804 
33 0.123804 
34 0.123804 
35 0.489024 
36 0.489024 
37 0.489024 
38 0.489024 
39 0.191450 
40 -0.344306 
41 0.263103 
42 0.398661 
43 -0.036084 
44 -0.378862 
45 -0.344306 
46 -0.344306 
47 0.489024 
48 0.489024 
49 0.385365 
50 0.385365 
51 0.398661 
52 0.263103 
53 0.398661 
54 0.398661 
55 0.191450 
56 -0.036084 
57 -0.036084 
58 -0.378862 
59 0.398661 
60 0.191450 
61 0.272107 
62 0.191450 
63 0.191450 
64 0.123804 
65 -0.194155 
66 -0.378862 
67 0.272107 
68 0.191450 
69 -0.036084 
70 0.263103 
71 0.191450 
72 0.058873 
73 0.191450 
74 -0.194155 
75 -0.036084 
76 -0.036084 
77 -0.036084 
78 -0.194155 
79 -0.036084 
80 -0.036084 
81 -0.036084 
82 -0.194155 
83 0.326921 
84 -0.270873 
85 0.407279 
86 0.058873 
87 0.407279 
88 -0.036084 
89 0.272107 
90 -0.036084 
91 -0.270873 
92 0.191450 
93 -0.270873 
94 -0.036084 
95 0.326921 
96 0.407279 
97 -0.057212 
98 -0.036084 
99 0.224846 
100 -0.270873 
101 0.407279 
102 0.489024 
103 0.489024 
104 0.489024 
105 0.489024 
106 0.489024 
107 0.342190 
108 0.407279 
109 0.342190 
110 0.342190 
111 0.342190 
112 0.342190 
113 0.342190 
114 0.342190 
115 0.407279 
116 -0.139458 
117 -0.057212 
118 -0.057212 
119 0.123804 
120 0.385365 
121 -0.487548 
122 0.489024 
123 0.263103 
124 0.123804 
125 0.489024 
126 0.398661 
127 0.398661 
128 0.398661 
129 0.123804 
130 0.398661 
131 0.123804 
132 0.398661 
133 -0.487548 
134 -0.487548 
135 -0.487548 
136 0.407279 
137 0.191450 
138 0.191450 
139 0.123804 
140 -0.487548 
141 0.224846 
142 0.263103 
143 0.489024 
144 0.123804 
145 -0.213040 
146 0.058873 
147 0.489024 
148 -0.036084 
149 0.263103 
150 -0.036084 
151 0.224846 
152 0.224846 
153 -0.215476 
154 -0.057212 
155 -0.194155 
156 -0.215476 
157 0.272107 
158 0.398661 
159 0.263103 
160 -0.008307 
161 -0.008307 
162 -0.008307 
163 0.191450 
164 0.224846 
165 -0.008307 
166 0.272107 
167 -0.139458 
168 -0.270873 
169 -0.322500 
170 -0.139458 
171 -0.263827 
172 -0.270873 
173 0.381509 
174 0.272107 
175 -0.155559 
176 -0.155559 
177 -0.155559 
178 -0.155559 
179 0.381509 
180 -0.155559 
181 0.058873 
182 0.058873 
183 0.058873 
184 -0.139458 
185 0.381509 
186 0.058873 
187 0.398661 
188 -0.263827 
189 -0.215476 
190 0.003041 
191 -0.322500 
192 -0.322500 
193 0.126685 
194 -0.139458 
195 0.122000 
196 0.244684 
197 -0.036084 
198 0.191450 
199 0.058873 
200 -0.163424 
201 0.381509 
202 -0.163424 
203 -0.163424 
204 0.360364 
205 0.003041 
206 -0.163424 
207 -0.163424 
208 -0.322500 
209 -0.263827 
210 0.093785 
211 -0.200123 
212 -0.200123 
213 0.082654 
214 0.082654 
215 0.093785 
216 0.082654 
217 0.311442 
218 -0.487548 
219 0.122000 
220 -0.285682 
221 -0.378862 
222 0.038696 
223 -0.378862 
224 -0.139458 
225 0.311442 
226 0.311442 
227 0.311442 
228 0.311442 
229 0.360364 
230 0.360364 
231 0.311442 
232 0.122000 
233 -0.487548 
234 -0.285682 
235 -0.458690 
236 0.054870 
237 0.082654 
238 0.082654 
239 -0.458690 
240 0.082654 
241 -0.349454 
242 -0.285682 
243 -0.285682 
244 -0.344306 
245 -0.344306 
246 -0.344306 
247 -0.344306 
248 -0.344306 
249 -0.344306 
250 -0.458690 
251 -0.215476 
252 -0.307142 
253 -0.344306 
254 -0.344306 
255 -0.458690 
256 -0.458690 
257 -0.081251 
258 -0.307142 
259 -0.307142 
260 -0.307142 
261 -0.081251 
262 -0.465140 
263 -0.465140 
264 0.360364 
265 -0.081251 
266 -0.139458 
267 -0.139458 
268 -0.349454 
269 -0.008307 
270 -0.213040 
271 -0.307142 
272 0.244684 
273 -0.378862 
274 -0.378862 
275 -0.378862 
276 -0.378862 
277 -0.213040 
278 -0.314588 
279 -0.200123 
280 0.038696 
281 0.038696 
282 0.038696 
283 0.385365 
284 -0.155559 
285 -0.314588 
286 0.407279 
287 -0.314588 
288 -0.314588 
289 0.407279 
290 0.326921 
291 -0.307142 
292 0.407279 
293 -0.344306 
294 -0.465140 
295 -0.307142 
296 -0.307142 
297 0.342190 
298 -0.465140 
299 0.326921 
300 0.385365 
301 0.385365 
302 -0.081251 
303 -0.458690 
304 -0.081251 
305 0.224846 
306 0.326921 
307 -0.458690 
308 -0.458690 
309 -0.458690 
310 -0.458690 
311 -0.458690 
312 -0.314588 
313 -0.213040 
314 0.385365 
315 -0.487548 
316 -0.487548 
317 0.326921 
318 0.326921 
319 0.407279 
320 -0.458690 
321 -0.487548 
322 -0.458690 
323 -0.307142 
324 0.224846 
325 0.224846 
326 -0.487548 
327 -0.008307 
328 0.224846 
329 -0.465140 
330 -0.307142 
331 -0.307142 
332 -0.215476 
333 -0.487548 
334 -0.155559 
335 -0.487548 
336 -0.155559 
337 -0.155559 
338 -0.263827 
339 0.003041 
340 -0.465140 
341 -0.200123 
342 -0.200123 
343 -0.465140 
344 -0.045324 
345 -0.045324 
346 -0.215476 
347 0.070124 
348 0.070124 
349 -0.155559 
350 -0.349454 
351 -0.349454 
352 -0.045324 
353 -0.200123 
354 0.311442 
355 -0.234082 
356 -0.344306 
357 -0.213040 
358 -0.213040 
359 -0.314588 
360 0.311442 
361 0.311442 
362 -0.344306 
363 0.311442 
364 -0.344306 
365 -0.344306 
366 -0.344306 
367 0.342190 
368 0.342190 
369 0.407279 
370 0.407279 
371 0.407279 
372 0.407279 
373 0.365186 
374 -0.263827 
375 0.407279 
376 0.407279 
377 0.407279 
378 0.342190 
379 0.174479 
380 -0.378862 
381 0.342190 
382 0.342190 
383 0.342190 
384 0.342190 
385 0.174479 
386 0.342190 
387 -0.045324 
388 0.174479 
389 0.174479 
390 -0.045324 
391 0.038696 
392 0.038696 
393 0.038696 
394 -0.234082 
395 0.342190 
396 0.038696 
397 0.038696 
398 -0.378862 
399 -0.394380 
400 0.342190 
401 -0.394380 
402 -0.394380 
403 -0.394380 
404 -0.394380 
405 0.385365 
406 0.038696 
407 -0.394380 
408 -0.234082 
409 0.365186 
410 -0.244899 
411 0.342190 
412 0.385365 
413 0.385365 
414 0.224846 
415 0.385365 
416 0.342190 
417 0.243430 
418 0.243430 
419 -0.264127 
420 0.243430 
421 -0.234082 
422 0.243430 
423 -0.264127 
424 0.243430 
425 -0.394380 
426 -0.244899 
427 -0.244899 
428 -0.244899 
429 -0.244899 
430 0.126685 
431 -0.190636 
432 -0.244899 
433 -0.045324 
434 -0.244899 
435 -0.264127 
436 -0.244899 
437 -0.244899 
438 -0.244899 
439 -0.244899 
440 -0.244899 
441 0.365186 
442 -0.244899 
443 -0.139458 
444 -0.394380 
445 -0.244899 
446 -0.244899 
447 -0.244899 
448 -0.244899 
449 0.224846 
450 0.231406 
451 0.231406 
452 0.231406 
453 0.231406 
454 0.231406 
455 0.231406 
456 0.231406 
457 0.224846 
458 0.122000 
459 0.231406 
460 -0.264127 
461 -0.045324 
462 -0.394380 
463 -0.045324 
464 -0.394380 
465 0.054870 
466 -0.264127 
467 -0.264127 
468 -0.465140 
469 0.003041 
470 -0.264127 
471 -0.264127 
472 -0.264127 
473 -0.264127 
474 -0.264127 
475 -0.377523 
476 -0.264127 
477 -0.377523 
478 -0.264127 
479 -0.377523 
480 -0.377523 
481 -0.377523 
482 -0.377523 
483 -0.377523 
484 -0.264127 
485 -0.377523 
486 -0.377523 
487 -0.377523 
488 -0.377523 
489 -0.377523 
490 -0.377523 
491 0.174479 
492 0.243430 
493 0.174479 
494 -0.190636 
495 -0.190636 
496 0.174479 
497 0.243430 
498 0.243430 
499 0.231406 
500 0.174479 
501 -0.234082 
502 -0.190636 
503 0.231406 
504 0.070124 
505 0.243430 
506 0.243430 
507 0.365186 
508 0.054870 
509 0.243430 
510 0.243430 
511 0.243430 
512 -0.045324 
513 -0.045324 
514 -0.394380 
515 0.243430 
516 -0.234082 
517 0.365186 
518 0.365186 
519 0.365186 
520 -0.234082 
521 0.365186 
522 -0.045324 
523 -0.394380 
524 0.054870 
525 -0.045324 
526 -0.045324 
527 -0.372997 
528 0.365186 
529 -0.190636 
530 0.231406 
531 -0.234082 
532 0.365186 
533 -0.377523 
534 0.231406 
535 0.070124 
536 -0.285682 
537 -0.190636 
538 0.093785 
539 0.457317 
540 0.093785 
541 0.457317 
542 0.457317 
543 0.457317 
544 0.457317 
545 0.093785 
546 0.457317 
547 0.070124 
548 -0.285682 
549 -0.285682 
550 -0.285682 
551 0.231406 
552 -0.264127 
553 0.070124 
554 0.070124 
555 -0.285682 
556 0.070124 
557 0.243430 
558 -0.190636 
559 0.054870 
560 0.243430 
561 0.243430 
562 0.243430 
563 0.231406 
564 0.216724 
565 0.216724 
566 0.231406 
567 0.097041 
568 0.054870 
569 0.231406 
570 0.054870 
571 0.054870 
572 0.054870 
573 -0.067526 
574 -0.372997 
575 -0.372997 
576 0.097041 
577 0.070124 
578 0.070124 
579 -0.221902 
580 0.231406 
581 0.070124 
582 0.070124 
583 0.231406 
584 0.231406 
585 -0.045324 
586 0.457317 
587 0.457317 
588 -0.045324 
589 0.457317 
590 0.457317 
591 0.457317 
592 -0.264127 
593 -0.394380 
594 -0.045324 
595 -0.264127 
596 -0.244899 
597 -0.045324 
598 -0.244899 
599 -0.264127 
600 -0.264127 
601 -0.244899 
602 -0.264127 
603 -0.394380 
604 -0.264127 
605 0.097041 
606 -0.221902 
607 -0.221902 
608 0.457317 
609 0.097041 
610 -0.394380 
611 -0.057212 
612 -0.057212 
613 -0.394380 
614 -0.057212 
615 -0.377523 
616 -0.377523 
617 -0.057212 
618 -0.057212 
619 -0.057212 
620 -0.057212 
621 -0.057212 
622 -0.377523 
623 -0.234082 
624 -0.234082 
625 -0.067526 
626 -0.005793 
627 -0.057212 
628 -0.005793 
629 -0.057212 
630 -0.005793 
631 -0.377523 
632 -0.377523 
633 -0.005793 
634 -0.005793 
635 0.216724 
636 -0.005793 
637 0.224846 
638 0.216724 
639 0.216724 
640 0.216724 
641 0.226671 
642 0.226671 
643 0.216724 
644 0.226671 
645 0.226671 
646 0.226671 
647 0.058873 
648 -0.372997 
649 -0.372997 
650 -0.372997 
651 0.216724 
652 -0.372997 
653 -0.372997 
654 -0.372997 
655 0.216724 
656 0.216724 
657 -0.155559 
658 0.457317 
659 0.097041 
660 0.224846 
661 0.381509 
662 0.381509 
663 0.381509 
664 0.097041 
665 0.381509 
666 0.224846 
667 0.216724 
668 0.224846 
669 0.224846 
670 0.226671 
671 0.226671 
672 -0.067526 
673 0.097041 
674 -0.067526 
675 -0.263827 
676 -0.263827 
677 -0.155559 
678 -0.244899 
679 -0.155559 
680 0.457317 
681 -0.008307 
682 -0.155559 
683 0.058873 
684 0.058873 
685 -0.263827 
686 -0.263827 
687 0.058873 
688 -0.263827 
689 0.058873 
690 0.226671 
691 -0.263827 
692 0.457317 
693 0.058873 
694 0.058873 
695 0.381509 
696 0.381509 
697 -0.263827 
698 0.381509 
699 0.381509 
700 0.381509 
701 0.381509 
702 0.381509 
703 -0.215476 
704 -0.200123 
705 0.003041 
706 -0.215476 
707 -0.036084 
708 -0.215476 
709 -0.200123 
710 -0.200123 
711 -0.215476 
712 -0.215476 
713 -0.036084 
714 -0.200123 
715 -0.200123 
716 -0.215476 
717 -0.200123 
718 -0.322500 
719 -0.322500 
720 -0.215476 
721 0.126685 
722 0.082654 
723 0.311442 
724 -0.008307 
725 -0.008307 
726 0.126685 
727 0.381509 
728 -0.322500 
729 -0.344306 
730 0.381509 
731 -0.221902 
732 -0.344306 
733 -0.322500 
734 -0.221902 
735 0.381509 
736 0.126685 
737 0.126685 
738 0.126685 
739 0.381509 
740 0.126685 
741 0.126685 
742 -0.322500 
743 0.126685 
744 -0.322500 
745 0.058873 
746 -0.322500 
747 -0.314588 
748 -0.322500 
749 0.058873 
750 -0.322500 
751 -0.163424 
752 -0.314588 
753 -0.344306 
754 0.407279 
755 0.122000 
756 0.407279 
757 0.407279 
758 0.407279 
759 -0.314588 
760 0.407279 
761 0.407279 
762 0.342190 
763 0.342190 
764 -0.139458 
765 0.122000 
766 -0.139458 
767 -0.139458 
768 -0.314588 
769 -0.139458 
770 -0.139458 
771 -0.139458 
772 -0.139458 
773 -0.139458 
774 -0.139458 
775 -0.139458 
776 -0.139458 
777 -0.139458 
778 -0.139458 
779 0.122000 
780 0.122000 
781 0.244684 
782 0.191450 
783 0.088593 
784 0.082654 
785 -0.221902 
786 0.046516 
787 -0.163424 
788 0.122000 
789 0.342190 
790 0.360364 
791 -0.163424 
792 0.326921 
793 0.082654 
794 0.046516 
795 -0.344306 
796 0.088593 
797 0.088593 
798 0.088593 
799 0.360364 
800 0.360364 
801 0.360364 
802 0.360364 
803 0.360364 
804 0.360364 
805 0.082654 
806 -0.291496 
807 -0.005793 
808 -0.163424 
809 0.360364 
810 0.360364 
811 -0.291496 
812 0.046516 
813 0.088593 
814 0.046516 
815 -0.221902 
816 0.088593 
817 0.088593 
818 0.046516 
819 0.046516 
820 0.191450 
821 -0.291496 
822 -0.291496 
823 0.360364 
824 0.046516 
825 0.088593 
826 0.088593 
827 0.088593 
828 -0.221902 
829 0.088593 
830 0.088593 
831 0.088593 
832 -0.057212 
833 -0.291496 
834 0.088593 
835 0.088593 
836 0.088593 
837 0.088593 
838 -0.291496 
839 -0.221902 
840 -0.291496 
841 -0.067526 
842 -0.057212 
843 -0.155559 
844 -0.067526 
845 -0.155559 
846 -0.155559 
847 -0.221902 
848 -0.067526 
849 -0.155559 
850 -0.155559 
851 -0.005793 
852 -0.067526 
853 -0.067526 
854 -0.005793 
855 -0.487548 
856 0.054870 
857 0.054870 
858 0.326921 
859 -0.221902 
860 -0.005793 
861 0.326921 
862 -0.221902 
863 -0.221902 
864 -0.036084 
865 0.191450 
866 -0.005793 
867 -0.067526 
868 0.398661 
869 0.398661 
870 -0.008307 
871 -0.194155 
872 -0.221902 
873 0.191450 
874 -0.221902 
875 0.272107 
876 0.326921 
877 0.191450 
878 0.326921 
879 -0.221902 
880 0.326921 
881 0.272107 
882 -0.008307 
883 -0.487548 
884 -0.008307 
885 -0.270873 
886 -0.155559 
887 0.088593 
888 0.272107 
889 -0.155559 
890 -0.036084 
891 0.398661 
892 0.326921 
893 0.088593 
894 -0.194155 
895 0.272107 
896 -0.270873 
897 0.272107 
898 -0.270873 
899 -0.344306 
900 0.326921 
901 0.326921 
902 -0.487548 
903 -0.008307 
904 0.224846 
905 -0.194155 
906 -0.155559 
907 -0.487548 
908 -0.008307 
909 -0.155559 
910 -0.067526 
911 -0.344306 
912 -0.155559 
913 -0.067526 
914 -0.487548 
915 -0.155559 
916 -0.155559 
917 -0.263827 
918 0.003041 
919 -0.263827 
920 0.398661 
921 0.224846 
922 -0.155559 
923 0.224846 
924 -0.263827 
925 0.038696 
926 0.003041 
927 -0.263827 
928 0.224846 
929 0.003041 
930 0.272107 
931 -0.200123 
932 0.272107 
933 0.385365 
934 -0.200123 
935 -0.200123 
936 0.311442 
937 0.311442 
938 0.272107 
939 0.311442 
940 -0.344306 
941 0.038696 
942 -0.344306 
943 0.311442 
944 -0.344306 
945 -0.344306 
946 -0.344306 
947 -0.057212 
948 -0.378862 
949 -0.378862 
950 -0.378862 
951 -0.378862 
952 -0.200123 
953 -0.200123 
954 -0.008307 
955 -0.200123 
956 -0.200123 
957 -0.200123 
958 -0.155559 
959 -0.057212 
960 0.038696 
961 -0.190636 
962 0.385365 
963 0.385365 
964 0.272107 
965 -0.081251 
966 0.385365 
967 -0.458690 
968 0.385365 
969 -0.307142 
970 -0.307142 
971 -0.155559 
972 -0.344306 
973 -0.349454 
974 -0.155559 
975 0.385365 
976 0.385365 
977 0.385365 
978 0.398661 
979 -0.344306 
980 -0.344306 
981 -0.081251 
982 -0.458690 
983 -0.081251 
984 -0.307142 
985 -0.307142 
986 0.224846 
987 -0.200123 
988 -0.081251 
989 -0.081251 
990 -0.081251 
991 0.311442 
992 -0.307142 
993 -0.081251 
994 0.174479 
995 -0.349454 
996 -0.307142 
997 -0.081251 
998 -0.465140 
999 -0.465140 
1000 -0.465140 
1001 -0.465140 
1002 -0.465140 
1003 0.174479 
1004 0.174479 
1005 -0.081251 
1006 -0.349454 
1007 -0.458690 
1008 -0.213040 
1009 -0.057212 
1010 -0.307142 
1011 -0.008307 
1012 -0.307142 
1013 0.038696 
1014 -0.307142 
1015 0.243430 
1016 -0.394380 
1017 -0.394380 
1018 -0.307142 
1019 0.224846 
1020 0.224846 
1021 -0.307142 
1022 -0.008307 
1023 -0.155559 
1024 -0.155559 
1025 -0.008307 
1026 -0.008307 
1027 -0.155559 
1028 -0.045324 
1029 -0.263827 
1030 -0.200123 
1031 -0.263827 
1032 -0.200123 
1033 -0.200123 
1034 -0.057212 
1035 -0.263827 
1036 -0.458690 
1037 -0.263827 
1038 -0.200123 
1039 -0.067526 
1040 0.003041 
1041 -0.067526 
1042 0.224846 
1043 -0.081251 
1044 -0.263827 
1045 0.003041 
1046 0.224846 
1047 -0.008307 
1048 0.003041 
1049 -0.344306 
1050 -0.263827 
1051 -0.465140 
1052 0.311442 
1053 0.311442 
1054 -0.163424 
1055 -0.263827 
1056 -0.394380 
1057 -0.263827 
1058 0.244684 
1059 0.311442 
1060 -0.307142 
1061 -0.200123 
1062 0.003041 
1063 0.311442 
1064 0.311442 
1065 -0.263827 
1066 0.311442 
1067 -0.263827 
1068 0.311442 
1069 0.311442 
1070 0.038696 
1071 -0.200123 
1072 -0.465140 
1073 -0.465140 
1074 -0.465140 
1075 -0.008307 
1076 0.311442 
1077 -0.263827 
1078 -0.344306 
1079 -0.244899 
1080 -0.200123 
1081 -0.244899 
1082 -0.378862 
1083 -0.244899 
1084 -0.244899 
1085 -0.244899 
1086 -0.008307 
1087 -0.244899 
1088 0.224846 
1089 -0.378862 
1090 -0.005793 
1091 -0.349454 
1092 0.311442 
1093 0.311442 
1094 -0.264127 
1095 -0.244899 
1096 -0.163424 
1097 0.088593 
1098 -0.291496 
1099 -0.291496 
1100 -0.349454 
1101 -0.200123 
1102 -0.291496 
1103 -0.081251 
1104 -0.291496 
1105 -0.291496 
1106 -0.264127 
1107 -0.291496 
1108 -0.378862 
1109 0.038696 
1110 0.038696 
1111 0.038696 
1112 0.038696 
1113 -0.458690 
1114 0.038696 
1115 0.038696 
1116 -0.379006 
1117 0.385365 
1118 0.385365 
1119 -0.344306 
1120 -0.221902 
1121 0.046516 
1122 0.046516 
1123 -0.221902 
1124 -0.221902 
1125 -0.458690 
1126 0.046516 
1127 -0.458690 
1128 -0.213040 
1129 0.385365 
1130 0.385365 
1131 -0.344306 
1132 -0.465140 
1133 -0.458690 
1134 0.385365 
1135 0.385365 
1136 0.360364 
1137 0.046516 
1138 0.385365 
1139 -0.081251 
1140 -0.263827 
1141 -0.081251 
1142 0.385365 
1143 -0.349454 
1144 -0.163424 
1145 0.360364 
1146 -0.213040 
1147 -0.307142 
1148 -0.307142 
1149 -0.213040 
1150 0.326921 
1151 -0.465140 
1152 -0.349454 
1153 -0.349454 
1154 0.407279 
1155 -0.213040 
1156 -0.349454 
1157 -0.465140 
1158 0.216724 
1159 -0.213040 
1160 0.360364 
1161 -0.213040 
1162 -0.081251 
1163 -0.081251 
1164 -0.314588 
1165 -0.163424 
1166 0.360364 
1167 -0.314588 
1168 -0.213040 
1169 -0.465140 
1170 -0.314588 
1171 0.216724 
1172 -0.465140 
1173 -0.465140 
1174 -0.458690 
1175 -0.458690 
1176 -0.465140 
1177 -0.314588 
1178 0.407279 
1179 -0.213040 
1180 0.342190 
1181 0.342190 
1182 0.082654 
1183 0.046516 
1184 -0.213040 
1185 0.038696 
1186 0.407279 
1187 -0.270873 
1188 0.046516 
1189 0.046516 
1190 0.046516 
1191 0.046516 
1192 -0.465140 
1193 0.398661 
1194 0.191450 
1195 0.046516 
1196 0.046516 
1197 0.093785 
1198 -0.285682 
1199 -0.366225 
1200 0.082654 
1201 0.489024 
1202 -0.264127 
1203 0.046516 
1204 0.191450 
1205 0.407279 
1206 -0.366225 
1207 0.398661 
1208 -0.285682 
1209 0.342190 
1210 0.326921 
1211 0.038696 
1212 -0.270873 
1213 0.342190 
1214 0.038696 
1215 0.191450 
1216 -0.465140 
1217 0.093785 
1218 0.263103 
1219 0.342190 
1220 0.191450 
1221 -0.244899 
1222 0.046516 
1223 -0.244899 
1224 0.123804 
1225 -0.349454 
1226 0.489024 
1227 0.489024 
1228 0.489024 
1229 -0.366225 
1230 0.398661 
1231 0.263103 
1232 -0.270873 
1233 -0.200123 
1234 0.398661 
1235 -0.155559 
1236 0.398661 
1237 0.046516 
1238 0.046516 
1239 0.398661 
1240 0.191450 
1241 0.123804 
1242 0.226671 
1243 0.046516 
1244 -0.372997 
1245 0.046516 
1246 -0.366225 
1247 -0.366225 
1248 0.398661 
1249 0.398661 
1250 -0.036084 
1251 -0.366225 
1252 -0.194155 
1253 0.311442 
1254 0.263103 
1255 -0.194155 
1256 0.046516 
1257 -0.008307 
1258 0.123804 
1259 0.263103 
1260 0.263103 
1261 0.263103 
1262 0.263103 
1263 0.123804 
1264 0.123804 
1265 0.123804 
1266 0.191450 
1267 -0.270873 
1268 -0.270873 
1269 0.326921 
1270 0.326921 
1271 -0.270873 
1272 0.046516 
1273 0.263103 
1274 -0.366225 
1275 -0.263827 
1276 0.326921 
1277 0.263103 
1278 -0.155559 
1279 -0.270873 
1280 -0.487548 
1281 -0.487548 
1282 0.224846 
1283 -0.366225 
1284 -0.344306 
1285 -0.008307 
1286 -0.008307 
1287 -0.263827 
1288 -0.008307 
1289 -0.263827 
1290 -0.008307 
1291 -0.008307 
1292 -0.008307 
1293 -0.344306 
1294 0.224846 
1295 -0.344306 
1296 0.003041 
1297 0.003041 
1298 -0.263827 
1299 -0.344306 
1300 0.003041 
1301 -0.155559 
1302 -0.081251 
1303 -0.263827 
1304 -0.263827 
1305 -0.263827 
1306 -0.008307 
1307 -0.263827 
1308 0.123804 
1309 -0.487548 
1310 0.326921 
1311 0.123804 
1312 0.003041 
1313 -0.213040 
1314 -0.200123 
1315 -0.163424 
1316 -0.081251 
1317 -0.081251 
1318 -0.200123 
1319 -0.200123 
1320 -0.200123 
1321 -0.155559 
1322 -0.081251 
1323 0.311442 
1324 0.224846 
1325 -0.263827 
1326 -0.344306 
1327 -0.263827 
1328 0.489024 
1329 0.311442 
1330 0.311442 
1331 -0.263827 
1332 0.311442 
1333 0.311442 
1334 0.224846 
1335 0.489024 
1336 0.489024 
1337 0.311442 
1338 0.489024 
1339 -0.344306 
1340 -0.344306 
1341 0.224846 
1342 -0.344306 
1343 -0.378862 
1344 -0.378862 
1345 -0.378862 
1346 0.224846 
1347 -0.344306 
1348 0.038696 
1349 0.038696 
1350 -0.344306 
1351 -0.213040 
1352 -0.378862 
1353 0.224846 
1354 0.038696 
1355 -0.378862 
1356 -0.458690 
1357 0.385365 
1358 -0.378862 
1359 -0.458690 
1360 0.385365 
1361 -0.458690 
1362 -0.458690 
1363 -0.378862 
1364 0.224846 
1365 -0.378862 
1366 0.003041 
1367 0.003041 
1368 0.224846 
1369 -0.081251 
1370 -0.458690 
1371 -0.344306 
1372 0.385365 
1373 -0.081251 
1374 -0.081251 
1375 -0.081251 
1376 -0.458690 
1377 0.385365 
1378 -0.458690 
1379 0.385365 
1380 -0.344306 
1381 -0.307142 
1382 -0.465140 
1383 -0.081251 
1384 -0.291496 
1385 -0.344306 
1386 -0.081251 
1387 -0.081251 
1388 -0.465140 
1389 -0.081251 
1390 -0.344306 
1391 -0.081251 
1392 -0.081251 
1393 -0.465140 
1394 -0.081251 
1395 -0.349454 
1396 -0.081251 
1397 -0.349454 
1398 -0.349454 
1399 -0.349454 
1400 -0.307142 
1401 -0.344306 
1402 -0.465140 
1403 -0.307142 
1404 -0.057212 
1405 -0.307142 
1406 -0.465140 
1407 -0.465140 
1408 -0.349454 
1409 -0.213040 
1410 -0.344306 
1411 -0.344306 
1412 0.088593 
1413 -0.465140 
1414 -0.213040 
1415 -0.349454 
1416 -0.213040 
1417 -0.264127 
1418 0.088593 
1419 -0.465140 
1420 -0.307142 
1421 -0.264127 
1422 -0.307142 
1423 0.088593 
1424 -0.349454 
1425 -0.291496 
1426 -0.349454 
1427 -0.349454 
1428 -0.349454 
1429 -0.349454 
1430 -0.221902 
1431 -0.213040 
1432 -0.213040 
1433 0.311442 
1434 -0.213040 
1435 -0.314588 
1436 0.046516 
1437 -0.221902 
1438 -0.487548 
1439 -0.036084 
1440 0.038696 
1441 -0.314588 
1442 -0.349454 
1443 -0.314588 
1444 -0.067526 
1445 0.407279 
1446 -0.314588 
1447 -0.314588 
1448 0.342190 
1449 0.407279 
1450 0.407279 
1451 0.407279 
1452 -0.314588 
1453 0.046516 
1454 -0.067526 
1455 -0.036084 
1456 -0.270873 
1457 0.038696 
1458 0.342190 
1459 0.342190 
1460 -0.314588 
1461 0.342190 
1462 0.088593 
1463 0.046516 
1464 0.046516 
1465 0.046516 
1466 0.046516 
1467 0.342190 
1468 -0.314588 
1469 0.088593 
1470 -0.194155 
1471 0.088593 
1472 0.088593 
1473 -0.314588 
1474 -0.314588 
1475 -0.270873 
1476 -0.067526 
1477 -0.291496 
1478 0.088593 
1479 -0.067526 
1480 -0.314588 
1481 -0.036084 
1482 -0.314588 
1483 -0.291496 
1484 0.088593 
1485 -0.291496 
1486 -0.291496 
1487 -0.291496 
1488 0.088593 
1489 -0.291496 
1490 0.088593 
1491 -0.465140 
1492 0.272107 
1493 0.088593 
1494 0.326921 
1495 -0.465140 
1496 -0.291496 
1497 -0.067526 
1498 -0.291496 
1499 0.097041 
1500 0.097041 
1501 0.097041 
1502 -0.465140 
1503 0.088593 
1504 -0.067526 
1505 -0.005793 
1506 -0.291496 
1507 -0.005793 
1508 -0.005793 
1509 -0.263827 
1510 -0.221902 
1511 0.216724 
1512 -0.057212 
1513 -0.067526 
1514 -0.067526 
1515 -0.067526 
1516 -0.067526 
1517 0.088593 
1518 0.088593 
1519 0.216724 
1520 0.088593 
1521 -0.005793 
1522 0.088593 
1523 -0.221902 
1524 -0.291496 
1525 -0.263827 
1526 0.088593 
1527 -0.067526 
1528 -0.487548 
1529 -0.155559 
1530 -0.221902 
1531 -0.487548 
1532 0.326921 
1533 -0.221902 
1534 -0.379006 
1535 -0.349454 
1536 -0.221902 
1537 0.216724 
1538 0.216724 
1539 0.216724 
1540 -0.057212 
1541 -0.057212 
1542 -0.458690 
1543 -0.057212 
1544 -0.067526 
1545 -0.379006 
1546 -0.458690 
1547 0.088593 
1548 -0.005793 
1549 -0.379006 
1550 0.088593 
1551 -0.005793 
1552 0.088593 
1553 -0.005793 
1554 0.326921 
1555 -0.005793 
1556 0.088593 
1557 -0.005793 
1558 0.224846 
1559 0.224846 
1560 -0.291496 
1561 0.326921 
1562 -0.291496 
1563 0.326921 
1564 -0.291496 
1565 0.058873 
1566 -0.291496 
1567 -0.487548 
1568 -0.291496 
1569 0.216724 
1570 -0.036084 
1571 -0.270873 
1572 -0.194155 
1573 0.272107 
1574 0.272107 
1575 0.326921 
1576 -0.270873 
1577 0.381509 
1578 -0.379006 
1579 0.224846 
1580 0.326921 
1581 0.088593 
1582 0.326921 
1583 -0.487548 
1584 0.311442 
1585 -0.487548 
1586 -0.005793 
1587 0.058873 
1588 -0.487548 
1589 -0.215476 
1590 -0.458690 
1591 -0.057212 
1592 0.326921 
1593 -0.005793 
1594 -0.005793 
1595 -0.005793 
1596 0.046516 
1597 0.224846 
1598 0.326921 
1599 0.224846 
1600 -0.008307 
1601 0.224846 
1602 0.216724 
1603 0.216724 
1604 -0.263827 
1605 -0.263827 
1606 0.326921 
1607 -0.008307 
1608 0.058873 
1609 0.058873 
1610 -0.155559 
1611 -0.155559 
1612 -0.155559 
1613 0.058873 
1614 0.122000 
1615 -0.155559 
1616 0.216724 
1617 -0.263827 
1618 0.381509 
1619 0.381509 
1620 0.046516 
1621 -0.005793 
1622 -0.008307 
1623 -0.263827 
1624 -0.155559 
1625 -0.200123 
1626 -0.194155 
1627 -0.036084 
1628 -0.263827 
1629 -0.270873 
1630 -0.200123 
1631 0.046516 
1632 -0.263827 
1633 0.046516 
1634 -0.036084 
1635 -0.263827 
1636 -0.200123 
1637 -0.307142 
1638 -0.314588 
1639 0.003041 
1640 0.088593 
1641 -0.314588 
1642 0.003041 
1643 0.003041 
1644 0.003041 
1645 0.224846 
1646 0.003041 
1647 0.122000 
1648 0.122000 
1649 0.381509 
1650 -0.465140 
1651 -0.378862 
1652 0.326921 
1653 -0.200123 
1654 0.311442 
1655 -0.378862 
1656 0.311442 
1657 -0.344306 
1658 -0.378862 
1659 -0.200123 
1660 -0.200123 
1661 0.311442 
1662 -0.378862 
1663 0.311442 
1664 -0.291496 
1665 -0.008307 
1666 0.311442 
1667 0.311442 
1668 0.311442 
1669 0.311442 
1670 -0.200123 
1671 -0.200123 
1672 -0.344306 
1673 -0.155559 
1674 -0.344306 
1675 -0.378862 
1676 -0.344306 
1677 0.272107 
1678 0.046516 
1679 0.311442 
1680 0.385365 
1681 -0.378862 
1682 -0.378862 
1683 -0.378862 
1684 -0.344306 
1685 -0.200123 
1686 -0.155559 
1687 -0.291496 
1688 -0.155559 
1689 0.046516 
1690 -0.155559 
1691 0.038696 
1692 0.038696 
1693 -0.378862 
1694 -0.291496 
1695 0.326921 
1696 0.038696 
1697 0.038696 
1698 0.038696 
1699 0.038696 
1700 -0.057212 
1701 -0.067526 
1702 -0.005793 
1703 0.046516 
1704 0.385365 
1705 0.385365 
1706 0.003041 
1707 -0.081251 
1708 -0.221902 
1709 -0.221902 
1710 -0.057212 
1711 -0.067526 
1712 -0.067526 
1713 -0.349454 
1714 -0.378862 
1715 -0.005793 
1716 -0.379006 
1717 -0.379006 
1718 -0.379006 
1719 -0.458690 
1720 -0.349454 
1721 -0.270873 
1722 -0.379006 
1723 -0.379006 
1724 0.385365 
1725 -0.344306 
1726 -0.377523 
1727 -0.270873 
1728 -0.377523 
1729 -0.379006 
1730 0.216724 
1731 -0.377523 
1732 -0.200123 
1733 -0.307142 
1734 -0.458690 
1735 -0.458690 
1736 -0.458690 
1737 -0.307142 
1738 -0.081251 
1739 -0.081251 
1740 -0.081251 
1741 -0.200123 
1742 -0.458690 
1743 -0.349454 
1744 -0.307142 
1745 -0.307142 
1746 -0.200123 
1747 0.342190 
1748 -0.465140 
1749 0.342190 
1750 0.342190 
1751 -0.465140 
1752 0.342190 
1753 -0.307142 
1754 -0.465140 
1755 -0.057212 
1756 -0.213040 
1757 0.038696 
1758 -0.307142 
1759 -0.263827 
1760 0.272107 
1761 -0.270873 
1762 0.088593 
1763 -0.349454 
1764 -0.215476 
1765 -0.349454 
1766 -0.213040 
1767 -0.465140 
1768 0.342190 
1769 0.088593 
1770 -0.213040 
1771 -0.314588 
1772 -0.213040 
1773 -0.465140 
1774 -0.322500 
1775 -0.322500 
1776 -0.487548 
1777 0.407279 
1778 -0.314588 
1779 -0.213040 
1780 -0.307142 
1781 0.326921 
1782 0.326921 
1783 0.342190 
1784 0.326921 
1785 0.088593 
1786 -0.322500 
1787 0.046516 
1788 -0.487548 
1789 0.342190 
1790 0.224846 
1791 -0.139458 
1792 0.088593 
1793 0.088593 
1794 0.088593 
1795 -0.291496 
1796 -0.291496 
1797 -0.487548 
1798 0.342190 
1799 -0.291496 
1800 -0.008307 
1801 -0.487548 
1802 -0.221902 
1803 -0.487548 
1804 -0.057212 
1805 0.342190 
1806 -0.291496 
1807 -0.008307 
1808 -0.291496 
1809 -0.221902 
1810 -0.465140 
1811 -0.008307 
1812 -0.291496 
1813 -0.291496 
1814 -0.221902 
1815 -0.057212 
1816 -0.322500 
1817 -0.139458 
1818 -0.163424 
1819 0.122000 
1820 -0.215476 
1821 -0.322500 
1822 -0.322500 
1823 -0.465140 
1824 -0.465140 
1825 0.126685 
1826 0.126685 
1827 0.126685 
1828 0.126685 
1829 -0.139458 
1830 -0.139458 
1831 0.244684 
1832 -0.163424 
1833 -0.307142 
1834 0.082654 
1835 -0.465140 
1836 0.360364 
1837 0.122000 
1838 0.122000 
1839 -0.291496 
1840 -0.307142 
1841 0.272107 
1842 0.244684 
1843 -0.307142 
1844 -0.322500 
1845 0.244684 
1846 -0.465140 
1847 -0.465140 
1848 0.360364 
1849 0.360364 
1850 -0.349454 
1851 -0.291496 
1852 -0.307142 
1853 -0.067526 
1854 0.082654 
1855 -0.264127 
1856 -0.163424 
1857 0.360364 
1858 0.360364 
1859 -0.163424 
1860 -0.163424 
1861 -0.163424 
1862 -0.163424 
1863 -0.163424 
1864 0.360364 
1865 0.093785 
1866 0.082654 
1867 0.082654 
1868 -0.465140 
1869 -0.465140 
1870 -0.377523 
1871 -0.163424 
1872 0.126685 
1873 -0.285682 
1874 0.360364 
1875 -0.163424 
1876 -0.163424 
1877 -0.163424 
1878 0.093785 
1879 0.054870 
1880 0.244684 
1881 -0.067526 
1882 0.093785 
1883 -0.285682 
1884 0.054870 
1885 -0.067526 
1886 0.093785 
1887 0.054870 
1888 -0.163424 
1889 -0.139458 
1890 -0.067526 
1891 -0.045324 
1892 0.244684 
1893 -0.394380 
1894 -0.045324 
1895 -0.045324 
1896 -0.045324 
1897 0.244684 
1898 -0.213040 
1899 -0.045324 
1900 0.054870 
1901 -0.349454 
1902 -0.349454 
1903 -0.314588 
1904 -0.394380 
1905 0.174479 
1906 -0.349454 
1907 -0.307142 
1908 -0.285682 
1909 -0.458690 
1910 -0.270873 
1911 -0.244899 
1912 -0.163424 
1913 0.243430 
1914 0.243430 
1915 -0.036084 
1916 -0.264127 
1917 0.122000 
1918 -0.377523 
1919 -0.465140 
1920 -0.379006 
1921 -0.045324 
1922 -0.291496 
1923 0.126685 
1924 0.174479 
1925 -0.314588 
1926 -0.190636 
1927 0.174479 
1928 0.174479 
1929 0.243430 
1930 -0.349454 
1931 0.243430 
1932 0.088593 
1933 -0.291496 
1934 -0.291496 
1935 -0.291496 
1936 -0.067526 
1937 -0.067526 
1938 0.385365 
1939 -0.036084 
1940 -0.005793 
1941 -0.221902 
1942 -0.221902 
1943 -0.221902 
1944 -0.394380 
1945 -0.057212 
1946 -0.379006 
1947 -0.067526 
1948 -0.307142 
1949 -0.244899 
1950 -0.005793 
1951 -0.379006 
1952 -0.194155 
1953 -0.379006 
1954 -0.221902 
1955 0.385365 
1956 -0.194155 
1957 -0.194155 
1958 -0.194155 
1959 -0.194155 
1960 -0.194155 
1961 -0.307142 
1962 0.272107 
1963 0.272107 
1964 0.038696 
1965 -0.487548 
1966 0.126685 
1967 -0.270873 
1968 -0.322500 
1969 -0.057212 
1970 -0.081251 
1971 -0.379006 
1972 -0.379006 
1973 -0.081251 
1974 -0.379006 
1975 0.174479 
1976 -0.322500 
1977 -0.322500 
1978 -0.322500 
1979 0.174479 
1980 -0.322500 
1981 -0.322500 
1982 0.126685 
1983 -0.067526 
1984 -0.067526 
1985 0.385365 
1986 -0.139458 
1987 0.122000 
1988 0.038696 
1989 0.244684 
1990 0.385365 
1991 0.244684 
1992 0.272107 
1993 -0.458690 
1994 0.326921 
1995 0.326921 
1996 -0.487548 
1997 0.326921 
1998 0.326921 
1999 -0.487548 
2000 -0.372997 
2001 0.244684 
2002 0.038696 
2003 0.038696 
2004 0.244684 
2005 -0.215476 
2006 -0.458690 
2007 0.122000 
2008 0.385365 
2009 -0.458690 
2010 0.385365 
2011 -0.458690 
2012 0.126685 
2013 0.244684 
2014 0.407279 
2015 -0.081251 
2016 -0.349454 
2017 -0.081251 
2018 -0.081251 
2019 -0.081251 
2020 -0.379006 
2021 -0.081251 
2022 -0.081251 
2023 0.226671 
2024 -0.379006 
2025 0.226671 
2026 0.226671 
2027 0.216724 
2028 -0.379006 
2029 -0.081251 
2030 0.216724 
2031 -0.465140 
2032 -0.307142 
2033 -0.349454 
2034 -0.307142 
2035 0.216724 
2036 -0.465140 
2037 -0.465140 
2038 0.272107 
2039 0.407279 
2040 0.058873 
2041 0.407279 
2042 0.226671 
2043 0.038696 
2044 0.216724 
2045 0.226671 
2046 -0.194155 
2047 -0.349454 
2048 -0.465140 
2049 -0.465140 
2050 -0.194155 
2051 -0.349454 
2052 -0.307142 
2053 -0.307142 
2054 -0.307142 
2055 -0.307142 
2056 -0.213040 
2057 0.038696 
2058 0.216724 
2059 -0.213040 
2060 -0.213040 
2061 0.224846 
2062 0.407279 
2063 -0.372997 
2064 -0.372997 
2065 -0.008307 
2066 -0.194155 
2067 -0.314588 
2068 -0.314588 
2069 0.038696 
2070 -0.194155 
2071 0.046516 
2072 0.407279 
2073 0.407279 
2074 0.038696 
2075 -0.314588 
2076 -0.081251 
2077 0.088593 
2078 0.407279 
2079 0.058873 
2080 0.088593 
2081 0.407279 
2082 0.342190 
2083 0.272107 
2084 0.342190 
2085 0.342190 
2086 0.342190 
2087 0.088593 
2088 0.342190 
2089 0.342190 
2090 0.407279 
2091 0.326921 
2092 0.272107 
2093 0.272107 
2094 0.342190 
2095 0.407279 
2096 0.381509 
2097 0.272107 
2098 0.046516 
2099 0.088593 
2100 -0.291496 
2101 -0.291496 
2102 -0.291496 
2103 0.046516 
2104 -0.291496 
2105 -0.291496 
2106 -0.291496 
2107 -0.291496 
2108 -0.194155 
2109 -0.215476 
2110 -0.194155 
2111 0.046516 
2112 0.046516 
2113 0.272107 
2114 0.272107 
2115 -0.372997 
2116 -0.081251 
2117 -0.081251 
2118 -0.270873 
2119 -0.291496 
2120 -0.194155 
2121 -0.307142 
2122 -0.194155 
2123 -0.372997 
2124 -0.307142 
2125 -0.487548 
2126 -0.270873 
2127 -0.487548 
2128 0.326921 
2129 -0.487548 
2130 0.224846 
2131 -0.008307 
2132 0.003041 
2133 -0.008307 
2134 -0.008307 
2135 -0.155559 
2136 -0.155559 
2137 -0.487548 
2138 -0.378862 
2139 0.003041 
2140 -0.270873 
2141 -0.263827 
2142 -0.487548 
2143 -0.263827 
2144 -0.155559 
2145 -0.081251 
2146 -0.263827 
2147 -0.487548 
2148 0.326921 
2149 0.046516 
2150 -0.155559 
2151 0.224846 
2152 0.038696 
2153 -0.155559 
2154 -0.378862 
2155 -0.155559 
2156 -0.155559 
2157 0.272107 
2158 0.311442 
2159 0.311442 
2160 0.381509 
2161 -0.270873 
2162 -0.263827 
2163 -0.263827 
2164 0.003041 
2165 0.003041 
2166 -0.263827 
2167 -0.270873 
2168 -0.270873 
2169 0.003041 
2170 0.003041 
2171 -0.263827 
2172 0.311442 
2173 0.398661 
2174 0.398661 
2175 -0.200123 
2176 -0.200123 
2177 -0.200123 
2178 -0.200123 
2179 -0.378862 
2180 0.398661 
2181 0.311442 
2182 0.311442 
2183 -0.378862 
2184 -0.008307 
2185 -0.378862 
2186 -0.378862 
2187 0.038696 
2188 0.038696 
2189 -0.344306 
2190 -0.344306 
2191 0.038696 
2192 0.385365 
2193 -0.378862 
2194 -0.344306 
2195 -0.458690 
2196 -0.458690 
2197 -0.378862 
2198 0.088593 
2199 -0.194155 
2200 -0.194155 
2201 -0.008307 
2202 0.038696 
2203 -0.458690 
2204 0.038696 
2205 0.038696 
2206 0.038696 
2207 0.385365 
2208 0.038696 
2209 -0.270873 
2210 0.038696 
2211 0.038696 
2212 0.038696 
2213 0.038696 
2214 0.385365 
2215 0.385365 
2216 -0.036084 
2217 -0.458690 
2218 0.038696 
2219 -0.458690 
2220 -0.458690 
2221 -0.270873 
2222 -0.458690 
2223 -0.036084 
2224 -0.458690 
2225 0.385365 
2226 0.272107 
2227 -0.081251 
2228 -0.213040 
2229 -0.008307 
2230 -0.036084 
2231 -0.194155 
2232 -0.081251 
2233 0.003041 
2234 0.326921 
2235 -0.036084 
2236 -0.036084 
2237 -0.081251 
2238 -0.081251 
2239 -0.036084 
2240 -0.081251 
2241 -0.036084 
2242 0.385365 
2243 0.385365 
2244 -0.008307 
2245 -0.081251 
2246 -0.081251 
2247 -0.081251 
2248 -0.194155 
2249 -0.194155 
2250 0.272107 
2251 0.272107 
2252 -0.008307 
2253 -0.270873 
2254 0.272107 
2255 0.038696 
2256 0.038696 
2257 -0.270873 
2258 0.326921 
2259 0.326921 
2260 -0.081251 
2261 0.003041 
2262 -0.270873 
2263 0.326921 
2264 0.224846 
2265 0.003041 
2266 0.003041 
2267 -0.270873 
2268 0.224846 
2269 0.224846 
2270 -0.008307 
2271 -0.487548 
2272 -0.234082 
2273 0.224846 
2274 -0.270873 
2275 -0.487548 
2276 -0.487548 
2277 -0.008307 
2278 -0.344306 
2279 0.326921 
2280 -0.487548 
2281 -0.270873 
2282 -0.234082 
2283 -0.234082 
2284 0.326921 
2285 0.326921 
2286 0.365186 
2287 0.365186 
2288 -0.194155 
2289 -0.194155 
2290 0.231406 
2291 0.231406 
2292 -0.155559 
2293 -0.155559 
2294 -0.008307 
2295 -0.263827 
2296 -0.263827 
2297 0.003041 
2298 0.003041 
2299 -0.200123 
2300 0.003041 
2301 0.003041 
2302 0.003041 
2303 -0.200123 
2304 -0.200123 
2305 -0.200123 
2306 0.311442 
2307 0.311442 
2308 -0.200123 
2309 -0.200123 
2310 0.311442 
2311 0.311442 
2312 0.311442 
2313 -0.263827 
2314 -0.344306 
2315 -0.344306 
2316 -0.344306 
2317 -0.344306 
2318 -0.344306 
2319 -0.344306 
2320 -0.458690 
2321 -0.378862 
2322 -0.155559 
2323 -0.155559 
2324 -0.378862 
2325 -0.378862 
2326 -0.378862 
2327 -0.378862 
2328 -0.378862 
2329 -0.378862 
2330 -0.378862 
2331 -0.378862 
2332 0.038696 
2333 -0.366225 
2334 -0.200123 
2335 0.038696 
2336 0.038696 
2337 0.385365 
2338 0.038696 
2339 0.385365 
2340 0.385365 
2341 -0.366225 
2342 -0.366225 
2343 0.231406 
2344 0.231406 
2345 -0.458690 
2346 -0.005793 
2347 -0.458690 
2348 -0.458690 
2349 -0.458690 
2350 -0.458690 
2351 -0.036084 
2352 0.385365 
2353 0.272107 
2354 -0.081251 
2355 -0.379006 
2356 0.038696 
2357 0.038696 
2358 -0.081251 
2359 -0.081251 
2360 -0.081251 
2361 -0.081251 
2362 0.191450 
2363 0.191450 
2364 -0.155559 
2365 0.360364 
2366 -0.155559 
2367 -0.155559 
2368 0.038696 
2369 -0.458690 
2370 -0.155559 
2371 0.191450 
2372 -0.314588 
2373 -0.036084 
2374 -0.194155 
2375 -0.036084 
2376 -0.194155 
2377 -0.194155 
2378 0.365186 
2379 0.365186 
2380 0.038696 
2381 0.038696 
2382 -0.270873 
2383 -0.349454 
2384 -0.081251 
2385 0.385365 
2386 0.272107 
2387 -0.263827 
2388 -0.366225 
2389 0.326921 
2390 -0.366225 
2391 -0.366225 
2392 -0.379006 
2393 0.231406 
2394 -0.036084 
2395 -0.344306 
2396 -0.036084 
2397 -0.155559 
2398 -0.378862 
2399 -0.344306 
2400 -0.036084 
2401 -0.155559 
2402 0.326921 
2403 -0.458690 
2404 0.326921 
2405 -0.155559 
2406 -0.155559 
2407 -0.270873 
2408 -0.344306 
2409 0.272107 
2410 0.272107 
2411 -0.378862 
2412 -0.270873 
2413 0.046516 
2414 -0.378862 
2415 -0.270873 
2416 -0.366225 
2417 -0.366225 
2418 0.342190 
2419 0.326921 
2420 0.326921 
2421 0.326921 
2422 0.326921 
2423 0.342190 
2424 0.342190 
2425 0.342190 
2426 -0.349454 
2427 -0.366225 
2428 -0.349454 
2429 -0.349454 
2430 -0.307142 
2431 -0.307142 
2432 0.326921 
2433 -0.487548 
2434 -0.307142 
2435 -0.465140 
2436 -0.307142 
2437 -0.307142 
2438 -0.307142 
2439 -0.487548 
2440 -0.307142 
2441 0.407279 
2442 -0.465140 
2443 -0.307142 
2444 -0.465140 
2445 -0.349454 
2446 -0.213040 
2447 -0.314588 
2448 -0.465140 
2449 -0.349454 
2450 -0.314588 
2451 -0.349454 
2452 -0.213040 
2453 -0.213040 
2454 -0.213040 
2455 -0.349454 
2456 -0.314588 
2457 -0.314588 
2458 -0.465140 
2459 -0.314588 
2460 -0.314588 
2461 0.046516 
2462 -0.349454 
2463 -0.194155 
2464 -0.465140 
2465 0.342190 
2466 0.407279 
2467 0.407279 
2468 0.407279 
2469 0.407279 
2470 -0.314588 
2471 0.407279 
2472 0.407279 
2473 0.191450 
2474 0.342190 
2475 0.342190 
2476 0.342190 
2477 -0.349454 
2478 0.489024 
2479 -0.465140 
2480 0.342190 
2481 0.398661 
2482 -0.194155 
2483 -0.036084 
2484 -0.465140 
2485 -0.349454 
2486 -0.349454 
2487 0.489024 
2488 0.046516 
2489 0.046516 
2490 0.489024 
2491 -0.349454 
2492 0.046516 
2493 0.191450 
2494 0.489024 
2495 0.489024 
2496 0.398661 
2497 0.046516 
2498 0.407279 
2499 0.398661 
2500 0.191450 
2501 -0.349454 
2502 -0.465140 
2503 0.398661 
2504 -0.036084 
2505 0.489024 
2506 0.272107 
2507 -0.366225 
2508 0.398661 
2509 -0.465140 
2510 -0.263827 
2511 0.191450 
2512 0.191450 
2513 0.191450 
2514 -0.465140 
2515 -0.263827 
2516 -0.465140 
2517 -0.036084 
2518 -0.366225 
2519 -0.036084 
2520 -0.194155 
2521 0.174479 
2522 -0.036084 
2523 -0.036084 
2524 -0.194155 
2525 -0.036084 
2526 -0.366225 
2527 -0.366225 
2528 0.191450 
2529 -0.036084 
2530 0.272107 
2531 0.398661 
2532 0.191450 
2533 -0.194155 
2534 -0.194155 
2535 0.407279 
2536 0.407279 
2537 -0.487548 
2538 -0.194155 
2539 0.003041 
2540 -0.194155 
2541 -0.194155 
2542 0.342190 
2543 -0.190636 
2544 -0.190636 
2545 0.272107 
2546 0.272107 
2547 0.272107 
2548 0.003041 
2549 0.342190 
2550 0.191450 
2551 0.342190 
2552 0.342190 
2553 0.272107 
2554 0.326921 
2555 0.046516 
2556 -0.270873 
2557 0.272107 
2558 0.003041 
2559 -0.487548 
2560 0.272107 
2561 -0.270873 
2562 -0.270873 
2563 -0.270873 
2564 0.272107 
2565 0.326921 
2566 0.326921 
2567 0.326921 
2568 0.003041 
2569 0.326921 
2570 -0.487548 
2571 -0.487548 
2572 -0.487548 
2573 -0.487548 
2574 -0.270873 
2575 0.174479 
2576 0.003041 
2577 0.003041 
2578 0.003041 
2579 0.272107 
2580 -0.270873 
2581 -0.487548 
2582 -0.200123 
2583 0.003041 
2584 -0.194155 
2585 -0.487548 
2586 0.311442 
2587 0.311442 
2588 -0.200123 
2589 0.311442 
2590 -0.200123 
2591 -0.200123 
2592 -0.200123 
2593 -0.194155 
2594 0.272107 
2595 0.311442 
2596 0.311442 
2597 -0.194155 
2598 0.311442 
2599 0.082654 
2600 -0.194155 
2601 -0.194155 
2602 -0.194155 
2603 -0.270873 
2604 -0.270873 
2605 -0.270873 
2606 0.311442 
2607 -0.270873 
2608 0.342190 
2609 0.046516 
2610 -0.194155 
2611 0.093785 
2612 0.342190 
2613 -0.215476 
2614 0.263103 
2615 -0.215476 
2616 -0.200123 
2617 0.123804 
2618 0.123804 
2619 0.123804 
2620 0.342190 
2621 0.342190 
2622 -0.200123 
2623 -0.270873 
2624 -0.285682 
2625 -0.190636 
2626 -0.200123 
2627 -0.194155 
2628 0.046516 
2629 -0.215476 
2630 0.123804 
2631 0.272107 
2632 0.342190 
2633 -0.270873 
2634 -0.270873 
2635 0.174479 
2636 0.342190 
2637 0.342190 
2638 0.407279 
2639 0.311442 
2640 0.311442 
2641 -0.194155 
