39 1
0 0.496568 
3 0.448243 
32 0.448243 
5 0.442583 
34 0.442583 
10 0.397737 
23 0.384580 
36 0.379246 
7 0.379246 
20 0.309045 
38 0.268324 
9 0.268324 
16 0.252409 
26 0.232542 
15 0.212318 
17 0.192191 
29 0.111281 
18 0.106933 
11 0.102656 
8 0.022614 
37 0.022614 
25 0.021964 
19 -0.010683 
13 -0.055375 
30 -0.079124 
1 -0.086234 
28 -0.152037 
31 -0.154982 
33 -0.177330 
4 -0.177330 
2 -0.219196 
14 -0.254439 
6 -0.304013 
35 -0.304013 
27 -0.318839 
12 -0.325983 
21 -0.330408 
22 -0.402671 
24 -0.497651 
