1518 1
22 4.401572 
881 4.401572 
80 4.068880 
421 4.068880 
1490 2.390744 
816 2.046182 
836 2.008601 
857 1.977815 
1219 1.595129 
247 1.262536 
1200 1.193895 
988 1.083750 
1350 1.066309 
1088 1.059891 
955 0.934904 
1291 0.446967 
25 0.446967 
146 0.446967 
1368 0.376271 
45 0.362496 
759 0.338619 
104 0.266936 
1137 0.266936 
770 0.266936 
960 0.266936 
758 0.265827 
1385 0.254256 
1470 0.229814 
7 0.217780 
261 0.210594 
1353 0.197551 
1259 0.161529 
1456 0.161529 
1335 0.145638 
1433 0.121869 
1115 0.121869 
604 0.095375 
600 0.095375 
932 0.095375 
107 0.095375 
1328 0.093412 
1329 0.093412 
1196 0.093412 
1148 0.093412 
1379 0.093206 
458 0.093206 
418 0.093206 
397 0.093206 
320 0.088112 
753 0.088112 
897 0.088112 
815 0.088112 
1325 0.080634 
710 0.080634 
1367 0.069492 
1383 0.051384 
980 0.043334 
1425 0.041563 
443 0.039334 
1299 0.039334 
1432 0.039334 
1468 0.039334 
1209 0.035280 
1130 0.034314 
63 0.006122 
1074 -0.008479 
459 -0.012443 
953 -0.028521 
23 -0.028600 
685 -0.029425 
1127 -0.029425 
1008 -0.030993 
182 -0.030993 
1283 -0.031235 
746 -0.031235 
1149 -0.040346 
994 -0.041364 
705 -0.041364 
1031 -0.041364 
962 -0.041364 
1516 -0.045025 
555 -0.050828 
1285 -0.055353 
1220 -0.055353 
896 -0.059082 
1480 -0.059082 
1483 -0.061178 
788 -0.061178 
159 -0.061178 
1395 -0.061178 
1202 -0.065998 
883 -0.065998 
949 -0.066137 
868 -0.066137 
1000 -0.066137 
795 -0.066137 
423 -0.083027 
1270 -0.089109 
671 -0.089109 
905 -0.089109 
810 -0.089109 
625 -0.095888 
864 -0.102534 
970 -0.102534 
742 -0.102534 
926 -0.102534 
584 -0.103013 
1381 -0.107493 
901 -0.107493 
1076 -0.109066 
873 -0.114583 
1420 -0.114583 
1003 -0.114583 
1167 -0.122834 
632 -0.122834 
946 -0.122834 
1138 -0.122834 
444 -0.123141 
1269 -0.123141 
713 -0.137906 
272 -0.146140 
1443 -0.147090 
1224 -0.147090 
827 -0.166152 
1380 -0.176366 
1361 -0.188802 
1002 -0.188802 
500 -0.188802 
479 -0.195025 
530 -0.195025 
1464 -0.195025 
658 -0.199606 
24 -0.199606 
1473 -0.208435 
1417 -0.208435 
948 -0.208435 
1262 -0.210417 
1444 -0.210417 
478 -0.210417 
1113 -0.212793 
138 -0.214390 
376 -0.214390 
596 -0.214390 
1501 -0.214390 
776 -0.215011 
891 -0.217404 
551 -0.225475 
1257 -0.242482 
716 -0.245484 
1045 -0.245849 
1012 -0.246666 
1013 -0.246666 
1164 -0.252848 
1343 -0.258420 
968 -0.258420 
1033 -0.258673 
200 -0.261603 
1293 -0.269098 
677 -0.275072 
267 -0.278805 
495 -0.289341 
503 -0.289341 
509 -0.289341 
546 -0.289341 
290 -0.290482 
244 -0.290482 
888 -0.290482 
1504 -0.290482 
715 -0.296476 
117 -0.297495 
77 -0.304339 
1510 -0.304339 
1140 -0.304339 
274 -0.307321 
825 -0.321397 
1063 -0.322019 
1462 -0.322019 
793 -0.323022 
1322 -0.330293 
1179 -0.330293 
1043 -0.330293 
639 -0.330293 
2 -0.332354 
921 -0.332525 
768 -0.332525 
1358 -0.343120 
1338 -0.344326 
1404 -0.345273 
860 -0.346274 
737 -0.347321 
771 -0.357269 
978 -0.357269 
1324 -0.367829 
333 -0.367829 
1445 -0.370791 
1493 -0.370791 
1479 -0.370791 
765 -0.375440 
1068 -0.384464 
1515 -0.384464 
663 -0.384464 
931 -0.391865 
1460 -0.395729 
631 -0.398310 
699 -0.399424 
1159 -0.404999 
552 -0.404999 
1157 -0.411583 
1242 -0.415198 
1461 -0.415542 
954 -0.416026 
137 -0.418377 
1412 -0.422493 
1182 -0.442529 
1272 -0.442529 
1422 -0.442529 
1040 -0.442529 
1065 -0.445872 
1301 -0.445872 
893 -0.452201 
735 -0.457072 
1117 -0.457072 
1173 -0.457072 
1375 -0.457072 
1221 -0.458650 
92 -0.460443 
3 -0.460443 
1260 -0.460443 
12 -0.460443 
1110 -0.479394 
894 -0.485761 
1421 -0.487221 
184 -0.492141 
714 -0.495876 
293 -0.497017 
356 -0.503375 
435 -0.503375 
907 -0.503375 
380 -0.503375 
414 -0.507193 
289 -0.507193 
542 -0.507193 
613 -0.507193 
1183 -0.516161 
1139 -0.516161 
958 -0.532645 
88 -0.532645 
416 -0.532645 
378 -0.532645 
1019 -0.547987 
781 -0.550167 
298 -0.562212 
1169 -0.564158 
533 -0.565092 
612 -0.565092 
549 -0.565092 
772 -0.565092 
560 -0.572378 
308 -0.572378 
565 -0.572378 
1430 -0.572378 
359 -0.575438 
775 -0.575438 
1252 -0.578226 
1085 -0.581649 
645 -0.583296 
1318 -0.583665 
1306 -0.583665 
1317 -0.583665 
1313 -0.583665 
654 -0.585846 
1109 -0.591451 
343 -0.593649 
1402 -0.593649 
1069 -0.598598 
1297 -0.599832 
362 -0.606096 
1498 -0.606096 
171 -0.606096 
152 -0.606096 
181 -0.615719 
587 -0.615719 
603 -0.619406 
1352 -0.619406 
1145 -0.623192 
647 -0.623712 
1053 -0.625475 
135 -0.625475 
189 -0.625475 
279 -0.625475 
1466 -0.627686 
1201 -0.629087 
738 -0.629087 
800 -0.629087 
341 -0.629087 
1309 -0.629943 
1251 -0.629943 
686 -0.629943 
568 -0.629943 
127 -0.630852 
1512 -0.631428 
70 -0.638007 
593 -0.643016 
991 -0.643016 
586 -0.643016 
606 -0.643016 
130 -0.659519 
791 -0.659519 
147 -0.659519 
44 -0.659519 
178 -0.659944 
1371 -0.659944 
179 -0.665352 
818 -0.677040 
787 -0.687255 
821 -0.689067 
1497 -0.689067 
851 -0.689067 
422 -0.693151 
1363 -0.706650 
270 -0.706650 
846 -0.706650 
1133 -0.706650 
1014 -0.708624 
957 -0.708624 
610 -0.708624 
712 -0.708624 
761 -0.721091 
1191 -0.721091 
1467 -0.721091 
1484 -0.721091 
1194 -0.722008 
947 -0.722008 
1020 -0.722008 
1102 -0.722008 
1442 -0.725179 
1005 -0.725714 
1128 -0.730753 
1388 -0.730969 
940 -0.730969 
1394 -0.730969 
1263 -0.734306 
1086 -0.737587 
1296 -0.741382 
824 -0.746689 
591 -0.746694 
489 -0.746694 
1447 -0.746694 
287 -0.746694 
212 -0.751043 
985 -0.751180 
1472 -0.751180 
474 -0.764191 
221 -0.764191 
379 -0.764191 
317 -0.764191 
1414 -0.765492 
390 -0.770994 
796 -0.771815 
1028 -0.771815 
346 -0.771815 
1206 -0.771815 
295 -0.772316 
913 -0.772316 
1163 -0.772316 
1029 -0.772316 
1171 -0.775094 
1345 -0.783048 
937 -0.783048 
911 -0.783048 
1077 -0.789430 
168 -0.794039 
681 -0.795980 
351 -0.795980 
1006 -0.795980 
1132 -0.795980 
467 -0.803076 
1331 -0.805930 
1116 -0.805930 
1245 -0.805930 
1303 -0.805930 
597 -0.808284 
19 -0.808284 
869 -0.808587 
823 -0.823041 
1261 -0.823041 
558 -0.823041 
1356 -0.823041 
453 -0.826590 
464 -0.826590 
488 -0.826590 
1488 -0.826590 
357 -0.827303 
522 -0.827303 
180 -0.827303 
544 -0.827303 
563 -0.832824 
1106 -0.840726 
39 -0.841330 
1046 -0.848803 
1214 -0.848803 
1436 -0.849447 
1330 -0.849447 
875 -0.849447 
1281 -0.849447 
867 -0.850103 
579 -0.850745 
383 -0.862981 
369 -0.863650 
975 -0.863961 
329 -0.869510 
1073 -0.869510 
336 -0.869510 
301 -0.869510 
605 -0.871263 
375 -0.871263 
652 -0.871450 
540 -0.874026 
1089 -0.874026 
676 -0.874026 
832 -0.874026 
956 -0.875249 
1188 -0.875599 
847 -0.877309 
1503 -0.877309 
1193 -0.877309 
1125 -0.877309 
886 -0.879430 
640 -0.879430 
1424 -0.879430 
1321 -0.879961 
660 -0.884363 
707 -0.888531 
42 -0.894360 
760 -0.895915 
1390 -0.897290 
1172 -0.897290 
1081 -0.897290 
697 -0.897455 
1143 -0.900562 
307 -0.904517 
1455 -0.906536 
112 -0.906536 
239 -0.906536 
316 -0.906536 
1457 -0.907897 
1034 -0.909966 
876 -0.909966 
745 -0.909966 
571 -0.909966 
619 -0.910116 
1094 -0.911420 
829 -0.911558 
1047 -0.911558 
878 -0.911558 
1234 -0.911558 
490 -0.914701 
276 -0.916899 
736 -0.916998 
1097 -0.920100 
916 -0.920100 
1090 -0.920100 
1277 -0.920100 
1410 -0.920866 
255 -0.922043 
830 -0.922043 
651 -0.922043 
814 -0.922335 
874 -0.922335 
475 -0.922335 
682 -0.922335 
148 -0.925946 
291 -0.927950 
424 -0.928446 
1023 -0.930808 
942 -0.930808 
689 -0.930808 
1177 -0.930808 
711 -0.931764 
669 -0.931764 
618 -0.931764 
486 -0.931764 
526 -0.931926 
1279 -0.932518 
1286 -0.932518 
1508 -0.938342 
150 -0.943148 
271 -0.945103 
1223 -0.945156 
848 -0.949839 
1178 -0.950034 
1062 -0.951089 
628 -0.951089 
1091 -0.951089 
1254 -0.951089 
10 -0.952154 
923 -0.954813 
396 -0.954813 
1280 -0.954813 
1255 -0.954813 
1233 -0.957313 
321 -0.963104 
922 -0.964118 
363 -0.964118 
1258 -0.964118 
790 -0.964118 
1271 -0.964891 
204 -0.969823 
1037 -0.972690 
32 -0.972690 
456 -0.974024 
1292 -0.974024 
48 -0.974024 
412 -0.974024 
803 -0.977155 
842 -0.977155 
687 -0.977155 
142 -0.977155 
667 -0.979353 
754 -0.979353 
557 -0.979353 
205 -0.979353 
595 -0.981586 
1222 -0.981586 
480 -0.981586 
1187 -0.981586 
405 -0.983132 
1500 -0.983152 
487 -0.983152 
206 -0.983152 
1075 -0.984807 
1186 -0.984807 
861 -0.986020 
1278 -0.986704 
215 -0.986704 
1408 -0.986704 
201 -0.987552 
1491 -0.989650 
674 -0.993320 
1486 -0.993320 
1387 -0.993824 
856 -0.993824 
812 -0.994433 
964 -0.994433 
1211 -0.994433 
941 -0.994433 
428 -0.996918 
756 -0.998366 
89 -0.999158 
1015 -1.004178 
1087 -1.006929 
1098 -1.007539 
646 -1.009058 
1114 -1.009058 
1346 -1.009058 
1123 -1.009058 
381 -1.009185 
580 -1.009238 
326 -1.012370 
1336 -1.015344 
268 -1.015344 
1235 -1.015344 
1240 -1.019580 
982 -1.019580 
1267 -1.019580 
945 -1.019580 
1070 -1.024421 
1397 -1.028917 
1239 -1.028917 
1153 -1.028917 
145 -1.028917 
1320 -1.029057 
914 -1.035236 
1452 -1.042892 
734 -1.042892 
1357 -1.042892 
1038 -1.042892 
535 -1.044962 
185 -1.044962 
989 -1.044962 
1273 -1.045740 
476 -1.058710 
1469 -1.058710 
484 -1.058710 
372 -1.058710 
118 -1.058781 
1190 -1.060383 
1084 -1.065517 
348 -1.067014 
567 -1.067014 
777 -1.067014 
209 -1.067014 
644 -1.067129 
1477 -1.067858 
499 -1.067858 
672 -1.067858 
798 -1.067858 
512 -1.068534 
358 -1.068534 
642 -1.068534 
782 -1.068534 
1158 -1.072018 
514 -1.073810 
430 -1.074831 
582 -1.076025 
225 -1.077372 
1001 -1.079453 
673 -1.079453 
850 -1.079453 
1104 -1.079453 
903 -1.079739 
1428 -1.081815 
1018 -1.081815 
572 -1.081815 
1059 -1.081815 
1243 -1.082549 
1212 -1.082549 
1403 -1.084538 
482 -1.084977 
983 -1.084977 
303 -1.084977 
373 -1.084977 
162 -1.086930 
808 -1.090300 
1250 -1.091561 
762 -1.091589 
811 -1.092096 
1052 -1.094467 
1035 -1.094467 
804 -1.094467 
1459 -1.094467 
1495 -1.094725 
1290 -1.095310 
1195 -1.095992 
1079 -1.098904 
590 -1.102432 
1487 -1.103249 
859 -1.105392 
950 -1.105392 
471 -1.105392 
928 -1.105392 
1326 -1.106544 
624 -1.106867 
575 -1.109595 
392 -1.113590 
696 -1.113590 
650 -1.113590 
324 -1.113590 
633 -1.118323 
353 -1.118323 
621 -1.118323 
614 -1.118323 
119 -1.118466 
721 -1.118466 
123 -1.118466 
262 -1.118466 
1093 -1.120120 
724 -1.120120 
1103 -1.120120 
885 -1.120120 
657 -1.120121 
525 -1.120121 
703 -1.120121 
933 -1.120121 
1184 -1.120443 
1136 -1.120443 
638 -1.120443 
1011 -1.120443 
1502 -1.120840 
260 -1.121359 
1377 -1.124618 
1009 -1.124860 
250 -1.127575 
1389 -1.131429 
688 -1.131429 
1416 -1.131429 
1305 -1.131429 
156 -1.133427 
855 -1.134229 
62 -1.134229 
757 -1.136357 
177 -1.137972 
643 -1.138603 
1372 -1.142433 
925 -1.142433 
609 -1.142433 
1492 -1.142433 
543 -1.143671 
1151 -1.144307 
240 -1.144307 
969 -1.144307 
648 -1.144307 
1294 -1.145165 
338 -1.145966 
763 -1.147724 
532 -1.154418 
539 -1.154418 
314 -1.154418 
1007 -1.154418 
1056 -1.159072 
728 -1.160397 
845 -1.162016 
1050 -1.162151 
630 -1.163163 
641 -1.163163 
636 -1.163163 
1409 -1.163163 
1129 -1.163242 
690 -1.164363 
1107 -1.165479 
1440 -1.165479 
1156 -1.165479 
1505 -1.165479 
140 -1.169263 
335 -1.169592 
656 -1.169592 
190 -1.172113 
87 -1.173862 
965 -1.173862 
278 -1.173862 
319 -1.173862 
1300 -1.176714 
1344 -1.176714 
1401 -1.176714 
617 -1.176714 
834 -1.178729 
1349 -1.178983 
786 -1.179511 
1216 -1.180856 
364 -1.182367 
1426 -1.182367 
944 -1.183229 
1152 -1.185124 
1122 -1.185124 
943 -1.186150 
431 -1.186150 
5 -1.186150 
288 -1.186150 
844 -1.189067 
694 -1.189443 
935 -1.189443 
1511 -1.189443 
251 -1.192480 
242 -1.192480 
9 -1.192480 
1489 -1.192480 
457 -1.192806 
1170 -1.192806 
1246 -1.192806 
1166 -1.192806 
554 -1.193129 
481 -1.195243 
1307 -1.199826 
1437 -1.202363 
1264 -1.202363 
1189 -1.205343 
1146 -1.205343 
395 -1.206325 
801 -1.206770 
494 -1.207375 
1162 -1.209621 
523 -1.209876 
297 -1.211437 
629 -1.211437 
701 -1.213175 
870 -1.215389 
1517 -1.215389 
1042 -1.216934 
273 -1.216934 
1072 -1.220302 
401 -1.224196 
929 -1.224227 
719 -1.224343 
237 -1.224343 
518 -1.224343 
666 -1.224343 
1266 -1.224422 
709 -1.226917 
238 -1.227014 
1282 -1.227014 
97 -1.227368 
566 -1.229672 
529 -1.229672 
1253 -1.229672 
306 -1.229672 
15 -1.231890 
254 -1.231890 
263 -1.231890 
622 -1.231890 
524 -1.237292 
1226 -1.238858 
1378 -1.238858 
865 -1.238858 
1197 -1.238858 
463 -1.239743 
339 -1.239743 
252 -1.239743 
283 -1.239743 
1064 -1.240349 
634 -1.240349 
230 -1.244657 
1231 -1.244657 
1311 -1.244657 
451 -1.255772 
508 -1.255772 
1054 -1.255772 
78 -1.255772 
890 -1.260086 
898 -1.260086 
904 -1.260086 
1476 -1.260086 
607 -1.260443 
938 -1.260443 
413 -1.260443 
615 -1.260443 
662 -1.262574 
838 -1.262574 
69 -1.262574 
769 -1.262574 
797 -1.262595 
132 -1.262642 
36 -1.262876 
114 -1.262876 
21 -1.262876 
72 -1.262876 
1342 -1.263358 
322 -1.265182 
213 -1.265182 
370 -1.265182 
1463 -1.265182 
432 -1.266521 
160 -1.266521 
169 -1.266521 
502 -1.266521 
1507 -1.267831 
227 -1.267831 
700 -1.270138 
447 -1.270138 
780 -1.270138 
241 -1.270138 
992 -1.270845 
589 -1.270845 
121 -1.270845 
439 -1.270845 
275 -1.271305 
659 -1.272256 
727 -1.272256 
1150 -1.272256 
999 -1.272256 
33 -1.277921 
1131 -1.277921 
233 -1.277921 
173 -1.277921 
164 -1.278128 
1238 -1.278128 
729 -1.280265 
485 -1.280265 
334 -1.280265 
778 -1.280265 
866 -1.280471 
102 -1.280471 
110 -1.280471 
64 -1.280471 
531 -1.281653 
1121 -1.283286 
1427 -1.283329 
602 -1.283329 
1333 -1.283329 
120 -1.287519 
835 -1.289531 
1100 -1.289531 
981 -1.289531 
368 -1.289531 
623 -1.290749 
733 -1.290815 
436 -1.291488 
559 -1.293752 
109 -1.293958 
153 -1.293958 
68 -1.293958 
193 -1.293958 
1004 -1.294095 
1327 -1.294723 
304 -1.299487 
799 -1.299929 
83 -1.299976 
773 -1.299976 
520 -1.303090 
91 -1.307497 
79 -1.307497 
649 -1.307497 
154 -1.307497 
858 -1.308699 
833 -1.309457 
661 -1.309457 
1411 -1.309457 
1366 -1.309457 
1225 -1.310804 
802 -1.310804 
887 -1.310830 
174 -1.312329 
446 -1.313099 
460 -1.313099 
441 -1.313099 
895 -1.313099 
747 -1.313204 
872 -1.313204 
986 -1.313204 
411 -1.313204 
750 -1.314758 
706 -1.314758 
133 -1.314758 
792 -1.314758 
328 -1.314978 
1192 -1.316372 
492 -1.316372 
1218 -1.316372 
1334 -1.316372 
1514 -1.317372 
1431 -1.317842 
1405 -1.322310 
843 -1.322310 
1041 -1.322473 
1026 -1.322473 
879 -1.322473 
1289 -1.322473 
433 -1.329645 
365 -1.329645 
391 -1.329645 
229 -1.329645 
236 -1.330351 
1247 -1.331361 
155 -1.331361 
1241 -1.331361 
46 -1.331586 
27 -1.331586 
61 -1.331586 
54 -1.331586 
528 -1.332085 
90 -1.332085 
817 -1.332085 
794 -1.332085 
195 -1.332390 
192 -1.336762 
161 -1.336762 
752 -1.336762 
128 -1.336762 
1398 -1.339909 
1265 -1.340676 
708 -1.340676 
506 -1.341435 
1392 -1.341435 
440 -1.341435 
1441 -1.344347 
281 -1.344347 
598 -1.347395 
979 -1.347395 
113 -1.348209 
115 -1.348209 
360 -1.348209 
723 -1.348209 
389 -1.352621 
210 -1.355418 
984 -1.356106 
1078 -1.360036 
1058 -1.360036 
1465 -1.360036 
561 -1.360036 
1230 -1.363025 
966 -1.363025 
337 -1.363025 
165 -1.363025 
1506 -1.363119 
67 -1.363856 
228 -1.363856 
93 -1.363856 
131 -1.363856 
1228 -1.364081 
226 -1.364081 
188 -1.365884 
839 -1.365884 
915 -1.365884 
732 -1.365884 
863 -1.366984 
1298 -1.367255 
1316 -1.367255 
1374 -1.367255 
1314 -1.370240 
217 -1.370240 
258 -1.370240 
219 -1.370240 
1025 -1.375841 
20 -1.375841 
1423 -1.376124 
1111 -1.377082 
1509 -1.377082 
515 -1.377082 
1340 -1.377082 
352 -1.378600 
73 -1.378600 
1049 -1.378600 
371 -1.378600 
1210 -1.380749 
235 -1.383574 
406 -1.384823 
704 -1.384823 
974 -1.384823 
1039 -1.384823 
918 -1.386155 
296 -1.386155 
292 -1.386155 
465 -1.386155 
1067 -1.388631 
679 -1.388631 
404 -1.388631 
828 -1.388631 
325 -1.392608 
124 -1.392608 
157 -1.392608 
1288 -1.392608 
805 -1.400919 
1205 -1.400919 
310 -1.400919 
461 -1.408705 
400 -1.410517 
265 -1.411180 
100 -1.411180 
1021 -1.411180 
934 -1.411180 
437 -1.415532 
1017 -1.415532 
294 -1.415532 
862 -1.415532 
813 -1.416037 
1434 -1.418841 
664 -1.418841 
1496 -1.418841 
53 -1.426103 
497 -1.427929 
330 -1.427929 
438 -1.427929 
149 -1.427929 
655 -1.428868 
426 -1.428868 
1295 -1.428868 
927 -1.428868 
785 -1.432074 
1016 -1.432074 
892 -1.432074 
789 -1.432074 
129 -1.436332 
1406 -1.436332 
693 -1.439995 
505 -1.439995 
698 -1.439995 
684 -1.439995 
910 -1.441952 
349 -1.442862 
1359 -1.442862 
779 -1.442862 
1203 -1.442862 
611 -1.443459 
990 -1.443459 
1175 -1.443459 
722 -1.443459 
299 -1.446695 
60 -1.446695 
231 -1.446695 
220 -1.446695 
920 -1.448982 
537 -1.448982 
1061 -1.448982 
56 -1.452142 
1435 -1.452142 
374 -1.453404 
959 -1.453404 
513 -1.456603 
1482 -1.457941 
1494 -1.457941 
1418 -1.457941 
1407 -1.457941 
967 -1.466123 
347 -1.466123 
569 -1.466123 
1024 -1.466123 
47 -1.472750 
106 -1.472750 
197 -1.472750 
86 -1.472750 
1082 -1.477089 
309 -1.477089 
366 -1.486995 
1236 -1.489060 
172 -1.493137 
187 -1.493137 
517 -1.493137 
170 -1.493137 
126 -1.494073 
211 -1.494073 
28 -1.494073 
305 -1.494073 
1154 -1.496354 
574 -1.497186 
95 -1.497186 
578 -1.498911 
562 -1.498911 
285 -1.498911 
504 -1.498911 
1118 -1.499793 
51 -1.499793 
908 -1.499793 
987 -1.499793 
741 -1.501768 
1207 -1.501768 
6 -1.501768 
1142 -1.501768 
94 -1.502239 
207 -1.503384 
248 -1.503384 
420 -1.503384 
43 -1.503384 
1083 -1.503728 
1355 -1.505083 
462 -1.506226 
243 -1.506226 
744 -1.506226 
410 -1.506226 
350 -1.510775 
1438 -1.510775 
1275 -1.510775 
300 -1.511351 
1393 -1.511351 
1244 -1.511351 
1232 -1.511351 
912 -1.511951 
1312 -1.511951 
854 -1.513062 
1095 -1.513062 
635 -1.513062 
1099 -1.513062 
139 -1.518568 
1048 -1.518568 
74 -1.519467 
257 -1.519467 
0 -1.519467 
678 -1.519467 
1229 -1.519994 
345 -1.519994 
196 -1.519994 
1304 -1.519994 
194 -1.520180 
749 -1.520180 
214 -1.520180 
253 -1.520180 
585 -1.520885 
1249 -1.520885 
1400 -1.520885 
807 -1.520885 
670 -1.521300 
55 -1.522102 
49 -1.522102 
1092 -1.522102 
99 -1.522102 
354 -1.524217 
331 -1.524217 
342 -1.524217 
1147 -1.524217 
576 -1.524768 
143 -1.529918 
249 -1.529918 
234 -1.529918 
323 -1.529918 
65 -1.532866 
1126 -1.533287 
1134 -1.533585 
151 -1.533585 
973 -1.533585 
853 -1.533585 
936 -1.537183 
637 -1.537183 
302 -1.537183 
841 -1.537183 
902 -1.537359 
691 -1.537359 
1449 -1.537359 
1227 -1.537359 
163 -1.543439 
695 -1.543439 
599 -1.543439 
616 -1.543439 
961 -1.547787 
30 -1.547787 
996 -1.548416 
725 -1.551101 
198 -1.551101 
726 -1.551101 
731 -1.551101 
1478 -1.555272 
1274 -1.555272 
924 -1.556906 
951 -1.557730 
473 -1.557730 
340 -1.557730 
191 -1.557730 
550 -1.558898 
972 -1.558898 
963 -1.561000 
141 -1.561348 
59 -1.566689 
425 -1.566689 
199 -1.567690 
203 -1.567690 
208 -1.567690 
105 -1.567690 
37 -1.568293 
840 -1.568544 
1481 -1.568878 
491 -1.568878 
393 -1.572259 
284 -1.572259 
223 -1.572259 
702 -1.572259 
1120 -1.575045 
971 -1.575045 
1112 -1.575045 
1384 -1.575045 
1066 -1.576524 
1168 -1.576524 
1351 -1.579900 
997 -1.579900 
516 -1.583448 
315 -1.583448 
280 -1.583448 
57 -1.583448 
313 -1.584075 
327 -1.584685 
108 -1.584685 
183 -1.584685 
680 -1.584685 
880 -1.589784 
577 -1.590217 
224 -1.594467 
1176 -1.594713 
717 -1.599296 
71 -1.599296 
511 -1.599296 
740 -1.599296 
626 -1.605532 
1010 -1.605532 
995 -1.605551 
501 -1.607604 
84 -1.607604 
767 -1.607604 
445 -1.607604 
4 -1.611008 
906 -1.611606 
136 -1.615517 
408 -1.615709 
455 -1.615709 
125 -1.615709 
477 -1.615709 
1198 -1.618147 
1161 -1.619188 
1144 -1.623287 
507 -1.623287 
852 -1.623287 
849 -1.623287 
1458 -1.626580 
588 -1.626580 
1105 -1.626580 
1475 -1.626580 
1448 -1.629250 
1399 -1.629250 
66 -1.630362 
417 -1.630362 
26 -1.630362 
41 -1.630362 
1348 -1.630706 
1135 -1.633163 
952 -1.635597 
367 -1.635795 
98 -1.636635 
167 -1.636635 
387 -1.636635 
385 -1.636635 
40 -1.651128 
1451 -1.651128 
1450 -1.671677 
282 -1.671677 
538 -1.675150 
434 -1.683669 
1310 -1.683700 
545 -1.690360 
35 -1.690360 
58 -1.690360 
75 -1.690360 
407 -1.691115 
1315 -1.691115 
452 -1.691115 
466 -1.691115 
720 -1.693879 
96 -1.696321 
218 -1.696847 
1360 -1.696847 
1337 -1.701743 
29 -1.707428 
116 -1.707428 
202 -1.707428 
899 -1.707428 
1160 -1.712127 
536 -1.717572 
548 -1.717572 
472 -1.717572 
11 -1.717572 
1101 -1.724510 
277 -1.724510 
449 -1.724510 
977 -1.724510 
665 -1.728613 
1155 -1.728613 
831 -1.728613 
1165 -1.728613 
692 -1.729655 
166 -1.732013 
1215 -1.734547 
81 -1.737968 
419 -1.739677 
158 -1.739677 
583 -1.739870 
541 -1.739870 
581 -1.745116 
216 -1.745116 
820 -1.745116 
521 -1.745116 
1208 -1.747719 
332 -1.753564 
246 -1.755890 
50 -1.755890 
245 -1.755890 
259 -1.755890 
17 -1.756082 
739 -1.764224 
344 -1.764224 
483 -1.764224 
668 -1.764224 
470 -1.764757 
85 -1.764757 
469 -1.764757 
312 -1.764757 
1386 -1.768246 
1415 -1.768246 
1382 -1.768246 
1319 -1.768246 
399 -1.771858 
264 -1.771858 
493 -1.771858 
496 -1.771858 
134 -1.777513 
939 -1.779680 
998 -1.779680 
448 -1.783681 
361 -1.783681 
377 -1.783681 
427 -1.783681 
889 -1.786758 
900 -1.786758 
1071 -1.786758 
653 -1.786758 
1471 -1.787579 
748 -1.790154 
1413 -1.790154 
1217 -1.790154 
1141 -1.790154 
398 -1.792287 
837 -1.792287 
144 -1.793996 
1096 -1.793996 
519 -1.798576 
1339 -1.798576 
570 -1.800100 
1022 -1.800621 
1124 -1.800621 
1332 -1.812466 
1354 -1.812466 
1362 -1.812466 
1429 -1.812466 
269 -1.820399 
286 -1.820399 
394 -1.820399 
176 -1.820399 
556 -1.831201 
1308 -1.831201 
510 -1.858548 
675 -1.871447 
822 -1.871447 
1180 -1.871447 
1391 -1.871447 
764 -1.880795 
1370 -1.896525 
38 -1.907334 
429 -1.922933 
819 -1.922933 
186 -1.922933 
877 -1.922933 
1396 -1.932007 
1237 -1.932007 
884 -1.932007 
1323 -1.932007 
1268 -1.942344 
82 -1.942344 
547 -1.944287 
415 -1.944287 
382 -1.944287 
388 -1.944287 
101 -1.951225 
1347 -1.956426 
620 -1.956426 
1364 -1.956426 
1287 -1.956426 
52 -1.958446 
871 -1.958446 
1027 -1.958446 
386 -1.958446 
1181 -1.962535 
784 -1.962535 
683 -1.962535 
573 -1.962535 
592 -1.970426 
122 -1.970426 
266 -1.970426 
730 -1.970426 
1248 -1.988245 
1 -1.988245 
1276 -1.988245 
1080 -1.988245 
594 -1.990241 
1453 -1.990600 
1036 -2.034870 
1373 -2.034870 
882 -2.034870 
111 -2.070187 
755 -2.070187 
766 -2.070187 
450 -2.070187 
809 -2.109952 
31 -2.116241 
384 -2.140145 
1513 -2.140145 
256 -2.153261 
1446 -2.153261 
1199 -2.160735 
18 -2.162768 
1032 -2.162768 
1119 -2.162768 
1055 -2.162768 
1454 -2.163370 
774 -2.163370 
806 -2.163370 
1057 -2.163370 
1485 -2.167521 
1030 -2.167521 
1060 -2.167521 
1108 -2.167521 
976 -2.174911 
627 -2.175328 
175 -2.175328 
718 -2.175328 
534 -2.175328 
826 -2.176642 
409 -2.176642 
564 -2.176642 
743 -2.176642 
1174 -2.185908 
355 -2.188747 
103 -2.206539 
1284 -2.210665 
1474 -2.221952 
601 -2.221952 
232 -2.221952 
553 -2.221952 
1419 -2.229490 
1256 -2.229490 
1376 -2.229490 
917 -2.229490 
442 -2.247633 
608 -2.251119 
1341 -2.282168 
1185 -2.282168 
919 -2.282168 
1439 -2.313447 
993 -2.313447 
1499 -2.313447 
909 -2.315393 
930 -2.315393 
1302 -2.315393 
311 -2.315393 
454 -2.325986 
318 -2.325986 
402 -2.325986 
498 -2.325986 
783 -2.331511 
76 -2.362112 
1044 -2.362112 
403 -2.381519 
1204 -2.384815 
1369 -2.384815 
1051 -2.397951 
468 -2.397951 
1213 -2.618320 
8 -2.618320 
751 -2.618320 
1365 -2.618320 
13 -2.732816 
14 -2.732816 
222 -2.732816 
34 -2.732816 
16 -2.863477 
527 -2.863477 
