3175 1
0 2.044742 
1 1.832492 
2 1.768138 
3 1.713446 
4 2.056168 
5 2.126261 
6 1.340471 
7 -1.446978 
8 -2.031489 
9 -1.654587 
10 -1.467329 
11 -1.503725 
12 -1.608420 
13 -1.500951 
14 -1.629588 
15 -1.563037 
16 -1.572359 
17 -1.604802 
18 1.580666 
19 1.528561 
20 1.541983 
21 1.413524 
22 1.553267 
23 1.846627 
24 1.517651 
25 -0.576628 
26 -2.161194 
27 -2.123485 
28 -1.628968 
29 -1.644160 
30 -1.545833 
31 -1.580582 
32 -1.576151 
33 -1.583958 
34 -1.571884 
35 -1.654253 
36 1.639817 
37 1.598434 
38 1.552777 
39 1.578872 
40 1.696357 
41 2.074363 
42 1.979989 
43 0.137947 
44 -1.719703 
45 -1.888793 
46 -1.524314 
47 -1.590021 
48 -1.643236 
49 -1.564391 
50 -1.500046 
51 -1.585519 
52 -1.557013 
53 -1.709022 
54 1.569836 
55 1.473594 
56 1.534031 
57 1.532211 
58 1.422544 
59 1.811865 
60 1.932246 
61 0.725079 
62 -1.430329 
63 -2.242865 
64 -1.595777 
65 -1.493385 
66 -1.541312 
67 -1.407657 
68 -1.522287 
69 -1.509377 
70 -1.538658 
71 -1.576323 
72 1.578302 
73 1.522340 
74 1.456660 
75 1.541540 
76 1.670862 
77 1.711415 
78 1.782085 
79 1.129857 
80 -0.546585 
81 -1.881341 
82 -1.840948 
83 -1.660155 
84 -1.595040 
85 -1.478692 
86 -1.499306 
87 -1.457600 
88 -1.536221 
89 -1.657730 
90 1.521858 
91 1.444538 
92 1.588416 
93 1.531729 
94 1.399800 
95 1.503011 
96 2.496516 
97 1.485729 
98 0.088914 
99 -1.600979 
100 -1.600505 
101 -1.463108 
102 -1.523593 
103 -1.511939 
104 -1.538314 
105 -1.494470 
106 -1.493991 
107 -1.509928 
108 1.496410 
109 1.549307 
110 1.560290 
111 1.483349 
112 1.504866 
113 1.478329 
114 1.562279 
115 1.436808 
116 0.555528 
117 -1.301037 
118 -2.251746 
119 -1.938136 
120 -1.515930 
121 -1.551292 
122 -1.577307 
123 -1.502962 
124 -1.599601 
125 -1.544613 
126 1.542555 
127 1.461338 
128 1.481516 
129 1.575244 
130 1.621076 
131 1.623013 
132 2.048863 
133 2.122293 
134 1.242613 
135 -1.064696 
136 -1.850333 
137 -1.581738 
138 -1.582414 
139 -1.497880 
140 -1.611421 
141 -1.674913 
142 -1.537858 
143 -1.610825 
144 1.586483 
145 1.543246 
146 1.664946 
147 1.628090 
148 1.542302 
149 1.532021 
150 1.488524 
151 1.754156 
152 1.826544 
153 -0.062685 
154 -1.943806 
155 -2.113275 
156 -1.639054 
157 -1.602752 
158 -1.604867 
159 -1.554700 
160 -1.574902 
161 -1.619329 
162 1.638496 
163 1.549800 
164 1.614582 
165 1.516745 
166 1.591080 
167 1.568001 
168 1.718782 
169 1.853328 
170 1.998449 
171 0.802635 
172 -1.455047 
173 -1.847048 
174 -1.543969 
175 -1.671564 
176 -1.555932 
177 -1.515197 
178 -1.506977 
179 -1.602557 
180 1.566899 
181 1.538905 
182 1.500904 
183 1.624137 
184 1.473032 
185 1.504119 
186 1.541148 
187 1.759543 
188 2.028571 
189 0.991562 
190 -1.347614 
191 -2.128501 
192 -1.502724 
193 -1.539188 
194 -1.604884 
195 -1.474681 
196 -1.449201 
197 -1.589564 
198 1.572729 
199 1.488002 
200 1.530872 
201 1.532052 
202 1.539406 
203 1.540245 
204 1.878997 
205 2.010553 
206 1.471210 
207 0.547385 
208 -0.757296 
209 -1.818923 
210 -1.786598 
211 -1.760767 
212 -1.517824 
213 -1.626806 
214 -1.563853 
215 -1.516109 
216 1.563485 
217 1.512448 
218 1.464592 
219 1.585608 
220 1.436418 
221 1.470494 
222 1.441521 
223 1.625447 
224 1.985757 
225 0.593124 
226 -0.987373 
227 -2.461889 
228 -1.578033 
229 -1.515284 
230 -1.473908 
231 -1.517434 
232 -1.529291 
233 -1.505991 
234 1.556843 
235 1.464585 
236 1.523877 
237 1.615620 
238 1.512462 
239 1.490159 
240 1.786981 
241 1.892476 
242 1.685506 
243 0.500275 
244 -1.001613 
245 -1.774206 
246 -1.743498 
247 -1.657625 
248 -1.565568 
249 -1.470435 
250 -1.519227 
251 -1.599716 
252 1.549458 
253 1.537742 
254 1.438088 
255 1.549444 
256 1.579016 
257 1.464591 
258 1.436059 
259 1.631171 
260 2.186420 
261 1.038771 
262 -1.423188 
263 -2.196775 
264 -1.678224 
265 -1.544608 
266 -1.591285 
267 -1.622594 
268 -1.584376 
269 -1.579143 
270 1.602134 
271 1.578994 
272 1.587618 
273 1.612759 
274 1.620280 
275 1.585900 
276 1.670073 
277 1.883107 
278 2.020209 
279 1.043129 
280 -1.311220 
281 -1.903714 
282 -1.772547 
283 -1.721360 
284 -1.588331 
285 -1.595707 
286 -1.539947 
287 -1.685254 
288 1.643027 
289 1.585382 
290 1.560607 
291 1.583472 
292 1.610526 
293 1.574316 
294 1.599293 
295 1.610767 
296 2.111461 
297 1.238674 
298 -1.247769 
299 -2.017399 
300 -1.560344 
301 -1.665898 
302 -1.535373 
303 -1.485126 
304 -1.532416 
305 -1.568693 
306 1.619545 
307 1.571461 
308 1.550587 
309 1.568325 
310 1.558371 
311 1.620290 
312 1.662577 
313 1.804512 
314 1.833365 
315 1.396146 
316 -1.016523 
317 -2.080502 
318 -1.794628 
319 -1.797337 
320 -1.473358 
321 -1.554589 
322 -1.529980 
323 -1.618857 
324 1.506182 
325 1.519395 
326 1.515370 
327 1.568677 
328 1.570082 
329 1.553210 
330 1.505853 
331 1.516656 
332 1.439715 
333 1.446450 
334 1.527216 
335 1.567417 
336 1.525581 
337 1.523166 
338 1.521194 
339 1.538111 
340 1.500045 
341 1.526655 
342 1.537769 
343 1.511762 
344 1.522550 
345 1.475406 
346 1.506882 
347 1.471449 
348 1.468567 
349 1.555346 
350 1.435982 
351 1.501013 
352 1.479580 
353 1.528322 
354 1.395198 
355 1.529047 
356 1.500321 
357 1.463122 
358 1.475651 
359 1.542730 
360 1.505561 
361 1.346555 
362 1.319997 
363 1.676315 
364 1.452145 
365 1.533840 
366 1.278129 
367 1.528412 
368 1.488827 
369 1.489307 
370 1.193641 
371 1.666037 
372 3.560322 
373 -0.234844 
374 0.985041 
375 0.124680 
376 1.663257 
377 0.267834 
378 -2.856468 
379 -0.861237 
380 -1.590020 
381 -0.417640 
382 -1.194798 
383 -2.551621 
384 -1.646326 
385 -1.552425 
386 -1.461221 
387 -1.327668 
388 -1.377305 
389 -1.535642 
390 -1.248274 
391 -1.712977 
392 -1.552980 
393 -1.443607 
394 -1.488081 
395 -1.573799 
396 -1.462827 
397 -1.566352 
398 -1.550385 
399 -1.505269 
400 -1.511599 
401 -1.608854 
402 -1.463891 
403 -1.371215 
404 -1.483385 
405 -1.531381 
406 -1.528931 
407 -1.469674 
408 -1.468035 
409 -1.579414 
410 -1.436371 
411 -1.547481 
412 -1.486299 
413 -1.524382 
414 -1.484594 
415 -1.419018 
416 -1.558551 
417 -1.533930 
418 -1.441859 
419 -1.499881 
420 -1.482918 
421 -1.503609 
422 -1.504902 
423 -1.599361 
424 -1.481866 
425 -1.447083 
426 -1.480007 
427 -1.503219 
428 -1.533103 
429 -1.578000 
430 -1.435133 
431 -1.462638 
432 -1.567238 
433 1.473942 
434 1.415347 
435 1.468718 
436 1.477157 
437 1.501659 
438 1.459488 
439 1.457446 
440 1.578686 
441 1.384977 
442 1.499896 
443 1.488111 
444 1.418614 
445 1.426409 
446 1.375278 
447 1.640514 
448 1.280777 
449 1.333665 
450 1.415704 
451 1.646506 
452 3.356774 
453 0.503836 
454 1.260109 
455 0.620185 
456 -1.176289 
457 -0.165028 
458 -0.942839 
459 -3.135208 
460 -1.220985 
461 -1.592131 
462 -1.396088 
463 -1.486028 
464 -1.534560 
465 -1.535440 
466 -1.533537 
467 -1.431806 
468 -1.474730 
469 -1.531466 
470 -1.557504 
471 -1.544229 
472 -1.559903 
473 -1.561554 
474 -1.463487 
475 -1.456737 
476 -1.514953 
477 -1.487933 
478 -1.512445 
479 -1.561674 
480 -1.477002 
481 -1.510732 
482 -1.465793 
483 -1.501578 
484 -1.533051 
485 -1.514557 
486 -1.507119 
487 -1.496822 
488 -1.476024 
489 1.453911 
490 1.437174 
491 1.519636 
492 1.484422 
493 1.410885 
494 1.569292 
495 1.554787 
496 1.556913 
497 1.480869 
498 1.509202 
499 1.439168 
500 1.433474 
501 1.417693 
502 1.544892 
503 1.638209 
504 1.225024 
505 1.334834 
506 1.671015 
507 1.400200 
508 2.290084 
509 0.971032 
510 1.710517 
511 0.987698 
512 -1.173504 
513 0.348808 
514 -0.613317 
515 -3.098986 
516 -1.084853 
517 -1.646105 
518 -1.410859 
519 -1.743039 
520 -1.535661 
521 -1.512856 
522 -1.539722 
523 -1.393965 
524 -1.596237 
525 -1.376348 
526 -1.511922 
527 -1.550305 
528 -1.409063 
529 -1.498440 
530 -1.477208 
531 -1.550450 
532 -1.515175 
533 -1.489212 
534 -1.493650 
535 -1.473189 
536 -1.477840 
537 -1.492182 
538 -1.490227 
539 -1.515656 
540 -1.444440 
541 -1.523025 
542 -1.488998 
543 -1.497165 
544 -1.484671 
545 1.454121 
546 1.557845 
547 1.399459 
548 1.510094 
549 1.622710 
550 1.438389 
551 1.396549 
552 1.483106 
553 1.458734 
554 1.447863 
555 1.539637 
556 1.465193 
557 1.421154 
558 1.459716 
559 1.631435 
560 1.227583 
561 1.336428 
562 1.665692 
563 1.528464 
564 1.661384 
565 1.358091 
566 1.522376 
567 1.392304 
568 -0.505711 
569 1.230002 
570 0.037808 
571 -3.001126 
572 -1.105486 
573 -1.649942 
574 -1.493125 
575 -1.902357 
576 -1.663554 
577 -1.336509 
578 -1.412029 
579 -1.401026 
580 -1.520294 
581 -1.521651 
582 -1.512878 
583 -1.559698 
584 -1.569123 
585 -1.533911 
586 -1.473691 
587 -1.430196 
588 -1.496248 
589 -1.535388 
590 -1.586915 
591 -1.506945 
592 -1.484421 
593 -1.566071 
594 -1.553729 
595 -1.548663 
596 -1.526267 
597 -1.531709 
598 -1.465527 
599 -1.566592 
600 -1.561422 
601 1.520719 
602 1.508030 
603 1.465916 
604 1.602889 
605 1.407991 
606 1.434915 
607 1.524693 
608 1.447944 
609 1.522436 
610 1.543951 
611 1.555855 
612 1.419121 
613 1.503161 
614 1.588654 
615 1.537439 
616 1.331318 
617 1.451078 
618 1.594143 
619 1.408576 
620 1.511096 
621 1.518636 
622 1.417184 
623 1.367303 
624 0.662771 
625 1.964698 
626 1.026231 
627 -2.512090 
628 -0.189234 
629 -0.996936 
630 -2.478048 
631 -1.727769 
632 -1.633052 
633 -1.319656 
634 -1.401621 
635 -1.348421 
636 -1.422027 
637 -1.495608 
638 -1.564117 
639 -1.560457 
640 -1.525717 
641 -1.519084 
642 -1.531410 
643 -1.471741 
644 -1.471756 
645 -1.515433 
646 -1.538353 
647 -1.504805 
648 -1.494324 
649 -1.417224 
650 -1.520220 
651 -1.634339 
652 -1.539095 
653 -1.497082 
654 -1.583808 
655 -1.495670 
656 -1.579554 
657 1.465895 
658 1.497356 
659 1.408950 
660 1.435915 
661 1.559973 
662 1.498487 
663 1.421987 
664 1.517722 
665 1.479355 
666 1.476515 
667 1.539960 
668 1.483623 
669 1.459699 
670 1.484357 
671 1.511722 
672 1.408022 
673 1.390644 
674 1.652485 
675 1.489312 
676 1.393742 
677 1.532895 
678 1.437700 
679 1.454640 
680 1.503276 
681 2.193554 
682 1.686931 
683 -1.445542 
684 0.284979 
685 -0.917246 
686 -2.518688 
687 -1.881286 
688 -1.739061 
689 -1.295022 
690 -1.500091 
691 -1.334121 
692 -1.473016 
693 -1.487641 
694 -1.551458 
695 -1.418582 
696 -1.539819 
697 -1.547947 
698 -1.474511 
699 -1.438400 
700 -1.539636 
701 -1.496281 
702 -1.538293 
703 -1.529318 
704 -1.505818 
705 -1.511320 
706 -1.507862 
707 -1.531353 
708 -1.517463 
709 -1.501705 
710 -1.437328 
711 -1.526356 
712 -1.565435 
713 1.533280 
714 1.529872 
715 1.559575 
716 1.584996 
717 1.483801 
718 1.581568 
719 1.461800 
720 1.526973 
721 1.489962 
722 1.534958 
723 1.459342 
724 1.475673 
725 1.553453 
726 1.507863 
727 1.525603 
728 1.532092 
729 1.450596 
730 1.446492 
731 1.508803 
732 1.255390 
733 1.583154 
734 1.373166 
735 1.456614 
736 1.495396 
737 2.345901 
738 1.529866 
739 -0.634357 
740 0.655865 
741 -0.149027 
742 -3.492868 
743 -1.128481 
744 -1.468051 
745 -1.455488 
746 -1.440926 
747 -1.509827 
748 -1.428441 
749 -1.591922 
750 -1.462949 
751 -1.466899 
752 -1.605805 
753 -1.400757 
754 -1.548505 
755 -1.483609 
756 -1.475836 
757 -1.475666 
758 -1.495632 
759 -1.534339 
760 -1.401570 
761 -1.537118 
762 -1.499354 
763 -1.644099 
764 -1.440468 
765 -1.511797 
766 -1.476274 
767 -1.534730 
768 -1.571085 
769 1.557667 
770 1.451844 
771 1.475004 
772 1.531462 
773 1.532142 
774 1.510283 
775 1.467721 
776 1.506273 
777 1.490973 
778 1.518938 
779 1.561004 
780 1.599569 
781 1.410908 
782 1.441116 
783 1.520595 
784 1.462453 
785 1.518675 
786 1.528237 
787 1.475059 
788 1.422807 
789 1.543309 
790 1.389371 
791 1.412688 
792 1.865721 
793 1.651599 
794 1.661690 
795 0.129521 
796 1.744234 
797 0.677625 
798 -2.637096 
799 -0.636061 
800 -1.259161 
801 -1.439735 
802 -1.540531 
803 -1.606704 
804 -1.492940 
805 -1.526439 
806 -1.404818 
807 -1.439479 
808 -1.405890 
809 -1.431633 
810 -1.595097 
811 -1.513622 
812 -1.451852 
813 -1.495129 
814 -1.573779 
815 -1.448447 
816 -1.553594 
817 -1.472937 
818 -1.372968 
819 -1.580628 
820 -1.451154 
821 -1.477623 
822 -1.505213 
823 -1.457239 
824 -1.482252 
825 1.426127 
826 1.508535 
827 1.506107 
828 1.575394 
829 1.420942 
830 1.517737 
831 1.564244 
832 1.434678 
833 1.534816 
834 1.540694 
835 1.494125 
836 1.550578 
837 1.553388 
838 1.502865 
839 1.478020 
840 1.550325 
841 1.473865 
842 1.536297 
843 1.522739 
844 1.518523 
845 1.523804 
846 1.423214 
847 1.439024 
848 1.740558 
849 1.453998 
850 1.689316 
851 0.702476 
852 3.016984 
853 1.254740 
854 -1.389130 
855 0.150274 
856 -0.509326 
857 -2.129062 
858 -1.058980 
859 -1.849960 
860 -1.477899 
861 -1.600083 
862 -1.431089 
863 -1.293156 
864 -1.563283 
865 -1.443280 
866 -1.508670 
867 -1.524877 
868 -1.523114 
869 -1.568121 
870 -1.407677 
871 -1.469772 
872 -1.472739 
873 -1.521717 
874 -1.526354 
875 -1.518092 
876 -1.463528 
877 -1.556642 
878 -1.516904 
879 -1.592137 
880 -1.426869 
881 1.393761 
882 1.468524 
883 1.520003 
884 1.465082 
885 1.515015 
886 1.439519 
887 1.526511 
888 1.563591 
889 1.496237 
890 1.369635 
891 1.417125 
892 1.527023 
893 1.483427 
894 1.481584 
895 1.479962 
896 1.529931 
897 1.449517 
898 1.483031 
899 1.496910 
900 1.376871 
901 1.586060 
902 1.460069 
903 1.370489 
904 1.698423 
905 1.291278 
906 1.483281 
907 1.380136 
908 2.379143 
909 1.944586 
910 -0.534078 
911 0.566233 
912 -0.389306 
913 -2.096327 
914 -1.050885 
915 -2.054597 
916 -1.411327 
917 -1.633520 
918 -1.435325 
919 -1.352041 
920 -1.442023 
921 -1.449269 
922 -1.594261 
923 -1.447013 
924 -1.538578 
925 -1.457642 
926 -1.541371 
927 -1.488054 
928 -1.495087 
929 -1.427810 
930 -1.497266 
931 -1.588721 
932 -1.380445 
933 -1.513169 
934 -1.451361 
935 -1.520224 
936 -1.507904 
937 1.510872 
938 1.572230 
939 1.348255 
940 1.579853 
941 1.551983 
942 1.429923 
943 1.392113 
944 1.542347 
945 1.505492 
946 1.484070 
947 1.452852 
948 1.452608 
949 1.516735 
950 1.493145 
951 1.523660 
952 1.535140 
953 1.482165 
954 1.440632 
955 1.516110 
956 1.377186 
957 1.463174 
958 1.439817 
959 1.487379 
960 1.448857 
961 1.398863 
962 1.664181 
963 1.207463 
964 2.620371 
965 2.051275 
966 -0.128733 
967 0.739626 
968 -0.169508 
969 -2.511984 
970 -0.858445 
971 -2.039943 
972 -1.492603 
973 -1.468641 
974 -1.528837 
975 -1.349718 
976 -1.605097 
977 -1.446395 
978 -1.518714 
979 -1.496721 
980 -1.511325 
981 -1.450898 
982 -1.510157 
983 -1.482364 
984 -1.549272 
985 -1.514662 
986 -1.411499 
987 -1.533414 
988 -1.399554 
989 -1.536008 
990 -1.632629 
991 -1.574003 
992 -1.474239 
993 1.491151 
994 1.552627 
995 1.438855 
996 1.522211 
997 1.482784 
998 1.541662 
999 1.458317 
1000 1.501525 
1001 1.467317 
1002 1.517793 
1003 1.427771 
1004 1.533325 
1005 1.487363 
1006 1.557653 
1007 1.436394 
1008 1.582623 
1009 1.563116 
1010 1.456012 
1011 1.442962 
1012 1.418373 
1013 1.472436 
1014 1.428248 
1015 1.524656 
1016 1.541553 
1017 1.365843 
1018 1.570720 
1019 1.202627 
1020 2.891926 
1021 1.757550 
1022 -0.177831 
1023 0.471255 
1024 -0.477986 
1025 -2.167521 
1026 -1.169556 
1027 -2.109590 
1028 -1.454582 
1029 -1.597394 
1030 -1.527478 
1031 -1.380568 
1032 -1.637138 
1033 -1.500733 
1034 -1.465208 
1035 -1.458663 
1036 -1.495186 
1037 -1.511643 
1038 -1.483001 
1039 -1.618243 
1040 -1.565459 
1041 -1.591184 
1042 -1.486742 
1043 -1.463105 
1044 -1.498749 
1045 -1.484066 
1046 -1.450823 
1047 -1.572154 
1048 -1.418280 
1049 1.570124 
1050 1.528396 
1051 1.459555 
1052 1.599937 
1053 1.496544 
1054 1.482296 
1055 1.486528 
1056 1.473908 
1057 1.489989 
1058 1.540260 
1059 1.453849 
1060 1.452963 
1061 1.463501 
1062 1.490172 
1063 1.539897 
1064 1.513502 
1065 1.514908 
1066 1.485693 
1067 1.530002 
1068 1.362112 
1069 1.561608 
1070 1.564467 
1071 1.437449 
1072 1.692578 
1073 1.335136 
1074 1.565172 
1075 1.513424 
1076 2.447913 
1077 1.995092 
1078 -0.386833 
1079 0.786170 
1080 -0.460395 
1081 -1.977237 
1082 -1.308060 
1083 -2.137488 
1084 -1.387509 
1085 -1.597164 
1086 -1.540994 
1087 -1.363187 
1088 -1.517429 
1089 -1.533859 
1090 -1.480245 
1091 -1.528748 
1092 -1.563915 
1093 -1.545659 
1094 -1.510522 
1095 -1.538112 
1096 -1.546014 
1097 -1.456157 
1098 -1.524197 
1099 -1.512251 
1100 -1.486851 
1101 -1.660326 
1102 -1.477952 
1103 -1.518572 
1104 -1.517563 
1105 1.604185 
1106 1.451113 
1107 1.524803 
1108 1.555054 
1109 1.493575 
1110 1.465044 
1111 1.440662 
1112 1.458696 
1113 1.556956 
1114 1.538913 
1115 1.523957 
1116 1.551252 
1117 1.503320 
1118 1.459964 
1119 1.482400 
1120 1.631274 
1121 1.520501 
1122 1.533876 
1123 1.373768 
1124 1.484982 
1125 1.535959 
1126 1.484558 
1127 1.471016 
1128 1.589985 
1129 1.503405 
1130 1.603009 
1131 0.990762 
1132 3.099637 
1133 1.555055 
1134 -0.360583 
1135 0.455133 
1136 -0.182167 
1137 -2.203173 
1138 -1.031819 
1139 -2.150529 
1140 -1.558196 
1141 -1.430999 
1142 -1.485580 
1143 -1.280958 
1144 -1.415625 
1145 -1.435412 
1146 -1.505104 
1147 -1.515124 
1148 -1.583474 
1149 -1.444847 
1150 -1.518399 
1151 -1.555854 
1152 -1.591043 
1153 -1.477281 
1154 -1.471760 
1155 -1.502172 
1156 -1.434087 
1157 -1.497540 
1158 -1.487155 
1159 -1.595325 
1160 -1.544082 
1161 1.438157 
1162 1.422844 
1163 1.541811 
1164 1.475359 
1165 1.546633 
1166 1.497059 
1167 1.510430 
1168 1.439871 
1169 1.491267 
1170 1.485099 
1171 1.567904 
1172 1.468323 
1173 1.546589 
1174 1.454470 
1175 1.595647 
1176 1.571053 
1177 1.423014 
1178 1.574426 
1179 1.475271 
1180 1.439794 
1181 1.540899 
1182 1.427258 
1183 1.456617 
1184 1.531271 
1185 1.346622 
1186 1.401184 
1187 1.712642 
1188 2.450708 
1189 1.921868 
1190 -0.364891 
1191 0.649394 
1192 -0.424729 
1193 -2.026136 
1194 -1.328973 
1195 -2.052270 
1196 -1.555388 
1197 -1.540498 
1198 -1.340335 
1199 -1.456691 
1200 -1.555384 
1201 -1.465891 
1202 -1.480648 
1203 -1.413537 
1204 -1.469738 
1205 -1.517724 
1206 -1.484271 
1207 -1.443110 
1208 -1.455548 
1209 -1.516454 
1210 -1.527182 
1211 -1.448591 
1212 -1.469481 
1213 -1.425384 
1214 -1.552842 
1215 -1.579741 
1216 -1.588434 
1217 1.449001 
1218 1.411919 
1219 1.495404 
1220 1.559829 
1221 1.561024 
1222 1.414291 
1223 1.403867 
1224 1.449593 
1225 1.405495 
1226 1.581968 
1227 1.519573 
1228 1.470056 
1229 1.517962 
1230 1.557069 
1231 1.368056 
1232 1.473411 
1233 1.551051 
1234 1.518943 
1235 1.492659 
1236 1.442378 
1237 1.519233 
1238 1.435927 
1239 1.369336 
1240 1.511900 
1241 1.371367 
1242 1.580839 
1243 1.267753 
1244 2.462517 
1245 1.981517 
1246 -0.199220 
1247 0.661343 
1248 -0.154800 
1249 -2.340203 
1250 -0.895670 
1251 -2.074623 
1252 -1.416324 
1253 -1.540768 
1254 -1.350563 
1255 -1.386558 
1256 -1.411379 
1257 -1.426635 
1258 -1.606951 
1259 -1.583068 
1260 -1.453534 
1261 -1.574650 
1262 -1.403623 
1263 -1.503840 
1264 -1.508761 
1265 -1.441126 
1266 -1.399770 
1267 -1.520016 
1268 -1.518437 
1269 -1.542349 
1270 -1.492110 
1271 -1.453339 
1272 -1.444603 
1273 1.513520 
1274 1.477232 
1275 1.446982 
1276 1.569301 
1277 1.424715 
1278 1.409405 
1279 1.545962 
1280 1.453339 
1281 1.564678 
1282 1.384741 
1283 1.561382 
1284 1.536823 
1285 1.396669 
1286 1.511572 
1287 1.543474 
1288 1.472621 
1289 1.517353 
1290 1.496048 
1291 1.456224 
1292 1.405760 
1293 1.536093 
1294 1.485605 
1295 1.503808 
1296 1.563726 
1297 1.271897 
1298 1.340570 
1299 1.552525 
1300 2.221121 
1301 2.078513 
1302 -0.171575 
1303 0.893068 
1304 -0.038525 
1305 -2.161455 
1306 -0.941888 
1307 -2.125564 
1308 -1.352268 
1309 -1.559941 
1310 -1.414893 
1311 -1.378850 
1312 -1.487426 
1313 -1.403995 
1314 -1.449737 
1315 -1.484871 
1316 -1.434988 
1317 -1.539837 
1318 -1.512648 
1319 -1.456674 
1320 -1.475129 
1321 -1.498740 
1322 -1.475664 
1323 -1.517316 
1324 -1.508957 
1325 -1.428756 
1326 -1.434564 
1327 -1.550926 
1328 -1.445370 
1329 1.488927 
1330 1.517232 
1331 1.513149 
1332 1.619256 
1333 1.467211 
1334 1.438349 
1335 1.412096 
1336 1.581389 
1337 1.492065 
1338 1.419640 
1339 1.474228 
1340 1.501737 
1341 1.451060 
1342 1.462585 
1343 1.547105 
1344 1.449320 
1345 1.564591 
1346 1.494387 
1347 1.576422 
1348 1.493442 
1349 1.551789 
1350 1.444185 
1351 1.499750 
1352 1.370663 
1353 1.253841 
1354 1.408741 
1355 1.522038 
1356 2.139344 
1357 1.942595 
1358 0.364157 
1359 1.176031 
1360 0.439341 
1361 -3.129809 
1362 -0.233424 
1363 -1.636758 
1364 -1.515980 
1365 -1.412344 
1366 -1.483776 
1367 -1.391092 
1368 -1.528245 
1369 -1.451219 
1370 -1.523902 
1371 -1.451811 
1372 -1.495238 
1373 -1.535675 
1374 -1.456247 
1375 -1.580606 
1376 -1.505885 
1377 -1.525401 
1378 -1.450350 
1379 -1.615493 
1380 -1.433779 
1381 -1.396175 
1382 -1.626415 
1383 -1.475124 
1384 -1.690085 
1385 1.437424 
1386 1.364015 
1387 1.493573 
1388 1.487586 
1389 1.579103 
1390 1.481179 
1391 1.454077 
1392 1.506207 
1393 1.521597 
1394 1.390060 
1395 1.526003 
1396 1.529524 
1397 1.549253 
1398 1.523449 
1399 1.451097 
1400 1.410424 
1401 1.343665 
1402 1.531037 
1403 1.578907 
1404 1.369781 
1405 -1.481933 
1406 1.638562 
1407 1.548921 
1408 1.518893 
1409 1.503764 
1410 1.662403 
1411 1.852078 
1412 1.267060 
1413 -1.469018 
1414 -2.113576 
1415 -1.987665 
1416 -1.607294 
1417 -1.674174 
1418 -1.561151 
1419 -1.570107 
1420 -1.570638 
1421 -1.560167 
1422 -1.525007 
1423 -1.606749 
1424 1.610801 
1425 1.598739 
1426 1.577328 
1427 1.536434 
1428 1.957327 
1429 2.102926 
1430 1.544719 
1431 -0.760641 
1432 -1.854332 
1433 -1.708355 
1434 -1.515664 
1435 -1.430294 
1436 -1.581740 
1437 -1.593958 
1438 -1.565360 
1439 -1.587315 
1440 -1.578438 
1441 -1.608789 
1442 1.521734 
1443 1.634099 
1444 1.649649 
1445 1.487353 
1446 1.518000 
1447 1.785990 
1448 1.842627 
1449 0.138724 
1450 -1.896199 
1451 -2.206088 
1452 -1.519443 
1453 -1.563513 
1454 -1.618157 
1455 -1.540719 
1456 -1.524893 
1457 -1.586460 
1458 -1.580935 
1459 -1.602038 
1460 1.548657 
1461 1.623051 
1462 1.557814 
1463 1.583192 
1464 1.727467 
1465 1.850473 
1466 1.828284 
1467 0.770215 
1468 -1.455529 
1469 -2.063447 
1470 -1.638908 
1471 -1.538352 
1472 -1.538311 
1473 -1.538791 
1474 -1.506397 
1475 -1.459185 
1476 -1.522252 
1477 -1.568532 
1478 1.509235 
1479 1.478817 
1480 1.484981 
1481 1.542769 
1482 1.405129 
1483 1.658623 
1484 2.299599 
1485 0.947757 
1486 -0.431054 
1487 -2.157785 
1488 -1.566676 
1489 -1.483579 
1490 -1.515068 
1491 -1.534367 
1492 -1.506658 
1493 -1.561471 
1494 -1.520480 
1495 -1.504394 
1496 1.537753 
1497 1.523191 
1498 1.510002 
1499 1.511912 
1500 1.482515 
1501 1.659663 
1502 1.706515 
1503 1.188622 
1504 -0.025172 
1505 -1.495857 
1506 -2.253443 
1507 -1.877010 
1508 -1.497811 
1509 -1.560294 
1510 -1.566705 
1511 -1.452300 
1512 -1.570379 
1513 -1.567267 
1514 1.458654 
1515 1.478880 
1516 1.472724 
1517 1.554122 
1518 1.555939 
1519 1.483273 
1520 2.219429 
1521 1.975027 
1522 0.626779 
1523 -1.253768 
1524 -1.703350 
1525 -1.455659 
1526 -1.500379 
1527 -1.335454 
1528 -1.538664 
1529 -1.514250 
1530 -1.454989 
1531 -1.593759 
1532 1.459986 
1533 1.505538 
1534 1.537689 
1535 1.511732 
1536 1.541985 
1537 1.531841 
1538 1.558282 
1539 1.698666 
1540 1.318686 
1541 -0.971249 
1542 -2.222359 
1543 -1.937036 
1544 -1.583705 
1545 -1.581366 
1546 -1.540655 
1547 -1.574202 
1548 -1.623683 
1549 -1.635713 
1550 1.524239 
1551 1.546455 
1552 1.592225 
1553 1.588992 
1554 1.616744 
1555 1.552094 
1556 1.781418 
1557 2.160667 
1558 1.764635 
1559 -0.115988 
1560 -1.656881 
1561 -1.787490 
1562 -1.563177 
1563 -1.533982 
1564 -1.617582 
1565 -1.578321 
1566 -1.625998 
1567 -1.609927 
1568 1.685233 
1569 1.595490 
1570 1.492050 
1571 1.614264 
1572 1.587721 
1573 1.466012 
1574 1.587352 
1575 1.624148 
1576 2.019501 
1577 0.804683 
1578 -1.575967 
1579 -2.085701 
1580 -1.582023 
1581 -1.548452 
1582 -1.578248 
1583 -1.572017 
1584 -1.602708 
1585 -1.573023 
1586 1.556432 
1587 1.613498 
1588 1.611785 
1589 1.633552 
1590 1.524575 
1591 1.576734 
1592 1.747474 
1593 1.807794 
1594 1.978438 
1595 1.164714 
1596 -1.343397 
1597 -1.944609 
1598 -1.669276 
1599 -1.607788 
1600 -1.565869 
1601 -1.506646 
1602 -1.521035 
1603 -1.551748 
1604 1.537209 
1605 1.552278 
1606 1.576149 
1607 1.530446 
1608 1.456610 
1609 1.504081 
1610 1.487311 
1611 1.573226 
1612 1.866977 
1613 0.627588 
1614 -0.740261 
1615 -2.644868 
1616 -1.539672 
1617 -1.492544 
1618 -1.483623 
1619 -1.555651 
1620 -1.494459 
1621 -1.579528 
1622 1.561055 
1623 1.476442 
1624 1.573583 
1625 1.519814 
1626 1.524269 
1627 1.482232 
1628 1.822419 
1629 2.062976 
1630 1.575160 
1631 0.427827 
1632 -0.920494 
1633 -1.830415 
1634 -1.745319 
1635 -1.645761 
1636 -1.469360 
1637 -1.590630 
1638 -1.511711 
1639 -1.592498 
1640 1.525504 
1641 1.560360 
1642 1.516061 
1643 1.521114 
1644 1.438321 
1645 1.452267 
1646 1.473357 
1647 1.558006 
1648 1.907675 
1649 0.620448 
1650 -0.946933 
1651 -2.426628 
1652 -1.582087 
1653 -1.519814 
1654 -1.546063 
1655 -1.432802 
1656 -1.567765 
1657 -1.496256 
1658 1.532568 
1659 1.507957 
1660 1.479124 
1661 1.481118 
1662 1.585177 
1663 1.600403 
1664 1.741683 
1665 1.850302 
1666 2.019149 
1667 1.030902 
1668 -1.278061 
1669 -1.979560 
1670 -1.728655 
1671 -1.681607 
1672 -1.643695 
1673 -1.621196 
1674 -1.544516 
1675 -1.549733 
1676 1.601116 
1677 1.604306 
1678 1.606734 
1679 1.524120 
1680 1.542493 
1681 1.534848 
1682 1.580312 
1683 1.823820 
1684 2.136239 
1685 0.907383 
1686 -1.348385 
1687 -2.181038 
1688 -1.624855 
1689 -1.565477 
1690 -1.605928 
1691 -1.585703 
1692 -1.602725 
1693 -1.626108 
1694 1.635075 
1695 1.603628 
1696 1.600153 
1697 1.620159 
1698 1.615317 
1699 1.588270 
1700 1.677357 
1701 1.770279 
1702 1.963515 
1703 1.095523 
1704 -1.346649 
1705 -1.929168 
1706 -1.745614 
1707 -1.687878 
1708 -1.551907 
1709 -1.591241 
1710 -1.600475 
1711 -1.621385 
1712 1.685854 
1713 1.598588 
1714 1.549055 
1715 1.484014 
1716 1.594498 
1717 1.636378 
1718 1.564869 
1719 1.647347 
1720 2.081541 
1721 1.419941 
1722 -1.085331 
1723 -2.163913 
1724 -1.594438 
1725 -1.628713 
1726 -1.605674 
1727 -1.585085 
1728 -1.521474 
1729 -1.551980 
1730 1.513802 
1731 1.490437 
1732 1.562111 
1733 1.444654 
1734 1.527132 
1735 1.507921 
1736 1.457035 
1737 1.558183 
1738 1.502282 
1739 1.557682 
1740 1.569945 
1741 1.502800 
1742 1.448316 
1743 1.529204 
1744 1.531095 
1745 1.472360 
1746 1.516404 
1747 1.525404 
1748 1.535820 
1749 1.375405 
1750 1.287080 
1751 1.782320 
1752 1.566035 
1753 1.560238 
1754 1.271221 
1755 1.431825 
1756 1.222037 
1757 1.422825 
1758 1.219234 
1759 1.829891 
1760 3.725467 
1761 -0.274189 
1762 0.905327 
1763 0.072137 
1764 1.534357 
1765 0.189988 
1766 -2.987875 
1767 -0.724437 
1768 -1.526652 
1769 -0.213222 
1770 -1.264902 
1771 -2.539489 
1772 -1.502006 
1773 -1.493373 
1774 -1.190708 
1775 -1.282418 
1776 -1.341152 
1777 -1.549901 
1778 -1.346560 
1779 -1.451788 
1780 -1.554838 
1781 -1.433702 
1782 -1.590096 
1783 -1.516104 
1784 -1.488186 
1785 -1.476386 
1786 -1.582766 
1787 -1.526580 
1788 -1.429390 
1789 -1.565378 
1790 -1.615042 
1791 -1.456221 
1792 -1.477260 
1793 -1.463101 
1794 -1.510646 
1795 -1.482467 
1796 -1.547638 
1797 -1.476427 
1798 -1.543774 
1799 -1.521178 
1800 -1.400634 
1801 -1.541767 
1802 -1.459569 
1803 -1.548443 
1804 -1.486546 
1805 -1.549671 
1806 -1.527325 
1807 -1.446416 
1808 -1.443649 
1809 -1.491985 
1810 -1.511277 
1811 -1.540126 
1812 -1.470756 
1813 -1.573760 
1814 -1.463927 
1815 -1.506081 
1816 -1.442700 
1817 -1.597261 
1818 -1.514792 
1819 -1.469671 
1820 -1.618013 
1821 1.456076 
1822 1.523747 
1823 1.394626 
1824 1.423144 
1825 1.483283 
1826 1.495357 
1827 1.549725 
1828 1.493818 
1829 1.490139 
1830 1.510730 
1831 1.449744 
1832 1.382603 
1833 1.459952 
1834 1.402543 
1835 1.543559 
1836 1.277880 
1837 1.367447 
1838 1.502240 
1839 1.569843 
1840 2.273237 
1841 0.779924 
1842 1.844937 
1843 0.927982 
1844 -1.667627 
1845 -0.285383 
1846 -1.202627 
1847 -2.481684 
1848 -1.446042 
1849 -1.740183 
1850 -1.126408 
1851 -1.483047 
1852 -1.423038 
1853 -1.472795 
1854 -1.485799 
1855 -1.492527 
1856 -1.530500 
1857 -1.508835 
1858 -1.460948 
1859 -1.572538 
1860 -1.578053 
1861 -1.547898 
1862 -1.516178 
1863 -1.465835 
1864 -1.429743 
1865 -1.563101 
1866 -1.541329 
1867 -1.505219 
1868 -1.555580 
1869 -1.550059 
1870 -1.506533 
1871 -1.523444 
1872 -1.544516 
1873 -1.564476 
1874 -1.463090 
1875 -1.500620 
1876 -1.469020 
1877 1.532913 
1878 1.613824 
1879 1.464703 
1880 1.490672 
1881 1.467435 
1882 1.615666 
1883 1.510813 
1884 1.483061 
1885 1.579680 
1886 1.444507 
1887 1.495536 
1888 1.485192 
1889 1.568779 
1890 1.488833 
1891 1.497527 
1892 1.179097 
1893 1.231764 
1894 1.722189 
1895 1.400085 
1896 2.603913 
1897 0.846745 
1898 1.446022 
1899 0.984631 
1900 -0.712264 
1901 0.145724 
1902 -0.429255 
1903 -3.764453 
1904 -0.834107 
1905 -1.693691 
1906 -1.336871 
1907 -1.720870 
1908 -1.574936 
1909 -1.487183 
1910 -1.507260 
1911 -1.410146 
1912 -1.503798 
1913 -1.439699 
1914 -1.492516 
1915 -1.605305 
1916 -1.474229 
1917 -1.595880 
1918 -1.530029 
1919 -1.484185 
1920 -1.585085 
1921 -1.470944 
1922 -1.518064 
1923 -1.469694 
1924 -1.440634 
1925 -1.425925 
1926 -1.502347 
1927 -1.518478 
1928 -1.454447 
1929 -1.355455 
1930 -1.485693 
1931 -1.649153 
1932 -1.446857 
1933 1.516977 
1934 1.576722 
1935 1.457198 
1936 1.494152 
1937 1.508034 
1938 1.612526 
1939 1.388560 
1940 1.394603 
1941 1.515633 
1942 1.528452 
1943 1.513364 
1944 1.521634 
1945 1.513276 
1946 1.484937 
1947 1.422049 
1948 1.313183 
1949 1.354367 
1950 1.669095 
1951 1.459291 
1952 1.641634 
1953 1.378580 
1954 1.493131 
1955 1.391666 
1956 -0.427330 
1957 1.216090 
1958 0.224354 
1959 -3.132275 
1960 -1.036820 
1961 -1.652626 
1962 -1.475674 
1963 -1.847644 
1964 -1.700665 
1965 -1.304279 
1966 -1.431306 
1967 -1.294147 
1968 -1.513046 
1969 -1.531502 
1970 -1.519481 
1971 -1.473737 
1972 -1.515840 
1973 -1.511882 
1974 -1.604823 
1975 -1.478677 
1976 -1.561841 
1977 -1.499646 
1978 -1.444271 
1979 -1.526151 
1980 -1.447760 
1981 -1.478031 
1982 -1.495807 
1983 -1.557875 
1984 -1.543060 
1985 -1.527489 
1986 -1.428962 
1987 -1.460945 
1988 -1.522696 
1989 1.585102 
1990 1.530365 
1991 1.466964 
1992 1.558625 
1993 1.558361 
1994 1.387989 
1995 1.469458 
1996 1.444221 
1997 1.624692 
1998 1.465929 
1999 1.473600 
2000 1.428219 
2001 1.477915 
2002 1.447402 
2003 1.549324 
2004 1.339276 
2005 1.447929 
2006 1.678024 
2007 1.440002 
2008 1.451899 
2009 1.385506 
2010 1.547959 
2011 1.395120 
2012 0.701319 
2013 2.011462 
2014 0.925680 
2015 -2.522797 
2016 -0.209578 
2017 -1.110390 
2018 -2.379546 
2019 -1.764683 
2020 -1.732307 
2021 -1.274618 
2022 -1.429051 
2023 -1.212099 
2024 -1.509895 
2025 -1.469122 
2026 -1.460046 
2027 -1.585939 
2028 -1.421275 
2029 -1.504579 
2030 -1.553445 
2031 -1.587621 
2032 -1.571369 
2033 -1.462991 
2034 -1.535326 
2035 -1.475298 
2036 -1.492686 
2037 -1.499182 
2038 -1.491205 
2039 -1.545004 
2040 -1.410049 
2041 -1.512644 
2042 -1.635566 
2043 -1.428950 
2044 -1.505154 
2045 1.454890 
2046 1.549991 
2047 1.495033 
2048 1.540373 
2049 1.554139 
2050 1.467521 
2051 1.467534 
2052 1.458786 
2053 1.493322 
2054 1.502249 
2055 1.490142 
2056 1.441714 
2057 1.544472 
2058 1.500413 
2059 1.513012 
2060 1.446227 
2061 1.433365 
2062 1.548078 
2063 1.516892 
2064 1.388372 
2065 1.470159 
2066 1.405041 
2067 1.509544 
2068 1.638606 
2069 2.119350 
2070 1.588413 
2071 -1.466175 
2072 0.230413 
2073 -0.875621 
2074 -2.532026 
2075 -1.820285 
2076 -1.760450 
2077 -1.251427 
2078 -1.484573 
2079 -1.294649 
2080 -1.519468 
2081 -1.569849 
2082 -1.474382 
2083 -1.450873 
2084 -1.542042 
2085 -1.527672 
2086 -1.503785 
2087 -1.551114 
2088 -1.511158 
2089 -1.497472 
2090 -1.498656 
2091 -1.528756 
2092 -1.552761 
2093 -1.488009 
2094 -1.524261 
2095 -1.591332 
2096 -1.443484 
2097 -1.533148 
2098 -1.550222 
2099 -1.533043 
2100 -1.593640 
2101 1.470902 
2102 1.483284 
2103 1.525988 
2104 1.524838 
2105 1.578622 
2106 1.521677 
2107 1.490118 
2108 1.563827 
2109 1.502964 
2110 1.501024 
2111 1.464884 
2112 1.564253 
2113 1.555194 
2114 1.521570 
2115 1.477248 
2116 1.547621 
2117 1.469739 
2118 1.534564 
2119 1.404476 
2120 1.287143 
2121 1.553063 
2122 1.405919 
2123 1.412819 
2124 1.418897 
2125 2.576216 
2126 1.440181 
2127 -0.605945 
2128 0.619894 
2129 -0.013108 
2130 -3.551002 
2131 -0.967136 
2132 -1.388401 
2133 -1.412443 
2134 -1.445263 
2135 -1.512511 
2136 -1.484125 
2137 -1.593230 
2138 -1.536134 
2139 -1.403905 
2140 -1.527466 
2141 -1.421340 
2142 -1.630001 
2143 -1.528298 
2144 -1.513189 
2145 -1.458084 
2146 -1.465428 
2147 -1.553276 
2148 -1.410891 
2149 -1.464134 
2150 -1.494226 
2151 -1.590211 
2152 -1.569225 
2153 -1.518260 
2154 -1.558689 
2155 -1.436843 
2156 -1.590041 
2157 1.447810 
2158 1.498627 
2159 1.549414 
2160 1.472563 
2161 1.633605 
2162 1.463735 
2163 1.414350 
2164 1.439830 
2165 1.508179 
2166 1.494275 
2167 1.509088 
2168 1.508044 
2169 1.488665 
2170 1.547934 
2171 1.438824 
2172 1.463256 
2173 1.535216 
2174 1.503633 
2175 1.460421 
2176 1.444561 
2177 1.603245 
2178 1.338861 
2179 1.446100 
2180 1.943554 
2181 1.664427 
2182 1.616973 
2183 0.229819 
2184 1.993833 
2185 0.702604 
2186 -2.563218 
2187 -0.758792 
2188 -1.280844 
2189 -1.446584 
2190 -1.624837 
2191 -1.530125 
2192 -1.534345 
2193 -1.433784 
2194 -1.547547 
2195 -1.427336 
2196 -1.438934 
2197 -1.429503 
2198 -1.615300 
2199 -1.497902 
2200 -1.511827 
2201 -1.563661 
2202 -1.460613 
2203 -1.507592 
2204 -1.610955 
2205 -1.421864 
2206 -1.329460 
2207 -1.670414 
2208 -1.432547 
2209 -1.431341 
2210 -1.536552 
2211 -1.529064 
2212 -1.425200 
2213 1.463381 
2214 1.602656 
2215 1.393090 
2216 1.521264 
2217 1.594280 
2218 1.428625 
2219 1.545028 
2220 1.487253 
2221 1.563616 
2222 1.408838 
2223 1.504447 
2224 1.452736 
2225 1.475851 
2226 1.527645 
2227 1.482385 
2228 1.464966 
2229 1.484012 
2230 1.429488 
2231 1.494415 
2232 1.399514 
2233 1.466368 
2234 1.381424 
2235 1.587639 
2236 1.799379 
2237 1.293238 
2238 1.755205 
2239 0.844390 
2240 3.008167 
2241 1.341530 
2242 -1.293855 
2243 0.274467 
2244 -0.476248 
2245 -2.272566 
2246 -1.004204 
2247 -1.797338 
2248 -1.455999 
2249 -1.558374 
2250 -1.421482 
2251 -1.302912 
2252 -1.550022 
2253 -1.536402 
2254 -1.461306 
2255 -1.491534 
2256 -1.533956 
2257 -1.572416 
2258 -1.433734 
2259 -1.527117 
2260 -1.497906 
2261 -1.571921 
2262 -1.516227 
2263 -1.502817 
2264 -1.432663 
2265 -1.570055 
2266 -1.581040 
2267 -1.515017 
2268 -1.483265 
2269 1.525801 
2270 1.492554 
2271 1.445311 
2272 1.555204 
2273 1.542033 
2274 1.471618 
2275 1.477548 
2276 1.584777 
2277 1.427039 
2278 1.559400 
2279 1.498057 
2280 1.519812 
2281 1.405709 
2282 1.543664 
2283 1.606341 
2284 1.613822 
2285 1.492392 
2286 1.462933 
2287 1.476287 
2288 1.389768 
2289 1.483794 
2290 1.534212 
2291 1.580044 
2292 1.634291 
2293 1.389856 
2294 1.585539 
2295 1.002175 
2296 2.789711 
2297 1.730056 
2298 -0.533075 
2299 0.540447 
2300 -0.384558 
2301 -2.194320 
2302 -0.881246 
2303 -2.085376 
2304 -1.440809 
2305 -1.629919 
2306 -1.324950 
2307 -1.395078 
2308 -1.391933 
2309 -1.452857 
2310 -1.671406 
2311 -1.499375 
2312 -1.513821 
2313 -1.487329 
2314 -1.489212 
2315 -1.520131 
2316 -1.553043 
2317 -1.400389 
2318 -1.384486 
2319 -1.653108 
2320 -1.522811 
2321 -1.508431 
2322 -1.455820 
2323 -1.416387 
2324 -1.536800 
2325 1.506402 
2326 1.566693 
2327 1.425053 
2328 1.501236 
2329 1.550973 
2330 1.491407 
2331 1.413178 
2332 1.534215 
2333 1.536665 
2334 1.485112 
2335 1.397040 
2336 1.530546 
2337 1.415823 
2338 1.560034 
2339 1.456779 
2340 1.463214 
2341 1.491611 
2342 1.448880 
2343 1.522659 
2344 1.446926 
2345 1.501471 
2346 1.437092 
2347 1.474442 
2348 1.398945 
2349 1.396031 
2350 1.516428 
2351 1.518642 
2352 2.236439 
2353 2.106123 
2354 -0.197697 
2355 0.761705 
2356 -0.321872 
2357 -2.199759 
2358 -0.997072 
2359 -2.004467 
2360 -1.354285 
2361 -1.683284 
2362 -1.431418 
2363 -1.311265 
2364 -1.487621 
2365 -1.455896 
2366 -1.582305 
2367 -1.497905 
2368 -1.549522 
2369 -1.533845 
2370 -1.493076 
2371 -1.524722 
2372 -1.492900 
2373 -1.513479 
2374 -1.501565 
2375 -1.610841 
2376 -1.496544 
2377 -1.575672 
2378 -1.538252 
2379 -1.473660 
2380 -1.535019 
2381 1.529971 
2382 1.553217 
2383 1.454708 
2384 1.534391 
2385 1.516564 
2386 1.436396 
2387 1.494667 
2388 1.522168 
2389 1.466443 
2390 1.517987 
2391 1.505725 
2392 1.559847 
2393 1.515082 
2394 1.506341 
2395 1.503053 
2396 1.486716 
2397 1.529412 
2398 1.592686 
2399 1.462514 
2400 1.301446 
2401 1.565629 
2402 1.479075 
2403 1.502235 
2404 1.628441 
2405 1.413759 
2406 1.614731 
2407 1.071649 
2408 3.107568 
2409 1.578043 
2410 -0.216416 
2411 0.435149 
2412 -0.157079 
2413 -2.201661 
2414 -0.951073 
2415 -2.176818 
2416 -1.478332 
2417 -1.538407 
2418 -1.437437 
2419 -1.326543 
2420 -1.549824 
2421 -1.485295 
2422 -1.470204 
2423 -1.533400 
2424 -1.435763 
2425 -1.604213 
2426 -1.495950 
2427 -1.531150 
2428 -1.399040 
2429 -1.549230 
2430 -1.592686 
2431 -1.431451 
2432 -1.603453 
2433 -1.425757 
2434 -1.519895 
2435 -1.488229 
2436 -1.454939 
2437 1.510447 
2438 1.513962 
2439 1.563758 
2440 1.545047 
2441 1.542732 
2442 1.439406 
2443 1.448761 
2444 1.433352 
2445 1.490174 
2446 1.509774 
2447 1.520833 
2448 1.520120 
2449 1.536491 
2450 1.467641 
2451 1.437287 
2452 1.518897 
2453 1.569373 
2454 1.493504 
2455 1.470894 
2456 1.420267 
2457 1.614035 
2458 1.444760 
2459 1.487925 
2460 1.498035 
2461 1.509991 
2462 1.572803 
2463 1.548084 
2464 2.318570 
2465 2.064565 
2466 -0.441360 
2467 0.852209 
2468 -0.303743 
2469 -1.999293 
2470 -1.385320 
2471 -2.127203 
2472 -1.371578 
2473 -1.598572 
2474 -1.510579 
2475 -1.335643 
2476 -1.566587 
2477 -1.548680 
2478 -1.428394 
2479 -1.469928 
2480 -1.554464 
2481 -1.546949 
2482 -1.501266 
2483 -1.463604 
2484 -1.466586 
2485 -1.427411 
2486 -1.496774 
2487 -1.535236 
2488 -1.484696 
2489 -1.501866 
2490 -1.534792 
2491 -1.446219 
2492 -1.569786 
2493 1.397454 
2494 1.502432 
2495 1.542762 
2496 1.517610 
2497 1.557382 
2498 1.558593 
2499 1.534916 
2500 1.490515 
2501 1.560173 
2502 1.464094 
2503 1.556493 
2504 1.521971 
2505 1.508587 
2506 1.566984 
2507 1.515828 
2508 1.518925 
2509 1.542588 
2510 1.486525 
2511 1.491658 
2512 1.354553 
2513 1.544140 
2514 1.431705 
2515 1.519873 
2516 1.671076 
2517 1.438332 
2518 1.581383 
2519 1.004350 
2520 3.140234 
2521 1.523874 
2522 -0.181818 
2523 0.483563 
2524 -0.299966 
2525 -2.315025 
2526 -0.990861 
2527 -2.137925 
2528 -1.555445 
2529 -1.313828 
2530 -1.571825 
2531 -1.255327 
2532 -1.615626 
2533 -1.378100 
2534 -1.504114 
2535 -1.434356 
2536 -1.520251 
2537 -1.380756 
2538 -1.542713 
2539 -1.582401 
2540 -1.551532 
2541 -1.537633 
2542 -1.513063 
2543 -1.548343 
2544 -1.473692 
2545 -1.536472 
2546 -1.690377 
2547 -1.490121 
2548 -1.544120 
2549 1.496473 
2550 1.447546 
2551 1.495934 
2552 1.430379 
2553 1.452661 
2554 1.574430 
2555 1.534287 
2556 1.549157 
2557 1.370368 
2558 1.508366 
2559 1.461879 
2560 1.539096 
2561 1.480412 
2562 1.384367 
2563 1.538262 
2564 1.507706 
2565 1.429229 
2566 1.503731 
2567 1.555716 
2568 1.417608 
2569 1.491529 
2570 1.496672 
2571 1.460865 
2572 1.648358 
2573 1.311534 
2574 1.411738 
2575 1.498767 
2576 2.409182 
2577 1.991851 
2578 -0.434898 
2579 0.672073 
2580 -0.380452 
2581 -2.035397 
2582 -1.156608 
2583 -2.075375 
2584 -1.548444 
2585 -1.461279 
2586 -1.366865 
2587 -1.431720 
2588 -1.535082 
2589 -1.353830 
2590 -1.529080 
2591 -1.486973 
2592 -1.493654 
2593 -1.521203 
2594 -1.450788 
2595 -1.461077 
2596 -1.449574 
2597 -1.496256 
2598 -1.467079 
2599 -1.463414 
2600 -1.496215 
2601 -1.433118 
2602 -1.465912 
2603 -1.601496 
2604 -1.464797 
2605 1.539388 
2606 1.532539 
2607 1.434577 
2608 1.530386 
2609 1.600372 
2610 1.488220 
2611 1.413629 
2612 1.489449 
2613 1.596210 
2614 1.443989 
2615 1.408275 
2616 1.557178 
2617 1.490927 
2618 1.485806 
2619 1.356445 
2620 1.417528 
2621 1.532881 
2622 1.497854 
2623 1.514654 
2624 1.510597 
2625 1.510823 
2626 1.467757 
2627 1.474555 
2628 1.549922 
2629 1.431654 
2630 1.581581 
2631 1.223789 
2632 2.948591 
2633 1.714188 
2634 -0.212258 
2635 0.566181 
2636 -0.044323 
2637 -2.343183 
2638 -0.867193 
2639 -2.194699 
2640 -1.370781 
2641 -1.480467 
2642 -1.479354 
2643 -1.361914 
2644 -1.564332 
2645 -1.444527 
2646 -1.495785 
2647 -1.530123 
2648 -1.432089 
2649 -1.482779 
2650 -1.612563 
2651 -1.555090 
2652 -1.531543 
2653 -1.458440 
2654 -1.435660 
2655 -1.589013 
2656 -1.373137 
2657 -1.592990 
2658 -1.551657 
2659 -1.493666 
2660 -1.482714 
2661 1.513907 
2662 1.487862 
2663 1.475011 
2664 1.565215 
2665 1.494940 
2666 1.468859 
2667 1.499449 
2668 1.503825 
2669 1.474880 
2670 1.492398 
2671 1.558749 
2672 1.464101 
2673 1.485348 
2674 1.493289 
2675 1.465318 
2676 1.492428 
2677 1.455095 
2678 1.464429 
2679 1.487513 
2680 1.408050 
2681 1.484195 
2682 1.479593 
2683 1.528524 
2684 1.413084 
2685 1.348540 
2686 1.496722 
2687 1.512569 
2688 2.246007 
2689 2.102259 
2690 -0.000505 
2691 0.877651 
2692 0.039843 
2693 -2.131843 
2694 -1.082337 
2695 -2.126574 
2696 -1.478739 
2697 -1.509874 
2698 -1.340414 
2699 -1.409684 
2700 -1.467511 
2701 -1.524313 
2702 -1.461137 
2703 -1.485828 
2704 -1.446014 
2705 -1.530444 
2706 -1.425230 
2707 -1.571088 
2708 -1.582545 
2709 -1.453640 
2710 -1.407553 
2711 -1.549948 
2712 -1.422062 
2713 -1.523937 
2714 -1.476677 
2715 -1.482708 
2716 -1.441305 
2717 1.498693 
2718 1.500498 
2719 1.524392 
2720 1.486014 
2721 1.403380 
2722 1.477380 
2723 1.533820 
2724 1.539559 
2725 1.540955 
2726 1.493152 
2727 1.418679 
2728 1.578809 
2729 1.455538 
2730 1.358148 
2731 1.564114 
2732 1.462862 
2733 1.494538 
2734 1.496218 
2735 1.505939 
2736 1.491164 
2737 1.448608 
2738 1.416732 
2739 1.516538 
2740 1.395134 
2741 1.355186 
2742 1.431055 
2743 1.580199 
2744 1.925952 
2745 1.825902 
2746 0.462374 
2747 1.464483 
2748 0.630340 
2749 -2.416273 
2750 -0.454437 
2751 -2.097269 
2752 -1.577692 
2753 -1.409461 
2754 -1.424062 
2755 -1.368915 
2756 -1.544364 
2757 -1.510284 
2758 -1.496495 
2759 -1.442784 
2760 -1.491134 
2761 -1.603870 
2762 -1.456142 
2763 -1.496049 
2764 -1.480245 
2765 -1.597604 
2766 -1.484054 
2767 -1.464114 
2768 -1.469356 
2769 -1.420164 
2770 -1.600473 
2771 -1.495274 
2772 -1.503617 
2773 1.535088 
2774 -1.517913 
2775 1.476275 
2776 1.503725 
2777 1.413482 
2778 1.552246 
2779 1.573545 
2780 2.015049 
2781 0.634656 
2782 -0.826144 
2783 -2.357285 
2784 -1.515070 
2785 -1.456715 
2786 -1.541874 
2787 -1.503439 
2788 -1.512628 
2789 -1.572831 
2790 -1.476818 
2791 -1.539979 
2792 -1.522537 
2793 1.560495 
2794 1.491370 
2795 1.518138 
2796 1.604434 
2797 1.758551 
2798 1.801463 
2799 1.086077 
2800 -0.450453 
2801 -1.827378 
2802 -1.946793 
2803 -1.677280 
2804 -1.420359 
2805 -1.492811 
2806 -1.524521 
2807 -1.540232 
2808 -1.498551 
2809 -1.504577 
2810 -1.547423 
2811 1.492622 
2812 1.545273 
2813 1.530189 
2814 1.464254 
2815 1.576444 
2816 2.179885 
2817 1.924119 
2818 0.122899 
2819 -1.810877 
2820 -1.834535 
2821 -1.494187 
2822 -1.507711 
2823 -1.482016 
2824 -1.614169 
2825 -1.556744 
2826 -1.600931 
2827 -1.635303 
2828 -1.584082 
2829 1.635410 
2830 1.560966 
2831 1.636320 
2832 1.510642 
2833 1.530869 
2834 1.737196 
2835 1.612132 
2836 0.813434 
2837 -1.445111 
2838 -2.306722 
2839 -1.881745 
2840 -1.636900 
2841 -1.538817 
2842 -1.570065 
2843 -1.597001 
2844 -1.535188 
2845 -1.593510 
2846 -1.610932 
2847 1.552318 
2848 1.603025 
2849 1.597460 
2850 1.642859 
2851 1.544668 
2852 2.034053 
2853 2.092397 
2854 1.494816 
2855 -0.913787 
2856 -1.973432 
2857 -1.739215 
2858 -1.496911 
2859 -1.551147 
2860 -1.621573 
2861 -1.584332 
2862 -1.576329 
2863 -1.604249 
2864 -1.668609 
2865 1.550556 
2866 1.615802 
2867 1.511472 
2868 1.535492 
2869 1.586170 
2870 1.626496 
2871 1.654990 
2872 1.715821 
2873 0.110917 
2874 -1.999611 
2875 -2.105665 
2876 -1.595780 
2877 -1.655921 
2878 -1.589915 
2879 -1.621007 
2880 -1.545757 
2881 -1.552198 
2882 -1.517139 
2883 1.478831 
2884 1.525466 
2885 1.470242 
2886 1.523035 
2887 1.559167 
2888 1.970334 
2889 1.901977 
2890 1.651641 
2891 0.420482 
2892 -0.963693 
2893 -1.786904 
2894 -1.645145 
2895 -1.601163 
2896 -1.551627 
2897 -1.469437 
2898 -1.527246 
2899 -1.532825 
2900 -1.524082 
2901 1.473631 
2902 1.593193 
2903 1.463173 
2904 1.484002 
2905 1.549388 
2906 1.440194 
2907 1.456024 
2908 2.311802 
2909 0.816283 
2910 -0.750344 
2911 -2.037703 
2912 -1.557775 
2913 -1.523793 
2914 -1.493704 
2915 -1.476637 
2916 -1.441442 
2917 -1.494076 
2918 -1.585507 
2919 1.549810 
2920 1.475788 
2921 1.591638 
2922 1.531863 
2923 1.536055 
2924 1.504227 
2925 1.538239 
2926 1.680499 
2927 1.294235 
2928 -0.017785 
2929 -1.541476 
2930 -2.206909 
2931 -1.864310 
2932 -1.542998 
2933 -1.551410 
2934 -1.529714 
2935 -1.506083 
2936 -1.564746 
2937 1.520987 
2938 1.565719 
2939 1.435038 
2940 1.511693 
2941 1.444076 
2942 1.580380 
2943 1.502114 
2944 2.061795 
2945 2.044343 
2946 1.104674 
2947 -1.583418 
2948 -1.755973 
2949 -1.519610 
2950 -1.476262 
2951 -1.499627 
2952 -1.609189 
2953 -1.583274 
2954 -1.601636 
2955 1.606690 
2956 1.570426 
2957 1.572018 
2958 1.595317 
2959 1.562197 
2960 1.441341 
2961 1.492095 
2962 1.625497 
2963 1.775341 
2964 1.029699 
2965 -1.419454 
2966 -2.209311 
2967 -1.953623 
2968 -1.522121 
2969 -1.655493 
2970 -1.556026 
2971 -1.599966 
2972 -1.605008 
2973 1.579275 
2974 1.564682 
2975 1.543929 
2976 1.611863 
2977 1.605366 
2978 1.546374 
2979 1.599353 
2980 2.143998 
2981 2.240166 
2982 1.155476 
2983 -1.248591 
2984 -1.829043 
2985 -1.572956 
2986 -1.483828 
2987 -1.536645 
2988 -1.626077 
2989 -1.619877 
2990 -1.534702 
2991 1.530003 
2992 1.633360 
2993 1.572614 
2994 1.604412 
2995 1.573950 
2996 1.545474 
2997 1.549786 
2998 1.669186 
2999 1.937665 
3000 0.997333 
3001 -1.524362 
3002 -2.174230 
3003 -1.990053 
3004 -1.607229 
3005 -1.529855 
3006 -1.619856 
3007 -1.577702 
3008 -1.661499 
3009 1.522037 
3010 1.566494 
3011 1.434845 
3012 1.560168 
3013 1.561981 
3014 1.464429 
3015 1.561406 
3016 2.902313 
3017 1.598909 
3018 0.340999 
3019 -0.844753 
3020 -1.523727 
3021 -1.568841 
3022 -1.479655 
3023 -1.371970 
3024 -1.517541 
3025 -1.465891 
3026 -1.594670 
3027 1.581204 
3028 1.468442 
3029 1.546193 
3030 1.507627 
3031 1.578820 
3032 1.480822 
3033 1.446116 
3034 1.631687 
3035 1.338584 
3036 0.572608 
3037 -0.869389 
3038 -2.196335 
3039 -2.330713 
3040 -1.528622 
3041 -1.492005 
3042 -1.532744 
3043 -1.588273 
3044 -1.479506 
3045 1.510100 
3046 1.446900 
3047 1.588166 
3048 1.497426 
3049 1.494435 
3050 1.476184 
3051 1.590937 
3052 2.357996 
3053 2.070863 
3054 0.566446 
3055 -0.861948 
3056 -1.474890 
3057 -1.537893 
3058 -1.463758 
3059 -1.507808 
3060 -1.495491 
3061 -1.469813 
3062 -1.560803 
3063 1.594708 
3064 1.438869 
3065 1.550494 
3066 1.617166 
3067 1.501300 
3068 1.408346 
3069 1.420097 
3070 1.467057 
3071 1.720564 
3072 1.247398 
3073 -1.245644 
3074 -2.197159 
3075 -1.919320 
3076 -1.603187 
3077 -1.633200 
3078 -1.581272 
3079 -1.570474 
3080 -1.631937 
3081 1.693498 
3082 1.572329 
3083 1.533134 
3084 1.483049 
3085 1.564714 
3086 1.537693 
3087 1.678530 
3088 2.055730 
3089 2.123318 
3090 1.489929 
3091 -1.019561 
3092 -1.823687 
3093 -1.555714 
3094 -1.492652 
3095 -1.546394 
3096 -1.624321 
3097 -1.579282 
3098 -1.887470 
3099 1.368864 
3100 1.451594 
3101 1.614118 
3102 1.519420 
3103 1.499595 
3104 1.614116 
3105 1.582720 
3106 1.467321 
3107 1.511588 
3108 1.640960 
3109 1.570752 
3110 1.481690 
3111 1.544526 
3112 1.583145 
3113 1.521416 
3114 1.551888 
3115 1.484714 
3116 1.589216 
3117 -1.608410 
3118 -1.535732 
3119 -1.380867 
3120 -1.534601 
3121 -1.505144 
3122 -1.541337 
3123 -1.472359 
3124 -1.554018 
3125 -1.529580 
3126 -1.485054 
3127 -1.458503 
3128 -1.532410 
3129 -1.450946 
3130 -1.507408 
3131 -1.522509 
3132 -1.457187 
3133 -1.413875 
3134 -1.745126 
3135 1.516853 
3136 1.474744 
3137 1.341064 
3138 1.401490 
3139 1.913703 
3140 1.943212 
3141 0.168886 
3142 -1.667468 
3143 -2.060698 
3144 -1.601113 
3145 -1.590305 
3146 -1.562393 
3147 -1.302789 
3148 -1.397273 
3149 -1.490760 
3150 -1.630048 
3151 -1.466235 
3152 -1.514294 
3153 1.595562 
3154 1.526631 
3155 1.383484 
3156 1.361623 
3157 1.479875 
3158 1.522389 
3159 1.632863 
3160 1.746886 
3161 2.007361 
3162 1.650245 
3163 -0.008235 
3164 -1.524334 
3165 -1.622875 
3166 -1.540281 
3167 -1.518811 
3168 -1.537250 
3169 -1.560152 
3170 -1.571961 
3171 1.424464 
3172 -1.085809 
3173 -3.392419 
3174 1.197497 
