4824 1
0 -2.171938 
1 1.241779 
2 0.801171 
3 1.700196 
4 1.764194 
5 1.560176 
6 1.729598 
7 1.288905 
8 1.772831 
9 1.861476 
10 1.565926 
11 1.307758 
12 1.699905 
13 1.682090 
14 1.620677 
15 1.317166 
16 1.502621 
17 1.501517 
18 1.852544 
19 1.630760 
20 1.369004 
21 1.700794 
22 1.950812 
23 1.316578 
24 2.074930 
25 1.555916 
26 1.010642 
27 1.717223 
28 0.883368 
29 1.737828 
30 1.752800 
31 1.996840 
32 0.899189 
33 -0.358313 
34 -2.980708 
35 -1.459120 
36 0.387139 
37 -1.112615 
38 -2.334498 
39 -2.174190 
40 -1.813233 
41 0.132563 
42 0.660485 
43 2.629653 
44 0.527963 
45 -0.469254 
46 1.664661 
47 2.644477 
48 -0.366310 
49 -1.119982 
50 1.209137 
51 2.929252 
52 1.057475 
53 -0.771004 
54 1.360492 
55 2.950406 
56 1.822918 
57 1.461814 
58 1.528229 
59 1.231141 
60 1.270357 
61 1.686755 
62 1.460079 
63 1.685708 
64 1.756986 
65 1.445550 
66 1.307444 
67 1.478634 
68 1.562086 
69 1.979411 
70 1.495951 
71 1.210780 
72 1.707138 
73 2.210546 
74 1.429899 
75 0.837950 
76 0.549844 
77 0.933762 
78 1.813093 
79 2.646242 
80 1.146734 
81 1.756044 
82 1.747587 
83 1.486250 
84 0.627038 
85 1.409683 
86 3.166745 
87 0.205899 
88 0.110860 
89 2.614016 
90 1.762136 
91 1.195426 
92 1.243135 
93 0.540696 
94 1.964878 
95 2.170122 
96 1.523666 
97 1.290637 
98 1.874318 
99 1.312192 
100 1.602616 
101 1.562909 
102 1.674139 
103 1.417504 
104 1.939450 
105 1.868032 
106 1.098478 
107 1.568381 
108 1.014678 
109 1.863058 
110 0.645632 
111 2.622621 
112 2.719260 
113 1.893940 
114 0.341547 
115 -0.716434 
116 0.604398 
117 -1.284394 
118 -1.796104 
119 -2.476627 
120 -1.255096 
121 -0.199077 
122 -2.591475 
123 -1.772810 
124 -0.983299 
125 -2.008188 
126 -0.373385 
127 -2.597015 
128 -1.955946 
129 -1.723255 
130 -1.380515 
131 -1.606534 
132 -1.994256 
133 -1.911775 
134 -1.268743 
135 -1.093997 
136 -2.088686 
137 -2.229332 
138 -0.899036 
139 -1.294041 
140 -0.242031 
141 -1.972674 
142 -2.003362 
143 -1.556574 
144 -1.551125 
145 -1.628640 
146 -1.862476 
147 -1.637749 
148 -1.654734 
149 -1.384332 
150 -1.993480 
151 -1.296208 
152 -1.448102 
153 -1.648400 
154 -1.737189 
155 -1.826514 
156 -2.655772 
157 -1.924843 
158 -1.182377 
159 -0.194354 
160 -2.289082 
161 -1.123471 
162 -2.359557 
163 0.245462 
164 -1.402754 
165 -1.883794 
166 -1.679639 
167 -1.789161 
168 0.604890 
169 3.182871 
170 -0.777124 
171 -0.448248 
172 3.038376 
173 -1.178277 
174 -0.863332 
175 0.190656 
176 -0.738577 
177 1.929244 
178 2.525765 
179 0.524297 
180 0.429603 
181 1.938543 
182 2.042158 
183 1.378123 
184 2.744784 
185 1.935927 
186 0.070009 
187 -0.118874 
188 1.317454 
189 1.062320 
190 1.844682 
191 2.310417 
192 2.314222 
193 2.210856 
194 0.283689 
195 0.442306 
196 0.866690 
197 1.757855 
198 1.965210 
199 1.789099 
200 1.283891 
201 1.295316 
202 1.774035 
203 2.130150 
204 1.615077 
205 1.596058 
206 1.408221 
207 1.709073 
208 1.575251 
209 1.536059 
210 1.484547 
211 1.521353 
212 2.042039 
213 1.900939 
214 1.014828 
215 1.148341 
216 0.678638 
217 1.811330 
218 1.618805 
219 1.762459 
220 1.697022 
221 2.206924 
222 1.516342 
223 0.085830 
224 0.895016 
225 1.240796 
226 1.455561 
227 2.510094 
228 2.811045 
229 1.473204 
230 0.972653 
231 -1.268755 
232 -0.341004 
233 2.725892 
234 -0.197867 
235 -2.214108 
236 1.434311 
237 1.649284 
238 1.557355 
239 1.678516 
240 1.430471 
241 0.888862 
242 1.740389 
243 2.425685 
244 1.781098 
245 1.342966 
246 1.318296 
247 1.643879 
248 1.415915 
249 1.554253 
250 1.840541 
251 1.562372 
252 1.751346 
253 1.428249 
254 1.545251 
255 1.447148 
256 1.731714 
257 1.870755 
258 1.430049 
259 0.978078 
260 0.270240 
261 -0.298841 
262 2.303322 
263 2.302512 
264 1.808686 
265 1.696472 
266 1.746311 
267 0.839909 
268 0.771888 
269 1.485886 
270 2.026305 
271 -2.069211 
272 -1.251370 
273 -2.773745 
274 -1.651222 
275 -0.286382 
276 1.907449 
277 -0.824940 
278 -1.939015 
279 -1.791548 
280 -1.636563 
281 1.494924 
282 0.851197 
283 2.594319 
284 3.101254 
285 0.985240 
286 -0.168406 
287 1.103642 
288 1.544416 
289 1.810938 
290 1.867995 
291 1.104493 
292 0.826586 
293 1.562217 
294 1.532236 
295 2.132913 
296 1.667199 
297 1.602700 
298 1.337784 
299 1.407427 
300 1.427497 
301 1.524538 
302 1.581494 
303 1.661022 
304 1.372917 
305 1.803080 
306 1.502775 
307 1.557603 
308 0.772824 
309 2.407483 
310 1.489687 
311 1.324035 
312 1.524250 
313 1.635252 
314 1.552238 
315 1.563883 
316 1.823464 
317 1.912615 
318 1.096809 
319 1.526744 
320 1.222625 
321 0.641706 
322 1.863692 
323 2.442638 
324 1.667817 
325 2.197804 
326 1.584125 
327 0.940198 
328 1.580576 
329 1.500515 
330 1.592544 
331 1.518735 
332 1.329802 
333 1.742840 
334 1.566878 
335 1.529545 
336 1.352522 
337 1.946412 
338 2.144861 
339 0.831993 
340 0.140579 
341 2.428898 
342 -0.909602 
343 -2.157239 
344 2.058180 
345 1.605797 
346 1.396960 
347 1.553512 
348 3.753502 
349 0.138435 
350 -0.374961 
351 0.316996 
352 1.462337 
353 1.766728 
354 2.011933 
355 1.460064 
356 0.585088 
357 0.676789 
358 2.129766 
359 2.239346 
360 3.817056 
361 0.202491 
362 -0.134365 
363 -0.483837 
364 -0.945948 
365 -1.144672 
366 -2.080341 
367 -2.124809 
368 -2.824581 
369 -1.642231 
370 -1.400561 
371 0.027297 
372 -0.205620 
373 0.230482 
374 -2.598825 
375 -2.119496 
376 -2.146939 
377 -1.975352 
378 -1.154727 
379 -1.069906 
380 -0.772303 
381 -1.909346 
382 -1.571107 
383 -1.978092 
384 -1.544943 
385 -0.937217 
386 1.922859 
387 1.874402 
388 1.877073 
389 1.504521 
390 1.248689 
391 1.578223 
392 2.069155 
393 1.649742 
394 1.274985 
395 1.178821 
396 1.268124 
397 1.334503 
398 -1.715460 
399 -1.889211 
400 -2.708847 
401 -2.078803 
402 -1.046759 
403 0.396563 
404 -1.657565 
405 -2.956592 
406 -0.540278 
407 0.567713 
408 0.490882 
409 -0.270984 
410 -1.613274 
411 -2.952064 
412 -1.809244 
413 -1.613684 
414 -1.407637 
415 -1.536225 
416 -1.482508 
417 -1.669351 
418 -1.806863 
419 -1.555144 
420 -2.182397 
421 -2.388573 
422 0.113031 
423 -0.566665 
424 -1.202783 
425 -1.289521 
426 -1.818966 
427 -2.251190 
428 -1.222973 
429 -0.728104 
430 -2.101187 
431 -2.070560 
432 -1.716126 
433 -1.814907 
434 -1.487905 
435 -1.406211 
436 -1.237829 
437 -1.925755 
438 -1.535123 
439 -1.625722 
440 -1.598181 
441 -1.645620 
442 -1.233933 
443 -1.692588 
444 -1.902296 
445 -1.711795 
446 -1.604400 
447 -1.638930 
448 -2.018139 
449 -1.234355 
450 -2.505929 
451 -0.141256 
452 0.801912 
453 -2.995335 
454 1.343799 
455 -1.091207 
456 1.988909 
457 -0.740523 
458 -2.002439 
459 -1.834371 
460 -1.478431 
461 -1.479313 
462 -1.707876 
463 -1.716126 
464 1.768416 
465 2.276109 
466 1.228454 
467 0.402885 
468 -0.937835 
469 -1.456734 
470 -1.253486 
471 -2.926063 
472 -1.717724 
473 -1.716398 
474 -1.320566 
475 -1.511008 
476 -2.761965 
477 -2.006617 
478 -0.285621 
479 -0.258924 
480 0.105781 
481 1.996067 
482 2.724319 
483 -0.384780 
484 -2.587996 
485 -1.673711 
486 0.907971 
487 1.694926 
488 2.026671 
489 2.576537 
490 -0.601317 
491 0.368196 
492 0.373403 
493 1.071107 
494 2.136780 
495 2.335230 
496 1.718724 
497 1.012249 
498 1.794963 
499 1.633798 
500 1.691051 
501 1.529900 
502 1.735430 
503 1.149774 
504 1.861292 
505 1.602741 
506 1.506529 
507 1.307077 
508 1.330703 
509 1.210288 
510 1.707846 
511 1.899587 
512 1.900565 
513 1.526141 
514 1.536279 
515 1.392353 
516 1.378818 
517 1.705924 
518 1.569449 
519 1.614581 
520 1.666953 
521 1.617406 
522 1.631140 
523 1.394607 
524 1.438900 
525 1.559069 
526 1.588119 
527 1.824194 
528 1.709582 
529 1.420465 
530 1.563423 
531 1.644196 
532 1.868991 
533 1.342018 
534 1.817377 
535 1.308470 
536 1.520658 
537 1.531701 
538 1.705378 
539 1.463902 
540 1.863368 
541 1.745075 
542 1.152011 
543 1.671548 
544 1.651110 
545 1.473557 
546 1.753107 
547 1.306569 
548 1.473799 
549 1.505099 
550 1.683260 
551 1.519727 
552 1.526731 
553 1.554775 
554 1.741670 
555 1.377978 
556 1.180577 
557 1.817778 
558 1.296456 
559 1.729184 
560 1.290926 
561 1.569829 
562 1.768488 
563 1.623666 
564 1.667896 
565 0.944905 
566 1.770690 
567 1.924521 
568 1.685275 
569 1.450544 
570 1.361668 
571 1.618230 
572 1.372712 
573 1.503419 
574 1.560411 
575 1.759288 
576 1.822053 
577 1.383977 
578 1.561464 
579 1.663508 
580 1.357817 
581 1.538476 
582 1.693400 
583 1.579402 
584 1.658106 
585 1.515428 
586 1.650933 
587 1.462776 
588 1.582619 
589 1.487235 
590 1.632382 
591 1.580703 
592 0.945780 
593 2.239635 
594 1.502257 
595 1.944154 
596 1.474002 
597 1.533435 
598 1.381865 
599 1.849225 
600 1.533557 
601 1.696751 
602 1.529073 
603 1.464516 
604 1.579593 
605 1.501956 
606 1.558030 
607 1.547330 
608 1.466587 
609 1.371733 
610 1.580706 
611 1.658909 
612 2.510768 
613 1.385937 
614 -0.094769 
615 1.803633 
616 -2.404284 
617 2.349138 
618 1.029760 
619 0.235093 
620 0.124803 
621 -0.919774 
622 2.408836 
623 2.289562 
624 1.926241 
625 1.813919 
626 1.441398 
627 0.794396 
628 -1.907691 
629 -2.411039 
630 -0.500894 
631 -1.596041 
632 -1.164461 
633 -1.440455 
634 -1.614155 
635 2.049848 
636 1.422103 
637 2.155124 
638 1.441037 
639 1.198138 
640 2.045244 
641 1.803027 
642 1.420478 
643 1.203045 
644 2.904586 
645 -0.376244 
646 1.225623 
647 1.173065 
648 -3.256407 
649 -1.253081 
650 -0.083710 
651 -0.771293 
652 1.230533 
653 1.765197 
654 2.046245 
655 -1.550930 
656 -2.781180 
657 -2.018551 
658 0.033811 
659 -0.094253 
660 0.614717 
661 1.278430 
662 2.267361 
663 1.730960 
664 3.035022 
665 1.421656 
666 -0.096050 
667 -0.837856 
668 -1.988911 
669 -2.198568 
670 1.268414 
671 -1.638231 
672 2.291548 
673 -0.953881 
674 0.087272 
675 -2.231962 
676 -1.544956 
677 0.448368 
678 -1.773800 
679 -2.161734 
680 -1.679505 
681 -1.625204 
682 -1.143076 
683 -1.806395 
684 -1.645661 
685 -0.994702 
686 -1.946208 
687 -2.042320 
688 -1.316296 
689 -1.663751 
690 -1.613412 
691 -1.728173 
692 -2.019072 
693 -1.663094 
694 -1.741504 
695 -0.882151 
696 -1.799976 
697 -1.501196 
698 -1.455706 
699 -1.883307 
700 -1.540236 
701 -1.765843 
702 -1.638309 
703 -1.520984 
704 -1.727712 
705 -1.990630 
706 -1.726769 
707 -0.986235 
708 -0.785517 
709 -1.861844 
710 -2.673820 
711 -0.537326 
712 -0.328571 
713 -1.051345 
714 -2.219488 
715 -2.505748 
716 -1.250456 
717 -1.265867 
718 -1.975059 
719 -1.826592 
720 -1.954996 
721 -2.431181 
722 0.395304 
723 0.775401 
724 -1.370404 
725 -1.623606 
726 -1.705629 
727 -2.175311 
728 -0.168673 
729 -2.428434 
730 -2.422715 
731 -0.376517 
732 -0.666887 
733 -1.810974 
734 -1.858418 
735 -1.862491 
736 -2.370010 
737 -2.409550 
738 -0.094075 
739 0.245771 
740 -1.192366 
741 -0.708858 
742 -1.846981 
743 -2.448834 
744 -1.732430 
745 -1.390671 
746 -1.740323 
747 -1.422659 
748 -1.611233 
749 -1.888465 
750 -1.438869 
751 -1.523274 
752 -1.687818 
753 -1.823447 
754 -1.270852 
755 -1.592733 
756 -1.747943 
757 -1.348804 
758 -1.710354 
759 -1.473271 
760 -1.727075 
761 -1.350854 
762 -1.709703 
763 -1.539374 
764 -1.309900 
765 -1.411270 
766 -1.440006 
767 -2.003363 
768 -2.299463 
769 -1.515086 
770 -1.497730 
771 -1.152805 
772 -2.413294 
773 -1.691753 
774 -1.745181 
775 0.467998 
776 -2.983902 
777 1.356538 
778 0.339745 
779 -0.645110 
780 1.160699 
781 1.071021 
782 2.230242 
783 1.800044 
784 1.962612 
785 2.127539 
786 -1.753990 
787 0.166604 
788 -1.501822 
789 1.820459 
790 1.517554 
791 1.454619 
792 1.728246 
793 -0.611466 
794 1.858618 
795 1.772110 
796 0.880387 
797 3.055892 
798 0.841284 
799 -0.232223 
800 -0.684507 
801 1.859215 
802 1.480605 
803 1.938217 
804 2.583332 
805 1.703519 
806 0.060182 
807 -0.979403 
808 -1.275284 
809 -1.894222 
810 -2.269781 
811 -1.079034 
812 0.033778 
813 1.903237 
814 -0.054802 
815 2.631760 
816 1.417260 
817 2.126671 
818 1.061984 
819 1.448075 
820 0.865373 
821 -0.245705 
822 1.823815 
823 2.627390 
824 1.806217 
825 2.004898 
826 1.624554 
827 0.956543 
828 2.827718 
829 -0.265860 
830 -0.700197 
831 -1.872708 
832 -2.222089 
833 1.258700 
834 2.196616 
835 -0.419422 
836 -1.415218 
837 2.748743 
838 1.534256 
839 0.378661 
840 2.253359 
841 0.914640 
842 2.186443 
843 0.005294 
844 -0.583791 
845 -1.427637 
846 -2.101085 
847 -2.376798 
848 -1.523915 
849 -1.511376 
850 -1.573683 
851 -1.754557 
852 -1.525535 
853 -1.583675 
854 -1.677259 
855 -1.459767 
856 -1.883012 
857 -1.323303 
858 -1.448127 
859 -1.763260 
860 -1.458436 
861 -1.646524 
862 -1.710253 
863 -1.661463 
864 -2.440024 
865 -1.012931 
866 0.088064 
867 2.226837 
868 2.419036 
869 2.197132 
870 0.567074 
871 0.390029 
872 0.206500 
873 -0.323918 
874 2.412714 
875 2.059668 
876 -0.748186 
877 3.134390 
878 0.539565 
879 -0.710698 
880 -1.969733 
881 -1.425795 
882 -1.266849 
883 -2.155997 
884 -1.405773 
885 -2.079491 
886 -1.503983 
887 -1.548484 
888 -1.561055 
889 -1.657835 
890 -1.723959 
891 -1.586261 
892 -1.649823 
893 -1.569066 
894 -1.967100 
895 -1.315630 
896 -1.552193 
897 -1.597796 
898 -1.665262 
899 -1.510288 
900 -1.605633 
901 -1.764745 
902 -1.503207 
903 -1.615580 
904 -1.430374 
905 -1.678670 
906 -1.741214 
907 -1.569060 
908 -3.253281 
909 1.951786 
910 0.407083 
911 -0.297602 
912 -1.671471 
913 -1.679582 
914 1.255984 
915 1.537255 
916 1.480944 
917 1.991336 
918 1.351274 
919 1.321276 
920 1.503912 
921 1.679948 
922 1.416135 
923 1.672053 
924 1.429545 
925 1.556554 
926 1.732784 
927 1.363492 
928 -1.780489 
929 -0.660335 
930 -1.170734 
931 -2.945014 
932 -1.341903 
933 -2.002913 
934 -1.833917 
935 -1.294820 
936 -0.844306 
937 -1.139053 
938 2.104817 
939 2.077473 
940 1.676292 
941 1.546545 
942 1.482831 
943 1.582800 
944 1.454001 
945 1.207565 
946 1.693860 
947 1.933052 
948 1.177455 
949 1.529335 
950 -1.840198 
951 -1.948860 
952 -2.008871 
953 -1.135821 
954 2.513518 
955 -0.115790 
956 -1.854159 
957 0.883408 
958 2.270836 
959 -1.511347 
960 -1.435351 
961 -1.597164 
962 -1.682570 
963 -1.530909 
964 -1.596182 
965 -1.981149 
966 -1.421475 
967 -1.306866 
968 -2.166751 
969 -1.870016 
970 -1.677558 
971 0.844771 
972 0.851517 
973 1.814011 
974 -2.280307 
975 -1.651094 
976 -1.063729 
977 -0.044751 
978 -2.853399 
979 -1.860071 
980 -0.667745 
981 -1.611446 
982 1.901595 
983 1.964835 
984 1.714418 
985 1.685969 
986 1.384907 
987 1.259080 
988 2.413591 
989 -0.358012 
990 -1.543571 
991 -1.542093 
992 -0.979195 
993 -0.280954 
994 2.310905 
995 2.125775 
996 1.885540 
997 1.481565 
998 1.588041 
999 1.164307 
1000 1.419103 
1001 1.836957 
1002 1.550728 
1003 1.372465 
1004 1.516509 
1005 1.349038 
1006 1.753729 
1007 1.641091 
1008 1.627815 
1009 1.626366 
1010 1.433607 
1011 1.426381 
1012 1.235707 
1013 1.540827 
1014 1.852639 
1015 -1.886087 
1016 -1.937975 
1017 -1.408208 
1018 -0.645095 
1019 -2.086895 
1020 -1.764430 
1021 -1.737641 
1022 -1.227577 
1023 -1.482288 
1024 -1.534875 
1025 -1.306121 
1026 -1.820166 
1027 -1.755528 
1028 -1.216507 
1029 -2.123232 
1030 -2.083108 
1031 -1.309739 
1032 -1.912295 
1033 -1.724401 
1034 -1.054249 
1035 -1.874440 
1036 -2.611108 
1037 -1.812512 
1038 -0.005372 
1039 1.339488 
1040 1.882338 
1041 2.639746 
1042 -0.517277 
1043 0.598401 
1044 -0.501621 
1045 -0.264306 
1046 1.553738 
1047 2.920866 
1048 2.294270 
1049 1.776349 
1050 0.750370 
1051 1.298332 
1052 1.021935 
1053 -2.398159 
1054 -1.310210 
1055 -1.954497 
1056 -1.007150 
1057 0.805229 
1058 1.826621 
1059 2.551255 
1060 1.691194 
1061 1.701815 
1062 1.848743 
1063 1.064369 
1064 1.517297 
1065 0.717278 
1066 1.571286 
1067 2.432613 
1068 1.170667 
1069 1.698531 
1070 1.459548 
1071 1.957217 
1072 1.597551 
1073 1.815967 
1074 1.186878 
1075 1.565610 
1076 1.930507 
1077 1.328556 
1078 1.399313 
1079 1.590597 
1080 1.601770 
1081 1.627619 
1082 1.588288 
1083 1.393882 
1084 1.520622 
1085 1.534001 
1086 1.551875 
1087 1.544614 
1088 1.627397 
1089 1.518429 
1090 1.591502 
1091 1.601341 
1092 1.698772 
1093 1.694275 
1094 1.520768 
1095 1.501287 
1096 1.446109 
1097 1.898444 
1098 1.071658 
1099 2.016181 
1100 1.363148 
1101 1.793311 
1102 1.716700 
1103 1.229066 
1104 0.691352 
1105 -2.435617 
1106 -1.382630 
1107 1.444978 
1108 1.023840 
1109 1.402814 
1110 1.716139 
1111 2.081434 
1112 1.534862 
1113 2.164696 
1114 1.297552 
1115 1.489263 
1116 1.885254 
1117 2.627052 
1118 0.491605 
1119 0.773343 
1120 -1.598462 
1121 1.428983 
1122 1.539461 
1123 1.679530 
1124 1.698242 
1125 1.169962 
1126 1.793744 
1127 1.541932 
1128 -2.410712 
1129 -1.514878 
1130 -1.659927 
1131 -1.444134 
1132 -2.808172 
1133 1.249247 
1134 -1.468128 
1135 -1.155476 
1136 0.224765 
1137 0.036360 
1138 1.146890 
1139 3.326541 
1140 1.042687 
1141 2.144822 
1142 0.631700 
1143 2.103945 
1144 2.815279 
1145 1.691925 
1146 0.681582 
1147 -1.050497 
1148 -2.122446 
1149 0.588150 
1150 1.434977 
1151 2.375855 
1152 1.461753 
1153 1.713934 
1154 1.962545 
1155 1.077548 
1156 1.033471 
1157 1.601639 
1158 1.816552 
1159 2.029701 
1160 0.256864 
1161 0.560268 
1162 2.063648 
1163 2.524437 
1164 -1.551092 
1165 -1.742751 
1166 -2.272347 
1167 -1.522478 
1168 -3.138027 
1169 -1.197419 
1170 -0.987508 
1171 -0.581323 
1172 1.548941 
1173 0.252889 
1174 2.000089 
1175 2.086280 
1176 1.003287 
1177 1.482394 
1178 1.706413 
1179 2.193161 
1180 1.648965 
1181 1.612769 
1182 1.682192 
1183 1.328669 
1184 -1.942004 
1185 -1.385144 
1186 -1.920308 
1187 -1.569137 
1188 -2.233088 
1189 1.353475 
1190 2.032326 
1191 0.150764 
1192 -1.236158 
1193 -2.597406 
1194 -0.988867 
1195 -1.631942 
1196 -0.455712 
1197 -0.781862 
1198 -2.054295 
1199 -2.514054 
1200 -1.681126 
1201 -1.631211 
1202 -1.591997 
1203 -1.500117 
1204 -1.673067 
1205 -1.583344 
1206 -1.542094 
1207 -1.444214 
1208 -2.145427 
1209 -0.536366 
1210 -1.756318 
1211 -2.071924 
1212 -1.271561 
1213 -2.092075 
1214 -2.138150 
1215 -0.330857 
1216 -0.241788 
1217 -1.782882 
1218 -1.778433 
1219 -1.990191 
1220 -1.727325 
1221 -1.499340 
1222 -1.537180 
1223 -1.537959 
1224 -1.688704 
1225 -1.531911 
1226 -1.906866 
1227 -1.198391 
1228 -1.914071 
1229 -1.037835 
1230 -0.541422 
1231 -2.578791 
1232 -2.450197 
1233 -1.635867 
1234 -1.005315 
1235 -1.511638 
1236 -0.894600 
1237 -1.593408 
1238 -1.910211 
1239 -2.281053 
1240 -1.157877 
1241 -1.766044 
1242 -1.673129 
1243 -1.605633 
1244 -1.608979 
1245 -1.541472 
1246 -1.501546 
1247 -1.706776 
1248 -1.655853 
1249 -1.706157 
1250 -1.647374 
1251 -1.341401 
1252 -1.742561 
1253 -1.499486 
1254 -1.593358 
1255 -1.565247 
1256 -1.539875 
1257 -1.672273 
1258 -1.563509 
1259 -1.536934 
1260 -1.725018 
1261 -1.612525 
1262 -1.542661 
1263 -1.494347 
1264 -1.564414 
1265 -1.698725 
1266 -1.640675 
1267 -1.670669 
1268 -1.596599 
1269 -1.560938 
1270 -1.621108 
1271 -1.623550 
1272 -1.890370 
1273 -1.849204 
1274 -0.797356 
1275 -1.968356 
1276 -1.586535 
1277 -1.551831 
1278 -1.432900 
1279 -1.725374 
1280 -1.579535 
1281 -1.864664 
1282 -1.647150 
1283 -1.400441 
1284 -1.636830 
1285 -2.450434 
1286 -1.219098 
1287 -1.211072 
1288 -2.392820 
1289 1.043151 
1290 -1.050022 
1291 -1.670471 
1292 1.787621 
1293 1.597763 
1294 0.497779 
1295 2.378678 
1296 1.608934 
1297 1.177997 
1298 0.523646 
1299 2.365638 
1300 1.983020 
1301 2.148732 
1302 0.258484 
1303 1.433954 
1304 1.847187 
1305 0.804783 
1306 0.862219 
1307 2.425311 
1308 2.181571 
1309 2.389772 
1310 0.435969 
1311 0.640987 
1312 0.427923 
1313 0.936955 
1314 1.771067 
1315 2.517469 
1316 1.391127 
1317 2.223475 
1318 2.029830 
1319 0.068107 
1320 1.111200 
1321 1.733850 
1322 2.427362 
1323 1.526233 
1324 0.032355 
1325 0.032006 
1326 1.317329 
1327 3.188468 
1328 0.849918 
1329 1.136977 
1330 -2.005933 
1331 -2.535176 
1332 1.229551 
1333 0.762071 
1334 1.714745 
1335 2.477815 
1336 2.294387 
1337 1.379367 
1338 1.585723 
1339 0.973227 
1340 1.637456 
1341 2.001725 
1342 1.755501 
1343 0.923104 
1344 1.234529 
1345 1.215502 
1346 1.166716 
1347 2.321008 
1348 2.272886 
1349 1.357790 
1350 1.458643 
1351 1.124713 
1352 1.442112 
1353 1.612099 
1354 1.521299 
1355 1.459487 
1356 2.020599 
1357 1.319422 
1358 0.876614 
1359 1.947226 
1360 3.387371 
1361 -0.992015 
1362 0.345283 
1363 0.802650 
1364 1.093663 
1365 1.528914 
1366 1.705223 
1367 1.951029 
1368 1.843595 
1369 1.803880 
1370 1.417579 
1371 1.262289 
1372 1.033706 
1373 1.186283 
1374 1.941445 
1375 2.054537 
1376 1.860406 
1377 1.530580 
1378 1.268222 
1379 1.711156 
1380 1.663255 
1381 1.769737 
1382 1.361550 
1383 1.389678 
1384 1.635242 
1385 1.780921 
1386 0.801700 
1387 1.897083 
1388 1.868317 
1389 1.590740 
1390 1.393403 
1391 1.255460 
1392 1.818000 
1393 2.916435 
1394 -0.185811 
1395 -1.010038 
1396 2.006383 
1397 1.738029 
1398 1.663949 
1399 0.822704 
1400 -0.590189 
1401 -1.903155 
1402 -2.299888 
1403 2.007108 
1404 1.642983 
1405 0.987237 
1406 1.980805 
1407 1.722245 
1408 1.510587 
1409 1.688845 
1410 1.442089 
1411 1.783924 
1412 -2.074646 
1413 -1.421148 
1414 -1.248843 
1415 1.809160 
1416 1.920721 
1417 1.241089 
1418 1.558627 
1419 1.518061 
1420 1.949289 
1421 1.400929 
1422 0.622166 
1423 2.112452 
1424 1.953260 
1425 1.707390 
1426 1.306634 
1427 1.131539 
1428 1.567256 
1429 1.696160 
1430 1.284804 
1431 1.596027 
1432 1.866912 
1433 1.468393 
1434 1.485765 
1435 1.600660 
1436 1.143512 
1437 1.405690 
1438 -1.621651 
1439 -2.080645 
1440 -0.634099 
1441 -1.480319 
1442 1.575171 
1443 2.523491 
1444 1.761444 
1445 1.167549 
1446 2.132345 
1447 1.239300 
1448 0.548056 
1449 3.072052 
1450 1.404060 
1451 -0.195268 
1452 1.155221 
1453 1.255645 
1454 1.831963 
1455 2.042128 
1456 0.822167 
1457 1.073897 
1458 -1.993439 
1459 -2.300998 
1460 -1.651312 
1461 -1.681258 
1462 -2.436175 
1463 0.577450 
1464 0.749561 
1465 1.977981 
1466 0.193742 
1467 2.709540 
1468 1.169568 
1469 2.435592 
1470 -0.974469 
1471 -2.017015 
1472 2.045820 
1473 1.802909 
1474 1.226264 
1475 1.315936 
1476 1.741853 
1477 1.147541 
1478 1.423455 
1479 1.746980 
1480 2.365507 
1481 1.842867 
1482 1.101954 
1483 0.720858 
1484 0.265929 
1485 -0.067832 
1486 -0.862399 
1487 -3.301838 
1488 -2.852322 
1489 -1.789319 
1490 -0.404285 
1491 0.588704 
1492 1.061671 
1493 1.452662 
1494 1.670348 
1495 2.142600 
1496 1.941960 
1497 0.331414 
1498 -1.396195 
1499 -2.283486 
1500 -1.733770 
1501 -0.567323 
1502 -1.872978 
1503 -1.897506 
1504 0.109903 
1505 0.570442 
1506 -0.274007 
1507 -3.147330 
1508 -2.527510 
1509 -1.891875 
1510 -1.468992 
1511 0.402117 
1512 -0.334169 
1513 0.913028 
1514 1.726697 
1515 2.756167 
1516 1.648878 
1517 2.749874 
1518 1.041929 
1519 0.182951 
1520 2.149781 
1521 1.381087 
1522 2.012389 
1523 0.548880 
1524 -1.619163 
1525 -2.070760 
1526 1.077843 
1527 1.752986 
1528 1.277002 
1529 1.841802 
1530 1.690007 
1531 1.809766 
1532 0.037127 
1533 1.568513 
1534 2.334535 
1535 1.470098 
1536 2.075889 
1537 -1.430813 
1538 -1.478202 
1539 -1.322334 
1540 -2.444878 
1541 0.915757 
1542 1.946093 
1543 0.706021 
1544 1.901165 
1545 1.388236 
1546 -2.743303 
1547 -0.053796 
1548 -1.945038 
1549 0.644972 
1550 -0.539807 
1551 -2.806078 
1552 0.139793 
1553 0.961649 
1554 -2.348280 
1555 -2.208012 
1556 -1.500919 
1557 -1.499387 
1558 -1.420424 
1559 1.919950 
1560 1.656901 
1561 1.890800 
1562 1.806774 
1563 1.293821 
1564 1.378990 
1565 1.515251 
1566 1.632378 
1567 1.692584 
1568 2.466344 
1569 1.674994 
1570 1.125772 
1571 0.684730 
1572 1.701532 
1573 2.008655 
1574 0.941288 
1575 1.492006 
1576 2.285759 
1577 1.760718 
1578 1.488299 
1579 0.293073 
1580 1.714211 
1581 1.717246 
1582 1.351819 
1583 1.433273 
1584 2.889402 
1585 1.802650 
1586 0.048916 
1587 0.745151 
1588 -0.995709 
1589 1.279327 
1590 -1.605247 
1591 -2.613998 
1592 -0.977998 
1593 -1.444488 
1594 -1.634264 
1595 -2.467313 
1596 -1.464257 
1597 -1.965412 
1598 -1.604029 
1599 -1.404184 
1600 -1.779912 
1601 -1.304232 
1602 -1.729225 
1603 -1.655869 
1604 -1.601288 
1605 -1.517993 
1606 -1.444030 
1607 -1.834245 
1608 -1.823921 
1609 -1.745626 
1610 -1.377388 
1611 -1.531930 
1612 -1.961321 
1613 -1.521026 
1614 -1.429913 
1615 -1.466738 
1616 -1.592543 
1617 -0.903214 
1618 -1.606788 
1619 -2.438300 
1620 0.542878 
1621 -2.134007 
1622 -2.744857 
1623 0.391315 
1624 1.957179 
1625 2.640201 
1626 -0.340537 
1627 0.047152 
1628 -1.527661 
1629 2.066728 
1630 2.200176 
1631 -0.994951 
1632 0.054471 
1633 0.398206 
1634 -0.329703 
1635 3.483949 
1636 1.450912 
1637 -2.324290 
1638 -1.970151 
1639 0.206846 
1640 0.952678 
1641 1.016295 
1642 0.559577 
1643 3.153342 
1644 2.030335 
1645 1.640752 
1646 1.424265 
1647 0.869475 
1648 -1.594664 
1649 -1.437134 
1650 -1.396837 
1651 -2.154405 
1652 -2.362040 
1653 0.457696 
1654 -0.383021 
1655 -2.358369 
1656 0.958238 
1657 0.692018 
1658 -2.158646 
1659 -2.275152 
1660 -2.019472 
1661 -1.498836 
1662 -1.194285 
1663 -1.410325 
1664 -1.439426 
1665 -1.168512 
1666 -2.022547 
1667 -1.864290 
1668 -1.726024 
1669 -2.127946 
1670 -1.062895 
1671 -1.620688 
1672 -1.568087 
1673 -1.708074 
1674 -1.637092 
1675 -1.593222 
1676 -1.388589 
1677 -1.786227 
1678 -1.849026 
1679 -1.803193 
1680 -1.386467 
1681 -1.214518 
1682 -1.929976 
1683 -1.847403 
1684 1.449061 
1685 -0.044192 
1686 -2.148956 
1687 -2.203294 
1688 -1.751482 
1689 1.365902 
1690 1.637181 
1691 1.891961 
1692 1.112575 
1693 1.688176 
1694 1.174780 
1695 2.393045 
1696 1.046364 
1697 1.622385 
1698 2.192518 
1699 -1.452760 
1700 -1.813105 
1701 -1.740779 
1702 -1.389441 
1703 -1.630604 
1704 -1.476339 
1705 -0.977602 
1706 -1.989089 
1707 -2.087913 
1708 -1.761782 
1709 -1.453807 
1710 -1.537689 
1711 -1.662620 
1712 -1.550075 
1713 -1.707343 
1714 -1.712307 
1715 -1.660355 
1716 -1.522586 
1717 -1.491016 
1718 -1.530971 
1719 -1.673987 
1720 -1.671887 
1721 -1.887205 
1722 -2.056000 
1723 -0.123878 
1724 0.851901 
1725 -2.490683 
1726 -1.567684 
1727 -1.608065 
1728 -2.602210 
1729 -1.807711 
1730 -0.720201 
1731 0.707855 
1732 1.742196 
1733 -0.440333 
1734 0.336051 
1735 2.905238 
1736 2.403629 
1737 2.156766 
1738 0.542509 
1739 -0.096706 
1740 3.035438 
1741 1.846720 
1742 0.355485 
1743 0.298034 
1744 1.052237 
1745 -1.638871 
1746 -2.738879 
1747 -0.959614 
1748 -1.593832 
1749 1.850391 
1750 1.797865 
1751 1.297076 
1752 -0.445004 
1753 -2.187540 
1754 0.249547 
1755 -2.565410 
1756 1.270145 
1757 1.529417 
1758 1.242203 
1759 2.438477 
1760 -3.059678 
1761 -1.441911 
1762 -0.716942 
1763 0.831282 
1764 2.441639 
1765 1.113202 
1766 2.016335 
1767 -0.720522 
1768 -1.757612 
1769 -1.404005 
1770 -1.813407 
1771 2.198312 
1772 -1.629232 
1773 -1.936286 
1774 1.570327 
1775 1.416270 
1776 -2.155770 
1777 -1.984447 
1778 0.001825 
1779 -1.787632 
1780 -1.076422 
1781 1.005421 
1782 2.647848 
1783 1.658484 
1784 1.646152 
1785 1.666768 
1786 1.576876 
1787 1.288417 
1788 1.908630 
1789 0.720202 
1790 1.493353 
1791 2.085151 
1792 2.487183 
1793 0.994128 
1794 0.525035 
1795 -1.838534 
1796 1.310428 
1797 2.160204 
1798 2.065600 
1799 0.757683 
1800 -0.605238 
1801 2.533452 
1802 0.629667 
1803 1.930665 
1804 0.688586 
1805 -0.064300 
1806 -1.405656 
1807 -3.166720 
1808 0.038153 
1809 -0.108717 
1810 -3.096357 
1811 -1.596288 
1812 -1.146394 
1813 -1.624070 
1814 -2.439959 
1815 -1.431810 
1816 -1.856949 
1817 -1.935398 
1818 1.079892 
1819 1.363476 
1820 0.802114 
1821 1.832125 
1822 1.818730 
1823 1.685229 
1824 1.534545 
1825 1.569241 
1826 1.452670 
1827 1.712252 
1828 1.905498 
1829 1.466384 
1830 1.249810 
1831 1.493028 
1832 1.357985 
1833 1.893692 
1834 1.560788 
1835 1.430966 
1836 1.420389 
1837 1.923413 
1838 1.574317 
1839 1.316408 
1840 2.098246 
1841 1.411690 
1842 0.892980 
1843 1.852389 
1844 -1.123486 
1845 -1.703392 
1846 1.882379 
1847 1.860584 
1848 1.685161 
1849 1.834166 
1850 1.952781 
1851 -0.340279 
1852 1.369927 
1853 1.544586 
1854 1.757624 
1855 1.347019 
1856 1.524352 
1857 1.678175 
1858 1.432958 
1859 1.606613 
1860 2.378628 
1861 1.946529 
1862 1.042868 
1863 0.307066 
1864 -0.724318 
1865 1.808249 
1866 1.830167 
1867 1.864602 
1868 2.806526 
1869 1.468028 
1870 -0.592149 
1871 -1.878004 
1872 -1.935420 
1873 -1.627468 
1874 -2.062317 
1875 -0.409348 
1876 -1.056195 
1877 -1.583025 
1878 -1.851178 
1879 -1.712001 
1880 -1.562790 
1881 -1.378260 
1882 -1.667209 
1883 -1.836495 
1884 -1.435506 
1885 -1.465678 
1886 -1.741558 
1887 -1.481291 
1888 -1.344001 
1889 -1.645363 
1890 -1.583848 
1891 -1.571441 
1892 -1.641715 
1893 -1.579389 
1894 -1.498528 
1895 -1.540659 
1896 -1.643201 
1897 -1.558345 
1898 -1.575249 
1899 -1.496880 
1900 -1.807669 
1901 -1.841679 
1902 -1.338261 
1903 -1.394429 
1904 -1.585923 
1905 -1.628019 
1906 -1.759605 
1907 -1.358582 
1908 -1.280198 
1909 -1.826797 
1910 -1.602809 
1911 -1.692841 
1912 -1.413946 
1913 -1.549597 
1914 -1.661302 
1915 -1.754089 
1916 -1.604298 
1917 -1.683910 
1918 -1.637576 
1919 -1.573417 
1920 -1.633317 
1921 -1.560489 
1922 -1.723075 
1923 -1.478412 
1924 -1.531588 
1925 -1.622393 
1926 -1.692392 
1927 -1.671759 
1928 -1.579398 
1929 -1.512315 
1930 -1.595441 
1931 -1.678483 
1932 -1.824676 
1933 -1.405700 
1934 -1.820222 
1935 -1.641733 
1936 -1.150975 
1937 -1.719285 
1938 -2.318114 
1939 -1.197986 
1940 -1.085225 
1941 0.701147 
1942 1.481509 
1943 2.855324 
1944 0.449143 
1945 -0.868323 
1946 -1.562117 
1947 -2.902623 
1948 -2.705251 
1949 -0.571477 
1950 -0.074472 
1951 -2.000948 
1952 -1.715492 
1953 -0.540092 
1954 -2.157577 
1955 -1.904182 
1956 2.206012 
1957 0.822482 
1958 0.425662 
1959 2.367308 
1960 1.661314 
1961 1.458416 
1962 0.865328 
1963 2.192064 
1964 2.042820 
1965 1.056382 
1966 -1.439769 
1967 2.022020 
1968 1.327574 
1969 1.498736 
1970 1.613282 
1971 1.791741 
1972 1.793527 
1973 1.621502 
1974 1.348090 
1975 -1.837815 
1976 0.926555 
1977 1.708743 
1978 -1.205535 
1979 -2.477319 
1980 -1.831058 
1981 -1.606093 
1982 -1.568801 
1983 -1.669206 
1984 -1.285792 
1985 -0.580752 
1986 -2.156398 
1987 -2.349479 
1988 -0.537184 
1989 -0.035767 
1990 2.117585 
1991 2.573307 
1992 2.277935 
1993 -0.156052 
1994 1.675736 
1995 -1.579313 
1996 -1.853477 
1997 -1.862014 
1998 -1.841658 
1999 -1.393895 
2000 -2.238706 
2001 0.682626 
2002 1.230991 
2003 1.935660 
2004 1.830910 
2005 1.735878 
2006 -1.663351 
2007 -0.919314 
2008 -1.515712 
2009 -1.349745 
2010 -1.806326 
2011 -1.909454 
2012 -1.674059 
2013 -1.876982 
2014 -1.707921 
2015 -1.136510 
2016 -1.674956 
2017 -2.084569 
2018 -1.741135 
2019 -0.851597 
2020 -1.871335 
2021 0.320874 
2022 -2.118796 
2023 -2.052973 
2024 -1.162423 
2025 2.185387 
2026 2.157896 
2027 0.305869 
2028 0.712047 
2029 -2.061549 
2030 -2.387783 
2031 0.012565 
2032 -2.684921 
2033 -1.870338 
2034 -1.245541 
2035 1.077124 
2036 -0.695506 
2037 0.662489 
2038 -0.709708 
2039 3.241671 
2040 2.807823 
2041 1.803433 
2042 0.824846 
2043 0.283536 
2044 0.766405 
2045 1.239355 
2046 2.466958 
2047 1.582278 
2048 1.252530 
2049 1.649425 
2050 1.641178 
2051 -1.927377 
2052 -1.796579 
2053 1.423656 
2054 1.618542 
2055 1.625184 
2056 1.663181 
2057 -1.326873 
2058 -1.626655 
2059 -1.778418 
2060 -1.557966 
2061 -1.584906 
2062 -1.799815 
2063 -1.408933 
2064 -1.350274 
2065 -1.532290 
2066 -1.689340 
2067 -1.784433 
2068 -2.140380 
2069 -1.549731 
2070 -1.272529 
2071 -1.447022 
2072 -1.490065 
2073 -1.658513 
2074 -1.730115 
2075 -1.450657 
2076 -1.725640 
2077 -1.702346 
2078 -1.629679 
2079 -1.517047 
2080 -0.959116 
2081 -1.585538 
2082 -1.842366 
2083 -2.007677 
2084 -1.495276 
2085 -1.710176 
2086 -1.463611 
2087 -1.565541 
2088 -1.584246 
2089 -1.690525 
2090 -1.742403 
2091 -1.457394 
2092 -1.529519 
2093 -2.001085 
2094 -1.526532 
2095 -1.264983 
2096 -1.650907 
2097 -1.919088 
2098 -1.754788 
2099 -1.018025 
2100 -1.048313 
2101 -1.628844 
2102 -1.953897 
2103 -1.888616 
2104 -1.527197 
2105 -1.584669 
2106 -1.677399 
2107 -1.620753 
2108 -1.502815 
2109 -1.552089 
2110 -1.706173 
2111 -1.759370 
2112 -0.972771 
2113 -2.383142 
2114 -1.675637 
2115 -1.530053 
2116 -2.091926 
2117 -1.943027 
2118 -0.654762 
2119 -1.517717 
2120 -2.757171 
2121 -1.239569 
2122 -0.130722 
2123 -1.904352 
2124 0.868173 
2125 1.552196 
2126 1.621449 
2127 2.046796 
2128 1.970641 
2129 1.818951 
2130 1.628135 
2131 -0.555790 
2132 -2.261244 
2133 -2.268909 
2134 -0.476451 
2135 1.551461 
2136 1.181049 
2137 0.078363 
2138 0.106429 
2139 3.599526 
2140 1.540942 
2141 2.274830 
2142 1.684911 
2143 0.821858 
2144 1.517601 
2145 1.418535 
2146 1.599896 
2147 1.988607 
2148 2.063163 
2149 1.810961 
2150 1.315583 
2151 0.998902 
2152 1.134131 
2153 1.878437 
2154 1.674490 
2155 1.528655 
2156 1.652794 
2157 1.618287 
2158 1.425124 
2159 1.685005 
2160 1.628692 
2161 1.464968 
2162 1.637671 
2163 1.439400 
2164 1.638388 
2165 1.530034 
2166 1.710979 
2167 1.437975 
2168 1.727713 
2169 1.369061 
2170 1.611225 
2171 1.511377 
2172 1.435795 
2173 1.635591 
2174 1.530643 
2175 1.575484 
2176 1.496367 
2177 1.625586 
2178 1.475098 
2179 1.592708 
2180 1.790501 
2181 1.527612 
2182 1.598302 
2183 1.387132 
2184 1.488462 
2185 1.746891 
2186 1.370511 
2187 1.466760 
2188 1.589297 
2189 1.357716 
2190 1.571263 
2191 1.668148 
2192 1.786842 
2193 1.605043 
2194 1.360794 
2195 1.480825 
2196 1.479677 
2197 1.591962 
2198 1.549126 
2199 1.620391 
2200 1.772133 
2201 1.642056 
2202 1.344848 
2203 1.521581 
2204 1.250460 
2205 1.351795 
2206 1.771938 
2207 1.806434 
2208 1.318506 
2209 1.589916 
2210 1.581214 
2211 1.776424 
2212 1.605919 
2213 1.580236 
2214 1.664519 
2215 1.373305 
2216 1.363873 
2217 1.504177 
2218 1.693768 
2219 1.617603 
2220 1.407751 
2221 1.434353 
2222 1.554381 
2223 1.715701 
2224 1.803057 
2225 2.383137 
2226 1.285757 
2227 -0.276352 
2228 1.061034 
2229 -0.919625 
2230 2.099210 
2231 1.839314 
2232 1.594783 
2233 1.487216 
2234 1.614006 
2235 1.494730 
2236 1.446954 
2237 -0.948472 
2238 2.363971 
2239 -2.098051 
2240 -3.370435 
2241 -0.603829 
2242 -0.576117 
2243 -0.463241 
2244 -1.438275 
2245 -2.008500 
2246 -2.650990 
2247 -0.957424 
2248 3.159121 
2249 0.563398 
2250 -0.053614 
2251 0.539859 
2252 0.649105 
2253 0.965699 
2254 2.112987 
2255 2.328287 
2256 1.420395 
2257 1.019438 
2258 2.319146 
2259 1.547099 
2260 1.107661 
2261 2.294368 
2262 1.999444 
2263 0.159545 
2264 1.357017 
2265 1.402883 
2266 1.885443 
2267 1.828805 
2268 0.036739 
2269 -0.516636 
2270 3.797160 
2271 -0.046381 
2272 0.279972 
2273 0.580688 
2274 2.134710 
2275 2.518421 
2276 1.594415 
2277 1.600394 
2278 1.340748 
2279 1.851692 
2280 1.552792 
2281 1.531514 
2282 1.653044 
2283 1.473954 
2284 1.501205 
2285 1.589179 
2286 1.677608 
2287 1.493932 
2288 1.272921 
2289 1.132974 
2290 1.702453 
2291 2.083177 
2292 2.596720 
2293 2.227366 
2294 0.091029 
2295 0.007272 
2296 0.577725 
2297 0.634767 
2298 2.238446 
2299 2.213953 
2300 1.840986 
2301 1.499095 
2302 1.178007 
2303 1.617135 
2304 1.935175 
2305 1.647986 
2306 1.736003 
2307 0.673648 
2308 2.066669 
2309 1.905443 
2310 1.281322 
2311 1.009412 
2312 1.509013 
2313 1.701805 
2314 1.850227 
2315 1.568855 
2316 1.051891 
2317 2.119546 
2318 0.328475 
2319 2.101794 
2320 2.072170 
2321 2.623618 
2322 0.017545 
2323 0.407824 
2324 0.636632 
2325 1.840809 
2326 1.543748 
2327 1.975462 
2328 1.587006 
2329 1.457103 
2330 1.522246 
2331 1.508378 
2332 2.024510 
2333 0.916667 
2334 2.694709 
2335 -0.831741 
2336 -0.899918 
2337 -2.619946 
2338 0.635369 
2339 1.991988 
2340 3.269691 
2341 0.851087 
2342 0.366963 
2343 0.810468 
2344 0.573101 
2345 1.286197 
2346 1.338741 
2347 2.757093 
2348 2.094118 
2349 1.017765 
2350 1.350065 
2351 1.567522 
2352 1.650539 
2353 1.616618 
2354 1.530602 
2355 1.491167 
2356 1.591623 
2357 1.685906 
2358 1.636915 
2359 1.226877 
2360 1.500043 
2361 1.566462 
2362 1.656398 
2363 1.488970 
2364 1.525915 
2365 1.724879 
2366 1.610404 
2367 1.430526 
2368 1.641865 
2369 1.430086 
2370 1.731798 
2371 1.596116 
2372 1.561834 
2373 1.583713 
2374 1.419026 
2375 1.692672 
2376 1.773166 
2377 1.545547 
2378 1.531407 
2379 1.496480 
2380 1.601141 
2381 1.490388 
2382 2.371989 
2383 1.202051 
2384 0.928331 
2385 1.534190 
2386 1.593910 
2387 2.161263 
2388 1.879307 
2389 1.637658 
2390 1.706219 
2391 1.231571 
2392 1.816426 
2393 1.059700 
2394 1.646244 
2395 1.801640 
2396 1.698892 
2397 1.660611 
2398 1.396293 
2399 1.388791 
2400 1.618970 
2401 1.500558 
2402 1.682460 
2403 1.629072 
2404 1.594397 
2405 1.604715 
2406 1.511758 
2407 1.701523 
2408 1.723423 
2409 1.475104 
2410 1.494634 
2411 1.509650 
2412 1.366628 
2413 1.598531 
2414 1.641117 
2415 1.542098 
2416 1.846497 
2417 1.802588 
2418 1.659777 
2419 0.962521 
2420 1.720918 
2421 1.485179 
2422 1.455631 
2423 1.529535 
2424 1.617597 
2425 1.620943 
2426 1.619648 
2427 1.304796 
2428 1.479970 
2429 1.472616 
2430 1.791797 
2431 1.476985 
2432 1.458285 
2433 1.613235 
2434 1.679983 
2435 1.553090 
2436 1.484818 
2437 1.651285 
2438 1.392061 
2439 1.656674 
2440 1.622065 
2441 1.711894 
2442 1.377172 
2443 1.485801 
2444 1.318499 
2445 1.611199 
2446 1.718916 
2447 1.671427 
2448 1.614810 
2449 1.434312 
2450 1.563733 
2451 1.555720 
2452 1.550338 
2453 1.606519 
2454 1.508007 
2455 1.641234 
2456 1.666233 
2457 1.746187 
2458 1.456661 
2459 1.374199 
2460 1.392716 
2461 1.615873 
2462 1.596180 
2463 1.562772 
2464 1.502425 
2465 1.565405 
2466 1.573557 
2467 1.412424 
2468 1.522637 
2469 1.633887 
2470 1.532685 
2471 1.403198 
2472 1.581194 
2473 1.287667 
2474 1.887278 
2475 1.474002 
2476 1.209389 
2477 1.513864 
2478 1.698044 
2479 1.855591 
2480 1.494145 
2481 1.509922 
2482 1.664133 
2483 1.585059 
2484 1.461478 
2485 1.333183 
2486 1.656531 
2487 1.587371 
2488 1.510705 
2489 1.749432 
2490 1.569902 
2491 1.367018 
2492 1.581969 
2493 1.489293 
2494 1.398806 
2495 1.587444 
2496 2.497724 
2497 -0.838962 
2498 -1.995538 
2499 -0.763763 
2500 -1.665575 
2501 -0.844421 
2502 -0.090962 
2503 -2.884073 
2504 -1.597484 
2505 -2.879194 
2506 -0.857769 
2507 -0.594075 
2508 -0.449189 
2509 1.931649 
2510 2.675984 
2511 0.966668 
2512 -0.438681 
2513 -1.974486 
2514 -0.989162 
2515 -2.712241 
2516 -0.921992 
2517 0.693183 
2518 1.292137 
2519 3.144659 
2520 1.159584 
2521 1.399938 
2522 1.938569 
2523 1.476985 
2524 -2.162957 
2525 -2.107172 
2526 -1.486757 
2527 -0.994846 
2528 -0.145568 
2529 0.601140 
2530 1.034902 
2531 -3.576504 
2532 -1.922392 
2533 -1.465712 
2534 -1.453704 
2535 -1.472271 
2536 -2.133303 
2537 -1.981556 
2538 -1.465761 
2539 -0.786157 
2540 0.194931 
2541 1.328114 
2542 0.007851 
2543 3.353929 
2544 1.724427 
2545 2.284037 
2546 0.830494 
2547 1.488530 
2548 1.466468 
2549 1.247092 
2550 1.741298 
2551 1.839895 
2552 1.465726 
2553 1.554323 
2554 1.455623 
2555 1.620609 
2556 1.531827 
2557 1.570279 
2558 1.489566 
2559 1.561957 
2560 1.682906 
2561 1.773721 
2562 1.348960 
2563 1.519093 
2564 1.161401 
2565 1.779081 
2566 1.640390 
2567 1.486672 
2568 1.371817 
2569 1.833459 
2570 1.552701 
2571 1.509938 
2572 1.297688 
2573 1.555313 
2574 1.580785 
2575 1.735120 
2576 1.532915 
2577 1.462207 
2578 1.712975 
2579 1.428762 
2580 1.488827 
2581 1.708835 
2582 1.576607 
2583 1.484163 
2584 1.667835 
2585 1.622799 
2586 1.537740 
2587 1.300699 
2588 1.519130 
2589 1.641198 
2590 1.407520 
2591 1.730029 
2592 1.561612 
2593 1.889594 
2594 1.427506 
2595 1.361951 
2596 1.622176 
2597 1.586893 
2598 1.421074 
2599 1.555184 
2600 1.686203 
2601 1.367209 
2602 1.749281 
2603 1.544258 
2604 1.514492 
2605 1.478954 
2606 1.466020 
2607 1.737120 
2608 1.396984 
2609 1.544737 
2610 1.745192 
2611 1.474010 
2612 2.014308 
2613 2.314336 
2614 0.994300 
2615 0.298965 
2616 1.229617 
2617 1.767178 
2618 1.691248 
2619 1.547772 
2620 1.445282 
2621 1.417220 
2622 1.716136 
2623 1.523864 
2624 1.596869 
2625 1.332239 
2626 1.721489 
2627 1.536624 
2628 2.990545 
2629 1.619125 
2630 0.484038 
2631 0.188326 
2632 1.491561 
2633 1.783768 
2634 1.301959 
2635 1.497989 
2636 2.860987 
2637 1.688693 
2638 0.973920 
2639 -0.062684 
2640 2.102445 
2641 2.533997 
2642 -0.544390 
2643 -0.080991 
2644 1.495347 
2645 -1.913306 
2646 -2.237730 
2647 -1.270413 
2648 0.278482 
2649 1.758270 
2650 2.828552 
2651 1.001606 
2652 1.380426 
2653 1.783153 
2654 1.448740 
2655 1.672967 
2656 1.516380 
2657 1.410065 
2658 1.418622 
2659 -2.030510 
2660 1.762395 
2661 1.579621 
2662 1.424207 
2663 1.419739 
2664 1.532675 
2665 1.701470 
2666 1.473287 
2667 1.581993 
2668 1.546663 
2669 1.476761 
2670 1.699884 
2671 1.462625 
2672 1.677400 
2673 1.607599 
2674 1.389704 
2675 1.527383 
2676 1.549850 
2677 1.376985 
2678 1.707408 
2679 1.599307 
2680 1.583745 
2681 1.561334 
2682 1.456365 
2683 1.576401 
2684 1.785537 
2685 -1.600863 
2686 -1.421526 
2687 -1.419044 
2688 -1.710066 
2689 -1.731304 
2690 -1.536568 
2691 -1.484999 
2692 -1.707336 
2693 -1.284026 
2694 2.289495 
2695 -1.062706 
2696 -0.223770 
2697 -1.332904 
2698 -2.128281 
2699 -2.100707 
2700 -2.430586 
2701 -2.095912 
2702 -0.776719 
2703 0.226210 
2704 0.819944 
2705 1.957448 
2706 2.264509 
2707 1.026634 
2708 0.713091 
2709 1.692856 
2710 1.726810 
2711 2.088386 
2712 2.433029 
2713 1.462583 
2714 1.251276 
2715 0.911591 
2716 1.791921 
2717 2.667245 
2718 -0.117663 
2719 -0.562098 
2720 -0.855874 
2721 2.446497 
2722 -0.245598 
2723 -2.270423 
2724 -1.219255 
2725 -1.034608 
2726 -2.477685 
2727 -1.979584 
2728 -0.652511 
2729 -1.804133 
2730 -1.734394 
2731 -1.937976 
2732 -1.810602 
2733 -2.062192 
2734 -1.309836 
2735 -1.433226 
2736 -1.416902 
2737 -0.703657 
2738 3.033552 
2739 -0.089296 
2740 1.558087 
2741 -1.390300 
2742 -1.662381 
2743 -1.851393 
2744 -0.749506 
2745 -1.839085 
2746 -1.814569 
2747 -1.836355 
2748 -1.714424 
2749 -1.660480 
2750 -1.777826 
2751 -1.292904 
2752 -1.282401 
2753 1.614577 
2754 1.969810 
2755 1.160514 
2756 2.483295 
2757 2.064029 
2758 0.660700 
2759 -0.298932 
2760 -1.177440 
2761 -1.396434 
2762 -1.973451 
2763 -2.061220 
2764 -1.548209 
2765 -1.627666 
2766 -1.396358 
2767 -1.775912 
2768 -1.385081 
2769 -1.619030 
2770 -1.725735 
2771 -1.704261 
2772 -1.181942 
2773 -1.509660 
2774 -2.105595 
2775 -1.725488 
2776 0.183830 
2777 -0.621950 
2778 0.686514 
2779 3.299378 
2780 2.716067 
2781 -0.772906 
2782 -1.035703 
2783 -1.155607 
2784 -1.888942 
2785 -1.494522 
2786 -1.217106 
2787 -2.142109 
2788 -2.774795 
2789 -1.389415 
2790 -1.261669 
2791 1.331796 
2792 -0.092208 
2793 2.562344 
2794 -0.233731 
2795 -2.277354 
2796 -1.342499 
2797 -1.573919 
2798 -0.746295 
2799 2.650434 
2800 2.629857 
2801 1.383906 
2802 1.611648 
2803 -0.905461 
2804 -0.039065 
2805 1.667049 
2806 1.396733 
2807 2.255506 
2808 1.935048 
2809 1.867533 
2810 0.386415 
2811 1.583980 
2812 2.724300 
2813 0.858825 
2814 0.651036 
2815 1.521719 
2816 1.743345 
2817 1.764320 
2818 1.462074 
2819 1.581665 
2820 1.817861 
2821 1.422055 
2822 1.376148 
2823 1.813708 
2824 1.620674 
2825 1.581810 
2826 1.594182 
2827 1.458165 
2828 1.412680 
2829 1.741142 
2830 1.580429 
2831 1.423250 
2832 1.598456 
2833 1.366805 
2834 1.680231 
2835 1.554363 
2836 2.032895 
2837 1.575969 
2838 1.381902 
2839 1.124377 
2840 1.618604 
2841 1.324066 
2842 1.992788 
2843 1.183750 
2844 1.317944 
2845 1.508386 
2846 1.583824 
2847 1.833887 
2848 1.557703 
2849 1.522894 
2850 1.673712 
2851 1.467870 
2852 1.284004 
2853 1.649206 
2854 1.953632 
2855 1.193806 
2856 1.741808 
2857 1.277815 
2858 1.580202 
2859 1.513653 
2860 1.648314 
2861 1.600100 
2862 1.468236 
2863 1.499623 
2864 1.639109 
2865 1.693672 
2866 1.260392 
2867 1.582687 
2868 1.529308 
2869 1.624057 
2870 1.525724 
2871 1.444987 
2872 1.688429 
2873 1.408176 
2874 1.466434 
2875 1.624846 
2876 1.574966 
2877 1.555083 
2878 1.577272 
2879 1.585037 
2880 1.516495 
2881 1.657069 
2882 1.459475 
2883 1.588460 
2884 1.600668 
2885 1.315242 
2886 1.807926 
2887 1.452368 
2888 1.521765 
2889 1.443108 
2890 1.484638 
2891 1.695223 
2892 1.586885 
2893 1.851837 
2894 1.555771 
2895 1.344778 
2896 1.574573 
2897 1.670305 
2898 1.487176 
2899 1.617546 
2900 1.393732 
2901 1.701307 
2902 1.854458 
2903 1.383654 
2904 1.553390 
2905 1.541466 
2906 1.697376 
2907 1.565463 
2908 1.789584 
2909 1.577336 
2910 1.334473 
2911 1.533127 
2912 1.381120 
2913 1.723119 
2914 1.655502 
2915 1.498840 
2916 1.491943 
2917 1.654698 
2918 1.553677 
2919 1.466379 
2920 1.414622 
2921 1.496140 
2922 1.735613 
2923 1.636540 
2924 1.676108 
2925 1.519424 
2926 1.449254 
2927 1.532668 
2928 1.440317 
2929 1.605678 
2930 1.535254 
2931 1.649311 
2932 1.587381 
2933 1.670617 
2934 1.592034 
2935 1.399653 
2936 1.590599 
2937 1.495356 
2938 1.700362 
2939 1.549607 
2940 1.636630 
2941 1.661421 
2942 1.345709 
2943 1.643547 
2944 1.501543 
2945 1.402313 
2946 1.738107 
2947 1.687679 
2948 1.447670 
2949 1.761289 
2950 1.472286 
2951 1.530718 
2952 1.394985 
2953 1.603641 
2954 1.520106 
2955 1.634273 
2956 1.613044 
2957 1.607671 
2958 1.468619 
2959 1.467416 
2960 1.478762 
2961 1.458865 
2962 1.779126 
2963 1.626524 
2964 1.537708 
2965 1.765403 
2966 1.540478 
2967 1.526154 
2968 1.168012 
2969 1.647147 
2970 1.968122 
2971 1.440354 
2972 1.418053 
2973 1.542860 
2974 1.591458 
2975 1.570978 
2976 1.487667 
2977 1.430076 
2978 1.648095 
2979 1.647411 
2980 1.700355 
2981 1.576254 
2982 1.536793 
2983 1.444735 
2984 1.415394 
2985 1.518036 
2986 1.680435 
2987 1.633338 
2988 1.509322 
2989 1.722146 
2990 1.587437 
2991 1.399985 
2992 1.457317 
2993 1.640744 
2994 1.508834 
2995 1.697298 
2996 1.365120 
2997 1.555790 
2998 1.603967 
2999 1.700308 
3000 1.465876 
3001 1.535171 
3002 1.533720 
3003 1.702063 
3004 1.512540 
3005 1.528195 
3006 1.721398 
3007 1.491050 
3008 1.581137 
3009 1.655947 
3010 1.408333 
3011 1.636294 
3012 1.638913 
3013 1.522845 
3014 1.372248 
3015 1.748522 
3016 1.681241 
3017 1.654015 
3018 1.447425 
3019 1.429753 
3020 1.643009 
3021 1.525451 
3022 1.551808 
3023 1.769600 
3024 1.431818 
3025 1.745822 
3026 1.593229 
3027 1.576780 
3028 1.046772 
3029 1.732185 
3030 1.839063 
3031 -1.447336 
3032 2.316967 
3033 1.615884 
3034 1.724690 
3035 0.922172 
3036 1.488252 
3037 1.444636 
3038 1.691841 
3039 1.531289 
3040 1.814043 
3041 1.772949 
3042 1.419042 
3043 1.300431 
3044 1.198536 
3045 1.922570 
3046 1.866956 
3047 1.413400 
3048 2.043696 
3049 1.208283 
3050 0.764085 
3051 2.174652 
3052 1.696489 
3053 1.229465 
3054 1.499427 
3055 1.980080 
3056 -0.031362 
3057 -2.621547 
3058 -1.977027 
3059 -1.074151 
3060 -0.187354 
3061 -1.617747 
3062 -2.531466 
3063 -1.545787 
3064 -3.064495 
3065 0.098913 
3066 -0.641439 
3067 -1.627462 
3068 -2.152535 
3069 0.525461 
3070 1.387912 
3071 2.145804 
3072 -0.482129 
3073 3.092160 
3074 -0.594662 
3075 -1.786304 
3076 0.459680 
3077 1.738091 
3078 1.550815 
3079 2.320665 
3080 2.722898 
3081 0.138997 
3082 1.256650 
3083 -1.390077 
3084 -3.254839 
3085 0.013796 
3086 0.629231 
3087 -0.959335 
3088 -0.227500 
3089 0.115830 
3090 -0.903445 
3091 -3.175969 
3092 -2.096614 
3093 -1.412320 
3094 -0.947452 
3095 -1.829954 
3096 -2.167635 
3097 -2.065893 
3098 -1.062419 
3099 -0.982321 
3100 -1.081612 
3101 -1.787688 
3102 -1.666563 
3103 -1.884974 
3104 -1.456400 
3105 -1.802143 
3106 -1.264002 
3107 -1.957057 
3108 -1.578783 
3109 -1.754138 
3110 -1.053521 
3111 -2.048745 
3112 -2.021989 
3113 -1.349887 
3114 -1.419785 
3115 -1.727339 
3116 -1.305851 
3117 -1.530370 
3118 -1.837667 
3119 -1.749589 
3120 -1.820454 
3121 -1.526738 
3122 -1.529898 
3123 -1.433609 
3124 -2.488416 
3125 -2.211904 
3126 -0.847888 
3127 -0.471101 
3128 -1.847004 
3129 -1.831681 
3130 -1.739931 
3131 -1.588699 
3132 -1.866073 
3133 -1.952976 
3134 -1.604367 
3135 -0.920076 
3136 0.603804 
3137 1.160781 
3138 2.107315 
3139 2.269347 
3140 -1.274181 
3141 -0.238164 
3142 -1.555665 
3143 -2.998797 
3144 -1.579704 
3145 -2.833395 
3146 -0.813713 
3147 0.618994 
3148 1.561640 
3149 2.092918 
3150 1.675816 
3151 0.967765 
3152 -0.118263 
3153 1.427406 
3154 0.881432 
3155 -2.850444 
3156 0.270494 
3157 0.849379 
3158 -1.797257 
3159 -2.864242 
3160 -2.001371 
3161 -1.766321 
3162 -1.768905 
3163 -0.228982 
3164 -1.137369 
3165 0.551112 
3166 0.242551 
3167 3.767343 
3168 1.718986 
3169 1.681274 
3170 1.495352 
3171 1.516017 
3172 1.509842 
3173 1.618170 
3174 1.606603 
3175 1.448486 
3176 1.495242 
3177 1.535770 
3178 1.740650 
3179 1.484721 
3180 1.700860 
3181 1.503622 
3182 1.638237 
3183 1.423256 
3184 1.586388 
3185 1.654100 
3186 1.568656 
3187 1.563081 
3188 1.726251 
3189 1.454593 
3190 1.711919 
3191 1.377762 
3192 1.271258 
3193 1.449446 
3194 1.688565 
3195 1.788448 
3196 1.702105 
3197 1.734815 
3198 1.389927 
3199 1.510038 
3200 1.466222 
3201 1.632824 
3202 1.663576 
3203 1.437164 
3204 1.458325 
3205 1.539177 
3206 1.569372 
3207 1.533446 
3208 1.802361 
3209 1.052046 
3210 1.789070 
3211 1.681120 
3212 1.918137 
3213 1.311681 
3214 2.528891 
3215 -0.075680 
3216 -0.400651 
3217 1.656849 
3218 2.059177 
3219 1.779159 
3220 1.514375 
3221 1.624541 
3222 1.415998 
3223 1.623946 
3224 1.384843 
3225 1.464893 
3226 1.721595 
3227 1.641697 
3228 1.533915 
3229 1.598866 
3230 1.561794 
3231 1.592568 
3232 1.683142 
3233 1.692274 
3234 1.586766 
3235 1.219006 
3236 1.251283 
3237 1.553449 
3238 1.646291 
3239 1.711978 
3240 1.390919 
3241 1.486497 
3242 1.775785 
3243 1.509829 
3244 1.839802 
3245 1.640024 
3246 1.483336 
3247 1.099213 
3248 2.176916 
3249 2.201408 
3250 -1.162617 
3251 -1.388057 
3252 1.427643 
3253 0.164066 
3254 2.283968 
3255 1.828760 
3256 1.495398 
3257 1.364051 
3258 1.676919 
3259 1.722853 
3260 1.599258 
3261 2.265483 
3262 1.418656 
3263 0.854562 
3264 0.366420 
3265 -0.051718 
3266 0.339214 
3267 3.704012 
3268 3.265285 
3269 1.000337 
3270 0.120539 
3271 0.576877 
3272 2.106569 
3273 2.200608 
3274 0.476554 
3275 1.448492 
3276 1.998578 
3277 1.701077 
3278 1.387305 
3279 0.912433 
3280 1.745265 
3281 1.394351 
3282 1.575050 
3283 1.422736 
3284 1.730955 
3285 1.484288 
3286 1.741114 
3287 1.243019 
3288 1.375875 
3289 1.528571 
3290 1.624124 
3291 1.837963 
3292 1.636123 
3293 1.550371 
3294 1.551205 
3295 1.514997 
3296 1.531692 
3297 1.808847 
3298 1.427525 
3299 1.466634 
3300 1.612943 
3301 1.525621 
3302 1.487336 
3303 1.843690 
3304 1.881041 
3305 1.753303 
3306 1.320582 
3307 1.204599 
3308 1.965328 
3309 1.861958 
3310 1.350209 
3311 1.106337 
3312 1.238184 
3313 1.781044 
3314 1.524671 
3315 1.697702 
3316 1.255211 
3317 1.595425 
3318 1.851032 
3319 1.626683 
3320 1.550874 
3321 1.361406 
3322 1.658500 
3323 1.613180 
3324 1.606114 
3325 1.474228 
3326 1.626230 
3327 1.599849 
3328 1.570756 
3329 1.859694 
3330 1.400224 
3331 1.298108 
3332 1.493479 
3333 1.748530 
3334 1.512405 
3335 1.497248 
3336 1.546171 
3337 1.646912 
3338 1.466703 
3339 1.503438 
3340 1.651407 
3341 1.940096 
3342 1.234433 
3343 1.439199 
3344 1.580944 
3345 1.384647 
3346 1.786158 
3347 1.482445 
3348 1.436409 
3349 1.279932 
3350 1.506061 
3351 -2.110667 
3352 1.588654 
3353 -2.193017 
3354 1.246230 
3355 1.626800 
3356 1.100479 
3357 1.485106 
3358 1.680275 
3359 1.811501 
3360 1.410926 
3361 2.229579 
3362 0.284919 
3363 1.952977 
3364 1.041201 
3365 2.118910 
3366 2.247418 
3367 -0.268778 
3368 -0.769413 
3369 -2.681247 
3370 1.324157 
3371 -1.447922 
3372 -0.487864 
3373 -1.756482 
3374 -0.841985 
3375 -2.758878 
3376 -2.055001 
3377 -0.056380 
3378 -2.752605 
3379 -0.783451 
3380 -1.197175 
3381 -1.645339 
3382 -1.723324 
3383 -2.046096 
3384 -1.605979 
3385 -1.580466 
3386 -1.771555 
3387 -1.588448 
3388 -1.458499 
3389 -1.789464 
3390 -1.591753 
3391 -1.512444 
3392 -1.563294 
3393 -1.664840 
3394 -1.625852 
3395 -1.500738 
3396 -1.807175 
3397 -1.631213 
3398 -1.528267 
3399 -1.517274 
3400 -1.654995 
3401 -1.595226 
3402 -1.386952 
3403 -1.725179 
3404 -1.332534 
3405 -1.485308 
3406 -1.803813 
3407 -1.676272 
3408 -1.490726 
3409 -1.527728 
3410 -1.603700 
3411 -1.667034 
3412 -1.604842 
3413 -1.774035 
3414 -1.460063 
3415 -1.337855 
3416 -2.115361 
3417 -1.465245 
3418 -1.533394 
3419 -1.285872 
3420 -2.492769 
3421 -2.381465 
3422 -0.695169 
3423 0.305026 
3424 2.520046 
3425 1.854717 
3426 1.029545 
3427 -1.187117 
3428 -1.397420 
3429 -0.373610 
3430 1.785350 
3431 -2.667315 
3432 -2.190150 
3433 -2.306107 
3434 1.065467 
3435 1.037853 
3436 0.065931 
3437 -1.405317 
3438 -2.313208 
3439 -1.917294 
3440 -1.105206 
3441 -1.876901 
3442 -1.312097 
3443 -2.518942 
3444 -1.616417 
3445 -1.727796 
3446 -1.551211 
3447 -1.747221 
3448 -1.780904 
3449 -1.504410 
3450 -1.580920 
3451 -1.399346 
3452 -1.839456 
3453 -1.635282 
3454 -1.505774 
3455 -1.466712 
3456 -1.559367 
3457 -2.022132 
3458 -1.184119 
3459 -1.717143 
3460 -1.545346 
3461 -1.614519 
3462 -1.654683 
3463 -1.549355 
3464 -1.708276 
3465 -1.695871 
3466 -1.444416 
3467 -1.612513 
3468 -1.500000 
3469 -1.638716 
3470 -1.546396 
3471 -1.609656 
3472 -1.478895 
3473 -1.415271 
3474 -1.670404 
3475 -1.636260 
3476 -1.326473 
3477 -1.932397 
3478 -1.701736 
3479 -1.640748 
3480 -1.466674 
3481 -1.513332 
3482 -1.561545 
3483 -1.938570 
3484 -1.318985 
3485 -2.207632 
3486 -1.613997 
3487 -1.203776 
3488 -1.465439 
3489 -1.533157 
3490 -1.508451 
3491 -1.810854 
3492 -1.752802 
3493 -1.594739 
3494 -1.712371 
3495 -1.378294 
3496 -1.460051 
3497 -1.543851 
3498 -1.741866 
3499 -1.595877 
3500 -1.622667 
3501 -1.676901 
3502 -1.450593 
3503 -1.624422 
3504 -1.790600 
3505 -1.445972 
3506 -1.498623 
3507 -1.668282 
3508 -1.177422 
3509 -1.323664 
3510 -1.673990 
3511 -2.080032 
3512 -1.778481 
3513 -1.710798 
3514 -1.521916 
3515 1.603244 
3516 1.479197 
3517 1.599470 
3518 1.750849 
3519 1.353107 
3520 1.483494 
3521 1.438397 
3522 1.618047 
3523 1.594540 
3524 1.202519 
3525 0.115459 
3526 2.290441 
3527 1.970037 
3528 2.426327 
3529 2.258139 
3530 -0.069197 
3531 -0.338511 
3532 1.093176 
3533 2.445242 
3534 1.543604 
3535 0.898415 
3536 2.509518 
3537 1.142611 
3538 -0.660632 
3539 -2.090909 
3540 -0.999545 
3541 -2.108409 
3542 -2.560804 
3543 -0.162336 
3544 0.716044 
3545 -0.628807 
3546 -1.478451 
3547 -3.010818 
3548 -1.555443 
3549 -1.713749 
3550 -1.320696 
3551 -2.018335 
3552 -1.287421 
3553 -1.356457 
3554 -1.982479 
3555 -2.015411 
3556 -1.693497 
3557 -1.547727 
3558 1.622114 
3559 1.708553 
3560 1.650188 
3561 1.583374 
3562 1.363695 
3563 1.623785 
3564 1.672857 
3565 1.412542 
3566 1.700450 
3567 1.566746 
3568 1.480885 
3569 1.496854 
3570 1.626259 
3571 1.711839 
3572 2.097148 
3573 -1.321162 
3574 -0.906935 
3575 2.277402 
3576 1.896016 
3577 1.324872 
3578 1.381909 
3579 1.638506 
3580 1.817622 
3581 1.524159 
3582 1.650846 
3583 1.228085 
3584 1.150823 
3585 1.574083 
3586 2.048680 
3587 1.425390 
3588 0.949855 
3589 1.615266 
3590 1.693371 
3591 1.779789 
3592 1.886593 
3593 1.657332 
3594 1.302065 
3595 1.284880 
3596 0.149698 
3597 -0.945612 
3598 -1.235998 
3599 3.397309 
3600 1.642237 
3601 1.571464 
3602 1.231308 
3603 1.625595 
3604 0.637526 
3605 1.595731 
3606 1.812038 
3607 1.690985 
3608 2.677820 
3609 1.721276 
3610 0.859235 
3611 -0.093901 
3612 -0.531031 
3613 1.781581 
3614 2.609541 
3615 0.983022 
3616 1.352317 
3617 1.458883 
3618 1.534515 
3619 2.110498 
3620 1.304242 
3621 1.256236 
3622 1.750420 
3623 1.807412 
3624 1.732697 
3625 1.804139 
3626 -1.849838 
3627 1.003891 
3628 -1.822459 
3629 1.513398 
3630 -1.904292 
3631 -1.377368 
3632 1.970109 
3633 1.912348 
3634 1.595343 
3635 1.278131 
3636 0.703334 
3637 2.359046 
3638 -1.658779 
3639 1.369186 
3640 0.244152 
3641 -0.902609 
3642 -2.465627 
3643 -2.294578 
3644 -1.330138 
3645 -2.052481 
3646 1.588334 
3647 1.417676 
3648 -1.259300 
3649 -0.107515 
3650 -2.146102 
3651 -2.345925 
3652 1.679402 
3653 -2.177262 
3654 -1.566990 
3655 0.392275 
3656 2.046115 
3657 0.967922 
3658 2.603544 
3659 0.263262 
3660 1.062966 
3661 1.584083 
3662 1.650619 
3663 2.304750 
3664 1.245056 
3665 1.749945 
3666 1.388169 
3667 1.948751 
3668 1.847718 
3669 1.638061 
3670 1.123617 
3671 1.888753 
3672 1.545473 
3673 1.682197 
3674 1.718838 
3675 1.370059 
3676 1.321274 
3677 1.525959 
3678 1.592603 
3679 1.754548 
3680 1.775504 
3681 1.509153 
3682 1.509585 
3683 1.454314 
3684 1.425406 
3685 1.443502 
3686 1.647977 
3687 1.701122 
3688 1.623254 
3689 1.421870 
3690 1.538928 
3691 1.613667 
3692 1.709805 
3693 1.358313 
3694 1.474166 
3695 1.840703 
3696 2.070827 
3697 -2.277496 
3698 -1.593659 
3699 -0.876269 
3700 -0.051624 
3701 1.370614 
3702 2.055418 
3703 2.113451 
3704 1.568496 
3705 1.466310 
3706 1.596090 
3707 1.479753 
3708 1.812456 
3709 1.568042 
3710 1.640262 
3711 1.316705 
3712 1.619245 
3713 1.170458 
3714 2.033419 
3715 1.453807 
3716 1.120107 
3717 1.848979 
3718 1.603050 
3719 1.558443 
3720 1.674714 
3721 1.670903 
3722 1.543309 
3723 1.208527 
3724 1.327116 
3725 1.691229 
3726 1.585081 
3727 1.464975 
3728 1.393219 
3729 1.760724 
3730 1.608491 
3731 1.361567 
3732 1.563287 
3733 1.597055 
3734 1.702822 
3735 1.451845 
3736 1.397190 
3737 1.667150 
3738 1.677986 
3739 1.453161 
3740 1.495067 
3741 1.532284 
3742 1.585917 
3743 1.490256 
3744 1.731616 
3745 1.347414 
3746 1.498228 
3747 1.643367 
3748 1.522809 
3749 1.935715 
3750 1.363090 
3751 1.288834 
3752 1.482734 
3753 1.492769 
3754 1.675928 
3755 1.646031 
3756 0.211046 
3757 1.302743 
3758 2.184890 
3759 1.939112 
3760 2.109942 
3761 1.168914 
3762 0.370081 
3763 -2.295035 
3764 -1.121465 
3765 -2.598705 
3766 -0.973788 
3767 -1.678142 
3768 -1.608615 
3769 -1.540234 
3770 -1.874583 
3771 -1.291978 
3772 -1.486942 
3773 -1.818552 
3774 -1.509291 
3775 -1.520586 
3776 -1.503882 
3777 -1.877940 
3778 -1.502269 
3779 -1.629599 
3780 -1.799539 
3781 -1.570765 
3782 -1.706366 
3783 -1.201321 
3784 -1.806195 
3785 -1.374607 
3786 -1.593275 
3787 -1.556581 
3788 -2.368684 
3789 -1.279014 
3790 -1.505599 
3791 -1.637299 
3792 -1.514080 
3793 -1.708849 
3794 -1.639882 
3795 -1.685942 
3796 -1.772048 
3797 -1.506590 
3798 -1.721053 
3799 -1.435740 
3800 -1.592292 
3801 -1.605834 
3802 -1.593617 
3803 -1.591518 
3804 -1.624933 
3805 -1.684555 
3806 -1.484472 
3807 -1.477084 
3808 -1.322082 
3809 -1.458235 
3810 -1.691015 
3811 -1.811154 
3812 -1.392041 
3813 -1.388833 
3814 -1.797792 
3815 -1.812771 
3816 -1.765476 
3817 -1.628531 
3818 -1.428463 
3819 -1.428814 
3820 -1.389910 
3821 -1.634643 
3822 -1.636468 
3823 -1.787907 
3824 -1.615361 
3825 -1.596387 
3826 -1.830884 
3827 -1.207015 
3828 -1.583688 
3829 -1.406267 
3830 -1.445917 
3831 -1.931053 
3832 -1.771216 
3833 -2.114727 
3834 -0.814211 
3835 -1.571259 
3836 -1.119330 
3837 -2.349088 
3838 -1.819194 
3839 -1.050114 
3840 -1.689229 
3841 -2.127883 
3842 -1.705047 
3843 -1.279872 
3844 -1.454563 
3845 -1.605460 
3846 -1.799987 
3847 -1.562552 
3848 -1.384279 
3849 -1.723808 
3850 -1.785128 
3851 -1.477781 
3852 -1.824747 
3853 -1.358345 
3854 -1.458784 
3855 -1.805615 
3856 -1.473765 
3857 -1.620094 
3858 -1.646471 
3859 -1.438420 
3860 -1.683483 
3861 -1.682966 
3862 -1.581400 
3863 -1.464460 
3864 -1.422970 
3865 -1.769078 
3866 -1.592984 
3867 -1.492375 
3868 -1.452589 
3869 -1.552631 
3870 -1.512306 
3871 -1.787619 
3872 -1.898982 
3873 -1.842457 
3874 -1.143123 
3875 -1.701733 
3876 -1.826198 
3877 -1.400389 
3878 -2.011581 
3879 -1.202669 
3880 -1.580722 
3881 -1.411426 
3882 -1.675011 
3883 -1.775676 
3884 -2.255683 
3885 -1.609876 
3886 -1.289882 
3887 1.375574 
3888 1.540564 
3889 1.436444 
3890 1.373819 
3891 1.972950 
3892 -1.705642 
3893 1.613728 
3894 1.020002 
3895 2.067303 
3896 2.040983 
3897 0.716981 
3898 1.660091 
3899 1.664011 
3900 1.673371 
3901 1.763981 
3902 1.377621 
3903 1.411867 
3904 2.124477 
3905 1.802211 
3906 1.090112 
3907 -1.149747 
3908 0.967392 
3909 1.381010 
3910 1.869809 
3911 1.905216 
3912 3.072178 
3913 -0.846044 
3914 -1.251461 
3915 -1.245354 
3916 -1.522458 
3917 1.234106 
3918 1.503342 
3919 -2.164319 
3920 -2.153080 
3921 -1.660380 
3922 -0.755850 
3923 -1.758383 
3924 0.683680 
3925 1.326351 
3926 -1.966608 
3927 -2.080325 
3928 -1.550443 
3929 -1.690340 
3930 -1.607595 
3931 -1.471954 
3932 -1.851372 
3933 -1.997645 
3934 -1.329839 
3935 -1.405658 
3936 -1.980741 
3937 -1.259698 
3938 -1.590687 
3939 -1.670551 
3940 -1.398920 
3941 -1.683031 
3942 -1.679746 
3943 -1.539242 
3944 -1.774431 
3945 -1.783084 
3946 -1.550107 
3947 -1.228039 
3948 -3.185478 
3949 -1.780840 
3950 -0.839709 
3951 -0.819193 
3952 -1.542218 
3953 -1.667774 
3954 -1.535292 
3955 -1.651160 
3956 1.556626 
3957 2.692872 
3958 0.321739 
3959 -1.442780 
3960 -2.309048 
3961 -1.194733 
3962 -2.359919 
3963 -0.887064 
3964 0.233957 
3965 0.744325 
3966 1.753766 
3967 2.790102 
3968 0.563618 
3969 -0.223707 
3970 2.110905 
3971 2.455713 
3972 0.911387 
3973 2.046912 
3974 1.441270 
3975 1.643946 
3976 1.730096 
3977 2.224777 
3978 -0.507887 
3979 -1.964903 
3980 0.620215 
3981 1.410010 
3982 0.393209 
3983 -3.213388 
3984 -1.587797 
3985 -0.641356 
3986 -0.030257 
3987 -3.161872 
3988 -1.372281 
3989 -1.647739 
3990 -1.670281 
3991 -1.575860 
3992 -1.262040 
3993 -1.557419 
3994 -1.895389 
3995 -1.642267 
3996 -2.297209 
3997 -1.422548 
3998 -1.600282 
3999 -1.343230 
4000 -1.134034 
4001 -1.157590 
4002 -2.051781 
4003 -2.345417 
4004 -1.492083 
4005 -1.870198 
4006 -1.393413 
4007 -1.459264 
4008 -2.560754 
4009 -1.024966 
4010 -1.382710 
4011 -1.801889 
4012 -1.512249 
4013 -1.371470 
4014 -1.635383 
4015 -1.769477 
4016 -1.678817 
4017 -1.696597 
4018 -1.347623 
4019 1.642709 
4020 2.040459 
4021 -0.746695 
4022 -2.142634 
4023 -1.571942 
4024 -1.376560 
4025 -1.785244 
4026 -1.820246 
4027 -1.532068 
4028 -1.741372 
4029 -1.758319 
4030 -1.810089 
4031 0.782426 
4032 -2.938758 
4033 -0.927734 
4034 0.852242 
4035 1.687475 
4036 0.072321 
4037 0.835234 
4038 2.110542 
4039 2.320136 
4040 1.661885 
4041 -2.298296 
4042 0.605348 
4043 1.966616 
4044 0.755767 
4045 -2.279106 
4046 -2.037456 
4047 0.961153 
4048 1.262280 
4049 1.664882 
4050 1.579772 
4051 1.711788 
4052 1.325948 
4053 1.626210 
4054 -1.925365 
4055 -1.539590 
4056 1.326988 
4057 -1.988155 
4058 -2.014666 
4059 1.069324 
4060 1.143007 
4061 1.695616 
4062 1.102625 
4063 2.460381 
4064 1.287803 
4065 -2.000705 
4066 -1.854302 
4067 1.513021 
4068 0.964216 
4069 1.339575 
4070 1.768938 
4071 2.019815 
4072 1.900813 
4073 1.467908 
4074 1.519914 
4075 1.265295 
4076 1.478691 
4077 1.573415 
4078 1.505394 
4079 -1.825127 
4080 -2.060061 
4081 -1.560373 
4082 -0.949243 
4083 -1.746191 
4084 -1.027179 
4085 -1.820465 
4086 -1.743759 
4087 -1.816278 
4088 -1.618675 
4089 -1.592807 
4090 -1.621541 
4091 -1.444016 
4092 -1.774648 
4093 -1.530702 
4094 -1.699453 
4095 -1.566133 
4096 -1.517936 
4097 -1.488731 
4098 -1.717725 
4099 -1.775080 
4100 -1.533662 
4101 -1.947939 
4102 -2.009382 
4103 -0.894699 
4104 -1.293787 
4105 -1.497583 
4106 -1.774390 
4107 -1.746954 
4108 -1.906662 
4109 -1.755949 
4110 -1.111910 
4111 -1.582697 
4112 -1.660124 
4113 -1.558314 
4114 -1.578848 
4115 -1.660852 
4116 -1.582971 
4117 -1.915329 
4118 -1.425013 
4119 -1.446173 
4120 -1.309620 
4121 -1.529437 
4122 -2.056284 
4123 -1.517740 
4124 -1.838568 
4125 -1.593979 
4126 -1.849545 
4127 -1.347818 
4128 -2.427225 
4129 -2.082482 
4130 -0.766477 
4131 1.422687 
4132 1.939063 
4133 0.304477 
4134 1.204507 
4135 2.300911 
4136 1.761063 
4137 2.738004 
4138 0.318264 
4139 0.554342 
4140 0.586465 
4141 1.565290 
4142 1.997369 
4143 1.971779 
4144 1.521196 
4145 1.396242 
4146 1.378121 
4147 1.989365 
4148 1.821808 
4149 1.231525 
4150 0.844971 
4151 2.260812 
4152 2.016895 
4153 2.001658 
4154 -1.258787 
4155 0.905121 
4156 1.182670 
4157 1.450383 
4158 -1.754233 
4159 -1.852740 
4160 -1.473099 
4161 -1.569122 
4162 -1.569267 
4163 -1.771048 
4164 -1.953238 
4165 -1.813526 
4166 -1.573458 
4167 -1.109672 
4168 -2.286912 
4169 -0.573965 
4170 1.209508 
4171 2.075899 
4172 2.661252 
4173 0.533624 
4174 1.569849 
4175 0.044458 
4176 -0.702500 
4177 -0.223224 
4178 -1.445076 
4179 3.311231 
4180 -1.958481 
4181 -1.151987 
4182 -1.873940 
4183 -1.884373 
4184 -1.521094 
4185 1.570574 
4186 1.256769 
4187 1.777878 
4188 1.548546 
4189 1.031863 
4190 1.683718 
4191 2.181347 
4192 1.844930 
4193 1.575123 
4194 1.533917 
4195 1.397917 
4196 1.192485 
4197 -1.865948 
4198 -1.964958 
4199 1.358167 
4200 1.348076 
4201 1.510916 
4202 1.538860 
4203 1.705193 
4204 1.488324 
4205 1.625038 
4206 1.560318 
4207 1.502482 
4208 2.147521 
4209 1.493309 
4210 0.832350 
4211 1.688536 
4212 1.549017 
4213 1.805907 
4214 0.775016 
4215 1.950741 
4216 0.641523 
4217 2.268273 
4218 2.047469 
4219 1.150653 
4220 1.558668 
4221 0.847109 
4222 1.544984 
4223 2.375850 
4224 0.665183 
4225 0.625008 
4226 2.622999 
4227 1.746962 
4228 -0.768788 
4229 -0.073337 
4230 -1.544462 
4231 -3.284954 
4232 -1.252134 
4233 -0.242176 
4234 -2.166174 
4235 -2.054453 
4236 -0.752034 
4237 -2.327986 
4238 -1.832400 
4239 -1.105098 
4240 -0.950106 
4241 -1.413872 
4242 -2.891892 
4243 1.033973 
4244 -1.143074 
4245 -1.786241 
4246 -1.696626 
4247 -2.007795 
4248 -1.691665 
4249 -1.489807 
4250 -1.753954 
4251 -1.592654 
4252 -1.381760 
4253 -1.469856 
4254 -1.569870 
4255 -1.821680 
4256 -1.958196 
4257 -1.534924 
4258 -1.217688 
4259 -1.844953 
4260 -1.473532 
4261 -1.434769 
4262 -1.719040 
4263 -1.676612 
4264 -2.257439 
4265 -2.023222 
4266 -1.476794 
4267 -0.883201 
4268 -1.212236 
4269 1.204844 
4270 2.727977 
4271 0.850310 
4272 1.373280 
4273 1.593060 
4274 1.241382 
4275 2.178686 
4276 1.416283 
4277 1.665763 
4278 1.223261 
4279 -2.300593 
4280 1.353014 
4281 -1.790850 
4282 -1.610798 
4283 -1.753317 
4284 -2.119773 
4285 -1.386511 
4286 -1.667531 
4287 -1.416796 
4288 -1.219859 
4289 -1.761465 
4290 -1.609252 
4291 -1.763281 
4292 -1.589775 
4293 -1.629586 
4294 -1.473434 
4295 -1.650994 
4296 -1.511870 
4297 -1.346495 
4298 -1.722773 
4299 -1.763648 
4300 -2.055665 
4301 -1.854614 
4302 -1.130311 
4303 -1.317462 
4304 -3.222116 
4305 -1.498335 
4306 -0.658149 
4307 0.593097 
4308 -0.226943 
4309 -1.229257 
4310 -2.568562 
4311 -2.153747 
4312 -1.568547 
4313 -1.613376 
4314 -1.914793 
4315 -1.358795 
4316 -1.466270 
4317 -1.533153 
4318 -1.547994 
4319 -1.795922 
4320 -1.765934 
4321 -1.756619 
4322 -1.802919 
4323 -0.881673 
4324 -1.574036 
4325 -1.642218 
4326 -1.591378 
4327 -1.579957 
4328 -1.857302 
4329 -1.647181 
4330 -1.494022 
4331 -1.411819 
4332 -1.777998 
4333 -1.643841 
4334 -1.427869 
4335 -1.465477 
4336 -1.349541 
4337 -1.663074 
4338 -1.660809 
4339 -1.680373 
4340 -1.981789 
4341 -1.428540 
4342 -1.462618 
4343 -1.697362 
4344 -1.505746 
4345 -1.179251 
4346 2.536187 
4347 1.238236 
4348 -1.410874 
4349 -1.662734 
4350 -1.723009 
4351 -1.625626 
4352 -2.012390 
4353 -1.453474 
4354 -2.177375 
4355 -1.053075 
4356 -1.403017 
4357 -1.413099 
4358 -1.599037 
4359 -1.870935 
4360 -3.286112 
4361 -0.378401 
4362 0.864297 
4363 -1.591118 
4364 -1.641878 
4365 -2.226675 
4366 -1.812573 
4367 -0.611763 
4368 -1.475297 
4369 -0.150859 
4370 -1.687931 
4371 -2.596604 
4372 -1.673396 
4373 -1.614376 
4374 -1.577131 
4375 -1.495615 
4376 -2.044818 
4377 -1.092294 
4378 -1.568508 
4379 -1.681842 
4380 -1.670382 
4381 -1.519881 
4382 -1.690331 
4383 -1.597139 
4384 -1.368783 
4385 -2.020042 
4386 -0.954071 
4387 -2.224359 
4388 -1.262499 
4389 -2.302012 
4390 -2.240774 
4391 -0.308511 
4392 -0.568633 
4393 1.296690 
4394 2.816950 
4395 1.178202 
4396 0.944219 
4397 -0.237380 
4398 -2.915267 
4399 -1.531646 
4400 -2.307150 
4401 -1.534734 
4402 -1.157020 
4403 -1.516558 
4404 -1.558036 
4405 -1.478696 
4406 -1.565765 
4407 -1.723735 
4408 -1.453419 
4409 -1.664020 
4410 -1.763012 
4411 -1.502740 
4412 -1.532682 
4413 -1.467921 
4414 -1.726721 
4415 -1.706211 
4416 -1.703490 
4417 -1.560705 
4418 -1.846110 
4419 -1.309778 
4420 -1.800701 
4421 -1.918429 
4422 -1.477748 
4423 -1.055797 
4424 -1.167807 
4425 -1.786170 
4426 -1.813262 
4427 -1.763420 
4428 -1.803913 
4429 -1.373182 
4430 -1.620616 
4431 -1.875499 
4432 -1.595381 
4433 -1.549620 
4434 -1.593474 
4435 -1.663100 
4436 -1.464796 
4437 -1.596806 
4438 -1.764616 
4439 -1.664693 
4440 -1.772888 
4441 -1.742734 
4442 -1.545709 
4443 -1.481758 
4444 -1.874258 
4445 -1.531947 
4446 -1.485607 
4447 -1.452146 
4448 -1.504817 
4449 -1.542033 
4450 -1.643326 
4451 -1.670398 
4452 -1.682400 
4453 -1.430491 
4454 -1.905367 
4455 -1.404478 
4456 -1.520097 
4457 -1.477919 
4458 -1.697344 
4459 -1.691426 
4460 -1.708941 
4461 -1.688980 
4462 -1.530793 
4463 -1.602278 
4464 -1.745257 
4465 -1.482877 
4466 -1.623947 
4467 -1.504324 
4468 -1.579069 
4469 -1.583839 
4470 -1.809080 
4471 -1.493803 
4472 -1.305045 
4473 -1.523633 
4474 -1.839355 
4475 -1.674986 
4476 -1.533963 
4477 -1.586907 
4478 -1.828298 
4479 -1.482547 
4480 -1.678929 
4481 -1.617209 
4482 -1.526364 
4483 -1.442923 
4484 -1.848964 
4485 -1.819851 
4486 -0.905189 
4487 -1.764496 
4488 -1.569276 
4489 -1.509887 
4490 -1.648482 
4491 -1.604610 
4492 -1.640161 
4493 -1.426829 
4494 -1.675970 
4495 -1.594384 
4496 -1.718095 
4497 -1.703334 
4498 -1.571751 
4499 -1.496292 
4500 -1.546914 
4501 -1.674848 
4502 -1.685722 
4503 -1.573337 
4504 -1.681626 
4505 -1.549987 
4506 -1.637189 
4507 -1.568040 
4508 -1.502058 
4509 -1.841485 
4510 -1.631157 
4511 -1.503904 
4512 -1.623953 
4513 -1.768535 
4514 -1.599598 
4515 -1.522883 
4516 -1.146245 
4517 -2.636270 
4518 1.287700 
4519 1.485779 
4520 0.542293 
4521 0.893506 
4522 -1.966936 
4523 -2.463587 
4524 1.917412 
4525 2.711527 
4526 0.132029 
4527 0.399513 
4528 1.700520 
4529 1.537967 
4530 1.240946 
4531 1.894328 
4532 1.560368 
4533 2.009297 
4534 1.397019 
4535 1.046191 
4536 0.466927 
4537 -0.284222 
4538 2.674676 
4539 2.130865 
4540 0.611196 
4541 0.908103 
4542 -2.087175 
4543 -2.083839 
4544 -1.781319 
4545 -1.722016 
4546 -1.402948 
4547 -1.570483 
4548 -1.981648 
4549 -2.177339 
4550 0.678026 
4551 1.214570 
4552 1.945479 
4553 0.951305 
4554 -1.547803 
4555 -2.077764 
4556 1.573070 
4557 1.733931 
4558 -1.662519 
4559 -2.010498 
4560 -2.849314 
4561 -1.080500 
4562 -1.640694 
4563 -0.656798 
4564 -0.133182 
4565 -0.764935 
4566 2.520708 
4567 2.045550 
4568 -1.658469 
4569 -1.511325 
4570 1.314623 
4571 1.651571 
4572 1.315806 
4573 1.341338 
4574 1.918179 
4575 1.766666 
4576 1.576350 
4577 1.789830 
4578 1.303939 
4579 1.599963 
4580 -2.888092 
4581 -1.695762 
4582 -0.761154 
4583 -0.160039 
4584 1.235251 
4585 1.622396 
4586 -1.648378 
4587 -1.748063 
4588 -1.515975 
4589 -2.015075 
4590 -1.355640 
4591 -1.446353 
4592 -1.665652 
4593 -1.710493 
4594 -1.292460 
4595 -1.505344 
4596 -1.831846 
4597 -1.651472 
4598 -1.586447 
4599 -1.128936 
4600 -2.029045 
4601 -2.136040 
4602 0.984204 
4603 1.191561 
4604 -2.273755 
4605 -2.348859 
4606 0.494226 
4607 0.665847 
4608 -1.720487 
4609 -1.264696 
4610 -1.830133 
4611 -1.607145 
4612 -1.507041 
4613 -1.832142 
4614 -1.678693 
4615 -1.430618 
4616 -1.338364 
4617 -1.407822 
4618 -1.771050 
4619 -1.917564 
4620 -0.416165 
4621 -1.029363 
4622 -1.465366 
4623 -2.937913 
4624 -1.839421 
4625 -1.818777 
4626 1.342017 
4627 1.475370 
4628 1.482512 
4629 1.831147 
4630 -1.629285 
4631 -1.344703 
4632 -1.390767 
4633 -1.420838 
4634 -1.979761 
4635 -1.580323 
4636 1.212859 
4637 1.997656 
4638 1.481155 
4639 1.588679 
4640 1.913116 
4641 1.487956 
4642 -0.955452 
4643 -1.910762 
4644 -1.152443 
4645 -1.805742 
4646 -2.156438 
4647 -1.128537 
4648 -0.937981 
4649 -1.360535 
4650 -2.061778 
4651 -1.968019 
4652 -1.765122 
4653 -1.432632 
4654 -1.449730 
4655 -1.778907 
4656 -1.627447 
4657 -1.712939 
4658 -1.568364 
4659 -1.446574 
4660 0.238374 
4661 0.607174 
4662 -2.392688 
4663 -2.402047 
4664 -1.185207 
4665 -1.785936 
4666 -1.680828 
4667 -1.817377 
4668 -1.733534 
4669 -1.857158 
4670 1.458664 
4671 1.479060 
4672 -1.557392 
4673 -1.306896 
4674 -1.566078 
4675 -1.855501 
4676 1.469249 
4677 1.895742 
4678 1.639217 
4679 1.473056 
4680 -1.002278 
4681 -1.433517 
4682 -1.785453 
4683 -2.016266 
4684 -1.654874 
4685 -1.469480 
4686 -1.600560 
4687 -1.590813 
4688 -1.732760 
4689 -1.678321 
4690 -1.470731 
4691 -1.344269 
4692 -1.853160 
4693 -1.646188 
4694 -1.094094 
4695 -1.665622 
4696 -1.716628 
4697 -2.033212 
4698 -1.336895 
4699 -1.233773 
4700 -1.821676 
4701 -1.454755 
4702 -1.497103 
4703 -1.466674 
4704 -1.653093 
4705 -1.802408 
4706 -2.026029 
4707 -0.772014 
4708 -1.182214 
4709 -1.877630 
4710 -1.810884 
4711 -1.523028 
4712 -1.563151 
4713 -1.349762 
4714 -1.802919 
4715 -1.660857 
4716 -0.873207 
4717 -1.643023 
4718 -1.860150 
4719 -1.873130 
4720 -1.669950 
4721 -1.972348 
4722 -1.271733 
4723 -1.325084 
4724 1.207282 
4725 0.582760 
4726 -2.043905 
4727 -1.968436 
4728 -1.333014 
4729 -1.502079 
4730 -1.787433 
4731 -1.641932 
4732 -1.579164 
4733 -1.882748 
4734 -1.403535 
4735 -1.579531 
4736 1.768967 
4737 1.576021 
4738 -1.185910 
4739 -2.015353 
4740 -2.112061 
4741 -1.378812 
4742 -1.443127 
4743 -1.588408 
4744 -1.537792 
4745 -1.580988 
4746 -1.729602 
4747 -1.787592 
4748 -1.532169 
4749 -1.550272 
4750 -1.611416 
4751 -1.584798 
4752 -1.670184 
4753 -1.357778 
4754 -2.076372 
4755 -1.392412 
4756 -1.414870 
4757 -1.458079 
4758 -1.797902 
4759 -1.881382 
4760 -0.921538 
4761 -1.271697 
4762 -2.143305 
4763 -2.074955 
4764 -1.366930 
4765 -1.606801 
4766 -1.500849 
4767 -1.874345 
4768 -1.823877 
4769 -1.665932 
4770 -1.672172 
4771 -1.165210 
4772 -1.634958 
4773 -1.343509 
4774 -1.555079 
4775 -1.821235 
4776 -1.446781 
4777 -1.647233 
4778 -1.767246 
4779 -1.649730 
4780 -1.548110 
4781 -1.153461 
4782 -1.661880 
4783 -2.068112 
4784 -1.923657 
4785 -1.616391 
4786 -1.488639 
4787 -1.361756 
4788 1.965610 
4789 1.986886 
4790 1.107857 
4791 1.491172 
4792 -1.680769 
4793 -1.452678 
4794 -1.842773 
4795 -1.514153 
4796 -1.523164 
4797 -1.314203 
4798 -1.656646 
4799 -1.812174 
4800 -1.596021 
4801 -1.783689 
4802 -1.500861 
4803 -1.696620 
4804 -1.737386 
4805 -1.207711 
4806 -1.784089 
4807 -1.746277 
4808 -1.509402 
4809 -1.737215 
4810 -1.668108 
4811 -1.574107 
4812 -1.592983 
4813 -1.807938 
4814 -1.682561 
4815 -1.637819 
4816 -1.471176 
4817 -1.291365 
4818 -2.064546 
4819 -1.898538 
4820 -1.724851 
4821 -1.587159 
4822 -1.618892 
4823 -1.504012 
