2048 1
0 0.347039 
1 0.022063 
2 -0.275872 
3 0.161703 
4 -0.275872 
5 -0.331185 
6 -0.327778 
7 -0.244041 
8 -0.383938 
9 -0.364267 
10 0.425743 
11 0.481074 
12 0.424092 
13 0.376153 
14 -0.328003 
15 0.328033 
16 -0.254027 
17 -0.138454 
18 -0.297479 
19 -0.131764 
20 0.091820 
21 -0.316128 
22 0.311957 
23 0.272986 
24 0.311957 
25 -0.364267 
26 -0.244041 
27 -0.251009 
28 0.368717 
29 0.326503 
30 -0.203197 
31 0.407478 
32 0.368737 
33 -0.328003 
34 0.479071 
35 -0.328003 
36 0.368737 
37 0.254205 
38 0.084186 
39 -0.244041 
40 -0.495347 
41 -0.495347 
42 -0.444285 
43 -0.128393 
44 -0.104026 
45 0.328033 
46 -0.495347 
47 -0.297479 
48 -0.358160 
49 0.481074 
50 -0.328003 
51 -0.249493 
52 -0.386987 
53 -0.251009 
54 0.134497 
55 -0.254912 
56 -0.077996 
57 0.349511 
58 -0.481139 
59 -0.138454 
60 -0.255166 
61 0.192729 
62 0.457841 
63 -0.138454 
64 0.462187 
65 0.492525 
66 -0.039919 
67 0.349511 
68 0.192729 
69 -0.316128 
70 -0.103481 
71 0.404368 
72 -0.103481 
73 0.161703 
74 -0.114833 
75 0.125652 
76 0.349511 
77 0.192729 
78 0.323526 
79 -0.254027 
80 0.161703 
81 0.134497 
82 0.161703 
83 0.091820 
84 0.254205 
85 -0.254912 
86 0.368717 
87 0.134497 
88 -0.132550 
89 0.022063 
90 0.311957 
91 0.132764 
92 -0.331185 
93 0.093566 
94 0.022063 
95 0.006281 
96 0.328033 
97 -0.077996 
98 0.254205 
99 0.462187 
100 0.235386 
101 0.424092 
102 0.424092 
103 0.407478 
104 0.132764 
105 -0.032803 
106 0.022063 
107 0.084186 
108 0.349511 
109 -0.203197 
110 0.093566 
111 0.132764 
112 0.093566 
113 0.368717 
114 -0.138454 
115 0.349511 
116 0.161703 
117 -0.103481 
118 0.347039 
119 0.066505 
120 -0.112137 
121 0.084186 
122 0.376153 
123 0.457841 
124 -0.203197 
125 0.407478 
126 0.407478 
127 0.407478 
128 0.095332 
129 0.407478 
130 0.125652 
131 0.368737 
132 0.479071 
133 0.479071 
134 0.235386 
135 0.376153 
136 0.376153 
137 -0.328003 
138 0.457994 
139 0.407478 
140 0.404368 
141 0.368737 
142 0.272986 
143 0.404368 
144 0.407478 
145 -0.104026 
146 0.311957 
147 -0.383938 
148 -0.328003 
149 0.326503 
150 -0.131764 
151 0.311957 
152 0.022063 
153 -0.131764 
154 -0.132550 
155 0.224808 
156 0.224808 
157 -0.444285 
158 -0.131764 
159 -0.131764 
160 -0.131764 
161 0.323526 
162 0.481074 
163 0.347039 
164 -0.244041 
165 -0.358160 
166 0.125652 
167 -0.112137 
168 0.328033 
169 0.328033 
170 -0.039919 
171 0.112276 
172 0.112276 
173 -0.327778 
174 -0.444285 
175 0.112276 
176 0.006281 
177 0.006281 
178 0.006281 
179 0.404368 
180 -0.039919 
181 -0.039919 
182 0.091820 
183 0.224808 
184 -0.358160 
185 -0.386987 
186 -0.297479 
187 0.066505 
188 0.462187 
189 -0.316128 
190 -0.297479 
191 -0.300160 
192 -0.300160 
193 -0.327778 
194 0.066505 
195 0.066505 
196 0.272986 
197 -0.203197 
198 0.192729 
199 0.247926 
200 -0.331185 
201 0.318792 
202 0.132764 
203 0.457841 
204 0.112276 
205 0.479071 
206 0.326503 
207 0.404368 
208 0.006281 
209 -0.249493 
210 -0.249493 
211 0.404368 
212 -0.328003 
213 0.022063 
214 -0.386987 
215 -0.114833 
216 -0.039919 
217 -0.138454 
218 -0.254912 
219 -0.032803 
220 0.349511 
221 0.095332 
222 0.224808 
223 -0.032803 
224 -0.300160 
225 0.066505 
226 -0.255166 
227 0.247926 
228 0.318792 
229 -0.077996 
230 0.323526 
231 0.208489 
232 -0.249493 
233 -0.300160 
234 -0.300160 
235 0.132764 
236 0.425743 
237 0.095332 
238 0.091820 
239 0.091820 
240 0.272986 
241 0.272986 
242 -0.386987 
243 -0.065967 
244 -0.065967 
245 -0.022260 
246 -0.022260 
247 -0.022260 
248 0.128526 
249 -0.131764 
250 -0.255166 
251 -0.364267 
252 0.192729 
253 0.192729 
254 0.368717 
255 0.492525 
256 -0.022260 
257 0.479071 
258 -0.138454 
259 -0.364267 
260 -0.375899 
261 -0.233940 
262 0.462187 
263 -0.254027 
264 0.125652 
265 -0.375899 
266 -0.244041 
267 0.349511 
268 0.481074 
269 -0.128393 
270 0.235386 
271 0.235386 
272 -0.032803 
273 0.376153 
274 0.132764 
275 -0.300733 
276 -0.327778 
277 -0.254912 
278 -0.254027 
279 -0.254027 
280 0.247926 
281 0.404368 
282 -0.254027 
283 0.323526 
284 0.323526 
285 0.404368 
286 0.404368 
287 0.425743 
288 0.425743 
289 -0.128393 
290 -0.251009 
291 0.376153 
292 -0.375899 
293 -0.375899 
294 0.376153 
295 0.161703 
296 -0.077996 
297 -0.375899 
298 0.318792 
299 -0.203197 
300 0.132764 
301 -0.203197 
302 0.192729 
303 0.192729 
304 0.192729 
305 -0.251009 
306 0.125652 
307 -0.300733 
308 -0.039919 
309 0.022063 
310 -0.316128 
311 0.134497 
312 0.022063 
313 -0.103481 
314 -0.104026 
315 0.424092 
316 0.457994 
317 0.425743 
318 -0.104026 
319 -0.103481 
320 0.368737 
321 0.134497 
322 0.134497 
323 0.134497 
324 0.134497 
325 0.161703 
326 0.161703 
327 0.323526 
328 0.247926 
329 0.247926 
330 0.323526 
331 -0.251009 
332 0.132764 
333 0.254205 
334 0.254205 
335 -0.275872 
336 0.132764 
337 0.095332 
338 -0.300733 
339 -0.383938 
340 0.134497 
341 0.318792 
342 -0.254912 
343 0.161703 
344 0.224808 
345 0.376153 
346 -0.131764 
347 0.368717 
348 0.368717 
349 0.247926 
350 0.457841 
351 -0.128393 
352 0.095332 
353 0.091820 
354 -0.128393 
355 0.323526 
356 -0.132550 
357 0.022063 
358 0.006281 
359 -0.131764 
360 -0.297479 
361 0.479071 
362 0.326503 
363 0.318792 
364 0.318792 
365 0.368717 
366 0.368717 
367 -0.112137 
368 -0.275872 
369 -0.251009 
370 0.132764 
371 -0.275872 
372 -0.112137 
373 -0.251009 
374 0.457994 
375 0.457994 
376 0.457994 
377 -0.207910 
378 -0.039919 
379 0.457994 
380 0.272986 
381 0.272986 
382 0.095332 
383 0.247926 
384 0.247926 
385 0.376153 
386 0.328033 
387 0.376153 
388 0.272986 
389 -0.364267 
390 0.457994 
391 -0.244041 
392 -0.244041 
393 -0.386987 
394 0.407478 
395 -0.138454 
396 0.479071 
397 0.368717 
398 -0.481139 
399 -0.112137 
400 0.254205 
401 0.235386 
402 0.349511 
403 0.235386 
404 -0.316128 
405 -0.039919 
406 0.235386 
407 -0.039919 
408 -0.316128 
409 -0.251009 
410 -0.316128 
411 0.349511 
412 0.349511 
413 -0.255166 
414 -0.254912 
415 0.272986 
416 0.407478 
417 -0.032803 
418 0.404368 
419 -0.358160 
420 -0.104026 
421 0.407478 
422 -0.300733 
423 -0.300733 
424 0.022063 
425 -0.112137 
426 0.022063 
427 -0.386987 
428 -0.203197 
429 -0.249493 
430 -0.481139 
431 0.462187 
432 0.462187 
433 -0.386987 
434 -0.132550 
435 -0.132550 
436 0.006281 
437 -0.316128 
438 0.192729 
439 0.318792 
440 0.318792 
441 0.481074 
442 -0.254912 
443 -0.254912 
444 -0.254912 
445 0.311957 
446 -0.203197 
447 -0.128393 
448 0.161703 
449 0.457841 
450 -0.386987 
451 -0.203197 
452 -0.131764 
453 0.192729 
454 -0.297479 
455 0.224808 
456 0.479071 
457 0.479071 
458 0.479071 
459 -0.375899 
460 0.247926 
461 -0.300160 
462 -0.132550 
463 0.326503 
464 -0.138454 
465 -0.297479 
466 0.326503 
467 -0.249493 
468 0.323526 
469 0.318792 
470 -0.297479 
471 0.368717 
472 0.424092 
473 0.424092 
474 -0.254027 
475 0.425743 
476 -0.249493 
477 -0.128393 
478 0.347039 
479 0.328033 
480 -0.251009 
481 0.462187 
482 -0.128393 
483 -0.255166 
484 0.134497 
485 0.376153 
486 0.368717 
487 0.479071 
488 0.368717 
489 0.457841 
490 0.368717 
491 0.457841 
492 0.457841 
493 0.326503 
494 0.457841 
495 0.208489 
496 -0.077996 
497 -0.495347 
498 0.254205 
499 0.254205 
500 -0.251009 
501 0.462187 
502 0.093566 
503 -0.364267 
504 -0.364267 
505 -0.244041 
506 0.425743 
507 0.254205 
508 0.376153 
509 -0.131764 
510 -0.131764 
511 -0.131764 
512 -0.131764 
513 -0.131764 
514 0.479071 
515 0.095332 
516 0.095332 
517 -0.131764 
518 -0.039919 
519 -0.039919 
520 0.326503 
521 0.125652 
522 0.368737 
523 -0.039919 
524 0.368737 
525 0.368737 
526 0.006281 
527 0.006281 
528 0.006281 
529 -0.383938 
530 0.235386 
531 0.235386 
532 0.235386 
533 0.407478 
534 0.479071 
535 0.479071 
536 0.479071 
537 -0.481139 
538 0.457994 
539 -0.481139 
540 -0.481139 
541 -0.481139 
542 -0.316128 
543 0.376153 
544 0.376153 
545 0.376153 
546 0.376153 
547 -0.297479 
548 -0.328003 
549 -0.316128 
550 0.376153 
551 -0.039919 
552 -0.039919 
553 0.368717 
554 -0.328003 
555 -0.328003 
556 -0.039919 
557 -0.039919 
558 -0.383938 
559 -0.383938 
560 0.368737 
561 0.254205 
562 -0.300733 
563 0.368737 
564 0.368737 
565 0.368737 
566 0.006281 
567 0.006281 
568 0.006281 
569 0.006281 
570 0.022063 
571 0.006281 
572 0.125652 
573 -0.386987 
574 0.066505 
575 0.125652 
576 -0.249493 
577 0.125652 
578 -0.249493 
579 0.404368 
580 0.425743 
581 0.254205 
582 0.254205 
583 0.254205 
584 0.407478 
585 -0.104026 
586 -0.104026 
587 0.022063 
588 0.311957 
589 0.368737 
590 -0.383938 
591 -0.207910 
592 -0.328003 
593 -0.383938 
594 -0.383938 
595 0.022063 
596 -0.383938 
597 -0.383938 
598 0.326503 
599 0.326503 
600 0.326503 
601 0.326503 
602 0.407478 
603 0.407478 
604 0.022063 
605 -0.131764 
606 -0.131764 
607 0.407478 
608 -0.131764 
609 -0.132550 
610 -0.331185 
611 -0.444285 
612 -0.131764 
613 -0.131764 
614 0.311957 
615 0.311957 
616 0.347039 
617 0.112276 
618 -0.114833 
619 -0.131764 
620 -0.300160 
621 -0.300160 
622 -0.300160 
623 0.368717 
624 0.368717 
625 -0.300160 
626 -0.300733 
627 -0.300160 
628 -0.300160 
629 -0.331185 
630 -0.131764 
631 -0.300733 
632 -0.131764 
633 -0.131764 
634 -0.300733 
635 -0.297479 
636 -0.131764 
637 -0.386987 
638 0.347039 
639 0.347039 
640 -0.386987 
641 -0.128393 
642 -0.375899 
643 0.347039 
644 -0.297479 
645 -0.297479 
646 0.347039 
647 -0.375899 
648 -0.297479 
649 -0.112137 
650 -0.222134 
651 -0.297479 
652 -0.300733 
653 0.368717 
654 0.368717 
655 0.368717 
656 0.125652 
657 0.125652 
658 0.407478 
659 0.328033 
660 -0.068130 
661 0.328033 
662 -0.103481 
663 -0.112137 
664 -0.112137 
665 -0.032803 
666 0.134497 
667 -0.112137 
668 -0.495347 
669 -0.495347 
670 -0.495347 
671 -0.132191 
672 -0.444285 
673 -0.495347 
674 -0.039919 
675 -0.444285 
676 -0.275872 
677 0.407478 
678 0.328033 
679 -0.039919 
680 -0.039919 
681 0.128526 
682 -0.364267 
683 0.407478 
684 0.128526 
685 0.407478 
686 -0.244041 
687 -0.244041 
688 0.368717 
689 0.224808 
690 -0.244041 
691 -0.244041 
692 0.112276 
693 -0.444285 
694 -0.444285 
695 -0.104026 
696 0.404368 
697 0.492525 
698 -0.233940 
699 0.112276 
700 -0.364267 
701 -0.327778 
702 -0.104026 
703 -0.104026 
704 -0.104026 
705 0.235386 
706 0.006281 
707 0.404368 
708 0.235386 
709 -0.328003 
710 0.404368 
711 0.407478 
712 0.407478 
713 0.407478 
714 0.407478 
715 0.404368 
716 -0.114833 
717 -0.114833 
718 0.091820 
719 0.272986 
720 0.208489 
721 -0.114833 
722 0.481074 
723 0.224808 
724 0.224808 
725 -0.039919 
726 0.224808 
727 0.224808 
728 0.224808 
729 -0.222134 
730 -0.331185 
731 0.481074 
732 -0.331185 
733 -0.222134 
734 0.481074 
735 0.481074 
736 0.481074 
737 -0.207910 
738 -0.254912 
739 0.481074 
740 -0.112137 
741 -0.358160 
742 -0.358160 
743 -0.297479 
744 -0.297479 
745 -0.364267 
746 0.066505 
747 0.066505 
748 0.481074 
749 -0.331185 
750 0.066505 
751 0.066505 
752 -0.297479 
753 0.424092 
754 0.404368 
755 -0.327778 
756 -0.327778 
757 -0.327778 
758 -0.316128 
759 -0.300160 
760 -0.316128 
761 -0.300160 
762 -0.327778 
763 -0.327778 
764 0.235386 
765 -0.244041 
766 -0.375899 
767 -0.375899 
768 0.084186 
769 0.091820 
770 0.091820 
771 0.091820 
772 0.404368 
773 0.091820 
774 0.091820 
775 0.224808 
776 0.247926 
777 0.247926 
778 0.323526 
779 0.376153 
780 0.424092 
781 -0.103481 
782 0.424092 
783 -0.254027 
784 -0.254027 
785 0.272986 
786 0.272986 
787 0.254205 
788 -0.131764 
789 0.407478 
790 0.407478 
791 0.407478 
792 -0.297479 
793 0.084186 
794 0.084186 
795 0.368717 
796 -0.039919 
797 0.006281 
798 0.407478 
799 0.134497 
800 -0.249493 
801 0.134497 
802 -0.249493 
803 -0.275872 
804 -0.104026 
805 0.208489 
806 -0.275872 
807 0.424092 
808 0.192729 
809 0.192729 
810 -0.300160 
811 -0.275872 
812 -0.375899 
813 -0.275872 
814 0.192729 
815 -0.103481 
816 0.093566 
817 0.093566 
818 0.112276 
819 0.112276 
820 -0.375899 
821 0.084186 
822 -0.297479 
823 0.457841 
824 0.479071 
825 0.112276 
826 0.112276 
827 0.462187 
828 0.112276 
829 0.481074 
830 -0.328003 
831 -0.249493 
832 -0.249493 
833 -0.328003 
834 -0.386987 
835 -0.328003 
836 -0.386987 
837 0.161703 
838 -0.386987 
839 -0.386987 
840 0.161703 
841 0.022063 
842 0.462187 
843 0.161703 
844 0.462187 
845 0.462187 
846 -0.103481 
847 -0.103481 
848 -0.251009 
849 -0.251009 
850 -0.032803 
851 0.134497 
852 -0.068130 
853 0.022063 
854 -0.068130 
855 0.022063 
856 -0.039919 
857 -0.039919 
858 -0.132191 
859 -0.068130 
860 0.134497 
861 -0.068130 
862 -0.132191 
863 -0.114833 
864 -0.297479 
865 -0.275872 
866 -0.297479 
867 -0.297479 
868 -0.254912 
869 0.311957 
870 -0.297479 
871 -0.297479 
872 -0.222134 
873 -0.222134 
874 -0.222134 
875 -0.254912 
876 -0.254912 
877 0.311957 
878 -0.254912 
879 -0.254912 
880 -0.032803 
881 0.328033 
882 -0.203197 
883 -0.203197 
884 -0.068130 
885 -0.068130 
886 -0.203197 
887 0.192729 
888 0.424092 
889 -0.068130 
890 -0.132191 
891 -0.068130 
892 -0.254912 
893 -0.132191 
894 -0.132191 
895 -0.132191 
896 -0.132191 
897 -0.132191 
898 -0.132191 
899 -0.300160 
900 -0.244041 
901 -0.077996 
902 -0.112137 
903 -0.022260 
904 -0.022260 
905 -0.022260 
906 -0.244041 
907 -0.244041 
908 -0.104026 
909 0.481074 
910 -0.255166 
911 0.318792 
912 0.318792 
913 0.318792 
914 -0.300160 
915 -0.300160 
916 0.066505 
917 -0.068130 
918 -0.481139 
919 0.084186 
920 -0.328003 
921 -0.481139 
922 0.084186 
923 0.084186 
924 -0.328003 
925 -0.328003 
926 0.328033 
927 0.328033 
928 0.132764 
929 0.311957 
930 0.328033 
931 -0.328003 
932 0.132764 
933 -0.316128 
934 0.323526 
935 0.323526 
936 0.095332 
937 0.095332 
938 0.161703 
939 0.328033 
940 -0.077996 
941 0.376153 
942 -0.065967 
943 -0.065967 
944 -0.065967 
945 0.349511 
946 -0.065967 
947 -0.065967 
948 -0.065967 
949 0.095332 
950 -0.065967 
951 0.095332 
952 0.095332 
953 0.254205 
954 0.272986 
955 0.425743 
956 0.425743 
957 0.404368 
958 -0.358160 
959 -0.104026 
960 0.404368 
961 0.425743 
962 0.224808 
963 0.349511 
964 0.425743 
965 0.425743 
966 0.247926 
967 -0.128393 
968 -0.131764 
969 -0.244041 
970 -0.244041 
971 0.323526 
972 -0.386987 
973 0.349511 
974 0.349511 
975 -0.112137 
976 0.376153 
977 0.318792 
978 -0.255166 
979 -0.112137 
980 -0.386987 
981 -0.112137 
982 -0.022260 
983 -0.022260 
984 -0.022260 
985 0.254205 
986 -0.104026 
987 -0.104026 
988 -0.481139 
989 -0.244041 
990 -0.104026 
991 -0.104026 
992 -0.104026 
993 0.128526 
994 0.128526 
995 0.192729 
996 0.192729 
997 0.128526 
998 0.066505 
999 -0.131764 
1000 0.066505 
1001 0.192729 
1002 -0.255166 
1003 -0.328003 
1004 0.192729 
1005 0.326503 
1006 0.326503 
1007 0.128526 
1008 0.128526 
1009 -0.132550 
1010 0.368717 
1011 0.192729 
1012 0.192729 
1013 0.128526 
1014 -0.297479 
1015 0.368717 
1016 0.492525 
1017 0.457841 
1018 0.457841 
1019 0.368717 
1020 0.492525 
1021 0.492525 
1022 -0.022260 
1023 -0.022260 
1024 -0.022260 
1025 0.132764 
1026 0.479071 
1027 0.479071 
1028 -0.039919 
1029 -0.138454 
1030 0.132764 
1031 0.132764 
1032 -0.138454 
1033 -0.138454 
1034 0.328033 
1035 0.328033 
1036 0.328033 
1037 0.326503 
1038 0.326503 
1039 0.006281 
1040 0.407478 
1041 -0.233940 
1042 0.481074 
1043 -0.300160 
1044 -0.300160 
1045 -0.300160 
1046 -0.138454 
1047 0.457994 
1048 0.457994 
1049 0.462187 
1050 -0.233940 
1051 -0.233940 
1052 -0.375899 
1053 -0.375899 
1054 0.462187 
1055 0.492525 
1056 -0.375899 
1057 -0.375899 
1058 -0.103481 
1059 -0.244041 
1060 -0.375899 
1061 0.481074 
1062 -0.244041 
1063 0.311957 
1064 -0.244041 
1065 0.095332 
1066 -0.077996 
1067 -0.077996 
1068 -0.077996 
1069 0.349511 
1070 -0.255166 
1071 -0.255166 
1072 -0.481139 
1073 -0.032803 
1074 -0.255166 
1075 0.134497 
1076 -0.128393 
1077 -0.255166 
1078 -0.255166 
1079 -0.128393 
1080 -0.128393 
1081 -0.128393 
1082 -0.128393 
1083 -0.104026 
1084 -0.077996 
1085 -0.316128 
1086 -0.316128 
1087 -0.104026 
1088 0.093566 
1089 -0.138454 
1090 -0.138454 
1091 0.093566 
1092 -0.138454 
1093 0.093566 
1094 -0.251009 
1095 -0.275872 
1096 0.247926 
1097 0.022063 
1098 0.481074 
1099 -0.275872 
1100 0.481074 
1101 -0.233940 
1102 0.022063 
1103 -0.300733 
1104 -0.254912 
1105 -0.254912 
1106 -0.327778 
1107 -0.327778 
1108 0.481074 
1109 -0.138454 
1110 -0.254912 
1111 0.311957 
1112 0.311957 
1113 -0.112137 
1114 0.368737 
1115 -0.112137 
1116 -0.103481 
1117 -0.375899 
1118 -0.375899 
1119 0.424092 
1120 0.125652 
1121 0.424092 
1122 0.492525 
1123 -0.039919 
1124 0.084186 
1125 -0.254027 
1126 -0.254027 
1127 0.323526 
1128 0.323526 
1129 0.323526 
1130 -0.103481 
1131 0.368737 
1132 0.424092 
1133 -0.254912 
1134 -0.254912 
1135 -0.300733 
1136 0.323526 
1137 0.323526 
1138 -0.375899 
1139 0.323526 
1140 -0.103481 
1141 -0.103481 
1142 0.323526 
1143 0.247926 
1144 0.247926 
1145 0.404368 
1146 0.247926 
1147 -0.103481 
1148 -0.383938 
1149 0.425743 
1150 0.425743 
1151 0.368737 
1152 -0.383938 
1153 0.425743 
1154 0.095332 
1155 -0.383938 
1156 0.323526 
1157 -0.244041 
1158 -0.375899 
1159 -0.375899 
1160 0.328033 
1161 -0.444285 
1162 0.161703 
1163 0.376153 
1164 0.376153 
1165 -0.375899 
1166 0.328033 
1167 -0.103481 
1168 -0.300733 
1169 -0.032803 
1170 -0.233940 
1171 0.022063 
1172 -0.077996 
1173 0.132764 
1174 0.095332 
1175 0.125652 
1176 0.132764 
1177 -0.104026 
1178 -0.077996 
1179 -0.077996 
1180 0.376153 
1181 -0.444285 
1182 0.161703 
1183 0.112276 
1184 -0.203197 
1185 -0.383938 
1186 -0.077996 
1187 -0.077996 
1188 -0.077996 
1189 -0.077996 
1190 -0.383938 
1191 -0.383938 
1192 0.481074 
1193 0.311957 
1194 -0.114833 
1195 0.457994 
1196 0.311957 
1197 0.457994 
1198 -0.039919 
1199 -0.039919 
1200 -0.039919 
1201 0.457994 
1202 -0.481139 
1203 0.457994 
1204 0.457994 
1205 -0.203197 
1206 -0.481139 
1207 0.328033 
1208 0.247926 
1209 -0.251009 
1210 0.349511 
1211 0.272986 
1212 -0.327778 
1213 0.272986 
1214 -0.222134 
1215 -0.222134 
1216 -0.358160 
1217 0.272986 
1218 -0.358160 
1219 -0.327778 
1220 -0.327778 
1221 0.091820 
1222 0.091820 
1223 0.091820 
1224 -0.327778 
1225 -0.077996 
1226 0.349511 
1227 0.349511 
1228 -0.077996 
1229 0.272986 
1230 0.349511 
1231 0.349511 
1232 -0.039919 
1233 -0.039919 
1234 -0.039919 
1235 -0.039919 
1236 -0.039919 
1237 -0.039919 
1238 -0.316128 
1239 -0.327778 
1240 -0.300160 
1241 -0.300160 
1242 0.091820 
1243 -0.316128 
1244 0.093566 
1245 0.091820 
1246 0.093566 
1247 0.208489 
1248 0.134497 
1249 0.134497 
1250 0.134497 
1251 0.022063 
1252 -0.039919 
1253 0.208489 
1254 0.022063 
1255 0.208489 
1256 0.323526 
1257 -0.249493 
1258 0.224808 
1259 -0.327778 
1260 -0.327778 
1261 -0.481139 
1262 -0.481139 
1263 -0.039919 
1264 -0.039919 
1265 0.424092 
1266 -0.039919 
1267 -0.327778 
1268 -0.327778 
1269 -0.386987 
1270 -0.386987 
1271 -0.132550 
1272 -0.386987 
1273 -0.132550 
1274 0.347039 
1275 -0.104026 
1276 0.347039 
1277 0.084186 
1278 0.084186 
1279 -0.104026 
1280 -0.104026 
1281 0.161703 
1282 0.457841 
1283 0.161703 
1284 -0.104026 
1285 0.161703 
1286 0.462187 
1287 -0.203197 
1288 0.192729 
1289 0.318792 
1290 -0.251009 
1291 -0.251009 
1292 0.457841 
1293 -0.331185 
1294 -0.331185 
1295 0.323526 
1296 0.323526 
1297 0.161703 
1298 0.161703 
1299 -0.128393 
1300 0.457841 
1301 0.457841 
1302 -0.316128 
1303 0.457841 
1304 -0.203197 
1305 -0.316128 
1306 0.323526 
1307 0.132764 
1308 0.132764 
1309 0.132764 
1310 0.132764 
1311 -0.386987 
1312 0.479071 
1313 0.457994 
1314 0.457994 
1315 0.457994 
1316 0.247926 
1317 0.272986 
1318 0.235386 
1319 0.235386 
1320 0.272986 
1321 0.326503 
1322 -0.138454 
1323 0.323526 
1324 0.247926 
1325 0.323526 
1326 0.323526 
1327 -0.138454 
1328 0.132764 
1329 -0.358160 
1330 -0.358160 
1331 0.254205 
1332 -0.358160 
1333 -0.138454 
1334 0.272986 
1335 0.091820 
1336 0.091820 
1337 0.254205 
1338 0.066505 
1339 -0.358160 
1340 0.132764 
1341 0.132764 
1342 0.091820 
1343 -0.275872 
1344 -0.275872 
1345 0.091820 
1346 0.091820 
1347 0.095332 
1348 0.254205 
1349 0.481074 
1350 0.481074 
1351 0.095332 
1352 0.481074 
1353 0.481074 
1354 0.481074 
1355 0.481074 
1356 0.481074 
1357 0.481074 
1358 0.132764 
1359 -0.138454 
1360 -0.251009 
1361 -0.251009 
1362 0.134497 
1363 -0.327778 
1364 -0.327778 
1365 0.318792 
1366 0.134497 
1367 0.134497 
1368 0.134497 
1369 -0.383938 
1370 0.349511 
1371 0.318792 
1372 -0.327778 
1373 -0.300733 
1374 -0.104026 
1375 -0.104026 
1376 -0.375899 
1377 0.224808 
1378 0.224808 
1379 -0.328003 
1380 0.376153 
1381 -0.255166 
1382 -0.300733 
1383 0.224808 
1384 -0.300733 
1385 0.376153 
1386 -0.132550 
1387 0.376153 
1388 0.347039 
1389 0.311957 
1390 0.311957 
1391 0.311957 
1392 0.311957 
1393 -0.316128 
1394 0.323526 
1395 0.457841 
1396 0.376153 
1397 0.376153 
1398 0.457841 
1399 -0.375899 
1400 0.095332 
1401 0.247926 
1402 0.095332 
1403 0.208489 
1404 0.095332 
1405 0.095332 
1406 0.095332 
1407 0.095332 
1408 0.208489 
1409 0.208489 
1410 0.208489 
1411 0.095332 
1412 0.091820 
1413 -0.128393 
1414 0.091820 
1415 0.091820 
1416 0.091820 
1417 0.093566 
1418 0.323526 
1419 -0.128393 
1420 -0.128393 
1421 0.323526 
1422 -0.249493 
1423 0.134497 
1424 0.134497 
1425 0.006281 
1426 0.006281 
1427 0.006281 
1428 0.006281 
1429 -0.131764 
1430 0.134497 
1431 -0.131764 
1432 -0.131764 
1433 -0.297479 
1434 -0.131764 
1435 0.006281 
1436 0.006281 
1437 -0.297479 
1438 -0.297479 
1439 -0.297479 
1440 -0.207910 
1441 0.006281 
1442 0.457994 
1443 0.006281 
1444 0.006281 
1445 0.022063 
1446 -0.386987 
1447 0.457994 
1448 0.462187 
1449 0.318792 
1450 0.318792 
1451 0.318792 
1452 0.318792 
1453 0.318792 
1454 0.479071 
1455 0.311957 
1456 0.311957 
1457 0.347039 
1458 0.368717 
1459 -0.132550 
1460 0.368717 
1461 0.368717 
1462 0.368717 
1463 0.095332 
1464 0.095332 
1465 0.368717 
1466 0.091820 
1467 -0.112137 
1468 0.368717 
1469 -0.251009 
1470 -0.331185 
1471 -0.112137 
1472 0.132764 
1473 -0.112137 
1474 -0.251009 
1475 -0.112137 
1476 -0.112137 
1477 -0.331185 
1478 -0.331185 
1479 -0.331185 
1480 -0.386987 
1481 0.368717 
1482 0.457994 
1483 0.368717 
1484 0.368717 
1485 -0.275872 
1486 -0.358160 
1487 -0.364267 
1488 0.272986 
1489 0.093566 
1490 -0.275872 
1491 0.235386 
1492 -0.275872 
1493 -0.251009 
1494 0.235386 
1495 -0.203197 
1496 0.457994 
1497 0.457994 
1498 -0.203197 
1499 0.481074 
1500 0.457994 
1501 0.457994 
1502 -0.039919 
1503 -0.039919 
1504 -0.207910 
1505 -0.207910 
1506 0.481074 
1507 -0.039919 
1508 -0.207910 
1509 -0.207910 
1510 -0.255166 
1511 -0.207910 
1512 -0.255166 
1513 -0.255166 
1514 -0.255166 
1515 -0.255166 
1516 -0.255166 
1517 -0.255166 
1518 0.404368 
1519 0.272986 
1520 0.272986 
1521 0.208489 
1522 0.247926 
1523 0.272986 
1524 0.272986 
1525 0.272986 
1526 0.247926 
1527 0.247926 
1528 -0.249493 
1529 0.247926 
1530 0.247926 
1531 0.247926 
1532 0.247926 
1533 -0.249493 
1534 0.247926 
1535 -0.249493 
1536 -0.103481 
1537 -0.103481 
1538 -0.103481 
1539 -0.103481 
1540 -0.103481 
1541 0.376153 
1542 0.376153 
1543 0.006281 
1544 0.328033 
1545 0.006281 
1546 0.328033 
1547 0.328033 
1548 0.328033 
1549 0.376153 
1550 0.272986 
1551 0.328033 
1552 -0.358160 
1553 -0.358160 
1554 -0.358160 
1555 -0.358160 
1556 0.192729 
1557 0.457994 
1558 0.457994 
1559 -0.386987 
1560 0.457994 
1561 0.311957 
1562 -0.077996 
1563 -0.077996 
1564 -0.244041 
1565 0.328033 
1566 -0.077996 
1567 0.006281 
1568 -0.249493 
1569 -0.077996 
1570 0.311957 
1571 -0.327778 
1572 -0.327778 
1573 0.224808 
1574 0.318792 
1575 -0.249493 
1576 -0.275872 
1577 -0.275872 
1578 -0.275872 
1579 -0.327778 
1580 -0.327778 
1581 -0.327778 
1582 -0.275872 
1583 0.347039 
1584 0.247926 
1585 0.457841 
1586 0.407478 
1587 0.323526 
1588 0.311957 
1589 0.479071 
1590 0.407478 
1591 -0.386987 
1592 -0.331185 
1593 -0.386987 
1594 0.407478 
1595 -0.481139 
1596 -0.300160 
1597 -0.300160 
1598 -0.300160 
1599 0.326503 
1600 0.132764 
1601 -0.138454 
1602 0.462187 
1603 -0.481139 
1604 0.254205 
1605 0.091820 
1606 0.091820 
1607 0.208489 
1608 0.349511 
1609 0.208489 
1610 0.208489 
1611 0.208489 
1612 -0.481139 
1613 0.407478 
1614 -0.481139 
1615 0.376153 
1616 0.208489 
1617 0.235386 
1618 -0.316128 
1619 0.093566 
1620 -0.316128 
1621 -0.316128 
1622 -0.316128 
1623 0.349511 
1624 0.235386 
1625 0.457994 
1626 -0.039919 
1627 -0.255166 
1628 -0.316128 
1629 -0.032803 
1630 0.457994 
1631 -0.039919 
1632 0.318792 
1633 0.318792 
1634 -0.128393 
1635 -0.128393 
1636 0.093566 
1637 0.093566 
1638 0.093566 
1639 0.093566 
1640 0.192729 
1641 -0.316128 
1642 0.272986 
1643 0.272986 
1644 0.424092 
1645 -0.251009 
1646 0.254205 
1647 0.254205 
1648 0.254205 
1649 -0.275872 
1650 -0.254912 
1651 -0.254912 
1652 -0.254912 
1653 -0.275872 
1654 -0.275872 
1655 0.254205 
1656 -0.249493 
1657 -0.249493 
1658 0.272986 
1659 -0.254912 
1660 0.272986 
1661 0.272986 
1662 0.407478 
1663 0.407478 
1664 -0.104026 
1665 0.407478 
1666 -0.032803 
1667 0.125652 
1668 -0.032803 
1669 -0.131764 
1670 -0.316128 
1671 0.192729 
1672 0.192729 
1673 0.192729 
1674 -0.358160 
1675 -0.386987 
1676 -0.300733 
1677 -0.300733 
1678 -0.386987 
1679 0.425743 
1680 -0.386987 
1681 -0.300733 
1682 -0.032803 
1683 -0.300733 
1684 -0.300733 
1685 -0.032803 
1686 -0.032803 
1687 -0.032803 
1688 -0.300733 
1689 -0.300733 
1690 -0.112137 
1691 0.022063 
1692 0.022063 
1693 0.022063 
1694 0.022063 
1695 0.022063 
1696 0.368737 
1697 0.022063 
1698 -0.383938 
1699 -0.383938 
1700 -0.112137 
1701 -0.327778 
1702 0.125652 
1703 0.424092 
1704 0.424092 
1705 -0.249493 
1706 -0.249493 
1707 -0.249493 
1708 -0.112137 
1709 -0.112137 
1710 -0.249493 
1711 -0.249493 
1712 -0.249493 
1713 0.093566 
1714 -0.249493 
1715 -0.386987 
1716 -0.386987 
1717 0.462187 
1718 0.462187 
1719 0.462187 
1720 0.093566 
1721 -0.386987 
1722 -0.386987 
1723 -0.386987 
1724 0.208489 
1725 0.208489 
1726 -0.495347 
1727 0.349511 
1728 -0.077996 
1729 0.326503 
1730 0.326503 
1731 0.326503 
1732 -0.386987 
1733 -0.444285 
1734 0.326503 
1735 0.112276 
1736 -0.203197 
1737 -0.132550 
1738 -0.132550 
1739 -0.203197 
1740 -0.203197 
1741 -0.114833 
1742 -0.481139 
1743 -0.495347 
1744 -0.249493 
1745 -0.495347 
1746 -0.495347 
1747 -0.203197 
1748 0.006281 
1749 0.006281 
1750 -0.386987 
1751 -0.297479 
1752 0.192729 
1753 0.368717 
1754 0.318792 
1755 -0.254912 
1756 -0.132550 
1757 -0.132550 
1758 0.318792 
1759 0.318792 
1760 -0.039919 
1761 -0.249493 
1762 -0.249493 
1763 0.462187 
1764 -0.132550 
1765 -0.254912 
1766 -0.254912 
1767 0.006281 
1768 0.407478 
1769 -0.331185 
1770 0.462187 
1771 0.462187 
1772 0.462187 
1773 -0.375899 
1774 -0.300160 
1775 -0.375899 
1776 0.192729 
1777 -0.131764 
1778 -0.375899 
1779 -0.386987 
1780 -0.386987 
1781 -0.203197 
1782 -0.203197 
1783 0.457841 
1784 0.457841 
1785 -0.222134 
1786 0.457841 
1787 0.462187 
1788 -0.068130 
1789 -0.300160 
1790 -0.300160 
1791 -0.300160 
1792 -0.375899 
1793 -0.132191 
1794 -0.300160 
1795 -0.300160 
1796 0.462187 
1797 -0.103481 
1798 -0.297479 
1799 -0.297479 
1800 -0.297479 
1801 0.128526 
1802 0.192729 
1803 -0.131764 
1804 0.462187 
1805 0.457841 
1806 0.192729 
1807 0.192729 
1808 -0.375899 
1809 -0.375899 
1810 -0.364267 
1811 -0.203197 
1812 -0.375899 
1813 0.192729 
1814 0.492525 
1815 -0.131764 
1816 -0.131764 
1817 -0.131764 
1818 -0.131764 
1819 -0.203197 
1820 -0.327778 
1821 0.134497 
1822 -0.207910 
1823 0.091820 
1824 -0.495347 
1825 -0.207910 
1826 -0.203197 
1827 0.368717 
1828 0.492525 
1829 -0.203197 
1830 -0.297479 
1831 -0.297479 
1832 -0.138454 
1833 -0.138454 
1834 -0.138454 
1835 -0.103481 
1836 0.318792 
1837 -0.275872 
1838 0.479071 
1839 -0.364267 
1840 -0.364267 
1841 -0.364267 
1842 0.208489 
1843 -0.364267 
1844 -0.103481 
1845 -0.103481 
1846 -0.300160 
1847 -0.300160 
1848 -0.375899 
1849 -0.103481 
1850 0.326503 
1851 -0.254912 
1852 0.318792 
1853 0.318792 
1854 0.318792 
1855 0.349511 
1856 0.349511 
1857 -0.138454 
1858 -0.138454 
1859 -0.138454 
1860 0.349511 
1861 0.349511 
1862 0.349511 
1863 0.457841 
1864 0.134497 
1865 -0.255166 
1866 0.134497 
1867 -0.112137 
1868 -0.255166 
1869 0.134497 
1870 -0.255166 
1871 -0.103481 
1872 0.192729 
1873 0.134497 
1874 -0.275872 
1875 -0.249493 
1876 -0.275872 
1877 -0.244041 
1878 -0.138454 
1879 0.318792 
1880 0.425743 
1881 0.424092 
1882 0.425743 
1883 -0.254027 
1884 -0.254027 
1885 -0.495347 
1886 -0.495347 
1887 -0.495347 
1888 -0.032803 
1889 -0.032803 
1890 -0.032803 
1891 -0.032803 
1892 0.323526 
1893 0.323526 
1894 -0.032803 
1895 -0.128393 
1896 -0.128393 
1897 0.323526 
1898 0.323526 
1899 -0.249493 
1900 -0.104026 
1901 -0.249493 
1902 -0.254912 
1903 -0.249493 
1904 0.347039 
1905 0.347039 
1906 0.347039 
1907 -0.244041 
1908 -0.244041 
1909 0.323526 
1910 0.066505 
1911 -0.128393 
1912 -0.128393 
1913 -0.128393 
1914 -0.128393 
1915 0.481074 
1916 0.066505 
1917 -0.386987 
1918 0.066505 
1919 -0.386987 
1920 -0.386987 
1921 -0.386987 
1922 -0.386987 
1923 -0.386987 
1924 -0.386987 
1925 -0.244041 
1926 -0.386987 
1927 -0.386987 
1928 0.462187 
1929 -0.112137 
1930 0.462187 
1931 0.347039 
1932 0.347039 
1933 0.347039 
1934 -0.128393 
1935 -0.128393 
1936 -0.128393 
1937 -0.128393 
1938 -0.255166 
1939 -0.128393 
1940 -0.112137 
1941 -0.112137 
1942 -0.255166 
1943 -0.255166 
1944 0.457841 
1945 0.457841 
1946 0.479071 
1947 0.479071 
1948 -0.112137 
1949 -0.112137 
1950 0.084186 
1951 0.084186 
1952 0.368717 
1953 0.457841 
1954 -0.244041 
1955 0.457841 
1956 0.368717 
1957 -0.104026 
1958 0.481074 
1959 0.481074 
1960 -0.032803 
1961 0.376153 
1962 0.376153 
1963 0.376153 
1964 0.457841 
1965 0.376153 
1966 0.376153 
1967 0.479071 
1968 0.425743 
1969 0.376153 
1970 0.404368 
1971 -0.275872 
1972 -0.275872 
1973 -0.275872 
1974 0.326503 
1975 -0.275872 
1976 0.457841 
1977 0.311957 
1978 0.404368 
1979 0.368717 
1980 0.311957 
1981 0.457841 
1982 0.457841 
1983 0.457841 
1984 0.457841 
1985 0.328033 
1986 0.457841 
1987 0.457841 
1988 0.254205 
1989 0.235386 
1990 0.235386 
1991 0.254205 
1992 0.254205 
1993 0.311957 
1994 0.479071 
1995 0.479071 
1996 0.479071 
1997 0.404368 
1998 0.368717 
1999 0.328033 
2000 0.425743 
2001 0.425743 
2002 -0.138454 
2003 -0.251009 
2004 -0.138454 
2005 -0.077996 
2006 -0.251009 
2007 0.424092 
2008 0.254205 
2009 0.424092 
2010 0.424092 
2011 0.349511 
2012 0.125652 
2013 0.424092 
2014 0.125652 
2015 0.125652 
2016 -0.364267 
2017 -0.255166 
2018 -0.364267 
2019 -0.364267 
2020 -0.364267 
2021 -0.244041 
2022 -0.364267 
2023 0.407478 
2024 0.407478 
2025 0.407478 
2026 0.407478 
2027 0.224808 
2028 0.224808 
2029 -0.244041 
2030 -0.077996 
2031 -0.244041 
2032 0.376153 
2033 -0.203197 
2034 -0.203197 
2035 0.224808 
2036 -0.203197 
2037 0.326503 
2038 -0.203197 
2039 -0.032803 
2040 -0.131764 
2041 0.326503 
2042 0.326503 
2043 -0.203197 
2044 -0.481139 
2045 -0.131764 
2046 -0.131764 
2047 -0.131764 
