4824 1
0 -2.803997 
1 1.153996 
2 0.613695 
3 0.645763 
4 0.959925 
5 0.347730 
6 1.486512 
7 2.539753 
8 -1.272208 
9 -1.697549 
10 1.407588 
11 1.782572 
12 1.626846 
13 0.232435 
14 1.230322 
15 2.456560 
16 1.401538 
17 1.590495 
18 1.824315 
19 -1.320623 
20 -1.767929 
21 -1.337952 
22 -1.453990 
23 -1.621616 
24 -1.833351 
25 -1.912043 
26 -0.428441 
27 -1.843125 
28 2.377002 
29 -1.132683 
30 -1.574131 
31 -1.027310 
32 -0.484105 
33 0.832642 
34 -2.645313 
35 1.521358 
36 -0.484137 
37 -0.574846 
38 -1.240131 
39 -2.773213 
40 -1.561131 
41 -1.107549 
42 -2.010323 
43 -1.589403 
44 -1.842568 
45 -1.786850 
46 -1.703904 
47 -0.850045 
48 -1.463496 
49 -1.766934 
50 -1.433511 
51 -1.445267 
52 -1.426916 
53 -2.260689 
54 -1.576990 
55 0.579251 
56 -0.894274 
57 -1.904438 
58 -1.645482 
59 -1.776715 
60 2.035265 
61 1.798018 
62 1.577778 
63 0.707350 
64 -0.424105 
65 0.506793 
66 1.826446 
67 2.631740 
68 1.376565 
69 1.080280 
70 1.624171 
71 2.120670 
72 1.496795 
73 1.625306 
74 1.315450 
75 1.670294 
76 1.697909 
77 1.688008 
78 1.343644 
79 1.493563 
80 1.290802 
81 2.883576 
82 0.159987 
83 -0.801931 
84 -0.596149 
85 -0.021419 
86 -1.586581 
87 2.734683 
88 1.556761 
89 -1.014719 
90 1.528694 
91 2.030382 
92 2.178474 
93 2.073732 
94 0.732385 
95 -0.023144 
96 1.597587 
97 2.639226 
98 -1.125455 
99 -0.537857 
100 0.776598 
101 1.800039 
102 1.722941 
103 1.891259 
104 1.290310 
105 1.353987 
106 1.813742 
107 1.626867 
108 1.791189 
109 1.614864 
110 1.226061 
111 1.621965 
112 1.946945 
113 2.404685 
114 0.900709 
115 -0.080401 
116 1.412180 
117 -0.963293 
118 -1.457438 
119 -2.232175 
120 0.650000 
121 1.271448 
122 1.873161 
123 1.981362 
124 1.049919 
125 1.906010 
126 0.376786 
127 2.204834 
128 2.470862 
129 1.847626 
130 -0.409468 
131 -0.434778 
132 -1.512241 
133 -2.468680 
134 0.206759 
135 1.203447 
136 1.954616 
137 2.391704 
138 -0.649882 
139 -0.126797 
140 -2.193283 
141 1.738115 
142 1.729089 
143 -0.030351 
144 -1.150409 
145 -1.333287 
146 -1.921213 
147 -1.677369 
148 -0.908945 
149 -2.053441 
150 -1.619605 
151 -1.556338 
152 -1.478953 
153 -1.744316 
154 -1.426142 
155 -1.430952 
156 -1.288390 
157 -1.741727 
158 -1.744168 
159 -1.447773 
160 -1.771278 
161 -1.448352 
162 -1.375693 
163 -1.619814 
164 -1.399872 
165 -1.476859 
166 -1.744935 
167 -1.539419 
168 -1.408605 
169 -2.163853 
170 -1.161243 
171 -1.241851 
172 -1.843307 
173 -1.350126 
174 -1.450742 
175 -1.417270 
176 -1.296295 
177 -1.502111 
178 -1.862416 
179 -1.307736 
180 -1.354863 
181 -1.440673 
182 -1.619022 
183 -1.735069 
184 -2.003475 
185 -1.028934 
186 -1.492180 
187 -1.663742 
188 -1.753649 
189 -1.188034 
190 -1.670419 
191 -1.531164 
192 -1.915056 
193 -1.947207 
194 -1.083108 
195 -0.946306 
196 -1.373453 
197 -1.844276 
198 -1.398501 
199 -1.572523 
200 -1.961698 
201 -1.418248 
202 -0.644847 
203 -1.980410 
204 -2.184879 
205 -1.377146 
206 1.058550 
207 1.726514 
208 -1.034620 
209 -1.587006 
210 -1.828209 
211 -1.571700 
212 -2.358692 
213 -1.801781 
214 -0.578254 
215 -0.908037 
216 0.021380 
217 -1.235795 
218 -1.923879 
219 -2.029128 
220 -1.750431 
221 -2.513516 
222 -0.190065 
223 0.506028 
224 -0.570111 
225 -1.230934 
226 -1.351316 
227 -2.604364 
228 -2.685948 
229 -0.767513 
230 -0.340688 
231 1.579049 
232 0.769477 
233 -2.516729 
234 0.224565 
235 1.668420 
236 -2.461792 
237 -1.367309 
238 -1.282225 
239 0.106958 
240 -1.887814 
241 -0.825045 
242 -2.269495 
243 -1.150161 
244 0.493960 
245 2.185158 
246 1.640575 
247 -1.599134 
248 -2.075718 
249 -2.334918 
250 0.526177 
251 0.622378 
252 0.316868 
253 -0.805416 
254 -0.979280 
255 -2.929704 
256 -1.907967 
257 -1.414835 
258 -1.558463 
259 -1.293416 
260 0.085215 
261 0.408717 
262 -2.066391 
263 -2.244196 
264 -2.071860 
265 -1.938687 
266 -1.365254 
267 -0.661021 
268 -0.605999 
269 -1.602126 
270 -1.884642 
271 1.839965 
272 1.565515 
273 2.196978 
274 1.656511 
275 0.325952 
276 -2.212672 
277 0.930564 
278 1.962523 
279 0.962122 
280 0.250817 
281 -0.893446 
282 -2.561094 
283 -1.622596 
284 -1.967358 
285 -1.019576 
286 -0.892606 
287 -2.053630 
288 -1.875583 
289 -1.705431 
290 -1.022784 
291 -1.331870 
292 -1.241344 
293 -1.587503 
294 -1.596796 
295 -1.737378 
296 -1.349704 
297 -1.672692 
298 -1.544695 
299 -1.549972 
300 -1.970383 
301 -1.654333 
302 -1.407531 
303 -1.021306 
304 -2.118242 
305 -1.407662 
306 -1.912930 
307 0.169888 
308 1.694699 
309 -0.414547 
310 1.864250 
311 1.775909 
312 0.887157 
313 1.481933 
314 1.606724 
315 2.072056 
316 1.979849 
317 1.913381 
318 0.575717 
319 1.453391 
320 1.122458 
321 1.582850 
322 1.730077 
323 1.659080 
324 1.720695 
325 2.011724 
326 1.271299 
327 0.956153 
328 1.305803 
329 1.694960 
330 1.291754 
331 1.861924 
332 1.726546 
333 1.300757 
334 1.514519 
335 1.530249 
336 1.152783 
337 1.921963 
338 1.407933 
339 1.553662 
340 1.867758 
341 2.544321 
342 0.733524 
343 -0.039130 
344 1.092770 
345 1.700331 
346 1.918320 
347 1.359921 
348 0.902724 
349 1.856328 
350 1.768374 
351 1.377987 
352 1.745757 
353 1.600706 
354 1.478208 
355 1.376561 
356 2.181924 
357 2.071840 
358 0.026902 
359 -1.097584 
360 -0.447779 
361 1.226132 
362 2.040913 
363 1.997658 
364 2.111444 
365 2.287355 
366 0.739349 
367 0.038881 
368 1.070506 
369 1.936397 
370 1.657539 
371 1.282497 
372 2.094719 
373 1.978150 
374 0.479282 
375 1.330184 
376 0.970324 
377 1.413403 
378 1.590626 
379 1.961026 
380 2.413441 
381 0.594876 
382 1.151508 
383 1.558216 
384 1.957932 
385 2.314566 
386 -0.175705 
387 -0.919035 
388 -0.722772 
389 1.737807 
390 2.468494 
391 0.287557 
392 -1.449538 
393 -2.304857 
394 -1.520164 
395 0.425514 
396 -0.154456 
397 -1.888100 
398 2.104669 
399 1.496002 
400 1.216063 
401 1.935382 
402 1.431683 
403 1.492790 
404 1.645786 
405 1.616925 
406 1.244489 
407 1.784334 
408 1.637602 
409 1.303732 
410 1.535097 
411 1.701499 
412 1.620483 
413 1.563675 
414 1.214278 
415 1.762302 
416 1.451644 
417 1.335541 
418 1.670934 
419 1.629164 
420 1.861762 
421 1.696841 
422 0.988436 
423 1.405292 
424 1.743575 
425 -0.477846 
426 1.328439 
427 2.230863 
428 0.199668 
429 0.277107 
430 2.333913 
431 2.077575 
432 1.291337 
433 1.791610 
434 -1.818506 
435 -1.465897 
436 -1.137051 
437 -2.031938 
438 1.896188 
439 1.102485 
440 2.489593 
441 0.041428 
442 -1.878816 
443 0.057723 
444 -1.034572 
445 -2.132681 
446 -1.823224 
447 -1.017983 
448 -1.323257 
449 -1.711845 
450 -1.432381 
451 -1.818637 
452 -1.672488 
453 -1.754274 
454 -1.117678 
455 -1.597811 
456 -1.637005 
457 -1.416189 
458 -1.676372 
459 -1.500011 
460 -1.592465 
461 -1.296937 
462 -1.684323 
463 -1.584969 
464 -1.674048 
465 -2.089502 
466 -1.015166 
467 -0.907943 
468 -1.334431 
469 -1.847923 
470 -1.605309 
471 -1.404830 
472 -1.500430 
473 -1.775547 
474 -1.451063 
475 -1.482394 
476 -1.207774 
477 -1.506545 
478 -1.575653 
479 -1.760013 
480 -1.543303 
481 -1.397330 
482 -1.356454 
483 -1.827874 
484 -1.536350 
485 -1.471159 
486 -1.685226 
487 -1.511177 
488 -1.706387 
489 -1.496061 
490 -1.875157 
491 -1.251855 
492 -1.584627 
493 -1.590580 
494 -1.379684 
495 -1.634871 
496 -1.349346 
497 -1.538604 
498 -1.811004 
499 -1.469759 
500 -1.591415 
501 -1.521272 
502 -1.860766 
503 -1.255460 
504 -1.447551 
505 -1.788391 
506 -1.506294 
507 -1.414234 
508 -1.273689 
509 -1.513673 
510 -0.959929 
511 2.186737 
512 2.307389 
513 0.882471 
514 1.825279 
515 0.693825 
516 0.875519 
517 1.746242 
518 2.146138 
519 1.180093 
520 -1.694428 
521 -2.527853 
522 -0.480304 
523 0.593069 
524 1.119761 
525 1.677633 
526 -1.982191 
527 -1.557973 
528 -1.382379 
529 -1.649636 
530 -1.520641 
531 -1.492900 
532 -1.827688 
533 -1.369934 
534 -1.113940 
535 -1.832857 
536 -2.523006 
537 -0.860275 
538 0.408819 
539 -1.700766 
540 1.169538 
541 1.796022 
542 1.827936 
543 1.436433 
544 2.341167 
545 0.834430 
546 2.015910 
547 0.028811 
548 -1.080231 
549 -0.574028 
550 2.338489 
551 1.692477 
552 -0.171013 
553 1.844752 
554 0.740981 
555 -2.535554 
556 -1.747326 
557 -1.532413 
558 -1.502939 
559 -1.413567 
560 -1.941500 
561 -1.782193 
562 -1.628112 
563 0.168086 
564 -1.007502 
565 -1.634628 
566 -1.792763 
567 -1.713441 
568 -1.521476 
569 -1.651349 
570 -1.691751 
571 -1.592759 
572 -1.729710 
573 -1.678000 
574 -1.733664 
575 -1.093122 
576 -1.004468 
577 -1.418742 
578 -0.310275 
579 -2.626212 
580 -2.632030 
581 -1.633351 
582 -0.371096 
583 -0.318722 
584 -2.247559 
585 -0.599197 
586 -1.353377 
587 -1.718562 
588 0.111279 
589 0.779308 
590 1.561604 
591 2.576781 
592 -1.119179 
593 0.539285 
594 1.016030 
595 2.946116 
596 1.351614 
597 1.737682 
598 0.766035 
599 -2.321388 
600 0.295910 
601 -0.967230 
602 1.223602 
603 2.786285 
604 3.047373 
605 -0.689015 
606 -0.301250 
607 0.772146 
608 1.867449 
609 -1.471716 
610 -1.356371 
611 -1.442214 
612 -1.479053 
613 -1.616116 
614 1.104672 
615 1.868365 
616 0.871200 
617 2.673712 
618 1.561760 
619 0.769369 
620 0.378061 
621 -0.471972 
622 -1.947547 
623 -2.442336 
624 -2.035811 
625 -1.641233 
626 -1.159157 
627 -1.283557 
628 -1.436803 
629 -2.214672 
630 -0.758081 
631 -1.602180 
632 -1.151076 
633 -1.615496 
634 -1.504110 
635 1.866466 
636 0.419391 
637 1.959249 
638 -0.760908 
639 -2.494151 
640 -1.586477 
641 -1.647002 
642 -1.563052 
643 -1.431262 
644 1.210898 
645 -1.775692 
646 -1.642897 
647 -1.603376 
648 -2.422529 
649 -1.782292 
650 -1.063275 
651 0.135772 
652 1.314662 
653 1.685231 
654 1.719007 
655 -1.553571 
656 -2.334283 
657 -0.849359 
658 1.111179 
659 1.648710 
660 1.239281 
661 1.385253 
662 1.437008 
663 1.967036 
664 1.934306 
665 1.511037 
666 1.424473 
667 1.344464 
668 0.797736 
669 0.059710 
670 2.268694 
671 1.969409 
672 2.225212 
673 1.159249 
674 1.664416 
675 0.851410 
676 1.302295 
677 1.908835 
678 -1.365967 
679 -1.508236 
680 -2.072623 
681 -1.042767 
682 0.201168 
683 -2.146904 
684 0.996908 
685 2.394774 
686 -1.610899 
687 -0.928440 
688 0.387286 
689 -1.746183 
690 -1.592656 
691 -2.098493 
692 -1.489352 
693 0.537977 
694 1.561013 
695 2.258819 
696 1.814525 
697 1.821311 
698 0.936363 
699 1.520313 
700 2.087796 
701 -0.501961 
702 -0.571273 
703 -2.283483 
704 -2.157936 
705 -1.407076 
706 -1.325025 
707 1.091905 
708 1.957176 
709 -0.273831 
710 -1.179814 
711 2.252681 
712 0.866325 
713 1.720063 
714 -1.592117 
715 -1.797445 
716 -1.996136 
717 -2.520635 
718 0.666262 
719 0.388969 
720 0.945994 
721 0.145563 
722 2.051407 
723 2.188822 
724 1.314730 
725 1.515869 
726 1.630032 
727 1.617671 
728 2.053296 
729 1.267848 
730 1.993523 
731 0.846863 
732 -0.776474 
733 -2.311678 
734 -1.508621 
735 -1.363672 
736 -0.881013 
737 -0.704498 
738 0.171744 
739 2.934806 
740 -1.726763 
741 -1.800072 
742 -1.840629 
743 -0.518611 
744 -0.030977 
745 -2.287419 
746 -1.619120 
747 -1.565887 
748 -1.182589 
749 -1.388027 
750 -1.738614 
751 -1.845600 
752 -1.359889 
753 -0.889245 
754 -1.873287 
755 -1.904383 
756 -1.652063 
757 -1.931153 
758 -1.232661 
759 -1.310754 
760 -1.003601 
761 -1.557499 
762 -1.602946 
763 -1.830690 
764 -1.432778 
765 -1.669759 
766 -1.381916 
767 -1.665993 
768 -1.714131 
769 -1.336305 
770 -1.500781 
771 -1.610455 
772 -1.685592 
773 -1.676558 
774 -1.894852 
775 -0.571314 
776 -1.704255 
777 1.094755 
778 -1.653341 
779 -1.973749 
780 -0.258935 
781 2.047110 
782 1.723124 
783 1.667675 
784 0.784966 
785 0.578506 
786 -2.951630 
787 -0.570614 
788 -1.210476 
789 2.060224 
790 1.560178 
791 1.160338 
792 1.117254 
793 -0.527303 
794 2.154739 
795 1.878836 
796 0.823729 
797 2.046513 
798 1.790390 
799 1.348180 
800 0.111575 
801 1.731442 
802 1.393564 
803 2.155549 
804 2.328822 
805 2.056845 
806 0.657143 
807 0.529283 
808 -0.634461 
809 -1.592924 
810 -2.122601 
811 -1.713939 
812 -0.909644 
813 0.840587 
814 -2.639177 
815 1.313586 
816 1.829697 
817 -0.019144 
818 -1.361717 
819 -2.125417 
820 2.475221 
821 1.566158 
822 1.612843 
823 -0.074591 
824 -2.098000 
825 -2.130631 
826 -0.868485 
827 0.088838 
828 -3.029596 
829 -0.053911 
830 0.097825 
831 -1.127889 
832 -1.644242 
833 -1.919839 
834 -1.765884 
835 -0.521506 
836 -0.867321 
837 -2.225057 
838 -1.794842 
839 -0.829526 
840 -0.566304 
841 -2.437791 
842 1.157773 
843 -1.582807 
844 -1.382246 
845 -1.783779 
846 -1.320082 
847 -1.678000 
848 -1.476426 
849 -1.603461 
850 -1.524269 
851 -1.448641 
852 -1.718630 
853 -0.795452 
854 -1.747399 
855 -1.828778 
856 -1.881911 
857 -2.560886 
858 -0.247802 
859 0.370426 
860 1.289141 
861 2.668246 
862 1.373981 
863 0.688038 
864 -1.072725 
865 -0.221283 
866 1.475547 
867 2.727425 
868 -1.337791 
869 -1.271781 
870 -1.656489 
871 -1.709587 
872 -1.947766 
873 -2.533346 
874 -0.636855 
875 0.404689 
876 1.287661 
877 1.666686 
878 1.323965 
879 -1.749991 
880 -1.742686 
881 -1.513340 
882 -1.484742 
883 -1.208484 
884 -1.337816 
885 -1.655455 
886 -1.414296 
887 -1.741336 
888 -1.429008 
889 -1.709439 
890 -1.532314 
891 -1.452513 
892 -1.153858 
893 -1.839094 
894 -1.617022 
895 -1.470745 
896 -1.627401 
897 -1.726855 
898 -1.416854 
899 -1.302406 
900 -1.553012 
901 -1.694322 
902 -1.429099 
903 -1.346694 
904 -1.651532 
905 -1.379879 
906 -1.493726 
907 -1.649070 
908 -1.653212 
909 1.738511 
910 1.678948 
911 1.163206 
912 -1.510544 
913 -1.695635 
914 -1.425585 
915 1.458851 
916 2.197651 
917 1.422826 
918 1.119299 
919 1.309788 
920 2.737672 
921 1.447392 
922 0.374545 
923 -0.594606 
924 -0.478697 
925 -0.160668 
926 -1.969529 
927 -2.253000 
928 0.577703 
929 2.447221 
930 1.070059 
931 -1.773577 
932 -2.074100 
933 -1.395148 
934 -0.698543 
935 1.888642 
936 1.561068 
937 1.102852 
938 -1.768007 
939 -1.672368 
940 -1.536148 
941 -1.881527 
942 -1.236422 
943 -1.540374 
944 -0.874056 
945 -1.251894 
946 -1.970655 
947 -1.969126 
948 -1.292141 
949 -2.727916 
950 -0.135514 
951 -1.400216 
952 0.723552 
953 1.613559 
954 2.140995 
955 1.542968 
956 -0.162392 
957 1.553449 
958 2.113171 
959 -1.594931 
960 -1.574640 
961 -1.676863 
962 -1.591373 
963 -1.274709 
964 -1.568237 
965 -2.224047 
966 -1.572140 
967 -0.869649 
968 -1.022331 
969 -0.793717 
970 -0.081723 
971 -2.992648 
972 -2.469078 
973 -1.888059 
974 -0.591879 
975 -0.150494 
976 0.572756 
977 0.768425 
978 -2.103411 
979 -2.076157 
980 -1.400828 
981 -2.075371 
982 -1.296823 
983 -1.248480 
984 -1.526787 
985 -1.659782 
986 -1.403111 
987 -1.624174 
988 -2.329762 
989 -0.639854 
990 -1.870792 
991 -0.990088 
992 -0.617773 
993 0.371851 
994 -2.208194 
995 -2.200210 
996 -1.769873 
997 -1.400931 
998 -1.649648 
999 -1.318392 
1000 -1.649219 
1001 -1.827865 
1002 -1.261921 
1003 -1.344791 
1004 -1.522747 
1005 -1.412692 
1006 -1.569800 
1007 -1.661735 
1008 -1.753708 
1009 -1.617812 
1010 -1.159948 
1011 -1.553395 
1012 -1.671721 
1013 -1.659903 
1014 -1.568035 
1015 -1.198748 
1016 -1.916114 
1017 -0.466656 
1018 1.066865 
1019 -2.397832 
1020 -1.056135 
1021 -1.577470 
1022 -2.290700 
1023 -0.872413 
1024 -0.656610 
1025 -1.231190 
1026 -1.859080 
1027 -1.992167 
1028 -1.491685 
1029 -1.883359 
1030 -1.173455 
1031 -1.600149 
1032 -2.017690 
1033 -1.211583 
1034 -0.500834 
1035 -2.129704 
1036 -2.212044 
1037 -1.415644 
1038 1.134587 
1039 1.505074 
1040 1.929598 
1041 2.320104 
1042 -0.329998 
1043 0.627167 
1044 -0.662358 
1045 -0.142555 
1046 1.443321 
1047 2.686126 
1048 2.282460 
1049 1.717446 
1050 1.197725 
1051 0.808513 
1052 -0.379655 
1053 -1.899470 
1054 -2.300906 
1055 -1.132648 
1056 0.512853 
1057 -1.920261 
1058 -1.265073 
1059 -2.155811 
1060 -1.638556 
1061 -1.759045 
1062 -1.585617 
1063 -1.076350 
1064 -0.389807 
1065 1.513355 
1066 -2.092532 
1067 -1.858816 
1068 0.855703 
1069 1.598326 
1070 -1.925028 
1071 -1.727538 
1072 -0.804215 
1073 -1.743358 
1074 -1.796515 
1075 -1.699712 
1076 -1.662791 
1077 -1.562351 
1078 -1.556774 
1079 -1.361925 
1080 -1.876223 
1081 -1.418751 
1082 -1.236903 
1083 -1.540390 
1084 -1.511594 
1085 -1.643251 
1086 -1.579514 
1087 -1.451630 
1088 -1.790298 
1089 -1.650208 
1090 -1.413279 
1091 -1.347721 
1092 -2.584803 
1093 -1.312774 
1094 -0.079747 
1095 1.561797 
1096 -0.900250 
1097 -1.539617 
1098 -1.531980 
1099 -2.147233 
1100 -1.334881 
1101 -1.151373 
1102 -1.821446 
1103 1.730102 
1104 1.822567 
1105 -1.216258 
1106 1.291534 
1107 -1.760756 
1108 1.509773 
1109 1.464123 
1110 1.620020 
1111 1.433707 
1112 1.137865 
1113 1.403787 
1114 1.736157 
1115 1.650384 
1116 1.852488 
1117 2.459951 
1118 0.945909 
1119 0.403494 
1120 -1.572214 
1121 -1.202620 
1122 -1.778073 
1123 -1.473798 
1124 1.768314 
1125 1.658327 
1126 1.465957 
1127 1.210197 
1128 -0.420255 
1129 1.223497 
1130 0.930647 
1131 2.800400 
1132 1.706239 
1133 0.409369 
1134 2.284877 
1135 1.398868 
1136 0.123161 
1137 1.156974 
1138 -0.199987 
1139 -3.058321 
1140 -0.914553 
1141 -2.082710 
1142 -0.116646 
1143 -2.127099 
1144 -2.544513 
1145 -1.683438 
1146 -0.256144 
1147 -0.967019 
1148 -1.110775 
1149 1.771925 
1150 1.423583 
1151 1.874212 
1152 -1.561571 
1153 -1.885846 
1154 -1.899113 
1155 0.467795 
1156 -0.674742 
1157 1.512870 
1158 1.752053 
1159 2.202056 
1160 -1.728514 
1161 -2.278069 
1162 0.286451 
1163 1.444920 
1164 -1.752290 
1165 -1.613145 
1166 -1.165953 
1167 -1.558650 
1168 -2.554195 
1169 -1.511809 
1170 -1.040865 
1171 -0.632051 
1172 1.539859 
1173 0.684337 
1174 2.216184 
1175 1.580836 
1176 0.980241 
1177 1.644188 
1178 1.580458 
1179 1.937682 
1180 1.522931 
1181 1.581593 
1182 1.323508 
1183 1.559970 
1184 -1.801776 
1185 -1.699017 
1186 -2.053310 
1187 -0.029867 
1188 0.638349 
1189 -1.450949 
1190 1.478886 
1191 2.349151 
1192 2.025466 
1193 1.805923 
1194 -1.036565 
1195 -1.363445 
1196 1.126617 
1197 1.645608 
1198 1.416483 
1199 1.818259 
1200 1.450738 
1201 1.858863 
1202 1.550840 
1203 1.322666 
1204 1.134585 
1205 1.928685 
1206 1.872563 
1207 1.338966 
1208 1.438670 
1209 1.808107 
1210 1.579741 
1211 1.478646 
1212 1.575322 
1213 0.666874 
1214 0.703092 
1215 2.694304 
1216 3.134594 
1217 -0.533085 
1218 -0.104216 
1219 -0.039417 
1220 0.155933 
1221 -1.573649 
1222 -2.414084 
1223 -1.380055 
1224 -1.002239 
1225 -2.049531 
1226 -2.181258 
1227 0.585499 
1228 0.101626 
1229 2.378066 
1230 1.378113 
1231 -1.618667 
1232 -3.051468 
1233 -0.307395 
1234 0.168626 
1235 1.079612 
1236 -1.053929 
1237 -1.631944 
1238 -2.367822 
1239 -1.175122 
1240 -1.633402 
1241 -1.474381 
1242 -0.979412 
1243 -1.957724 
1244 -1.547285 
1245 -1.439641 
1246 -1.825524 
1247 -1.306345 
1248 -1.685819 
1249 -1.605214 
1250 -1.597468 
1251 -1.255943 
1252 -1.234305 
1253 -0.090495 
1254 -1.611935 
1255 -2.564695 
1256 -1.302110 
1257 0.775744 
1258 2.903766 
1259 0.236989 
1260 -0.444823 
1261 -0.919373 
1262 -1.902112 
1263 -2.372227 
1264 -1.497718 
1265 -1.732694 
1266 -1.700781 
1267 -1.045574 
1268 -1.555480 
1269 -1.902843 
1270 -2.026114 
1271 -0.335495 
1272 0.743841 
1273 0.547745 
1274 2.569472 
1275 -1.563992 
1276 -1.826680 
1277 -1.310181 
1278 -1.414040 
1279 -1.641456 
1280 1.378114 
1281 -1.573298 
1282 -2.466129 
1283 -0.157859 
1284 2.773495 
1285 -1.540709 
1286 0.046211 
1287 0.474056 
1288 0.005172 
1289 2.168020 
1290 2.004791 
1291 1.114878 
1292 2.281247 
1293 1.289234 
1294 1.012858 
1295 1.562556 
1296 2.894241 
1297 1.307768 
1298 0.521055 
1299 0.358975 
1300 0.898018 
1301 2.937954 
1302 -0.224038 
1303 0.852781 
1304 0.146942 
1305 0.373485 
1306 0.700777 
1307 3.048393 
1308 1.999248 
1309 2.466970 
1310 -0.125726 
1311 -0.216486 
1312 -0.122575 
1313 0.534334 
1314 2.449743 
1315 1.926891 
1316 1.379503 
1317 1.986161 
1318 1.640466 
1319 -0.947943 
1320 -1.600585 
1321 -1.856413 
1322 -1.552455 
1323 1.296301 
1324 0.758458 
1325 1.827525 
1326 -0.564611 
1327 -2.497850 
1328 0.939687 
1329 2.017830 
1330 1.297430 
1331 2.034070 
1332 1.623028 
1333 1.871056 
1334 1.442587 
1335 1.276776 
1336 -1.976198 
1337 1.329987 
1338 1.907426 
1339 -0.877015 
1340 -0.270577 
1341 -0.456123 
1342 0.571210 
1343 3.025297 
1344 -0.545930 
1345 -0.412481 
1346 -1.697321 
1347 -2.663786 
1348 -3.183694 
1349 0.365687 
1350 0.469348 
1351 0.028402 
1352 -0.899107 
1353 -1.493545 
1354 -1.576900 
1355 -2.047808 
1356 -1.737115 
1357 1.692540 
1358 1.577659 
1359 1.059755 
1360 1.100489 
1361 1.741532 
1362 1.697073 
1363 1.386092 
1364 -1.796458 
1365 -2.546599 
1366 -0.768431 
1367 0.041718 
1368 0.301167 
1369 1.052310 
1370 1.986089 
1371 2.136234 
1372 -1.090217 
1373 -1.546692 
1374 -1.475119 
1375 -2.006696 
1376 -1.581314 
1377 -0.090126 
1378 -1.944049 
1379 -2.086102 
1380 -1.554832 
1381 -1.967002 
1382 -0.993982 
1383 -1.730086 
1384 -1.159874 
1385 -0.013677 
1386 3.026541 
1387 -0.501381 
1388 -1.362240 
1389 -1.343724 
1390 -1.476948 
1391 2.067956 
1392 1.828710 
1393 0.726710 
1394 1.792144 
1395 1.438013 
1396 0.629613 
1397 -0.462612 
1398 1.148619 
1399 2.960572 
1400 1.523507 
1401 0.332498 
1402 -0.888685 
1403 2.625977 
1404 1.802143 
1405 2.464258 
1406 -0.016056 
1407 -0.317864 
1408 -1.294119 
1409 -1.778784 
1410 -1.511616 
1411 -1.778370 
1412 -0.397425 
1413 0.616427 
1414 1.294887 
1415 2.809817 
1416 2.012223 
1417 -1.395566 
1418 -1.056682 
1419 -1.745131 
1420 0.521781 
1421 1.103232 
1422 2.186161 
1423 -1.809047 
1424 -2.038673 
1425 -1.702233 
1426 -1.543592 
1427 -0.736200 
1428 -1.380708 
1429 -1.568295 
1430 -1.453776 
1431 -1.636217 
1432 -2.078803 
1433 -1.953802 
1434 -1.232367 
1435 0.017973 
1436 1.426901 
1437 2.628561 
1438 -1.281827 
1439 -0.456201 
1440 0.880881 
1441 0.965914 
1442 2.014142 
1443 1.944085 
1444 1.975470 
1445 0.969053 
1446 2.175620 
1447 -0.413365 
1448 0.220762 
1449 -2.411685 
1450 -1.816222 
1451 -0.835417 
1452 0.984351 
1453 1.548322 
1454 1.660012 
1455 1.803848 
1456 1.999037 
1457 1.976552 
1458 0.850293 
1459 1.420006 
1460 1.402678 
1461 1.483530 
1462 1.821977 
1463 1.658748 
1464 1.683820 
1465 1.388861 
1466 1.499696 
1467 1.640195 
1468 2.644037 
1469 1.066791 
1470 0.388877 
1471 1.535824 
1472 0.347347 
1473 1.573270 
1474 0.595185 
1475 2.742553 
1476 0.223285 
1477 -0.817771 
1478 -1.842689 
1479 -2.457522 
1480 -2.461742 
1481 -1.652085 
1482 -0.302634 
1483 1.092616 
1484 1.246116 
1485 1.924468 
1486 1.635344 
1487 1.461326 
1488 1.510504 
1489 0.742437 
1490 -0.977089 
1491 -2.644735 
1492 -1.864435 
1493 -1.405357 
1494 -1.329531 
1495 -1.365983 
1496 -2.083460 
1497 0.788252 
1498 -2.138479 
1499 1.032472 
1500 0.762405 
1501 -0.741873 
1502 -2.542503 
1503 -1.649175 
1504 0.105728 
1505 0.574392 
1506 -0.058290 
1507 3.030624 
1508 -1.942747 
1509 -2.019379 
1510 -1.422873 
1511 -0.016402 
1512 -0.099591 
1513 1.280664 
1514 1.739087 
1515 2.446470 
1516 1.701684 
1517 2.541462 
1518 0.827816 
1519 0.195122 
1520 1.906346 
1521 1.518965 
1522 1.631985 
1523 0.881505 
1524 1.439464 
1525 1.883402 
1526 0.913568 
1527 1.972560 
1528 0.741063 
1529 1.796268 
1530 1.757133 
1531 1.769234 
1532 0.900464 
1533 -0.907925 
1534 -2.496314 
1535 -1.695172 
1536 -1.416649 
1537 -1.966077 
1538 -1.221316 
1539 -1.764471 
1540 -0.839777 
1541 2.024728 
1542 1.575360 
1543 1.611652 
1544 -0.096976 
1545 1.208479 
1546 2.948596 
1547 -0.366121 
1548 -2.046394 
1549 1.461293 
1550 -0.822516 
1551 -1.871505 
1552 0.738970 
1553 2.757142 
1554 -0.774078 
1555 1.332994 
1556 -0.791467 
1557 1.693377 
1558 2.180859 
1559 1.556179 
1560 1.228663 
1561 1.734716 
1562 1.691920 
1563 1.537247 
1564 1.383729 
1565 1.675027 
1566 1.531875 
1567 1.612704 
1568 1.524437 
1569 1.910416 
1570 1.835392 
1571 0.523151 
1572 1.456631 
1573 2.137970 
1574 1.142881 
1575 1.390550 
1576 1.796334 
1577 1.938929 
1578 1.555883 
1579 0.786316 
1580 1.404027 
1581 1.249091 
1582 1.744093 
1583 1.835974 
1584 1.272265 
1585 1.353478 
1586 1.681133 
1587 1.719089 
1588 1.744338 
1589 2.538396 
1590 0.167017 
1591 -1.042175 
1592 1.814630 
1593 1.594725 
1594 0.610594 
1595 1.754989 
1596 2.099988 
1597 2.168767 
1598 1.123136 
1599 -0.432926 
1600 1.663672 
1601 1.793256 
1602 1.700934 
1603 0.805453 
1604 -1.126306 
1605 -1.570341 
1606 -2.203830 
1607 -1.199569 
1608 -0.024253 
1609 -1.066685 
1610 -1.998588 
1611 -2.145616 
1612 -1.630573 
1613 -0.936443 
1614 -2.427625 
1615 -1.039284 
1616 -0.606561 
1617 1.536088 
1618 -0.185549 
1619 2.702669 
1620 0.995178 
1621 1.085652 
1622 2.744659 
1623 0.712470 
1624 0.428878 
1625 -0.543188 
1626 1.674471 
1627 2.720920 
1628 2.726165 
1629 0.957883 
1630 0.179495 
1631 1.527489 
1632 0.604745 
1633 -0.165235 
1634 1.830112 
1635 2.542198 
1636 1.785064 
1637 1.779689 
1638 1.699900 
1639 1.103550 
1640 0.968005 
1641 0.083971 
1642 -1.538686 
1643 2.756187 
1644 2.087154 
1645 1.789492 
1646 1.335905 
1647 -0.114125 
1648 1.238529 
1649 -1.024290 
1650 -1.228979 
1651 -2.460210 
1652 -2.364251 
1653 -0.666324 
1654 -0.333298 
1655 -1.849416 
1656 0.010738 
1657 -1.400112 
1658 -2.232950 
1659 -1.744002 
1660 -1.929527 
1661 -1.603461 
1662 -1.495070 
1663 -0.992586 
1664 -1.303890 
1665 -0.970006 
1666 -1.855191 
1667 -1.875606 
1668 -1.742325 
1669 -1.775061 
1670 -1.401265 
1671 -1.439584 
1672 -1.274506 
1673 -1.683114 
1674 -1.685838 
1675 -1.469418 
1676 -1.035409 
1677 -2.191194 
1678 -1.467990 
1679 -1.228299 
1680 -1.293409 
1681 -1.366843 
1682 -1.863965 
1683 -1.603418 
1684 1.129045 
1685 -1.383077 
1686 0.913597 
1687 2.554049 
1688 0.107623 
1689 1.509862 
1690 2.017038 
1691 1.922335 
1692 1.024882 
1693 -1.691293 
1694 -1.813490 
1695 1.652419 
1696 0.802540 
1697 1.572055 
1698 2.151569 
1699 -1.454381 
1700 -2.079103 
1701 -1.510879 
1702 -1.419784 
1703 -1.068316 
1704 -1.225183 
1705 -0.809143 
1706 -1.851036 
1707 -2.105475 
1708 -2.636364 
1709 0.098769 
1710 -1.071561 
1711 1.483453 
1712 -0.988794 
1713 -1.949224 
1714 -2.166737 
1715 -1.326754 
1716 -0.367205 
1717 -1.775080 
1718 -1.650867 
1719 -1.815693 
1720 -1.357482 
1721 -1.739686 
1722 -2.150094 
1723 -0.708558 
1724 0.365434 
1725 -2.256058 
1726 -1.657095 
1727 -1.412110 
1728 -1.800091 
1729 -2.248253 
1730 -0.884070 
1731 0.737930 
1732 1.752459 
1733 -0.429179 
1734 0.524667 
1735 2.573836 
1736 2.539413 
1737 1.815523 
1738 0.664272 
1739 -0.406124 
1740 2.972732 
1741 1.434735 
1742 0.180082 
1743 -0.260796 
1744 0.500616 
1745 -2.021723 
1746 -2.389426 
1747 -0.455810 
1748 -1.630015 
1749 1.958414 
1750 1.702944 
1751 0.897999 
1752 -1.293724 
1753 -1.745970 
1754 -1.305247 
1755 -1.798140 
1756 -0.363184 
1757 -1.242794 
1758 1.653580 
1759 2.400539 
1760 -2.902391 
1761 0.169560 
1762 0.695594 
1763 1.658620 
1764 1.996187 
1765 0.970723 
1766 -1.372653 
1767 -2.024023 
1768 -1.424167 
1769 -1.482396 
1770 -1.676265 
1771 -1.631470 
1772 -1.674653 
1773 -1.639567 
1774 -1.441409 
1775 -1.471298 
1776 -1.466924 
1777 -1.655408 
1778 -1.155280 
1779 -2.002901 
1780 -0.456758 
1781 1.700437 
1782 -0.397497 
1783 -2.721922 
1784 1.078880 
1785 0.833622 
1786 1.646447 
1787 2.395788 
1788 2.825931 
1789 1.009548 
1790 0.922244 
1791 -0.557213 
1792 -2.336863 
1793 0.327558 
1794 0.248388 
1795 -2.039370 
1796 -1.309802 
1797 -2.297627 
1798 -1.509389 
1799 -0.969131 
1800 0.109539 
1801 -1.974252 
1802 -2.117201 
1803 -1.185665 
1804 -1.146590 
1805 -0.842994 
1806 -1.517480 
1807 -2.381144 
1808 -2.181929 
1809 -1.929854 
1810 -1.306126 
1811 0.350374 
1812 -1.351908 
1813 -1.804703 
1814 -1.997137 
1815 -0.741531 
1816 -1.514108 
1817 -2.114925 
1818 -1.023843 
1819 -1.261192 
1820 -1.381617 
1821 -1.531064 
1822 -1.421653 
1823 1.821432 
1824 1.600324 
1825 1.545754 
1826 1.536169 
1827 1.531931 
1828 1.318645 
1829 1.919450 
1830 1.920757 
1831 0.791392 
1832 1.554385 
1833 -0.084553 
1834 1.775288 
1835 2.157664 
1836 1.810328 
1837 1.478981 
1838 1.031310 
1839 1.786503 
1840 1.851199 
1841 1.490729 
1842 1.100657 
1843 1.795544 
1844 0.916379 
1845 1.206155 
1846 2.751506 
1847 0.994614 
1848 1.523476 
1849 1.495241 
1850 2.256226 
1851 0.394373 
1852 -0.363606 
1853 0.916043 
1854 2.432535 
1855 1.783445 
1856 1.547870 
1857 0.122646 
1858 2.513434 
1859 1.198580 
1860 1.713036 
1861 2.178541 
1862 1.357339 
1863 0.481761 
1864 -0.189506 
1865 1.264256 
1866 2.322400 
1867 1.627114 
1868 2.743930 
1869 1.412962 
1870 -0.356969 
1871 -0.947669 
1872 -2.115660 
1873 -0.480379 
1874 -1.633218 
1875 -1.897932 
1876 -0.537306 
1877 -1.939032 
1878 -1.648641 
1879 -1.599204 
1880 -1.848730 
1881 -1.507833 
1882 -1.253467 
1883 -1.513505 
1884 -1.453429 
1885 -1.559945 
1886 -1.674864 
1887 -1.479806 
1888 -1.489221 
1889 -1.926109 
1890 -1.543602 
1891 -1.052559 
1892 -1.678017 
1893 -1.831500 
1894 -1.026158 
1895 -1.515034 
1896 -1.032348 
1897 -1.886937 
1898 -1.712226 
1899 -1.420179 
1900 -1.073011 
1901 -1.242720 
1902 -1.861293 
1903 -1.730645 
1904 -2.194807 
1905 -2.141972 
1906 -0.584353 
1907 0.695068 
1908 0.566193 
1909 -1.472698 
1910 -1.624992 
1911 -2.119652 
1912 -0.790012 
1913 -1.439435 
1914 -1.898712 
1915 -1.937428 
1916 -1.675719 
1917 -1.427840 
1918 -1.391772 
1919 -1.530040 
1920 -2.375676 
1921 -0.194944 
1922 1.415393 
1923 -1.660862 
1924 0.891755 
1925 -0.119071 
1926 -2.322012 
1927 -1.901902 
1928 -1.463207 
1929 -1.509994 
1930 -1.402997 
1931 -1.844277 
1932 -1.693496 
1933 -1.286742 
1934 -1.593628 
1935 -1.594145 
1936 -1.432251 
1937 -1.704788 
1938 -1.238051 
1939 -1.876465 
1940 -1.073476 
1941 0.961914 
1942 1.230712 
1943 2.582538 
1944 0.082155 
1945 -2.748223 
1946 -1.293240 
1947 -0.782906 
1948 1.154379 
1949 0.902418 
1950 0.587120 
1951 2.739765 
1952 1.883324 
1953 1.319844 
1954 1.257074 
1955 1.777506 
1956 1.729356 
1957 0.918502 
1958 1.372870 
1959 1.948806 
1960 1.784173 
1961 2.168665 
1962 1.290641 
1963 0.863380 
1964 0.934921 
1965 -0.072812 
1966 2.732004 
1967 -1.511108 
1968 0.085941 
1969 -1.822608 
1970 -1.188133 
1971 -2.297032 
1972 -1.628693 
1973 -1.471198 
1974 -1.363072 
1975 1.806502 
1976 -0.938810 
1977 -1.851880 
1978 0.860964 
1979 2.244358 
1980 1.939531 
1981 1.543534 
1982 1.188264 
1983 1.548550 
1984 0.750706 
1985 0.601638 
1986 1.473501 
1987 2.689695 
1988 0.955609 
1989 0.429795 
1990 -0.034318 
1991 -3.101885 
1992 -2.534825 
1993 -0.404558 
1994 -1.816850 
1995 0.051676 
1996 -0.641532 
1997 2.055367 
1998 1.839207 
1999 1.503601 
2000 2.253215 
2001 -0.870217 
2002 -1.188990 
2003 -1.668262 
2004 -1.991662 
2005 -2.290526 
2006 -0.708533 
2007 0.509894 
2008 1.339853 
2009 0.966267 
2010 2.180499 
2011 1.584068 
2012 0.990348 
2013 -0.473648 
2014 2.111846 
2015 2.081107 
2016 2.447624 
2017 0.760730 
2018 1.689059 
2019 0.915062 
2020 1.915177 
2021 -0.830528 
2022 1.677059 
2023 1.848561 
2024 1.196096 
2025 -1.645335 
2026 -1.884277 
2027 -1.560249 
2028 -2.216800 
2029 0.904883 
2030 1.103274 
2031 -1.666007 
2032 0.683983 
2033 0.159977 
2034 -1.082244 
2035 -2.938614 
2036 -1.256051 
2037 -1.868312 
2038 -2.263482 
2039 0.785419 
2040 0.947518 
2041 -1.487553 
2042 -1.800620 
2043 -1.606339 
2044 -2.789581 
2045 -0.765725 
2046 0.913317 
2047 -1.351159 
2048 -1.970638 
2049 0.867888 
2050 1.118228 
2051 2.219165 
2052 2.988001 
2053 -1.044783 
2054 -0.460763 
2055 0.267365 
2056 -0.071945 
2057 1.474014 
2058 2.198294 
2059 1.510471 
2060 1.546511 
2061 1.620795 
2062 1.288633 
2063 1.661093 
2064 1.553371 
2065 1.585663 
2066 1.762148 
2067 1.265638 
2068 1.044065 
2069 1.572273 
2070 1.795054 
2071 1.776033 
2072 1.469393 
2073 1.538740 
2074 1.540755 
2075 1.485190 
2076 1.735102 
2077 1.677970 
2078 1.690975 
2079 1.111809 
2080 1.702017 
2081 1.137350 
2082 1.793641 
2083 1.702678 
2084 1.937930 
2085 2.175541 
2086 0.692634 
2087 1.136216 
2088 0.893507 
2089 0.922235 
2090 1.782831 
2091 -2.357071 
2092 -1.330911 
2093 -2.719757 
2094 -0.392565 
2095 -0.292478 
2096 -0.457414 
2097 -0.802939 
2098 -0.830784 
2099 2.978095 
2100 2.513163 
2101 0.960477 
2102 -0.322752 
2103 -1.707429 
2104 -0.981535 
2105 -2.791577 
2106 -0.201682 
2107 0.968315 
2108 -1.690463 
2109 -2.080856 
2110 -1.115196 
2111 -1.339596 
2112 -0.589731 
2113 1.305157 
2114 1.973608 
2115 2.000601 
2116 -0.231902 
2117 1.555457 
2118 2.665531 
2119 0.893020 
2120 -0.633584 
2121 1.958718 
2122 1.699460 
2123 1.541993 
2124 1.910651 
2125 2.170402 
2126 -0.170115 
2127 1.078746 
2128 2.759653 
2129 1.429403 
2130 -0.501129 
2131 0.941274 
2132 0.405581 
2133 1.427309 
2134 2.009539 
2135 1.977189 
2136 1.883681 
2137 1.267039 
2138 1.772907 
2139 1.213375 
2140 1.824546 
2141 0.670099 
2142 1.482863 
2143 2.012890 
2144 1.304261 
2145 1.497035 
2146 1.156085 
2147 2.153996 
2148 2.542303 
2149 1.629195 
2150 0.937837 
2151 0.321903 
2152 0.434781 
2153 1.801911 
2154 2.363808 
2155 1.024820 
2156 0.587255 
2157 -0.335246 
2158 2.001615 
2159 2.357646 
2160 1.962431 
2161 1.271455 
2162 -1.099731 
2163 -1.971854 
2164 -1.710126 
2165 -1.102760 
2166 -1.230929 
2167 -2.341929 
2168 0.365459 
2169 2.139617 
2170 -1.009015 
2171 -1.978513 
2172 -2.121063 
2173 -1.422293 
2174 -1.788861 
2175 0.428374 
2176 -1.323482 
2177 -2.031516 
2178 -1.465284 
2179 -1.502135 
2180 1.247181 
2181 0.916159 
2182 1.989236 
2183 1.907164 
2184 -0.185053 
2185 0.376730 
2186 2.543538 
2187 1.867171 
2188 1.557255 
2189 1.779363 
2190 1.374132 
2191 1.463013 
2192 1.610900 
2193 1.954943 
2194 0.720214 
2195 1.810856 
2196 1.039232 
2197 1.813375 
2198 1.596350 
2199 1.746575 
2200 -0.642057 
2201 -2.230052 
2202 0.515014 
2203 2.035351 
2204 1.145107 
2205 1.245606 
2206 1.579325 
2207 1.996623 
2208 2.100533 
2209 1.980593 
2210 1.336176 
2211 -0.038919 
2212 2.473951 
2213 1.486087 
2214 1.543611 
2215 0.264143 
2216 0.072933 
2217 -0.458633 
2218 -1.855672 
2219 -2.494703 
2220 -1.267368 
2221 -2.510633 
2222 -1.270564 
2223 -1.086500 
2224 -1.362442 
2225 1.459806 
2226 0.692689 
2227 2.239065 
2228 0.617123 
2229 -2.970331 
2230 0.436892 
2231 0.492786 
2232 1.228860 
2233 -0.405882 
2234 1.999666 
2235 2.064049 
2236 -1.940094 
2237 -1.028632 
2238 -1.645697 
2239 -1.467844 
2240 -1.431421 
2241 -1.272902 
2242 -0.923358 
2243 -2.375484 
2244 -2.099630 
2245 -1.503869 
2246 -1.283557 
2247 -1.203620 
2248 1.926108 
2249 1.233251 
2250 -1.516390 
2251 -1.470200 
2252 -1.725487 
2253 -1.636172 
2254 -1.495576 
2255 -1.280029 
2256 -1.484775 
2257 -1.629451 
2258 -1.654607 
2259 -1.455896 
2260 -1.077881 
2261 -1.170750 
2262 -1.246219 
2263 2.263339 
2264 -1.644404 
2265 -1.882425 
2266 -1.453778 
2267 -1.250943 
2268 -1.598172 
2269 -1.668529 
2270 -1.630027 
2271 -1.335326 
2272 -1.650782 
2273 -1.734181 
2274 -1.227255 
2275 -1.291892 
2276 -1.345047 
2277 -1.630797 
2278 -1.640033 
2279 -1.598658 
2280 -1.650995 
2281 -1.615010 
2282 -1.435014 
2283 -1.615958 
2284 -1.388047 
2285 -1.802547 
2286 -1.665477 
2287 -1.330630 
2288 -1.530246 
2289 -1.971237 
2290 -1.212289 
2291 -1.255832 
2292 -1.627930 
2293 -1.678587 
2294 -2.052573 
2295 -0.694523 
2296 -2.008434 
2297 -2.081457 
2298 -0.247004 
2299 -1.167955 
2300 -1.989298 
2301 0.606047 
2302 2.233850 
2303 0.929196 
2304 -1.300391 
2305 -1.156548 
2306 0.112113 
2307 2.655732 
2308 0.437111 
2309 -1.617348 
2310 -1.676072 
2311 -2.048875 
2312 -2.582268 
2313 -1.551577 
2314 -0.749329 
2315 -0.434453 
2316 -0.054690 
2317 -0.587102 
2318 2.840629 
2319 1.243551 
2320 0.613100 
2321 0.930659 
2322 1.906179 
2323 2.011083 
2324 2.131473 
2325 1.807635 
2326 1.053805 
2327 0.814480 
2328 1.213956 
2329 1.555945 
2330 1.765863 
2331 1.856883 
2332 1.340161 
2333 1.177068 
2334 1.803364 
2335 -1.910217 
2336 -1.369752 
2337 -1.690278 
2338 -1.544468 
2339 -1.541761 
2340 -1.475052 
2341 -1.725667 
2342 -1.374276 
2343 -1.551964 
2344 -1.130047 
2345 -1.322645 
2346 -1.682001 
2347 2.060626 
2348 2.875231 
2349 -1.072713 
2350 -0.348009 
2351 0.946204 
2352 1.099651 
2353 -1.915354 
2354 -0.213639 
2355 2.334683 
2356 1.890754 
2357 1.888192 
2358 1.521851 
2359 -0.108730 
2360 1.268798 
2361 -1.464796 
2362 -0.368508 
2363 2.478503 
2364 0.792502 
2365 -1.340398 
2366 2.124606 
2367 1.797566 
2368 1.200915 
2369 2.152434 
2370 0.320406 
2371 1.915825 
2372 1.432709 
2373 -0.971784 
2374 -1.495020 
2375 2.383631 
2376 2.920856 
2377 -0.836655 
2378 -1.176843 
2379 0.061209 
2380 -1.510641 
2381 -1.619597 
2382 -1.012007 
2383 -2.007184 
2384 -2.749927 
2385 -1.556081 
2386 -0.485358 
2387 0.577071 
2388 0.895659 
2389 1.713117 
2390 1.665255 
2391 -1.618158 
2392 -1.228168 
2393 -1.533581 
2394 -1.641324 
2395 -1.648993 
2396 -2.432965 
2397 -1.862103 
2398 -1.005806 
2399 0.119607 
2400 0.595315 
2401 1.454089 
2402 2.465281 
2403 1.165567 
2404 0.964276 
2405 1.987233 
2406 2.236539 
2407 0.569499 
2408 -1.964220 
2409 0.187609 
2410 1.907613 
2411 1.665300 
2412 1.588177 
2413 -1.544702 
2414 -1.600250 
2415 -1.533278 
2416 -1.482322 
2417 -1.001981 
2418 1.480345 
2419 -2.229060 
2420 -1.470005 
2421 -1.928711 
2422 -1.329995 
2423 -1.181954 
2424 -2.490882 
2425 -1.759961 
2426 -1.063692 
2427 0.486545 
2428 0.832090 
2429 0.900369 
2430 1.553422 
2431 -2.548444 
2432 -1.447004 
2433 -0.384871 
2434 -2.339831 
2435 1.663706 
2436 1.476426 
2437 0.935707 
2438 -0.670620 
2439 -2.603572 
2440 -2.172684 
2441 -2.049676 
2442 0.971246 
2443 0.239760 
2444 0.071510 
2445 -1.844199 
2446 -1.125222 
2447 -2.265386 
2448 -0.099706 
2449 0.290171 
2450 -2.133499 
2451 -2.243291 
2452 -0.702044 
2453 0.296852 
2454 -2.343482 
2455 -1.973466 
2456 -0.320462 
2457 0.241904 
2458 2.566340 
2459 1.924830 
2460 1.642736 
2461 1.501309 
2462 1.662647 
2463 1.268477 
2464 1.211884 
2465 1.429961 
2466 1.546284 
2467 1.904830 
2468 1.760285 
2469 2.274518 
2470 -0.705272 
2471 -0.594862 
2472 0.982880 
2473 0.749762 
2474 1.443727 
2475 2.674042 
2476 0.823798 
2477 1.815711 
2478 2.046282 
2479 1.352627 
2480 2.301151 
2481 1.268627 
2482 -1.477222 
2483 1.230995 
2484 1.385385 
2485 1.840260 
2486 1.702456 
2487 1.055952 
2488 0.702588 
2489 -0.919027 
2490 1.876145 
2491 2.314951 
2492 2.208754 
2493 0.979941 
2494 0.096894 
2495 -2.058601 
2496 -2.196325 
2497 -0.590197 
2498 -2.053782 
2499 -0.783194 
2500 0.080539 
2501 -1.301424 
2502 -2.869342 
2503 0.840275 
2504 -0.075157 
2505 0.617477 
2506 -1.531831 
2507 -2.744210 
2508 -1.964432 
2509 -1.272124 
2510 -0.976601 
2511 -1.725050 
2512 -2.646003 
2513 -0.307546 
2514 -1.799595 
2515 0.341025 
2516 -2.115401 
2517 -1.863928 
2518 -1.154916 
2519 -0.778221 
2520 -0.282823 
2521 0.900096 
2522 1.759114 
2523 2.515157 
2524 -0.338734 
2525 -0.100601 
2526 -1.393440 
2527 -2.817455 
2528 -1.696253 
2529 -1.274946 
2530 -1.186449 
2531 -1.861771 
2532 -2.832963 
2533 -1.141525 
2534 -0.915493 
2535 0.741995 
2536 0.947616 
2537 1.850349 
2538 1.940516 
2539 1.475437 
2540 0.636581 
2541 -0.894025 
2542 1.495107 
2543 -2.600410 
2544 -2.324341 
2545 -2.043064 
2546 0.558244 
2547 0.244049 
2548 -1.362429 
2549 1.809000 
2550 -1.523716 
2551 -1.929189 
2552 0.119742 
2553 0.225746 
2554 1.305339 
2555 2.946225 
2556 0.702857 
2557 1.348405 
2558 1.048334 
2559 2.607337 
2560 1.437448 
2561 2.023128 
2562 1.367921 
2563 1.353363 
2564 1.201605 
2565 1.534516 
2566 1.748510 
2567 1.623250 
2568 2.025415 
2569 1.361730 
2570 0.817100 
2571 1.960477 
2572 2.117984 
2573 1.104500 
2574 -0.114340 
2575 2.065320 
2576 1.978081 
2577 1.902689 
2578 0.550206 
2579 1.324826 
2580 2.191700 
2581 2.011800 
2582 0.627841 
2583 -0.586901 
2584 -0.270624 
2585 2.565270 
2586 -1.305094 
2587 -1.249374 
2588 -0.167428 
2589 -2.159942 
2590 1.292629 
2591 1.943627 
2592 1.174737 
2593 -2.385566 
2594 -1.300972 
2595 -1.404084 
2596 2.154122 
2597 -0.435925 
2598 -1.390148 
2599 1.619439 
2600 0.652737 
2601 0.121958 
2602 2.166059 
2603 2.148449 
2604 -2.071879 
2605 -1.831505 
2606 -0.626570 
2607 1.382705 
2608 -1.442675 
2609 -2.084374 
2610 -1.520451 
2611 -1.147578 
2612 0.492216 
2613 0.147935 
2614 2.243547 
2615 2.111353 
2616 1.678778 
2617 1.981124 
2618 1.331640 
2619 1.272767 
2620 0.646089 
2621 1.156661 
2622 2.343031 
2623 1.693190 
2624 1.462121 
2625 1.530442 
2626 1.735779 
2627 1.546937 
2628 1.689501 
2629 1.282804 
2630 1.739216 
2631 1.260490 
2632 1.429689 
2633 1.723049 
2634 1.467844 
2635 1.510987 
2636 1.486695 
2637 1.425780 
2638 1.596009 
2639 1.741221 
2640 1.422314 
2641 2.652156 
2642 1.272270 
2643 0.499448 
2644 0.400893 
2645 -0.638755 
2646 -1.737319 
2647 -2.553043 
2648 -2.807817 
2649 -0.763363 
2650 1.048638 
2651 -0.548617 
2652 1.473332 
2653 1.403143 
2654 0.636366 
2655 2.336015 
2656 -1.169312 
2657 -1.347992 
2658 -1.434232 
2659 2.266780 
2660 -2.067881 
2661 -1.303594 
2662 -1.184010 
2663 -1.516951 
2664 -1.399402 
2665 -1.453104 
2666 -1.503654 
2667 -1.799495 
2668 -1.471441 
2669 -1.853389 
2670 -1.263331 
2671 -1.591147 
2672 -0.968417 
2673 -1.538830 
2674 -1.737821 
2675 -1.734816 
2676 -1.933495 
2677 -1.631015 
2678 -1.730867 
2679 -0.327730 
2680 3.022633 
2681 0.263319 
2682 -0.277290 
2683 0.892894 
2684 1.655813 
2685 1.503777 
2686 1.492338 
2687 1.444836 
2688 1.594043 
2689 1.461899 
2690 1.619700 
2691 1.480378 
2692 1.652867 
2693 1.235964 
2694 -1.896376 
2695 1.726104 
2696 2.329661 
2697 -0.123396 
2698 -0.982138 
2699 -1.985281 
2700 -2.136702 
2701 -1.840816 
2702 -0.195909 
2703 1.476172 
2704 1.418891 
2705 1.583249 
2706 1.681967 
2707 1.574998 
2708 3.156122 
2709 0.608999 
2710 -0.111467 
2711 0.497221 
2712 -1.753860 
2713 1.040408 
2714 1.694370 
2715 1.832071 
2716 -0.096820 
2717 -1.238118 
2718 2.147632 
2719 1.944891 
2720 1.562070 
2721 1.291179 
2722 1.684154 
2723 1.741115 
2724 1.269186 
2725 1.580961 
2726 1.152405 
2727 2.128134 
2728 2.138408 
2729 1.583471 
2730 1.603998 
2731 0.809025 
2732 -0.452342 
2733 -0.809337 
2734 2.013856 
2735 2.322804 
2736 1.723575 
2737 1.742516 
2738 0.337409 
2739 1.924501 
2740 0.841300 
2741 1.635282 
2742 1.884547 
2743 1.702943 
2744 2.168948 
2745 0.714632 
2746 1.308780 
2747 1.742488 
2748 1.971970 
2749 1.683456 
2750 0.959277 
2751 1.655415 
2752 3.075611 
2753 0.302747 
2754 0.418095 
2755 0.951432 
2756 0.712087 
2757 1.126325 
2758 1.531915 
2759 2.426018 
2760 1.733131 
2761 1.359100 
2762 1.500487 
2763 1.498492 
2764 2.550985 
2765 0.779463 
2766 -0.785298 
2767 -2.042469 
2768 2.652318 
2769 1.412318 
2770 0.535157 
2771 0.782198 
2772 1.788512 
2773 2.111006 
2774 1.525998 
2775 0.645588 
2776 1.571421 
2777 0.747371 
2778 1.167023 
2779 -2.421564 
2780 -2.799034 
2781 0.075447 
2782 -0.331046 
2783 -1.517938 
2784 -0.938861 
2785 -0.529774 
2786 -1.126770 
2787 -2.644892 
2788 -2.177599 
2789 -1.962510 
2790 -1.346571 
2791 -0.012345 
2792 -0.761325 
2793 -0.189600 
2794 -1.362339 
2795 -2.746840 
2796 -2.085033 
2797 -1.960007 
2798 -1.092205 
2799 -0.549638 
2800 -1.200823 
2801 -1.713180 
2802 -1.766843 
2803 -1.759915 
2804 -0.381124 
2805 -1.583671 
2806 -1.937025 
2807 -2.009330 
2808 -1.828467 
2809 -2.035585 
2810 -0.892777 
2811 -1.347507 
2812 -3.159206 
2813 -0.057121 
2814 0.028266 
2815 0.804204 
2816 -0.445450 
2817 -1.927556 
2818 0.541114 
2819 2.517563 
2820 1.723357 
2821 1.103078 
2822 1.694220 
2823 1.667440 
2824 2.283587 
2825 1.375768 
2826 0.698946 
2827 1.701426 
2828 1.766288 
2829 2.396796 
2830 0.846130 
2831 -0.590079 
2832 2.046916 
2833 1.243396 
2834 0.441605 
2835 2.051248 
2836 -2.361413 
2837 -1.735126 
2838 -0.897595 
2839 -0.644479 
2840 -1.403357 
2841 -1.165656 
2842 2.572829 
2843 -0.029221 
2844 0.196169 
2845 1.011368 
2846 1.522158 
2847 2.504879 
2848 1.953549 
2849 1.659414 
2850 1.101206 
2851 1.309320 
2852 1.211819 
2853 1.154002 
2854 2.303551 
2855 1.471979 
2856 0.767573 
2857 2.821183 
2858 -0.391181 
2859 -1.231172 
2860 1.448886 
2861 2.339447 
2862 1.729698 
2863 -0.669375 
2864 -1.930378 
2865 -2.275632 
2866 1.258209 
2867 0.509886 
2868 2.236976 
2869 -2.122944 
2870 1.110080 
2871 -0.373045 
2872 0.306472 
2873 1.926684 
2874 1.845701 
2875 1.714768 
2876 1.352884 
2877 1.887934 
2878 1.522505 
2879 1.353806 
2880 0.807455 
2881 2.274778 
2882 0.026478 
2883 2.124610 
2884 -0.401173 
2885 -1.569725 
2886 -2.835143 
2887 -0.132458 
2888 0.937311 
2889 1.222682 
2890 2.697820 
2891 0.553281 
2892 -0.708646 
2893 1.240518 
2894 2.413177 
2895 -1.559170 
2896 -1.959729 
2897 -2.349349 
2898 -0.639767 
2899 0.100077 
2900 2.601506 
2901 1.378105 
2902 -1.063477 
2903 0.019841 
2904 0.240379 
2905 -0.227514 
2906 -0.835844 
2907 -3.006091 
2908 -2.251428 
2909 -2.197737 
2910 -0.171024 
2911 0.412985 
2912 0.096226 
2913 -0.056105 
2914 -1.217069 
2915 -2.983120 
2916 -1.231674 
2917 -1.757727 
2918 -2.005843 
2919 -1.084748 
2920 -1.042340 
2921 -1.620327 
2922 -1.112813 
2923 -2.422024 
2924 -1.538282 
2925 -1.573059 
2926 -1.601101 
2927 -1.347953 
2928 -1.469023 
2929 -1.229163 
2930 -1.438805 
2931 -1.956942 
2932 -2.429298 
2933 -1.759733 
2934 -1.184555 
2935 -0.981988 
2936 -1.124414 
2937 1.090160 
2938 -2.814160 
2939 0.570609 
2940 -0.743986 
2941 0.454506 
2942 -2.050387 
2943 -2.279152 
2944 1.597016 
2945 2.198035 
2946 0.027000 
2947 1.547471 
2948 2.475558 
2949 -1.355676 
2950 0.764297 
2951 0.977114 
2952 2.248708 
2953 0.408992 
2954 1.330225 
2955 1.845182 
2956 1.556678 
2957 1.752705 
2958 1.065266 
2959 1.868621 
2960 2.464600 
2961 1.840491 
2962 0.272949 
2963 -0.360044 
2964 0.830465 
2965 1.924366 
2966 2.090266 
2967 1.121711 
2968 0.207325 
2969 -2.233613 
2970 -2.174776 
2971 -0.566930 
2972 -0.392744 
2973 -1.356799 
2974 -1.912307 
2975 -1.934512 
2976 -1.998552 
2977 -1.445481 
2978 -1.411663 
2979 -1.381463 
2980 -1.779392 
2981 -0.461120 
2982 -1.748807 
2983 -1.851357 
2984 -1.237487 
2985 -1.821314 
2986 -1.706913 
2987 -1.365281 
2988 -1.727445 
2989 -0.631698 
2990 -2.254663 
2991 -1.090222 
2992 -1.697388 
2993 -0.884328 
2994 1.553910 
2995 1.840940 
2996 1.641406 
2997 0.508825 
2998 -1.556471 
2999 -2.132395 
3000 -1.462741 
3001 -1.600076 
3002 -1.699488 
3003 -1.424973 
3004 2.175931 
3005 1.640862 
3006 1.504193 
3007 -0.698842 
3008 0.022895 
3009 2.658350 
3010 -0.652360 
3011 -1.740479 
3012 -1.883173 
3013 -2.322618 
3014 0.464688 
3015 0.956336 
3016 -2.453497 
3017 0.299465 
3018 -1.744334 
3019 -0.798207 
3020 0.935419 
3021 -0.364214 
3022 -2.156892 
3023 -2.161776 
3024 -2.343509 
3025 0.965279 
3026 1.442396 
3027 1.478233 
3028 -2.029836 
3029 -0.906666 
3030 -1.290794 
3031 -1.844576 
3032 -1.461681 
3033 -1.564120 
3034 -1.630154 
3035 -1.351607 
3036 -1.457358 
3037 -1.685754 
3038 -1.415085 
3039 -1.704022 
3040 -1.467209 
3041 -1.488960 
3042 -1.493882 
3043 -1.723949 
3044 -1.725230 
3045 -1.478247 
3046 -1.581000 
3047 -1.386786 
3048 -1.222184 
3049 -1.389417 
3050 -1.866162 
3051 -1.602098 
3052 -1.286710 
3053 -1.462158 
3054 -1.532869 
3055 -1.851693 
3056 -1.502338 
3057 -1.690891 
3058 -1.697122 
3059 -1.217072 
3060 -1.330994 
3061 -1.845863 
3062 -1.342045 
3063 -1.576532 
3064 -1.469323 
3065 -1.489047 
3066 -1.421830 
3067 -1.627432 
3068 -1.671028 
3069 1.579249 
3070 1.422410 
3071 1.480785 
3072 1.709848 
3073 1.315561 
3074 1.652249 
3075 1.455278 
3076 2.412075 
3077 1.354968 
3078 -0.214121 
3079 -1.603984 
3080 -2.439471 
3081 1.375543 
3082 0.097299 
3083 1.513057 
3084 1.144722 
3085 -0.656011 
3086 -2.823241 
3087 0.590308 
3088 -1.162921 
3089 -2.151199 
3090 -1.831122 
3091 0.849563 
3092 -2.712906 
3093 1.595038 
3094 0.056732 
3095 0.953074 
3096 -0.414677 
3097 -2.741887 
3098 -1.127195 
3099 -0.981472 
3100 0.362474 
3101 -1.153321 
3102 0.479526 
3103 -2.849996 
3104 -1.223260 
3105 -1.702621 
3106 -1.811805 
3107 -1.496047 
3108 1.399149 
3109 1.921158 
3110 0.341244 
3111 -2.175489 
3112 -0.691139 
3113 1.342889 
3114 1.416978 
3115 -2.440794 
3116 -1.596047 
3117 -1.121863 
3118 -1.716678 
3119 -1.614836 
3120 -1.791098 
3121 -1.847325 
3122 -1.344157 
3123 -1.245634 
3124 0.796038 
3125 0.657099 
3126 2.808141 
3127 1.327884 
3128 -1.581402 
3129 -1.422941 
3130 -1.635032 
3131 -1.469331 
3132 -2.173790 
3133 -2.089174 
3134 -1.078410 
3135 -0.570637 
3136 0.172529 
3137 -0.949130 
3138 -2.068759 
3139 -2.298214 
3140 -1.106457 
3141 -1.430172 
3142 -1.502136 
3143 -2.230622 
3144 -1.634746 
3145 -1.612262 
3146 -1.620302 
3147 -1.231180 
3148 -1.335557 
3149 -1.461260 
3150 -1.675786 
3151 -1.614023 
3152 -1.491822 
3153 -1.478699 
3154 -1.406201 
3155 -1.781814 
3156 -1.735542 
3157 -0.918011 
3158 -1.938166 
3159 -1.475762 
3160 -1.632921 
3161 -1.659114 
3162 -1.350660 
3163 -1.729224 
3164 -1.824210 
3165 -1.747820 
3166 -1.541573 
3167 -0.883739 
3168 -1.555591 
3169 -1.415098 
3170 -1.560281 
3171 -1.680108 
3172 -1.769579 
3173 -1.717884 
3174 -1.438810 
3175 -1.299750 
3176 -1.107031 
3177 -1.444050 
3178 -2.640742 
3179 0.297886 
3180 -1.679111 
3181 -2.493980 
3182 -0.546423 
3183 -0.634811 
3184 -0.998673 
3185 -0.210658 
3186 -1.880828 
3187 -2.203307 
3188 -2.125585 
3189 -0.717121 
3190 -1.213026 
3191 -1.754403 
3192 -1.561259 
3193 -1.955378 
3194 -1.382060 
3195 -1.353197 
3196 -1.374325 
3197 -1.479421 
3198 -1.479987 
3199 -1.770259 
3200 -1.549182 
3201 -1.399935 
3202 -1.680763 
3203 -1.462348 
3204 -2.082344 
3205 -1.276367 
3206 -1.448669 
3207 -1.157778 
3208 -1.513459 
3209 0.061669 
3210 -1.809083 
3211 -2.188058 
3212 0.833009 
3213 1.823706 
3214 -1.003194 
3215 2.190826 
3216 -0.016851 
3217 -1.696526 
3218 -2.278727 
3219 -1.320659 
3220 -1.527980 
3221 -1.669541 
3222 -1.241558 
3223 -1.700710 
3224 -1.782214 
3225 -1.731447 
3226 -1.300170 
3227 -1.317298 
3228 -1.252659 
3229 -1.167120 
3230 -1.459141 
3231 -2.167236 
3232 -1.695784 
3233 -2.283196 
3234 -1.105518 
3235 -0.323857 
3236 0.159667 
3237 -0.944392 
3238 -1.853009 
3239 -2.292900 
3240 -1.463569 
3241 -0.878659 
3242 -1.714660 
3243 -1.902967 
3244 -1.805426 
3245 -2.307546 
3246 -1.188897 
3247 -0.464688 
3248 0.362921 
3249 -0.969397 
3250 -1.843639 
3251 -2.278659 
3252 -1.019123 
3253 -1.906085 
3254 -1.516754 
3255 -1.723401 
3256 2.287644 
3257 1.781963 
3258 -0.725624 
3259 -0.896227 
3260 0.936298 
3261 -1.298360 
3262 -1.785645 
3263 -2.241981 
3264 -1.605358 
3265 -1.902810 
3266 -1.661845 
3267 -0.790321 
3268 -0.945850 
3269 -1.596409 
3270 -1.626574 
3271 -1.886809 
3272 -0.923579 
3273 -1.651108 
3274 -1.560716 
3275 -1.861247 
3276 -0.912556 
3277 -0.633682 
3278 -0.978951 
3279 -2.833241 
3280 0.466164 
3281 1.377171 
3282 -0.478155 
3283 -2.843931 
3284 0.556808 
3285 0.202531 
3286 -2.169252 
3287 -2.221496 
3288 -2.352972 
3289 -2.012841 
3290 -0.396046 
3291 -0.397103 
3292 -0.775448 
3293 -1.857834 
3294 -1.597254 
3295 -1.773921 
3296 -1.953473 
3297 -1.629376 
3298 -1.369687 
3299 -1.239945 
3300 -2.916727 
3301 -0.548198 
3302 -1.053067 
3303 -0.605707 
3304 -1.069917 
3305 -1.126868 
3306 -1.993406 
3307 -1.662995 
3308 -1.694173 
3309 -1.241050 
3310 -1.680887 
3311 -1.494812 
3312 -1.912265 
3313 -1.971891 
3314 -1.258551 
3315 -1.113092 
3316 -2.257913 
3317 -0.884488 
3318 1.001188 
3319 1.898011 
3320 3.091072 
3321 0.436757 
3322 -0.229180 
3323 0.546090 
3324 -0.067418 
3325 0.803212 
3326 1.519823 
3327 2.771203 
3328 2.026097 
3329 1.043526 
3330 1.440493 
3331 1.871372 
3332 0.886770 
3333 1.656044 
3334 2.497552 
3335 0.517001 
3336 1.205368 
3337 2.769425 
3338 -0.461497 
3339 -0.710610 
3340 -1.298355 
3341 -0.479334 
3342 -1.978386 
3343 -2.082468 
3344 -1.970969 
3345 -1.557904 
3346 1.957806 
3347 -0.489219 
3348 0.085298 
3349 -1.757314 
3350 -2.508829 
3351 -0.481979 
3352 -1.799006 
3353 -1.721527 
3354 -1.253946 
3355 -1.532337 
3356 0.115198 
3357 -1.216903 
3358 -1.428414 
3359 2.588558 
3360 1.788492 
3361 1.943469 
3362 1.493726 
3363 0.883972 
3364 0.925728 
3365 -1.061309 
3366 -1.483731 
3367 2.401348 
3368 2.015626 
3369 1.972546 
3370 -0.325329 
3371 1.390315 
3372 0.534766 
3373 2.097593 
3374 1.125533 
3375 1.999003 
3376 1.412259 
3377 1.553778 
3378 1.505534 
3379 1.695323 
3380 1.452689 
3381 1.283268 
3382 1.519777 
3383 1.887230 
3384 1.781060 
3385 2.002884 
3386 1.123691 
3387 1.323592 
3388 2.877493 
3389 0.890536 
3390 0.097692 
3391 -1.310369 
3392 -1.273222 
3393 -1.845930 
3394 -0.140710 
3395 -2.328847 
3396 -2.614648 
3397 1.121409 
3398 1.214229 
3399 0.389249 
3400 -0.723447 
3401 2.133675 
3402 0.940326 
3403 1.973047 
3404 0.027209 
3405 -0.939017 
3406 -2.344514 
3407 -2.076813 
3408 -2.223547 
3409 -0.599254 
3410 -1.753303 
3411 1.392365 
3412 0.051982 
3413 2.188763 
3414 -0.556676 
3415 -2.141216 
3416 2.881562 
3417 1.082065 
3418 -0.364612 
3419 1.104767 
3420 -2.273962 
3421 -1.223013 
3422 -1.271096 
3423 -1.309501 
3424 -1.562909 
3425 -1.913179 
3426 -1.934246 
3427 -0.677374 
3428 0.055983 
3429 -1.219899 
3430 1.899535 
3431 2.307270 
3432 2.423481 
3433 1.856359 
3434 0.355565 
3435 0.902893 
3436 0.905721 
3437 -1.504130 
3438 1.962452 
3439 1.634262 
3440 0.270384 
3441 1.391924 
3442 -1.472758 
3443 -2.611077 
3444 1.918942 
3445 2.301894 
3446 0.653479 
3447 -0.908357 
3448 -2.531121 
3449 -1.665794 
3450 -1.206774 
3451 0.315078 
3452 0.798518 
3453 1.412153 
3454 1.404950 
3455 2.322326 
3456 1.935032 
3457 1.281175 
3458 1.461229 
3459 1.589427 
3460 1.428765 
3461 0.518530 
3462 2.052648 
3463 1.772892 
3464 1.769766 
3465 2.129539 
3466 0.434729 
3467 1.504409 
3468 1.584768 
3469 1.658290 
3470 1.385112 
3471 1.521007 
3472 1.910055 
3473 1.700440 
3474 1.467124 
3475 0.758508 
3476 0.627453 
3477 2.025789 
3478 1.388650 
3479 2.137323 
3480 1.364213 
3481 1.263727 
3482 1.391852 
3483 2.053575 
3484 1.066840 
3485 1.974034 
3486 1.736047 
3487 1.289305 
3488 2.228082 
3489 2.138223 
3490 -0.000531 
3491 0.471980 
3492 2.644815 
3493 -0.378564 
3494 1.378065 
3495 -1.332973 
3496 0.841734 
3497 1.548888 
3498 1.729714 
3499 1.914450 
3500 1.595268 
3501 2.021851 
3502 1.407494 
3503 1.015414 
3504 -1.037349 
3505 1.307369 
3506 -1.464738 
3507 -2.443244 
3508 -1.278992 
3509 -0.411026 
3510 2.350740 
3511 1.975857 
3512 1.286361 
3513 2.197011 
3514 -1.338697 
3515 1.317493 
3516 1.859160 
3517 1.113092 
3518 1.555897 
3519 1.792134 
3520 1.204062 
3521 1.746620 
3522 1.602045 
3523 1.609429 
3524 1.365844 
3525 2.408150 
3526 0.966192 
3527 1.112266 
3528 1.887198 
3529 1.535746 
3530 1.822998 
3531 1.095935 
3532 0.863164 
3533 0.980572 
3534 1.870706 
3535 2.245656 
3536 2.846326 
3537 1.115653 
3538 -0.578609 
3539 -1.242077 
3540 0.179446 
3541 1.033484 
3542 2.604627 
3543 1.388801 
3544 0.732845 
3545 1.045072 
3546 1.920527 
3547 2.121869 
3548 2.365584 
3549 1.986748 
3550 0.819332 
3551 -0.144236 
3552 -1.728155 
3553 0.871749 
3554 -1.564792 
3555 -2.143241 
3556 -1.313532 
3557 2.258455 
3558 1.589436 
3559 0.199370 
3560 0.049788 
3561 1.602149 
3562 1.717622 
3563 2.164483 
3564 1.399310 
3565 1.250624 
3566 1.396879 
3567 1.913427 
3568 1.283718 
3569 1.718188 
3570 1.717861 
3571 1.465056 
3572 1.095483 
3573 2.086840 
3574 2.079046 
3575 -0.191755 
3576 -0.775823 
3577 1.785345 
3578 1.658054 
3579 1.754210 
3580 1.661741 
3581 1.559840 
3582 1.305354 
3583 1.571249 
3584 1.561099 
3585 1.583224 
3586 1.389683 
3587 1.670716 
3588 2.109257 
3589 2.090402 
3590 0.849150 
3591 0.314856 
3592 0.492645 
3593 1.799767 
3594 1.889285 
3595 1.577315 
3596 1.512675 
3597 1.419813 
3598 2.006243 
3599 1.099235 
3600 2.338547 
3601 -0.365946 
3602 -1.767179 
3603 -1.630286 
3604 3.011105 
3605 -0.563491 
3606 0.928332 
3607 -0.723971 
3608 0.936221 
3609 1.490233 
3610 1.666455 
3611 1.946948 
3612 1.923202 
3613 1.337060 
3614 1.014450 
3615 1.711013 
3616 1.732031 
3617 1.507547 
3618 1.511055 
3619 1.471081 
3620 1.490114 
3621 1.928050 
3622 1.628230 
3623 1.109694 
3624 0.839420 
3625 0.337828 
3626 -2.173601 
3627 -1.989943 
3628 1.589825 
3629 -2.128249 
3630 1.327113 
3631 1.199566 
3632 -1.967908 
3633 -2.061557 
3634 -1.199963 
3635 -0.589858 
3636 -2.065479 
3637 -1.458657 
3638 -1.891193 
3639 -0.482065 
3640 -0.887618 
3641 -0.033816 
3642 2.294589 
3643 2.079125 
3644 0.509584 
3645 -0.838705 
3646 2.267118 
3647 1.909497 
3648 -0.051932 
3649 0.258993 
3650 -1.523948 
3651 -2.791029 
3652 -0.746263 
3653 -0.577756 
3654 -1.664367 
3655 2.488693 
3656 -2.029603 
3657 -0.812157 
3658 -1.882499 
3659 1.506816 
3660 0.008518 
3661 2.516241 
3662 0.445856 
3663 1.851216 
3664 2.627175 
3665 0.870224 
3666 -0.209516 
3667 -1.768454 
3668 2.279526 
3669 1.825867 
3670 -0.370542 
3671 -1.524333 
3672 -1.483393 
3673 -2.670095 
3674 -0.927478 
3675 0.492790 
3676 -2.013089 
3677 -2.492246 
3678 0.108158 
3679 0.085211 
3680 0.553970 
3681 -1.468649 
3682 -1.701701 
3683 -2.112851 
3684 -0.755679 
3685 -2.586697 
3686 -0.661445 
3687 -1.616524 
3688 1.293588 
3689 1.460420 
3690 1.514152 
3691 -2.076737 
3692 -1.122347 
3693 0.863077 
3694 1.804588 
3695 2.362168 
3696 1.068159 
3697 -2.391313 
3698 -1.767706 
3699 -0.805145 
3700 0.157131 
3701 1.837745 
3702 1.026155 
3703 -2.328671 
3704 0.117418 
3705 -0.200410 
3706 2.245087 
3707 2.174907 
3708 1.658901 
3709 1.409572 
3710 1.539099 
3711 1.472755 
3712 1.777826 
3713 1.214482 
3714 2.424258 
3715 -0.157470 
3716 -0.652357 
3717 -1.662795 
3718 -1.791474 
3719 -1.707002 
3720 -1.137418 
3721 -1.462685 
3722 -1.756811 
3723 -1.674812 
3724 -2.769624 
3725 -1.032124 
3726 -0.393024 
3727 1.254115 
3728 2.205997 
3729 0.834392 
3730 -0.164824 
3731 2.129158 
3732 1.606592 
3733 0.986263 
3734 1.557502 
3735 1.912089 
3736 1.130869 
3737 1.790314 
3738 1.617171 
3739 1.505102 
3740 2.377515 
3741 1.758641 
3742 1.108819 
3743 -0.374570 
3744 -1.773287 
3745 -1.398515 
3746 -1.435315 
3747 -1.772423 
3748 0.701247 
3749 1.885245 
3750 1.647128 
3751 1.823118 
3752 1.647348 
3753 1.907813 
3754 1.873620 
3755 -0.206629 
3756 1.943693 
3757 0.901360 
3758 1.480641 
3759 1.708982 
3760 1.276554 
3761 1.663141 
3762 1.876340 
3763 1.239566 
3764 1.593643 
3765 1.368038 
3766 1.615470 
3767 1.515891 
3768 1.918368 
3769 1.438541 
3770 -0.834358 
3771 1.856830 
3772 0.619497 
3773 -1.628481 
3774 1.687074 
3775 2.230222 
3776 0.755034 
3777 -0.022727 
3778 -1.067388 
3779 -2.919633 
3780 0.768425 
3781 0.217120 
3782 -1.120532 
3783 -2.911888 
3784 -1.833909 
3785 -2.394586 
3786 -0.582605 
3787 0.313406 
3788 2.438923 
3789 1.724043 
3790 -1.198593 
3791 0.993227 
3792 -0.751397 
3793 1.540629 
3794 1.638771 
3795 1.913930 
3796 0.203265 
3797 -0.329740 
3798 1.915249 
3799 2.612909 
3800 -0.082042 
3801 -1.131006 
3802 1.613802 
3803 2.471433 
3804 -2.346427 
3805 -1.251478 
3806 -1.600859 
3807 0.884784 
3808 1.867684 
3809 1.942613 
3810 0.587662 
3811 1.521636 
3812 1.370267 
3813 0.768570 
3814 2.097359 
3815 1.827605 
3816 2.166746 
3817 1.317262 
3818 0.864242 
3819 1.668608 
3820 1.322152 
3821 0.483658 
3822 -1.697861 
3823 -2.337532 
3824 -1.115960 
3825 -2.049557 
3826 -1.722469 
3827 -1.280543 
3828 1.944331 
3829 1.443439 
3830 -0.767567 
3831 1.972077 
3832 0.880872 
3833 0.386652 
3834 2.644637 
3835 1.465196 
3836 1.763098 
3837 0.990613 
3838 1.635943 
3839 1.878827 
3840 1.437152 
3841 1.557286 
3842 1.630115 
3843 1.525567 
3844 1.274105 
3845 1.540439 
3846 1.902419 
3847 1.281985 
3848 1.872029 
3849 -1.644129 
3850 1.584998 
3851 1.091109 
3852 1.486095 
3853 1.441213 
3854 1.190392 
3855 1.968697 
3856 1.450726 
3857 1.737030 
3858 1.318167 
3859 1.470797 
3860 2.228945 
3861 1.680184 
3862 1.387458 
3863 0.621446 
3864 2.161542 
3865 -2.047848 
3866 -0.701550 
3867 1.027730 
3868 2.565833 
3869 1.555648 
3870 -0.133535 
3871 -1.215510 
3872 0.153383 
3873 2.111769 
3874 1.803151 
3875 1.249551 
3876 1.877233 
3877 1.838537 
3878 -0.851339 
3879 1.440314 
3880 2.422889 
3881 1.528943 
3882 1.205336 
3883 0.492127 
3884 -0.185922 
3885 -0.861293 
3886 2.557528 
3887 1.584208 
3888 1.689700 
3889 1.517765 
3890 1.410751 
3891 1.530689 
3892 -0.255000 
3893 1.335454 
3894 0.910409 
3895 2.697516 
3896 1.956702 
3897 2.170503 
3898 0.724585 
3899 0.671770 
3900 1.526393 
3901 1.907065 
3902 1.577782 
3903 1.180628 
3904 1.653112 
3905 1.478296 
3906 0.972830 
3907 -1.976072 
3908 2.667531 
3909 1.198314 
3910 0.866003 
3911 0.490840 
3912 0.456963 
3913 -1.399946 
3914 -1.901595 
3915 -1.956731 
3916 -1.826732 
3917 1.003701 
3918 1.247730 
3919 -1.857236 
3920 1.438268 
3921 1.607492 
3922 1.383312 
3923 1.615307 
3924 0.867846 
3925 0.424621 
3926 -2.086165 
3927 -2.124715 
3928 -2.457732 
3929 -1.768628 
3930 0.883651 
3931 0.258836 
3932 -0.640989 
3933 1.465314 
3934 2.770252 
3935 0.432026 
3936 -1.504049 
3937 1.816105 
3938 1.908626 
3939 0.838699 
3940 -0.469775 
3941 -1.991131 
3942 -2.193907 
3943 -1.052761 
3944 -1.624113 
3945 -1.407891 
3946 -1.645768 
3947 -1.236557 
3948 -2.669214 
3949 -1.530098 
3950 -0.838729 
3951 -0.488908 
3952 -2.594217 
3953 -1.602238 
3954 -0.702751 
3955 -0.205020 
3956 1.242127 
3957 2.351096 
3958 -0.204019 
3959 -1.864656 
3960 -2.494768 
3961 -1.345288 
3962 -1.042847 
3963 -1.263030 
3964 -0.150554 
3965 0.882324 
3966 1.588956 
3967 2.646186 
3968 1.097375 
3969 0.017439 
3970 2.602015 
3971 1.442323 
3972 1.972447 
3973 1.257439 
3974 1.642947 
3975 1.166206 
3976 2.791172 
3977 1.557499 
3978 0.570266 
3979 0.009467 
3980 1.345717 
3981 1.772203 
3982 2.121072 
3983 0.730106 
3984 1.177686 
3985 1.719799 
3986 2.409730 
3987 0.052785 
3988 -1.910273 
3989 1.367843 
3990 -0.956594 
3991 -1.861153 
3992 -1.650461 
3993 -2.117369 
3994 1.136308 
3995 1.125574 
3996 1.052272 
3997 -1.821587 
3998 -1.731168 
3999 -1.253543 
4000 -1.902676 
4001 -1.665857 
4002 -1.912025 
4003 -0.582858 
4004 0.339068 
4005 2.847196 
4006 1.197748 
4007 -0.157960 
4008 -2.857751 
4009 -0.279597 
4010 -0.966483 
4011 -0.853087 
4012 -1.666579 
4013 -0.912818 
4014 -0.874214 
4015 2.507594 
4016 1.028538 
4017 -2.264939 
4018 -1.793849 
4019 0.532552 
4020 0.560087 
4021 -0.710249 
4022 -2.861540 
4023 -1.149358 
4024 -2.581854 
4025 -1.464097 
4026 1.313951 
4027 0.031127 
4028 0.384643 
4029 1.334579 
4030 2.895763 
4031 0.239470 
4032 1.962289 
4033 2.296436 
4034 0.644160 
4035 0.358447 
4036 1.678980 
4037 2.242385 
4038 1.370526 
4039 0.955502 
4040 1.575267 
4041 -0.137923 
4042 1.910767 
4043 1.828855 
4044 1.810450 
4045 0.433474 
4046 1.118458 
4047 2.260891 
4048 2.208421 
4049 1.268006 
4050 1.274100 
4051 1.277937 
4052 1.151608 
4053 1.169578 
4054 1.788360 
4055 1.759780 
4056 1.549866 
4057 1.421914 
4058 1.503872 
4059 1.689765 
4060 1.819216 
4061 1.729896 
4062 1.044280 
4063 1.437915 
4064 1.261728 
4065 1.908555 
4066 2.049540 
4067 0.222470 
4068 0.357324 
4069 1.165543 
4070 1.912923 
4071 2.147224 
4072 2.035739 
4073 1.583293 
4074 1.252283 
4075 1.097609 
4076 1.471902 
4077 1.671073 
4078 1.584305 
4079 1.562553 
4080 1.170695 
4081 1.673980 
4082 1.744534 
4083 1.423377 
4084 2.884525 
4085 1.044545 
4086 -0.310400 
4087 -0.905334 
4088 -1.457798 
4089 -1.298150 
4090 -1.721840 
4091 -1.625789 
4092 -1.801507 
4093 -1.537960 
4094 -1.392054 
4095 -1.390108 
4096 -1.665252 
4097 -1.102449 
4098 -1.525983 
4099 -1.685059 
4100 -1.549703 
4101 -1.717351 
4102 -2.037755 
4103 0.036161 
4104 -1.101161 
4105 -3.007672 
4106 -0.436157 
4107 0.358665 
4108 1.266041 
4109 2.185851 
4110 1.710060 
4111 1.358896 
4112 0.289035 
4113 0.334269 
4114 -0.267715 
4115 -3.087462 
4116 -0.816786 
4117 -3.007710 
4118 -0.288975 
4119 -0.674939 
4120 -1.505865 
4121 -1.331374 
4122 -1.371546 
4123 -2.072193 
4124 -1.058643 
4125 -1.756756 
4126 -2.311130 
4127 0.422110 
4128 1.244722 
4129 1.604841 
4130 1.841490 
4131 1.143619 
4132 1.766740 
4133 1.952306 
4134 1.045596 
4135 1.157224 
4136 1.152513 
4137 0.855783 
4138 2.024969 
4139 1.873470 
4140 3.027781 
4141 1.329993 
4142 0.399497 
4143 0.207574 
4144 0.006860 
4145 0.442983 
4146 0.041094 
4147 3.222147 
4148 2.640639 
4149 1.118907 
4150 1.217398 
4151 0.263698 
4152 -0.723740 
4153 -2.156804 
4154 2.167570 
4155 -0.943256 
4156 -0.226718 
4157 0.430825 
4158 -2.515444 
4159 -1.992342 
4160 -1.908569 
4161 -1.454275 
4162 -1.140223 
4163 -1.557720 
4164 -1.740169 
4165 -1.684006 
4166 -1.544776 
4167 -1.222767 
4168 -1.661442 
4169 -1.379187 
4170 -1.843591 
4171 -1.366264 
4172 -1.845988 
4173 -2.277634 
4174 -0.712205 
4175 -0.740157 
4176 0.751981 
4177 -2.476872 
4178 -1.596097 
4179 1.166052 
4180 -0.044542 
4181 1.789109 
4182 1.166499 
4183 2.299060 
4184 3.100346 
4185 0.202377 
4186 -0.425570 
4187 0.941701 
4188 -1.296901 
4189 -2.625281 
4190 -1.389743 
4191 0.364722 
4192 -0.356071 
4193 -0.620656 
4194 0.749838 
4195 -3.076987 
4196 -1.595866 
4197 1.972727 
4198 1.756832 
4199 0.169847 
4200 -1.244408 
4201 -1.656279 
4202 -2.044063 
4203 -1.363881 
4204 -1.377125 
4205 -0.397174 
4206 -2.536618 
4207 -1.541107 
4208 -0.862671 
4209 -0.758320 
4210 -2.916630 
4211 -1.112535 
4212 -1.330987 
4213 -1.307766 
4214 -0.620944 
4215 -2.516576 
4216 -2.165057 
4217 -1.841771 
4218 -1.311152 
4219 0.133219 
4220 -0.580957 
4221 -0.402466 
4222 -3.082253 
4223 -1.161655 
4224 -1.561984 
4225 -1.468779 
4226 -1.690372 
4227 -1.374479 
4228 -1.184986 
4229 -1.603556 
4230 -1.884954 
4231 -1.412247 
4232 -1.547779 
4233 -1.831865 
4234 -0.969996 
4235 -1.659292 
4236 -1.513500 
4237 -1.823513 
4238 -1.676274 
4239 -1.033037 
4240 -0.965184 
4241 -0.642366 
4242 -2.266920 
4243 -1.809328 
4244 -0.713160 
4245 0.158816 
4246 -1.406812 
4247 -2.943322 
4248 0.221519 
4249 -0.614578 
4250 2.394563 
4251 2.034089 
4252 1.153829 
4253 1.768016 
4254 2.148774 
4255 -0.580798 
4256 -1.764006 
4257 -1.404084 
4258 -0.716115 
4259 -2.017812 
4260 -2.676161 
4261 -0.799322 
4262 -0.573869 
4263 1.404340 
4264 2.269895 
4265 1.948137 
4266 1.024181 
4267 -0.231883 
4268 -0.238570 
4269 -1.552933 
4270 -2.400057 
4271 -1.377098 
4272 -1.484028 
4273 -1.553322 
4274 -1.697504 
4275 -1.373502 
4276 -0.792516 
4277 -1.882772 
4278 -1.132831 
4279 -2.181302 
4280 0.491723 
4281 1.936778 
4282 1.909637 
4283 1.522812 
4284 -1.123569 
4285 2.055959 
4286 1.790845 
4287 0.640043 
4288 1.019952 
4289 1.794028 
4290 2.082572 
4291 -0.798564 
4292 -1.511441 
4293 -1.547775 
4294 -1.415092 
4295 -1.537587 
4296 -1.387380 
4297 -1.615296 
4298 -1.422312 
4299 -1.575445 
4300 -1.759910 
4301 -1.380476 
4302 -1.550496 
4303 -1.522526 
4304 -1.724243 
4305 -1.409597 
4306 -0.902475 
4307 -1.967788 
4308 -2.809076 
4309 -1.017494 
4310 0.095082 
4311 -1.150888 
4312 0.532939 
4313 1.432922 
4314 2.769682 
4315 -0.100496 
4316 0.585348 
4317 1.707495 
4318 1.333275 
4319 2.137964 
4320 1.589701 
4321 1.470343 
4322 1.544227 
4323 1.431357 
4324 1.614642 
4325 1.517519 
4326 1.573175 
4327 1.419000 
4328 1.476396 
4329 1.491940 
4330 1.747612 
4331 1.397924 
4332 1.482815 
4333 1.567424 
4334 1.541501 
4335 1.554145 
4336 1.112019 
4337 1.442860 
4338 1.746415 
4339 1.641574 
4340 2.140471 
4341 1.130204 
4342 1.457559 
4343 1.494982 
4344 0.219420 
4345 0.138474 
4346 2.495243 
4347 1.823584 
4348 1.371911 
4349 1.366533 
4350 1.632702 
4351 1.651457 
4352 2.451550 
4353 1.074705 
4354 1.789114 
4355 0.240258 
4356 1.282829 
4357 1.446935 
4358 1.417138 
4359 1.770397 
4360 2.215208 
4361 -1.117392 
4362 -1.831989 
4363 0.811277 
4364 0.997049 
4365 2.698518 
4366 1.466727 
4367 -0.249657 
4368 1.061136 
4369 -1.296361 
4370 1.235386 
4371 2.469135 
4372 1.522279 
4373 1.692826 
4374 1.662938 
4375 1.178836 
4376 1.341083 
4377 -2.639548 
4378 -1.013993 
4379 -0.092897 
4380 0.581289 
4381 0.614441 
4382 1.699179 
4383 2.590221 
4384 1.773374 
4385 2.275971 
4386 0.574621 
4387 1.001680 
4388 1.002347 
4389 2.369136 
4390 1.709086 
4391 -1.165321 
4392 -0.443228 
4393 -1.198066 
4394 -2.006504 
4395 -1.914071 
4396 -2.745916 
4397 -1.111211 
4398 1.162466 
4399 0.216925 
4400 -1.719859 
4401 -1.367844 
4402 -1.404178 
4403 -1.850130 
4404 -1.471923 
4405 -1.242156 
4406 -1.154653 
4407 -2.127480 
4408 -1.280712 
4409 -1.029762 
4410 2.155619 
4411 1.637333 
4412 0.990791 
4413 1.858648 
4414 1.620865 
4415 1.539805 
4416 1.911027 
4417 1.612437 
4418 1.753157 
4419 0.886681 
4420 2.469842 
4421 1.508322 
4422 1.285178 
4423 0.597376 
4424 0.070042 
4425 0.472998 
4426 0.064955 
4427 -3.209189 
4428 1.278008 
4429 0.979136 
4430 -0.716238 
4431 -2.752374 
4432 -1.260933 
4433 0.102840 
4434 -1.833854 
4435 -2.232842 
4436 -0.540721 
4437 -1.159817 
4438 -1.513029 
4439 -2.602429 
4440 -2.255485 
4441 -0.801206 
4442 -0.330131 
4443 -1.925296 
4444 -1.932621 
4445 -2.029441 
4446 -1.052902 
4447 -0.860221 
4448 -0.293824 
4449 -1.116556 
4450 -1.662494 
4451 -2.484114 
4452 -1.645719 
4453 -1.866837 
4454 -1.144341 
4455 -1.304678 
4456 -0.526004 
4457 0.770837 
4458 1.688419 
4459 2.478969 
4460 2.323110 
4461 1.918656 
4462 -0.482131 
4463 -1.110665 
4464 1.076710 
4465 1.166715 
4466 1.864695 
4467 1.887626 
4468 1.661328 
4469 1.436849 
4470 1.521168 
4471 1.376446 
4472 0.002483 
4473 1.638520 
4474 1.847751 
4475 1.892379 
4476 1.486079 
4477 1.605560 
4478 1.631858 
4479 1.302810 
4480 1.521212 
4481 1.449888 
4482 1.677048 
4483 1.583422 
4484 0.388755 
4485 1.711571 
4486 2.084191 
4487 1.626257 
4488 -0.529357 
4489 -1.065647 
4490 2.292060 
4491 1.859689 
4492 -0.144763 
4493 2.142079 
4494 1.823617 
4495 -1.483340 
4496 -1.445322 
4497 0.003226 
4498 0.914233 
4499 2.812461 
4500 1.702137 
4501 1.471049 
4502 1.418421 
4503 1.376616 
4504 1.789978 
4505 1.424458 
4506 1.569941 
4507 1.138376 
4508 1.614915 
4509 1.578887 
4510 1.426915 
4511 1.533317 
4512 1.229985 
4513 1.803757 
4514 1.606192 
4515 1.482616 
4516 -0.122343 
4517 -0.026241 
4518 1.774405 
4519 2.513082 
4520 -1.800217 
4521 -1.764408 
4522 -0.951636 
4523 -1.254832 
4524 2.405791 
4525 2.063648 
4526 -0.509165 
4527 -0.275235 
4528 1.952873 
4529 2.053103 
4530 -0.669586 
4531 -1.164446 
4532 -1.529501 
4533 -1.623208 
4534 -1.848727 
4535 -1.047186 
4536 1.632007 
4537 2.119490 
4538 1.198168 
4539 0.966113 
4540 0.015536 
4541 0.781239 
4542 -2.182588 
4543 -2.138533 
4544 0.932716 
4545 0.198336 
4546 -1.552341 
4547 -2.651511 
4548 -1.886088 
4549 -2.424950 
4550 0.502956 
4551 0.626363 
4552 -1.702505 
4553 -0.694617 
4554 -2.116925 
4555 -1.469944 
4556 -1.596449 
4557 -1.543381 
4558 -1.346644 
4559 -1.749258 
4560 -2.961606 
4561 -1.456757 
4562 0.466725 
4563 0.053680 
4564 0.323898 
4565 0.681184 
4566 -2.233489 
4567 -1.970406 
4568 1.360839 
4569 0.268755 
4570 -1.611715 
4571 -2.108078 
4572 -0.999304 
4573 -0.954380 
4574 2.273215 
4575 1.908936 
4576 -1.805525 
4577 -1.547612 
4578 -1.343296 
4579 -1.426920 
4580 -1.279436 
4581 -0.913350 
4582 -1.891029 
4583 -1.812875 
4584 1.213718 
4585 2.471598 
4586 -1.603348 
4587 -0.908938 
4588 1.735305 
4589 1.875133 
4590 -1.614489 
4591 -0.537945 
4592 1.779326 
4593 0.827007 
4594 1.605251 
4595 1.729231 
4596 -0.302248 
4597 -0.177913 
4598 -2.387839 
4599 -1.792542 
4600 0.373150 
4601 2.775250 
4602 0.996613 
4603 0.995536 
4604 -2.099527 
4605 -1.957184 
4606 -0.882152 
4607 -0.955962 
4608 -1.445786 
4609 -1.444198 
4610 -1.773490 
4611 -1.724070 
4612 2.023020 
4613 1.507184 
4614 1.261232 
4615 1.033414 
4616 -0.871021 
4617 1.639921 
4618 2.242753 
4619 1.237345 
4620 -1.492319 
4621 -1.561810 
4622 0.542877 
4623 2.058484 
4624 0.566671 
4625 0.817871 
4626 -2.004302 
4627 -2.272062 
4628 0.202239 
4629 0.584175 
4630 2.740500 
4631 1.460105 
4632 1.492046 
4633 1.934292 
4634 -1.133449 
4635 -1.625047 
4636 1.139377 
4637 1.987831 
4638 -1.345525 
4639 -1.538178 
4640 1.678101 
4641 1.355013 
4642 -1.067350 
4643 -2.029555 
4644 0.958842 
4645 1.755726 
4646 2.203086 
4647 0.668170 
4648 0.771975 
4649 1.002377 
4650 1.943315 
4651 1.940794 
4652 -0.661157 
4653 -1.712177 
4654 -1.958335 
4655 -1.427147 
4656 1.701830 
4657 0.978561 
4658 1.136832 
4659 2.042158 
4660 -1.073853 
4661 -0.851948 
4662 2.019185 
4663 1.973023 
4664 -1.489451 
4665 1.513722 
4666 2.054731 
4667 1.187187 
4668 -0.093485 
4669 0.217203 
4670 -2.015083 
4671 -2.440391 
4672 -1.451365 
4673 -2.713480 
4674 0.771701 
4675 0.512185 
4676 1.448194 
4677 2.083297 
4678 1.535727 
4679 1.336061 
4680 0.789549 
4681 1.329597 
4682 1.627314 
4683 2.048742 
4684 -1.241071 
4685 -2.165373 
4686 0.951657 
4687 1.692087 
4688 1.737049 
4689 1.701824 
4690 1.399085 
4691 1.221029 
4692 1.044018 
4693 -2.248373 
4694 -0.435464 
4695 2.023211 
4696 1.777058 
4697 2.435321 
4698 -0.069777 
4699 1.023586 
4700 1.492619 
4701 1.693724 
4702 1.059198 
4703 1.595010 
4704 1.142034 
4705 1.589303 
4706 2.402355 
4707 0.620625 
4708 -2.186870 
4709 -1.464902 
4710 -1.036659 
4711 -1.235199 
4712 -1.661675 
4713 -1.560857 
4714 1.730683 
4715 1.303916 
4716 -1.083316 
4717 -0.042693 
4718 1.929814 
4719 2.138049 
4720 1.846339 
4721 2.480753 
4722 0.225595 
4723 -0.225202 
4724 -1.207821 
4725 -1.340307 
4726 1.708508 
4727 1.755969 
4728 -1.117936 
4729 -1.282188 
4730 1.831814 
4731 1.633891 
4732 1.999634 
4733 2.314249 
4734 -0.047168 
4735 -0.777212 
4736 1.685897 
4737 2.598883 
4738 0.454003 
4739 0.672949 
4740 2.497738 
4741 1.857030 
4742 -0.188853 
4743 -0.425104 
4744 -2.045576 
4745 -2.178621 
4746 -0.972964 
4747 -0.433537 
4748 0.872370 
4749 0.542373 
4750 2.055874 
4751 2.058347 
4752 -1.005818 
4753 -1.220051 
4754 2.517462 
4755 0.934445 
4756 1.772532 
4757 1.653587 
4758 1.160094 
4759 1.588718 
4760 0.574236 
4761 0.937861 
4762 1.777674 
4763 2.268751 
4764 1.496134 
4765 0.769957 
4766 1.791703 
4767 1.938879 
4768 1.861833 
4769 1.843450 
4770 1.311429 
4771 1.170107 
4772 1.357311 
4773 1.274367 
4774 -1.765564 
4775 -1.776813 
4776 -1.193117 
4777 -1.300542 
4778 1.080182 
4779 2.232689 
4780 -2.142907 
4781 -1.861817 
4782 1.231231 
4783 0.534277 
4784 2.113893 
4785 2.174224 
4786 0.725751 
4787 0.088781 
4788 -1.270519 
4789 -1.642768 
4790 -1.669212 
4791 -1.517713 
4792 -2.385772 
4793 -1.825334 
4794 0.834995 
4795 -0.525539 
4796 -1.780521 
4797 -2.258369 
4798 -0.304000 
4799 1.103027 
4800 -1.041882 
4801 -2.546741 
4802 0.582490 
4803 1.495158 
4804 0.255127 
4805 0.809367 
4806 2.221403 
4807 2.027340 
4808 1.716050 
4809 1.749533 
4810 1.150707 
4811 1.526479 
4812 1.186840 
4813 1.472920 
4814 2.136032 
4815 1.307541 
4816 -1.706065 
4817 -1.936697 
4818 -1.175960 
4819 -1.344004 
4820 -1.476028 
4821 -1.898878 
4822 -1.186580 
4823 -1.777603 
