3072 1
0 -2.822790 
1 -0.959630 
2 -0.732143 
3 -0.506066 
4 -1.025396 
5 -0.779931 
6 -1.662074 
7 -2.135617 
8 -2.111690 
9 -0.965803 
10 -1.740104 
11 -0.710986 
12 -1.433676 
13 -1.103239 
14 -0.905407 
15 -2.143142 
16 -1.992413 
17 -1.585325 
18 -1.014637 
19 -1.115233 
20 -1.397657 
21 -1.561792 
22 -1.823894 
23 -0.964714 
24 -1.185797 
25 -1.288178 
26 -1.500402 
27 -1.829553 
28 -1.223605 
29 -1.886636 
30 -1.290516 
31 -1.411903 
32 -1.356573 
33 -1.580094 
34 -1.358221 
35 -1.505557 
36 -1.607091 
37 -1.498283 
38 -1.812109 
39 -0.639465 
40 -1.244596 
41 -0.854823 
42 -1.506602 
43 -2.059667 
44 -2.464627 
45 -0.941291 
46 -1.054250 
47 -0.906721 
48 -1.387594 
49 -2.018909 
50 -1.394350 
51 -0.912243 
52 -1.963906 
53 -1.222272 
54 -1.642866 
55 -0.939187 
56 -1.327524 
57 -1.173845 
58 -1.845126 
59 -1.352623 
60 -1.360868 
61 -1.701550 
62 -1.313935 
63 -1.318324 
64 -2.167283 
65 -2.090005 
66 -0.443920 
67 -0.266884 
68 -1.233379 
69 -1.796677 
70 -1.347075 
71 -1.414409 
72 -1.096782 
73 -1.691899 
74 -1.971830 
75 -0.779775 
76 -1.967795 
77 -0.606711 
78 -2.084902 
79 -0.759399 
80 -1.782334 
81 -1.444364 
82 -1.774343 
83 -0.653107 
84 -2.050619 
85 -1.725145 
86 -1.214049 
87 -0.501248 
88 -1.049187 
89 -1.365825 
90 -2.206293 
91 -0.938820 
92 -2.433367 
93 -0.425539 
94 -1.739326 
95 -0.771440 
96 -2.351421 
97 -0.725644 
98 -1.270925 
99 -1.337515 
100 -1.438330 
101 -1.686034 
102 -1.862594 
103 -0.650963 
104 -1.624694 
105 -0.690039 
106 -1.742523 
107 -1.587984 
108 -2.266213 
109 -1.980804 
110 -0.692281 
111 -0.245042 
112 -1.841180 
113 -1.717342 
114 -1.366648 
115 -0.684150 
116 -1.525721 
117 -1.402490 
118 -1.836426 
119 -0.876672 
120 -1.928447 
121 -1.091006 
122 -1.887820 
123 -0.578054 
124 -1.266676 
125 -0.885549 
126 -0.643209 
127 -2.494109 
128 -1.867275 
129 -1.722949 
130 -1.287857 
131 -0.807901 
132 -1.497299 
133 -1.606912 
134 -1.252087 
135 -1.473351 
136 -1.403069 
137 -1.041011 
138 -2.260103 
139 -0.942486 
140 -1.245112 
141 -1.530625 
142 -1.303732 
143 -1.784512 
144 -1.809904 
145 -1.709206 
146 -1.131739 
147 -1.049577 
148 -1.611910 
149 -1.083421 
150 -1.616408 
151 -1.496375 
152 -1.715227 
153 -1.409857 
154 -0.996745 
155 -1.616800 
156 -1.584005 
157 -1.681774 
158 -1.163154 
159 -1.364238 
160 -1.542657 
161 -1.600133 
162 -1.267572 
163 -1.472288 
164 -1.217993 
165 -1.471524 
166 -2.043091 
167 -1.048941 
168 -1.341667 
169 -0.904952 
170 -1.231955 
171 -2.220417 
172 -1.967782 
173 -1.651012 
174 -0.847777 
175 -1.143525 
176 -1.086792 
177 -1.964591 
178 -1.267006 
179 -1.385526 
180 -1.272749 
181 -1.432182 
182 -1.909920 
183 -1.138062 
184 -1.493408 
185 -1.374744 
186 -1.543249 
187 -1.276485 
188 -1.748788 
189 -1.321530 
190 -1.426331 
191 -1.284402 
192 -2.011737 
193 -1.992988 
194 -0.477270 
195 -0.860866 
196 -0.886251 
197 -0.602365 
198 -2.493297 
199 -1.296350 
200 -2.860601 
201 -0.551717 
202 -0.793286 
203 -0.706950 
204 -0.578158 
205 -0.364737 
206 -0.649030 
207 -3.040805 
208 -2.628765 
209 -1.425032 
210 -0.588779 
211 -0.576891 
212 -2.220055 
213 -0.664179 
214 -1.899484 
215 -0.543371 
216 -1.144516 
217 -0.546776 
218 -0.761844 
219 -2.664709 
220 -2.263027 
221 -1.892040 
222 -0.734263 
223 -0.266034 
224 -2.177446 
225 -0.806800 
226 -1.872158 
227 -0.737433 
228 -2.604546 
229 -0.534045 
230 -1.594558 
231 -0.450428 
232 -0.870806 
233 -0.648443 
234 -2.156754 
235 -1.798604 
236 -2.844568 
237 -0.949016 
238 -0.330464 
239 -0.757488 
240 -1.296244 
241 -0.799501 
242 -0.778103 
243 -2.508403 
244 -1.911131 
245 -1.514341 
246 -1.628423 
247 -0.484853 
248 -2.191457 
249 -0.648437 
250 -1.493518 
251 -1.199673 
252 -1.192004 
253 -0.744460 
254 -0.891212 
255 -2.426351 
256 -1.780475 
257 -1.755767 
258 -1.354857 
259 -0.711878 
260 -1.598447 
261 -1.549371 
262 -1.554416 
263 -1.250278 
264 -1.471182 
265 -1.476151 
266 -1.682620 
267 -1.110029 
268 -1.611406 
269 -1.540030 
270 -1.052486 
271 -1.633304 
272 -1.780431 
273 -1.473369 
274 -1.458891 
275 -1.019184 
276 -1.709808 
277 -1.283749 
278 -1.931767 
279 -0.846255 
280 -1.460789 
281 -0.851875 
282 -1.849680 
283 -1.535708 
284 -2.086293 
285 -1.725004 
286 -0.809083 
287 -0.989352 
288 -1.696503 
289 -1.525154 
290 -1.117879 
291 -1.611287 
292 -1.469460 
293 -1.608532 
294 -1.568717 
295 -1.186563 
296 -2.431988 
297 -0.728351 
298 -0.971275 
299 -1.395484 
300 -1.729279 
301 -1.338237 
302 -1.479282 
303 -1.285775 
304 -1.594123 
305 -1.818109 
306 -1.161456 
307 -1.171386 
308 -2.034759 
309 -1.176851 
310 -1.569147 
311 -0.992470 
312 -1.100022 
313 -1.665792 
314 -1.741443 
315 -1.191524 
316 -0.950960 
317 -1.207225 
318 -1.247707 
319 -2.116698 
320 -2.671166 
321 -0.836462 
322 -1.251111 
323 -0.434869 
324 -1.581194 
325 -0.869483 
326 -0.831470 
327 -2.258361 
328 -1.537856 
329 -0.622368 
330 -2.283165 
331 -0.935078 
332 -2.706585 
333 -0.694636 
334 -0.962504 
335 -0.966332 
336 -1.595972 
337 -0.834189 
338 -1.074555 
339 -2.192404 
340 -2.054623 
341 -0.480418 
342 -2.141963 
343 -0.591460 
344 -2.907758 
345 -0.701794 
346 -0.656316 
347 -0.774053 
348 -1.813243 
349 -0.696727 
350 -0.514742 
351 -2.288543 
352 -2.534367 
353 -1.068260 
354 -0.803330 
355 -1.131208 
356 -2.619059 
357 -0.750290 
358 -1.150086 
359 -0.655148 
360 -0.653338 
361 -0.311318 
362 -0.927717 
363 -2.878261 
364 -2.164714 
365 -1.711464 
366 -0.837397 
367 -0.620352 
368 -2.367301 
369 -1.418543 
370 -0.913808 
371 -0.816711 
372 -1.957319 
373 -0.777898 
374 -1.929379 
375 -0.955287 
376 -1.765666 
377 -0.690675 
378 -1.581561 
379 -1.568002 
380 -2.039813 
381 -0.779567 
382 -0.427084 
383 -2.044981 
384 -1.213145 
385 -2.036326 
386 -1.633461 
387 -0.500966 
388 -1.523202 
389 -1.053592 
390 -2.061306 
391 -0.884078 
392 -1.982409 
393 -0.796332 
394 -1.885958 
395 -0.669222 
396 -1.089339 
397 -1.611132 
398 -0.910125 
399 -1.952154 
400 -1.868082 
401 -1.543628 
402 -1.337152 
403 -1.060616 
404 -1.043689 
405 -1.369662 
406 -1.816829 
407 -1.498708 
408 -1.743268 
409 -1.032407 
410 -1.221452 
411 -1.690684 
412 -1.615368 
413 -1.703781 
414 -1.121251 
415 -1.337364 
416 -1.327188 
417 -1.564406 
418 -1.261656 
419 -1.752936 
420 -1.613174 
421 -1.710201 
422 -1.718132 
423 -0.534998 
424 -0.944621 
425 -0.590517 
426 -1.860876 
427 -2.005586 
428 -2.035716 
429 -1.524360 
430 -0.976918 
431 -1.058551 
432 -1.665631 
433 -1.858389 
434 -1.218151 
435 -1.007696 
436 -1.372356 
437 -1.227191 
438 -1.755452 
439 -1.421221 
440 -1.011414 
441 -1.083605 
442 -1.441205 
443 -2.080139 
444 -1.554507 
445 -1.807760 
446 -0.943850 
447 -1.461367 
448 -1.466548 
449 -2.582075 
450 -0.554199 
451 -0.568487 
452 -0.711606 
453 -1.962222 
454 -1.992848 
455 -0.735728 
456 -2.372612 
457 -0.408267 
458 -1.914343 
459 -0.416064 
460 -0.690139 
461 -0.890141 
462 -1.451154 
463 -2.362989 
464 -2.299555 
465 -0.781612 
466 -1.790452 
467 -0.593645 
468 -1.912171 
469 -1.992437 
470 -1.135063 
471 -0.239398 
472 -2.195627 
473 -0.395070 
474 -2.027465 
475 -0.713183 
476 -2.439465 
477 -0.877003 
478 -1.484307 
479 -0.590405 
480 -2.011147 
481 -2.156667 
482 -0.750327 
483 -0.474875 
484 -2.217362 
485 -0.708914 
486 -1.598221 
487 -0.931599 
488 -2.279343 
489 -0.551431 
490 -1.846678 
491 -0.592042 
492 -1.556708 
493 -1.704676 
494 -0.631983 
495 -1.771835 
496 -1.939794 
497 -2.257856 
498 -0.546719 
499 -0.599998 
500 -2.387417 
501 -0.592294 
502 -1.646323 
503 -0.847911 
504 -1.278826 
505 -1.929280 
506 -1.512962 
507 -0.901801 
508 -0.777617 
509 -1.203862 
510 -2.363013 
511 -1.039513 
512 -1.891851 
513 -1.792347 
514 -1.181961 
515 -0.755210 
516 -1.453593 
517 -1.622782 
518 -1.427616 
519 -1.338323 
520 -1.037725 
521 -1.196178 
522 -2.032985 
523 -1.492937 
524 -1.485085 
525 -1.281927 
526 -1.227796 
527 -1.923222 
528 -1.815567 
529 -1.877157 
530 -1.171008 
531 -0.712579 
532 -1.534682 
533 -1.152433 
534 -2.010685 
535 -1.098764 
536 -1.583308 
537 -1.372973 
538 -1.727485 
539 -1.139877 
540 -1.281888 
541 -1.956014 
542 -1.115593 
543 -1.553504 
544 -1.230861 
545 -1.841682 
546 -1.370518 
547 -1.316997 
548 -1.430300 
549 -1.203994 
550 -2.055631 
551 -0.928715 
552 -1.470217 
553 -0.841161 
554 -1.123136 
555 -2.189519 
556 -1.913337 
557 -1.673386 
558 -0.851890 
559 -1.252328 
560 -1.083682 
561 -2.001944 
562 -1.305014 
563 -1.300646 
564 -1.545948 
565 -1.543993 
566 -1.770758 
567 -0.734883 
568 -1.215976 
569 -0.949670 
570 -1.783958 
571 -1.697129 
572 -1.574233 
573 -1.711759 
574 -1.327152 
575 -1.014900 
576 -2.215820 
577 -0.657465 
578 -2.106665 
579 -0.256148 
580 -1.210068 
581 -1.842211 
582 -0.690916 
583 -1.802189 
584 -2.924978 
585 -0.751993 
586 -0.575223 
587 -0.592632 
588 -1.106912 
589 -0.342694 
590 -0.763759 
591 -2.742557 
592 -1.699140 
593 -2.248631 
594 -0.685719 
595 -0.708966 
596 -2.623076 
597 -0.861320 
598 -1.060952 
599 -0.780606 
600 -0.800180 
601 -0.357885 
602 -1.074634 
603 -2.785446 
604 -1.136472 
605 -1.366249 
606 -2.223932 
607 -0.793782 
608 -2.685224 
609 -0.923537 
610 -0.854987 
611 -0.946653 
612 -0.881823 
613 -1.823378 
614 -2.202216 
615 -0.427003 
616 -1.038376 
617 -0.405054 
618 -1.652733 
619 -2.205147 
620 -2.783105 
621 -0.855353 
622 -0.871580 
623 -0.532704 
624 -1.124376 
625 -2.329021 
626 -0.773970 
627 -1.250325 
628 -1.989990 
629 -0.812953 
630 -2.078221 
631 -0.613775 
632 -1.924353 
633 -0.757515 
634 -2.045078 
635 -0.665096 
636 -0.806650 
637 -0.908846 
638 -0.675121 
639 -2.639839 
640 -1.447618 
641 -2.065843 
642 -1.234609 
643 -0.740355 
644 -1.651794 
645 -1.165980 
646 -1.623654 
647 -1.318000 
648 -1.249730 
649 -1.176925 
650 -1.790133 
651 -1.539774 
652 -0.976223 
653 -1.104612 
654 -1.502099 
655 -2.074725 
656 -1.952777 
657 -1.818906 
658 -0.942102 
659 -0.815033 
660 -1.668659 
661 -1.386955 
662 -1.494989 
663 -1.326427 
664 -1.393126 
665 -1.235820 
666 -1.691312 
667 -1.507562 
668 -1.931559 
669 -1.456224 
670 -1.251342 
671 -1.210302 
672 -1.257435 
673 -1.693812 
674 -1.327604 
675 -1.516353 
676 -1.319544 
677 -1.425579 
678 -1.932696 
679 -1.028468 
680 -1.931894 
681 -0.999497 
682 -1.282522 
683 -1.609021 
684 -1.462434 
685 -1.704192 
686 -0.618616 
687 -1.763535 
688 -1.652208 
689 -1.735114 
690 -1.296946 
691 -1.092568 
692 -1.626958 
693 -0.991229 
694 -1.636593 
695 -1.553041 
696 -1.420785 
697 -1.239430 
698 -1.325770 
699 -1.733529 
700 -1.543339 
701 -1.317580 
702 -1.555163 
703 -1.359513 
704 -2.835335 
705 -1.230559 
706 -0.637589 
707 -0.394570 
708 -1.943545 
709 -0.757645 
710 -1.289255 
711 -1.639055 
712 -1.980877 
713 -0.473068 
714 -2.263221 
715 -0.632411 
716 -2.684753 
717 -0.809918 
718 -0.693554 
719 -1.097818 
720 -2.293766 
721 -1.488584 
722 -0.715044 
723 -1.132069 
724 -1.559893 
725 -0.840356 
726 -2.402632 
727 -0.474692 
728 -2.154988 
729 -0.616915 
730 -1.625843 
731 -1.078227 
732 -1.543318 
733 -0.593107 
734 -0.672449 
735 -2.511195 
736 -1.951560 
737 -1.916712 
738 -0.904730 
739 -0.772026 
740 -2.559545 
741 -1.079484 
742 -1.317091 
743 -0.367727 
744 -1.316817 
745 -0.518188 
746 -0.572018 
747 -2.707899 
748 -2.325647 
749 -1.245761 
750 -0.629942 
751 -1.097232 
752 -2.213331 
753 -1.869365 
754 -0.671130 
755 -0.700292 
756 -1.559813 
757 -0.950991 
758 -2.138241 
759 -1.011815 
760 -1.351148 
761 -0.589277 
762 -1.662125 
763 -1.877791 
764 -1.970830 
765 -1.561489 
766 -1.318955 
767 -0.647329 
768 1.813547 
769 1.876652 
770 2.029036 
771 1.682538 
772 1.955988 
773 2.053620 
774 1.799305 
775 1.648449 
776 1.777920 
777 1.851389 
778 1.917732 
779 1.911674 
780 1.896466 
781 1.933735 
782 1.747811 
783 1.846589 
784 1.768586 
785 1.724438 
786 1.881531 
787 1.981705 
788 2.048658 
789 1.798807 
790 2.003812 
791 1.733648 
792 1.966931 
793 1.862807 
794 1.811966 
795 1.868566 
796 1.840275 
797 1.864850 
798 1.908481 
799 1.972462 
800 1.965930 
801 1.827909 
802 1.921136 
803 1.885862 
804 1.704270 
805 1.817778 
806 1.945334 
807 1.854368 
808 1.790540 
809 2.140166 
810 1.757452 
811 1.752695 
812 1.602936 
813 2.060908 
814 1.982160 
815 1.874299 
816 1.806510 
817 1.979321 
818 1.842584 
819 1.940153 
820 1.868414 
821 1.813455 
822 1.998904 
823 1.826124 
824 1.851146 
825 1.735127 
826 1.847245 
827 1.949620 
828 2.019395 
829 1.987520 
830 1.822080 
831 1.850932 
832 1.903809 
833 1.852342 
834 1.976606 
835 2.069792 
836 2.076084 
837 1.927501 
838 1.888553 
839 1.994298 
840 1.843290 
841 2.035048 
842 1.951093 
843 1.881427 
844 1.844889 
845 1.975901 
846 1.699281 
847 1.994375 
848 1.874695 
849 1.940384 
850 2.023918 
851 2.010659 
852 2.036260 
853 2.033920 
854 1.936624 
855 1.897955 
856 1.986993 
857 1.871272 
858 1.976865 
859 1.995231 
860 1.976087 
861 1.980283 
862 1.985437 
863 1.869888 
864 1.990734 
865 1.957739 
866 1.901314 
867 1.880110 
868 2.007363 
869 1.981349 
870 1.958858 
871 1.814801 
872 1.836322 
873 1.872654 
874 1.941844 
875 2.025707 
876 1.945887 
877 2.030851 
878 1.890761 
879 1.861607 
880 1.762473 
881 2.070098 
882 1.810466 
883 2.007556 
884 2.093332 
885 1.838382 
886 2.019040 
887 1.900272 
888 1.747359 
889 1.676912 
890 1.896309 
891 2.179139 
892 2.036040 
893 2.057420 
894 1.711321 
895 1.902048 
896 1.735774 
897 1.919481 
898 1.939865 
899 1.937423 
900 1.892872 
901 1.974428 
902 1.974717 
903 1.859034 
904 1.796362 
905 1.830282 
906 1.906836 
907 1.915567 
908 1.770178 
909 1.941187 
910 1.739717 
911 2.035954 
912 1.774956 
913 1.819947 
914 2.033997 
915 1.958817 
916 2.004655 
917 1.911251 
918 1.877973 
919 1.901161 
920 2.058561 
921 1.833876 
922 1.890825 
923 1.857918 
924 1.961233 
925 1.819063 
926 1.960210 
927 2.004007 
928 1.911786 
929 2.024792 
930 1.813421 
931 1.950285 
932 2.013961 
933 1.722765 
934 2.026600 
935 1.733433 
936 1.831851 
937 2.019572 
938 1.933743 
939 1.833081 
940 1.724439 
941 1.868839 
942 1.937893 
943 1.992117 
944 1.994156 
945 1.951367 
946 1.744248 
947 1.807672 
948 1.717748 
949 1.611397 
950 1.935002 
951 2.149815 
952 1.901032 
953 2.116633 
954 1.670824 
955 1.943482 
956 1.865991 
957 1.977980 
958 1.841755 
959 1.930870 
960 2.023299 
961 1.766299 
962 1.855201 
963 1.874993 
964 2.006601 
965 2.123634 
966 1.794340 
967 1.694043 
968 1.548451 
969 2.013526 
970 2.194551 
971 1.952909 
972 2.117072 
973 2.012389 
974 2.067856 
975 1.550584 
976 1.854686 
977 1.807129 
978 2.042299 
979 2.084589 
980 1.964872 
981 1.925198 
982 1.919680 
983 1.775016 
984 2.166112 
985 1.919039 
986 1.766090 
987 1.718890 
988 1.961868 
989 1.931165 
990 2.061897 
991 2.046092 
992 1.718429 
993 1.902073 
994 1.878050 
995 2.011742 
996 1.777234 
997 1.860005 
998 1.783560 
999 2.041490 
1000 2.049612 
1001 1.937775 
1002 1.877374 
1003 1.914003 
1004 1.538436 
1005 1.998668 
1006 1.954341 
1007 2.099562 
1008 1.871661 
1009 2.043812 
1010 1.886200 
1011 1.748768 
1012 2.048471 
1013 1.888451 
1014 1.958946 
1015 1.824562 
1016 1.790959 
1017 2.023280 
1018 1.920880 
1019 1.951007 
1020 1.803885 
1021 1.846966 
1022 2.202510 
1023 1.732494 
1024 1.880104 
1025 1.833408 
1026 1.847225 
1027 1.943713 
1028 1.712852 
1029 1.782650 
1030 1.936129 
1031 2.026945 
1032 1.952679 
1033 1.757699 
1034 1.972315 
1035 1.727420 
1036 1.850385 
1037 1.874948 
1038 1.726978 
1039 1.982762 
1040 1.859435 
1041 1.987343 
1042 1.873266 
1043 1.784140 
1044 1.916930 
1045 1.813769 
1046 1.771053 
1047 2.152044 
1048 1.975721 
1049 1.961104 
1050 1.958168 
1051 1.665934 
1052 1.812386 
1053 2.010461 
1054 1.779392 
1055 1.944508 
1056 1.787800 
1057 1.816792 
1058 1.896114 
1059 1.820994 
1060 1.916319 
1061 2.006838 
1062 1.926138 
1063 1.707176 
1064 1.722889 
1065 1.978962 
1066 1.931998 
1067 1.939028 
1068 2.064111 
1069 1.879655 
1070 1.860892 
1071 1.766991 
1072 1.875605 
1073 1.981491 
1074 1.858621 
1075 1.839295 
1076 1.815715 
1077 1.858829 
1078 1.865329 
1079 1.859113 
1080 1.743117 
1081 1.731970 
1082 2.069979 
1083 1.924785 
1084 1.878628 
1085 2.002304 
1086 1.784911 
1087 1.777362 
1088 1.533960 
1089 2.126929 
1090 2.023263 
1091 2.038264 
1092 1.900198 
1093 2.006999 
1094 1.897718 
1095 2.020090 
1096 1.980063 
1097 2.195250 
1098 2.004137 
1099 1.906297 
1100 1.857840 
1101 1.931831 
1102 2.000762 
1103 1.886281 
1104 1.968070 
1105 1.941497 
1106 2.084887 
1107 1.716163 
1108 1.959706 
1109 2.033823 
1110 2.002073 
1111 1.808335 
1112 1.651675 
1113 1.938556 
1114 2.110844 
1115 1.889264 
1116 2.013353 
1117 2.079673 
1118 2.052841 
1119 1.669328 
1120 1.846754 
1121 1.967797 
1122 2.103205 
1123 1.944676 
1124 1.721519 
1125 1.879454 
1126 2.045373 
1127 1.806168 
1128 2.068350 
1129 1.855734 
1130 2.009091 
1131 1.539739 
1132 1.806003 
1133 1.918746 
1134 2.030701 
1135 2.058871 
1136 1.919941 
1137 1.872828 
1138 1.861529 
1139 1.982847 
1140 1.823310 
1141 1.995062 
1142 1.862937 
1143 1.834720 
1144 2.097233 
1145 1.974441 
1146 1.842815 
1147 1.919524 
1148 1.662997 
1149 1.909261 
1150 1.961082 
1151 1.916330 
1152 1.710320 
1153 1.935680 
1154 1.945208 
1155 1.997490 
1156 1.903414 
1157 2.049887 
1158 1.707653 
1159 1.810130 
1160 1.715348 
1161 1.981718 
1162 1.837357 
1163 1.872198 
1164 1.864150 
1165 1.925886 
1166 1.901171 
1167 1.906374 
1168 1.733989 
1169 1.608868 
1170 2.065801 
1171 1.958726 
1172 1.982093 
1173 1.961316 
1174 1.845519 
1175 1.833072 
1176 2.035789 
1177 1.822080 
1178 1.727388 
1179 1.986378 
1180 1.845403 
1181 1.914292 
1182 1.855477 
1183 1.942834 
1184 1.914166 
1185 1.929946 
1186 1.857550 
1187 1.954509 
1188 1.763252 
1189 1.953073 
1190 1.911960 
1191 1.953754 
1192 2.067095 
1193 1.824827 
1194 1.813357 
1195 1.892885 
1196 1.634327 
1197 1.987288 
1198 1.890434 
1199 1.833344 
1200 1.819533 
1201 1.885749 
1202 1.950252 
1203 1.941926 
1204 1.802639 
1205 1.823036 
1206 2.056025 
1207 1.918059 
1208 1.891794 
1209 1.849128 
1210 1.904323 
1211 2.053708 
1212 2.011403 
1213 1.788827 
1214 1.917238 
1215 1.808882 
1216 1.896890 
1217 1.936638 
1218 1.916982 
1219 1.938825 
1220 1.965382 
1221 1.749752 
1222 1.878170 
1223 1.974131 
1224 1.808684 
1225 1.878604 
1226 1.972658 
1227 1.930034 
1228 1.820700 
1229 2.058037 
1230 1.780316 
1231 1.985748 
1232 1.724098 
1233 1.872875 
1234 1.924250 
1235 2.116820 
1236 1.914241 
1237 1.993530 
1238 1.919141 
1239 1.973127 
1240 2.109354 
1241 1.873864 
1242 1.814885 
1243 1.815338 
1244 1.956751 
1245 1.900535 
1246 2.005250 
1247 1.930368 
1248 1.967389 
1249 1.923313 
1250 1.909559 
1251 1.899844 
1252 2.044804 
1253 2.018695 
1254 1.838637 
1255 1.913594 
1256 1.806197 
1257 1.946038 
1258 1.967985 
1259 1.915753 
1260 1.948956 
1261 1.995422 
1262 2.128047 
1263 1.809723 
1264 1.950654 
1265 1.862695 
1266 2.093955 
1267 2.051788 
1268 1.917620 
1269 1.806527 
1270 1.904699 
1271 2.069447 
1272 1.850646 
1273 2.068628 
1274 1.887738 
1275 1.974678 
1276 2.071939 
1277 2.024308 
1278 1.799605 
1279 1.746533 
1280 1.509812 
1281 1.993031 
1282 2.148256 
1283 1.735430 
1284 1.784202 
1285 1.864025 
1286 1.878334 
1287 1.819759 
1288 1.962723 
1289 1.891404 
1290 1.875290 
1291 1.824722 
1292 1.894508 
1293 1.913211 
1294 1.879054 
1295 1.920949 
1296 1.730998 
1297 1.793080 
1298 1.890169 
1299 2.033350 
1300 1.969589 
1301 1.984906 
1302 1.756061 
1303 1.804998 
1304 1.750879 
1305 2.005917 
1306 1.856044 
1307 1.915429 
1308 1.874038 
1309 2.036976 
1310 1.794600 
1311 1.962698 
1312 1.912066 
1313 1.926895 
1314 2.015881 
1315 1.878668 
1316 1.758632 
1317 1.971507 
1318 1.852061 
1319 1.858076 
1320 1.872427 
1321 1.830057 
1322 1.998961 
1323 1.830755 
1324 1.974967 
1325 1.832852 
1326 1.885874 
1327 1.850734 
1328 1.933492 
1329 1.908584 
1330 1.762131 
1331 1.841654 
1332 1.988191 
1333 1.785085 
1334 1.943363 
1335 1.792552 
1336 1.820145 
1337 1.887522 
1338 1.925643 
1339 1.806327 
1340 1.620056 
1341 1.860670 
1342 2.016930 
1343 1.997293 
1344 1.911275 
1345 1.961280 
1346 2.039536 
1347 1.942157 
1348 2.082505 
1349 1.914649 
1350 1.860940 
1351 1.801801 
1352 1.745665 
1353 1.942421 
1354 2.080328 
1355 1.914144 
1356 2.019850 
1357 1.962859 
1358 2.170945 
1359 1.594480 
1360 1.674228 
1361 1.696088 
1362 2.041926 
1363 2.171321 
1364 1.900753 
1365 1.880196 
1366 1.921574 
1367 1.679336 
1368 2.255538 
1369 1.789450 
1370 1.878841 
1371 1.797945 
1372 2.062806 
1373 1.965424 
1374 1.913482 
1375 1.984011 
1376 1.736167 
1377 2.054952 
1378 2.035706 
1379 2.118153 
1380 2.078978 
1381 1.910450 
1382 1.981801 
1383 1.818511 
1384 2.180294 
1385 1.985740 
1386 1.812853 
1387 1.699017 
1388 1.580850 
1389 2.113571 
1390 1.976499 
1391 2.097575 
1392 1.874978 
1393 2.001550 
1394 1.888846 
1395 1.720493 
1396 1.992734 
1397 1.970058 
1398 1.998632 
1399 1.826412 
1400 1.940998 
1401 1.836160 
1402 1.905826 
1403 1.993161 
1404 1.950221 
1405 1.979628 
1406 2.108622 
1407 1.632042 
1408 1.666461 
1409 1.748830 
1410 2.074929 
1411 1.823742 
1412 1.982556 
1413 2.006457 
1414 1.766648 
1415 1.851440 
1416 1.875736 
1417 1.954937 
1418 1.957909 
1419 1.851376 
1420 1.973803 
1421 2.084042 
1422 1.618717 
1423 1.808164 
1424 1.638364 
1425 1.854536 
1426 1.948273 
1427 2.008195 
1428 1.775995 
1429 1.859621 
1430 2.016900 
1431 1.868106 
1432 1.996243 
1433 1.908181 
1434 1.719517 
1435 1.911524 
1436 1.769053 
1437 1.955535 
1438 2.005630 
1439 1.967060 
1440 1.743996 
1441 1.931247 
1442 1.997878 
1443 1.907302 
1444 1.876171 
1445 2.125558 
1446 1.867312 
1447 1.707690 
1448 1.689024 
1449 1.875211 
1450 1.889753 
1451 2.033707 
1452 1.927632 
1453 1.954935 
1454 1.836769 
1455 1.546601 
1456 1.831342 
1457 1.847790 
1458 1.882211 
1459 2.010386 
1460 1.722410 
1461 1.928824 
1462 1.919175 
1463 1.888438 
1464 1.807825 
1465 1.862469 
1466 1.763171 
1467 1.920513 
1468 1.944625 
1469 2.065326 
1470 1.856815 
1471 1.729625 
1472 1.634995 
1473 1.914461 
1474 2.063051 
1475 1.982595 
1476 1.914628 
1477 1.933545 
1478 1.869113 
1479 2.000641 
1480 2.067753 
1481 2.044857 
1482 1.808726 
1483 1.944299 
1484 1.738196 
1485 2.002438 
1486 2.015282 
1487 2.013410 
1488 1.875054 
1489 1.817767 
1490 2.050245 
1491 1.892142 
1492 1.928066 
1493 1.865811 
1494 1.951037 
1495 1.910190 
1496 1.827649 
1497 1.879412 
1498 1.946441 
1499 1.935512 
1500 1.821674 
1501 2.025711 
1502 2.105644 
1503 1.734921 
1504 1.852166 
1505 1.830081 
1506 1.867049 
1507 2.207564 
1508 1.623829 
1509 2.013137 
1510 2.003360 
1511 1.918242 
1512 2.017505 
1513 2.007880 
1514 1.874781 
1515 1.761105 
1516 1.967278 
1517 1.761156 
1518 2.046111 
1519 2.203516 
1520 1.746293 
1521 2.071677 
1522 1.825314 
1523 1.862444 
1524 2.001788 
1525 1.926987 
1526 1.839633 
1527 1.874245 
1528 1.938724 
1529 2.230364 
1530 1.820534 
1531 1.706413 
1532 1.823843 
1533 1.877992 
1534 1.962100 
1535 2.055210 
1536 -1.642678 
1537 -1.531315 
1538 -1.718416 
1539 -0.606086 
1540 -1.078206 
1541 -1.054773 
1542 -1.613024 
1543 -1.887653 
1544 -1.355958 
1545 -1.076066 
1546 -2.078205 
1547 -1.091124 
1548 -1.278477 
1549 -1.043237 
1550 -0.867357 
1551 -2.227039 
1552 -1.886851 
1553 -1.973490 
1554 -0.915661 
1555 -0.842489 
1556 -0.930806 
1557 -1.364661 
1558 -2.087807 
1559 -1.223753 
1560 -1.522106 
1561 -1.303480 
1562 -1.690139 
1563 -1.238580 
1564 -1.220905 
1565 -2.152070 
1566 -1.034317 
1567 -1.362965 
1568 -1.584220 
1569 -1.752342 
1570 -1.434741 
1571 -1.195126 
1572 -1.524844 
1573 -1.247699 
1574 -2.085036 
1575 -0.791807 
1576 -1.573068 
1577 -0.564914 
1578 -1.521468 
1579 -1.988251 
1580 -2.311043 
1581 -1.284106 
1582 -0.839745 
1583 -1.084901 
1584 -1.657989 
1585 -1.677989 
1586 -1.434059 
1587 -1.036296 
1588 -1.604738 
1589 -1.358586 
1590 -1.807254 
1591 -1.131226 
1592 -1.313099 
1593 -1.028678 
1594 -1.836879 
1595 -1.612055 
1596 -1.603186 
1597 -1.885669 
1598 -0.976694 
1599 -1.101052 
1600 -2.635379 
1601 -1.615582 
1602 -0.590155 
1603 -0.436795 
1604 -0.272819 
1605 -2.605404 
1606 -0.686860 
1607 -1.353820 
1608 -2.203879 
1609 -0.973599 
1610 -1.844171 
1611 -0.293722 
1612 -1.838225 
1613 -0.483774 
1614 -2.246041 
1615 -0.805888 
1616 -2.304194 
1617 -1.436685 
1618 -0.929565 
1619 -0.981173 
1620 -2.346040 
1621 -0.965798 
1622 -1.567064 
1623 -0.596001 
1624 -1.665639 
1625 -1.378840 
1626 -1.138819 
1627 -1.559530 
1628 -0.985662 
1629 -1.226531 
1630 -0.713073 
1631 -2.499341 
1632 -2.396061 
1633 -1.559065 
1634 -1.106292 
1635 -0.449903 
1636 -1.601496 
1637 -0.968938 
1638 -2.279621 
1639 -0.648883 
1640 -1.938767 
1641 -0.829644 
1642 -1.080977 
1643 -1.820011 
1644 -2.495014 
1645 -1.498879 
1646 -0.546322 
1647 -0.630776 
1648 -1.564851 
1649 -2.227616 
1650 -1.023408 
1651 -0.804637 
1652 -1.022396 
1653 -0.905431 
1654 -2.562117 
1655 -0.887718 
1656 -1.642831 
1657 -0.857884 
1658 -2.233554 
1659 -0.540332 
1660 -0.662197 
1661 -0.717326 
1662 -1.548757 
1663 -2.334021 
1664 -1.381739 
1665 -2.016117 
1666 -1.326617 
1667 -0.938717 
1668 -1.623283 
1669 -1.397388 
1670 -1.766236 
1671 -1.068179 
1672 -1.069722 
1673 -0.873684 
1674 -2.277320 
1675 -1.352495 
1676 -1.094971 
1677 -1.494089 
1678 -1.193072 
1679 -1.911465 
1680 -1.589052 
1681 -1.932653 
1682 -1.201251 
1683 -0.871657 
1684 -1.769583 
1685 -1.032531 
1686 -1.566524 
1687 -1.437702 
1688 -1.501501 
1689 -1.543287 
1690 -1.754678 
1691 -1.009266 
1692 -1.209959 
1693 -2.016414 
1694 -1.500381 
1695 -0.937632 
1696 -1.424195 
1697 -1.753221 
1698 -1.198086 
1699 -1.436092 
1700 -1.164642 
1701 -1.412198 
1702 -2.104288 
1703 -0.949903 
1704 -1.613031 
1705 -0.869805 
1706 -1.278906 
1707 -2.024800 
1708 -1.851325 
1709 -1.797339 
1710 -0.739112 
1711 -1.135309 
1712 -0.987428 
1713 -1.744780 
1714 -1.400860 
1715 -1.576850 
1716 -1.365100 
1717 -1.338436 
1718 -1.895782 
1719 -1.028276 
1720 -1.674982 
1721 -0.935713 
1722 -1.541053 
1723 -1.582832 
1724 -1.791341 
1725 -1.345992 
1726 -1.207602 
1727 -1.281591 
1728 -2.251718 
1729 -2.008651 
1730 -0.526958 
1731 -0.396945 
1732 -1.279686 
1733 -0.557166 
1734 -2.342128 
1735 -1.232678 
1736 -2.893822 
1737 -0.304280 
1738 -1.412650 
1739 -0.372235 
1740 -0.836083 
1741 -0.389223 
1742 -0.406686 
1743 -3.027321 
1744 -2.593210 
1745 -1.501448 
1746 -0.668712 
1747 -0.392943 
1748 -2.270412 
1749 -0.851489 
1750 -1.847438 
1751 -0.582716 
1752 -0.611350 
1753 -0.514123 
1754 -1.691929 
1755 -2.428781 
1756 -2.300008 
1757 -0.722714 
1758 -0.942548 
1759 -1.572853 
1760 -2.648170 
1761 -0.672182 
1762 -1.352576 
1763 -0.565934 
1764 -1.727863 
1765 -0.836972 
1766 -2.205461 
1767 -0.703789 
1768 -2.243324 
1769 -0.361447 
1770 -1.208091 
1771 -1.732517 
1772 -2.827980 
1773 -0.884068 
1774 -0.616865 
1775 -0.713009 
1776 -1.659608 
1777 -2.146415 
1778 -0.611940 
1779 -1.227489 
1780 -2.054291 
1781 -0.769465 
1782 -1.868919 
1783 -0.790957 
1784 -2.434150 
1785 -0.627018 
1786 -1.570381 
1787 -0.652410 
1788 -1.179424 
1789 -0.463578 
1790 -1.620892 
1791 -2.135218 
1792 -1.656463 
1793 -1.906221 
1794 -1.264181 
1795 -0.891569 
1796 -1.825418 
1797 -1.228742 
1798 -1.678979 
1799 -1.059852 
1800 -1.463596 
1801 -1.170983 
1802 -1.622705 
1803 -1.506048 
1804 -1.820674 
1805 -1.070911 
1806 -1.252686 
1807 -1.592566 
1808 -1.734192 
1809 -1.171589 
1810 -1.070422 
1811 -1.754540 
1812 -1.526809 
1813 -1.378740 
1814 -1.755901 
1815 -1.202004 
1816 -1.307346 
1817 -1.020558 
1818 -2.150716 
1819 -1.139885 
1820 -1.703052 
1821 -1.833151 
1822 -0.873979 
1823 -1.343047 
1824 -1.434770 
1825 -1.634811 
1826 -1.216761 
1827 -1.585574 
1828 -1.449775 
1829 -1.424392 
1830 -1.828067 
1831 -1.024583 
1832 -1.738542 
1833 -1.028043 
1834 -1.446855 
1835 -1.600631 
1836 -1.273373 
1837 -1.113151 
1838 -2.010735 
1839 -1.322420 
1840 -1.584666 
1841 -1.805895 
1842 -1.109168 
1843 -1.323624 
1844 -2.195790 
1845 -1.336276 
1846 -1.308247 
1847 -0.680617 
1848 -1.259946 
1849 -1.260730 
1850 -1.937108 
1851 -1.252622 
1852 -0.733934 
1853 -1.538118 
1854 -1.491722 
1855 -1.877221 
1856 -2.881637 
1857 -0.580338 
1858 -1.015220 
1859 -0.485145 
1860 -2.398750 
1861 -0.741804 
1862 -1.540673 
1863 -0.692470 
1864 -1.175668 
1865 -0.982258 
1866 -2.484626 
1867 -0.790006 
1868 -2.331790 
1869 -0.413090 
1870 -0.348003 
1871 -2.027916 
1872 -2.208396 
1873 -1.431529 
1874 -0.406695 
1875 -1.394056 
1876 -2.585305 
1877 -0.706380 
1878 -1.226872 
1879 -0.727857 
1880 -2.752326 
1881 -0.559550 
1882 -0.885563 
1883 -1.117468 
1884 -2.047138 
1885 -0.322439 
1886 -0.435485 
1887 -2.237984 
1888 -1.761235 
1889 -2.303252 
1890 -0.535864 
1891 -0.649210 
1892 -2.462290 
1893 -1.005054 
1894 -1.393363 
1895 -0.546803 
1896 -0.992896 
1897 -0.230704 
1898 -0.842179 
1899 -2.843283 
1900 -1.828855 
1901 -2.100273 
1902 -0.663616 
1903 -0.664375 
1904 -2.267136 
1905 -1.927345 
1906 -0.524243 
1907 -0.698639 
1908 -2.459882 
1909 -0.654994 
1910 -1.746455 
1911 -0.569537 
1912 -0.514707 
1913 -0.952151 
1914 -2.536979 
1915 -1.239914 
1916 -2.125439 
1917 -1.198071 
1918 -1.180764 
1919 -1.059813 
1920 -0.892368 
1921 -2.040447 
1922 -1.759048 
1923 -0.536816 
1924 -1.786753 
1925 -1.380092 
1926 -1.683207 
1927 -0.983389 
1928 -1.421437 
1929 -1.107172 
1930 -1.964682 
1931 -1.279660 
1932 -0.900848 
1933 -1.247459 
1934 -0.829123 
1935 -2.441073 
1936 -1.578889 
1937 -1.914539 
1938 -1.035758 
1939 -1.226612 
1940 -0.844886 
1941 -1.431888 
1942 -1.791825 
1943 -1.645903 
1944 -1.723531 
1945 -0.902999 
1946 -1.736492 
1947 -1.344558 
1948 -1.493401 
1949 -1.463678 
1950 -1.256592 
1951 -1.633248 
1952 -1.923483 
1953 -1.822896 
1954 -0.798517 
1955 -1.147449 
1956 -1.425156 
1957 -1.363144 
1958 -2.146677 
1959 -0.564344 
1960 -1.173962 
1961 -0.989327 
1962 -1.629155 
1963 -1.941409 
1964 -1.735177 
1965 -1.731766 
1966 -0.883115 
1967 -1.170448 
1968 -2.033103 
1969 -1.550767 
1970 -0.971435 
1971 -1.342662 
1972 -1.370044 
1973 -1.328712 
1974 -1.602819 
1975 -1.491507 
1976 -1.312437 
1977 -1.479203 
1978 -1.563305 
1979 -1.599213 
1980 -1.150985 
1981 -2.005454 
1982 -0.705991 
1983 -1.580173 
1984 -1.946037 
1985 -2.330003 
1986 -0.516950 
1987 -0.328220 
1988 -0.790799 
1989 -2.383332 
1990 -1.549369 
1991 -0.613334 
1992 -1.699804 
1993 -0.493045 
1994 -2.393949 
1995 -0.605802 
1996 -1.063893 
1997 -0.839982 
1998 -1.043213 
1999 -2.493762 
2000 -2.631955 
2001 -0.962023 
2002 -1.125032 
2003 -0.584248 
2004 -1.550539 
2005 -0.630422 
2006 -2.367811 
2007 -0.852936 
2008 -2.110660 
2009 -0.394788 
2010 -1.866209 
2011 -0.986337 
2012 -2.574561 
2013 -1.117380 
2014 -0.845803 
2015 -0.811457 
2016 -2.158496 
2017 -0.718981 
2018 -0.985699 
2019 -1.735178 
2020 -2.011251 
2021 -0.461988 
2022 -2.062255 
2023 -0.801900 
2024 -2.448287 
2025 -0.929423 
2026 -1.216225 
2027 -0.912817 
2028 -1.137443 
2029 -0.939000 
2030 -1.387211 
2031 -2.195023 
2032 -1.991743 
2033 -2.184736 
2034 -0.737321 
2035 -0.391977 
2036 -2.453358 
2037 -0.860155 
2038 -1.553464 
2039 -0.480244 
2040 -1.368232 
2041 -2.080794 
2042 -1.358999 
2043 -0.760391 
2044 -0.952794 
2045 -0.862352 
2046 -2.094571 
2047 -1.600333 
2048 -2.314667 
2049 -1.318645 
2050 -1.126867 
2051 -0.683268 
2052 -1.143818 
2053 -1.001384 
2054 -1.756162 
2055 -1.762250 
2056 -1.730258 
2057 -1.006600 
2058 -1.922457 
2059 -1.121840 
2060 -1.939359 
2061 -1.137171 
2062 -1.050797 
2063 -1.598757 
2064 -1.857834 
2065 -1.724335 
2066 -1.046526 
2067 -1.087330 
2068 -1.431425 
2069 -1.079683 
2070 -2.062305 
2071 -1.186103 
2072 -1.429956 
2073 -1.233129 
2074 -1.669532 
2075 -1.605833 
2076 -1.122945 
2077 -1.966517 
2078 -1.282669 
2079 -1.529629 
2080 -1.473162 
2081 -1.634336 
2082 -1.392900 
2083 -1.368838 
2084 -1.514206 
2085 -1.312304 
2086 -1.902983 
2087 -0.838815 
2088 -1.414002 
2089 -0.968030 
2090 -1.171452 
2091 -2.101057 
2092 -1.942804 
2093 -1.477442 
2094 -1.227701 
2095 -1.033149 
2096 -0.994937 
2097 -1.962587 
2098 -1.560516 
2099 -1.230012 
2100 -1.909466 
2101 -1.148646 
2102 -1.752484 
2103 -0.826705 
2104 -1.126296 
2105 -0.837300 
2106 -1.696080 
2107 -1.952627 
2108 -1.610889 
2109 -1.710068 
2110 -1.135847 
2111 -1.197737 
2112 -1.132579 
2113 -2.559682 
2114 -0.905672 
2115 -0.615699 
2116 -1.170118 
2117 -0.622184 
2118 -1.931149 
2119 -1.782732 
2120 -1.772956 
2121 -1.161126 
2122 -1.968189 
2123 -0.526292 
2124 -0.965006 
2125 -0.931897 
2126 -0.694643 
2127 -2.574056 
2128 -1.905773 
2129 -2.194746 
2130 -0.572870 
2131 -0.606984 
2132 -0.980322 
2133 -2.123489 
2134 -1.644470 
2135 -0.829593 
2136 -1.980178 
2137 -0.367726 
2138 -2.156531 
2139 -0.861299 
2140 -1.540120 
2141 -1.143417 
2142 -1.922238 
2143 -1.080950 
2144 -2.309375 
2145 -1.006974 
2146 -1.658455 
2147 -0.624415 
2148 -2.187741 
2149 -0.666195 
2150 -1.906772 
2151 -0.477554 
2152 -0.767313 
2153 -0.423284 
2154 -1.776941 
2155 -2.292570 
2156 -2.557127 
2157 -1.461301 
2158 -0.607310 
2159 -0.390952 
2160 -1.044803 
2161 -2.192922 
2162 -1.158554 
2163 -1.152095 
2164 -1.892031 
2165 -1.553194 
2166 -1.470026 
2167 -0.708588 
2168 -2.326029 
2169 -0.852885 
2170 -1.418739 
2171 -0.897011 
2172 -1.060634 
2173 -1.291820 
2174 -0.423075 
2175 -2.445295 
2176 -1.824537 
2177 -1.812106 
2178 -1.089686 
2179 -0.857613 
2180 -1.399954 
2181 -1.503693 
2182 -1.120313 
2183 -1.770271 
2184 -1.476988 
2185 -1.444096 
2186 -1.941506 
2187 -0.805431 
2188 -1.077568 
2189 -1.282279 
2190 -1.260951 
2191 -2.114502 
2192 -2.014911 
2193 -1.899487 
2194 -0.545911 
2195 -1.004062 
2196 -1.692496 
2197 -1.405853 
2198 -1.638039 
2199 -1.109320 
2200 -1.425846 
2201 -1.417469 
2202 -1.246195 
2203 -1.732294 
2204 -1.670369 
2205 -1.727724 
2206 -1.090645 
2207 -1.308370 
2208 -1.545422 
2209 -1.589638 
2210 -1.324914 
2211 -1.524040 
2212 -1.105483 
2213 -1.647823 
2214 -2.070939 
2215 -0.875647 
2216 -1.828161 
2217 -0.886783 
2218 -1.511261 
2219 -1.542691 
2220 -1.393435 
2221 -1.736810 
2222 -1.041001 
2223 -1.627833 
2224 -1.429469 
2225 -1.946207 
2226 -1.297612 
2227 -1.059494 
2228 -1.521153 
2229 -1.394517 
2230 -1.646813 
2231 -1.249990 
2232 -1.675112 
2233 -1.389029 
2234 -1.592134 
2235 -1.078081 
2236 -1.705303 
2237 -1.209495 
2238 -1.483235 
2239 -1.366161 
2240 -2.581882 
2241 -1.640108 
2242 -0.524135 
2243 -0.361841 
2244 -2.075308 
2245 -0.516892 
2246 -2.087626 
2247 -0.631862 
2248 -0.989329 
2249 -0.665525 
2250 -2.672733 
2251 -1.156597 
2252 -2.668810 
2253 -0.907365 
2254 -0.745965 
2255 -1.025407 
2256 -2.791644 
2257 -1.160956 
2258 -0.874951 
2259 -0.549208 
2260 -1.735537 
2261 -0.428103 
2262 -2.397778 
2263 -0.658643 
2264 -2.397941 
2265 -0.680338 
2266 -1.087379 
2267 -1.320788 
2268 -2.369674 
2269 -0.510568 
2270 -0.844354 
2271 -1.619556 
2272 -2.148530 
2273 -1.435025 
2274 -0.883713 
2275 -1.172665 
2276 -2.521618 
2277 -0.592950 
2278 -1.562668 
2279 -0.538724 
2280 -1.323006 
2281 -0.316807 
2282 -0.508089 
2283 -2.774991 
2284 -1.857497 
2285 -2.387001 
2286 -0.490577 
2287 -0.442634 
2288 -2.163424 
2289 -1.100864 
2290 -1.219803 
2291 -1.274477 
2292 -1.978245 
2293 -0.967562 
2294 -2.041661 
2295 -0.584590 
2296 -1.228027 
2297 -0.706179 
2298 -2.134589 
2299 -1.410210 
2300 -2.121961 
2301 -0.572390 
2302 -2.044255 
2303 -0.570071 
2304 -1.780016 
2305 -1.712585 
2306 -1.592986 
2307 -0.340899 
2308 -1.671985 
2309 -1.051063 
2310 -1.722940 
2311 -1.256672 
2312 -1.735370 
2313 -1.338315 
2314 -1.663911 
2315 -0.990853 
2316 -1.505436 
2317 -1.435622 
2318 -1.052433 
2319 -1.751478 
2320 -1.335049 
2321 -2.033676 
2322 -1.192070 
2323 -1.074527 
2324 -1.574941 
2325 -1.382896 
2326 -1.857198 
2327 -0.964110 
2328 -1.489322 
2329 -0.887568 
2330 -1.903293 
2331 -1.411289 
2332 -1.685971 
2333 -1.712611 
2334 -1.028929 
2335 -1.283193 
2336 -1.724813 
2337 -1.616970 
2338 -1.242429 
2339 -1.382043 
2340 -1.397200 
2341 -1.733880 
2342 -1.687496 
2343 -0.891157 
2344 -1.468741 
2345 -0.866633 
2346 -1.398762 
2347 -2.033540 
2348 -1.813507 
2349 -1.615485 
2350 -1.285220 
2351 -0.976654 
2352 -1.412487 
2353 -2.134893 
2354 -1.012748 
2355 -1.094126 
2356 -1.814958 
2357 -1.323772 
2358 -1.688953 
2359 -0.927221 
2360 -1.147204 
2361 -1.650971 
2362 -1.817710 
2363 -1.174569 
2364 -1.055258 
2365 -1.368768 
2366 -1.489923 
2367 -1.812178 
2368 -2.118068 
2369 -1.899778 
2370 -0.994241 
2371 -0.381682 
2372 -1.153093 
2373 -1.152351 
2374 -1.521945 
2375 -1.852374 
2376 -1.832317 
2377 -1.127742 
2378 -1.961521 
2379 -0.610406 
2380 -1.803017 
2381 -0.696440 
2382 -0.946339 
2383 -2.129892 
2384 -1.307374 
2385 -1.708029 
2386 -1.307395 
2387 -1.538083 
2388 -2.160772 
2389 -0.865765 
2390 -1.942315 
2391 -0.364257 
2392 -1.985847 
2393 -0.614838 
2394 -1.838380 
2395 -1.196916 
2396 -2.332631 
2397 -1.788201 
2398 -0.693160 
2399 -0.606037 
2400 -2.069498 
2401 -2.067598 
2402 -0.783804 
2403 -0.466870 
2404 -1.476316 
2405 -0.813331 
2406 -2.354356 
2407 -1.033858 
2408 -1.855949 
2409 -0.529824 
2410 -1.296117 
2411 -1.890648 
2412 -1.378439 
2413 -1.828273 
2414 -0.929493 
2415 -1.545833 
2416 -1.989229 
2417 -2.244138 
2418 -0.411169 
2419 -0.663197 
2420 -1.763470 
2421 -1.102346 
2422 -1.969885 
2423 -0.831588 
2424 -2.067998 
2425 -0.603512 
2426 -2.102166 
2427 -0.591435 
2428 -0.959637 
2429 -1.306033 
2430 -1.406992 
2431 -1.998929 
2432 -1.387775 
2433 -1.948177 
2434 -1.600185 
2435 -0.679101 
2436 -1.754294 
2437 -1.562105 
2438 -1.571395 
2439 -0.710249 
2440 -1.477694 
2441 -0.956864 
2442 -1.968431 
2443 -1.226341 
2444 -1.391611 
2445 -1.609903 
2446 -1.015297 
2447 -1.765267 
2448 -1.606420 
2449 -1.451109 
2450 -1.621832 
2451 -1.081636 
2452 -1.192412 
2453 -1.404497 
2454 -1.876068 
2455 -1.322318 
2456 -1.843068 
2457 -0.947729 
2458 -1.348829 
2459 -1.479062 
2460 -1.607218 
2461 -1.434982 
2462 -1.281783 
2463 -1.442963 
2464 -1.610542 
2465 -1.851526 
2466 -0.972385 
2467 -1.411352 
2468 -1.226684 
2469 -1.629265 
2470 -1.893676 
2471 -1.009000 
2472 -1.400813 
2473 -0.942947 
2474 -1.659214 
2475 -1.748353 
2476 -1.740671 
2477 -1.636029 
2478 -1.076161 
2479 -1.108169 
2480 -1.432627 
2481 -1.883713 
2482 -1.178823 
2483 -1.249179 
2484 -1.499515 
2485 -1.437395 
2486 -1.659302 
2487 -1.217058 
2488 -0.924508 
2489 -1.083639 
2490 -1.650405 
2491 -1.974035 
2492 -0.979107 
2493 -1.835219 
2494 -1.375699 
2495 -1.508996 
2496 -1.722942 
2497 -1.860363 
2498 -1.610007 
2499 -0.345557 
2500 -1.331578 
2501 -0.689788 
2502 -2.355177 
2503 -1.050830 
2504 -2.405273 
2505 -0.769830 
2506 -1.743976 
2507 -0.349967 
2508 -1.923933 
2509 -0.632928 
2510 -0.619157 
2511 -2.216894 
2512 -2.305539 
2513 -1.374121 
2514 -1.055858 
2515 -0.844170 
2516 -1.238667 
2517 -1.325008 
2518 -2.188365 
2519 -0.960753 
2520 -2.085045 
2521 -0.998354 
2522 -1.807306 
2523 -0.762993 
2524 -2.248793 
2525 -1.328712 
2526 -1.002123 
2527 -0.993294 
2528 -2.067699 
2529 -1.753713 
2530 -0.714334 
2531 -1.091792 
2532 -2.049179 
2533 -0.959484 
2534 -1.887860 
2535 -0.592388 
2536 -1.584897 
2537 -0.587976 
2538 -1.979925 
2539 -1.510457 
2540 -2.146878 
2541 -0.951571 
2542 -0.895345 
2543 -1.622226 
2544 -2.063432 
2545 -2.005992 
2546 -0.798259 
2547 -0.613181 
2548 -2.458152 
2549 -0.859091 
2550 -1.517202 
2551 -0.653253 
2552 -1.106511 
2553 -1.580231 
2554 -1.765778 
2555 -1.296873 
2556 -1.003675 
2557 -1.420835 
2558 -1.887632 
2559 -1.393574 
2560 -1.799208 
2561 -1.906456 
2562 -1.183667 
2563 -0.638256 
2564 -1.348228 
2565 -1.468148 
2566 -1.378040 
2567 -1.534535 
2568 -1.167975 
2569 -1.319833 
2570 -1.866040 
2571 -1.343282 
2572 -1.402215 
2573 -1.227387 
2574 -1.226323 
2575 -1.889559 
2576 -1.930426 
2577 -1.647236 
2578 -0.990971 
2579 -1.088063 
2580 -1.593442 
2581 -1.393970 
2582 -1.923774 
2583 -1.017564 
2584 -1.314144 
2585 -1.331342 
2586 -1.834307 
2587 -1.330290 
2588 -1.594546 
2589 -1.826365 
2590 -1.121838 
2591 -1.322966 
2592 -1.340901 
2593 -1.864386 
2594 -1.369927 
2595 -1.209327 
2596 -1.516660 
2597 -1.174011 
2598 -1.890215 
2599 -1.233006 
2600 -1.829544 
2601 -1.143029 
2602 -1.246760 
2603 -1.629705 
2604 -1.845001 
2605 -1.456030 
2606 -1.099840 
2607 -1.365915 
2608 -1.528284 
2609 -1.872432 
2610 -1.297619 
2611 -1.060072 
2612 -1.614449 
2613 -1.686662 
2614 -1.492645 
2615 -1.084510 
2616 -1.348521 
2617 -1.133460 
2618 -1.729546 
2619 -1.579892 
2620 -1.260297 
2621 -1.695083 
2622 -1.534972 
2623 -1.202299 
2624 -2.380887 
2625 -0.690754 
2626 -1.711365 
2627 -0.557639 
2628 -2.099267 
2629 -1.898133 
2630 -0.595849 
2631 -0.887207 
2632 -1.922322 
2633 -0.730951 
2634 -1.895058 
2635 -0.905035 
2636 -2.419079 
2637 -0.728706 
2638 -1.332020 
2639 -1.003833 
2640 -1.897047 
2641 -1.843947 
2642 -1.212294 
2643 -0.707673 
2644 -2.325217 
2645 -0.832783 
2646 -1.657979 
2647 -0.567882 
2648 -2.301640 
2649 -1.016418 
2650 -0.932673 
2651 -1.312698 
2652 -1.132872 
2653 -0.763661 
2654 -0.791451 
2655 -2.624141 
2656 -1.912293 
2657 -1.932871 
2658 -0.893801 
2659 -0.909320 
2660 -0.855765 
2661 -2.187472 
2662 -1.831870 
2663 -0.637433 
2664 -1.772126 
2665 -0.657639 
2666 -0.946164 
2667 -2.185728 
2668 -2.292387 
2669 -1.492309 
2670 -0.810488 
2671 -0.868715 
2672 -1.534356 
2673 -2.100399 
2674 -1.355328 
2675 -0.714157 
2676 -1.514359 
2677 -0.906775 
2678 -2.278150 
2679 -0.864979 
2680 -1.376097 
2681 -0.778502 
2682 -2.250475 
2683 -1.089515 
2684 -1.414758 
2685 -1.303128 
2686 -0.676658 
2687 -2.210048 
2688 -1.225691 
2689 -1.972591 
2690 -1.527143 
2691 -0.808665 
2692 -1.356291 
2693 -1.082053 
2694 -1.875890 
2695 -1.428701 
2696 -1.422666 
2697 -1.086660 
2698 -1.966260 
2699 -1.249807 
2700 -0.938843 
2701 -1.431702 
2702 -1.104621 
2703 -2.134607 
2704 -1.651065 
2705 -1.923301 
2706 -1.098083 
2707 -0.981272 
2708 -1.593277 
2709 -1.430720 
2710 -1.491693 
2711 -1.271569 
2712 -1.498420 
2713 -1.485697 
2714 -1.487842 
2715 -1.339455 
2716 -1.457776 
2717 -1.889722 
2718 -1.158110 
2719 -1.301870 
2720 -1.394875 
2721 -1.824393 
2722 -1.418131 
2723 -1.154805 
2724 -1.364300 
2725 -1.448289 
2726 -2.083447 
2727 -0.661200 
2728 -1.366370 
2729 -0.854084 
2730 -1.625058 
2731 -1.892670 
2732 -1.855494 
2733 -1.717013 
2734 -0.808361 
2735 -1.235588 
2736 -1.492438 
2737 -1.770725 
2738 -1.234328 
2739 -1.364579 
2740 -1.432144 
2741 -1.323864 
2742 -1.564935 
2743 -1.530806 
2744 -1.670827 
2745 -1.237353 
2746 -1.435422 
2747 -1.409754 
2748 -1.552979 
2749 -1.564532 
2750 -1.296068 
2751 -1.292473 
2752 -1.976209 
2753 -2.219743 
2754 -0.582723 
2755 -0.474593 
2756 -1.687088 
2757 -1.595691 
2758 -1.165146 
2759 -1.341518 
2760 -2.068771 
2761 -0.631182 
2762 -2.220614 
2763 -0.491947 
2764 -1.590986 
2765 -0.847466 
2766 -0.983876 
2767 -2.128798 
2768 -2.542121 
2769 -1.174360 
2770 -0.819194 
2771 -0.944523 
2772 -1.081775 
2773 -1.855703 
2774 -2.061316 
2775 -0.538214 
2776 -1.196198 
2777 -0.663170 
2778 -2.205657 
2779 -1.528718 
2780 -2.348053 
2781 -1.393120 
2782 -0.863690 
2783 -0.934401 
2784 -1.758611 
2785 -1.557001 
2786 -1.551057 
2787 -0.969352 
2788 -1.978946 
2789 -1.017738 
2790 -1.957306 
2791 -0.510355 
2792 -2.419436 
2793 -0.422557 
2794 -1.737722 
2795 -0.767156 
2796 -1.863559 
2797 -0.984461 
2798 -0.691030 
2799 -1.957160 
2800 -1.693719 
2801 -2.022978 
2802 -0.957384 
2803 -1.057411 
2804 -1.703523 
2805 -0.920008 
2806 -2.076723 
2807 -0.909481 
2808 -1.739264 
2809 -1.035019 
2810 -1.436799 
2811 -1.460503 
2812 -1.358016 
2813 -1.186794 
2814 -2.064976 
2815 -0.818585 
2816 -1.952029 
2817 -1.732232 
2818 -1.253365 
2819 -0.672681 
2820 -1.788722 
2821 -1.275742 
2822 -1.652762 
2823 -1.079432 
2824 -1.405385 
2825 -1.142295 
2826 -1.771163 
2827 -1.463708 
2828 -2.079227 
2829 -1.508199 
2830 -0.770085 
2831 -1.222065 
2832 -1.325729 
2833 -1.662606 
2834 -1.232560 
2835 -1.548459 
2836 -1.387071 
2837 -1.336323 
2838 -1.950971 
2839 -1.132073 
2840 -1.758995 
2841 -0.910227 
2842 -1.829568 
2843 -1.156961 
2844 -1.502343 
2845 -1.470103 
2846 -1.045364 
2847 -1.794481 
2848 -1.599028 
2849 -1.616006 
2850 -1.180515 
2851 -1.466011 
2852 -1.348496 
2853 -1.444761 
2854 -1.716720 
2855 -1.171353 
2856 -1.402707 
2857 -1.305731 
2858 -1.485128 
2859 -1.713954 
2860 -1.549723 
2861 -1.388349 
2862 -1.904389 
2863 -0.937667 
2864 -1.518479 
2865 -1.783338 
2866 -1.310950 
2867 -1.254696 
2868 -1.684512 
2869 -1.623797 
2870 -1.522702 
2871 -0.882423 
2872 -1.277355 
2873 -1.084417 
2874 -2.031672 
2875 -1.217643 
2876 -1.244296 
2877 -1.677213 
2878 -1.215371 
2879 -1.595678 
2880 -1.385459 
2881 -2.080230 
2882 -1.585827 
2883 -0.391753 
2884 -1.632786 
2885 -0.593346 
2886 -1.945895 
2887 -1.461738 
2888 -2.100043 
2889 -1.701559 
2890 -1.182643 
2891 -0.585466 
2892 -1.528153 
2893 -0.378512 
2894 -0.610378 
2895 -2.615128 
2896 -2.012031 
2897 -1.908957 
2898 -0.799021 
2899 -0.833868 
2900 -2.045147 
2901 -0.606441 
2902 -2.100877 
2903 -0.622756 
2904 -1.909772 
2905 -0.393303 
2906 -1.155184 
2907 -2.066709 
2908 -2.263904 
2909 -1.541063 
2910 -0.791878 
2911 -0.858534 
2912 -2.138196 
2913 -1.193350 
2914 -0.717136 
2915 -1.583960 
2916 -0.973624 
2917 -2.089976 
2918 -1.870912 
2919 -0.633610 
2920 -1.142967 
2921 -0.417113 
2922 -1.926288 
2923 -1.942912 
2924 -1.984420 
2925 -1.016304 
2926 -0.741886 
2927 -1.832175 
2928 -2.115619 
2929 -2.050148 
2930 -0.714924 
2931 -0.487053 
2932 -2.310319 
2933 -0.842685 
2934 -1.606316 
2935 -0.747349 
2936 -1.503192 
2937 -1.427831 
2938 -1.988899 
2939 -0.746644 
2940 -1.053381 
2941 -1.142665 
2942 -1.201140 
2943 -2.240701 
2944 -1.201831 
2945 -2.060885 
2946 -1.420226 
2947 -0.901011 
2948 -1.397141 
2949 -1.576790 
2950 -1.733270 
2951 -1.216433 
2952 -1.147553 
2953 -1.406891 
2954 -1.776680 
2955 -1.397935 
2956 -1.408222 
2957 -1.355152 
2958 -1.048114 
2959 -1.870187 
2960 -1.770223 
2961 -1.339551 
2962 -1.488647 
2963 -1.182072 
2964 -1.234979 
2965 -1.488060 
2966 -1.850863 
2967 -1.282297 
2968 -1.795435 
2969 -1.022150 
2970 -1.664312 
2971 -1.252378 
2972 -1.779833 
2973 -1.469641 
2974 -1.205074 
2975 -1.390459 
2976 -1.650081 
2977 -1.783447 
2978 -1.200379 
2979 -1.386642 
2980 -1.373779 
2981 -1.143323 
2982 -2.114490 
2983 -1.061480 
2984 -1.657620 
2985 -1.089459 
2986 -1.551188 
2987 -1.608926 
2988 -1.550781 
2989 -1.499897 
2990 -1.073150 
2991 -1.554178 
2992 -1.844707 
2993 -1.586033 
2994 -0.847667 
2995 -1.389563 
2996 -1.576553 
2997 -1.240059 
2998 -1.512830 
2999 -1.453545 
3000 -1.350009 
3001 -1.507135 
3002 -1.484703 
3003 -1.530810 
3004 -1.473785 
3005 -1.709380 
3006 -1.085680 
3007 -1.410169 
3008 -2.639978 
3009 -0.755371 
3010 -1.389703 
3011 -0.313401 
3012 -0.843212 
3013 -2.162723 
3014 -2.007766 
3015 -0.342154 
3016 -1.621867 
3017 -0.592998 
3018 -2.384309 
3019 -0.825355 
3020 -2.546590 
3021 -1.276771 
3022 -0.820060 
3023 -0.888342 
3024 -2.302442 
3025 -0.983273 
3026 -1.783410 
3027 -0.481840 
3028 -1.552743 
3029 -0.682427 
3030 -2.432535 
3031 -0.714809 
3032 -2.466574 
3033 -0.652378 
3034 -1.467118 
3035 -0.760946 
3036 -1.791281 
3037 -0.443376 
3038 -0.861766 
3039 -2.271657 
3040 -2.149834 
3041 -1.988956 
3042 -0.600231 
3043 -0.647529 
3044 -2.300498 
3045 -0.798380 
3046 -1.702982 
3047 -0.664663 
3048 -1.862669 
3049 -0.160826 
3050 -0.482736 
3051 -2.459684 
3052 -1.814358 
3053 -1.678182 
3054 -1.027182 
3055 -1.266547 
3056 -2.195244 
3057 -1.905797 
3058 -0.819111 
3059 -0.515675 
3060 -2.232498 
3061 -0.550856 
3062 -1.925680 
3063 -0.696244 
3064 -1.453858 
3065 -1.095104 
3066 -1.958069 
3067 -1.140002 
3068 -1.447590 
3069 -0.997510 
3070 -2.254848 
3071 -0.888702 
