2132 1
0 -0.358531 
1 -0.070424 
2 -0.127982 
3 0.264634 
4 0.413654 
5 0.074465 
6 -0.378917 
7 -0.499997 
8 -0.261511 
9 -0.205681 
10 0.044559 
11 0.410602 
12 0.066584 
13 -0.294760 
14 0.292482 
15 0.449418 
16 -0.324800 
17 0.119857 
18 0.264740 
19 0.455015 
20 0.274128 
21 -0.061397 
22 0.337981 
23 -0.263847 
24 0.393409 
25 0.238800 
26 -0.365261 
27 -0.346822 
28 0.199484 
29 0.039967 
30 0.020176 
31 -0.352494 
32 0.179964 
33 -0.296911 
34 0.296342 
35 0.418274 
36 0.055461 
37 0.247565 
38 0.457416 
39 0.332844 
40 0.464341 
41 -0.060805 
42 0.407763 
43 -0.341892 
44 -0.139353 
45 -0.203903 
46 -0.173968 
47 -0.285025 
48 -0.166339 
49 0.278089 
50 -0.295495 
51 0.003622 
52 -0.304849 
53 0.487982 
54 0.456358 
55 -0.312607 
56 0.078466 
57 0.260548 
58 0.131667 
59 -0.183406 
60 -0.328720 
61 0.243564 
62 -0.368109 
63 0.045461 
64 0.277573 
65 -0.245211 
66 -0.330823 
67 -0.256244 
68 0.473011 
69 0.122317 
70 -0.446146 
71 0.164442 
72 0.258118 
73 0.128762 
74 -0.188060 
75 0.070999 
76 -0.018134 
77 0.064136 
78 -0.499918 
79 0.041444 
80 0.167827 
81 -0.248331 
82 0.165838 
83 -0.388216 
84 0.251965 
85 -0.400758 
86 0.442369 
87 -0.164596 
88 -0.017079 
89 0.334608 
90 -0.011732 
91 -0.286586 
92 0.307425 
93 0.070503 
94 0.211050 
95 0.243026 
96 -0.198600 
97 0.408337 
98 -0.349933 
99 0.227646 
100 -0.369352 
101 -0.284896 
102 -0.114203 
103 0.061546 
104 0.222300 
105 -0.022011 
106 -0.349091 
107 -0.156886 
108 -0.460734 
109 0.322648 
110 -0.337981 
111 0.342850 
112 0.042232 
113 0.244143 
114 0.147126 
115 -0.204817 
116 -0.471718 
117 -0.156327 
118 -0.294464 
119 -0.224188 
120 0.280634 
121 0.253853 
122 -0.224714 
123 -0.454096 
124 -0.043219 
125 -0.202457 
126 0.122807 
127 -0.175046 
128 0.171885 
129 -0.265686 
130 0.432691 
131 0.237946 
132 -0.409874 
133 0.190597 
134 -0.070424 
135 -0.127982 
136 0.264634 
137 0.413654 
138 0.074465 
139 -0.378917 
140 -0.499997 
141 -0.261511 
142 -0.205681 
143 0.044559 
144 0.410602 
145 0.066584 
146 -0.294760 
147 0.292482 
148 0.449418 
149 -0.324800 
150 0.119857 
151 0.264740 
152 0.455015 
153 0.274128 
154 -0.061397 
155 0.337981 
156 -0.263847 
157 0.393409 
158 0.238800 
159 -0.365261 
160 -0.346822 
161 0.199484 
162 0.039967 
163 0.020176 
164 -0.352494 
165 0.179964 
166 -0.296911 
167 0.296342 
168 0.418274 
169 0.055461 
170 0.247565 
171 0.457416 
172 0.332844 
173 0.464341 
174 -0.060805 
175 0.407763 
176 -0.341892 
177 -0.139353 
178 -0.203903 
179 -0.173968 
180 -0.285025 
181 -0.166339 
182 0.278089 
183 -0.295495 
184 0.003622 
185 -0.304849 
186 0.487982 
187 0.456358 
188 -0.312607 
189 0.078466 
190 0.260548 
191 0.131667 
192 -0.183406 
193 -0.328720 
194 0.243564 
195 -0.368109 
196 0.045461 
197 0.277573 
198 -0.245211 
199 -0.330823 
200 -0.256244 
201 0.473011 
202 0.122317 
203 -0.446146 
204 0.164442 
205 0.258118 
206 0.128762 
207 -0.188060 
208 0.070999 
209 -0.018134 
210 0.064136 
211 -0.499918 
212 0.041444 
213 0.167827 
214 -0.248331 
215 0.165838 
216 -0.388216 
217 0.251965 
218 -0.400758 
219 0.442369 
220 -0.164596 
221 -0.017079 
222 0.334608 
223 -0.011732 
224 -0.286586 
225 0.307425 
226 0.070503 
227 0.211050 
228 0.243026 
229 -0.198600 
230 0.408337 
231 -0.198600 
232 0.408337 
233 -0.349933 
234 0.227646 
235 -0.369352 
236 -0.284896 
237 -0.114203 
238 0.061546 
239 0.222300 
240 -0.022011 
241 -0.349091 
242 -0.156886 
243 -0.460734 
244 0.322648 
245 -0.337981 
246 0.342850 
247 0.042232 
248 0.244143 
249 0.147126 
250 -0.204817 
251 -0.471718 
252 -0.156327 
253 -0.294464 
254 -0.224188 
255 0.280634 
256 0.253853 
257 -0.224714 
258 -0.454096 
259 -0.070424 
260 -0.127982 
261 0.264634 
262 0.413654 
263 0.074465 
264 -0.378917 
265 -0.499997 
266 -0.261511 
267 -0.205681 
268 0.044559 
269 0.410602 
270 0.066584 
271 -0.294760 
272 0.292482 
273 0.449418 
274 -0.324800 
275 0.119857 
276 0.264740 
277 0.455015 
278 0.274128 
279 -0.061397 
280 0.337981 
281 -0.263847 
282 0.393409 
283 0.238800 
284 -0.365261 
285 -0.346822 
286 0.199484 
287 0.039967 
288 0.020176 
289 -0.352494 
290 0.179964 
291 -0.296911 
292 0.296342 
293 0.418274 
294 0.055461 
295 0.247565 
296 0.457416 
297 0.332844 
298 0.464341 
299 -0.060805 
300 0.407763 
301 -0.341892 
302 -0.139353 
303 -0.203903 
304 -0.173968 
305 -0.285025 
306 -0.166339 
307 0.278089 
308 -0.295495 
309 0.003622 
310 -0.304849 
311 0.487982 
312 0.456358 
313 -0.312607 
314 0.078466 
315 0.260548 
316 0.131667 
317 -0.183406 
318 -0.328720 
319 0.243564 
320 -0.368109 
321 0.045461 
322 0.277573 
323 -0.245211 
324 -0.330823 
325 -0.256244 
326 0.473011 
327 0.122317 
328 -0.446146 
329 0.164442 
330 0.258118 
331 0.128762 
332 -0.188060 
333 0.070999 
334 -0.018134 
335 0.064136 
336 -0.499918 
337 0.041444 
338 0.167827 
339 -0.248331 
340 0.165838 
341 -0.388216 
342 0.251965 
343 -0.400758 
344 0.442369 
345 -0.164596 
346 -0.017079 
347 0.334608 
348 -0.011732 
349 -0.286586 
350 0.307425 
351 0.070503 
352 0.211050 
353 0.243026 
354 -0.198600 
355 0.408337 
356 -0.349933 
357 0.227646 
358 -0.369352 
359 -0.284896 
360 -0.114203 
361 0.061546 
362 0.222300 
363 -0.022011 
364 -0.349091 
365 -0.156886 
366 -0.460734 
367 0.322648 
368 -0.337981 
369 0.342850 
370 0.042232 
371 0.244143 
372 0.147126 
373 -0.204817 
374 -0.471718 
375 -0.156327 
376 -0.294464 
377 -0.127982 
378 0.264634 
379 0.413654 
380 0.074465 
381 -0.378917 
382 -0.499997 
383 -0.261511 
384 -0.205681 
385 0.044559 
386 0.410602 
387 0.066584 
388 -0.294760 
389 0.292482 
390 0.449418 
391 -0.324800 
392 0.119857 
393 0.264740 
394 0.455015 
395 0.274128 
396 -0.061397 
397 0.337981 
398 -0.263847 
399 0.393409 
400 0.238800 
401 -0.365261 
402 -0.346822 
403 0.199484 
404 0.039967 
405 0.020176 
406 -0.352494 
407 0.179964 
408 -0.296911 
409 0.296342 
410 0.418274 
411 0.055461 
412 0.247565 
413 0.457416 
414 0.332844 
415 0.464341 
416 -0.060805 
417 0.407763 
418 -0.341892 
419 -0.139353 
420 -0.203903 
421 -0.173968 
422 -0.285025 
423 -0.166339 
424 0.278089 
425 -0.295495 
426 0.003622 
427 -0.304849 
428 0.487982 
429 0.456358 
430 -0.312607 
431 0.078466 
432 0.260548 
433 0.131667 
434 -0.183406 
435 -0.328720 
436 0.243564 
437 -0.368109 
438 0.045461 
439 0.277573 
440 -0.245211 
441 -0.330823 
442 -0.256244 
443 0.473011 
444 0.122317 
445 -0.446146 
446 0.164442 
447 0.258118 
448 0.128762 
449 -0.188060 
450 0.070999 
451 -0.018134 
452 0.064136 
453 -0.499918 
454 0.041444 
455 0.167827 
456 -0.248331 
457 0.165838 
458 -0.388216 
459 0.251965 
460 -0.400758 
461 0.442369 
462 0.167827 
463 -0.248331 
464 0.165838 
465 -0.388216 
466 0.251965 
467 -0.400758 
468 0.442369 
469 -0.164596 
470 -0.017079 
471 0.334608 
472 -0.011732 
473 -0.286586 
474 0.307425 
475 0.070503 
476 0.211050 
477 0.243026 
478 -0.198600 
479 0.408337 
480 -0.349933 
481 0.227646 
482 -0.369352 
483 -0.284896 
484 -0.114203 
485 0.061546 
486 0.222300 
487 -0.127982 
488 0.264634 
489 0.413654 
490 0.074465 
491 -0.378917 
492 -0.499997 
493 -0.261511 
494 -0.205681 
495 0.044559 
496 0.410602 
497 0.066584 
498 -0.294760 
499 0.292482 
500 0.449418 
501 -0.324800 
502 0.119857 
503 0.264740 
504 0.455015 
505 0.274128 
506 -0.061397 
507 0.337981 
508 -0.263847 
509 0.393409 
510 0.238800 
511 -0.365261 
512 -0.346822 
513 0.199484 
514 0.039967 
515 0.020176 
516 -0.352494 
517 0.179964 
518 -0.296911 
519 0.296342 
520 0.418274 
521 0.055461 
522 0.247565 
523 0.457416 
524 0.332844 
525 0.464341 
526 -0.060805 
527 0.407763 
528 -0.341892 
529 -0.139353 
530 -0.203903 
531 -0.173968 
532 -0.285025 
533 -0.166339 
534 0.278089 
535 -0.295495 
536 0.003622 
537 -0.304849 
538 0.487982 
539 0.456358 
540 -0.312607 
541 0.078466 
542 0.260548 
543 0.131667 
544 -0.183406 
545 -0.328720 
546 0.243564 
547 -0.368109 
548 0.045461 
549 0.277573 
550 -0.245211 
551 -0.330823 
552 -0.256244 
553 0.473011 
554 0.122317 
555 -0.446146 
556 0.164442 
557 0.258118 
558 0.128762 
559 -0.188060 
560 0.070999 
561 -0.018134 
562 0.064136 
563 -0.499918 
564 0.041444 
565 0.167827 
566 -0.248331 
567 0.165838 
568 -0.388216 
569 0.251965 
570 -0.400758 
571 0.442369 
572 -0.164596 
573 -0.017079 
574 0.334608 
575 -0.011732 
576 -0.286586 
577 0.307425 
578 0.070503 
579 0.211050 
580 0.243026 
581 -0.198600 
582 0.408337 
583 -0.349933 
584 0.227646 
585 -0.369352 
586 -0.284896 
587 -0.114203 
588 0.061546 
589 0.222300 
590 0.413654 
591 0.074465 
592 -0.378917 
593 -0.499997 
594 -0.261511 
595 -0.205681 
596 0.044559 
597 0.410602 
598 0.066584 
599 -0.294760 
600 0.292482 
601 0.449418 
602 0.128762 
603 -0.188060 
604 0.070999 
605 -0.018134 
606 0.064136 
607 -0.499918 
608 0.041444 
609 0.167827 
610 -0.248331 
611 0.165838 
612 -0.388216 
613 0.251965 
614 -0.400758 
615 0.442369 
616 -0.164596 
617 -0.017079 
618 0.334608 
619 -0.011732 
620 -0.286586 
621 0.307425 
622 0.070503 
623 0.211050 
624 0.243026 
625 -0.198600 
626 0.408337 
627 -0.349933 
628 0.227646 
629 -0.369352 
630 -0.284896 
631 -0.114203 
632 0.061546 
633 0.222300 
634 -0.022011 
635 -0.349091 
636 -0.156886 
637 -0.460734 
638 0.322648 
639 -0.337981 
640 0.342850 
641 0.042232 
642 0.244143 
643 0.147126 
644 -0.204817 
645 -0.471718 
646 -0.156327 
647 -0.294464 
648 -0.224188 
649 0.280634 
650 0.253853 
651 -0.224714 
652 -0.454096 
653 -0.043219 
654 -0.202457 
655 0.122807 
656 -0.175046 
657 0.171885 
658 -0.265686 
659 0.432691 
660 0.237946 
661 -0.409874 
662 0.190597 
663 -0.412497 
664 -0.435788 
665 -0.235850 
666 0.205152 
667 0.428694 
668 -0.112032 
669 0.098255 
670 -0.301729 
671 0.463497 
672 -0.262966 
673 -0.118734 
674 0.350594 
675 0.432845 
676 -0.154148 
677 0.098931 
678 -0.458045 
679 -0.108374 
680 0.293753 
681 0.398859 
682 -0.074897 
683 -0.380778 
684 0.445827 
685 -0.212076 
686 0.216833 
687 0.074465 
688 -0.378917 
689 -0.499997 
690 -0.261511 
691 -0.205681 
692 0.044559 
693 0.410602 
694 0.066584 
695 -0.294760 
696 0.292482 
697 0.449418 
698 -0.324800 
699 0.119857 
700 0.264740 
701 0.455015 
702 0.274128 
703 -0.061397 
704 0.337981 
705 -0.263847 
706 0.393409 
707 0.238800 
708 -0.365261 
709 -0.346822 
710 0.199484 
711 0.039967 
712 0.020176 
713 -0.352494 
714 0.179964 
715 -0.296911 
716 0.296342 
717 0.418274 
718 0.055461 
719 0.247565 
720 0.457416 
721 0.332844 
722 0.464341 
723 -0.060805 
724 0.407763 
725 -0.341892 
726 -0.139353 
727 -0.203903 
728 -0.173968 
729 -0.285025 
730 -0.166339 
731 0.278089 
732 -0.295495 
733 0.003622 
734 -0.304849 
735 0.487982 
736 0.456358 
737 -0.312607 
738 0.078466 
739 0.260548 
740 0.131667 
741 -0.183406 
742 -0.328720 
743 0.243564 
744 -0.368109 
745 0.045461 
746 0.277573 
747 -0.245211 
748 -0.330823 
749 -0.256244 
750 0.473011 
751 0.122317 
752 -0.446146 
753 0.164442 
754 0.258118 
755 0.128762 
756 -0.188060 
757 0.070999 
758 -0.018134 
759 0.064136 
760 -0.499918 
761 0.041444 
762 0.167827 
763 -0.248331 
764 0.165838 
765 -0.388216 
766 0.251965 
767 -0.400758 
768 0.442369 
769 -0.164596 
770 -0.017079 
771 0.334608 
772 -0.011732 
773 -0.286586 
774 0.307425 
775 0.070503 
776 0.211050 
777 0.243026 
778 -0.378917 
779 -0.499997 
780 -0.261511 
781 -0.205681 
782 0.044559 
783 0.410602 
784 0.066584 
785 -0.294760 
786 0.292482 
787 0.449418 
788 -0.324800 
789 0.119857 
790 0.264740 
791 0.455015 
792 0.274128 
793 -0.061397 
794 0.337981 
795 -0.263847 
796 0.393409 
797 0.238800 
798 -0.365261 
799 -0.346822 
800 0.199484 
801 0.039967 
802 0.020176 
803 -0.352494 
804 0.179964 
805 -0.296911 
806 0.296342 
807 0.418274 
808 0.055461 
809 0.247565 
810 0.457416 
811 0.332844 
812 0.464341 
813 -0.060805 
814 0.407763 
815 -0.341892 
816 -0.139353 
817 -0.203903 
818 -0.173968 
819 -0.285025 
820 -0.166339 
821 0.278089 
822 -0.295495 
823 0.003622 
824 -0.304849 
825 0.487982 
826 0.456358 
827 -0.312607 
828 0.078466 
829 0.260548 
830 0.131667 
831 -0.183406 
832 -0.328720 
833 0.243564 
834 -0.368109 
835 0.045461 
836 0.277573 
837 -0.245211 
838 -0.330823 
839 -0.256244 
840 0.473011 
841 0.122317 
842 -0.446146 
843 0.164442 
844 0.258118 
845 0.128762 
846 -0.188060 
847 0.070999 
848 -0.018134 
849 0.064136 
850 -0.499918 
851 0.041444 
852 0.167827 
853 -0.248331 
854 -0.248331 
855 0.165838 
856 -0.388216 
857 0.251965 
858 -0.400758 
859 0.442369 
860 -0.164596 
861 -0.017079 
862 0.334608 
863 -0.378917 
864 -0.499997 
865 -0.261511 
866 -0.205681 
867 0.044559 
868 0.410602 
869 0.066584 
870 -0.294760 
871 0.292482 
872 0.449418 
873 -0.324800 
874 0.119857 
875 0.264740 
876 0.455015 
877 0.274128 
878 -0.061397 
879 0.337981 
880 -0.263847 
881 0.393409 
882 0.238800 
883 -0.365261 
884 -0.346822 
885 0.199484 
886 0.039967 
887 0.020176 
888 -0.352494 
889 0.179964 
890 -0.296911 
891 0.296342 
892 0.418274 
893 0.055461 
894 0.247565 
895 0.457416 
896 0.332844 
897 0.464341 
898 -0.060805 
899 0.407763 
900 -0.341892 
901 -0.139353 
902 -0.203903 
903 -0.173968 
904 -0.285025 
905 -0.166339 
906 0.278089 
907 -0.295495 
908 0.003622 
909 -0.304849 
910 0.487982 
911 0.456358 
912 -0.312607 
913 0.078466 
914 0.260548 
915 0.131667 
916 -0.183406 
917 -0.328720 
918 0.243564 
919 -0.368109 
920 0.045461 
921 0.277573 
922 -0.245211 
923 -0.330823 
924 -0.256244 
925 0.473011 
926 0.122317 
927 -0.446146 
928 0.164442 
929 0.258118 
930 0.128762 
931 -0.188060 
932 0.070999 
933 -0.018134 
934 0.064136 
935 -0.499918 
936 0.041444 
937 0.167827 
938 -0.248331 
939 0.165838 
940 -0.388216 
941 0.251965 
942 -0.400758 
943 -0.378917 
944 -0.499997 
945 -0.261511 
946 -0.205681 
947 0.044559 
948 0.410602 
949 0.066584 
950 -0.294760 
951 0.292482 
952 0.449418 
953 -0.324800 
954 0.119857 
955 0.264740 
956 0.455015 
957 0.274128 
958 -0.061397 
959 0.337981 
960 -0.263847 
961 0.393409 
962 0.238800 
963 -0.365261 
964 -0.346822 
965 0.199484 
966 0.039967 
967 0.020176 
968 -0.352494 
969 0.179964 
970 -0.296911 
971 0.296342 
972 0.418274 
973 0.055461 
974 0.247565 
975 0.457416 
976 0.332844 
977 0.464341 
978 -0.060805 
979 0.407763 
980 -0.341892 
981 -0.139353 
982 -0.203903 
983 -0.173968 
984 -0.285025 
985 -0.166339 
986 0.278089 
987 -0.295495 
988 0.003622 
989 -0.304849 
990 0.487982 
991 0.456358 
992 -0.312607 
993 0.078466 
994 0.260548 
995 0.131667 
996 -0.183406 
997 -0.328720 
998 0.243564 
999 -0.368109 
1000 0.045461 
1001 0.277573 
1002 -0.245211 
1003 -0.330823 
1004 -0.256244 
1005 0.473011 
1006 0.122317 
1007 -0.446146 
1008 0.164442 
1009 0.258118 
1010 0.128762 
1011 -0.188060 
1012 0.070999 
1013 -0.018134 
1014 0.064136 
1015 -0.499918 
1016 0.041444 
1017 0.167827 
1018 0.066584 
1019 -0.294760 
1020 0.292482 
1021 0.449418 
1022 -0.324800 
1023 0.119857 
1024 0.119857 
1025 0.264740 
1026 0.455015 
1027 0.274128 
1028 -0.061397 
1029 0.337981 
1030 -0.263847 
1031 0.393409 
1032 0.238800 
1033 -0.365261 
1034 -0.346822 
1035 0.199484 
1036 0.039967 
1037 0.020176 
1038 -0.352494 
1039 0.179964 
1040 -0.296911 
1041 0.296342 
1042 0.418274 
1043 0.055461 
1044 0.247565 
1045 0.457416 
1046 0.332844 
1047 0.464341 
1048 -0.060805 
1049 0.407763 
1050 -0.341892 
1051 -0.139353 
1052 -0.203903 
1053 -0.173968 
1054 -0.285025 
1055 -0.166339 
1056 0.278089 
1057 -0.295495 
1058 0.003622 
1059 -0.304849 
1060 0.487982 
1061 0.456358 
1062 -0.312607 
1063 0.078466 
1064 0.260548 
1065 0.131667 
1066 -0.183406 
1067 -0.328720 
1068 0.243564 
1069 -0.368109 
1070 0.045461 
1071 0.277573 
1072 -0.245211 
1073 -0.330823 
1074 -0.256244 
1075 0.473011 
1076 0.122317 
1077 -0.446146 
1078 0.164442 
1079 0.258118 
1080 0.128762 
1081 -0.188060 
1082 0.070999 
1083 -0.018134 
1084 0.064136 
1085 -0.499918 
1086 0.041444 
1087 0.167827 
1088 -0.294760 
1089 0.292482 
1090 0.449418 
1091 -0.324800 
1092 0.119857 
1093 0.264740 
1094 0.455015 
1095 0.274128 
1096 -0.061397 
1097 0.337981 
1098 -0.263847 
1099 0.393409 
1100 0.238800 
1101 0.238800 
1102 -0.365261 
1103 -0.346822 
1104 0.199484 
1105 0.039967 
1106 0.020176 
1107 -0.352494 
1108 0.179964 
1109 -0.296911 
1110 0.296342 
1111 0.418274 
1112 0.055461 
1113 0.247565 
1114 0.457416 
1115 0.332844 
1116 0.464341 
1117 -0.060805 
1118 0.407763 
1119 -0.341892 
1120 -0.139353 
1121 -0.203903 
1122 -0.173968 
1123 -0.285025 
1124 -0.166339 
1125 0.278089 
1126 -0.295495 
1127 0.003622 
1128 -0.304849 
1129 0.487982 
1130 0.456358 
1131 -0.312607 
1132 0.078466 
1133 0.260548 
1134 0.131667 
1135 -0.183406 
1136 -0.328720 
1137 0.243564 
1138 -0.368109 
1139 0.045461 
1140 0.277573 
1141 -0.245211 
1142 -0.330823 
1143 -0.256244 
1144 0.473011 
1145 0.122317 
1146 -0.446146 
1147 0.164442 
1148 0.258118 
1149 0.128762 
1150 -0.188060 
1151 0.070999 
1152 -0.018134 
1153 0.064136 
1154 0.281348 
1155 -0.126706 
1156 0.469323 
1157 -0.078793 
1158 0.246064 
1159 0.408805 
1160 0.062672 
1161 0.291155 
1162 0.332893 
1163 0.029301 
1164 0.158562 
1165 0.034613 
1166 -0.488069 
1167 0.360981 
1168 -0.107115 
1169 0.143039 
1170 0.481871 
1171 0.227710 
1172 0.431590 
1173 0.002442 
1174 0.175241 
1175 -0.066214 
1176 -0.156114 
1177 0.022505 
1178 0.284352 
1179 -0.022740 
1180 0.362200 
1181 -0.328337 
1182 0.455214 
1183 0.071759 
1184 0.083894 
1185 -0.104907 
1186 0.297678 
1187 0.091339 
1188 -0.019535 
1189 0.414238 
1190 -0.115448 
1191 0.264277 
1192 0.046956 
1193 -0.379727 
1194 -0.113482 
1195 -0.298932 
1196 0.332203 
1197 -0.498471 
1198 0.143370 
1199 -0.031591 
1200 -0.112759 
1201 -0.214728 
1202 0.061201 
1203 0.488435 
1204 0.235108 
1205 -0.081522 
1206 -0.085946 
1207 0.125396 
1208 -0.402144 
1209 0.445081 
1210 0.122502 
1211 0.188936 
1212 0.087716 
1213 0.160040 
1214 -0.176874 
1215 -0.050832 
1216 -0.261511 
1217 -0.205681 
1218 0.044559 
1219 0.410602 
1220 0.066584 
1221 -0.294760 
1222 0.274128 
1223 -0.061397 
1224 0.337981 
1225 -0.263847 
1226 0.393409 
1227 0.238800 
1228 -0.365261 
1229 -0.346822 
1230 0.199484 
1231 0.039967 
1232 0.020176 
1233 -0.352494 
1234 0.179964 
1235 -0.296911 
1236 0.296342 
1237 0.418274 
1238 0.055461 
1239 0.247565 
1240 0.457416 
1241 0.332844 
1242 0.464341 
1243 -0.060805 
1244 0.407763 
1245 -0.341892 
1246 -0.139353 
1247 -0.203903 
1248 -0.173968 
1249 -0.285025 
1250 -0.166339 
1251 0.278089 
1252 -0.295495 
1253 0.003622 
1254 -0.304849 
1255 0.487982 
1256 0.456358 
1257 -0.312607 
1258 0.078466 
1259 0.260548 
1260 0.131667 
1261 -0.183406 
1262 -0.328720 
1263 0.243564 
1264 -0.368109 
1265 0.045461 
1266 0.277573 
1267 -0.245211 
1268 -0.330823 
1269 -0.256244 
1270 0.473011 
1271 0.122317 
1272 -0.446146 
1273 0.164442 
1274 0.278089 
1275 -0.295495 
1276 0.003622 
1277 -0.304849 
1278 0.487982 
1279 0.456358 
1280 -0.312607 
1281 0.078466 
1282 0.260548 
1283 0.131667 
1284 -0.183406 
1285 -0.328720 
1286 0.243564 
1287 -0.368109 
1288 0.045461 
1289 0.277573 
1290 -0.245211 
1291 -0.330823 
1292 -0.256244 
1293 0.473011 
1294 0.122317 
1295 -0.446146 
1296 0.164442 
1297 0.258118 
1298 0.128762 
1299 -0.188060 
1300 0.070999 
1301 -0.018134 
1302 0.064136 
1303 -0.499918 
1304 0.041444 
1305 0.167827 
1306 -0.248331 
1307 0.165838 
1308 -0.388216 
1309 0.251965 
1310 -0.400758 
1311 0.442369 
1312 -0.164596 
1313 -0.017079 
1314 0.334608 
1315 -0.011732 
1316 -0.286586 
1317 0.307425 
1318 0.070503 
1319 0.211050 
1320 0.243026 
1321 -0.198600 
1322 0.408337 
1323 -0.349933 
1324 0.227646 
1325 -0.369352 
1326 -0.284896 
1327 -0.114203 
1328 -0.256244 
1329 0.473011 
1330 0.122317 
1331 -0.446146 
1332 0.164442 
1333 0.258118 
1334 0.128762 
1335 -0.188060 
1336 0.070999 
1337 -0.018134 
1338 0.064136 
1339 -0.499918 
1340 0.041444 
1341 0.167827 
1342 -0.248331 
1343 0.165838 
1344 -0.388216 
1345 0.251965 
1346 -0.400758 
1347 0.442369 
1348 -0.164596 
1349 -0.017079 
1350 0.334608 
1351 -0.011732 
1352 -0.286586 
1353 0.307425 
1354 0.070503 
1355 0.211050 
1356 0.243026 
1357 -0.198600 
1358 0.408337 
1359 -0.349933 
1360 0.307425 
1361 0.070503 
1362 0.211050 
1363 0.243026 
1364 -0.198600 
1365 0.408337 
1366 -0.349933 
1367 0.227646 
1368 -0.369352 
1369 -0.284896 
1370 -0.114203 
1371 0.061546 
1372 0.222300 
1373 -0.022011 
1374 -0.349091 
1375 -0.156886 
1376 -0.460734 
1377 0.322648 
1378 -0.337981 
1379 -0.499918 
1380 0.041444 
1381 0.167827 
1382 -0.248331 
1383 0.165838 
1384 -0.388216 
1385 0.251965 
1386 -0.400758 
1387 0.442369 
1388 -0.164596 
1389 -0.017079 
1390 0.334608 
1391 -0.011732 
1392 -0.286586 
1393 0.307425 
1394 0.070503 
1395 0.211050 
1396 0.243026 
1397 -0.198600 
1398 0.408337 
1399 -0.349933 
1400 0.227646 
1401 -0.369352 
1402 -0.284896 
1403 -0.114203 
1404 0.061546 
1405 0.222300 
1406 -0.022011 
1407 -0.349091 
1408 -0.156886 
1409 -0.460734 
1410 0.322648 
1411 -0.337981 
1412 0.342850 
1413 0.042232 
1414 0.244143 
1415 0.147126 
1416 -0.204817 
1417 -0.471718 
1418 -0.156327 
1419 -0.294464 
1420 -0.224188 
1421 0.280634 
1422 0.253853 
1423 -0.224714 
1424 -0.454096 
1425 -0.043219 
1426 -0.202457 
1427 0.167827 
1428 -0.248331 
1429 0.165838 
1430 -0.388216 
1431 0.251965 
1432 -0.400758 
1433 0.442369 
1434 -0.164596 
1435 -0.017079 
1436 0.334608 
1437 -0.011732 
1438 -0.286586 
1439 0.307425 
1440 0.070503 
1441 0.211050 
1442 0.243026 
1443 -0.198600 
1444 0.408337 
1445 -0.349933 
1446 0.227646 
1447 -0.369352 
1448 -0.284896 
1449 -0.114203 
1450 0.061546 
1451 0.222300 
1452 -0.022011 
1453 -0.349091 
1454 -0.156886 
1455 -0.460734 
1456 0.322648 
1457 -0.337981 
1458 0.342850 
1459 0.042232 
1460 0.244143 
1461 0.147126 
1462 -0.204817 
1463 -0.471718 
1464 -0.156327 
1465 -0.294464 
1466 -0.224188 
1467 0.280634 
1468 0.253853 
1469 -0.224714 
1470 -0.454096 
1471 -0.043219 
1472 0.167827 
1473 -0.248331 
1474 0.165838 
1475 -0.388216 
1476 0.251965 
1477 -0.400758 
1478 0.442369 
1479 -0.164596 
1480 -0.017079 
1481 0.334608 
1482 -0.011732 
1483 -0.286586 
1484 0.307425 
1485 0.070503 
1486 0.211050 
1487 0.243026 
1488 -0.198600 
1489 0.408337 
1490 -0.349933 
1491 0.227646 
1492 -0.369352 
1493 -0.284896 
1494 -0.114203 
1495 0.061546 
1496 0.222300 
1497 -0.022011 
1498 -0.349091 
1499 -0.156886 
1500 -0.460734 
1501 0.322648 
1502 -0.337981 
1503 0.342850 
1504 0.042232 
1505 0.244143 
1506 0.147126 
1507 -0.204817 
1508 -0.471718 
1509 -0.156327 
1510 -0.294464 
1511 -0.224188 
1512 0.280634 
1513 0.253853 
1514 0.070503 
1515 0.211050 
1516 0.243026 
1517 -0.198600 
1518 0.408337 
1519 -0.349933 
1520 0.227646 
1521 -0.369352 
1522 -0.284896 
1523 -0.114203 
1524 0.061546 
1525 0.222300 
1526 -0.022011 
1527 -0.349091 
1528 -0.156886 
1529 -0.460734 
1530 0.322648 
1531 -0.337981 
1532 0.342850 
1533 0.042232 
1534 0.244143 
1535 0.147126 
1536 -0.204817 
1537 -0.471718 
1538 -0.156327 
1539 -0.294464 
1540 -0.224188 
1541 0.280634 
1542 0.253853 
1543 -0.224188 
1544 0.280634 
1545 0.253853 
1546 -0.224714 
1547 -0.454096 
1548 -0.043219 
1549 -0.202457 
1550 0.122807 
1551 -0.175046 
1552 0.171885 
1553 0.227646 
1554 -0.369352 
1555 -0.284896 
1556 -0.114203 
1557 0.061546 
1558 0.222300 
1559 -0.022011 
1560 -0.349091 
1561 -0.156886 
1562 -0.460734 
1563 0.322648 
1564 -0.337981 
1565 0.342850 
1566 0.042232 
1567 0.244143 
1568 0.147126 
1569 -0.204817 
1570 -0.471718 
1571 -0.156327 
1572 -0.294464 
1573 -0.224188 
1574 0.280634 
1575 0.253853 
1576 -0.224714 
1577 -0.454096 
1578 -0.043219 
1579 -0.202457 
1580 0.122807 
1581 -0.175046 
1582 0.171885 
1583 -0.265686 
1584 0.432691 
1585 0.237946 
1586 -0.409874 
1587 0.190597 
1588 -0.412497 
1589 -0.435788 
1590 -0.349933 
1591 0.227646 
1592 -0.369352 
1593 -0.284896 
1594 -0.114203 
1595 0.061546 
1596 0.222300 
1597 -0.022011 
1598 -0.349091 
1599 -0.156886 
1600 -0.460734 
1601 0.322648 
1602 -0.337981 
1603 0.342850 
1604 0.042232 
1605 0.244143 
1606 0.147126 
1607 -0.204817 
1608 -0.471718 
1609 -0.156327 
1610 -0.294464 
1611 -0.224188 
1612 0.280634 
1613 0.253853 
1614 -0.224714 
1615 -0.454096 
1616 -0.043219 
1617 -0.202457 
1618 0.122807 
1619 -0.175046 
1620 0.171885 
1621 -0.265686 
1622 0.432691 
1623 0.237946 
1624 -0.369352 
1625 -0.284896 
1626 -0.114203 
1627 0.061546 
1628 0.222300 
1629 -0.022011 
1630 -0.349091 
1631 -0.156886 
1632 -0.460734 
1633 0.322648 
1634 -0.337981 
1635 0.342850 
1636 0.042232 
1637 0.244143 
1638 0.147126 
1639 -0.204817 
1640 -0.471718 
1641 -0.156327 
1642 -0.294464 
1643 -0.224188 
1644 0.280634 
1645 0.253853 
1646 -0.224714 
1647 -0.454096 
1648 -0.043219 
1649 -0.202457 
1650 0.122807 
1651 -0.175046 
1652 0.171885 
1653 -0.265686 
1654 0.432691 
1655 0.237946 
1656 -0.114203 
1657 0.061546 
1658 0.222300 
1659 -0.022011 
1660 -0.349091 
1661 -0.156886 
1662 -0.460734 
1663 0.322648 
1664 -0.337981 
1665 0.342850 
1666 0.042232 
1667 0.244143 
1668 0.147126 
1669 -0.204817 
1670 -0.471718 
1671 -0.156327 
1672 -0.294464 
1673 -0.224188 
1674 0.280634 
1675 0.253853 
1676 -0.224714 
1677 -0.454096 
1678 -0.043219 
1679 -0.202457 
1680 0.122807 
1681 -0.175046 
1682 0.171885 
1683 -0.265686 
1684 0.432691 
1685 0.237946 
1686 -0.409874 
1687 0.190597 
1688 -0.022011 
1689 -0.349091 
1690 -0.156886 
1691 -0.460734 
1692 0.322648 
1693 -0.337981 
1694 0.342850 
1695 0.042232 
1696 0.244143 
1697 0.147126 
1698 -0.204817 
1699 -0.471718 
1700 -0.156327 
1701 -0.294464 
1702 -0.224188 
1703 0.280634 
1704 0.253853 
1705 -0.224714 
1706 -0.454096 
1707 -0.043219 
1708 -0.202457 
1709 0.122807 
1710 -0.175046 
1711 0.171885 
1712 -0.265686 
1713 0.432691 
1714 0.237946 
1715 -0.409874 
1716 0.190597 
1717 -0.412497 
1718 -0.435788 
1719 -0.235850 
1720 0.244143 
1721 0.147126 
1722 -0.204817 
1723 -0.471718 
1724 -0.156327 
1725 -0.294464 
1726 -0.224188 
1727 0.280634 
1728 0.253853 
1729 -0.224714 
1730 -0.454096 
1731 -0.043219 
1732 -0.202457 
1733 0.122807 
1734 -0.175046 
1735 0.171885 
1736 -0.265686 
1737 0.432691 
1738 0.237946 
1739 -0.409874 
1740 0.190597 
1741 -0.412497 
1742 -0.435788 
1743 -0.235850 
1744 0.205152 
1745 0.428694 
1746 -0.112032 
1747 0.098255 
1748 -0.301729 
1749 0.463497 
1750 -0.262966 
1751 -0.118734 
1752 0.342850 
1753 0.042232 
1754 0.244143 
1755 0.147126 
1756 -0.204817 
1757 -0.471718 
1758 -0.156327 
1759 -0.294464 
1760 -0.224188 
1761 0.280634 
1762 0.253853 
1763 -0.224714 
1764 -0.454096 
1765 -0.043219 
1766 -0.202457 
1767 0.122807 
1768 -0.175046 
1769 0.171885 
1770 -0.265686 
1771 0.432691 
1772 0.237946 
1773 -0.409874 
1774 0.190597 
1775 -0.412497 
1776 -0.435788 
1777 -0.235850 
1778 0.205152 
1779 0.428694 
1780 -0.112032 
1781 0.098255 
1782 -0.301729 
1783 0.463497 
1784 0.253853 
1785 -0.224714 
1786 -0.454096 
1787 -0.043219 
1788 -0.202457 
1789 0.122807 
1790 -0.175046 
1791 0.171885 
1792 -0.265686 
1793 0.432691 
1794 0.237946 
1795 -0.409874 
1796 0.190597 
1797 -0.412497 
1798 -0.435788 
1799 -0.235850 
1800 0.205152 
1801 0.428694 
1802 -0.112032 
1803 0.098255 
1804 -0.301729 
1805 0.463497 
1806 -0.262966 
1807 -0.118734 
1808 0.350594 
1809 0.432845 
1810 -0.154148 
1811 0.444016 
1812 -0.406335 
1813 -0.173428 
1814 0.488027 
1815 0.497328 
1816 -0.224714 
1817 -0.454096 
1818 -0.043219 
1819 -0.202457 
1820 0.122807 
1821 -0.175046 
1822 0.171885 
1823 -0.265686 
1824 0.432691 
1825 0.237946 
1826 -0.409874 
1827 0.190597 
1828 0.171885 
1829 -0.265686 
1830 0.432691 
1831 0.237946 
1832 -0.409874 
1833 0.190597 
1834 -0.412497 
1835 -0.435788 
1836 -0.235850 
1837 0.205152 
1838 0.428694 
1839 -0.112032 
1840 0.098255 
1841 -0.301729 
1842 0.463497 
1843 -0.262966 
1844 -0.118734 
1845 0.350594 
1846 0.432845 
1847 0.098931 
1848 0.122807 
1849 -0.175046 
1850 0.171885 
1851 -0.265686 
1852 0.432691 
1853 0.237946 
1854 -0.409874 
1855 0.190597 
1856 -0.412497 
1857 -0.435788 
1858 -0.235850 
1859 0.205152 
1860 0.428694 
1861 -0.112032 
1862 0.098255 
1863 -0.301729 
1864 0.463497 
1865 -0.262966 
1866 -0.118734 
1867 0.350594 
1868 0.432845 
1869 -0.154148 
1870 0.444016 
1871 -0.406335 
1872 -0.173428 
1873 0.098931 
1874 -0.458045 
1875 -0.108374 
1876 0.293753 
1877 0.398859 
1878 -0.074897 
1879 -0.380778 
1880 -0.409874 
1881 0.190597 
1882 0.237946 
1883 -0.409874 
1884 0.190597 
1885 -0.412497 
1886 -0.435788 
1887 -0.235850 
1888 0.205152 
1889 0.428694 
1890 -0.112032 
1891 0.098255 
1892 -0.301729 
1893 0.463497 
1894 -0.262966 
1895 -0.118734 
1896 0.350594 
1897 0.432845 
1898 -0.154148 
1899 0.098931 
1900 -0.458045 
1901 -0.108374 
1902 0.293753 
1903 0.398859 
1904 -0.074897 
1905 -0.380778 
1906 0.445827 
1907 -0.212076 
1908 0.216833 
1909 -0.220548 
1910 0.133452 
1911 0.144133 
1912 -0.409874 
1913 0.190597 
1914 -0.412497 
1915 -0.435788 
1916 -0.235850 
1917 0.205152 
1918 0.428694 
1919 -0.112032 
1920 0.098255 
1921 -0.301729 
1922 0.463497 
1923 -0.262966 
1924 -0.118734 
1925 0.350594 
1926 0.432845 
1927 -0.154148 
1928 0.444016 
1929 -0.406335 
1930 -0.173428 
1931 0.488027 
1932 0.098931 
1933 -0.458045 
1934 -0.108374 
1935 0.293753 
1936 0.398859 
1937 -0.074897 
1938 -0.380778 
1939 0.445827 
1940 -0.212076 
1941 0.216833 
1942 -0.220548 
1943 0.133452 
1944 0.432691 
1945 0.237946 
1946 -0.409874 
1947 0.190597 
1948 -0.118734 
1949 0.350594 
1950 0.432845 
1951 -0.154148 
1952 0.444016 
1953 -0.406335 
1954 -0.173428 
1955 0.488027 
1956 0.497328 
1957 -0.372525 
1958 -0.408179 
1959 -0.465843 
1960 0.155585 
1961 0.098931 
1962 -0.458045 
1963 -0.108374 
1964 0.293753 
1965 -0.108374 
1966 0.293753 
1967 0.398859 
1968 -0.074897 
1969 -0.380778 
1970 0.445827 
1971 -0.212076 
1972 0.216833 
1973 -0.220548 
1974 0.133452 
1975 0.144133 
1976 -0.409874 
1977 0.190597 
1978 -0.412497 
1979 -0.435788 
1980 -0.235850 
1981 0.205152 
1982 0.428694 
1983 -0.112032 
1984 0.098255 
1985 -0.301729 
1986 0.463497 
1987 -0.262966 
1988 -0.118734 
1989 0.350594 
1990 0.432845 
1991 -0.154148 
1992 0.444016 
1993 -0.406335 
1994 -0.173428 
1995 0.488027 
1996 0.497328 
1997 -0.372525 
1998 0.098931 
1999 -0.458045 
2000 -0.108374 
2001 0.293753 
2002 0.398859 
2003 -0.074897 
2004 -0.380778 
2005 0.445827 
2006 -0.212076 
2007 0.216833 
2008 -0.409874 
2009 0.190597 
2010 -0.412497 
2011 -0.435788 
2012 -0.235850 
2013 0.205152 
2014 0.428694 
2015 -0.112032 
2016 0.098255 
2017 -0.301729 
2018 0.463497 
2019 -0.262966 
2020 -0.118734 
2021 0.350594 
2022 0.432845 
2023 -0.154148 
2024 0.444016 
2025 -0.406335 
2026 -0.173428 
2027 0.488027 
2028 0.497328 
2029 -0.372525 
2030 -0.408179 
2031 0.155585 
2032 -0.080296 
2033 0.098931 
2034 -0.458045 
2035 -0.108374 
2036 0.293753 
2037 0.398859 
2038 -0.074897 
2039 -0.380778 
2040 -0.409874 
2041 0.190597 
2042 -0.412497 
2043 -0.435788 
2044 -0.235850 
2045 0.205152 
2046 0.428694 
2047 -0.112032 
2048 0.098255 
2049 -0.301729 
2050 0.463497 
2051 -0.262966 
2052 -0.118734 
2053 0.350594 
2054 0.432845 
2055 -0.154148 
2056 0.444016 
2057 -0.406335 
2058 -0.173428 
2059 0.488027 
2060 0.497328 
2061 -0.372525 
2062 -0.408179 
2063 -0.465843 
2064 0.155585 
2065 0.098931 
2066 -0.458045 
2067 -0.108374 
2068 0.293753 
2069 0.398859 
2070 -0.074897 
2071 -0.380778 
2072 -0.435788 
2073 -0.235850 
2074 0.205152 
2075 0.428694 
2076 -0.112032 
2077 0.098255 
2078 -0.301729 
2079 0.463497 
2080 -0.262966 
2081 -0.118734 
2082 0.350594 
2083 0.432845 
2084 -0.154148 
2085 0.444016 
2086 -0.406335 
2087 -0.173428 
2088 0.098931 
2089 -0.458045 
2090 -0.108374 
2091 0.293753 
2092 0.398859 
2093 -0.074897 
2094 -0.380778 
2095 0.445827 
2096 -0.212076 
2097 0.216833 
2098 -0.220548 
2099 0.133452 
2100 0.144133 
2101 -0.222323 
2102 0.261223 
2103 -0.283271 
2104 -0.118734 
2105 0.350594 
2106 0.432845 
2107 -0.154148 
2108 0.444016 
2109 -0.406335 
2110 -0.173428 
2111 0.488027 
2112 0.497328 
2113 -0.372525 
2114 -0.408179 
2115 -0.465843 
2116 0.155585 
2117 0.098931 
2118 -0.458045 
2119 -0.108374 
2120 0.293753 
2121 0.398859 
2122 -0.074897 
2123 -0.380778 
2124 0.445827 
2125 -0.212076 
2126 0.216833 
2127 -0.220548 
2128 0.133452 
2129 0.144133 
2130 -0.222323 
2131 0.261223 
