5962 1
1558 0.486009 
4251 0.486009 
2171 0.486009 
1806 0.486009 
2316 0.486009 
4481 0.486009 
4298 0.486009 
2285 0.486009 
4818 0.486009 
936 0.486009 
1787 0.486009 
1141 0.486009 
2770 0.486009 
1559 0.486009 
864 0.486009 
4804 0.486009 
1862 0.486009 
4454 0.486009 
1106 0.486009 
2701 0.486009 
1823 0.486009 
4297 0.486009 
2716 0.486009 
3152 0.486009 
2150 0.486009 
3499 0.486009 
3192 0.486009 
1600 0.486009 
4218 0.486009 
3680 0.486009 
3151 0.486009 
1843 0.486009 
695 0.486009 
4459 0.486009 
2760 0.479385 
3522 0.479385 
3138 0.479385 
1777 0.479385 
3141 0.479385 
3546 0.479385 
3142 0.479385 
5783 0.479385 
3486 0.479385 
3030 0.479385 
5320 0.479385 
5107 0.479385 
5112 0.479385 
3101 0.479385 
5787 0.479385 
5786 0.479385 
2761 0.479385 
3516 0.479385 
3517 0.479385 
3519 0.479385 
5099 0.479385 
3671 0.479385 
5332 0.479385 
3523 0.479385 
3137 0.479385 
5151 0.479385 
3178 0.479385 
3068 0.479385 
3175 0.479385 
1117 0.479385 
5149 0.479385 
5150 0.479385 
2687 0.479385 
5437 0.479385 
2686 0.479385 
3597 0.479385 
1080 0.479385 
5450 0.479385 
2724 0.479385 
2723 0.479385 
2720 0.479385 
4592 0.479385 
5463 0.479385 
4618 0.479385 
3063 0.479385 
5125 0.479385 
3557 0.479385 
3558 0.479385 
3559 0.479385 
3560 0.479385 
4631 0.479385 
5137 0.479385 
4644 0.479385 
3634 0.479385 
2576 0.479385 
2683 0.479385 
2684 0.479385 
4605 0.479385 
5138 0.479385 
3067 0.479385 
5255 0.479385 
4011 0.479385 
2306 0.479385 
4010 0.479385 
4082 0.479385 
4813 0.479385 
4085 0.479385 
2269 0.479385 
1531 0.479385 
4088 0.479385 
5262 0.479385 
4012 0.479385 
4800 0.479385 
3978 0.479385 
3977 0.479385 
3976 0.479385 
3975 0.479385 
3974 0.479385 
3973 0.479385 
4787 0.479385 
3027 0.479385 
4930 0.479385 
2647 0.479385 
2646 0.479385 
5276 0.479385 
4956 0.479385 
4449 0.479385 
5281 0.479385 
2649 0.479385 
2650 0.479385 
4943 0.479385 
2232 0.479385 
4929 0.479385 
4015 0.479385 
4014 0.479385 
4048 0.479385 
4049 0.479385 
4916 0.479385 
4051 0.479385 
5263 0.479385 
4052 0.479385 
2606 0.479385 
5306 0.479385 
4125 0.479385 
2190 0.479385 
4748 0.479385 
3464 0.479385 
3479 0.479385 
5307 0.479385 
2609 0.479385 
3480 0.479385 
2195 0.479385 
5824 0.479385 
5823 0.479385 
5820 0.479385 
5085 0.479385 
5086 0.479385 
5318 0.479385 
2158 0.479385 
5319 0.479385 
3104 0.479385 
3105 0.479385 
5250 0.479385 
2231 0.479385 
3940 0.479385 
3938 0.479385 
3936 0.479385 
2228 0.479385 
5861 0.479385 
5860 0.479385 
3935 0.479385 
2613 0.479385 
2612 0.479385 
4774 0.479385 
3215 0.479385 
5242 0.479385 
4761 0.479385 
5194 0.467044 
5195 0.467044 
3046 0.467044 
5181 0.467044 
5182 0.467044 
4415 0.467044 
4576 0.467044 
5208 0.467044 
2980 0.467044 
3768 0.467044 
4675 0.467044 
3769 0.467044 
4676 0.467044 
5168 0.467044 
2135 0.467044 
5104 0.467044 
3023 0.467044 
3805 0.467044 
3806 0.467044 
3842 0.467044 
4208 0.467044 
4702 0.467044 
1572 0.467044 
1569 0.467044 
1568 0.467044 
3987 0.467044 
2862 0.467044 
5039 0.467044 
5013 0.467044 
5012 0.467044 
4998 0.467044 
3278 0.467044 
4997 0.467044 
3275 0.467044 
854 0.467044 
2556 0.467044 
3725 0.467044 
3726 0.467044 
3728 0.467044 
3729 0.467044 
3730 0.467044 
3731 0.467044 
3733 0.467044 
3765 0.467044 
853 0.467044 
1153 0.467044 
1152 0.467044 
2544 0.448821 
2088 0.448821 
2552 0.448821 
2087 0.448821 
3114 0.448821 
4030 0.448821 
4949 0.448821 
5118 0.448821 
3115 0.448821 
4569 0.448821 
2547 0.448821 
661 0.448821 
2605 0.448821 
2624 0.448821 
1953 0.448821 
830 0.448821 
2224 0.448821 
4738 0.448821 
3575 0.448821 
2212 0.448821 
4751 0.448821 
3577 0.448821 
4739 0.448821 
4548 0.448821 
2943 0.448821 
1050 0.448821 
4400 0.448821 
1047 0.448821 
1044 0.448821 
1084 0.448821 
2998 0.448821 
4420 0.448821 
1085 0.448821 
4387 0.448821 
4273 0.448821 
2961 0.448821 
1087 0.448821 
1010 0.448821 
1007 0.448821 
2941 0.448821 
4353 0.448821 
1504 0.448821 
5287 0.448821 
4351 0.448821 
4277 0.448821 
1467 0.448821 
1088 0.448821 
4442 0.448821 
4952 0.446447 
4965 0.446447 
4964 0.446447 
3581 0.446447 
4950 0.446447 
4036 0.446447 
4468 0.446447 
2248 0.446447 
3348 0.446447 
1179 0.412807 
4715 0.412807 
3047 0.412807 
4546 0.412807 
2482 0.412807 
1140 0.412807 
2002 0.412807 
4230 0.412807 
849 0.412807 
4217 0.412807 
3439 0.412807 
1635 0.412807 
1101 0.412807 
2516 0.382258 
2059 0.382258 
4322 0.382258 
4335 0.382258 
724 0.382258 
3535 0.382258 
2153 0.382258 
1229 0.382258 
1230 0.382258 
725 0.382258 
2409 0.382258 
2818 0.382258 
712 0.382258 
1683 0.382258 
2863 0.382258 
4858 0.382258 
2335 0.382258 
2448 0.382258 
1425 0.382258 
1454 0.382258 
3276 0.382258 
893 0.382258 
1879 0.382258 
999 0.382258 
1909 0.382258 
998 0.382258 
1907 0.382258 
2140 0.381156 
3775 0.381156 
2497 0.381156 
2060 0.381156 
4260 0.381156 
3320 0.381156 
1721 0.381156 
2175 0.381156 
2176 0.381156 
2177 0.381156 
2182 0.381156 
2183 0.381156 
1722 0.381156 
2139 0.381156 
4404 0.381156 
2216 0.381156 
2663 0.381156 
2636 0.381156 
1533 0.381156 
2451 0.381156 
4845 0.381156 
3127 0.381156 
4431 0.381156 
2559 0.381156 
4598 0.381156 
3739 0.381156 
3594 0.372194 
4875 0.372194 
3593 0.372194 
4050 0.372194 
3012 0.372194 
3140 0.372194 
882 0.372194 
4248 0.372194 
1199 0.372194 
1198 0.372194 
1196 0.372194 
4013 0.372194 
1195 0.372194 
2141 0.372194 
1193 0.372194 
1192 0.372194 
4392 0.372194 
3103 0.372194 
5044 0.372194 
3155 0.372194 
4805 0.372194 
1118 0.372194 
4792 0.372194 
3596 0.372194 
4908 0.372194 
1615 0.372194 
869 0.372194 
1652 0.372194 
5077 0.372194 
1119 0.372194 
713 0.372194 
3651 0.372194 
2599 0.372194 
3460 0.372194 
1156 0.372194 
3194 0.372194 
1162 0.372194 
1161 0.372194 
4706 0.372194 
1159 0.372194 
3554 0.372194 
2105 0.372194 
1158 0.372194 
3556 0.372194 
2106 0.372194 
4457 0.372194 
3116 0.372194 
1155 0.372194 
2710 0.372194 
3367 0.372194 
2741 0.372194 
4955 0.372194 
2019 0.372194 
3520 0.372194 
4942 0.372194 
3631 0.372194 
1011 0.351370 
4386 0.351370 
1924 0.351370 
1889 0.351370 
2215 0.351370 
4301 0.351370 
2507 0.351370 
1891 0.351370 
1016 0.351370 
803 0.351370 
2470 0.351370 
1597 0.351370 
1560 0.351370 
1305 0.351370 
1755 0.351370 
1760 0.351370 
3039 0.351370 
1761 0.351370 
1798 0.351370 
1762 0.351370 
1756 0.351370 
1976 0.351370 
3018 0.351370 
4274 0.351370 
4373 0.351370 
1937 0.351370 
1795 0.351370 
977 0.351370 
2014 0.351370 
1799 0.351370 
4327 0.351370 
920 0.351370 
4328 0.351370 
1473 0.351370 
1435 0.351370 
1437 0.351370 
2053 0.351370 
1910 0.344391 
4872 0.344391 
1458 0.344391 
1455 0.344391 
4909 0.344391 
1420 0.344391 
2365 0.344391 
1908 0.344391 
2368 0.344391 
1911 0.344391 
1914 0.344391 
1905 0.344391 
1913 0.344391 
1465 0.344391 
4305 0.344391 
4673 0.344391 
1844 0.344391 
4287 0.344391 
4292 0.344391 
1841 0.344391 
1835 0.344391 
4304 0.344391 
2064 0.344391 
1768 0.344391 
4615 0.344391 
4319 0.344391 
1807 0.344391 
1808 0.344391 
4336 0.344391 
4337 0.344391 
2020 0.344391 
4172 0.344391 
2304 0.344391 
3358 0.344391 
2301 0.344391 
1391 0.344391 
1509 0.344391 
2267 0.344391 
1357 0.344391 
2252 0.344391 
1394 0.344391 
1925 0.344391 
3463 0.344391 
1849 0.344391 
1848 0.344391 
1949 0.344391 
1847 0.344391 
4703 0.344391 
5078 0.344391 
5041 0.344391 
5247 0.344391 
3013 0.344391 
3134 0.344391 
3043 0.344391 
2855 0.344391 
2522 0.331178 
3553 0.331178 
3388 0.331178 
4446 0.331178 
2601 0.331178 
2600 0.331178 
2438 0.331178 
4382 0.331178 
2643 0.331178 
4381 0.331178 
4380 0.331178 
4537 0.331178 
2859 0.331178 
4602 0.331178 
3590 0.331178 
3591 0.331178 
2680 0.331178 
4674 0.331178 
2494 0.331178 
3100 0.331178 
3097 0.331178 
3357 0.331178 
4391 0.331178 
2679 0.331178 
3510 0.331178 
2912 0.331178 
3511 0.331178 
3096 0.331178 
4968 0.331178 
154 0.327956 
2476 0.327956 
2016 0.327956 
2017 0.327956 
1564 0.327956 
2641 0.327956 
4433 0.327956 
2642 0.327956 
3208 0.324209 
4149 0.324209 
2736 0.324209 
3211 0.324209 
3214 0.324209 
2737 0.324209 
3066 0.324209 
2733 0.324209 
4622 0.324209 
3761 0.324209 
3351 0.324209 
4854 0.324209 
3355 0.324209 
4841 0.324209 
2758 0.324209 
2757 0.324209 
2286 0.324209 
2283 0.324209 
2282 0.324209 
2280 0.324209 
4759 0.324209 
2754 0.324209 
3397 0.324209 
2751 0.324209 
3061 0.324209 
3062 0.324209 
3064 0.324209 
3065 0.324209 
4150 0.324209 
4760 0.324209 
3102 0.324209 
4552 0.324209 
2851 0.324209 
5209 0.324209 
2611 0.324209 
2648 0.324209 
4124 0.324209 
4118 0.324209 
3693 0.324209 
4394 0.324209 
1829 0.324209 
3691 0.324209 
4123 0.324209 
3665 0.324209 
3667 0.324209 
3668 0.324209 
4121 0.324209 
5333 0.324209 
4407 0.324209 
4122 0.324209 
4623 0.324209 
3521 0.324209 
2109 0.324209 
2108 0.324209 
4657 0.324209 
4650 0.324209 
4649 0.324209 
2496 0.324209 
2082 0.324209 
3193 0.324209 
4147 0.324209 
3801 0.324209 
3196 0.324209 
2531 0.324209 
5164 0.324209 
2568 0.324209 
1826 0.324209 
1827 0.324209 
4565 0.324209 
3350 0.324209 
4993 0.324209 
3308 0.324209 
5040 0.324209 
3269 0.324209 
2330 0.324209 
3019 0.324209 
3237 0.324209 
3239 0.324209 
3028 0.324209 
4871 0.324209 
2317 0.324209 
4994 0.324209 
2771 0.324209 
3240 0.324209 
2769 0.324209 
4995 0.324209 
3390 0.312222 
5510 0.312222 
5511 0.312222 
5549 0.312222 
5512 0.312222 
1622 0.312222 
5546 0.312222 
5519 0.312222 
5518 0.312222 
900 0.312222 
3391 0.312222 
1209 0.312222 
1623 0.312222 
5517 0.312222 
5516 0.312222 
1204 0.312222 
5513 0.312222 
5515 0.312222 
2949 0.312222 
886 0.312222 
887 0.312222 
5552 0.312222 
5555 0.312222 
5339 0.312222 
1206 0.312222 
5338 0.312222 
5520 0.312222 
1247 0.312222 
4240 0.312222 
5514 0.312222 
3588 0.312222 
5540 0.312222 
5543 0.312222 
3313 0.312222 
4843 0.312222 
2403 0.312222 
3314 0.312222 
5509 0.312222 
5337 0.312222 
5340 0.312222 
2407 0.312222 
1210 0.312222 
2406 0.312222 
5341 0.312222 
4550 0.312222 
2900 0.312222 
1619 0.312222 
1207 0.312222 
5342 0.312222 
1977 0.302029 
2434 0.302029 
2332 0.302029 
2334 0.302029 
1975 0.302029 
1487 0.302029 
1071 0.302029 
4541 0.302029 
4165 0.302029 
4204 0.302029 
4528 0.302029 
4321 0.302029 
4515 0.302029 
1066 0.302029 
4502 0.302029 
1944 0.302029 
1943 0.302029 
1942 0.302029 
1941 0.302029 
1940 0.302029 
1938 0.302029 
4490 0.302029 
836 0.302029 
2018 0.302029 
2355 0.302029 
1528 0.302029 
823 0.302029 
824 0.302029 
1527 0.302029 
826 0.302029 
1526 0.302029 
3086 0.302029 
812 0.302029 
838 0.302029 
2361 0.302029 
1522 0.302029 
4346 0.302029 
4178 0.302029 
4180 0.302029 
1524 0.302029 
1525 0.302029 
2848 0.302029 
1981 0.302029 
4333 0.302029 
1984 0.302029 
1485 0.302029 
2107 0.302029 
2811 0.302029 
1484 0.302029 
4236 0.302029 
1074 0.302029 
4334 0.302029 
1108 0.302029 
1483 0.302029 
2012 0.302029 
4166 0.302029 
2435 0.302029 
810 0.302029 
811 0.302029 
1490 0.302029 
1880 0.302029 
1451 0.302029 
1064 0.302029 
2469 0.302029 
4153 0.302029 
2398 0.302029 
2466 0.302029 
994 0.302029 
4192 0.302029 
1493 0.302029 
628 0.302029 
1906 0.302029 
1492 0.302029 
991 0.302029 
4164 0.302029 
997 0.302029 
667 0.302029 
990 0.302029 
1447 0.302029 
669 0.302029 
1424 0.302029 
641 0.302029 
1901 0.302029 
1491 0.302029 
1423 0.302029 
2392 0.302029 
1598 0.302029 
1450 0.302029 
1448 0.302029 
1449 0.302029 
1422 0.302029 
1452 0.302029 
966 0.302029 
967 0.302029 
968 0.302029 
969 0.302029 
970 0.302029 
1445 0.302029 
1562 0.302029 
1561 0.302029 
654 0.302029 
1037 0.302029 
1904 0.302029 
1876 0.302029 
1034 0.302029 
1446 0.302029 
1032 0.302029 
655 0.302029 
1031 0.302029 
1877 0.302029 
1029 0.302029 
1878 0.302029 
1488 0.302029 
4151 0.302029 
1027 0.302029 
2394 0.302029 
4191 0.302029 
657 0.302029 
4152 0.302029 
2440 0.301557 
3392 0.301557 
2986 0.301557 
2441 0.301557 
3387 0.301557 
3430 0.301557 
4563 0.301557 
3353 0.301557 
5053 0.301557 
3896 0.301557 
2662 0.301557 
2937 0.301557 
3431 0.301557 
3360 0.301557 
3437 0.301557 
4005 0.283657 
4081 0.283657 
1869 0.283657 
80 0.283657 
2718 0.283657 
2717 0.283657 
462 0.283657 
3290 0.283657 
7 0.283657 
6 0.283657 
3966 0.283657 
477 0.283657 
3287 0.283657 
463 0.283657 
3962 0.283657 
37 0.283657 
1918 0.283657 
2830 0.283657 
935 0.283657 
5003 0.283657 
2374 0.283657 
5254 0.283657 
1842 0.283657 
1602 0.283657 
5002 0.283657 
77 0.283657 
38 0.283657 
39 0.283657 
2380 0.283657 
40 0.283657 
41 0.283657 
42 0.283657 
1920 0.283657 
1734 0.283657 
2377 0.283657 
3965 0.283657 
4084 0.283657 
5280 0.283657 
5277 0.283657 
2831 0.283657 
476 0.283657 
1601 0.283657 
5268 0.283657 
3963 0.283657 
4559 0.283657 
3095 0.283657 
3709 0.283657 
5267 0.283657 
3707 0.283657 
5266 0.283657 
3118 0.283657 
3253 0.283657 
1917 0.283657 
1840 0.283657 
3629 0.283657 
3518 0.283657 
1501 0.283657 
4039 0.283657 
660 0.283657 
5108 0.283657 
1804 0.283657 
1805 0.283657 
4897 0.283657 
647 0.283657 
646 0.283657 
4040 0.283657 
4692 0.283657 
1767 0.283657 
634 0.283657 
2833 0.283657 
2343 0.283657 
2296 0.283657 
4289 0.283657 
2095 0.283657 
2974 0.283657 
3744 0.283657 
3741 0.283657 
4316 0.283657 
9 0.283657 
4303 0.283657 
4769 0.283657 
4770 0.283657 
2227 0.283657 
1770 0.283657 
4044 0.283657 
1415 0.283657 
3740 0.283657 
4043 0.283657 
4042 0.283657 
5097 0.283657 
4041 0.283657 
1803 0.283657 
4643 0.283657 
5136 0.283657 
1386 0.283657 
1811 0.283657 
4000 0.283657 
4664 0.283657 
4003 0.283657 
3999 0.283657 
829 0.283657 
4004 0.283657 
4278 0.283657 
2797 0.283657 
1771 0.283657 
4642 0.283657 
1599 0.283657 
3549 0.283657 
8 0.283657 
1336 0.282068 
1792 0.282068 
733 0.282068 
1262 0.282068 
1753 0.282068 
592 0.282068 
1791 0.282068 
605 0.282068 
1790 0.282068 
2201 0.282068 
4271 0.282068 
2202 0.282068 
2245 0.282068 
2244 0.282068 
4272 0.282068 
2243 0.282068 
2203 0.282068 
602 0.282068 
603 0.282068 
2241 0.282068 
2240 0.282068 
1789 0.282068 
578 0.282068 
604 0.282068 
1334 0.282068 
1751 0.282068 
1786 0.282068 
440 0.282068 
617 0.282068 
618 0.282068 
619 0.282068 
620 0.282068 
621 0.282068 
616 0.282068 
442 0.282068 
589 0.282068 
629 0.282068 
441 0.282068 
1339 0.282068 
590 0.282068 
4284 0.282068 
1747 0.282068 
1302 0.282068 
606 0.282068 
4425 0.282068 
2657 0.282068 
439 0.282068 
591 0.282068 
438 0.282068 
437 0.282068 
4440 0.282068 
436 0.282068 
435 0.282068 
1752 0.282068 
579 0.282068 
577 0.282068 
1748 0.282068 
576 0.282068 
1749 0.282068 
367 0.282068 
1707 0.282068 
889 0.282068 
2697 0.282068 
2694 0.282068 
362 0.282068 
363 0.282068 
364 0.282068 
365 0.282068 
787 0.282068 
366 0.282068 
361 0.282068 
368 0.282068 
2693 0.282068 
902 0.282068 
1255 0.282068 
1295 0.282068 
905 0.282068 
369 0.282068 
370 0.282068 
720 0.282068 
325 0.282068 
332 0.282068 
4609 0.282068 
329 0.282068 
328 0.282068 
1744 0.282068 
4607 0.282068 
327 0.282068 
4620 0.282068 
326 0.282068 
774 0.282068 
324 0.282068 
323 0.282068 
322 0.282068 
4634 0.282068 
1717 0.282068 
359 0.282068 
2700 0.282068 
360 0.282068 
2699 0.282068 
400 0.282068 
748 0.282068 
1298 0.282068 
745 0.282068 
408 0.282068 
396 0.282068 
397 0.282068 
398 0.282068 
406 0.282068 
399 0.282068 
286 0.282068 
401 0.282068 
331 0.282068 
285 0.282068 
732 0.282068 
402 0.282068 
403 0.282068 
404 0.282068 
405 0.282068 
761 0.282068 
4270 0.282068 
1256 0.282068 
916 0.282068 
917 0.282068 
1296 0.282068 
919 0.282068 
409 0.282068 
1297 0.282068 
289 0.282068 
760 0.282068 
1757 0.282068 
288 0.282068 
287 0.282068 
931 0.282068 
563 0.282068 
564 0.282068 
1754 0.275332 
2970 0.275332 
3758 0.275332 
1300 0.275332 
336 0.275332 
1301 0.275332 
3795 0.275332 
447 0.275332 
4743 0.275332 
736 0.275332 
446 0.275332 
3209 0.275332 
749 0.275332 
608 0.275332 
4730 0.275332 
4729 0.275332 
3207 0.275332 
607 0.275332 
2888 0.275332 
3496 0.275332 
3206 0.275332 
407 0.275332 
376 0.275332 
375 0.275332 
4853 0.275332 
374 0.275332 
373 0.275332 
372 0.275332 
371 0.275332 
2885 0.275332 
3848 0.275332 
3537 0.275332 
3002 0.275332 
448 0.275332 
594 0.275332 
2211 0.275332 
4194 0.275332 
4798 0.275332 
4797 0.275332 
3432 0.275332 
3382 0.275332 
3381 0.275332 
5067 0.275332 
3379 0.275332 
2471 0.275332 
2472 0.275332 
3378 0.275332 
416 0.275332 
415 0.275332 
5135 0.275332 
2210 0.275332 
414 0.275332 
3376 0.275332 
413 0.275332 
412 0.275332 
3872 0.275332 
443 0.275332 
444 0.275332 
411 0.275332 
4844 0.275332 
2891 0.275332 
445 0.275332 
410 0.275332 
3661 0.275332 
1987 0.275332 
918 0.275332 
4899 0.275332 
4912 0.275332 
3017 0.275332 
4530 0.275332 
4529 0.275332 
3832 0.275332 
3317 0.275332 
3302 0.275332 
4116 0.275332 
4117 0.275332 
4966 0.275332 
3626 0.275332 
3662 0.275332 
4967 0.275332 
3663 0.275332 
2922 0.275332 
4119 0.275332 
5304 0.275332 
5316 0.275332 
1338 0.275332 
1337 0.275332 
3664 0.275332 
5317 0.275332 
5330 0.275332 
4879 0.275332 
593 0.275332 
449 0.275332 
338 0.275332 
337 0.275332 
4076 0.275332 
4866 0.275332 
335 0.275332 
334 0.275332 
4867 0.275332 
450 0.275332 
581 0.275332 
580 0.275332 
4898 0.275332 
4083 0.275332 
298 0.275332 
4574 0.275332 
3341 0.275332 
567 0.275332 
297 0.275332 
3339 0.275332 
296 0.275332 
4561 0.275332 
3904 0.272581 
4877 0.272581 
4904 0.272581 
3408 0.272581 
3334 0.272581 
4891 0.272581 
2169 0.272581 
3867 0.272581 
2551 0.272581 
3411 0.272581 
4608 0.272581 
1993 0.272581 
2957 0.272581 
2617 0.272581 
2654 0.272581 
2658 0.272581 
2994 0.272581 
4777 0.272581 
3448 0.272581 
4439 0.272581 
5347 0.258457 
2032 0.258457 
2981 0.258457 
4547 0.258457 
1565 0.258457 
2982 0.258457 
1997 0.258457 
1998 0.258457 
2948 0.258457 
2947 0.258457 
2985 0.258457 
2942 0.258457 
2984 0.258457 
2940 0.258457 
1114 0.258457 
5531 0.258457 
5530 0.258457 
5529 0.258457 
5334 0.258457 
1151 0.258457 
2491 0.258457 
2072 0.258457 
5568 0.258457 
2071 0.258457 
5504 0.258457 
5503 0.258457 
2031 0.258457 
3587 0.258457 
5949 0.206363 
3912 0.206363 
3913 0.206363 
3910 0.206363 
3915 0.206363 
2834 0.206363 
3911 0.206363 
3908 0.206363 
2927 0.206363 
1506 0.206363 
2933 0.206363 
1505 0.206363 
2932 0.206363 
1502 0.206363 
2889 0.206363 
2890 0.206363 
2892 0.206363 
2893 0.206363 
2930 0.206363 
2929 0.206363 
2928 0.206363 
4016 0.206363 
4017 0.206363 
2878 0.206363 
4020 0.206363 
1471 0.206363 
1469 0.206363 
1468 0.206363 
2924 0.206363 
1466 0.206363 
2923 0.206363 
4023 0.206363 
4024 0.206363 
4026 0.206363 
2921 0.206363 
4027 0.206363 
3257 0.206363 
2963 0.206363 
2844 0.206363 
3943 0.206363 
3944 0.206363 
3945 0.206363 
3948 0.206363 
3949 0.206363 
3950 0.206363 
3951 0.206363 
3952 0.206363 
3953 0.206363 
3954 0.206363 
3955 0.206363 
2964 0.206363 
2975 0.206363 
2960 0.206363 
2958 0.206363 
3979 0.206363 
3980 0.206363 
3982 0.206363 
1544 0.206363 
3984 0.206363 
1542 0.206363 
3986 0.206363 
3988 0.206363 
3989 0.206363 
1532 0.206363 
2875 0.206363 
3494 0.206363 
3184 0.206363 
3562 0.206363 
3561 0.206363 
3186 0.206363 
3187 0.206363 
3189 0.206363 
2510 0.206363 
2504 0.206363 
3195 0.206363 
3531 0.206363 
3526 0.206363 
3524 0.206363 
3563 0.206363 
3491 0.206363 
3489 0.206363 
3487 0.206363 
3457 0.206363 
3455 0.206363 
3454 0.206363 
3452 0.206363 
3450 0.206363 
2473 0.206363 
2467 0.206363 
3219 0.206363 
3154 0.206363 
3144 0.206363 
3145 0.206363 
3147 0.206363 
3614 0.206363 
3150 0.206363 
3610 0.206363 
3609 0.206363 
3607 0.206363 
3604 0.206363 
3603 0.206363 
3601 0.206363 
2234 0.206363 
3156 0.206363 
3159 0.206363 
3600 0.206363 
3599 0.206363 
3598 0.206363 
3181 0.206363 
3182 0.206363 
3568 0.206363 
3567 0.206363 
3566 0.206363 
3564 0.206363 
2382 0.206363 
3300 0.206363 
3299 0.206363 
3298 0.206363 
3297 0.206363 
3254 0.206363 
3295 0.206363 
3255 0.206363 
2376 0.206363 
2378 0.206363 
2379 0.206363 
2381 0.206363 
3309 0.206363 
3292 0.206363 
3256 0.206363 
3289 0.206363 
3262 0.206363 
3260 0.206363 
3258 0.206363 
2417 0.206363 
2418 0.206363 
2419 0.206363 
2420 0.206363 
2422 0.206363 
3383 0.206363 
3426 0.206363 
3220 0.206363 
3420 0.206363 
3419 0.206363 
3221 0.206363 
3417 0.206363 
3414 0.206363 
3413 0.206363 
2458 0.206363 
3226 0.206363 
3386 0.206363 
1965 0.206363 
3380 0.206363 
3377 0.206363 
3345 0.206363 
2319 0.206363 
3344 0.206363 
3228 0.206363 
2342 0.206363 
2344 0.206363 
2345 0.206363 
2346 0.206363 
2347 0.206363 
3794 0.206363 
2801 0.206363 
3799 0.206363 
2800 0.206363 
2799 0.206363 
3035 0.206363 
3037 0.206363 
3038 0.206363 
3040 0.206363 
3041 0.206363 
2774 0.206363 
2773 0.206363 
3800 0.206363 
2772 0.206363 
2768 0.206363 
2767 0.206363 
2766 0.206363 
2765 0.206363 
2763 0.206363 
3764 0.206363 
3763 0.206363 
3759 0.206363 
2743 0.206363 
3757 0.206363 
3843 0.206363 
3906 0.206363 
3905 0.206363 
3878 0.206363 
3877 0.206363 
3876 0.206363 
3875 0.206363 
3874 0.206363 
2997 0.206363 
3873 0.206363 
3869 0.206363 
3868 0.206363 
3756 0.206363 
3000 0.206363 
3841 0.206363 
3838 0.206363 
3834 0.206363 
3833 0.206363 
3831 0.206363 
2806 0.206363 
3804 0.206363 
3803 0.206363 
2804 0.206363 
2802 0.206363 
1928 0.206363 
1890 0.206363 
1892 0.206363 
2660 0.206363 
3106 0.206363 
2652 0.206363 
3113 0.206363 
3121 0.206363 
1921 0.206363 
1923 0.206363 
1926 0.206363 
1927 0.206363 
1888 0.206363 
3143 0.206363 
3641 0.206363 
3640 0.206363 
3639 0.206363 
1957 0.206363 
1958 0.206363 
3638 0.206363 
1960 0.206363 
3637 0.206363 
1962 0.206363 
3635 0.206363 
3712 0.206363 
3754 0.206363 
2734 0.206363 
2731 0.206363 
2728 0.206363 
2727 0.206363 
2725 0.206363 
3074 0.206363 
3720 0.206363 
3718 0.206363 
3716 0.206363 
3714 0.206363 
3907 0.206363 
3710 0.206363 
2691 0.206363 
2690 0.206363 
2689 0.206363 
2688 0.206363 
3684 0.206363 
3682 0.206363 
3676 0.206363 
3675 0.206363 
3673 0.206363 
1887 0.206363 
5440 0.206363 
5412 0.206363 
5425 0.206363 
5426 0.206363 
5427 0.206363 
5428 0.206363 
5429 0.206363 
5438 0.206363 
5439 0.206363 
5323 0.206363 
5441 0.206363 
1075 0.206363 
5442 0.206363 
5453 0.206363 
4374 0.206363 
5454 0.206363 
4819 0.206363 
5455 0.206363 
5295 0.206363 
4367 0.206363 
5269 0.206363 
5270 0.206363 
5271 0.206363 
5282 0.206363 
5283 0.206363 
5284 0.206363 
4834 0.206363 
5456 0.206363 
5296 0.206363 
5308 0.206363 
1078 0.206363 
5309 0.206363 
5321 0.206363 
1076 0.206363 
5322 0.206363 
4820 0.206363 
5715 0.206363 
4802 0.206363 
671 0.206363 
675 0.206363 
4185 0.206363 
1052 0.206363 
4793 0.206363 
4789 0.206363 
5714 0.206363 
4186 0.206363 
4788 0.206363 
5751 0.206363 
5752 0.206363 
5753 0.206363 
5754 0.206363 
5755 0.206363 
5757 0.206363 
4775 0.206363 
5481 0.206363 
5466 0.206363 
5467 0.206363 
4817 0.206363 
4816 0.206363 
5468 0.206363 
5469 0.206363 
5470 0.206363 
5480 0.206363 
4835 0.206363 
5482 0.206363 
5483 0.206363 
5484 0.206363 
5494 0.206363 
4803 0.206363 
5495 0.206363 
5496 0.206363 
5074 0.206363 
5048 0.206363 
5050 0.206363 
5051 0.206363 
5061 0.206363 
5062 0.206363 
5063 0.206363 
4918 0.206363 
5065 0.206363 
4931 0.206363 
5075 0.206363 
5076 0.206363 
5087 0.206363 
5089 0.206363 
5100 0.206363 
5102 0.206363 
5113 0.206363 
5114 0.206363 
4957 0.206363 
4970 0.206363 
4971 0.206363 
4972 0.206363 
4962 0.206363 
4959 0.206363 
4958 0.206363 
4984 0.206363 
4985 0.206363 
5115 0.206363 
5009 0.206363 
5010 0.206363 
4945 0.206363 
4944 0.206363 
5022 0.206363 
5023 0.206363 
5024 0.206363 
5035 0.206363 
4354 0.206363 
5154 0.206363 
5166 0.206363 
4852 0.206363 
4851 0.206363 
5178 0.206363 
5179 0.206363 
5191 0.206363 
4838 0.206363 
5153 0.206363 
4355 0.206363 
5217 0.206363 
4837 0.206363 
5219 0.206363 
5243 0.206363 
5245 0.206363 
4836 0.206363 
5258 0.206363 
1115 0.206363 
4905 0.206363 
4326 0.206363 
4896 0.206363 
4892 0.206363 
5126 0.206363 
5127 0.206363 
5131 0.206363 
1116 0.206363 
4029 0.206363 
1113 0.206363 
1112 0.206363 
5139 0.206363 
5140 0.206363 
4339 0.206363 
5141 0.206363 
5152 0.206363 
4633 0.206363 
4069 0.206363 
840 0.206363 
5944 0.206363 
5877 0.206363 
5945 0.206363 
5876 0.206363 
5875 0.206363 
5874 0.206363 
5873 0.206363 
5872 0.206363 
5871 0.206363 
5870 0.206363 
5869 0.206363 
4632 0.206363 
5868 0.206363 
5878 0.206363 
4646 0.206363 
4647 0.206363 
5841 0.206363 
1434 0.206363 
5840 0.206363 
5839 0.206363 
4090 0.206363 
4091 0.206363 
4092 0.206363 
4648 0.206363 
4093 0.206363 
4094 0.206363 
5838 0.206363 
5837 0.206363 
4096 0.206363 
5916 0.206363 
5913 0.206363 
5912 0.206363 
4495 0.206363 
5911 0.206363 
5910 0.206363 
5909 0.206363 
5908 0.206363 
5882 0.206363 
5914 0.206363 
1432 0.206363 
1433 0.206363 
5915 0.206363 
4053 0.206363 
4054 0.206363 
4055 0.206363 
4651 0.206363 
4057 0.206363 
5917 0.206363 
5918 0.206363 
4058 0.206363 
5920 0.206363 
4060 0.206363 
978 0.206363 
980 0.206363 
5881 0.206363 
844 0.206363 
5921 0.206363 
5880 0.206363 
4496 0.206363 
5879 0.206363 
4619 0.206363 
4497 0.206363 
5799 0.206363 
5798 0.206363 
5797 0.206363 
4727 0.206363 
5948 0.206363 
5796 0.206363 
4728 0.206363 
5795 0.206363 
5794 0.206363 
5793 0.206363 
5792 0.206363 
5791 0.206363 
4157 0.206363 
5835 0.206363 
4158 0.206363 
5790 0.206363 
5789 0.206363 
5788 0.206363 
5764 0.206363 
5763 0.206363 
5761 0.206363 
5760 0.206363 
5758 0.206363 
4525 0.206363 
1038 0.206363 
4524 0.206363 
4523 0.206363 
5800 0.206363 
4666 0.206363 
5832 0.206363 
5946 0.206363 
5947 0.206363 
5833 0.206363 
4710 0.206363 
4711 0.206363 
4712 0.206363 
4713 0.206363 
4723 0.206363 
5831 0.206363 
4665 0.206363 
5830 0.206363 
5802 0.206363 
4725 0.206363 
4127 0.206363 
4128 0.206363 
4129 0.206363 
4130 0.206363 
4131 0.206363 
5834 0.206363 
5801 0.206363 
5836 0.206363 
4969 0.198402 
4960 0.198402 
4294 0.198402 
3161 0.198402 
3674 0.198402 
3636 0.198402 
4919 0.198402 
4920 0.198402 
4927 0.198402 
3633 0.198402 
3630 0.198402 
4542 0.198402 
4308 0.198402 
4947 0.198402 
4543 0.198402 
4946 0.198402 
4932 0.198402 
4936 0.198402 
2247 0.198402 
3542 0.198402 
3529 0.198402 
3527 0.198402 
4815 0.198402 
2271 0.198402 
4807 0.198402 
4806 0.198402 
4801 0.198402 
2250 0.198402 
1822 0.198402 
1853 0.198402 
1856 0.198402 
2173 0.198402 
2174 0.198402 
3670 0.198402 
735 0.198402 
4758 0.198402 
2213 0.198402 
2214 0.198402 
566 0.198402 
4556 0.198402 
4557 0.198402 
904 0.198402 
2015 0.198402 
4589 0.198402 
3579 0.198402 
565 0.198402 
3578 0.198402 
3571 0.198402 
4555 0.198402 
2312 0.198402 
2052 0.198402 
2310 0.198402 
2309 0.198402 
1815 0.198402 
1818 0.198402 
1819 0.198402 
1820 0.198402 
3160 0.198402 
290 0.198402 
291 0.198402 
292 0.198402 
293 0.198402 
294 0.198402 
295 0.198402 
3157 0.198402 
3158 0.198402 
4064 0.198402 
4001 0.198402 
2543 0.198402 
3177 0.198402 
3179 0.198402 
3958 0.198402 
2721 0.198402 
1714 0.198402 
3180 0.198402 
3078 0.198402 
2962 0.198402 
3995 0.198402 
250 0.198402 
4086 0.198402 
5285 0.198402 
4087 0.198402 
2667 0.198402 
4089 0.198402 
4126 0.198402 
1364 0.198402 
2698 0.198402 
3084 0.198402 
3083 0.198402 
3081 0.198402 
330 0.198402 
2764 0.198402 
2925 0.198402 
4022 0.198402 
4021 0.198402 
4982 0.198402 
4035 0.198402 
4038 0.198402 
2729 0.198402 
2726 0.198402 
2429 0.198402 
2431 0.198402 
2432 0.198402 
1361 0.198402 
1402 0.198402 
1400 0.198402 
1399 0.198402 
3218 0.198402 
3216 0.198402 
2468 0.198402 
3060 0.198402 
5116 0.198402 
2505 0.198402 
4258 0.198402 
2506 0.198402 
2509 0.198402 
3183 0.198402 
333 0.198402 
115 0.190447 
75 0.190447 
76 0.190447 
78 0.190447 
79 0.190447 
3666 0.190447 
3669 0.190447 
109 0.190447 
110 0.190447 
111 0.190447 
112 0.190447 
113 0.190447 
114 0.190447 
501 0.190447 
34 0.190447 
2 0.190447 
3 0.190447 
4 0.190447 
5 0.190447 
3628 0.190447 
31 0.190447 
32 0.190447 
33 0.190447 
74 0.190447 
35 0.190447 
36 0.190447 
841 0.190447 
1535 0.190447 
68 0.190447 
71 0.190447 
72 0.190447 
73 0.190447 
672 0.190447 
503 0.190447 
151 0.190447 
152 0.190447 
490 0.190447 
489 0.190447 
488 0.190447 
4981 0.190447 
475 0.190447 
153 0.190447 
116 0.190447 
155 0.190447 
156 0.190447 
4195 0.190447 
515 0.190447 
516 0.190447 
517 0.190447 
474 0.190447 
461 0.190447 
460 0.190447 
150 0.190447 
149 0.190447 
148 0.190447 
698 0.190447 
3422 0.190447 
117 0.190447 
502 0.190447 
685 0.190447 
684 0.190447 
1041 0.190447 
4980 0.190447 
3884 0.130299 
5038 0.130299 
3881 0.130299 
5207 0.130299 
3349 0.130299 
4869 0.130299 
4600 0.130299 
3924 0.130299 
4687 0.130299 
3918 0.130299 
3026 0.130299 
4700 0.130299 
3465 0.130299 
3091 0.130299 
2916 0.128300 
922 0.128300 
4588 0.128300 
2917 0.128300 
946 0.128300 
872 0.128300 
2880 0.128300 
871 0.128300 
1967 0.128300 
4595 0.128300 
2918 0.128300 
790 0.128300 
703 0.128300 
4757 0.128300 
2217 0.128300 
4756 0.128300 
741 0.128300 
753 0.128300 
754 0.128300 
2246 0.128300 
4708 0.128300 
767 0.128300 
2124 0.128300 
4694 0.128300 
777 0.128300 
2039 0.128300 
791 0.128300 
2085 0.128300 
3094 0.128300 
3373 0.128300 
3117 0.128300 
2621 0.128300 
2602 0.128300 
2914 0.128300 
3569 0.128300 
2954 0.128300 
2500 0.128300 
2463 0.128300 
4313 0.128300 
1341 0.128300 
4342 0.128300 
1165 0.128300 
1481 0.128300 
1932 0.128300 
1164 0.128300 
4432 0.128300 
4343 0.128300 
4426 0.128300 
4314 0.128300 
1378 0.128300 
1379 0.128300 
4418 0.128300 
4419 0.128300 
1933 0.128300 
4345 0.128300 
4357 0.128300 
4299 0.128300 
4312 0.128300 
1836 0.128300 
1833 0.128300 
1793 0.128300 
1897 0.128300 
960 0.128300 
1830 0.128300 
1381 0.128300 
4370 0.128300 
959 0.128300 
1929 0.128300 
1208 0.128300 
1349 0.128300 
1863 0.128300 
1766 0.128300 
1624 0.128300 
1865 0.128300 
1299 0.128300 
1861 0.128300 
4331 0.128300 
1631 0.128300 
1126 0.128300 
1411 0.128300 
1443 0.128300 
1935 0.128300 
1409 0.128300 
1342 0.128300 
1408 0.128300 
1407 0.128300 
4398 0.128300 
1410 0.128300 
1621 0.128300 
4212 0.128300 
2328 0.118949 
2780 0.118949 
1294 0.118949 
4443 0.118949 
4364 0.118949 
2778 0.118949 
2297 0.118949 
2326 0.118949 
4363 0.118949 
2324 0.118949 
2300 0.118949 
2782 0.118949 
4863 0.118949 
2322 0.118949 
5133 0.118949 
3167 0.118949 
1586 0.118949 
3236 0.118949 
2258 0.118949 
2257 0.118949 
4740 0.118949 
3692 0.118949 
1874 0.118949 
734 0.118949 
3232 0.118949 
3690 0.118949 
3234 0.118949 
2259 0.118949 
3688 0.118949 
1872 0.118949 
1870 0.118949 
2442 0.118949 
5032 0.118949 
3153 0.118949 
3008 0.118949 
1868 0.118949 
3238 0.118949 
3694 0.118949 
2294 0.118949 
2784 0.118949 
5214 0.118949 
4825 0.118949 
4824 0.118949 
4823 0.118949 
4822 0.118949 
1838 0.118949 
5201 0.118949 
2295 0.118949 
4810 0.118949 
2839 0.118949 
4809 0.118949 
4376 0.118949 
3393 0.118949 
747 0.118949 
4257 0.118949 
2670 0.118949 
2260 0.118949 
3613 0.118949 
3169 0.118949 
4484 0.118949 
2753 0.118949 
3170 0.118949 
4485 0.118949 
4486 0.118949 
4487 0.118949 
4594 0.118949 
3210 0.118949 
4214 0.118949 
3294 0.118949 
4571 0.118949 
4226 0.118949 
903 0.118949 
3204 0.118949 
4558 0.118949 
3620 0.118949 
3111 0.118949 
4532 0.118949 
1945 0.118949 
4031 0.118949 
1711 0.118949 
4227 0.118949 
2656 0.118949 
3576 0.118949 
4471 0.118949 
3333 0.118949 
4472 0.118949 
5261 0.115098 
3425 0.115098 
3996 0.115098 
1705 0.115098 
3997 0.115098 
4923 0.115098 
3503 0.115098 
1668 0.115098 
1708 0.115098 
2122 0.115098 
3957 0.115098 
4424 0.115098 
2159 0.115098 
3956 0.115098 
1251 0.115098 
4411 0.115098 
2161 0.115098 
2061 0.115098 
5092 0.115098 
1252 0.115098 
4953 0.070761 
5291 0.070761 
3421 0.070761 
4046 0.070761 
3627 0.070761 
5122 0.070761 
1990 0.070761 
4785 0.070761 
4784 0.070761 
3589 0.070761 
4045 0.070761 
2590 0.055026 
3504 0.055026 
11 0.055026 
43 0.055026 
10 0.055026 
464 0.055026 
1712 0.055026 
1239 0.052017 
4900 0.052017 
1245 0.052017 
3854 0.052017 
1244 0.052017 
1978 0.052017 
1028 0.052017 
3851 0.052017 
3461 0.052017 
2395 0.052017 
742 0.052017 
1698 0.052017 
5069 0.052017 
3438 0.052017 
1205 0.052017 
1278 0.052017 
4503 0.052017 
4516 0.052017 
1279 0.052017 
2209 0.052017 
3892 0.052017 
1202 0.052017 
2397 0.052017 
3855 0.052017 
3323 0.052017 
3888 0.052017 
1701 0.052017 
4177 0.052017 
1065 0.052017 
3285 0.052017 
729 0.052017 
3889 0.052017 
2935 0.052017 
3928 0.052017 
898 0.052017 
5251 0.052017 
3932 0.052017 
4846 0.052017 
2036 0.052017 
1107 0.052017 
3742 0.052017 
4211 0.052017 
3931 0.052017 
1519 0.052017 
3895 0.052017 
2359 0.052017 
1238 0.052017 
1521 0.052017 
3929 0.052017 
2630 0.052017 
4190 0.052017 
3852 0.052017 
3891 0.052017 
3894 0.052017 
2832 0.052017 
4441 0.052017 
1530 0.052017 
1068 0.052017 
1105 0.052017 
5238 0.052017 
2474 0.052017 
1282 0.052017 
1482 0.052017 
1201 0.052017 
837 0.052017 
3798 0.021087 
1627 0.021087 
4786 0.021087 
5756 0.021087 
1136 0.021087 
3469 0.021087 
4976 0.021087 
4795 0.021087 
3959 0.021087 
1703 0.021087 
3960 0.021087 
3925 0.021087 
3926 0.021087 
5677 0.021087 
3176 0.021087 
5678 0.021087 
3920 0.021087 
3919 0.021087 
4796 0.021087 
4975 0.021087 
5716 0.021087 
2685 0.021087 
1172 0.021087 
4113 0.021087 
1590 0.021087 
1173 0.021087 
4261 0.021087 
5717 0.021087 
5718 0.021087 
2537 0.021087 
5204 0.021087 
2178 0.021087 
3595 0.021087 
4741 0.021087 
3098 0.021087 
2170 0.021087 
5134 0.021087 
5080 0.021087 
2157 0.021087 
2045 0.021087 
4080 0.021087 
4079 0.021087 
4037 0.021087 
4423 0.021087 
3660 0.021087 
5049 0.021087 
1666 0.021087 
5205 0.021087 
5303 0.021087 
5249 0.021087 
3883 0.021087 
5244 0.021087 
5231 0.021087 
3870 0.021087 
2120 0.021087 
2117 0.021087 
3871 0.021087 
5230 0.021087 
5218 0.021087 
4073 0.021087 
2604 0.021087 
3882 0.021087 
5036 0.021087 
4410 0.021087 
4773 0.021087 
5413 0.021087 
5399 0.021087 
5290 0.021087 
3836 0.021087 
3623 0.021087 
3203 0.021087 
3835 0.021087 
1664 0.021087 
3612 0.021087 
3458 0.021087 
4742 0.021087 
2444 0.021087 
2096 0.017197 
863 0.017197 
1261 0.017197 
1265 0.017197 
3015 0.017197 
1226 0.017197 
865 0.017197 
1191 0.017197 
1637 0.017197 
880 0.017197 
2097 0.017197 
1720 0.017197 
1182 0.017197 
1183 0.017197 
1185 0.017197 
877 0.017197 
1144 0.017197 
1680 0.017197 
1227 0.017197 
2939 0.017197 
1188 0.017197 
906 0.017197 
1263 0.017197 
1228 0.017197 
1148 0.017197 
892 0.017197 
1603 0.017197 
1142 0.017197 
1145 0.017197 
1646 0.017197 
1264 0.017197 
850 0.017197 
711 0.017197 
668 0.017197 
737 0.017197 
3470 0.017197 
1260 0.017197 
723 0.017197 
680 0.017197 
681 0.017197 
722 0.017197 
2137 0.017197 
710 0.017197 
694 0.017197 
4104 0.013323 
1931 0.013323 
2384 0.013323 
2383 0.013323 
721 0.013323 
3611 0.013323 
1181 0.013323 
1150 0.013323 
1149 0.013323 
3683 0.013323 
4988 0.013323 
2008 0.013323 
890 0.013323 
2386 0.013323 
4109 0.013323 
4511 0.013323 
4413 0.013323 
5299 0.013323 
1138 0.013323 
4106 0.013323 
879 0.013323 
3229 0.013323 
2911 0.013323 
4680 0.013323 
1257 0.013323 
3646 0.013323 
1178 0.013323 
3647 0.013323 
2915 0.013323 
4526 0.013323 
2499 0.013323 
4538 0.013323 
1177 0.013323 
4989 0.013323 
1674 0.013323 
1258 0.013323 
4539 0.013323 
2910 0.013323 
3649 0.013323 
2571 0.013323 
1643 0.013323 
708 0.013323 
1180 0.013323 
2421 0.013323 
2574 0.013323 
4408 0.013323 
2388 0.013323 
3681 0.013323 
4512 0.013323 
3538 0.013323 
1189 0.013323 
2874 0.013323 
2873 0.013323 
2872 0.013323 
1190 0.013323 
4137 0.013323 
4139 0.013323 
1215 0.013323 
2596 0.013323 
4878 0.013323 
1217 0.013323 
2078 0.013323 
1221 0.013323 
2125 0.013323 
2426 0.013323 
4864 0.013323 
1220 0.013323 
1671 0.013323 
2608 0.013323 
2462 0.013323 
2841 0.013323 
3374 0.013323 
2118 0.013323 
3371 0.013323 
4850 0.013323 
4849 0.013323 
4695 0.013323 
4063 0.013323 
4681 0.013323 
2881 0.013323 
1254 0.013323 
4417 0.013323 
3227 0.013323 
862 0.013323 
3400 0.013323 
3650 0.013323 
2155 0.013323 
2154 0.013323 
3993 0.013323 
2425 0.013323 
2480 0.013323 
2838 0.013323 
4421 0.013323 
4707 0.013323 
2876 0.013323 
2877 0.013323 
3830 0.013323 
3652 0.013323 
3332 0.013323 
3331 0.013323 
3329 0.013323 
3328 0.013323 
5130 0.013323 
3653 0.013323 
2457 0.005436 
2437 0.005436 
5082 0.005436 
3433 0.005436 
2713 0.005436 
5095 0.005436 
3512 0.005436 
4603 0.005436 
2192 0.005436 
4744 0.005436 
3475 0.005436 
3476 0.005436 
3434 0.005436 
3139 0.005436 
2567 0.005436 
2229 0.005436 
2566 0.005436 
3020 0.005436 
4002 0.005436 
3477 0.005436 
4575 0.005436 
4434 0.005436 
2645 0.005436 
4458 0.005436 
2903 0.005436 
4534 0.005436 
2936 0.005436 
3124 0.002184 
3126 0.002184 
1682 0.002184 
2626 0.002184 
2511 0.002184 
2625 0.002184 
2512 0.002184 
2623 0.002184 
2622 0.002184 
4216 0.002184 
3123 0.002184 
1672 0.002184 
3131 0.002184 
2508 0.002184 
2637 0.002184 
4229 0.002184 
2638 0.002184 
1681 0.002184 
249 0.002184 
248 0.002184 
1679 0.002184 
1678 0.002184 
1673 0.002184 
1677 0.002184 
5121 0.002184 
5120 0.002184 
3166 0.002184 
2675 0.002184 
2677 0.002184 
2678 0.002184 
5289 0.002184 
3163 0.002184 
3164 0.002184 
1716 0.002184 
3165 0.002184 
2674 0.002184 
2549 0.002184 
2548 0.002184 
2546 0.002184 
2545 0.002184 
3168 0.002184 
3171 0.002184 
1710 0.002184 
2620 0.002184 
2669 0.002184 
2582 0.002184 
2584 0.002184 
1718 0.002184 
2585 0.002184 
2586 0.002184 
2588 0.002184 
2589 0.002184 
2668 0.002184 
1715 0.002184 
1719 0.002184 
3130 0.002184 
3129 0.002184 
3128 0.002184 
2619 0.002184 
4783 0.002184 
4628 0.002184 
4627 0.002184 
4412 0.002184 
2204 0.002184 
4614 0.002184 
2207 0.002184 
2208 0.002184 
4613 0.002184 
3583 0.002184 
4782 0.002184 
4414 0.002184 
3585 0.002184 
3586 0.002184 
4596 0.002184 
4583 0.002184 
4582 0.002184 
4808 0.002184 
2777 0.002184 
891 0.002184 
2323 0.002184 
2325 0.002184 
2133 0.002184 
4427 0.002184 
4654 0.002184 
4653 0.002184 
2091 0.002184 
2090 0.002184 
2128 0.002184 
2129 0.002184 
2130 0.002184 
2131 0.002184 
2132 0.002184 
2779 0.002184 
2134 0.002184 
3547 0.002184 
3548 0.002184 
4641 0.002184 
2164 0.002184 
2165 0.002184 
4640 0.002184 
2167 0.002184 
2168 0.002184 
4639 0.002184 
4245 0.002184 
4977 0.002184 
4978 0.002184 
4979 0.002184 
1630 0.002184 
1593 0.002184 
1219 0.002184 
1636 0.002184 
1222 0.002184 
4246 0.002184 
1638 0.002184 
2715 0.002184 
1632 0.002184 
1225 0.002184 
2714 0.002184 
2712 0.002184 
2711 0.002184 
1639 0.002184 
2709 0.002184 
2708 0.002184 
1642 0.002184 
4244 0.002184 
1641 0.002184 
3622 0.002184 
3625 0.002184 
4951 0.002184 
3621 0.002184 
1139 0.002184 
2749 0.002184 
4570 0.002184 
3618 0.002184 
1176 0.002184 
3619 0.002184 
3624 0.002184 
2752 0.002184 
4059 -0.011068 
5297 -0.011068 
1477 -0.011068 
1475 -0.011068 
3643 -0.011068 
4018 -0.011068 
1474 -0.011068 
1436 -0.011068 
4062 -0.011068 
1472 -0.011068 
4056 -0.011068 
4028 -0.011068 
1478 -0.011068 
4025 -0.011068 
1479 -0.011068 
1444 -0.011068 
1480 -0.011068 
1442 -0.011068 
1441 -0.011068 
4019 -0.011068 
1440 -0.011068 
1439 -0.011068 
1438 -0.011068 
2756 -0.011068 
1573 -0.011068 
1574 -0.011068 
4134 -0.011068 
2785 -0.011068 
4159 -0.011068 
4160 -0.011068 
4161 -0.011068 
4162 -0.011068 
4163 -0.011068 
4175 -0.011068 
4176 -0.011068 
2759 -0.011068 
4132 -0.011068 
1607 -0.011068 
1608 -0.011068 
1612 -0.011068 
2738 -0.011068 
4189 -0.011068 
2722 -0.011068 
4202 -0.011068 
1634 -0.011068 
1651 -0.011068 
1648 -0.011068 
1647 -0.011068 
3077 -0.011068 
4099 -0.011068 
1515 -0.011068 
1517 -0.011068 
2846 -0.011068 
2845 -0.011068 
2843 -0.011068 
2842 -0.011068 
2840 -0.011068 
3991 -0.011068 
3990 -0.011068 
4095 -0.011068 
4097 -0.011068 
4098 -0.011068 
1514 -0.011068 
1551 -0.011068 
1552 -0.011068 
4100 -0.011068 
1554 -0.011068 
4101 -0.011068 
4102 -0.011068 
4103 -0.011068 
2809 -0.011068 
2808 -0.011068 
2807 -0.011068 
2805 -0.011068 
2803 -0.011068 
3678 -0.011068 
640 -0.011068 
4812 -0.011068 
4811 -0.011068 
1063 -0.011068 
1061 -0.011068 
1060 -0.011068 
4799 -0.011068 
4399 -0.011068 
4794 -0.011068 
4790 -0.011068 
639 -0.011068 
699 -0.011068 
4767 -0.011068 
4765 -0.011068 
1026 -0.011068 
1025 -0.011068 
1024 -0.011068 
1023 -0.011068 
1022 -0.011068 
1021 -0.011068 
2127 -0.011068 
2348 -0.011068 
2385 -0.011068 
1157 -0.011068 
3301 -0.011068 
4934 -0.011068 
2354 -0.011068 
2353 -0.011068 
2352 -0.011068 
2351 -0.011068 
2350 -0.011068 
2349 -0.011068 
1893 -0.011068 
4329 -0.011068 
4330 -0.011068 
4332 -0.011068 
1100 -0.011068 
1098 -0.011068 
4344 -0.011068 
4839 -0.011068 
5286 -0.011068 
3695 -0.011068 
4498 -0.011068 
2050 -0.011068 
2042 -0.011068 
868 -0.011068 
1930 -0.011068 
2011 -0.011068 
3602 -0.011068 
3605 -0.011068 
3617 -0.011068 
1934 -0.011068 
1936 -0.011068 
982 -0.011068 
4499 -0.011068 
1971 -0.011068 
3632 -0.011068 
4500 -0.011068 
1968 -0.011068 
4501 -0.011068 
3648 -0.011068 
4514 -0.011068 
3642 -0.011068 
3645 -0.011068 
2089 -0.011068 
1894 -0.011068 
1895 -0.011068 
1896 -0.011068 
4683 -0.011068 
4669 -0.011068 
1898 -0.011068 
1899 -0.011068 
4668 -0.011068 
4667 -0.011068 
3534 -0.011068 
4826 -0.011068 
989 -0.011068 
988 -0.011068 
808 -0.011068 
809 -0.011068 
822 -0.011068 
2067 -0.011068 
987 -0.011068 
986 -0.011068 
984 -0.011068 
4222 -0.011068 
3261 -0.011068 
3259 -0.011068 
2581 -0.011068 
3224 -0.011068 
3222 -0.011068 
3213 -0.011068 
3212 -0.011068 
2483 -0.011068 
5103 -0.011068 
5156 -0.011068 
5155 -0.011068 
5274 -0.011068 
3172 -0.011068 
2387 -0.011068 
3173 -0.011068 
3191 -0.011068 
3190 -0.011068 
5128 -0.011068 
2517 -0.011068 
3185 -0.011068 
2518 -0.011068 
5132 -0.011068 
3188 -0.011068 
5273 -0.011068 
2389 -0.011068 
3263 -0.011068 
3120 -0.011068 
2390 -0.011068 
2391 -0.011068 
5272 -0.011068 
4963 -0.011068 
5260 -0.011068 
817 -0.027915 
3540 -0.027915 
4752 -0.027915 
5259 -0.027915 
2205 -0.027915 
5105 -0.027915 
2610 -0.027915 
2488 -0.027915 
3446 -0.027915 
1051 -0.027915 
5090 -0.027915 
818 -0.027915 
4636 -0.027915 
4890 -0.027915 
2992 -0.027915 
3482 -0.027915 
3483 -0.027915 
4531 -0.027915 
2955 -0.027915 
1012 -0.027915 
4239 -0.027915 
3902 -0.027915 
4921 -0.027915 
3497 -0.027915 
3501 -0.027915 
1015 -0.027915 
4938 -0.027915 
2119 -0.027915 
2116 -0.027915 
2696 -0.027915 
4902 -0.027915 
4889 -0.027915 
2894 -0.027915 
4876 -0.027915 
4577 -0.027915 
3372 -0.027915 
3584 -0.027915 
4252 -0.027915 
3865 -0.027915 
4033 -0.027915 
2573 -0.027915 
4034 -0.027915 
3409 -0.027915 
4903 -0.027915 
3860 -0.027915 
2063 -0.027915 
1663 -0.027915 
1700 -0.027915 
1662 -0.027915 
3405 -0.027915 
4635 -0.027915 
1693 -0.028912 
2673 -0.028912 
2578 -0.028912 
2579 -0.028912 
1654 -0.028912 
5206 -0.028912 
4544 -0.028912 
913 -0.028912 
5193 -0.028912 
4736 -0.028912 
1694 -0.028912 
1243 -0.028912 
866 -0.028912 
2887 -0.028912 
2931 -0.028912 
3528 -0.028912 
5167 -0.028912 
2541 -0.028912 
5180 -0.028912 
2618 -0.028912 
4444 -0.028912 
1246 -0.028912 
5192 -0.028912 
4220 -0.028912 
4882 -0.028912 
2850 -0.028912 
3034 -0.028912 
2454 -0.028912 
5037 -0.028912 
1203 -0.028912 
4267 -0.028912 
4855 -0.028912 
3797 -0.028912 
3796 -0.028912 
3346 -0.028912 
4868 -0.028912 
575 -0.028912 
3343 -0.028912 
3342 -0.028912 
3942 -0.028912 
3032 -0.028912 
562 -0.028912 
3072 -0.028912 
1285 -0.028912 
1284 -0.028912 
1283 -0.028912 
4901 -0.028912 
3071 -0.028912 
3265 -0.028912 
1606 -0.028912 
4280 -0.028912 
1776 -0.028912 
1281 -0.028912 
3304 -0.028912 
3760 -0.028912 
3762 -0.028912 
3451 -0.028912 
4686 -0.028912 
2113 -0.028912 
4699 -0.028912 
4238 -0.028912 
3840 -0.028912 
3839 -0.028912 
3488 -0.028912 
3837 -0.028912 
4732 -0.028912 
3981 -0.028912 
2162 -0.028912 
744 -0.028912 
2995 -0.028912 
4749 -0.028912 
1736 -0.028912 
1320 -0.028912 
1322 -0.028912 
3802 -0.028912 
1739 -0.028912 
3394 -0.028912 
5070 -0.028912 
4764 -0.028912 
2477 -0.028912 
4389 -0.028912 
697 -0.028912 
3441 -0.028912 
4405 -0.029939 
4630 -0.029939 
3427 -0.029939 
1 -0.029939 
4617 -0.029939 
1713 -0.029939 
459 -0.029939 
0 -0.029939 
2681 -0.029939 
28 -0.029939 
2562 -0.029939 
1403 -0.035037 
941 -0.035037 
4750 -0.035037 
1385 -0.035037 
1388 -0.035037 
3225 -0.035037 
1397 -0.035037 
1398 -0.035037 
1401 -0.035037 
928 -0.035037 
1404 -0.035037 
1405 -0.035037 
1406 -0.035037 
4402 -0.035037 
942 -0.035037 
3672 -0.035037 
746 -0.035037 
2762 -0.035037 
1360 -0.035037 
2196 -0.035037 
4766 -0.035037 
2187 -0.035037 
1782 -0.035037 
4763 -0.035037 
1781 -0.035037 
1780 -0.035037 
1779 -0.035037 
1778 -0.035037 
940 -0.035037 
1362 -0.035037 
1363 -0.035037 
1367 -0.035037 
1370 -0.035037 
1372 -0.035037 
3014 -0.035037 
943 -0.035037 
3223 -0.035037 
4645 -0.035037 
2098 -0.035037 
958 -0.035037 
957 -0.035037 
956 -0.035037 
771 -0.035037 
955 -0.035037 
954 -0.035037 
772 -0.035037 
773 -0.035037 
759 -0.035037 
4881 -0.035037 
789 -0.035037 
953 -0.035037 
784 -0.035037 
785 -0.035037 
786 -0.035037 
4893 -0.035037 
1704 -0.035037 
4450 -0.035037 
4429 -0.035037 
3048 -0.035037 
1366 -0.035037 
4437 -0.035037 
1743 -0.035037 
2627 -0.035037 
1742 -0.035037 
1741 -0.035037 
1567 -0.035037 
4428 -0.035037 
4464 -0.035037 
3644 -0.035037 
4880 -0.035037 
4476 -0.035037 
758 -0.035037 
2730 -0.035037 
3073 -0.035037 
3075 -0.035037 
2311 -0.035037 
4255 -0.035037 
4296 -0.035037 
4259 -0.035037 
1250 -0.035037 
3418 -0.035037 
3679 -0.035037 
4295 -0.035037 
4264 -0.035037 
4282 -0.035037 
4281 -0.035037 
2307 -0.035037 
1859 -0.035037 
1855 -0.035037 
3677 -0.035037 
2313 -0.035037 
1290 -0.035037 
1287 -0.035037 
1286 -0.035037 
2233 -0.035037 
2235 -0.035037 
1817 -0.035037 
1821 -0.035037 
4268 -0.035037 
1824 -0.035037 
4269 -0.035037 
1857 -0.035037 
2315 -0.035037 
4135 -0.035037 
1333 -0.035037 
1783 -0.035037 
1330 -0.035037 
1329 -0.035037 
1327 -0.035037 
1324 -0.035037 
615 -0.035037 
4987 -0.035037 
1323 -0.035037 
4986 -0.035037 
4133 -0.035037 
3217 -0.035037 
1784 -0.035037 
1852 -0.035037 
4309 -0.035037 
4814 -0.035037 
1802 -0.035037 
4573 -0.035037 
4302 -0.035037 
4307 -0.035037 
915 -0.035037 
2274 -0.035037 
4310 -0.035037 
4311 -0.035037 
4983 -0.035037 
2633 -0.037552 
2735 -0.037552 
5325 -0.037552 
2279 -0.037552 
2314 -0.037552 
4479 -0.037552 
2242 -0.037552 
2570 -0.037552 
2695 -0.037552 
4467 -0.037552 
4480 -0.037552 
2239 -0.037552 
1858 -0.037552 
4466 -0.037552 
2532 -0.037552 
2533 -0.037552 
4578 -0.037552 
3992 -0.037552 
1860 -0.037552 
4430 -0.037552 
4591 -0.037552 
4913 -0.063417 
5486 -0.063417 
5356 -0.063417 
4914 -0.063417 
5476 -0.063417 
5369 -0.063417 
5485 -0.063417 
5349 -0.063417 
5856 -0.063417 
5384 -0.063417 
4581 -0.063417 
5385 -0.063417 
5355 -0.063417 
5354 -0.063417 
5368 -0.063417 
5395 -0.063417 
4941 -0.063417 
5350 -0.063417 
5780 -0.063417 
5488 -0.063417 
5487 -0.063417 
5377 -0.063417 
5382 -0.063417 
5784 -0.063417 
5489 -0.063417 
5782 -0.063417 
5781 -0.063417 
5779 -0.063417 
5498 -0.063417 
5357 -0.063417 
5371 -0.063417 
5383 -0.063417 
5363 -0.063417 
5364 -0.063417 
4928 -0.063417 
5370 -0.063417 
5497 -0.063417 
5845 -0.063417 
5816 -0.063417 
5815 -0.063417 
5814 -0.063417 
5417 -0.063417 
5446 -0.063417 
5813 -0.063417 
5411 -0.063417 
5842 -0.063417 
5843 -0.063417 
5844 -0.063417 
5817 -0.063417 
5812 -0.063417 
5846 -0.063417 
5847 -0.063417 
5447 -0.063417 
5848 -0.063417 
5849 -0.063417 
5811 -0.063417 
5448 -0.063417 
5810 -0.063417 
5809 -0.063417 
5443 -0.063417 
5430 -0.063417 
5431 -0.063417 
5432 -0.063417 
5433 -0.063417 
5434 -0.063417 
5424 -0.063417 
5435 -0.063417 
5436 -0.063417 
5423 -0.063417 
5422 -0.063417 
5808 -0.063417 
5444 -0.063417 
5445 -0.063417 
5421 -0.063417 
5420 -0.063417 
5419 -0.063417 
5822 -0.063417 
5821 -0.063417 
5418 -0.063417 
5819 -0.063417 
5818 -0.063417 
5471 -0.063417 
5854 -0.063417 
5855 -0.063417 
5750 -0.063417 
5857 -0.063417 
5462 -0.063417 
5858 -0.063417 
4724 -0.063417 
3514 -0.063417 
2110 -0.063417 
5859 -0.063417 
5853 -0.063417 
5472 -0.063417 
5473 -0.063417 
5474 -0.063417 
5406 -0.063417 
5475 -0.063417 
5405 -0.063417 
5404 -0.063417 
5785 -0.063417 
5398 -0.063417 
5397 -0.063417 
5410 -0.063417 
5807 -0.063417 
5449 -0.063417 
5806 -0.063417 
5805 -0.063417 
5804 -0.063417 
5850 -0.063417 
5803 -0.063417 
4747 -0.063417 
5457 -0.063417 
5458 -0.063417 
5396 -0.063417 
5459 -0.063417 
4737 -0.063417 
5409 -0.063417 
4734 -0.063417 
5408 -0.063417 
5460 -0.063417 
5851 -0.063417 
5461 -0.063417 
5852 -0.063417 
5924 -0.063417 
5634 -0.063417 
5633 -0.063417 
5632 -0.063417 
5631 -0.063417 
3001 -0.063417 
5630 -0.063417 
5629 -0.063417 
5550 -0.063417 
5551 -0.063417 
5923 -0.063417 
5922 -0.063417 
5925 -0.063417 
2988 -0.063417 
5926 -0.063417 
5927 -0.063417 
5928 -0.063417 
5929 -0.063417 
5553 -0.063417 
5930 -0.063417 
5931 -0.063417 
5932 -0.063417 
5533 -0.063417 
5671 -0.063417 
5348 -0.063417 
5669 -0.063417 
5668 -0.063417 
5667 -0.063417 
5654 -0.063417 
5639 -0.063417 
5532 -0.063417 
5638 -0.063417 
5637 -0.063417 
5933 -0.063417 
5636 -0.063417 
5534 -0.063417 
5635 -0.063417 
5535 -0.063417 
5536 -0.063417 
5537 -0.063417 
5919 -0.063417 
5538 -0.063417 
5539 -0.063417 
5954 -0.063417 
5951 -0.063417 
5579 -0.063417 
5952 -0.063417 
5578 -0.063417 
5559 -0.063417 
5560 -0.063417 
5577 -0.063417 
5576 -0.063417 
5953 -0.063417 
5575 -0.063417 
5950 -0.063417 
5955 -0.063417 
5956 -0.063417 
5957 -0.063417 
5958 -0.063417 
5574 -0.063417 
4237 -0.063417 
5571 -0.063417 
5959 -0.063417 
5960 -0.063417 
5961 -0.063417 
5557 -0.063417 
5617 -0.063417 
5616 -0.063417 
5615 -0.063417 
5614 -0.063417 
5600 -0.063417 
5599 -0.063417 
5554 -0.063417 
5934 -0.063417 
5935 -0.063417 
5556 -0.063417 
5670 -0.063417 
5597 -0.063417 
5596 -0.063417 
5595 -0.063417 
5594 -0.063417 
5593 -0.063417 
5592 -0.063417 
5591 -0.063417 
5590 -0.063417 
5589 -0.063417 
5747 -0.063417 
5508 -0.063417 
5768 -0.063417 
5767 -0.063417 
5766 -0.063417 
5886 -0.063417 
5887 -0.063417 
2583 -0.063417 
5888 -0.063417 
5749 -0.063417 
5748 -0.063417 
5507 -0.063417 
5889 -0.063417 
5890 -0.063417 
5746 -0.063417 
5891 -0.063417 
5892 -0.063417 
5745 -0.063417 
5744 -0.063417 
5743 -0.063417 
3969 -0.063417 
5741 -0.063417 
5774 -0.063417 
5499 -0.063417 
5500 -0.063417 
2513 -0.063417 
5501 -0.063417 
4568 -0.063417 
5502 -0.063417 
5778 -0.063417 
5777 -0.063417 
5776 -0.063417 
5775 -0.063417 
5742 -0.063417 
5773 -0.063417 
5772 -0.063417 
5771 -0.063417 
5770 -0.063417 
5769 -0.063417 
5883 -0.063417 
5505 -0.063417 
5506 -0.063417 
5884 -0.063417 
5885 -0.063417 
5698 -0.063417 
5739 -0.063417 
5895 -0.063417 
5896 -0.063417 
5897 -0.063417 
5707 -0.063417 
5706 -0.063417 
5705 -0.063417 
5898 -0.063417 
5704 -0.063417 
5699 -0.063417 
5708 -0.063417 
5697 -0.063417 
5696 -0.063417 
5695 -0.063417 
5693 -0.063417 
5692 -0.063417 
5676 -0.063417 
5675 -0.063417 
5674 -0.063417 
5673 -0.063417 
5672 -0.063417 
5713 -0.063417 
5738 -0.063417 
5737 -0.063417 
5736 -0.063417 
5735 -0.063417 
5734 -0.063417 
5733 -0.063417 
5732 -0.063417 
5731 -0.063417 
5730 -0.063417 
5729 -0.063417 
5893 -0.063417 
5709 -0.063417 
5336 -0.063417 
5335 -0.063417 
5712 -0.063417 
5711 -0.063417 
5710 -0.063417 
5894 -0.063417 
4780 -0.064387 
4781 -0.064387 
3580 -0.064387 
4070 -0.064387 
4071 -0.064387 
5119 -0.064387 
5288 -0.064387 
5301 -0.064387 
1373 -0.084444 
3536 -0.084444 
1077 -0.084444 
3016 -0.084444 
3930 -0.084444 
1377 -0.084444 
1376 -0.084444 
1375 -0.084444 
1374 -0.084444 
775 -0.084444 
3890 -0.084444 
776 -0.084444 
750 -0.084444 
788 -0.084444 
945 -0.084444 
944 -0.084444 
3471 -0.084444 
4167 -0.084444 
1994 -0.084444 
1335 -0.084444 
1828 -0.084444 
1831 -0.084444 
2976 -0.084444 
3967 -0.084444 
1000 -0.084444 
763 -0.084444 
762 -0.084444 
1494 -0.084444 
1003 -0.084444 
1988 -0.092301 
842 -0.092301 
1989 -0.092301 
4205 -0.092301 
3274 -0.092301 
4168 -0.092301 
2852 -0.092301 
2854 -0.092301 
3242 -0.092301 
3243 -0.092301 
4279 -0.092301 
4659 -0.092301 
4206 -0.092301 
2849 -0.092301 
2115 -0.092301 
2966 -0.092301 
1954 -0.092301 
1952 -0.092301 
2967 -0.092301 
2401 -0.092301 
1154 -0.092301 
3727 -0.092301 
4579 -0.092301 
4572 -0.092301 
2057 -0.092301 
3270 -0.092301 
3268 -0.092301 
3267 -0.092301 
3266 -0.092301 
2099 -0.092301 
2100 -0.092301 
2101 -0.092301 
3271 -0.092301 
3272 -0.092301 
2111 -0.092301 
4196 -0.092301 
3273 -0.092301 
2056 -0.092301 
4685 -0.092301 
2114 -0.092301 
2029 -0.092301 
4672 -0.092301 
2028 -0.092301 
4671 -0.092301 
2021 -0.092301 
2857 -0.092301 
3244 -0.092301 
2121 -0.092301 
2790 -0.092301 
1685 -0.092301 
1684 -0.092301 
2814 -0.092301 
1083 -0.092301 
1660 -0.092301 
1659 -0.092301 
4489 -0.092301 
4365 -0.092301 
1079 -0.092301 
2810 -0.092301 
4375 -0.092301 
4448 -0.092301 
4436 -0.092301 
4435 -0.092301 
1696 -0.092301 
5165 -0.092301 
1538 -0.092301 
4403 -0.092301 
2788 -0.092301 
3044 -0.092301 
4422 -0.092301 
2787 -0.092301 
3042 -0.092301 
1499 -0.092301 
1497 -0.092301 
1496 -0.092301 
2786 -0.092301 
4409 -0.092301 
4996 -0.092301 
3697 -0.092301 
3698 -0.092301 
3700 -0.092301 
3721 -0.092301 
3722 -0.092301 
3723 -0.092301 
3724 -0.092301 
3699 -0.092301 
2553 -0.092301 
2569 -0.092301 
2572 -0.092301 
2575 -0.092301 
3766 -0.092301 
3767 -0.092301 
3696 -0.092301 
2607 -0.092301 
1740 -0.092301 
2817 -0.092301 
2816 -0.092301 
5011 -0.092301 
3003 -0.092301 
1733 -0.092301 
3004 -0.092301 
5025 -0.092301 
1702 -0.092301 
1699 -0.092301 
4504 -0.092301 
1697 -0.092301 
2156 -0.092301 
2149 -0.092301 
4266 -0.092301 
3312 -0.092301 
2151 -0.092301 
2357 -0.092301 
2400 -0.092301 
3310 -0.092301 
2152 -0.092301 
2194 -0.092301 
2356 -0.092301 
2333 -0.092301 
2188 -0.092301 
2189 -0.092301 
2225 -0.092301 
4221 -0.092301 
1248 -0.092301 
3311 -0.092301 
4254 -0.092301 
2191 -0.092301 
4234 -0.092301 
4233 -0.092301 
3305 -0.092301 
4840 -0.092301 
4842 -0.092301 
3347 -0.092301 
4827 -0.092301 
3307 -0.092301 
4207 -0.092301 
4828 -0.092301 
2358 -0.092301 
4829 -0.092301 
673 -0.092301 
4253 -0.092301 
2148 -0.092301 
4856 -0.092301 
4209 -0.105498 
1794 -0.105498 
3416 -0.105498 
3415 -0.105498 
1120 -0.105498 
2030 -0.105498 
709 -0.105498 
2856 -0.105498 
1111 -0.105498 
1102 -0.105498 
932 -0.105498 
2521 -0.105498 
2999 -0.105498 
4933 -0.105498 
2447 -0.105498 
1143 -0.105498 
1146 -0.105498 
1147 -0.105498 
4906 -0.105498 
4907 -0.105498 
3453 -0.105498 
878 -0.105498 
855 -0.105498 
2446 -0.105498 
2969 -0.105498 
2486 -0.105498 
2487 -0.105498 
2993 -0.105498 
4768 -0.105498 
4937 -0.105498 
3449 -0.105498 
2443 -0.105498 
2520 -0.105498 
1184 -0.105498 
2523 -0.105498 
2524 -0.105498 
4870 -0.105498 
2539 -0.105498 
4219 -0.105498 
2991 -0.105498 
4388 -0.105498 
1187 -0.105498 
4701 -0.105498 
3543 -0.105498 
1570 -0.105498 
1575 -0.105498 
1576 -0.105498 
1577 -0.105498 
3484 -0.105498 
1557 -0.105498 
4385 -0.105498 
3947 -0.105498 
3946 -0.105498 
1595 -0.105498 
1596 -0.105498 
5106 -0.105498 
4372 -0.105498 
1537 -0.105498 
1224 -0.105498 
3036 -0.105498 
4735 -0.105498 
2284 -0.105498 
1223 -0.105498 
4203 -0.105498 
4401 -0.105498 
1536 -0.105498 
1594 -0.105498 
3495 -0.105498 
5275 -0.105498 
3492 -0.105498 
3490 -0.105498 
2093 -0.105498 
2092 -0.105498 
1556 -0.105498 
4232 -0.105498 
2048 -0.105498 
2897 -0.105498 
1640 -0.105498 
3909 -0.105498 
1633 -0.105498 
2051 -0.105498 
2054 -0.105498 
2055 -0.105498 
1186 -0.105498 
1610 -0.105498 
1611 -0.105498 
4231 -0.105498 
3080 -0.121415 
1676 -0.121415 
2298 -0.121415 
1242 -0.121415 
2261 -0.121415 
2886 -0.121415 
1690 -0.121415 
4249 -0.121415 
4911 -0.121415 
1724 -0.121415 
1725 -0.121415 
1727 -0.121415 
1319 -0.121415 
4922 -0.121415 
1728 -0.121415 
1735 -0.121415 
1737 -0.121415 
3340 -0.121415 
3985 -0.121415 
3983 -0.121415 
4349 -0.121415 
1738 -0.121415 
1650 -0.121415 
5088 -0.121415 
2884 -0.121415 
5091 -0.121415 
1774 -0.121415 
5101 -0.121415 
911 -0.121415 
1773 -0.121415 
3306 -0.121415 
2853 -0.121415 
4697 -0.121415 
2062 -0.121415 
4753 -0.121415 
2439 -0.121415 
4265 -0.121415 
5257 -0.121415 
3303 -0.121415 
1947 -0.121415 
2847 -0.121415 
2430 -0.121415 
1316 -0.121415 
5256 -0.121415 
3500 -0.121415 
2144 -0.121415 
4290 -0.121415 
4684 -0.121415 
3505 -0.121415 
2402 -0.121415 
2393 -0.121415 
5059 -0.134526 
3901 -0.134526 
5058 -0.134526 
29 -0.134526 
2951 -0.134526 
5047 -0.134526 
256 -0.134526 
682 -0.134526 
5045 -0.134526 
2038 -0.134526 
143 -0.134526 
5073 -0.134526 
5060 -0.134526 
2950 -0.134526 
2813 -0.134526 
3410 -0.134526 
5071 -0.134526 
3900 -0.134526 
3899 -0.134526 
670 -0.134526 
3407 -0.134526 
3406 -0.134526 
5072 -0.134526 
142 -0.134526 
2860 -0.134526 
4348 -0.134526 
3370 -0.134526 
2331 -0.134526 
4517 -0.134526 
3821 -0.134526 
3822 -0.134526 
3825 -0.134526 
3826 -0.134526 
3829 -0.134526 
102 -0.134526 
4857 -0.134526 
2366 -0.134526 
2367 -0.134526 
183 -0.134526 
147 -0.134526 
3866 -0.134526 
103 -0.134526 
4361 -0.134526 
146 -0.134526 
145 -0.134526 
4507 -0.134526 
251 -0.134526 
63 -0.134526 
2815 -0.134526 
683 -0.134526 
144 -0.134526 
3859 -0.134526 
5240 -0.134526 
3861 -0.134526 
3862 -0.134526 
2037 -0.134526 
4199 -0.134526 
2371 -0.134526 
2079 -0.134526 
181 -0.134526 
65 -0.134526 
180 -0.134526 
26 -0.134526 
3024 -0.134526 
4395 -0.134526 
1563 -0.134526 
3539 -0.134526 
70 -0.134526 
3025 -0.134526 
217 -0.134526 
1547 -0.134526 
69 -0.134526 
178 -0.134526 
2372 -0.134526 
218 -0.134526 
3994 -0.134526 
179 -0.134526 
219 -0.134526 
67 -0.134526 
141 -0.134526 
4721 -0.134526 
140 -0.134526 
139 -0.134526 
2396 -0.134526 
66 -0.134526 
4032 -0.134526 
2399 -0.134526 
215 -0.134526 
5084 -0.134526 
101 -0.134526 
184 -0.134526 
2410 -0.134526 
182 -0.134526 
252 -0.134526 
3481 -0.134526 
211 -0.134526 
212 -0.134526 
137 -0.134526 
138 -0.134526 
213 -0.134526 
4368 -0.134526 
214 -0.134526 
100 -0.134526 
3903 -0.134526 
5253 -0.134526 
2812 -0.134526 
216 -0.134526 
174 -0.134526 
175 -0.134526 
3937 -0.134526 
27 -0.134526 
2074 -0.134526 
176 -0.134526 
2075 -0.134526 
177 -0.134526 
64 -0.134526 
1581 -0.134526 
1067 -0.134526 
105 -0.134526 
511 -0.134526 
500 -0.134526 
2534 -0.134526 
499 -0.134526 
696 -0.134526 
693 -0.134526 
498 -0.134526 
2987 -0.134526 
4658 -0.134526 
487 -0.134526 
486 -0.134526 
104 -0.134526 
3444 -0.134526 
106 -0.134526 
107 -0.134526 
485 -0.134526 
1991 -0.134526 
1992 -0.134526 
1995 -0.134526 
3241 -0.134526 
2362 -0.134526 
108 -0.134526 
1110 -0.134526 
1109 -0.134526 
1104 -0.134526 
851 -0.134526 
255 -0.134526 
552 -0.134526 
551 -0.134526 
254 -0.134526 
857 -0.134526 
1916 -0.134526 
1919 -0.134526 
4915 -0.134526 
539 -0.134526 
538 -0.134526 
537 -0.134526 
2829 -0.134526 
253 -0.134526 
526 -0.134526 
525 -0.134526 
524 -0.134526 
30 -0.134526 
845 -0.134526 
3447 -0.134526 
2525 -0.134526 
514 -0.134526 
2826 -0.134526 
513 -0.134526 
512 -0.134526 
473 -0.134526 
1103 -0.134526 
472 -0.134526 
4522 -0.134526 
4520 -0.134526 
5174 -0.146193 
3823 -0.146193 
3793 -0.146193 
4455 -0.146193 
5004 -0.146193 
4865 -0.146193 
5601 -0.146193 
5524 -0.146193 
3824 -0.146193 
5173 -0.146193 
5602 -0.146193 
5228 -0.146193 
5020 -0.146193 
3335 -0.146193 
5019 -0.146193 
5018 -0.146193 
3791 -0.146193 
3788 -0.146193 
3789 -0.146193 
3790 -0.146193 
3719 -0.146193 
3828 -0.146193 
3717 -0.146193 
3827 -0.146193 
3715 -0.146193 
5523 -0.146193 
3713 -0.146193 
3792 -0.146193 
3711 -0.146193 
5561 -0.146193 
5522 -0.146193 
5200 -0.146193 
5526 -0.146193 
3336 -0.146193 
5187 -0.146193 
5358 -0.146193 
5359 -0.146193 
3296 -0.146193 
3293 -0.146193 
5564 -0.146193 
5598 -0.146193 
5186 -0.146193 
5241 -0.146193 
5229 -0.146193 
5008 -0.146193 
5372 -0.146193 
3368 -0.146193 
3369 -0.146193 
5007 -0.146193 
5006 -0.146193 
5216 -0.146193 
5563 -0.146193 
5565 -0.146193 
5203 -0.146193 
2445 -0.146193 
5202 -0.146193 
3337 -0.146193 
5189 -0.146193 
5005 -0.146193 
4670 -0.146193 
5528 -0.146193 
5527 -0.146193 
5558 -0.146193 
5346 -0.146193 
5562 -0.146193 
5525 -0.146193 
5046 -0.146193 
3864 -0.146193 
3784 -0.146193 
5343 -0.146193 
5227 -0.146193 
3783 -0.146193 
3743 -0.146193 
5177 -0.146193 
5033 -0.146193 
5034 -0.146193 
3746 -0.146193 
5176 -0.146193 
3787 -0.146193 
3747 -0.146193 
3748 -0.146193 
3749 -0.146193 
3750 -0.146193 
2704 -0.146193 
5175 -0.146193 
3751 -0.146193 
3755 -0.146193 
3752 -0.146193 
3753 -0.146193 
3264 -0.146193 
3785 -0.146193 
3786 -0.146193 
5215 -0.146193 
5190 -0.146193 
5344 -0.146193 
5188 -0.146193 
5521 -0.146193 
5021 -0.146193 
3572 -0.146193 
5345 -0.146193 
3863 -0.146193 
4604 -0.166334 
2644 -0.166334 
4616 -0.166334 
4590 -0.166334 
2230 -0.166334 
2193 -0.166334 
3525 -0.177147 
3146 -0.177147 
4791 -0.177147 
3149 -0.177147 
5129 -0.177147 
3608 -0.177147 
5298 -0.177147 
3148 -0.177147 
4778 -0.177147 
4762 -0.177147 
4776 -0.177147 
2615 -0.177147 
3109 -0.177147 
3565 -0.177147 
2058 -0.177147 
3069 -0.177147 
3112 -0.177147 
3110 -0.177147 
5324 -0.177147 
3108 -0.177147 
5312 -0.177147 
3424 -0.177147 
5310 -0.177147 
5311 -0.177147 
1340 -0.183144 
2979 -0.183144 
4193 -0.183144 
4324 -0.183144 
2978 -0.183144 
1166 -0.183144 
4210 -0.183144 
1426 -0.183144 
1163 -0.183144 
1380 -0.183144 
1427 -0.183144 
1457 -0.183144 
2938 -0.183144 
1428 -0.183144 
4362 -0.183144 
1429 -0.183144 
5224 -0.183144 
1430 -0.183144 
1431 -0.183144 
1383 -0.183144 
1043 -0.183144 
2945 -0.183144 
4288 -0.183144 
1089 -0.183144 
2819 -0.183144 
5237 -0.183144 
4154 -0.183144 
3808 -0.183144 
5223 -0.183144 
2789 -0.183144 
4155 -0.183144 
4156 -0.183144 
4323 -0.183144 
1048 -0.183144 
2821 -0.183144 
1046 -0.183144 
5211 -0.183144 
4325 -0.183144 
1045 -0.183144 
4224 -0.183144 
1086 -0.183144 
1123 -0.183144 
827 -0.183144 
856 -0.183144 
1915 -0.183144 
1946 -0.183144 
1948 -0.183144 
1951 -0.183144 
852 -0.183144 
839 -0.183144 
828 -0.183144 
4597 -0.183144 
1979 -0.183144 
816 -0.183144 
1982 -0.183144 
1983 -0.183144 
1985 -0.183144 
1986 -0.183144 
815 -0.183144 
1800 -0.183144 
3849 -0.183144 
3847 -0.183144 
3846 -0.183144 
3845 -0.183144 
3844 -0.183144 
3122 -0.183144 
3807 -0.183144 
934 -0.183144 
814 -0.183144 
1837 -0.183144 
4584 -0.183144 
1881 -0.183144 
1882 -0.183144 
1883 -0.183144 
1885 -0.183144 
1912 -0.183144 
658 -0.183144 
2363 -0.183144 
2339 -0.183144 
2338 -0.183144 
2337 -0.183144 
2336 -0.183144 
3435 -0.183144 
3352 -0.183144 
659 -0.183144 
2370 -0.183144 
645 -0.183144 
644 -0.183144 
3395 -0.183144 
633 -0.183144 
632 -0.183144 
631 -0.183144 
2293 -0.183144 
1042 -0.183144 
4717 -0.183144 
4716 -0.183144 
2073 -0.183144 
4885 -0.183144 
4886 -0.183144 
2034 -0.183144 
2033 -0.183144 
2023 -0.183144 
2022 -0.183144 
3245 -0.183144 
4660 -0.183144 
800 -0.183144 
801 -0.183144 
802 -0.183144 
813 -0.183144 
972 -0.183144 
1582 -0.183144 
1583 -0.183144 
976 -0.183144 
975 -0.183144 
974 -0.183144 
973 -0.183144 
1613 -0.183144 
1614 -0.183144 
1616 -0.183144 
1579 -0.183144 
1617 -0.183144 
1620 -0.183144 
971 -0.183144 
4491 -0.183144 
4492 -0.183144 
3886 -0.183144 
3885 -0.183144 
5068 -0.183144 
1005 -0.183144 
1460 -0.183144 
1040 -0.183144 
1463 -0.183144 
1039 -0.183144 
1495 -0.183144 
1498 -0.183144 
1008 -0.183144 
3045 -0.183144 
1580 -0.183144 
1004 -0.183144 
1529 -0.183144 
1002 -0.183144 
1539 -0.183144 
1540 -0.183144 
1001 -0.183144 
1566 -0.183144 
1578 -0.183144 
2659 -0.183144 
5054 -0.183144 
4519 -0.185404 
61 -0.185404 
60 -0.185404 
2199 -0.185404 
2198 -0.185404 
2360 -0.185404 
3462 -0.185404 
5143 -0.185404 
2364 -0.185404 
1368 -0.185404 
2404 -0.185404 
4518 -0.185404 
1249 -0.185404 
95 -0.185404 
98 -0.185404 
471 -0.185404 
2070 -0.185404 
99 -0.185404 
59 -0.185404 
58 -0.185404 
55 -0.185404 
4187 -0.185404 
24 -0.185404 
23 -0.185404 
651 -0.185404 
4505 -0.185404 
2278 -0.185404 
1453 -0.185404 
2276 -0.185404 
2275 -0.185404 
4356 -0.185404 
638 -0.185404 
1365 -0.185404 
1476 -0.185404 
5142 -0.185404 
650 -0.185404 
470 -0.185404 
652 -0.185404 
2639 -0.185404 
664 -0.185404 
1019 -0.185404 
62 -0.185404 
2236 -0.185404 
4223 -0.185404 
468 -0.185404 
1513 -0.185404 
469 -0.185404 
497 -0.185404 
1331 -0.185404 
19 -0.185404 
18 -0.185404 
22 -0.185404 
4452 -0.185404 
4453 -0.185404 
484 -0.185404 
2820 -0.185404 
1785 -0.185404 
833 -0.185404 
4621 -0.185404 
914 -0.185404 
1950 -0.185404 
1332 -0.185404 
4066 -0.185404 
1160 -0.185404 
2823 -0.185404 
4601 -0.185404 
4478 -0.185404 
4974 -0.185404 
1653 -0.185404 
4973 -0.185404 
1326 -0.185404 
1325 -0.185404 
2550 -0.185404 
2475 -0.185404 
2983 -0.185404 
901 -0.185404 
1292 -0.185404 
21 -0.185404 
4181 -0.185404 
1369 -0.185404 
4533 -0.185404 
25 -0.185404 
1288 -0.185404 
1289 -0.185404 
3606 -0.185404 
929 -0.185404 
1291 -0.185404 
4283 -0.185404 
483 -0.185404 
927 -0.185404 
4061 -0.185404 
20 -0.185404 
4506 -0.185404 
752 -0.205378 
4714 -0.205378 
921 -0.205378 
4935 -0.205378 
4883 -0.205378 
764 -0.205378 
4873 -0.205378 
4847 -0.205378 
5221 -0.205378 
4704 -0.205378 
4848 -0.205378 
765 -0.205378 
4545 -0.205378 
930 -0.205378 
766 -0.205378 
5052 -0.205378 
778 -0.205378 
5042 -0.205378 
1763 -0.205378 
1346 -0.205378 
1371 -0.205378 
1266 -0.205378 
1267 -0.205378 
3389 -0.205378 
3325 -0.205378 
2281 -0.205378 
2968 -0.205378 
3774 -0.205378 
3745 -0.205378 
2835 -0.205378 
2256 -0.205378 
1307 -0.205378 
1306 -0.205378 
1788 -0.205378 
1304 -0.205378 
1303 -0.205378 
2172 -0.205378 
3082 -0.205378 
3396 -0.205378 
3428 -0.205378 
2478 -0.205378 
1328 -0.205378 
2253 -0.205378 
3361 -0.205378 
1343 -0.205378 
3205 -0.218720 
426 -0.218720 
432 -0.218720 
427 -0.218720 
431 -0.218720 
430 -0.218720 
2268 -0.218720 
428 -0.218720 
1959 -0.218720 
2265 -0.218720 
3202 -0.218720 
429 -0.218720 
2266 -0.218720 
3199 -0.218720 
2702 -0.218720 
1961 -0.218720 
587 -0.218720 
1956 -0.218720 
1389 -0.218720 
1390 -0.218720 
2719 -0.218720 
391 -0.218720 
1392 -0.218720 
392 -0.218720 
393 -0.218720 
1393 -0.218720 
912 -0.218720 
1395 -0.218720 
2706 -0.218720 
419 -0.218720 
1396 -0.218720 
422 -0.218720 
2264 -0.218720 
425 -0.218720 
423 -0.218720 
2703 -0.218720 
1414 -0.218720 
1416 -0.218720 
1417 -0.218720 
1418 -0.218720 
1419 -0.218720 
586 -0.218720 
1459 -0.218720 
1462 -0.218720 
424 -0.218720 
2327 -0.218720 
1503 -0.218720 
2329 -0.218720 
926 -0.218720 
611 -0.218720 
4475 -0.218720 
4624 -0.218720 
2303 -0.218720 
4626 -0.218720 
597 -0.218720 
614 -0.218720 
598 -0.218720 
613 -0.218720 
612 -0.218720 
965 -0.218720 
964 -0.218720 
963 -0.218720 
962 -0.218720 
4488 -0.218720 
4474 -0.218720 
4992 -0.218720 
4629 -0.218720 
599 -0.218720 
4494 -0.218720 
4638 -0.218720 
4991 -0.218720 
4637 -0.218720 
2299 -0.218720 
952 -0.218720 
2302 -0.218720 
601 -0.218720 
600 -0.218720 
3174 -0.218720 
627 -0.218720 
794 -0.218720 
588 -0.218720 
937 -0.218720 
796 -0.218720 
939 -0.218720 
451 -0.218720 
3659 -0.218720 
452 -0.218720 
453 -0.218720 
454 -0.218720 
455 -0.218720 
456 -0.218720 
457 -0.218720 
458 -0.218720 
5331 -0.218720 
4460 -0.218720 
4461 -0.218720 
4462 -0.218720 
2289 -0.218720 
2305 -0.218720 
4521 -0.218720 
4656 -0.218720 
4655 -0.218720 
2292 -0.218720 
626 -0.218720 
625 -0.218720 
624 -0.218720 
4473 -0.218720 
4306 -0.218720 
1851 -0.218720 
1850 -0.218720 
4291 -0.218720 
4293 -0.218720 
1846 -0.218720 
4148 -0.218720 
4146 -0.218720 
4145 -0.218720 
768 -0.218720 
4143 -0.218720 
769 -0.218720 
1845 -0.218720 
2226 -0.218720 
3689 -0.218720 
770 -0.218720 
1922 -0.218720 
1318 -0.218720 
899 -0.218720 
5163 -0.218720 
5162 -0.218720 
584 -0.218720 
312 -0.218720 
4317 -0.218720 
4318 -0.218720 
313 -0.218720 
315 -0.218720 
1814 -0.218720 
755 -0.218720 
2906 -0.218720 
730 -0.218720 
3658 -0.218720 
1886 -0.218720 
1875 -0.218720 
572 -0.218720 
731 -0.218720 
743 -0.218720 
1241 -0.218720 
1873 -0.218720 
1871 -0.218720 
3235 -0.218720 
3233 -0.218720 
390 -0.218720 
756 -0.218720 
573 -0.218720 
2373 -0.218720 
757 -0.218720 
4184 -0.218720 
4183 -0.218720 
4182 -0.218720 
3655 -0.218720 
2340 -0.218720 
3687 -0.218720 
2206 -0.218720 
4171 -0.218720 
4170 -0.218720 
4078 -0.218720 
355 -0.218720 
4352 -0.218720 
4611 -0.218720 
1809 -0.218720 
1352 -0.218720 
1355 -0.218720 
1356 -0.218720 
356 -0.218720 
2748 -0.218720 
2745 -0.218720 
1358 -0.218720 
1359 -0.218720 
383 -0.218720 
4120 -0.218720 
2744 -0.218720 
384 -0.218720 
4075 -0.218720 
385 -0.218720 
2742 -0.218720 
386 -0.218720 
2740 -0.218720 
387 -0.218720 
2739 -0.218720 
585 -0.218720 
388 -0.218720 
389 -0.218720 
1387 -0.218720 
353 -0.218720 
4112 -0.218720 
1813 -0.218720 
2263 -0.218720 
1812 -0.218720 
2755 -0.218720 
346 -0.218720 
1810 -0.218720 
4115 -0.218720 
347 -0.218720 
4340 -0.218720 
349 -0.218720 
350 -0.218720 
2262 -0.218720 
2781 -0.218720 
351 -0.218720 
352 -0.218720 
2783 -0.218720 
316 -0.218720 
1321 -0.218720 
3362 -0.229588 
4599 -0.229588 
3493 -0.229588 
3893 -0.229588 
3079 -0.229588 
3088 -0.229588 
3442 -0.229588 
3384 -0.229588 
3570 -0.229588 
3440 -0.229588 
3573 -0.229588 
3530 -0.229588 
3933 -0.229588 
3443 -0.229588 
2375 -0.237112 
1834 -0.237112 
4509 -0.237112 
4510 -0.237112 
4925 -0.237112 
933 -0.237112 
2416 -0.237112 
1797 -0.237112 
4926 -0.237112 
4939 -0.237112 
3085 -0.237112 
2664 -0.237112 
4445 -0.237112 
3551 -0.237112 
2676 -0.237112 
4006 -0.237112 
1500 -0.240378 
4887 -0.240378 
1461 -0.240378 
925 -0.240378 
1456 -0.240378 
1049 -0.240378 
4888 -0.240378 
1775 -0.240378 
5239 -0.240378 
5199 -0.240378 
3502 -0.240378 
3485 -0.240378 
2990 -0.240378 
3404 -0.240378 
2138 -0.240378 
4874 -0.240378 
4198 -0.240378 
4720 -0.240378 
4719 -0.240378 
3031 -0.240378 
4917 -0.240378 
3029 -0.240378 
4705 -0.240378 
1315 -0.240378 
3445 -0.240378 
4169 -0.240378 
1009 -0.240378 
3857 -0.240378 
3858 -0.240378 
3897 -0.240378 
3898 -0.240378 
1999 -0.240378 
3820 -0.240378 
3818 -0.240378 
3817 -0.240378 
3364 -0.240378 
3366 -0.240378 
4247 -0.240378 
3939 -0.240378 
3941 -0.240378 
5225 -0.240378 
5212 -0.240378 
1006 -0.240378 
4536 -0.240378 
5057 -0.240378 
3998 -0.240378 
2913 -0.240378 
5043 -0.240378 
5213 -0.240378 
938 -0.240378 
5226 -0.240378 
4861 -0.240378 
3781 -0.240378 
859 -0.291689 
3478 -0.291689 
831 -0.291689 
4718 -0.291689 
4746 -0.291689 
4745 -0.291689 
2044 -0.291689 
1996 -0.291689 
804 -0.291689 
635 -0.291689 
4862 -0.291689 
636 -0.291689 
2024 -0.291689 
3592 -0.291689 
648 -0.291689 
649 -0.291689 
3401 -0.291689 
702 -0.291689 
3402 -0.291689 
3403 -0.291689 
662 -0.291689 
4693 -0.291689 
676 -0.291689 
2081 -0.291689 
688 -0.291689 
689 -0.291689 
690 -0.291689 
3330 -0.291689 
1014 -0.291689 
5305 -0.291689 
1094 -0.291689 
5123 -0.291689 
1091 -0.291689 
1090 -0.291689 
5083 -0.291689 
1054 -0.291689 
1053 -0.291689 
1470 -0.291689 
1507 -0.291689 
5292 -0.291689 
1013 -0.291689 
5056 -0.291689 
3971 -0.291689 
3968 -0.291689 
1587 -0.291689 
5031 -0.291689 
979 -0.291689 
1604 -0.291689 
3934 -0.291689 
1605 -0.291689 
1168 -0.291689 
4256 -0.291689 
2944 -0.291689 
2946 -0.291689 
5252 -0.291689 
4213 -0.291689 
4197 -0.291689 
2837 -0.291689 
1171 -0.291689 
2836 -0.291689 
1170 -0.291689 
3288 -0.291689 
5264 -0.291689 
1167 -0.291689 
5265 -0.291689 
3011 -0.291689 
1134 -0.291689 
1133 -0.291689 
5278 -0.291689 
1128 -0.291689 
1127 -0.291689 
2484 -0.291689 
2450 -0.291689 
2529 -0.291689 
2530 -0.291689 
2527 -0.291689 
1746 -0.291689 
2526 -0.291689 
4954 -0.291689 
2449 -0.291689 
2515 -0.291689 
2514 -0.291689 
2452 -0.291689 
2453 -0.291689 
4549 -0.291689 
4535 -0.291689 
2490 -0.291689 
874 -0.291689 
2493 -0.291689 
2492 -0.291689 
3291 -0.291689 
3022 -0.292829 
2069 -0.292829 
3021 -0.292829 
2528 -0.292829 
4562 -0.292829 
2035 -0.292829 
4393 -0.292829 
2076 -0.292829 
3533 -0.292829 
2112 -0.292829 
2068 -0.292829 
2682 -0.292829 
4447 -0.292829 
1656 -0.292829 
1657 -0.292829 
4225 -0.292829 
4731 -0.292829 
2461 -0.294114 
3507 -0.294114 
2163 -0.294114 
2465 -0.294114 
3338 -0.294114 
2879 -0.294114 
3009 -0.294114 
3010 -0.294114 
2160 -0.294114 
2882 -0.294114 
2934 -0.294114 
2919 -0.294114 
2956 -0.294114 
719 -0.294114 
2166 -0.294114 
2405 -0.294114 
2460 -0.294114 
3005 -0.294114 
2459 -0.294114 
2197 -0.294114 
4755 -0.294114 
2428 -0.294114 
550 -0.294114 
2952 -0.294114 
2953 -0.294114 
707 -0.294114 
3468 -0.294114 
3467 -0.294114 
706 -0.294114 
622 -0.294114 
3107 -0.294114 
2653 -0.294114 
3375 -0.294114 
2557 -0.294114 
2558 -0.294114 
2651 -0.294114 
2635 -0.294114 
2577 -0.294114 
2634 -0.294114 
623 -0.294114 
2555 -0.294114 
2632 -0.294114 
2631 -0.294114 
2616 -0.294114 
2614 -0.294114 
2598 -0.294114 
2597 -0.294114 
2595 -0.294114 
2592 -0.294114 
2591 -0.294114 
3053 -0.294114 
2251 -0.294114 
3033 -0.294114 
2255 -0.294114 
3412 -0.294114 
3050 -0.294114 
3051 -0.294114 
3052 -0.294114 
2495 -0.294114 
2498 -0.294114 
4924 -0.294114 
2501 -0.294114 
2502 -0.294114 
5093 -0.294114 
3070 -0.294114 
3089 -0.294114 
3090 -0.294114 
2535 -0.294114 
2538 -0.294114 
2554 -0.294114 
1955 -0.294114 
4553 -0.294114 
4566 -0.294114 
4338 -0.294114 
1839 -0.294114 
888 -0.294114 
4580 -0.294114 
1867 -0.294114 
1345 -0.294114 
1344 -0.294114 
4586 -0.294114 
876 -0.294114 
875 -0.294114 
4593 -0.294114 
4606 -0.294114 
1796 -0.294114 
4315 -0.294114 
1132 -0.294114 
2004 -0.294114 
4300 -0.294114 
1293 -0.294114 
4173 -0.294114 
4174 -0.294114 
1174 -0.294114 
1175 -0.294114 
792 -0.294114 
4188 -0.294114 
4201 -0.294114 
2043 -0.294114 
2046 -0.294114 
1628 -0.294114 
1549 -0.294114 
1534 -0.294114 
3961 -0.294114 
1571 -0.294114 
1512 -0.294114 
1588 -0.294114 
1592 -0.294114 
4469 -0.294114 
1464 -0.294114 
1413 -0.294114 
1412 -0.294114 
4397 -0.294114 
4396 -0.294114 
1625 -0.294114 
1218 -0.294114 
1629 -0.294114 
961 -0.294114 
1665 -0.294114 
1667 -0.294114 
4384 -0.294114 
1706 -0.294114 
1709 -0.294114 
1384 -0.294114 
1382 -0.294114 
947 -0.294114 
1750 -0.294114 
1758 -0.294114 
1759 -0.294114 
4350 -0.294114 
3541 -0.294114 
2077 -0.294114 
1212 -0.294114 
4241 -0.294114 
1214 -0.294114 
4709 -0.294114 
3508 -0.294114 
4243 -0.294114 
1216 -0.294114 
2084 -0.294114 
2047 -0.294114 
1259 -0.294114 
3506 -0.294114 
1211 -0.294114 
2080 -0.294114 
2083 -0.294114 
3544 -0.294114 
3545 -0.294114 
1253 -0.294114 
4696 -0.294114 
4242 -0.294114 
1213 -0.294114 
4722 -0.294114 
2123 -0.294114 
4228 -0.294114 
4688 -0.294114 
4682 -0.294114 
1864 -0.337453 
5327 -0.337453 
3230 -0.337453 
5326 -0.337453 
5302 -0.337453 
1866 -0.337453 
2775 -0.337453 
3685 -0.337453 
3686 -0.337453 
4110 -0.337453 
3231 -0.337453 
4990 -0.337453 
5300 -0.337453 
2776 -0.337453 
4114 -0.337453 
4483 -0.337453 
4482 -0.337453 
5144 -0.337453 
5145 -0.337453 
5146 -0.337453 
2895 -0.337453 
5147 -0.337453 
4111 -0.337453 
5148 -0.337453 
4074 -0.337453 
4077 -0.337453 
2896 -0.337453 
2746 -0.337453 
2747 -0.337453 
5315 -0.337453 
5314 -0.337453 
5313 -0.337453 
3197 -0.337453 
3198 -0.337453 
2136 -0.337453 
3200 -0.337453 
3201 -0.337453 
2750 -0.337453 
4105 -0.337453 
4107 -0.337453 
4072 -0.337453 
5328 -0.337453 
4470 -0.337453 
2481 -0.337453 
2479 -0.337453 
5329 -0.337453 
4065 -0.337453 
2707 -0.337453 
4108 -0.337453 
4140 -0.337453 
4456 -0.337453 
5157 -0.337453 
5158 -0.337453 
5159 -0.337453 
5160 -0.337453 
2321 -0.337453 
2320 -0.337453 
2318 -0.337453 
5161 -0.337453 
4138 -0.337453 
2287 -0.337453 
2288 -0.337453 
4141 -0.337453 
4652 -0.337453 
4142 -0.337453 
2291 -0.337453 
2290 -0.337453 
4144 -0.337453 
3656 -0.337453 
4821 -0.337453 
4136 -0.337453 
2254 -0.337453 
3654 -0.337453 
3657 -0.337453 
3076 -0.340371 
2485 -0.340371 
4377 -0.340371 
4378 -0.340371 
2661 -0.340371 
4379 -0.340371 
3054 -0.348452 
2629 -0.348452 
3616 -0.348452 
3125 -0.348452 
4587 -0.348452 
3459 -0.348452 
2705 -0.348452 
3162 -0.348452 
2628 -0.348452 
3363 -0.348452 
3615 -0.348452 
3456 -0.348452 
4612 -0.348452 
2671 -0.348452 
2672 -0.348452 
2965 -0.348452 
2666 -0.348452 
3385 -0.348452 
2665 -0.348452 
4625 -0.348452 
3582 -0.348452 
2027 -0.362076 
1523 -0.362076 
4610 -0.362076 
4235 -0.362076 
3119 -0.362076 
1645 -0.362076 
2594 -0.362076 
4779 -0.362076 
1644 -0.362076 
2104 -0.362076 
2094 -0.362076 
4360 -0.362076 
4347 -0.362076 
1980 -0.362076 
2563 -0.363744 
4068 -0.363744 
4067 -0.363744 
3474 -0.363744 
394 -0.363744 
210 -0.363744 
2560 -0.363744 
2561 -0.363744 
3057 -0.363744 
2564 -0.363744 
283 -0.363744 
395 -0.363744 
2013 -0.363744 
209 -0.363744 
3513 -0.363744 
3473 -0.363744 
284 -0.363744 
3574 -0.363744 
2603 -0.363744 
4961 -0.363744 
317 -0.363744 
5279 -0.363744 
320 -0.363744 
321 -0.363744 
2433 -0.363744 
2436 -0.363744 
1974 -0.363744 
2926 -0.363744 
2640 -0.363744 
354 -0.363744 
5117 -0.363744 
246 -0.363744 
3555 -0.363744 
4359 -0.363744 
247 -0.363744 
4772 -0.363744 
4948 -0.363744 
5110 -0.363744 
4698 -0.363744 
3550 -0.363744 
1520 -0.363744 
358 -0.363744 
357 -0.363744 
1017 -0.366695 
1018 -0.366695 
1545 -0.366695 
1546 -0.366695 
1510 -0.366695 
1511 -0.366695 
1055 -0.366695 
1508 -0.366695 
208 -0.366695 
87 -0.366695 
1020 -0.366695 
1516 -0.366695 
1518 -0.366695 
2920 -0.366695 
132 -0.366695 
245 -0.366695 
1129 -0.366695 
4215 -0.366695 
1130 -0.366695 
238 -0.366695 
1131 -0.366695 
239 -0.366695 
240 -0.366695 
241 -0.366695 
242 -0.366695 
244 -0.366695 
134 -0.366695 
1135 -0.366695 
1137 -0.366695 
14 -0.366695 
17 -0.366695 
133 -0.366695 
1169 -0.366695 
15 -0.366695 
282 -0.366695 
4200 -0.366695 
16 -0.366695 
1092 -0.366695 
1057 -0.366695 
2883 -0.366695 
1058 -0.366695 
1059 -0.366695 
1062 -0.366695 
4383 -0.366695 
4371 -0.366695 
4369 -0.366695 
136 -0.366695 
4358 -0.366695 
1056 -0.366695 
1093 -0.366695 
12 -0.366695 
1095 -0.366695 
1096 -0.366695 
1097 -0.366695 
4341 -0.366695 
1099 -0.366695 
13 -0.366695 
281 -0.366695 
135 -0.366695 
1973 -0.366695 
846 -0.366695 
1963 -0.366695 
1964 -0.366695 
1966 -0.366695 
1969 -0.366695 
835 -0.366695 
834 -0.366695 
1970 -0.366695 
832 -0.366695 
1972 -0.366695 
847 -0.366695 
821 -0.366695 
820 -0.366695 
819 -0.366695 
807 -0.366695 
806 -0.366695 
805 -0.366695 
2000 -0.366695 
2001 -0.366695 
2003 -0.366695 
2005 -0.366695 
2424 -0.366695 
165 -0.366695 
48 -0.366695 
49 -0.366695 
50 -0.366695 
51 -0.366695 
52 -0.366695 
53 -0.366695 
54 -0.366695 
166 -0.366695 
2427 -0.366695 
168 -0.366695 
2423 -0.366695 
56 -0.366695 
57 -0.366695 
873 -0.366695 
167 -0.366695 
861 -0.366695 
860 -0.366695 
858 -0.366695 
848 -0.366695 
93 -0.366695 
679 -0.366695 
84 -0.366695 
691 -0.366695 
85 -0.366695 
692 -0.366695 
97 -0.366695 
96 -0.366695 
94 -0.366695 
704 -0.366695 
705 -0.366695 
678 -0.366695 
92 -0.366695 
716 -0.366695 
717 -0.366695 
91 -0.366695 
718 -0.366695 
90 -0.366695 
89 -0.366695 
88 -0.366695 
3498 -0.366695 
86 -0.366695 
82 -0.366695 
2006 -0.366695 
2007 -0.366695 
2009 -0.366695 
169 -0.366695 
170 -0.366695 
171 -0.366695 
172 -0.366695 
637 -0.366695 
81 -0.366695 
2010 -0.366695 
1550 -0.366695 
2040 -0.366695 
2041 -0.366695 
83 -0.366695 
653 -0.366695 
663 -0.366695 
173 -0.366695 
665 -0.366695 
666 -0.366695 
677 -0.366695 
1675 -0.366695 
467 -0.366695 
130 -0.366695 
1626 -0.366695 
478 -0.366695 
2587 -0.366695 
479 -0.366695 
480 -0.366695 
481 -0.366695 
1661 -0.366695 
482 -0.366695 
200 -0.366695 
491 -0.366695 
492 -0.366695 
493 -0.366695 
494 -0.366695 
495 -0.366695 
496 -0.366695 
129 -0.366695 
128 -0.366695 
127 -0.366695 
126 -0.366695 
205 -0.366695 
1548 -0.366695 
1553 -0.366695 
207 -0.366695 
1555 -0.366695 
985 -0.366695 
983 -0.366695 
1584 -0.366695 
1585 -0.366695 
981 -0.366695 
206 -0.366695 
548 -0.366695 
1589 -0.366695 
204 -0.366695 
1591 -0.366695 
465 -0.366695 
466 -0.366695 
131 -0.366695 
203 -0.366695 
202 -0.366695 
201 -0.366695 
161 -0.366695 
119 -0.366695 
118 -0.366695 
533 -0.366695 
4540 -0.366695 
534 -0.366695 
535 -0.366695 
536 -0.366695 
158 -0.366695 
159 -0.366695 
160 -0.366695 
505 -0.366695 
45 -0.366695 
162 -0.366695 
163 -0.366695 
164 -0.366695 
2464 -0.366695 
885 -0.366695 
46 -0.366695 
47 -0.366695 
549 -0.366695 
121 -0.366695 
504 -0.366695 
506 -0.366695 
507 -0.366695 
508 -0.366695 
509 -0.366695 
510 -0.366695 
125 -0.366695 
4513 -0.366695 
518 -0.366695 
519 -0.366695 
520 -0.366695 
521 -0.366695 
522 -0.366695 
523 -0.366695 
124 -0.366695 
44 -0.366695 
123 -0.366695 
4527 -0.366695 
122 -0.366695 
120 -0.366695 
4438 -0.409224 
2200 -0.409224 
2655 -0.409224 
2692 -0.409224 
1816 -0.409224 
1825 -0.409224 
2732 -0.409224 
1745 -0.409224 
1854 -0.409224 
4477 -0.409224 
4465 -0.409224 
4463 -0.409224 
4451 -0.409224 
2308 -0.409224 
2277 -0.409224 
2272 -0.409224 
2273 -0.409224 
2270 -0.409224 
2237 -0.409224 
2238 -0.409224 
4754 -0.411358 
2221 -0.411358 
4276 -0.411358 
4585 -0.411358 
4416 -0.411358 
2593 -0.411358 
5661 -0.420957 
5662 -0.420957 
5665 -0.420957 
3964 -0.420957 
5660 -0.420957 
5663 -0.420957 
4047 -0.420957 
4009 -0.420957 
5664 -0.420957 
5659 -0.420957 
5658 -0.420957 
5657 -0.420957 
5643 -0.420957 
5644 -0.420957 
5645 -0.420957 
5646 -0.420957 
5647 -0.420957 
5648 -0.420957 
5649 -0.420957 
5650 -0.420957 
5651 -0.420957 
5656 -0.420957 
5642 -0.420957 
5652 -0.420957 
5641 -0.420957 
5640 -0.420957 
5653 -0.420957 
4008 -0.420957 
5655 -0.420957 
5703 -0.420957 
5690 -0.420957 
5691 -0.420957 
5694 -0.420957 
1649 -0.420957 
1655 -0.420957 
1658 -0.420957 
3887 -0.420957 
5700 -0.420957 
5701 -0.420957 
5702 -0.420957 
5689 -0.420957 
1686 -0.420957 
1687 -0.420957 
1688 -0.420957 
1689 -0.420957 
1691 -0.420957 
1692 -0.420957 
1695 -0.420957 
3856 -0.420957 
3853 -0.420957 
3850 -0.420957 
5679 -0.420957 
4007 -0.420957 
1541 -0.420957 
3972 -0.420957 
3970 -0.420957 
5628 -0.420957 
3927 -0.420957 
3923 -0.420957 
3922 -0.420957 
3921 -0.420957 
1618 -0.420957 
5666 -0.420957 
5680 -0.420957 
5681 -0.420957 
5682 -0.420957 
5683 -0.420957 
5684 -0.420957 
5685 -0.420957 
5686 -0.420957 
5687 -0.420957 
5688 -0.420957 
5585 -0.420957 
1237 -0.420957 
1240 -0.420957 
1268 -0.420957 
1269 -0.420957 
5580 -0.420957 
5581 -0.420957 
5582 -0.420957 
5583 -0.420957 
5584 -0.420957 
1236 -0.420957 
5586 -0.420957 
5587 -0.420957 
5588 -0.420957 
1270 -0.420957 
1271 -0.420957 
1272 -0.420957 
1273 -0.420957 
1274 -0.420957 
1275 -0.420957 
5566 -0.420957 
1125 -0.420957 
1194 -0.420957 
1197 -0.420957 
4263 -0.420957 
4262 -0.420957 
1200 -0.420957 
4250 -0.420957 
1231 -0.420957 
1232 -0.420957 
1276 -0.420957 
5567 -0.420957 
1233 -0.420957 
5569 -0.420957 
5570 -0.420957 
1234 -0.420957 
5572 -0.420957 
5573 -0.420957 
1235 -0.420957 
5625 -0.420957 
1314 -0.420957 
1317 -0.420957 
5618 -0.420957 
5619 -0.420957 
5620 -0.420957 
5621 -0.420957 
5622 -0.420957 
5623 -0.420957 
5624 -0.420957 
1313 -0.420957 
5626 -0.420957 
5627 -0.420957 
5726 -0.420957 
1347 -0.420957 
1348 -0.420957 
1350 -0.420957 
1351 -0.420957 
1353 -0.420957 
5606 -0.420957 
1277 -0.420957 
1280 -0.420957 
1308 -0.420957 
1309 -0.420957 
1310 -0.420957 
1311 -0.420957 
5603 -0.420957 
5604 -0.420957 
5605 -0.420957 
1354 -0.420957 
5607 -0.420957 
5608 -0.420957 
5609 -0.420957 
5610 -0.420957 
5611 -0.420957 
5612 -0.420957 
5613 -0.420957 
1312 -0.420957 
3247 -0.420957 
3277 -0.420957 
2408 -0.420957 
2411 -0.420957 
2414 -0.420957 
3252 -0.420957 
3251 -0.420957 
3250 -0.420957 
3249 -0.420957 
3248 -0.420957 
3279 -0.420957 
3246 -0.420957 
3136 -0.420957 
3135 -0.420957 
3133 -0.420957 
3132 -0.420957 
3099 -0.420957 
3093 -0.420957 
3092 -0.420957 
3059 -0.420957 
3316 -0.420957 
3356 -0.420957 
3327 -0.420957 
3326 -0.420957 
3324 -0.420957 
2341 -0.420957 
3322 -0.420957 
3321 -0.420957 
3319 -0.420957 
3318 -0.420957 
3058 -0.420957 
3315 -0.420957 
2369 -0.420957 
3286 -0.420957 
3284 -0.420957 
3283 -0.420957 
3282 -0.420957 
3281 -0.420957 
3280 -0.420957 
2870 -0.420957 
2971 -0.420957 
2858 -0.420957 
2861 -0.420957 
2864 -0.420957 
2865 -0.420957 
2866 -0.420957 
2867 -0.420957 
2868 -0.420957 
2869 -0.420957 
2972 -0.420957 
2871 -0.420957 
2898 -0.420957 
2899 -0.420957 
2901 -0.420957 
2902 -0.420957 
2904 -0.420957 
2905 -0.420957 
2907 -0.420957 
2908 -0.420957 
2798 -0.420957 
3056 -0.420957 
3055 -0.420957 
3049 -0.420957 
2791 -0.420957 
2792 -0.420957 
2793 -0.420957 
2794 -0.420957 
2795 -0.420957 
2796 -0.420957 
3398 -0.420957 
3007 -0.420957 
3006 -0.420957 
2822 -0.420957 
2824 -0.420957 
2825 -0.420957 
2827 -0.420957 
2828 -0.420957 
2973 -0.420957 
3780 -0.420957 
3813 -0.420957 
3812 -0.420957 
5740 -0.420957 
3811 -0.420957 
3810 -0.420957 
3809 -0.420957 
1764 -0.420957 
1765 -0.420957 
3782 -0.420957 
3814 -0.420957 
3779 -0.420957 
3778 -0.420957 
3777 -0.420957 
3776 -0.420957 
1769 -0.420957 
3773 -0.420957 
3772 -0.420957 
3771 -0.420957 
3770 -0.420957 
5728 -0.420957 
5719 -0.420957 
5720 -0.420957 
5721 -0.420957 
5722 -0.420957 
5723 -0.420957 
5724 -0.420957 
5725 -0.420957 
5222 -0.420957 
5727 -0.420957 
1772 -0.420957 
1726 -0.420957 
1729 -0.420957 
1730 -0.420957 
1731 -0.420957 
1732 -0.420957 
3819 -0.420957 
3816 -0.420957 
3815 -0.420957 
2184 -0.420957 
3509 -0.420957 
2142 -0.420957 
2143 -0.420957 
2145 -0.420957 
2146 -0.420957 
2147 -0.420957 
2179 -0.420957 
2180 -0.420957 
2181 -0.420957 
3515 -0.420957 
3472 -0.420957 
2185 -0.420957 
2186 -0.420957 
3466 -0.420957 
2219 -0.420957 
2220 -0.420957 
2222 -0.420957 
2223 -0.420957 
3429 -0.420957 
3708 -0.420957 
5759 -0.420957 
3738 -0.420957 
5762 -0.420957 
3737 -0.420957 
3736 -0.420957 
5765 -0.420957 
3735 -0.420957 
3734 -0.420957 
3732 -0.420957 
1723 -0.420957 
3706 -0.420957 
3705 -0.420957 
3704 -0.420957 
3703 -0.420957 
3702 -0.420957 
3701 -0.420957 
1884 -0.420957 
3552 -0.420957 
5014 -0.420957 
433 -0.420957 
434 -0.420957 
5030 -0.420957 
5029 -0.420957 
5028 -0.420957 
5027 -0.420957 
5026 -0.420957 
5017 -0.420957 
5016 -0.420957 
5015 -0.420957 
5055 -0.420957 
199 -0.420957 
5001 -0.420957 
5000 -0.420957 
4999 -0.420957 
527 -0.420957 
198 -0.420957 
528 -0.420957 
529 -0.420957 
530 -0.420957 
5098 -0.420957 
348 -0.420957 
5124 -0.420957 
377 -0.420957 
5111 -0.420957 
5109 -0.420957 
378 -0.420957 
379 -0.420957 
380 -0.420957 
381 -0.420957 
382 -0.420957 
5351 -0.420957 
5096 -0.420957 
5094 -0.420957 
5081 -0.420957 
5079 -0.420957 
417 -0.420957 
418 -0.420957 
420 -0.420957 
421 -0.420957 
5066 -0.420957 
556 -0.420957 
5373 -0.420957 
5374 -0.420957 
5375 -0.420957 
5376 -0.420957 
554 -0.420957 
5378 -0.420957 
5379 -0.420957 
5380 -0.420957 
5381 -0.420957 
555 -0.420957 
553 -0.420957 
557 -0.420957 
5386 -0.420957 
5387 -0.420957 
5388 -0.420957 
5389 -0.420957 
5390 -0.420957 
5391 -0.420957 
5392 -0.420957 
5393 -0.420957 
5362 -0.420957 
5352 -0.420957 
5353 -0.420957 
4940 -0.420957 
531 -0.420957 
532 -0.420957 
540 -0.420957 
541 -0.420957 
542 -0.420957 
5360 -0.420957 
5361 -0.420957 
345 -0.420957 
543 -0.420957 
544 -0.420957 
5365 -0.420957 
5366 -0.420957 
5367 -0.420957 
545 -0.420957 
4910 -0.420957 
546 -0.420957 
547 -0.420957 
299 -0.420957 
263 -0.420957 
5248 -0.420957 
262 -0.420957 
261 -0.420957 
260 -0.420957 
5198 -0.420957 
5197 -0.420957 
259 -0.420957 
258 -0.420957 
5196 -0.420957 
264 -0.420957 
257 -0.420957 
300 -0.420957 
5185 -0.420957 
5184 -0.420957 
5183 -0.420957 
301 -0.420957 
302 -0.420957 
303 -0.420957 
304 -0.420957 
5235 -0.420957 
271 -0.420957 
272 -0.420957 
273 -0.420957 
274 -0.420957 
5210 -0.420957 
275 -0.420957 
276 -0.420957 
270 -0.420957 
269 -0.420957 
5234 -0.420957 
305 -0.420957 
5236 -0.420957 
277 -0.420957 
268 -0.420957 
278 -0.420957 
279 -0.420957 
280 -0.420957 
267 -0.420957 
266 -0.420957 
265 -0.420957 
339 -0.420957 
318 -0.420957 
229 -0.420957 
228 -0.420957 
227 -0.420957 
319 -0.420957 
5293 -0.420957 
5294 -0.420957 
226 -0.420957 
225 -0.420957 
224 -0.420957 
230 -0.420957 
223 -0.420957 
340 -0.420957 
341 -0.420957 
342 -0.420957 
222 -0.420957 
221 -0.420957 
343 -0.420957 
220 -0.420957 
344 -0.420957 
310 -0.420957 
5172 -0.420957 
5171 -0.420957 
5170 -0.420957 
243 -0.420957 
5169 -0.420957 
306 -0.420957 
307 -0.420957 
308 -0.420957 
309 -0.420957 
1122 -0.420957 
311 -0.420957 
314 -0.420957 
237 -0.420957 
236 -0.420957 
235 -0.420957 
234 -0.420957 
233 -0.420957 
232 -0.420957 
231 -0.420957 
924 -0.420957 
923 -0.420957 
4691 -0.420957 
751 -0.420957 
740 -0.420957 
739 -0.420957 
738 -0.420957 
728 -0.420957 
727 -0.420957 
726 -0.420957 
715 -0.420957 
714 -0.420957 
701 -0.420957 
4771 -0.420957 
700 -0.420957 
910 -0.420957 
157 -0.420957 
948 -0.420957 
687 -0.420957 
949 -0.420957 
950 -0.420957 
951 -0.420957 
4493 -0.420957 
1081 -0.420957 
686 -0.420957 
674 -0.420957 
185 -0.420957 
186 -0.420957 
187 -0.420957 
4678 -0.420957 
870 -0.420957 
843 -0.420957 
881 -0.420957 
883 -0.420957 
4661 -0.420957 
4662 -0.420957 
4663 -0.420957 
795 -0.420957 
884 -0.420957 
894 -0.420957 
895 -0.420957 
793 -0.420957 
4677 -0.420957 
5394 -0.420957 
4679 -0.420957 
896 -0.420957 
783 -0.420957 
897 -0.420957 
782 -0.420957 
781 -0.420957 
780 -0.420957 
779 -0.420957 
4689 -0.420957 
907 -0.420957 
908 -0.420957 
909 -0.420957 
4690 -0.420957 
4366 -0.420957 
5407 -0.420957 
569 -0.420957 
570 -0.420957 
571 -0.420957 
574 -0.420957 
196 -0.420957 
5544 -0.420957 
195 -0.420957 
568 -0.420957 
5542 -0.420957 
5414 -0.420957 
5415 -0.420957 
5416 -0.420957 
582 -0.420957 
583 -0.420957 
4860 -0.420957 
189 -0.420957 
5545 -0.420957 
1082 -0.420957 
5547 -0.420957 
5548 -0.420957 
1121 -0.420957 
561 -0.420957 
5403 -0.420957 
1124 -0.420957 
5402 -0.420957 
5401 -0.420957 
5400 -0.420957 
197 -0.420957 
560 -0.420957 
559 -0.420957 
558 -0.420957 
190 -0.420957 
188 -0.420957 
193 -0.420957 
194 -0.420957 
610 -0.420957 
192 -0.420957 
5541 -0.420957 
191 -0.420957 
4833 -0.420957 
4832 -0.420957 
609 -0.420957 
4831 -0.420957 
4859 -0.420957 
596 -0.420957 
4830 -0.420957 
595 -0.420957 
2989 -0.456977 
2536 -0.456977 
4733 -0.456977 
4551 -0.456977 
4564 -0.456977 
3087 -0.456977 
5939 -0.482200 
5862 -0.482200 
5941 -0.482200 
2909 -0.482200 
5936 -0.482200 
5940 -0.482200 
5863 -0.482200 
5864 -0.482200 
5865 -0.482200 
5937 -0.482200 
2415 -0.482200 
5866 -0.482200 
5938 -0.482200 
2413 -0.482200 
5867 -0.482200 
2489 -0.482200 
5902 -0.482200 
5901 -0.482200 
5900 -0.482200 
5899 -0.482200 
5903 -0.482200 
5904 -0.482200 
5905 -0.482200 
4560 -0.482200 
2977 -0.482200 
2456 -0.482200 
5906 -0.482200 
5907 -0.482200 
2455 -0.482200 
5943 -0.482200 
4508 -0.482200 
5942 -0.482200 
5493 -0.482200 
5464 -0.482200 
5465 -0.482200 
3436 -0.482200 
5452 -0.482200 
5451 -0.482200 
5825 -0.482200 
5826 -0.482200 
5827 -0.482200 
5828 -0.482200 
5829 -0.482200 
3365 -0.482200 
3359 -0.482200 
5477 -0.482200 
5478 -0.482200 
5479 -0.482200 
5492 -0.482200 
5491 -0.482200 
5490 -0.482200 
2412 -0.482200 
2959 -0.492261 
1035 -0.492261 
1832 -0.492261 
643 -0.492261 
656 -0.492261 
1900 -0.492261 
1902 -0.492261 
4894 -0.492261 
2996 -0.492261 
5246 -0.492261 
1073 -0.492261 
1072 -0.492261 
1070 -0.492261 
1903 -0.492261 
1036 -0.492261 
1069 -0.492261 
4390 -0.492261 
1939 -0.492261 
4406 -0.492261 
5232 -0.492261 
5220 -0.492261 
4895 -0.492261 
4320 -0.492261 
4286 -0.492261 
4285 -0.492261 
3879 -0.492261 
4275 -0.492261 
3880 -0.492261 
1670 -0.492261 
1669 -0.492261 
642 -0.492261 
5233 -0.492261 
4884 -0.492261 
3914 -0.492261 
3916 -0.492261 
3917 -0.492261 
1801 -0.492261 
1609 -0.492261 
630 -0.492261 
1543 -0.492261 
2540 -0.492261 
4554 -0.492261 
1421 -0.492261 
3423 -0.492261 
2249 -0.492261 
3399 -0.492261 
4179 -0.492261 
2580 -0.492261 
2565 -0.492261 
2542 -0.492261 
1486 -0.492261 
2519 -0.492261 
2503 -0.492261 
4567 -0.492261 
3354 -0.492261 
797 -0.492261 
798 -0.492261 
799 -0.492261 
825 -0.492261 
867 -0.492261 
2066 -0.492261 
1030 -0.492261 
996 -0.492261 
995 -0.492261 
993 -0.492261 
992 -0.492261 
2025 -0.492261 
2026 -0.492261 
2049 -0.492261 
2065 -0.492261 
1033 -0.492261 
2086 -0.492261 
3532 -0.492261 
2102 -0.492261 
2103 -0.492261 
2126 -0.492261 
5064 -0.492261 
2218 -0.492261 
4726 -0.492261 
1489 -0.492261 
