2048 1
0 -2.381661 
1 -0.949266 
2 1.952191 
3 1.247418 
4 -1.468684 
5 -0.656114 
6 1.892496 
7 -1.924814 
8 -1.089909 
9 -1.788343 
10 -1.948023 
11 -1.204786 
12 -1.677501 
13 1.279065 
14 -1.290743 
15 1.811461 
16 -1.646641 
17 1.932896 
18 -1.740328 
19 -0.368348 
20 -0.235180 
21 -1.851943 
22 -1.963453 
23 -1.489587 
24 -1.617057 
25 1.621458 
26 -1.315436 
27 1.923520 
28 1.583058 
29 -1.754527 
30 -1.093951 
31 -1.891380 
32 -2.423448 
33 -1.776207 
34 -0.212156 
35 1.014083 
36 1.637925 
37 1.994843 
38 -1.896083 
39 -0.306872 
40 -2.015732 
41 -1.385234 
42 -1.835517 
43 0.605992 
44 0.038163 
45 -1.939205 
46 -1.820828 
47 -1.613798 
48 -1.661042 
49 -2.157528 
50 -0.819271 
51 1.302906 
52 1.509097 
53 1.702097 
54 1.705600 
55 1.320356 
56 1.663646 
57 1.312208 
58 1.944285 
59 1.113076 
60 1.838803 
61 1.930639 
62 1.128140 
63 -1.124099 
64 -1.328257 
65 -1.739148 
66 -2.157894 
67 0.026502 
68 2.552011 
69 -0.724898 
70 -0.161784 
71 -1.744101 
72 -0.475812 
73 2.489319 
74 -1.032986 
75 1.493063 
76 0.367949 
77 -2.365613 
78 -0.643055 
79 -2.097719 
80 0.833572 
81 1.667062 
82 2.712269 
83 -0.380970 
84 1.673498 
85 1.832922 
86 1.286160 
87 -1.152501 
88 -2.795242 
89 -1.458545 
90 -0.537948 
91 -0.676566 
92 -1.952370 
93 -1.264770 
94 -1.317981 
95 -1.445132 
96 -1.462238 
97 -1.142165 
98 -1.927900 
99 -1.289309 
100 -0.601695 
101 -1.772813 
102 -2.560597 
103 -1.096730 
104 0.791003 
105 1.181100 
106 1.923085 
107 2.013418 
108 1.904425 
109 1.744482 
110 1.306188 
111 1.067007 
112 2.443039 
113 0.042393 
114 1.731589 
115 1.263631 
116 -0.699359 
117 -1.802681 
118 -1.963054 
119 -1.315718 
120 -2.022609 
121 -1.041987 
122 -1.899959 
123 -0.723332 
124 -1.188305 
125 -1.325680 
126 -1.619662 
127 -1.932903 
128 -1.310994 
129 -1.776680 
130 -1.501461 
131 -1.280325 
132 -2.074622 
133 -1.684680 
134 -1.030348 
135 1.321212 
136 1.389685 
137 2.039472 
138 -0.914140 
139 -1.788743 
140 1.476141 
141 1.164744 
142 1.803190 
143 1.892452 
144 1.543325 
145 2.292384 
146 1.016782 
147 -0.894849 
148 -1.854316 
149 -2.086905 
150 -0.487856 
151 1.605769 
152 -3.026577 
153 0.079259 
154 -0.033142 
155 -1.092218 
156 -0.862549 
157 -1.105783 
158 -1.835075 
159 -2.079884 
160 -1.419154 
161 -1.639600 
162 -1.487025 
163 -1.552456 
164 -1.056586 
165 -1.618323 
166 -2.158998 
167 -1.131212 
168 -1.612682 
169 -1.425624 
170 -1.784229 
171 -1.436094 
172 -1.941092 
173 1.200046 
174 1.325665 
175 -1.985353 
176 -1.735014 
177 -1.072493 
178 -1.464865 
179 -1.924812 
180 -1.323996 
181 -0.917220 
182 -1.789920 
183 -1.834273 
184 -1.985525 
185 -0.806647 
186 -1.452631 
187 -1.714426 
188 -1.609313 
189 -1.758582 
190 -1.527173 
191 -1.352810 
192 -1.286066 
193 -1.841540 
194 -1.498995 
195 -1.484103 
196 -1.545431 
197 -1.751182 
198 -1.637286 
199 -1.212524 
200 -2.727412 
201 -1.381534 
202 0.171309 
203 -1.129271 
204 -1.329183 
205 -1.432956 
206 -1.032198 
207 -2.287485 
208 -1.194871 
209 1.077016 
210 1.803667 
211 -1.946319 
212 0.004018 
213 2.268148 
214 1.797327 
215 1.250662 
216 1.664589 
217 1.269072 
218 1.389626 
219 1.663274 
220 1.902640 
221 1.169265 
222 1.564359 
223 1.476037 
224 1.309430 
225 1.707815 
226 1.217413 
227 1.665580 
228 1.741772 
229 1.572482 
230 1.620262 
231 1.266241 
232 1.352630 
233 1.621136 
234 1.657745 
235 1.557914 
236 1.750634 
237 1.677253 
238 0.977126 
239 1.298371 
240 1.374385 
241 1.596107 
242 1.627565 
243 1.384914 
244 1.579009 
245 1.499357 
246 1.583781 
247 1.579668 
248 2.070050 
249 1.248607 
250 1.808147 
251 0.446330 
252 1.731881 
253 2.012977 
254 1.309604 
255 0.550209 
256 -1.439488 
257 -0.404842 
258 -2.835968 
259 0.387650 
260 -1.716253 
261 -1.578477 
262 -1.352158 
263 -1.480667 
264 -2.064499 
265 -1.688339 
266 -1.488499 
267 -0.402222 
268 0.414066 
269 1.993088 
270 1.678473 
271 1.614015 
272 1.994263 
273 1.606926 
274 1.616608 
275 -0.823051 
276 1.860435 
277 0.619544 
278 -2.172909 
279 -1.295931 
280 -2.011732 
281 -1.237353 
282 -1.849722 
283 -1.012946 
284 0.434734 
285 -2.199801 
286 -2.073759 
287 -1.598341 
288 -0.502659 
289 0.873143 
290 2.087814 
291 2.175147 
292 1.788312 
293 1.845108 
294 1.285419 
295 1.418355 
296 1.835738 
297 1.733424 
298 1.683926 
299 1.097013 
300 1.245701 
301 1.447358 
302 1.647761 
303 1.714307 
304 1.427289 
305 1.596836 
306 1.630009 
307 1.347107 
308 1.371219 
309 1.133431 
310 2.252123 
311 1.315660 
312 1.058507 
313 -2.066316 
314 -2.087941 
315 -0.482702 
316 -0.704085 
317 0.541049 
318 -2.302062 
319 -2.031169 
320 0.262660 
321 0.315565 
322 -0.240776 
323 3.572913 
324 0.327334 
325 1.027985 
326 1.497393 
327 2.718594 
328 1.870708 
329 1.299766 
330 1.557593 
331 1.309107 
332 2.448494 
333 1.113828 
334 0.456813 
335 -1.751147 
336 -1.097005 
337 0.559748 
338 2.155811 
339 1.806482 
340 1.432259 
341 0.930736 
342 1.992506 
343 1.436051 
344 2.341790 
345 1.690004 
346 1.164019 
347 0.885456 
348 1.984005 
349 2.079842 
350 0.789136 
351 -0.955123 
352 -1.079091 
353 -2.967347 
354 -1.260639 
355 -0.090811 
356 -1.254558 
357 -0.420965 
358 -1.901754 
359 -2.093925 
360 -1.884751 
361 -1.015905 
362 -1.435071 
363 -1.625789 
364 -1.448372 
365 2.137924 
366 1.427257 
367 -1.454877 
368 -1.624590 
369 -1.909580 
370 -1.462137 
371 -0.889734 
372 -1.839049 
373 -1.650812 
374 -1.400419 
375 -1.251769 
376 -1.615766 
377 -1.805837 
378 -1.016577 
379 -1.583023 
380 -1.680344 
381 -1.223648 
382 -1.367154 
383 -1.709832 
384 -1.672305 
385 -1.878454 
386 -1.251144 
387 -1.178261 
388 -2.163545 
389 -1.612159 
390 -1.150270 
391 -0.931054 
392 -1.188375 
393 -1.123967 
394 -1.922038 
395 -1.613309 
396 -1.041284 
397 -1.438691 
398 -1.440815 
399 -2.026787 
400 -1.761944 
401 -0.841693 
402 -1.668428 
403 -2.005617 
404 -2.960542 
405 -0.808522 
406 1.094536 
407 -0.418763 
408 -1.755943 
409 -1.389019 
410 -1.563947 
411 -1.255319 
412 -1.674289 
413 -1.281691 
414 -1.663401 
415 -1.635938 
416 -1.613285 
417 -2.092754 
418 -1.641508 
419 -0.457617 
420 0.009346 
421 -1.358691 
422 2.374364 
423 1.863573 
424 1.646553 
425 1.000585 
426 1.609980 
427 1.779945 
428 1.358317 
429 1.786996 
430 1.669570 
431 1.263465 
432 1.272225 
433 1.376585 
434 1.818542 
435 1.546528 
436 2.480644 
437 -1.202397 
438 1.805983 
439 -0.064142 
440 0.086669 
441 1.340818 
442 1.859118 
443 2.197819 
444 1.930620 
445 1.672906 
446 1.368939 
447 1.161897 
448 -0.344789 
449 1.170311 
450 2.354187 
451 1.606684 
452 1.858384 
453 1.603002 
454 -0.400005 
455 1.775929 
456 1.175603 
457 1.451977 
458 1.563385 
459 1.805404 
460 1.875435 
461 1.161382 
462 1.541286 
463 1.456137 
464 1.173584 
465 0.505426 
466 0.525246 
467 -2.932408 
468 -3.152203 
469 -0.036174 
470 0.941560 
471 -0.195186 
472 -1.439575 
473 -1.252113 
474 -2.439883 
475 -1.183074 
476 -1.797482 
477 -1.165605 
478 -1.723629 
479 -1.395905 
480 -1.445899 
481 -1.501531 
482 -1.582765 
483 -1.567877 
484 -1.673382 
485 -0.402684 
486 -1.308071 
487 -2.229912 
488 -1.946118 
489 -0.729521 
490 -2.023268 
491 -1.388680 
492 0.358098 
493 0.794957 
494 1.580093 
495 2.668350 
496 1.853805 
497 1.706409 
498 1.146770 
499 1.315330 
500 2.262212 
501 1.122033 
502 1.611904 
503 0.972885 
504 -0.770785 
505 -1.263194 
506 0.408901 
507 -2.927379 
508 -0.418539 
509 -1.944571 
510 -2.004242 
511 -1.366924 
512 -1.070128 
513 -2.035621 
514 -1.217051 
515 -1.650003 
516 -1.543189 
517 -1.197748 
518 -1.478127 
519 -1.836288 
520 -1.489245 
521 -1.463308 
522 -1.609414 
523 -1.426517 
524 -1.333709 
525 -1.503192 
526 -1.543724 
527 -1.611846 
528 -1.609204 
529 -1.904116 
530 -0.961833 
531 -1.282460 
532 -2.132082 
533 -1.691588 
534 -1.555320 
535 -0.091918 
536 -2.410359 
537 0.969926 
538 -1.514565 
539 1.544263 
540 1.374134 
541 1.481494 
542 1.434969 
543 2.047453 
544 1.449508 
545 1.686295 
546 1.842611 
547 1.286922 
548 0.397955 
549 0.542167 
550 2.302473 
551 2.010195 
552 2.057804 
553 2.252289 
554 0.129271 
555 -1.105010 
556 -0.192149 
557 -1.156754 
558 -2.039669 
559 -2.015549 
560 1.059749 
561 1.805514 
562 1.496708 
563 1.936831 
564 0.905668 
565 1.113874 
566 2.293345 
567 1.460013 
568 1.497455 
569 1.293289 
570 1.817121 
571 1.442329 
572 1.281557 
573 1.505155 
574 1.546528 
575 1.736067 
576 1.666765 
577 1.482844 
578 1.492005 
579 1.467849 
580 1.567631 
581 1.307685 
582 1.699312 
583 1.408541 
584 1.674262 
585 2.438052 
586 1.245442 
587 0.250501 
588 1.393996 
589 2.840245 
590 0.876363 
591 0.747989 
592 -1.530254 
593 -2.408335 
594 -1.408765 
595 0.712815 
596 -1.918841 
597 -1.123572 
598 -1.737161 
599 -1.094544 
600 -1.625217 
601 -1.482499 
602 -1.558127 
603 -1.448210 
604 -0.313183 
605 -0.173641 
606 -2.237029 
607 -2.137127 
608 -3.231620 
609 -0.609185 
610 -0.596713 
611 0.073407 
612 -1.162022 
613 -2.399415 
614 0.650711 
615 1.609254 
616 2.963048 
617 0.583877 
618 1.725827 
619 0.130463 
620 -2.243051 
621 -0.986495 
622 -1.242574 
623 -1.853422 
624 -1.611593 
625 -1.309631 
626 -1.916179 
627 -1.124418 
628 -1.316625 
629 -1.183232 
630 -1.773290 
631 -1.881855 
632 -1.526866 
633 -1.065814 
634 -1.926577 
635 -1.396325 
636 -1.695545 
637 -1.133871 
638 -1.372834 
639 -1.922439 
640 -1.291160 
641 -1.969563 
642 -1.627452 
643 -0.909999 
644 -1.434803 
645 -1.650874 
646 -1.224509 
647 -1.719857 
648 -1.645184 
649 -1.468362 
650 -1.506037 
651 -1.374029 
652 -1.353381 
653 -1.399778 
654 -1.556552 
655 -1.556515 
656 -1.705112 
657 -1.526743 
658 -1.438985 
659 -1.368584 
660 -1.583844 
661 -1.727057 
662 -1.215475 
663 -1.500133 
664 -1.695777 
665 -1.657031 
666 -1.499253 
667 -1.127178 
668 -0.955543 
669 -1.584262 
670 -1.904095 
671 -1.533618 
672 -1.692508 
673 -1.649127 
674 -1.600893 
675 -1.177868 
676 -1.334764 
677 -1.636137 
678 -2.036247 
679 -0.959356 
680 -1.313310 
681 -1.830496 
682 -1.818129 
683 -1.201529 
684 -1.655591 
685 -1.768432 
686 -1.179666 
687 -1.334571 
688 -2.399342 
689 -1.340133 
690 0.832086 
691 -1.538807 
692 -1.773177 
693 0.944105 
694 1.657172 
695 1.948626 
696 3.091165 
697 0.908140 
698 -0.116808 
699 -0.936467 
700 -2.807991 
701 -0.992679 
702 -0.589705 
703 1.182410 
704 -0.725153 
705 -2.155130 
706 -1.495278 
707 -1.712981 
708 -1.023067 
709 -0.774961 
710 -1.475399 
711 -2.372298 
712 -1.291968 
713 -1.425596 
714 -1.827255 
715 -1.376889 
716 -1.240605 
717 -1.624569 
718 -1.514441 
719 -1.628502 
720 -1.539354 
721 -1.599391 
722 -1.319226 
723 -1.546591 
724 -1.712350 
725 -1.597071 
726 -1.502094 
727 -1.085597 
728 -1.290137 
729 -1.427325 
730 -2.034969 
731 -1.197654 
732 -1.609572 
733 -1.685085 
734 -1.298635 
735 -1.415267 
736 -1.590083 
737 -1.604542 
738 -1.223791 
739 -1.759943 
740 -1.546198 
741 -1.674431 
742 -1.331953 
743 -1.594822 
744 -1.548436 
745 -1.418978 
746 -1.463524 
747 -1.613240 
748 -1.676993 
749 -1.827824 
750 -1.261203 
751 -1.219622 
752 -1.630241 
753 -1.354744 
754 -1.756089 
755 -1.551464 
756 -1.179696 
757 -1.249778 
758 -2.062520 
759 -1.429766 
760 -1.499821 
761 -1.259387 
762 -1.784004 
763 -1.443607 
764 -1.493040 
765 -1.391103 
766 -1.662049 
767 -1.363577 
768 -1.591973 
769 -1.526694 
770 -1.479191 
771 -1.447450 
772 -1.626020 
773 -1.454775 
774 -1.543012 
775 -1.537973 
776 -1.626421 
777 -1.296314 
778 -1.773144 
779 -1.219450 
780 -1.696453 
781 -1.991248 
782 -1.343452 
783 -0.957579 
784 -1.151802 
785 -1.734414 
786 -1.718614 
787 -1.414739 
788 -1.531751 
789 -1.568758 
790 -1.317247 
791 -1.510566 
792 -2.453052 
793 -1.409064 
794 -0.890189 
795 -0.611085 
796 -2.256847 
797 -2.193760 
798 -0.551129 
799 0.981966 
800 2.360146 
801 1.546259 
802 0.587081 
803 1.466425 
804 1.159201 
805 1.765923 
806 1.525250 
807 1.831955 
808 1.580087 
809 1.630945 
810 1.820573 
811 0.918299 
812 0.525396 
813 1.348966 
814 2.073761 
815 1.825461 
816 2.759071 
817 1.679083 
818 0.474109 
819 -0.091858 
820 0.448742 
821 -1.105510 
822 -2.870811 
823 -0.961711 
824 -2.182952 
825 -2.215167 
826 -0.309955 
827 -0.530376 
828 -1.350404 
829 -2.383098 
830 -0.318372 
831 1.761904 
832 1.467964 
833 1.804651 
834 2.269167 
835 0.404739 
836 0.814838 
837 1.175992 
838 1.608994 
839 2.363420 
840 1.856783 
841 1.951917 
842 0.946954 
843 1.319000 
844 0.418363 
845 0.952704 
846 1.460851 
847 2.788220 
848 1.703487 
849 1.481845 
850 1.170350 
851 1.543558 
852 2.190238 
853 1.074212 
854 1.651643 
855 1.060935 
856 1.985017 
857 1.116262 
858 1.466646 
859 1.352812 
860 1.755419 
861 1.933759 
862 1.359688 
863 0.943518 
864 1.593021 
865 2.325549 
866 0.973064 
867 1.376144 
868 1.682262 
869 1.782806 
870 1.564992 
871 1.008143 
872 1.603154 
873 1.551039 
874 1.644623 
875 1.448134 
876 1.592883 
877 1.485589 
878 1.558801 
879 1.541442 
880 1.606440 
881 1.693252 
882 1.319764 
883 1.478496 
884 1.553624 
885 1.603058 
886 1.440473 
887 1.408978 
888 1.488617 
889 1.507912 
890 1.449085 
891 1.530400 
892 1.372665 
893 1.261748 
894 1.828402 
895 1.663153 
896 0.951731 
897 1.557993 
898 1.698928 
899 1.884799 
900 1.803811 
901 1.279650 
902 1.447142 
903 1.574098 
904 1.463966 
905 1.430554 
906 1.665537 
907 1.505824 
908 1.385495 
909 1.579538 
910 1.180561 
911 1.831406 
912 1.358433 
913 1.439173 
914 1.445468 
915 1.719059 
916 1.596889 
917 1.629094 
918 1.174147 
919 1.558270 
920 1.750973 
921 1.248479 
922 1.451491 
923 1.526875 
924 1.699372 
925 1.256927 
926 1.289708 
927 1.785407 
928 1.732032 
929 1.957293 
930 1.106624 
931 1.201781 
932 1.274162 
933 1.300919 
934 2.075188 
935 1.203587 
936 1.496472 
937 1.635727 
938 1.583468 
939 1.499928 
940 1.416270 
941 1.686042 
942 1.291201 
943 1.594605 
944 1.827706 
945 1.569328 
946 1.147231 
947 1.565656 
948 1.264351 
949 1.254717 
950 1.568537 
951 1.817886 
952 1.336627 
953 1.642106 
954 1.497287 
955 1.715991 
956 1.646855 
957 1.739848 
958 1.225752 
959 1.438903 
960 1.357456 
961 1.627828 
962 1.789249 
963 1.271841 
964 1.234971 
965 1.564259 
966 1.468593 
967 1.690241 
968 1.209368 
969 1.798746 
970 1.837680 
971 1.189608 
972 1.651135 
973 1.361589 
974 1.401901 
975 1.640929 
976 1.558446 
977 1.512965 
978 1.299760 
979 1.704823 
980 1.539466 
981 1.544882 
982 1.759220 
983 1.407994 
984 1.775029 
985 1.427498 
986 1.353210 
987 1.471147 
988 1.641366 
989 1.648322 
990 1.295813 
991 1.505747 
992 1.480878 
993 1.641312 
994 1.180649 
995 1.677002 
996 1.575728 
997 1.433295 
998 1.446727 
999 1.576945 
1000 1.572513 
1001 1.464648 
1002 1.419026 
1003 1.591593 
1004 1.815679 
1005 1.475550 
1006 1.599475 
1007 1.310741 
1008 1.728556 
1009 1.678113 
1010 1.364466 
1011 1.375929 
1012 1.959704 
1013 0.795930 
1014 1.653693 
1015 1.484006 
1016 2.269413 
1017 1.311085 
1018 2.004505 
1019 -0.014019 
1020 1.991781 
1021 2.385334 
1022 0.770456 
1023 0.061145 
1024 1.355296 
1025 -1.854926 
1026 -2.239357 
1027 -0.768217 
1028 -1.340017 
1029 -1.624998 
1030 -1.727930 
1031 -1.484822 
1032 -2.011834 
1033 -1.383371 
1034 -1.748950 
1035 -0.942843 
1036 -1.906568 
1037 1.890344 
1038 1.861015 
1039 -0.848742 
1040 -0.233659 
1041 -2.217131 
1042 -0.524296 
1043 -2.236798 
1044 -0.790929 
1045 -0.832262 
1046 -1.978851 
1047 -2.072977 
1048 -1.536313 
1049 -1.384362 
1050 -1.789208 
1051 -1.320863 
1052 -1.519199 
1053 -1.510527 
1054 -1.463212 
1055 -1.641414 
1056 -1.091503 
1057 -1.916595 
1058 -1.763445 
1059 -1.278172 
1060 -1.797661 
1061 -1.309053 
1062 -2.206607 
1063 -0.762803 
1064 -0.656420 
1065 0.965884 
1066 1.947949 
1067 2.336670 
1068 2.291993 
1069 1.137525 
1070 1.305348 
1071 1.698421 
1072 0.707309 
1073 2.094184 
1074 1.688775 
1075 1.554756 
1076 1.505177 
1077 1.217866 
1078 1.570456 
1079 1.607051 
1080 1.519080 
1081 1.318153 
1082 1.496887 
1083 1.609526 
1084 1.407923 
1085 1.525772 
1086 1.666605 
1087 1.420580 
1088 1.603295 
1089 1.584192 
1090 1.670670 
1091 1.481038 
1092 1.430240 
1093 1.380604 
1094 1.594811 
1095 1.593682 
1096 1.014147 
1097 1.878737 
1098 1.761751 
1099 1.287719 
1100 1.895205 
1101 1.289007 
1102 1.929921 
1103 0.786006 
1104 1.123621 
1105 0.971349 
1106 1.891578 
1107 2.260790 
1108 2.290696 
1109 1.968889 
1110 1.229987 
1111 0.083474 
1112 -0.555943 
1113 -1.617956 
1114 -0.589391 
1115 -2.772100 
1116 -1.520425 
1117 -1.281697 
1118 -1.843160 
1119 -1.254471 
1120 -1.446742 
1121 -1.844848 
1122 -1.414085 
1123 -1.311791 
1124 -1.693361 
1125 -1.372771 
1126 -1.670502 
1127 -1.085979 
1128 -2.133115 
1129 -1.852815 
1130 0.535812 
1131 -1.505196 
1132 -3.369673 
1133 -0.041147 
1134 0.237768 
1135 0.261908 
1136 0.926330 
1137 1.456206 
1138 2.542387 
1139 1.098457 
1140 0.310590 
1141 0.137782 
1142 -2.093995 
1143 -2.391808 
1144 -2.755368 
1145 -1.274253 
1146 -1.011755 
1147 0.228374 
1148 -0.547808 
1149 -1.480910 
1150 -1.339770 
1151 -2.504391 
1152 -1.931488 
1153 -2.118416 
1154 1.657814 
1155 -0.708588 
1156 -0.552383 
1157 0.713736 
1158 1.740701 
1159 2.533838 
1160 1.325782 
1161 1.680379 
1162 1.911230 
1163 1.050896 
1164 1.406446 
1165 1.910660 
1166 1.631585 
1167 1.287714 
1168 0.688634 
1169 2.353032 
1170 0.885140 
1171 1.676321 
1172 1.638314 
1173 1.486458 
1174 1.598828 
1175 1.314891 
1176 1.740574 
1177 1.421811 
1178 1.333808 
1179 1.584288 
1180 1.193459 
1181 1.984559 
1182 1.376872 
1183 1.460341 
1184 1.911953 
1185 1.399207 
1186 1.847630 
1187 0.654459 
1188 2.735515 
1189 0.361571 
1190 1.428799 
1191 1.138645 
1192 -1.832753 
1193 -2.235267 
1194 -0.655335 
1195 -1.174701 
1196 -1.109814 
1197 -1.277482 
1198 -2.085725 
1199 -1.709394 
1200 -0.377307 
1201 1.283552 
1202 2.677510 
1203 1.109807 
1204 0.914657 
1205 1.715881 
1206 1.281193 
1207 2.014320 
1208 1.641996 
1209 1.423738 
1210 1.296517 
1211 1.636307 
1212 1.504097 
1213 1.441987 
1214 1.585974 
1215 1.572678 
1216 1.356587 
1217 1.680675 
1218 1.371292 
1219 1.656491 
1220 1.479048 
1221 1.614771 
1222 1.294399 
1223 1.681854 
1224 1.994963 
1225 1.582127 
1226 1.287493 
1227 1.340538 
1228 1.857130 
1229 2.174376 
1230 0.640144 
1231 1.348653 
1232 -0.334720 
1233 0.002315 
1234 -1.239021 
1235 3.187243 
1236 1.466633 
1237 1.126993 
1238 1.669033 
1239 1.816690 
1240 1.536943 
1241 1.591836 
1242 1.586545 
1243 1.356854 
1244 0.769879 
1245 1.764374 
1246 1.920441 
1247 1.470907 
1248 2.025827 
1249 2.479139 
1250 0.790323 
1251 0.079956 
1252 -0.329509 
1253 -2.156942 
1254 -1.328344 
1255 -1.961142 
1256 -1.783128 
1257 -1.217723 
1258 -1.547872 
1259 -1.484774 
1260 -1.851282 
1261 -1.933107 
1262 -1.410281 
1263 -0.876207 
1264 -0.704640 
1265 -1.410225 
1266 -1.104956 
1267 -2.688896 
1268 -1.765347 
1269 -1.844037 
1270 -1.265379 
1271 -1.143920 
1272 -1.186435 
1273 -1.542554 
1274 -1.641983 
1275 -1.683092 
1276 -1.469424 
1277 -1.295517 
1278 -1.516316 
1279 -1.581440 
1280 -2.865495 
1281 -1.209516 
1282 0.721971 
1283 0.280978 
1284 -1.299307 
1285 -1.658148 
1286 -2.218671 
1287 -0.953208 
1288 -2.546577 
1289 1.532082 
1290 1.083293 
1291 0.976153 
1292 1.656244 
1293 1.669044 
1294 1.077643 
1295 1.814978 
1296 1.647658 
1297 1.643320 
1298 1.709806 
1299 1.107340 
1300 1.187582 
1301 0.780664 
1302 2.256364 
1303 1.747996 
1304 1.101128 
1305 1.229514 
1306 1.842056 
1307 1.767924 
1308 1.698260 
1309 1.270824 
1310 1.383972 
1311 1.648255 
1312 1.532812 
1313 1.331772 
1314 1.382004 
1315 1.980393 
1316 2.172139 
1317 1.650847 
1318 1.389689 
1319 0.403606 
1320 1.269362 
1321 1.496923 
1322 1.605992 
1323 1.872034 
1324 1.585698 
1325 2.037130 
1326 1.048054 
1327 1.157169 
1328 1.987225 
1329 1.694722 
1330 1.479088 
1331 0.842905 
1332 2.444167 
1333 1.659601 
1334 0.821204 
1335 0.496723 
1336 0.461947 
1337 -1.260018 
1338 1.470596 
1339 2.558094 
1340 -0.967862 
1341 -1.743769 
1342 -0.948153 
1343 -2.369340 
1344 -2.620172 
1345 -1.251020 
1346 -0.171311 
1347 1.513482 
1348 0.131569 
1349 2.099821 
1350 1.451120 
1351 1.944787 
1352 1.513202 
1353 1.725310 
1354 1.581573 
1355 1.195386 
1356 1.435592 
1357 1.246368 
1358 1.634200 
1359 1.682274 
1360 1.508257 
1361 1.271737 
1362 1.678945 
1363 1.672733 
1364 2.710026 
1365 1.520777 
1366 1.005352 
1367 0.251325 
1368 1.119153 
1369 0.990823 
1370 1.937868 
1371 2.080733 
1372 1.757720 
1373 1.302665 
1374 1.518730 
1375 1.412051 
1376 1.539250 
1377 1.362091 
1378 1.343527 
1379 1.540152 
1380 1.289359 
1381 1.760886 
1382 1.767467 
1383 1.130749 
1384 2.074878 
1385 1.291352 
1386 1.468777 
1387 1.177106 
1388 1.697180 
1389 1.838753 
1390 1.660622 
1391 0.930110 
1392 1.344782 
1393 2.482352 
1394 1.166601 
1395 1.249605 
1396 1.732701 
1397 1.534905 
1398 1.159083 
1399 1.556822 
1400 1.818300 
1401 2.154261 
1402 1.373603 
1403 0.220612 
1404 0.321778 
1405 2.237783 
1406 -0.778194 
1407 -2.184210 
1408 -1.134320 
1409 -2.414782 
1410 -1.684863 
1411 -0.197513 
1412 -1.532110 
1413 -1.285364 
1414 -1.643830 
1415 -1.597798 
1416 -2.218889 
1417 -1.823517 
1418 -0.974592 
1419 -0.304701 
1420 0.227477 
1421 -2.383696 
1422 -0.226347 
1423 -2.338624 
1424 -1.609677 
1425 -1.611197 
1426 -1.518494 
1427 -1.517306 
1428 -1.450764 
1429 -1.489232 
1430 -1.603485 
1431 -1.306651 
1432 -1.772191 
1433 -1.024703 
1434 -1.886622 
1435 -1.167839 
1436 -1.680281 
1437 -1.020282 
1438 -1.840893 
1439 -1.403064 
1440 -1.783201 
1441 -1.707788 
1442 -1.221597 
1443 -1.351544 
1444 -1.698727 
1445 -1.663875 
1446 -1.345778 
1447 -1.412121 
1448 -1.642442 
1449 -1.508908 
1450 -1.528365 
1451 -1.384973 
1452 -1.468575 
1453 -2.369319 
1454 -1.155105 
1455 0.871188 
1456 2.783571 
1457 1.582661 
1458 0.702031 
1459 -0.363792 
1460 1.314764 
1461 1.712428 
1462 0.747898 
1463 2.341129 
1464 1.731952 
1465 1.574280 
1466 1.403013 
1467 1.771915 
1468 0.036478 
1469 -2.456617 
1470 -2.065915 
1471 -0.096651 
1472 -1.064155 
1473 -1.475121 
1474 -1.689123 
1475 -1.579331 
1476 -1.811435 
1477 -1.446214 
1478 -1.513180 
1479 -1.259498 
1480 -1.510720 
1481 -1.129716 
1482 -1.557018 
1483 -1.892556 
1484 -1.224778 
1485 -0.910049 
1486 -1.337683 
1487 -2.319388 
1488 -2.038041 
1489 -1.302550 
1490 -1.299276 
1491 -1.403138 
1492 -1.422743 
1493 -2.299067 
1494 -1.292632 
1495 -0.849149 
1496 -1.475438 
1497 -1.686039 
1498 -1.453582 
1499 -1.496637 
1500 -1.431201 
1501 -1.800951 
1502 -1.438075 
1503 -1.395879 
1504 -1.454067 
1505 -1.639938 
1506 -1.427936 
1507 -1.492271 
1508 -1.743986 
1509 -1.290252 
1510 -1.565176 
1511 -1.294618 
1512 -1.688668 
1513 -1.207254 
1514 -1.534422 
1515 -1.863266 
1516 -1.409284 
1517 -1.697047 
1518 -1.603634 
1519 -1.342532 
1520 -1.695607 
1521 -1.403846 
1522 -1.237096 
1523 -1.686830 
1524 -1.926036 
1525 -1.459684 
1526 -1.014656 
1527 -1.577202 
1528 -1.475869 
1529 -1.772060 
1530 -1.518583 
1531 -1.380340 
1532 -1.339156 
1533 -1.680267 
1534 -1.664717 
1535 -1.363667 
1536 -1.676670 
1537 -1.128872 
1538 -1.642168 
1539 -1.701961 
1540 -1.450288 
1541 -1.562650 
1542 -1.376107 
1543 -1.639643 
1544 -1.519794 
1545 -1.422212 
1546 -1.867960 
1547 -1.154934 
1548 -1.385328 
1549 -1.465336 
1550 -1.220488 
1551 -2.019182 
1552 -1.586520 
1553 -1.970625 
1554 -1.262429 
1555 -1.139163 
1556 -1.478511 
1557 -1.680351 
1558 -1.695267 
1559 -1.082963 
1560 -1.534149 
1561 -1.572219 
1562 -1.757201 
1563 -1.225087 
1564 -1.341018 
1565 -1.684922 
1566 -1.290710 
1567 -1.633348 
1568 -1.311630 
1569 -1.874016 
1570 -1.594063 
1571 -1.165945 
1572 -1.305742 
1573 -1.509690 
1574 -1.775561 
1575 -1.357256 
1576 -1.684376 
1577 -1.317869 
1578 -1.357323 
1579 -1.567830 
1580 -1.277605 
1581 -1.506624 
1582 -1.369346 
1583 -1.889389 
1584 -1.363350 
1585 -1.792400 
1586 -1.704103 
1587 -0.930149 
1588 -1.395965 
1589 -1.491125 
1590 -1.766406 
1591 -1.402483 
1592 -1.409550 
1593 -1.003208 
1594 -1.645375 
1595 -1.919761 
1596 -1.679633 
1597 -1.484953 
1598 -1.650907 
1599 -1.351585 
1600 -1.437418 
1601 -0.940104 
1602 -2.056068 
1603 -1.823637 
1604 -2.488932 
1605 -0.414046 
1606 -0.479656 
1607 -2.217038 
1608 -1.657802 
1609 -1.034965 
1610 -1.654465 
1611 -1.773767 
1612 -1.499147 
1613 -1.684961 
1614 -1.499771 
1615 -1.288735 
1616 -1.466369 
1617 -1.720425 
1618 -1.450593 
1619 -1.289054 
1620 -1.670767 
1621 -1.690014 
1622 -1.482937 
1623 -1.195868 
1624 1.188134 
1625 1.560400 
1626 0.601244 
1627 -2.595694 
1628 -2.293416 
1629 -1.396275 
1630 1.689792 
1631 1.053498 
1632 -0.348470 
1633 -0.528172 
1634 -1.646418 
1635 -2.881546 
1636 -1.350593 
1637 -1.722790 
1638 -1.818191 
1639 -1.115201 
1640 -0.828748 
1641 -1.445429 
1642 -1.316683 
1643 -2.188339 
1644 -1.475935 
1645 -1.447217 
1646 -1.207504 
1647 -1.658182 
1648 -1.488206 
1649 -1.965161 
1650 -1.177988 
1651 -1.347420 
1652 -1.542665 
1653 -1.400564 
1654 -1.706916 
1655 -1.387980 
1656 -1.005141 
1657 -1.352066 
1658 -2.227500 
1659 -1.490989 
1660 -2.203475 
1661 -1.885326 
1662 -0.942231 
1663 -0.046659 
1664 -1.604643 
1665 1.213295 
1666 2.014162 
1667 1.441840 
1668 -1.798711 
1669 -2.049005 
1670 -1.587515 
1671 -0.579900 
1672 -1.430903 
1673 -0.468839 
1674 1.249291 
1675 2.707987 
1676 0.961980 
1677 1.750872 
1678 1.436287 
1679 2.067033 
1680 1.515942 
1681 1.479459 
1682 1.533928 
1683 1.488958 
1684 1.838707 
1685 1.636966 
1686 1.557011 
1687 1.188214 
1688 1.893613 
1689 1.386554 
1690 1.343405 
1691 1.405682 
1692 1.660259 
1693 1.531764 
1694 1.087508 
1695 1.681063 
1696 1.623938 
1697 1.568154 
1698 1.482913 
1699 1.606313 
1700 1.103660 
1701 1.540722 
1702 1.916758 
1703 1.500867 
1704 1.910804 
1705 1.341634 
1706 1.411371 
1707 1.403413 
1708 1.426636 
1709 1.250910 
1710 1.285024 
1711 1.949296 
1712 1.123933 
1713 1.795798 
1714 1.579847 
1715 1.567536 
1716 1.354884 
1717 1.426036 
1718 1.554430 
1719 1.680076 
1720 1.515471 
1721 1.616096 
1722 1.541413 
1723 1.412628 
1724 1.302638 
1725 1.535333 
1726 1.347261 
1727 1.736970 
1728 1.622587 
1729 1.473567 
1730 1.660162 
1731 1.432955 
1732 1.226548 
1733 1.593334 
1734 1.520395 
1735 1.697387 
1736 1.415829 
1737 1.572347 
1738 1.312521 
1739 1.695449 
1740 1.797553 
1741 1.018760 
1742 1.201797 
1743 1.757184 
1744 1.631661 
1745 1.364352 
1746 1.468707 
1747 1.528626 
1748 1.291994 
1749 2.404882 
1750 1.686228 
1751 -0.287940 
1752 -0.449129 
1753 0.089860 
1754 1.714848 
1755 2.720187 
1756 1.440632 
1757 2.405608 
1758 1.341956 
1759 0.556022 
1760 1.534786 
1761 1.723033 
1762 1.517191 
1763 1.556830 
1764 1.792140 
1765 1.587716 
1766 1.386909 
1767 1.042797 
1768 1.628458 
1769 1.667509 
1770 1.379013 
1771 1.595900 
1772 1.387099 
1773 1.224958 
1774 1.359823 
1775 1.879533 
1776 1.585791 
1777 1.723359 
1778 1.303938 
1779 1.411000 
1780 1.581000 
1781 1.712608 
1782 1.366379 
1783 1.366215 
1784 1.641917 
1785 0.539325 
1786 2.642244 
1787 -0.994938 
1788 -1.223336 
1789 -0.278336 
1790 -1.741955 
1791 -2.360714 
1792 -1.685304 
1793 -1.494369 
1794 -1.822158 
1795 -0.936931 
1796 -1.100576 
1797 -1.541324 
1798 -2.205831 
1799 -1.269310 
1800 -0.766591 
1801 0.700739 
1802 2.783773 
1803 1.526340 
1804 0.060546 
1805 0.784885 
1806 2.059304 
1807 2.222764 
1808 1.231747 
1809 1.855111 
1810 1.659649 
1811 1.279740 
1812 1.740699 
1813 1.705539 
1814 1.490828 
1815 1.085421 
1816 0.866443 
1817 0.694576 
1818 2.219277 
1819 2.015534 
1820 -0.833130 
1821 -1.363898 
1822 -1.404684 
1823 -2.428946 
1824 -1.900572 
1825 -1.465013 
1826 1.999958 
1827 0.718647 
1828 2.305105 
1829 1.192535 
1830 1.667932 
1831 0.949398 
1832 1.274706 
1833 1.484926 
1834 1.786119 
1835 1.648248 
1836 1.458255 
1837 1.355934 
1838 1.860721 
1839 1.298322 
1840 1.634203 
1841 1.789734 
1842 1.282497 
1843 1.134077 
1844 1.625284 
1845 1.451804 
1846 1.426940 
1847 1.648303 
1848 1.576110 
1849 1.232531 
1850 1.751888 
1851 1.502994 
1852 0.840954 
1853 1.710628 
1854 1.397992 
1855 1.868185 
1856 2.248148 
1857 1.889194 
1858 1.269612 
1859 0.116287 
1860 1.949658 
1861 1.906087 
1862 0.931808 
1863 1.416726 
1864 -1.689386 
1865 -2.517780 
1866 -1.137223 
1867 0.409687 
1868 -1.562292 
1869 -1.375324 
1870 -1.310658 
1871 -1.834773 
1872 -1.318244 
1873 -0.944810 
1874 -1.986928 
1875 -1.674408 
1876 -3.029113 
1877 -0.580923 
1878 0.775452 
1879 -1.231479 
1880 -0.673946 
1881 -0.644427 
1882 -0.925200 
1883 -2.792678 
1884 -1.912123 
1885 -1.232053 
1886 -1.004257 
1887 -1.819342 
1888 -1.328426 
1889 -1.692550 
1890 -1.309223 
1891 -1.656336 
1892 -1.489147 
1893 -1.322397 
1894 -1.683153 
1895 -1.534245 
1896 -1.481239 
1897 -1.389659 
1898 -1.388619 
1899 -1.747759 
1900 -1.527223 
1901 -1.627844 
1902 -1.388384 
1903 -1.575955 
1904 -1.503176 
1905 -1.857315 
1906 -0.999772 
1907 -1.537575 
1908 -1.963848 
1909 -1.337945 
1910 -1.453502 
1911 -1.150231 
1912 -1.590891 
1913 -1.260648 
1914 -1.404871 
1915 -1.792657 
1916 -1.356935 
1917 -1.665965 
1918 -1.697279 
1919 -1.386172 
1920 -1.191983 
1921 -1.713364 
1922 -1.479306 
1923 -1.469037 
1924 -1.382975 
1925 -1.846185 
1926 -1.627126 
1927 -1.213588 
1928 -1.392642 
1929 -1.624036 
1930 -1.772170 
1931 -1.160181 
1932 -1.296128 
1933 -1.904004 
1934 -1.026025 
1935 -1.784019 
1936 -1.747716 
1937 -1.491817 
1938 -1.487059 
1939 -1.355422 
1940 -1.610477 
1941 -1.472515 
1942 -1.839040 
1943 -1.238377 
1944 -1.015119 
1945 -1.309337 
1946 -1.699927 
1947 -1.874943 
1948 -1.619776 
1949 -1.729782 
1950 -1.375874 
1951 -1.338736 
1952 -2.126578 
1953 -1.089144 
1954 -0.256416 
1955 -2.078749 
1956 -1.609392 
1957 -1.498880 
1958 -1.802894 
1959 -1.304317 
1960 -1.569518 
1961 -1.566319 
1962 -1.259849 
1963 -1.600676 
1964 -0.863392 
1965 0.059670 
1966 -1.607028 
1967 2.682960 
1968 2.003305 
1969 1.025853 
1970 1.618416 
1971 1.420031 
1972 0.822377 
1973 2.017137 
1974 1.464094 
1975 1.876228 
1976 1.390864 
1977 1.220346 
1978 1.915057 
1979 1.666525 
1980 1.397294 
1981 1.559286 
1982 1.199340 
1983 2.017573 
1984 1.414665 
1985 1.927695 
1986 1.637920 
1987 1.041677 
1988 1.607769 
1989 1.464959 
1990 1.596095 
1991 1.345758 
1992 1.711205 
1993 1.748245 
1994 1.475151 
1995 1.228456 
1996 2.496962 
1997 1.670566 
1998 1.197462 
1999 0.750455 
2000 1.996439 
2001 1.579767 
2002 0.736072 
2003 2.033963 
2004 1.310184 
2005 1.726030 
2006 1.802952 
2007 1.354273 
2008 1.703705 
2009 1.524907 
2010 1.823038 
2011 0.936411 
2012 1.194957 
2013 1.650249 
2014 1.783242 
2015 1.536344 
2016 1.980637 
2017 2.549615 
2018 0.785958 
2019 0.385331 
2020 2.599146 
2021 0.886785 
2022 -0.965779 
2023 -1.632176 
2024 -1.218759 
2025 -1.054467 
2026 -1.761588 
2027 -1.974080 
2028 -2.536460 
2029 -1.905603 
2030 -0.492990 
2031 -0.588384 
2032 -0.773674 
2033 -1.398886 
2034 -1.661044 
2035 -2.124865 
2036 -1.746192 
2037 -1.344570 
2038 -1.208887 
2039 -1.875209 
2040 -1.384784 
2041 -1.622127 
2042 -1.469061 
2043 -1.473321 
2044 -1.258686 
2045 -1.534024 
2046 -1.791007 
2047 -1.271089 
