2048 1
0 0.027564 
1 0.448687 
2 0.227399 
3 0.138183 
4 0.138183 
5 -0.136950 
6 0.417126 
7 0.439577 
8 -0.196549 
9 -0.427113 
10 0.306294 
11 0.472111 
12 -0.373628 
13 0.474425 
14 0.439577 
15 0.213494 
16 -0.345161 
17 0.407521 
18 0.233943 
19 -0.037530 
20 -0.373628 
21 0.395334 
22 0.151960 
23 -0.310325 
24 0.142203 
25 0.417126 
26 -0.190528 
27 0.247124 
28 0.023807 
29 -0.110835 
30 -0.390949 
31 -0.110835 
32 -0.310325 
33 -0.482784 
34 0.474425 
35 -0.196549 
36 -0.291004 
37 -0.482784 
38 0.230914 
39 0.183904 
40 0.407207 
41 0.407207 
42 -0.388383 
43 0.080231 
44 0.166782 
45 -0.220257 
46 0.407207 
47 0.233943 
48 -0.437472 
49 -0.190528 
50 0.439577 
51 -0.313319 
52 0.407207 
53 0.407521 
54 -0.103334 
55 -0.388383 
56 0.476715 
57 -0.211257 
58 -0.110835 
59 -0.175826 
60 -0.012600 
61 -0.298860 
62 -0.034326 
63 0.417126 
64 0.027379 
65 0.362725 
66 -0.220257 
67 0.240022 
68 0.183904 
69 0.407521 
70 0.027564 
71 0.023807 
72 0.027564 
73 -0.211257 
74 -0.405287 
75 -0.211257 
76 -0.186205 
77 0.240022 
78 -0.110835 
79 -0.136950 
80 0.142203 
81 0.142203 
82 -0.498998 
83 -0.380108 
84 -0.380108 
85 -0.094026 
86 -0.262329 
87 0.407207 
88 0.183904 
89 -0.012600 
90 0.407207 
91 -0.482784 
92 0.247124 
93 -0.211257 
94 -0.012600 
95 0.476715 
96 0.377012 
97 -0.345161 
98 0.227399 
99 0.247124 
100 0.240022 
101 -0.103334 
102 -0.103334 
103 0.197824 
104 -0.313319 
105 -0.175734 
106 0.038395 
107 0.138183 
108 0.322297 
109 -0.373628 
110 0.213494 
111 0.172190 
112 0.213494 
113 0.306294 
114 -0.345161 
115 0.322297 
116 -0.390949 
117 -0.345161 
118 0.038395 
119 -0.291004 
120 -0.270193 
121 0.138183 
122 -0.298591 
123 0.011932 
124 -0.390949 
125 -0.110835 
126 -0.110835 
127 -0.110835 
128 0.407207 
129 0.027564 
130 -0.310325 
131 -0.310325 
132 0.474425 
133 0.474425 
134 0.172190 
135 0.474425 
136 0.474425 
137 -0.196549 
138 0.377012 
139 0.027564 
140 -0.444069 
141 -0.291004 
142 -0.345161 
143 -0.444069 
144 -0.220257 
145 -0.220257 
146 0.166782 
147 -0.175826 
148 0.080231 
149 -0.482784 
150 -0.175826 
151 0.166782 
152 -0.129054 
153 -0.175826 
154 -0.175826 
155 0.306294 
156 0.306294 
157 -0.186205 
158 0.357494 
159 0.357494 
160 0.357494 
161 0.472111 
162 -0.408777 
163 -0.433093 
164 0.151960 
165 0.322297 
166 0.172190 
167 0.362725 
168 0.451300 
169 0.451300 
170 -0.175734 
171 -0.380108 
172 -0.380108 
173 0.439577 
174 0.183904 
175 -0.380108 
176 -0.033542 
177 -0.033542 
178 -0.033542 
179 -0.138071 
180 -0.175734 
181 -0.175734 
182 -0.034326 
183 -0.291004 
184 -0.437472 
185 0.038395 
186 -0.437472 
187 0.322297 
188 0.247124 
189 -0.110835 
190 0.233943 
191 0.401184 
192 0.401184 
193 -0.373628 
194 0.322297 
195 0.322297 
196 0.027379 
197 0.417126 
198 0.240022 
199 0.022906 
200 0.227399 
201 -0.138071 
202 -0.298860 
203 -0.291004 
204 -0.433093 
205 -0.196549 
206 0.183904 
207 -0.138071 
208 -0.033542 
209 -0.313319 
210 -0.313319 
211 -0.138071 
212 0.439577 
213 -0.211257 
214 0.407207 
215 0.227399 
216 0.083596 
217 -0.433093 
218 -0.388383 
219 -0.103334 
220 0.227399 
221 -0.175713 
222 0.011932 
223 -0.103334 
224 -0.129054 
225 -0.427113 
226 -0.037530 
227 0.474425 
228 0.439577 
229 -0.129054 
230 -0.482784 
231 -0.498998 
232 0.407521 
233 0.407521 
234 0.407521 
235 -0.276284 
236 -0.175713 
237 -0.175713 
238 0.476715 
239 -0.437472 
240 -0.437472 
241 -0.170092 
242 -0.211257 
243 -0.313319 
244 -0.313319 
245 -0.498998 
246 -0.498998 
247 -0.498998 
248 0.399555 
249 -0.437472 
250 -0.012600 
251 -0.037530 
252 -0.298860 
253 -0.298860 
254 0.151960 
255 -0.170092 
256 -0.498998 
257 0.038395 
258 0.417126 
259 -0.037530 
260 0.362725 
261 0.027379 
262 -0.012600 
263 -0.345161 
264 -0.433093 
265 -0.291004 
266 -0.213885 
267 0.240022 
268 0.362725 
269 0.472111 
270 -0.109306 
271 -0.109306 
272 -0.109306 
273 -0.150383 
274 -0.150383 
275 0.227399 
276 -0.220257 
277 0.472111 
278 -0.345161 
279 -0.345161 
280 -0.310325 
281 0.023807 
282 -0.345161 
283 0.023807 
284 -0.478399 
285 0.023807 
286 0.023807 
287 -0.037530 
288 -0.037530 
289 0.023807 
290 0.399555 
291 -0.154795 
292 -0.154795 
293 -0.154795 
294 -0.388383 
295 -0.211257 
296 0.369157 
297 -0.211257 
298 -0.094026 
299 0.362725 
300 -0.136950 
301 -0.103334 
302 -0.298591 
303 0.138183 
304 0.138183 
305 0.183904 
306 0.395334 
307 0.213494 
308 -0.312649 
309 -0.110835 
310 -0.220257 
311 -0.310325 
312 -0.110835 
313 0.306294 
314 -0.498998 
315 0.407521 
316 0.151960 
317 -0.129054 
318 -0.498998 
319 -0.012600 
320 -0.170092 
321 0.142203 
322 -0.103334 
323 0.142203 
324 -0.103334 
325 0.142203 
326 -0.186205 
327 0.183904 
328 -0.196549 
329 -0.196549 
330 0.142203 
331 0.142203 
332 0.419520 
333 -0.380108 
334 -0.373628 
335 0.138183 
336 -0.482784 
337 -0.175826 
338 -0.444069 
339 0.027379 
340 0.179750 
341 -0.094026 
342 -0.094026 
343 -0.437472 
344 0.399555 
345 -0.433093 
346 -0.213885 
347 -0.262329 
348 -0.262329 
349 0.395334 
350 -0.077882 
351 0.138183 
352 -0.444069 
353 0.407207 
354 0.138183 
355 0.213494 
356 0.233943 
357 -0.012600 
358 0.485448 
359 0.485448 
360 0.472111 
361 -0.405287 
362 -0.262963 
363 -0.175713 
364 -0.175713 
365 -0.262329 
366 -0.262329 
367 -0.077882 
368 0.138183 
369 -0.123672 
370 -0.373628 
371 0.377012 
372 -0.123672 
373 -0.123672 
374 0.306294 
375 0.306294 
376 0.306294 
377 0.377012 
378 0.172190 
379 0.306294 
380 -0.310325 
381 -0.310325 
382 0.230914 
383 -0.213885 
384 -0.213885 
385 -0.129054 
386 0.377012 
387 -0.129054 
388 -0.310325 
389 -0.478399 
390 -0.186205 
391 -0.405287 
392 -0.405287 
393 0.142203 
394 0.306294 
395 -0.170092 
396 0.306294 
397 0.247124 
398 0.322297 
399 -0.298591 
400 -0.209471 
401 0.240022 
402 -0.388383 
403 -0.388383 
404 0.439577 
405 0.399555 
406 0.240022 
407 0.399555 
408 0.439577 
409 -0.298591 
410 0.052665 
411 0.227399 
412 -0.170213 
413 -0.437198 
414 -0.345161 
415 0.247124 
416 0.197824 
417 -0.123672 
418 -0.380108 
419 0.417126 
420 -0.170213 
421 0.197824 
422 -0.175734 
423 0.240022 
424 0.038395 
425 0.322297 
426 0.038395 
427 0.240022 
428 -0.373628 
429 -0.170092 
430 -0.088647 
431 -0.437472 
432 -0.437472 
433 0.027379 
434 -0.034326 
435 -0.034326 
436 0.395334 
437 0.052665 
438 0.230914 
439 -0.498998 
440 -0.498998 
441 -0.437198 
442 0.331486 
443 0.331486 
444 0.331486 
445 -0.123672 
446 0.357494 
447 -0.390949 
448 0.142203 
449 -0.313319 
450 0.362725 
451 0.357494 
452 0.080231 
453 0.362725 
454 0.233943 
455 -0.213885 
456 0.407207 
457 0.407207 
458 0.407207 
459 -0.478399 
460 0.472111 
461 -0.190528 
462 -0.034326 
463 0.377012 
464 -0.345161 
465 0.027564 
466 0.027564 
467 -0.170213 
468 -0.298591 
469 0.306294 
470 -0.109306 
471 -0.298591 
472 -0.209471 
473 -0.209471 
474 0.306294 
475 0.306294 
476 -0.170213 
477 -0.033542 
478 0.038395 
479 -0.390949 
480 -0.298860 
481 -0.123672 
482 -0.033542 
483 0.439577 
484 -0.380108 
485 0.083596 
486 0.323252 
487 0.323252 
488 0.323252 
489 0.011932 
490 0.323252 
491 0.011932 
492 0.011932 
493 0.399555 
494 -0.220257 
495 -0.298860 
496 -0.298860 
497 0.080231 
498 0.083596 
499 0.083596 
500 0.247124 
501 -0.437472 
502 -0.196643 
503 0.417126 
504 0.417126 
505 -0.190528 
506 -0.138071 
507 0.357494 
508 -0.298591 
509 -0.150383 
510 -0.150383 
511 -0.150383 
512 0.362725 
513 0.362725 
514 0.474425 
515 0.407207 
516 0.407207 
517 0.362725 
518 -0.209471 
519 -0.209471 
520 -0.482784 
521 -0.175713 
522 -0.310325 
523 -0.209471 
524 -0.310325 
525 -0.310325 
526 0.080231 
527 0.080231 
528 0.080231 
529 -0.478399 
530 0.172190 
531 0.172190 
532 -0.478399 
533 0.027564 
534 0.474425 
535 0.474425 
536 0.474425 
537 -0.175713 
538 0.377012 
539 -0.175713 
540 -0.175713 
541 -0.175713 
542 0.011932 
543 0.474425 
544 0.474425 
545 0.474425 
546 0.474425 
547 0.151960 
548 -0.196549 
549 0.011932 
550 0.474425 
551 0.083596 
552 -0.196549 
553 -0.220257 
554 -0.291004 
555 -0.196549 
556 0.476715 
557 0.476715 
558 -0.478399 
559 -0.478399 
560 -0.291004 
561 -0.482784 
562 0.011932 
563 -0.291004 
564 -0.291004 
565 -0.291004 
566 0.357494 
567 0.357494 
568 0.357494 
569 -0.408777 
570 -0.211257 
571 -0.110835 
572 -0.390949 
573 0.407207 
574 0.474425 
575 -0.390949 
576 -0.313319 
577 -0.390949 
578 -0.313319 
579 -0.444069 
580 0.474425 
581 -0.482784 
582 -0.482784 
583 -0.482784 
584 -0.220257 
585 -0.220257 
586 0.166782 
587 0.448687 
588 0.166782 
589 -0.482784 
590 -0.175826 
591 0.027564 
592 -0.482784 
593 0.448687 
594 0.448687 
595 0.448687 
596 -0.196549 
597 -0.196549 
598 -0.482784 
599 -0.482784 
600 -0.482784 
601 -0.482784 
602 -0.298591 
603 -0.298591 
604 0.448687 
605 -0.175826 
606 -0.175826 
607 -0.298591 
608 -0.175826 
609 -0.175826 
610 0.419520 
611 -0.186205 
612 -0.175826 
613 -0.175826 
614 0.166782 
615 0.166782 
616 -0.186205 
617 0.419520 
618 -0.175734 
619 -0.175826 
620 0.083596 
621 0.083596 
622 0.476715 
623 0.419520 
624 0.419520 
625 0.083596 
626 -0.298860 
627 -0.298860 
628 0.083596 
629 0.419520 
630 0.357494 
631 -0.298860 
632 0.357494 
633 0.357494 
634 -0.298860 
635 -0.186205 
636 0.357494 
637 -0.437198 
638 -0.433093 
639 -0.433093 
640 -0.437198 
641 0.038395 
642 -0.110835 
643 -0.433093 
644 -0.186205 
645 -0.186205 
646 -0.433093 
647 0.357494 
648 -0.186205 
649 0.362725 
650 -0.033542 
651 -0.186205 
652 -0.298860 
653 0.419520 
654 0.419520 
655 0.419520 
656 0.172190 
657 0.172190 
658 0.213494 
659 0.451300 
660 0.142203 
661 0.172190 
662 0.407521 
663 0.362725 
664 0.362725 
665 -0.034326 
666 -0.211257 
667 0.362725 
668 0.407207 
669 0.407207 
670 0.407207 
671 0.172190 
672 -0.388383 
673 0.407207 
674 -0.175734 
675 -0.388383 
676 -0.012600 
677 0.213494 
678 0.451300 
679 -0.175734 
680 -0.175734 
681 -0.444069 
682 -0.175734 
683 0.213494 
684 -0.380108 
685 0.213494 
686 0.213494 
687 0.151960 
688 0.419520 
689 0.306294 
690 0.183904 
691 0.151960 
692 -0.380108 
693 0.183904 
694 0.183904 
695 -0.220257 
696 -0.444069 
697 0.306294 
698 -0.310325 
699 -0.380108 
700 -0.175734 
701 -0.478399 
702 0.166782 
703 0.166782 
704 0.166782 
705 -0.033542 
706 -0.033542 
707 -0.138071 
708 -0.033542 
709 0.439577 
710 -0.138071 
711 0.142203 
712 0.142203 
713 0.142203 
714 0.142203 
715 -0.138071 
716 -0.213885 
717 -0.213885 
718 -0.388383 
719 0.027379 
720 -0.380108 
721 -0.213885 
722 -0.190528 
723 -0.291004 
724 -0.291004 
725 -0.175734 
726 -0.291004 
727 -0.291004 
728 -0.291004 
729 0.472111 
730 -0.034326 
731 0.476715 
732 0.472111 
733 0.472111 
734 0.476715 
735 0.476715 
736 0.476715 
737 0.240022 
738 -0.103334 
739 0.476715 
740 0.138183 
741 -0.437472 
742 -0.437472 
743 0.233943 
744 0.233943 
745 0.038395 
746 0.322297 
747 0.322297 
748 -0.190528 
749 -0.291004 
750 0.322297 
751 0.322297 
752 -0.373628 
753 0.022906 
754 0.306294 
755 -0.373628 
756 -0.373628 
757 -0.373628 
758 -0.110835 
759 0.172190 
760 -0.110835 
761 0.172190 
762 -0.373628 
763 -0.373628 
764 0.247124 
765 -0.094026 
766 -0.444069 
767 -0.444069 
768 -0.211257 
769 0.230914 
770 0.230914 
771 0.230914 
772 0.417126 
773 0.230914 
774 0.230914 
775 0.240022 
776 0.306294 
777 -0.138071 
778 -0.291004 
779 -0.196549 
780 0.022906 
781 0.306294 
782 0.022906 
783 -0.136950 
784 -0.136950 
785 0.027379 
786 0.027379 
787 0.183904 
788 -0.433093 
789 0.142203 
790 0.142203 
791 0.142203 
792 0.227399 
793 0.260368 
794 0.260368 
795 -0.037530 
796 -0.109306 
797 0.023807 
798 0.399555 
799 -0.310325 
800 -0.310325 
801 -0.310325 
802 -0.310325 
803 -0.478399 
804 -0.077882 
805 -0.498998 
806 -0.478399 
807 -0.012600 
808 0.322297 
809 0.322297 
810 0.395334 
811 -0.478399 
812 -0.433093 
813 -0.478399 
814 0.322297 
815 -0.103334 
816 0.407521 
817 0.407521 
818 -0.433093 
819 -0.433093 
820 0.213494 
821 0.260368 
822 0.227399 
823 -0.291004 
824 -0.196549 
825 -0.433093 
826 -0.433093 
827 0.377012 
828 -0.433093 
829 -0.405287 
830 0.439577 
831 -0.313319 
832 -0.313319 
833 0.439577 
834 0.407207 
835 0.439577 
836 0.407207 
837 -0.408777 
838 0.407207 
839 0.407207 
840 -0.408777 
841 -0.211257 
842 0.377012 
843 -0.408777 
844 0.377012 
845 0.377012 
846 -0.129054 
847 -0.129054 
848 -0.298591 
849 -0.298591 
850 -0.103334 
851 -0.298591 
852 -0.298591 
853 -0.298591 
854 -0.298591 
855 -0.211257 
856 -0.298591 
857 0.083596 
858 0.083596 
859 -0.298591 
860 -0.209471 
861 -0.298591 
862 0.083596 
863 0.227399 
864 0.362725 
865 0.080231 
866 0.362725 
867 0.362725 
868 0.027564 
869 -0.262963 
870 0.362725 
871 0.362725 
872 -0.037530 
873 -0.037530 
874 -0.037530 
875 -0.388383 
876 -0.388383 
877 -0.262963 
878 -0.388383 
879 -0.388383 
880 -0.103334 
881 -0.170092 
882 -0.345161 
883 -0.345161 
884 -0.109306 
885 -0.109306 
886 -0.345161 
887 0.322297 
888 -0.012600 
889 -0.109306 
890 0.023807 
891 -0.109306 
892 -0.388383 
893 0.023807 
894 0.023807 
895 0.023807 
896 0.023807 
897 0.023807 
898 0.023807 
899 -0.129054 
900 -0.129054 
901 0.027379 
902 -0.136950 
903 -0.498998 
904 -0.498998 
905 -0.498998 
906 -0.427113 
907 -0.427113 
908 -0.150383 
909 0.233943 
910 -0.037530 
911 0.439577 
912 0.439577 
913 0.439577 
914 -0.129054 
915 -0.129054 
916 -0.427113 
917 -0.109306 
918 0.138183 
919 -0.129054 
920 -0.150383 
921 0.138183 
922 -0.103334 
923 -0.103334 
924 -0.150383 
925 -0.150383 
926 -0.012600 
927 -0.276284 
928 -0.276284 
929 -0.262329 
930 -0.312649 
931 -0.150383 
932 -0.276284 
933 -0.094026 
934 -0.077882 
935 -0.077882 
936 0.152487 
937 0.152487 
938 0.138183 
939 -0.276284 
940 -0.437472 
941 -0.405287 
942 -0.313319 
943 -0.313319 
944 -0.313319 
945 -0.211257 
946 -0.313319 
947 -0.313319 
948 -0.313319 
949 0.152487 
950 -0.313319 
951 0.152487 
952 0.152487 
953 -0.262963 
954 -0.175713 
955 -0.175713 
956 -0.175713 
957 -0.094026 
958 -0.170092 
959 0.472111 
960 -0.094026 
961 -0.175713 
962 -0.077882 
963 -0.211257 
964 -0.175713 
965 -0.175713 
966 -0.405287 
967 -0.196549 
968 -0.437472 
969 0.083596 
970 0.083596 
971 -0.262963 
972 -0.380108 
973 -0.211257 
974 -0.211257 
975 -0.380108 
976 -0.170092 
977 0.439577 
978 -0.037530 
979 -0.380108 
980 -0.380108 
981 -0.380108 
982 -0.498998 
983 -0.498998 
984 -0.498998 
985 0.027379 
986 0.357494 
987 0.357494 
988 -0.373628 
989 0.399555 
990 0.357494 
991 0.357494 
992 0.357494 
993 0.399555 
994 0.399555 
995 -0.298860 
996 -0.298860 
997 0.399555 
998 0.230914 
999 -0.437472 
1000 -0.012600 
1001 -0.298860 
1002 -0.012600 
1003 -0.498998 
1004 -0.298860 
1005 0.247124 
1006 0.247124 
1007 0.357494 
1008 0.357494 
1009 -0.313319 
1010 0.151960 
1011 -0.298860 
1012 -0.298860 
1013 0.399555 
1014 -0.373628 
1015 0.151960 
1016 -0.170092 
1017 -0.034326 
1018 -0.034326 
1019 0.230914 
1020 -0.170092 
1021 -0.170092 
1022 -0.498998 
1023 -0.498998 
1024 -0.498998 
1025 -0.094026 
1026 0.038395 
1027 0.038395 
1028 0.247124 
1029 0.417126 
1030 -0.094026 
1031 -0.094026 
1032 0.417126 
1033 0.417126 
1034 0.417126 
1035 0.233943 
1036 0.417126 
1037 0.247124 
1038 0.247124 
1039 0.417126 
1040 0.240022 
1041 0.027379 
1042 0.362725 
1043 -0.138071 
1044 -0.138071 
1045 -0.138071 
1046 0.417126 
1047 0.465365 
1048 0.465365 
1049 0.027379 
1050 0.027379 
1051 0.027379 
1052 -0.209471 
1053 -0.209471 
1054 -0.433093 
1055 0.362725 
1056 -0.209471 
1057 -0.291004 
1058 -0.196549 
1059 -0.213885 
1060 -0.209471 
1061 0.362725 
1062 -0.213885 
1063 0.083596 
1064 -0.213885 
1065 -0.077882 
1066 -0.109306 
1067 -0.262329 
1068 0.240022 
1069 0.240022 
1070 -0.138071 
1071 -0.138071 
1072 -0.312649 
1073 -0.291004 
1074 -0.012600 
1075 0.183904 
1076 -0.196549 
1077 -0.012600 
1078 -0.012600 
1079 -0.196549 
1080 -0.196549 
1081 -0.196549 
1082 0.472111 
1083 0.472111 
1084 -0.012600 
1085 0.485448 
1086 -0.175826 
1087 0.472111 
1088 -0.175826 
1089 -0.175826 
1090 -0.175826 
1091 -0.175826 
1092 -0.175826 
1093 0.197824 
1094 0.183904 
1095 -0.433093 
1096 -0.136950 
1097 0.401184 
1098 -0.298591 
1099 -0.433093 
1100 -0.298591 
1101 0.151960 
1102 -0.298591 
1103 0.227399 
1104 0.227399 
1105 0.472111 
1106 -0.220257 
1107 -0.220257 
1108 -0.298591 
1109 -0.175826 
1110 0.227399 
1111 0.083596 
1112 0.083596 
1113 -0.037530 
1114 0.011932 
1115 -0.037530 
1116 -0.196549 
1117 -0.291004 
1118 -0.291004 
1119 -0.433093 
1120 -0.433093 
1121 -0.154795 
1122 0.362725 
1123 -0.220257 
1124 0.323252 
1125 -0.345161 
1126 -0.345161 
1127 -0.427113 
1128 -0.427113 
1129 -0.427113 
1130 0.027564 
1131 0.011932 
1132 -0.220257 
1133 0.472111 
1134 0.227399 
1135 0.227399 
1136 -0.478399 
1137 -0.154795 
1138 -0.154795 
1139 0.357494 
1140 0.027564 
1141 0.027564 
1142 -0.427113 
1143 0.023807 
1144 -0.310325 
1145 0.023807 
1146 0.023807 
1147 0.027564 
1148 0.023807 
1149 -0.037530 
1150 -0.037530 
1151 -0.109306 
1152 0.023807 
1153 -0.037530 
1154 -0.444069 
1155 0.023807 
1156 0.023807 
1157 -0.109306 
1158 -0.154795 
1159 -0.154795 
1160 0.357494 
1161 0.399555 
1162 0.179750 
1163 -0.150383 
1164 -0.150383 
1165 -0.154795 
1166 0.357494 
1167 0.027564 
1168 0.227399 
1169 -0.109306 
1170 0.151960 
1171 0.357494 
1172 0.369157 
1173 0.083244 
1174 0.331486 
1175 -0.211257 
1176 0.083244 
1177 0.023807 
1178 0.369157 
1179 0.369157 
1180 0.369157 
1181 0.399555 
1182 -0.211257 
1183 0.395334 
1184 0.362725 
1185 0.474425 
1186 0.362725 
1187 0.362725 
1188 0.362725 
1189 0.362725 
1190 0.474425 
1191 0.474425 
1192 0.399555 
1193 0.395334 
1194 -0.405287 
1195 0.362725 
1196 0.395334 
1197 0.142203 
1198 -0.312649 
1199 -0.312649 
1200 -0.312649 
1201 0.142203 
1202 0.151960 
1203 -0.270193 
1204 0.362725 
1205 0.369157 
1206 0.151960 
1207 0.213494 
1208 -0.136950 
1209 0.183904 
1210 -0.186205 
1211 0.172190 
1212 0.027379 
1213 0.172190 
1214 -0.262963 
1215 -0.262963 
1216 -0.170092 
1217 -0.190528 
1218 0.166782 
1219 0.027379 
1220 0.476715 
1221 -0.437472 
1222 -0.437472 
1223 0.476715 
1224 0.476715 
1225 -0.129054 
1226 -0.186205 
1227 -0.186205 
1228 -0.129054 
1229 0.172190 
1230 -0.186205 
1231 -0.186205 
1232 -0.312649 
1233 -0.312649 
1234 -0.312649 
1235 -0.312649 
1236 -0.312649 
1237 -0.312649 
1238 -0.220257 
1239 0.451300 
1240 0.407521 
1241 0.407521 
1242 0.369157 
1243 -0.220257 
1244 0.476715 
1245 0.476715 
1246 0.476715 
1247 -0.088647 
1248 -0.310325 
1249 -0.310325 
1250 -0.310325 
1251 -0.110835 
1252 -0.312649 
1253 -0.110835 
1254 -0.110835 
1255 -0.110835 
1256 0.306294 
1257 0.052665 
1258 -0.437472 
1259 -0.437472 
1260 -0.437472 
1261 -0.209471 
1262 -0.209471 
1263 -0.312649 
1264 -0.312649 
1265 0.407521 
1266 -0.312649 
1267 -0.437472 
1268 -0.437472 
1269 -0.437472 
1270 -0.196643 
1271 -0.444069 
1272 -0.405287 
1273 -0.444069 
1274 0.306294 
1275 -0.498998 
1276 0.306294 
1277 -0.211257 
1278 -0.211257 
1279 -0.498998 
1280 -0.498998 
1281 0.142203 
1282 -0.276284 
1283 0.142203 
1284 -0.498998 
1285 0.142203 
1286 0.448687 
1287 0.022906 
1288 0.260368 
1289 -0.408777 
1290 0.142203 
1291 0.142203 
1292 -0.186205 
1293 -0.310325 
1294 -0.310325 
1295 0.142203 
1296 0.183904 
1297 -0.186205 
1298 -0.186205 
1299 -0.186205 
1300 -0.276284 
1301 -0.276284 
1302 0.080231 
1303 -0.313319 
1304 0.357494 
1305 0.080231 
1306 0.183904 
1307 0.172190 
1308 0.172190 
1309 0.172190 
1310 0.172190 
1311 -0.094026 
1312 0.152487 
1313 -0.498998 
1314 -0.498998 
1315 0.172190 
1316 -0.196549 
1317 0.240022 
1318 0.240022 
1319 0.240022 
1320 -0.313319 
1321 0.465365 
1322 0.407521 
1323 0.183904 
1324 -0.196549 
1325 0.183904 
1326 0.183904 
1327 0.407521 
1328 0.419520 
1329 0.407207 
1330 0.419520 
1331 0.419520 
1332 0.407521 
1333 -0.412277 
1334 -0.380108 
1335 -0.380108 
1336 -0.380108 
1337 -0.380108 
1338 -0.077882 
1339 0.407207 
1340 -0.482784 
1341 -0.482784 
1342 -0.380108 
1343 0.138183 
1344 0.138183 
1345 -0.373628 
1346 -0.373628 
1347 -0.175826 
1348 0.419520 
1349 -0.313319 
1350 -0.313319 
1351 -0.175826 
1352 -0.313319 
1353 -0.313319 
1354 -0.313319 
1355 -0.313319 
1356 -0.313319 
1357 -0.313319 
1358 0.419520 
1359 0.407521 
1360 0.142203 
1361 0.142203 
1362 0.179750 
1363 0.377012 
1364 -0.094026 
1365 0.179750 
1366 0.179750 
1367 0.179750 
1368 0.179750 
1369 0.474425 
1370 0.451570 
1371 -0.094026 
1372 0.377012 
1373 -0.444069 
1374 -0.175734 
1375 -0.175734 
1376 -0.211257 
1377 0.399555 
1378 0.399555 
1379 -0.405287 
1380 -0.433093 
1381 -0.265396 
1382 -0.444069 
1383 0.399555 
1384 -0.444069 
1385 -0.433093 
1386 -0.262963 
1387 -0.433093 
1388 -0.170092 
1389 0.407207 
1390 0.407207 
1391 0.407207 
1392 0.407207 
1393 0.080231 
1394 0.213494 
1395 0.213494 
1396 -0.433093 
1397 -0.433093 
1398 -0.433093 
1399 -0.154795 
1400 -0.444069 
1401 0.395334 
1402 -0.444069 
1403 -0.175826 
1404 -0.444069 
1405 -0.444069 
1406 -0.444069 
1407 -0.444069 
1408 0.230914 
1409 0.230914 
1410 0.230914 
1411 -0.444069 
1412 0.138183 
1413 0.138183 
1414 0.183904 
1415 -0.345161 
1416 -0.345161 
1417 0.027564 
1418 0.138183 
1419 0.138183 
1420 0.138183 
1421 0.213494 
1422 -0.186205 
1423 0.407207 
1424 0.407207 
1425 0.485448 
1426 0.485448 
1427 0.485448 
1428 0.485448 
1429 0.407207 
1430 0.407207 
1431 -0.175734 
1432 0.183904 
1433 -0.033542 
1434 -0.175734 
1435 0.485448 
1436 0.485448 
1437 -0.033542 
1438 -0.033542 
1439 0.472111 
1440 0.377012 
1441 0.485448 
1442 0.485448 
1443 0.485448 
1444 0.485448 
1445 -0.136950 
1446 0.419520 
1447 0.306294 
1448 -0.175734 
1449 -0.175713 
1450 -0.175713 
1451 -0.175713 
1452 -0.175713 
1453 -0.175713 
1454 -0.136950 
1455 0.407207 
1456 0.407207 
1457 -0.136950 
1458 -0.262329 
1459 0.233943 
1460 -0.262329 
1461 -0.262329 
1462 -0.262329 
1463 -0.175826 
1464 -0.175826 
1465 -0.262329 
1466 -0.373628 
1467 -0.077882 
1468 -0.262329 
1469 -0.123672 
1470 -0.427113 
1471 -0.077882 
1472 -0.482784 
1473 -0.298591 
1474 -0.123672 
1475 -0.298591 
1476 -0.298591 
1477 0.247124 
1478 0.247124 
1479 0.247124 
1480 0.247124 
1481 -0.478399 
1482 -0.186205 
1483 0.142203 
1484 0.377012 
1485 0.377012 
1486 -0.478399 
1487 -0.150383 
1488 -0.310325 
1489 0.377012 
1490 0.377012 
1491 -0.123672 
1492 0.377012 
1493 -0.123672 
1494 0.233943 
1495 -0.033542 
1496 0.306294 
1497 0.306294 
1498 -0.033542 
1499 -0.033542 
1500 0.306294 
1501 0.306294 
1502 0.172190 
1503 0.172190 
1504 0.377012 
1505 0.377012 
1506 -0.033542 
1507 0.172190 
1508 0.377012 
1509 0.377012 
1510 0.419520 
1511 0.377012 
1512 0.419520 
1513 0.419520 
1514 0.419520 
1515 0.419520 
1516 0.419520 
1517 0.419520 
1518 -0.262329 
1519 -0.310325 
1520 -0.310325 
1521 0.322297 
1522 -0.213885 
1523 -0.310325 
1524 -0.310325 
1525 -0.310325 
1526 -0.213885 
1527 -0.213885 
1528 0.476715 
1529 -0.213885 
1530 -0.213885 
1531 -0.213885 
1532 -0.213885 
1533 0.439577 
1534 -0.213885 
1535 0.439577 
1536 0.323252 
1537 0.323252 
1538 0.323252 
1539 0.323252 
1540 0.323252 
1541 -0.129054 
1542 -0.129054 
1543 0.323252 
1544 0.377012 
1545 -0.444069 
1546 0.377012 
1547 0.377012 
1548 0.377012 
1549 -0.129054 
1550 -0.310325 
1551 0.377012 
1552 -0.478399 
1553 -0.478399 
1554 -0.478399 
1555 -0.478399 
1556 0.142203 
1557 -0.186205 
1558 -0.186205 
1559 -0.034326 
1560 -0.186205 
1561 0.142203 
1562 -0.345161 
1563 -0.345161 
1564 -0.405287 
1565 0.377012 
1566 -0.345161 
1567 -0.444069 
1568 0.472111 
1569 -0.345161 
1570 0.142203 
1571 -0.388383 
1572 -0.388383 
1573 -0.312649 
1574 0.172190 
1575 0.472111 
1576 0.083244 
1577 0.083244 
1578 0.083244 
1579 -0.388383 
1580 -0.388383 
1581 -0.388383 
1582 0.083244 
1583 -0.262329 
1584 0.485448 
1585 -0.444069 
1586 0.306294 
1587 0.197824 
1588 0.142203 
1589 0.306294 
1590 0.306294 
1591 -0.034326 
1592 0.247124 
1593 0.247124 
1594 0.306294 
1595 0.322297 
1596 -0.310325 
1597 -0.310325 
1598 -0.310325 
1599 -0.310325 
1600 -0.482784 
1601 -0.478399 
1602 0.038395 
1603 0.322297 
1604 -0.209471 
1605 -0.380108 
1606 -0.380108 
1607 -0.213885 
1608 -0.388383 
1609 -0.213885 
1610 -0.213885 
1611 -0.213885 
1612 0.322297 
1613 0.306294 
1614 0.322297 
1615 0.401184 
1616 -0.213885 
1617 -0.388383 
1618 0.439577 
1619 -0.034326 
1620 0.439577 
1621 0.439577 
1622 0.439577 
1623 -0.388383 
1624 0.240022 
1625 0.240022 
1626 0.399555 
1627 -0.380108 
1628 0.439577 
1629 -0.213885 
1630 0.399555 
1631 0.399555 
1632 -0.498998 
1633 -0.498998 
1634 0.472111 
1635 0.472111 
1636 -0.034326 
1637 -0.034326 
1638 -0.034326 
1639 -0.034326 
1640 0.230914 
1641 0.052665 
1642 0.247124 
1643 -0.345161 
1644 -0.103334 
1645 -0.298591 
1646 0.227399 
1647 0.227399 
1648 0.227399 
1649 0.083244 
1650 -0.345161 
1651 -0.345161 
1652 -0.345161 
1653 0.083244 
1654 0.083244 
1655 -0.154795 
1656 0.472111 
1657 0.472111 
1658 0.247124 
1659 -0.345161 
1660 0.247124 
1661 0.247124 
1662 0.197824 
1663 0.197824 
1664 -0.170213 
1665 0.197824 
1666 -0.175734 
1667 0.083596 
1668 0.052665 
1669 0.323252 
1670 0.052665 
1671 0.230914 
1672 0.230914 
1673 0.230914 
1674 0.417126 
1675 -0.298591 
1676 0.357494 
1677 0.240022 
1678 0.240022 
1679 0.362725 
1680 -0.298591 
1681 0.240022 
1682 -0.175734 
1683 0.240022 
1684 0.240022 
1685 -0.175734 
1686 -0.175734 
1687 -0.175734 
1688 -0.175734 
1689 0.240022 
1690 0.322297 
1691 0.038395 
1692 0.038395 
1693 0.038395 
1694 0.038395 
1695 0.038395 
1696 0.151960 
1697 0.038395 
1698 -0.220257 
1699 -0.220257 
1700 0.322297 
1701 0.240022 
1702 0.417126 
1703 0.247124 
1704 0.247124 
1705 -0.170092 
1706 -0.170092 
1707 -0.170092 
1708 0.322297 
1709 0.322297 
1710 -0.170092 
1711 -0.170092 
1712 -0.170092 
1713 -0.196643 
1714 -0.170092 
1715 0.027379 
1716 0.027379 
1717 -0.437472 
1718 -0.437472 
1719 -0.437472 
1720 -0.196643 
1721 0.027379 
1722 0.027379 
1723 0.027379 
1724 -0.138071 
1725 -0.138071 
1726 0.080231 
1727 0.322297 
1728 -0.298860 
1729 0.377012 
1730 0.377012 
1731 0.377012 
1732 0.027379 
1733 0.476715 
1734 0.377012 
1735 -0.110835 
1736 -0.373628 
1737 -0.034326 
1738 -0.034326 
1739 -0.373628 
1740 -0.373628 
1741 0.407521 
1742 -0.088647 
1743 0.417126 
1744 -0.170092 
1745 0.417126 
1746 0.417126 
1747 -0.373628 
1748 0.395334 
1749 0.395334 
1750 -0.298591 
1751 0.179750 
1752 0.230914 
1753 0.083244 
1754 -0.498998 
1755 0.331486 
1756 -0.034326 
1757 -0.034326 
1758 -0.498998 
1759 -0.498998 
1760 0.331486 
1761 -0.291004 
1762 0.083596 
1763 0.083596 
1764 -0.034326 
1765 0.331486 
1766 0.331486 
1767 -0.270193 
1768 -0.190528 
1769 -0.312649 
1770 0.083596 
1771 0.083596 
1772 0.083596 
1773 0.362725 
1774 0.166782 
1775 0.362725 
1776 0.362725 
1777 0.080231 
1778 0.451300 
1779 -0.196549 
1780 -0.196549 
1781 0.357494 
1782 0.357494 
1783 -0.313319 
1784 -0.313319 
1785 -0.211257 
1786 -0.313319 
1787 0.183904 
1788 -0.012600 
1789 0.401184 
1790 0.401184 
1791 0.401184 
1792 -0.444069 
1793 -0.103334 
1794 0.172190 
1795 0.401184 
1796 0.183904 
1797 0.369157 
1798 0.233943 
1799 0.233943 
1800 0.233943 
1801 -0.123672 
1802 0.362725 
1803 0.080231 
1804 0.183904 
1805 -0.313319 
1806 0.362725 
1807 0.362725 
1808 -0.478399 
1809 -0.478399 
1810 0.485448 
1811 -0.037530 
1812 0.362725 
1813 0.362725 
1814 -0.390949 
1815 -0.037530 
1816 -0.037530 
1817 -0.037530 
1818 -0.037530 
1819 -0.037530 
1820 -0.298860 
1821 -0.088647 
1822 0.240022 
1823 -0.175713 
1824 0.407207 
1825 0.240022 
1826 -0.433093 
1827 -0.298591 
1828 -0.390949 
1829 -0.433093 
1830 -0.109306 
1831 -0.109306 
1832 -0.345161 
1833 -0.345161 
1834 -0.345161 
1835 0.151960 
1836 0.151960 
1837 0.052665 
1838 0.407207 
1839 0.485448 
1840 0.485448 
1841 0.485448 
1842 0.011932 
1843 0.485448 
1844 -0.388383 
1845 -0.388383 
1846 0.407207 
1847 0.407207 
1848 0.377012 
1849 -0.388383 
1850 0.377012 
1851 -0.196643 
1852 0.151960 
1853 0.151960 
1854 0.151960 
1855 0.322297 
1856 0.322297 
1857 -0.345161 
1858 -0.345161 
1859 -0.345161 
1860 0.322297 
1861 0.322297 
1862 0.322297 
1863 -0.220257 
1864 -0.380108 
1865 0.439577 
1866 -0.380108 
1867 0.448687 
1868 0.439577 
1869 -0.380108 
1870 0.439577 
1871 -0.345161 
1872 0.227399 
1873 0.322297 
1874 0.439577 
1875 -0.170213 
1876 0.439577 
1877 0.022906 
1878 -0.345161 
1879 -0.037530 
1880 0.306294 
1881 -0.209471 
1882 0.306294 
1883 -0.138071 
1884 -0.138071 
1885 0.407207 
1886 0.407207 
1887 0.407207 
1888 -0.034326 
1889 -0.034326 
1890 -0.034326 
1891 -0.034326 
1892 0.472111 
1893 0.472111 
1894 -0.034326 
1895 0.038395 
1896 0.038395 
1897 0.472111 
1898 0.472111 
1899 -0.170213 
1900 0.260368 
1901 -0.170213 
1902 -0.034326 
1903 -0.170213 
1904 0.038395 
1905 0.038395 
1906 0.038395 
1907 0.439577 
1908 0.439577 
1909 0.472111 
1910 -0.291004 
1911 0.038395 
1912 0.038395 
1913 0.038395 
1914 0.038395 
1915 -0.408777 
1916 -0.291004 
1917 -0.437198 
1918 -0.291004 
1919 -0.437198 
1920 -0.437198 
1921 -0.437198 
1922 -0.437198 
1923 -0.437198 
1924 -0.437198 
1925 0.439577 
1926 -0.437198 
1927 -0.437198 
1928 -0.123672 
1929 -0.270193 
1930 -0.123672 
1931 -0.033542 
1932 0.038395 
1933 0.038395 
1934 -0.033542 
1935 -0.033542 
1936 -0.033542 
1937 -0.033542 
1938 0.439577 
1939 -0.033542 
1940 -0.033542 
1941 0.038395 
1942 0.439577 
1943 0.439577 
1944 -0.109306 
1945 0.323252 
1946 0.023807 
1947 0.023807 
1948 -0.270193 
1949 -0.270193 
1950 0.138183 
1951 0.138183 
1952 0.323252 
1953 0.011932 
1954 0.247124 
1955 0.011932 
1956 0.323252 
1957 0.417126 
1958 0.240022 
1959 0.240022 
1960 -0.209471 
1961 -0.298591 
1962 -0.298591 
1963 -0.298591 
1964 0.011932 
1965 -0.298591 
1966 -0.298591 
1967 0.476715 
1968 -0.138071 
1969 -0.298591 
1970 -0.373628 
1971 -0.213885 
1972 -0.213885 
1973 -0.213885 
1974 0.399555 
1975 -0.213885 
1976 -0.220257 
1977 -0.138071 
1978 -0.373628 
1979 0.023807 
1980 -0.138071 
1981 -0.220257 
1982 -0.220257 
1983 -0.220257 
1984 -0.220257 
1985 -0.291004 
1986 -0.220257 
1987 -0.220257 
1988 0.083596 
1989 -0.437472 
1990 -0.437472 
1991 0.083596 
1992 0.083596 
1993 -0.276284 
1994 0.476715 
1995 0.476715 
1996 0.476715 
1997 -0.373628 
1998 0.023807 
1999 0.152487 
2000 -0.138071 
2001 -0.138071 
2002 0.395334 
2003 0.247124 
2004 0.395334 
2005 0.465365 
2006 0.247124 
2007 0.247124 
2008 0.083596 
2009 0.247124 
2010 0.247124 
2011 0.213494 
2012 0.417126 
2013 0.417126 
2014 0.417126 
2015 0.417126 
2016 0.417126 
2017 -0.129054 
2018 0.417126 
2019 0.417126 
2020 0.417126 
2021 -0.190528 
2022 0.417126 
2023 -0.110835 
2024 -0.110835 
2025 -0.110835 
2026 -0.110835 
2027 0.230914 
2028 0.230914 
2029 -0.190528 
2030 -0.196549 
2031 -0.190528 
2032 -0.298591 
2033 -0.390949 
2034 -0.390949 
2035 0.230914 
2036 -0.390949 
2037 -0.110835 
2038 -0.390949 
2039 -0.209471 
2040 -0.150383 
2041 -0.110835 
2042 -0.110835 
2043 -0.390949 
2044 0.399555 
2045 -0.150383 
2046 -0.150383 
2047 -0.150383 
