2395 1
1039 0.493359 
1945 0.493359 
1946 0.493359 
1743 0.493359 
1234 0.493359 
262 0.493359 
2220 0.493359 
1578 0.493359 
501 0.493359 
759 0.493359 
1480 0.493359 
1479 0.493359 
1444 0.486074 
1118 0.486074 
952 0.486074 
863 0.486074 
1443 0.486074 
3 0.486074 
663 0.486074 
105 0.470790 
196 0.470790 
149 0.470790 
666 0.470790 
99 0.470790 
242 0.470790 
140 0.470790 
284 0.470790 
665 0.470790 
749 0.470790 
117 0.470790 
100 0.470790 
1744 0.454915 
1809 0.454915 
1810 0.454915 
2373 0.454915 
2374 0.454915 
1814 0.454915 
1785 0.454915 
609 0.454915 
70 0.454915 
1346 0.454915 
193 0.454915 
185 0.454915 
183 0.454915 
84 0.454915 
181 0.454915 
180 0.454915 
176 0.454915 
175 0.454915 
172 0.454915 
2348 0.454915 
2347 0.454915 
171 0.454915 
161 0.454915 
2393 0.454915 
786 0.454915 
26 0.454915 
27 0.454915 
803 0.454915 
804 0.454915 
808 0.454915 
530 0.454915 
852 0.454915 
1615 0.454915 
1616 0.454915 
634 0.454915 
633 0.454915 
1574 0.454915 
2224 0.454915 
2223 0.454915 
616 0.454915 
2141 0.454915 
1974 0.454915 
1973 0.454915 
2142 0.454915 
619 0.454915 
1936 0.434172 
2054 0.434172 
1434 0.434172 
134 0.434172 
739 0.434172 
738 0.434172 
2124 0.434172 
735 0.434172 
1381 0.434172 
1382 0.434172 
1385 0.434172 
2394 0.434172 
2123 0.434172 
864 0.434172 
1935 0.434172 
1095 0.434172 
1003 0.434172 
317 0.434172 
1131 0.434172 
1132 0.434172 
1971 0.434172 
272 0.434172 
383 0.434172 
869 0.434172 
2184 0.434172 
861 0.434172 
446 0.434172 
2326 0.434172 
2329 0.434172 
1762 0.434172 
2330 0.434172 
1761 0.434172 
197 0.434172 
455 0.434172 
463 0.434172 
1625 0.434172 
1624 0.434172 
2391 0.434172 
1588 0.434172 
1622 0.434172 
1621 0.434172 
1587 0.434172 
101 0.434172 
1694 0.434172 
536 0.433447 
816 0.433447 
535 0.433447 
526 0.433447 
1975 0.433447 
400 0.433447 
28 0.433447 
1494 0.433447 
1493 0.433447 
815 0.433447 
1623 0.433447 
1782 0.433447 
1273 0.433447 
1274 0.433447 
902 0.377617 
1235 0.377617 
1230 0.377617 
471 0.377617 
1229 0.377617 
1529 0.377617 
1825 0.377617 
173 0.377617 
1826 0.377617 
430 0.377617 
1212 0.377617 
886 0.377617 
1766 0.377617 
384 0.377617 
1844 0.377617 
374 0.377617 
1335 0.377617 
210 0.377617 
2273 0.377617 
1877 0.377617 
2274 0.377617 
217 0.377617 
1878 0.377617 
314 0.377617 
2279 0.377617 
1763 0.377617 
806 0.377617 
2048 0.377617 
2047 0.377617 
144 0.377617 
767 0.377617 
1712 0.377617 
1726 0.377617 
1411 0.377617 
1412 0.377617 
1413 0.377617 
2145 0.377617 
1725 0.377617 
499 0.360714 
2229 0.360714 
2232 0.360714 
502 0.360714 
194 0.360714 
1511 0.360714 
1512 0.360714 
1347 0.360714 
503 0.360714 
2078 0.360714 
712 0.360714 
1334 0.360714 
1333 0.360714 
352 0.360714 
1051 0.360714 
2002 0.360714 
1644 0.360714 
553 0.360714 
1275 0.360714 
10 0.360714 
1384 0.360714 
1272 0.360714 
1820 0.360714 
2001 0.360714 
1170 0.360714 
1819 0.360714 
402 0.360714 
401 0.360714 
1167 0.360714 
96 0.360714 
1094 0.357784 
315 0.357784 
901 0.357784 
1693 0.357784 
1874 0.357784 
1093 0.357784 
1775 0.351405 
1115 0.351405 
1305 0.351405 
584 0.351405 
1778 0.351405 
2073 0.351405 
281 0.351405 
308 0.351405 
1306 0.351405 
2074 0.351405 
581 0.351405 
1849 0.351405 
1850 0.351405 
1296 0.351405 
817 0.351405 
1293 0.351405 
2236 0.351405 
460 0.351405 
457 0.351405 
1470 0.351405 
1469 0.351405 
2388 0.351405 
30 0.351405 
2387 0.351405 
826 0.351405 
179 0.351405 
411 0.351405 
406 0.351405 
788 0.351405 
825 0.351405 
787 0.351405 
2239 0.351405 
2240 0.351405 
2251 0.351405 
1692 0.351405 
31 0.351405 
2057 0.351405 
163 0.351405 
818 0.351405 
53 0.351405 
2058 0.351405 
538 0.351405 
326 0.351405 
1453 0.347261 
480 0.347261 
701 0.347261 
1163 0.347261 
985 0.347261 
986 0.347261 
1024 0.347261 
1893 0.347261 
1549 0.347261 
1713 0.347261 
1454 0.347261 
1714 0.347261 
1938 0.343985 
1991 0.343985 
926 0.343985 
2164 0.343985 
664 0.343985 
2163 0.343985 
2249 0.343985 
980 0.343985 
651 0.343985 
2162 0.343985 
2161 0.343985 
1942 0.343985 
1992 0.343985 
1937 0.343985 
337 0.343985 
225 0.343985 
1134 0.343985 
1137 0.343985 
1146 0.343985 
629 0.343985 
845 0.343985 
763 0.343985 
764 0.343985 
1646 0.343985 
1645 0.343985 
150 0.343985 
98 0.343985 
807 0.343985 
2357 0.343985 
1376 0.343985 
1375 0.343985 
259 0.343985 
92 0.343985 
174 0.343985 
2358 0.343985 
2091 0.343985 
2092 0.343985 
670 0.343985 
668 0.343985 
667 0.343985 
189 0.343985 
1802 0.343985 
1805 0.343985 
1799 0.343985 
1804 0.343985 
527 0.323150 
1626 0.323150 
1500 0.323150 
541 0.323150 
1981 0.323150 
1290 0.323150 
1982 0.323150 
1499 0.323150 
1783 0.323150 
822 0.323150 
1476 0.319902 
1021 0.319902 
1209 0.319902 
1734 0.319902 
20 0.319902 
500 0.319902 
1475 0.319902 
758 0.319902 
1572 0.319902 
1944 0.319902 
2023 0.319902 
145 0.319902 
1943 0.319902 
757 0.319902 
903 0.311066 
216 0.311066 
599 0.311066 
904 0.311066 
798 0.309296 
1598 0.309296 
1341 0.309296 
361 0.309296 
363 0.309296 
905 0.309296 
412 0.309296 
1190 0.309296 
86 0.309296 
1835 0.309296 
2378 0.309296 
934 0.309296 
1755 0.309296 
1189 0.309296 
1836 0.309296 
821 0.309296 
1668 0.309296 
1667 0.309296 
1342 0.309296 
1756 0.309296 
879 0.309296 
126 0.309296 
1422 0.309296 
769 0.309296 
770 0.309296 
218 0.309296 
330 0.309296 
439 0.309296 
321 0.309296 
2020 0.309296 
433 0.309296 
2061 0.309296 
2377 0.309296 
2147 0.309296 
177 0.309296 
880 0.309296 
2207 0.309296 
2065 0.309296 
2208 0.309296 
1892 0.309296 
2064 0.309296 
231 0.309296 
2177 0.309296 
351 0.309296 
720 0.309296 
1219 0.309296 
1421 0.309296 
797 0.309296 
398 0.308016 
1349 0.308016 
1753 0.308016 
2226 0.308016 
2225 0.308016 
1843 0.308016 
1840 0.308016 
85 0.308016 
458 0.308016 
884 0.308016 
885 0.308016 
167 0.308016 
1415 0.308016 
470 0.308016 
638 0.308016 
1387 0.308016 
1788 0.308016 
1390 0.308016 
1787 0.308016 
598 0.308016 
1031 0.308016 
1032 0.308016 
597 0.308016 
1595 0.308016 
190 0.308016 
637 0.308016 
2353 0.308016 
1769 0.308016 
2150 0.308016 
1770 0.308016 
1596 0.308016 
2354 0.308016 
2149 0.308016 
809 0.308016 
1350 0.308016 
286 0.308016 
810 0.308016 
285 0.308016 
379 0.308016 
1979 0.308016 
1980 0.308016 
1617 0.308016 
1618 0.308016 
476 0.308016 
800 0.308016 
362 0.308016 
799 0.308016 
660 0.308016 
207 0.308016 
851 0.305388 
448 0.305388 
1368 0.305388 
848 0.305388 
2011 0.305388 
847 0.305388 
1373 0.305388 
737 0.305388 
1244 0.305388 
1374 0.305388 
133 0.305388 
732 0.305388 
731 0.305388 
132 0.305388 
116 0.305388 
563 0.305388 
2325 0.305388 
890 0.305388 
1066 0.305388 
1065 0.305388 
1860 0.305388 
1859 0.305388 
1689 0.305388 
2158 0.305388 
1367 0.305388 
212 0.305388 
1669 0.305388 
368 0.305388 
2093 0.305388 
1670 0.305388 
1521 0.305388 
1847 0.305388 
1848 0.305388 
1425 0.305388 
859 0.305388 
2202 0.305388 
860 0.305388 
2201 0.305388 
1243 0.305388 
698 0.305388 
697 0.305388 
2012 0.305388 
297 0.305388 
579 0.292436 
1309 0.292436 
2111 0.292436 
636 0.292436 
1675 0.292436 
1310 0.292436 
785 0.292436 
1674 0.292436 
1865 0.292436 
2291 0.292436 
1388 0.292436 
1089 0.292436 
2292 0.292436 
1533 0.292436 
1090 0.292436 
2345 0.292436 
438 0.292436 
872 0.292436 
432 0.292436 
459 0.292436 
421 0.292436 
842 0.292436 
841 0.292436 
1591 0.292436 
838 0.292436 
2027 0.292436 
420 0.292436 
419 0.292436 
111 0.292436 
686 0.292436 
82 0.292436 
188 0.292436 
2346 0.292436 
941 0.292436 
942 0.292436 
569 0.289996 
1437 0.289996 
618 0.289996 
617 0.289996 
2099 0.289996 
620 0.289996 
730 0.289996 
729 0.289996 
1575 0.289996 
728 0.289996 
744 0.289996 
727 0.289996 
1438 0.289996 
123 0.289996 
1004 0.289996 
453 0.289996 
868 0.289996 
2014 0.289996 
1527 0.289996 
2006 0.289996 
1361 0.289996 
2336 0.289996 
2335 0.289996 
1861 0.289996 
1960 0.289996 
1362 0.289996 
1862 0.289996 
75 0.289996 
1671 0.289996 
74 0.289996 
1672 0.289996 
1087 0.289996 
1088 0.289996 
56 0.289996 
2319 0.289996 
1543 0.289996 
270 0.289996 
1396 0.289996 
1377 0.289996 
263 0.289996 
1378 0.289996 
1709 0.280629 
752 0.280629 
1019 0.280629 
1022 0.280629 
142 0.280629 
534 0.280629 
1556 0.280629 
1395 0.280629 
55 0.280629 
2133 0.280629 
751 0.280629 
1869 0.280629 
1091 0.280629 
585 0.280629 
586 0.280629 
1710 0.280629 
2030 0.280629 
280 0.280629 
475 0.280629 
1721 0.280629 
1677 0.280629 
2383 0.280629 
557 0.280629 
873 0.280629 
44 0.280629 
1379 0.280629 
1678 0.280629 
1524 0.280629 
1380 0.280629 
1523 0.280629 
566 0.280629 
29 0.280629 
2384 0.280629 
820 0.276712 
1779 0.276712 
1780 0.276712 
624 0.276712 
1245 0.276712 
1246 0.276712 
892 0.276712 
781 0.276712 
782 0.276712 
1594 0.276712 
1613 0.276712 
1593 0.276712 
819 0.276712 
823 0.276712 
824 0.276712 
889 0.276712 
635 0.276712 
1614 0.276712 
1566 0.276712 
1565 0.276712 
1970 0.276712 
1969 0.276712 
656 0.276712 
1328 0.276712 
1327 0.276712 
2264 0.276712 
2343 0.276712 
168 0.276712 
2344 0.276712 
160 0.276712 
158 0.276712 
2205 0.276712 
2206 0.276712 
68 0.276712 
2221 0.276712 
2222 0.276712 
2392 0.276712 
2203 0.276712 
83 0.276712 
94 0.276712 
607 0.276712 
2140 0.276712 
390 0.276712 
608 0.276712 
2263 0.276712 
1043 0.275394 
1599 0.275394 
1261 0.275394 
1952 0.275394 
789 0.275394 
517 0.275394 
265 0.275394 
1484 0.275394 
1951 0.275394 
1483 0.275394 
1754 0.275394 
2231 0.275394 
589 0.273621 
891 0.273621 
1332 0.264243 
539 0.264243 
540 0.264243 
417 0.264243 
685 0.264243 
21 0.264243 
110 0.264243 
894 0.264243 
1331 0.264243 
223 0.264243 
431 0.264243 
1023 0.264243 
1068 0.264243 
1852 0.264243 
282 0.264243 
1348 0.264243 
278 0.264243 
1205 0.264243 
2290 0.264243 
450 0.264243 
2289 0.264243 
1851 0.264243 
520 0.264243 
1497 0.264243 
687 0.264243 
451 0.264243 
208 0.264243 
504 0.264243 
209 0.264243 
1462 0.264243 
143 0.264243 
1067 0.264243 
1026 0.264243 
2266 0.264243 
12 0.264243 
688 0.264243 
2288 0.238581 
1100 0.238581 
1515 0.238581 
299 0.238581 
1171 0.238581 
1172 0.238581 
1517 0.238581 
81 0.238581 
1904 0.238581 
1906 0.238581 
2033 0.238581 
1911 0.238581 
1071 0.238581 
2303 0.238581 
2304 0.238581 
1099 0.238581 
922 0.238581 
469 0.238581 
239 0.238581 
2026 0.238581 
1076 0.238581 
1075 0.238581 
1988 0.238581 
103 0.238581 
40 0.238581 
1631 0.238581 
1416 0.238581 
1435 0.238581 
1546 0.238581 
2157 0.238581 
558 0.238581 
673 0.238581 
680 0.238581 
1736 0.238581 
684 0.238581 
683 0.238581 
1735 0.238581 
1985 0.238581 
1436 0.238581 
921 0.238581 
630 0.238581 
1790 0.228021 
1795 0.228021 
87 0.228021 
1796 0.228021 
652 0.228021 
1602 0.228021 
104 0.228021 
2296 0.228021 
644 0.228021 
1600 0.228021 
961 0.228021 
93 0.228021 
1601 0.228021 
72 0.228021 
2302 0.228021 
674 0.228021 
591 0.228021 
1344 0.228021 
1343 0.228021 
59 0.228021 
1931 0.228021 
58 0.228021 
434 0.228021 
717 0.228021 
718 0.228021 
184 0.228021 
2301 0.228021 
124 0.228021 
837 0.228021 
832 0.228021 
592 0.228021 
594 0.228021 
1632 0.228021 
973 0.228021 
970 0.223036 
1695 0.223036 
135 0.223036 
1696 0.223036 
1446 0.223036 
962 0.223036 
1138 0.223036 
1445 0.223036 
669 0.223036 
883 0.220118 
394 0.215084 
1883 0.215084 
309 0.215084 
796 0.215084 
1210 0.215084 
795 0.215084 
1657 0.215084 
2260 0.215084 
2259 0.215084 
2258 0.215084 
2257 0.215084 
867 0.215084 
1081 0.215084 
1082 0.215084 
1655 0.215084 
1656 0.215084 
415 0.215084 
2040 0.215084 
1908 0.215084 
1905 0.215084 
948 0.215084 
947 0.215084 
939 0.215084 
1520 0.215084 
1519 0.215084 
2039 0.215084 
488 0.215084 
2104 0.215084 
699 0.215084 
700 0.215084 
5 0.215084 
166 0.215084 
1648 0.215084 
690 0.215084 
202 0.215084 
240 0.215084 
2103 0.215084 
1258 0.215084 
206 0.215084 
711 0.215084 
122 0.215084 
714 0.215084 
1259 0.215084 
112 0.215084 
853 0.214067 
2089 0.214067 
342 0.214067 
2090 0.214067 
550 0.214067 
854 0.214067 
843 0.214067 
849 0.214067 
452 0.214067 
844 0.214067 
114 0.214067 
571 0.214067 
1691 0.214067 
2143 0.214067 
2146 0.214067 
36 0.214067 
381 0.214067 
2117 0.214067 
2247 0.214067 
1708 0.214067 
572 0.214067 
692 0.214067 
570 0.214067 
2248 0.214067 
47 0.214067 
49 0.214067 
1707 0.214067 
1467 0.214067 
349 0.214067 
691 0.214067 
1145 0.214067 
1496 0.214067 
1233 0.214067 
1495 0.214067 
1232 0.214067 
1110 0.214067 
1109 0.214067 
734 0.214067 
80 0.214067 
733 0.214067 
323 0.214067 
325 0.214067 
1857 0.214067 
1528 0.214067 
1858 0.214067 
1159 0.214067 
48 0.206913 
932 0.206913 
227 0.206913 
662 0.206913 
1881 0.206913 
923 0.206913 
924 0.206913 
661 0.206913 
1827 0.206913 
1828 0.206913 
152 0.206913 
654 0.206913 
653 0.206913 
303 0.206913 
574 0.206913 
1405 0.206913 
2297 0.206913 
1658 0.206913 
1406 0.206913 
1729 0.206913 
927 0.206913 
127 0.206913 
928 0.206913 
931 0.206913 
1884 0.206913 
693 0.206913 
228 0.206913 
2194 0.206913 
1700 0.206913 
2193 0.206913 
1530 0.206913 
1699 0.206913 
1339 0.206913 
2312 0.206913 
2372 0.206913 
2371 0.206913 
694 0.206913 
1611 0.206913 
741 0.206913 
435 0.206913 
2015 0.206913 
2016 0.206913 
95 0.206913 
1414 0.201379 
253 0.201379 
2362 0.201379 
2361 0.201379 
156 0.201379 
2376 0.201379 
2375 0.201379 
1366 0.201379 
974 0.201379 
1365 0.201379 
186 0.201379 
1932 0.201379 
1791 0.201379 
1356 0.201379 
108 0.201379 
1640 0.201379 
1098 0.201379 
1831 0.201379 
1663 0.201379 
1355 0.201379 
1794 0.201379 
2352 0.201379 
1832 0.201379 
316 0.201379 
1664 0.201379 
2018 0.201379 
766 0.201379 
834 0.201379 
445 0.201379 
443 0.201379 
765 0.201379 
1643 0.201379 
856 0.201379 
855 0.201379 
462 0.201379 
2196 0.201379 
682 0.201379 
681 0.201379 
2017 0.201379 
1639 0.201379 
676 0.186563 
773 0.186563 
511 0.186563 
1654 0.186563 
2008 0.186563 
512 0.186563 
1340 0.186563 
1358 0.186563 
2 0.186563 
1357 0.186563 
1653 0.186563 
2298 0.186563 
1818 0.186563 
1817 0.186563 
436 0.186563 
725 0.186563 
2315 0.186563 
740 0.186563 
2366 0.186563 
726 0.186563 
57 0.186563 
1548 0.186563 
1547 0.186563 
1270 0.186563 
1277 0.186563 
1278 0.186563 
1570 0.186563 
486 0.186563 
590 0.186563 
483 0.186563 
302 0.186563 
2235 0.186563 
2192 0.186563 
73 0.186563 
506 0.186563 
1571 0.186563 
1402 0.186563 
1401 0.186563 
2028 0.186563 
2228 0.186563 
2191 0.186563 
2025 0.186563 
2007 0.186563 
675 0.186563 
153 0.186563 
775 0.186563 
774 0.186563 
136 0.186563 
399 0.186563 
1919 0.181331 
1912 0.181331 
353 0.181331 
2306 0.181331 
354 0.181331 
473 0.181331 
1920 0.181331 
1909 0.181331 
1915 0.181331 
2305 0.181331 
1223 0.181331 
1916 0.181331 
1141 0.181331 
348 0.181331 
301 0.181331 
264 0.181331 
1224 0.181331 
1069 0.181331 
1221 0.181331 
300 0.181331 
2295 0.181331 
1676 0.181331 
1192 0.181331 
1191 0.181331 
1072 0.181331 
1910 0.181331 
1070 0.181331 
2174 0.181331 
1562 0.181331 
1561 0.181331 
1665 0.181331 
707 0.181331 
958 0.181331 
957 0.181331 
2109 0.181331 
2110 0.181331 
1738 0.181331 
991 0.181331 
1737 0.181331 
994 0.181331 
936 0.181331 
392 0.181331 
2173 0.181331 
935 0.181331 
121 0.181331 
243 0.181331 
1426 0.181331 
1673 0.181331 
2367 0.171058 
2195 0.171058 
414 0.171058 
2267 0.171058 
1187 0.171058 
1188 0.171058 
2130 0.171058 
2334 0.171058 
2333 0.171058 
1012 0.171058 
2198 0.171058 
291 0.171058 
1369 0.171058 
1370 0.171058 
367 0.171058 
2129 0.171058 
1638 0.171058 
1637 0.171058 
2182 0.171058 
2156 0.171058 
109 0.171058 
2151 0.171058 
1592 0.171058 
1641 0.171058 
2255 0.171058 
1768 0.171058 
2256 0.171058 
1238 0.171058 
1237 0.171058 
1193 0.171058 
261 0.171058 
2067 0.171058 
2179 0.171058 
1767 0.171058 
1222 0.171058 
1298 0.171058 
984 0.171058 
1198 0.171058 
276 0.171058 
364 0.171058 
275 0.171058 
983 0.171058 
1044 0.171058 
1047 0.171058 
1009 0.171058 
1297 0.171058 
1896 0.157155 
1552 0.157155 
1025 0.157155 
9 0.157155 
1716 0.157155 
1456 0.157155 
481 0.157155 
704 0.157155 
1455 0.157155 
1168 0.157155 
1715 0.157155 
988 0.157155 
987 0.157155 
1633 0.150928 
1987 0.150928 
548 0.150928 
1800 0.150928 
1506 0.150928 
1505 0.150928 
1299 0.150928 
490 0.150928 
648 0.150928 
547 0.150928 
2063 0.150928 
489 0.150928 
34 0.150928 
1035 0.144222 
244 0.144222 
2310 0.144222 
2309 0.144222 
1016 0.144222 
1612 0.144222 
1248 0.144222 
1242 0.144222 
1241 0.144222 
237 0.144222 
437 0.144222 
2300 0.144222 
277 0.144222 
287 0.144222 
1085 0.144222 
1879 0.144222 
1880 0.144222 
1972 0.144222 
1727 0.144222 
1728 0.144222 
389 0.144222 
388 0.144222 
382 0.144222 
946 0.144222 
953 0.144222 
954 0.144222 
2190 0.144222 
2102 0.144222 
2101 0.144222 
1364 0.144222 
1363 0.144222 
1352 0.144222 
1351 0.144222 
2253 0.144222 
2254 0.144222 
1130 0.144222 
1129 0.144222 
1120 0.144222 
313 0.144222 
1116 0.144222 
2189 0.144222 
312 0.144222 
1092 0.144222 
1119 0.144222 
2187 0.144222 
1518 0.144222 
2044 0.144222 
2043 0.144222 
1747 0.102088 
1250 0.102088 
1748 0.102088 
865 0.102088 
1249 0.102088 
1200 0.102088 
199 0.102088 
521 0.102088 
2323 0.102088 
1231 0.102088 
2321 0.102088 
1968 0.102088 
1240 0.102088 
1060 0.102088 
1967 0.102088 
1239 0.102088 
1236 0.102088 
1199 0.102088 
1925 0.102088 
1576 0.102088 
1573 0.102088 
871 0.102088 
22 0.102088 
1585 0.102088 
710 0.102088 
1577 0.102088 
709 0.102088 
2122 0.102088 
2121 0.102088 
385 0.102088 
1823 0.102088 
1586 0.102088 
2181 0.102088 
874 0.102088 
705 0.102088 
1000 0.102088 
76 0.102088 
524 0.102088 
268 0.102088 
2324 0.102088 
997 0.102088 
866 0.102088 
1926 0.102088 
971 0.100808 
1540 0.100808 
1701 0.100808 
963 0.100808 
1702 0.100808 
672 0.100808 
1447 0.100808 
671 0.100808 
1448 0.100808 
102 0.100808 
1153 0.100808 
1539 0.100808 
1781 0.098745 
13 0.098745 
531 0.098745 
532 0.098745 
537 0.098745 
2076 0.098745 
7 0.098745 
15 0.098745 
1784 0.098745 
234 0.098745 
2380 0.098745 
328 0.098745 
756 0.098745 
1776 0.098745 
642 0.098745 
2379 0.098745 
151 0.098745 
2024 0.098745 
146 0.098745 
2036 0.098745 
777 0.098745 
2029 0.098745 
778 0.098745 
508 0.098745 
203 0.098745 
641 0.098745 
943 0.098745 
2035 0.098745 
505 0.098745 
298 0.098745 
492 0.098745 
1432 0.098745 
1683 0.098745 
1064 0.098745 
97 0.098745 
178 0.098745 
772 0.098745 
2077 0.098745 
2218 0.098745 
2217 0.098745 
771 0.098745 
1839 0.098745 
1201 0.098745 
2021 0.098745 
552 0.087047 
2219 0.087047 
2075 0.087047 
551 0.087047 
6 0.087047 
113 0.087047 
2171 0.087047 
1999 0.087047 
2000 0.087047 
1372 0.087047 
375 0.087047 
107 0.087047 
2172 0.087047 
1642 0.087047 
493 0.087047 
1813 0.087047 
510 0.087047 
35 0.087047 
509 0.087047 
18 0.087047 
17 0.087047 
1509 0.087047 
1510 0.087047 
1213 0.087047 
1262 0.087047 
494 0.087047 
1267 0.087047 
1263 0.075286 
4 0.075286 
522 0.075286 
1963 0.075286 
1606 0.075286 
487 0.075286 
1046 0.075286 
1045 0.075286 
290 0.075286 
1485 0.075286 
1605 0.075286 
25 0.075286 
1758 0.075286 
1486 0.075286 
397 0.075286 
812 0.075286 
1264 0.075286 
1041 0.071447 
1042 0.071447 
761 0.071447 
1481 0.071447 
516 0.071447 
762 0.071447 
1482 0.071447 
1949 0.071447 
1749 0.071447 
1597 0.071447 
289 0.071447 
147 0.071447 
1950 0.071447 
1260 0.071447 
1750 0.071447 
2230 0.071447 
23 0.071447 
491 0.070249 
1507 0.070249 
1636 0.070249 
1997 0.070249 
1998 0.070249 
1336 0.070249 
649 0.070249 
549 0.070249 
1934 0.070249 
1508 0.070249 
1801 0.070249 
1947 0.070249 
2066 0.070249 
254 0.070249 
1948 0.070249 
990 0.070249 
989 0.070249 
1013 0.066916 
1322 0.066916 
1002 0.066916 
41 0.066916 
1538 0.066916 
2271 0.066916 
1537 0.066916 
559 0.066916 
560 0.066916 
565 0.066916 
918 0.066916 
568 0.066916 
46 0.066916 
1786 0.066916 
468 0.066916 
1789 0.066916 
2293 0.066916 
2368 0.066916 
831 0.066916 
830 0.066916 
2294 0.066916 
296 0.066916 
2155 0.066916 
1014 0.066916 
917 0.066916 
1732 0.066916 
1731 0.066916 
2369 0.066916 
2285 0.066916 
1907 0.066916 
827 0.066916 
249 0.066916 
1037 0.066916 
422 0.066916 
1033 0.066916 
1902 0.066916 
1034 0.066916 
1313 0.066916 
1901 0.066916 
1314 0.066916 
968 0.066916 
271 0.066916 
1038 0.066916 
1321 0.066916 
2365 0.066916 
182 0.066916 
1001 0.066916 
2050 0.039982 
828 0.039982 
2049 0.039982 
1627 0.039982 
1984 0.039982 
1983 0.039982 
1502 0.039982 
582 0.039982 
1501 0.039982 
32 0.039982 
1792 0.039982 
283 0.039982 
1294 0.039982 
1628 0.039982 
544 0.039982 
543 0.039982 
1175 0.029038 
357 0.029038 
356 0.029038 
1179 0.029038 
1176 0.029038 
428 0.029038 
1542 0.012674 
679 0.012674 
967 0.012674 
1703 0.012674 
992 0.012674 
1888 0.012674 
1449 0.012674 
1450 0.012674 
1704 0.012674 
54 0.012674 
1157 0.012674 
1541 0.012674 
138 0.012674 
993 0.009185 
1711 0.009185 
1889 0.009185 
1162 0.009185 
1544 0.009185 
1451 0.009185 
981 0.009185 
689 0.009185 
1452 0.009185 
8 -0.000252 
1282 -0.000252 
1184 -0.000252 
355 -0.000252 
495 -0.000252 
42 -0.000252 
1281 -0.000252 
2139 -0.000252 
345 -0.000252 
1174 -0.000252 
407 -0.000252 
561 -0.000252 
1183 -0.000252 
2112 -0.000252 
1154 -0.000252 
1177 -0.000252 
250 -0.000252 
498 -0.000252 
1125 -0.002170 
200 -0.002170 
378 -0.002170 
1386 -0.002170 
1383 -0.002170 
703 -0.002170 
706 -0.002170 
1126 -0.002170 
2005 -0.002170 
2341 -0.002170 
1864 -0.002170 
292 -0.002170 
1954 -0.002170 
715 -0.002170 
716 -0.002170 
2013 -0.002170 
215 -0.002170 
1824 -0.002170 
1220 -0.002170 
2178 -0.002170 
456 -0.002170 
266 -0.002170 
1394 -0.002170 
119 -0.002170 
1048 -0.002170 
1953 -0.002170 
996 -0.002170 
334 -0.002170 
995 -0.002170 
1393 -0.002170 
755 -0.049005 
2022 -0.049005 
1473 -0.049005 
1474 -0.049005 
1730 -0.049005 
497 -0.049005 
1015 -0.049005 
1941 -0.049005 
1204 -0.049005 
1569 -0.049005 
474 -0.051588 
467 -0.051588 
466 -0.051588 
256 -0.051588 
257 -0.051588 
260 -0.051588 
339 -0.051588 
2211 -0.051588 
2381 -0.051588 
978 -0.051588 
977 -0.051588 
1961 -0.051588 
1962 -0.051588 
2382 -0.051588 
1409 -0.051588 
1472 -0.051588 
1471 -0.051588 
2342 -0.051588 
1468 -0.051588 
2166 -0.051588 
2165 -0.051588 
1403 -0.051588 
1404 -0.051588 
477 -0.051588 
131 -0.051588 
1423 -0.051588 
1424 -0.051588 
1429 -0.051588 
1430 -0.051588 
2137 -0.051588 
2138 -0.051588 
529 -0.051588 
1487 -0.051588 
19 -0.051588 
1488 -0.051588 
1324 -0.051588 
1609 -0.051588 
1610 -0.051588 
1777 -0.051588 
514 -0.051588 
513 -0.051588 
16 -0.051588 
912 -0.101000 
623 -0.101000 
1956 -0.107684 
999 -0.107684 
1955 -0.107684 
1957 -0.107684 
1649 -0.107684 
887 -0.107684 
631 -0.107684 
632 -0.107684 
2360 -0.107684 
982 -0.107684 
979 -0.107684 
442 -0.107684 
1958 -0.107684 
2246 -0.107684 
2245 -0.107684 
2167 -0.107684 
2168 -0.107684 
380 -0.107684 
440 -0.107684 
1993 -0.107684 
1994 -0.107684 
1650 -0.107684 
888 -0.107684 
1319 -0.107684 
2313 -0.107684 
1894 -0.107684 
2314 -0.107684 
1895 -0.107684 
1398 -0.107684 
1036 -0.107684 
1807 -0.107684 
2268 -0.107684 
233 -0.107684 
1873 -0.107684 
1808 -0.107684 
2322 -0.107684 
1320 -0.107684 
288 -0.107684 
1846 -0.107684 
1845 -0.107684 
1397 -0.107684 
1225 -0.107684 
1329 -0.107684 
1226 -0.107684 
267 -0.107684 
2359 -0.107684 
211 -0.107684 
258 -0.107684 
780 -0.113159 
2351 -0.113159 
2188 -0.113159 
2055 -0.113159 
2331 -0.113159 
779 -0.113159 
776 -0.113159 
232 -0.113159 
229 -0.113159 
1765 -0.113159 
221 -0.113159 
154 -0.113159 
2068 -0.113159 
157 -0.113159 
2071 -0.113159 
2332 -0.113159 
2072 -0.113159 
1590 -0.113159 
2127 -0.113159 
1635 -0.113159 
1077 -0.113159 
1634 -0.113159 
1078 -0.113159 
1079 -0.113159 
2128 -0.113159 
1080 -0.113159 
1939 -0.113159 
1086 -0.113159 
1940 -0.113159 
322 -0.113159 
1113 -0.113159 
1114 -0.113159 
930 -0.113159 
929 -0.113159 
920 -0.113159 
911 -0.113159 
106 -0.113159 
306 -0.113159 
1178 -0.113159 
1589 -0.113159 
24 -0.122563 
596 -0.122563 
120 -0.122563 
595 -0.122563 
129 -0.122563 
130 -0.122563 
573 -0.122563 
724 -0.122563 
1553 -0.122563 
1554 -0.122563 
52 -0.122563 
62 -0.122563 
1681 -0.122563 
1083 -0.122563 
1084 -0.122563 
370 -0.122563 
1684 -0.122563 
311 -0.122563 
310 -0.122563 
1202 -0.122563 
525 -0.122563 
528 -0.122563 
742 -0.122563 
723 -0.122563 
1197 -0.128427 
1929 -0.128427 
1930 -0.128427 
1722 -0.128427 
252 -0.128427 
496 -0.128427 
748 -0.128427 
1011 -0.128427 
1266 -0.128427 
1560 -0.128427 
1559 -0.128427 
1461 -0.128427 
1308 -0.163788 
1307 -0.163788 
542 -0.163788 
1292 -0.163788 
998 -0.163788 
1875 -0.163788 
1876 -0.163788 
454 -0.163788 
410 -0.163788 
187 -0.163788 
2338 -0.163788 
386 -0.163788 
2337 -0.163788 
2250 -0.163788 
2252 -0.163788 
2265 -0.163788 
1096 -0.163788 
318 -0.163788 
1498 -0.163788 
1724 -0.163788 
1723 -0.163788 
219 -0.163788 
269 -0.163788 
71 -0.163788 
906 -0.163788 
33 -0.163788 
896 -0.163788 
895 -0.163788 
833 -0.163788 
2053 -0.163788 
2056 -0.163788 
610 -0.163788 
1863 -0.163788 
1579 -0.163788 
1568 -0.163788 
2098 -0.163788 
1866 -0.163788 
621 -0.163788 
1563 -0.163788 
1564 -0.163788 
1567 -0.163788 
657 -0.163788 
658 -0.163788 
2097 -0.163788 
877 -0.174154 
485 -0.186305 
1007 -0.186305 
11 -0.186305 
1173 -0.186305 
1460 -0.186305 
1459 -0.186305 
1719 -0.186305 
1720 -0.186305 
722 -0.186305 
721 -0.186305 
1217 -0.186305 
1927 -0.186305 
1928 -0.186305 
125 -0.186305 
1557 -0.186305 
1558 -0.186305 
1054 -0.190537 
391 -0.190537 
1389 -0.190537 
713 -0.190537 
1053 -0.190537 
1247 -0.190537 
2003 -0.190537 
198 -0.190537 
1821 -0.190537 
1514 -0.190537 
344 -0.190537 
1513 -0.190537 
1822 -0.190537 
1150 -0.190537 
555 -0.190537 
1312 -0.190537 
829 -0.190537 
37 -0.190537 
1302 -0.190537 
1647 -0.190537 
1301 -0.190537 
910 -0.190537 
556 -0.190537 
220 -0.190537 
293 -0.190537 
2004 -0.190537 
1311 -0.190537 
913 -0.190537 
914 -0.190537 
1872 -0.236368 
1545 -0.236368 
1526 -0.236368 
427 -0.236368 
1661 -0.236368 
567 -0.236368 
1662 -0.236368 
1666 -0.236368 
564 -0.236368 
1682 -0.236368 
2136 -0.236368 
137 -0.236368 
1680 -0.236368 
1679 -0.236368 
588 -0.236368 
155 -0.236368 
587 -0.236368 
1690 -0.236368 
2038 -0.236368 
213 -0.236368 
45 -0.236368 
320 -0.236368 
2281 -0.236368 
2280 -0.236368 
43 -0.236368 
881 -0.236368 
882 -0.236368 
1733 -0.236368 
746 -0.236368 
1522 -0.236368 
743 -0.236368 
1108 -0.236368 
1106 -0.236368 
708 -0.236368 
1105 -0.236368 
1687 -0.236368 
128 -0.236368 
1525 -0.236368 
248 -0.239847 
141 -0.239847 
760 -0.239847 
915 -0.239847 
916 -0.239847 
647 -0.239847 
650 -0.239847 
919 -0.239847 
90 -0.239847 
148 -0.239847 
214 -0.239847 
224 -0.239847 
1056 -0.242723 
811 -0.242723 
1745 -0.242723 
279 -0.242723 
79 -0.242723 
1583 -0.242723 
1392 -0.242723 
1933 -0.242723 
1059 -0.242723 
65 -0.242723 
1400 -0.242723 
1922 -0.242723 
1921 -0.242723 
870 -0.242723 
201 -0.242723 
768 -0.242723 
1584 -0.242723 
1433 -0.242723 
814 -0.242723 
801 -0.242723 
802 -0.242723 
295 -0.242723 
626 -0.242723 
1977 -0.242723 
2180 -0.242723 
170 -0.242723 
2311 -0.242723 
2349 -0.242723 
1978 -0.242723 
1976 -0.242723 
2316 -0.242723 
478 -0.242723 
625 -0.242723 
2120 -0.242723 
2350 -0.242723 
1020 -0.242723 
461 -0.242723 
1759 -0.242723 
1049 -0.242723 
1050 -0.242723 
1055 -0.242723 
1391 -0.242723 
1005 -0.252125 
1169 -0.252125 
1718 -0.252125 
1717 -0.252125 
1458 -0.252125 
1457 -0.252125 
1898 -0.252125 
1216 -0.252125 
719 -0.252125 
484 -0.252125 
1555 -0.252125 
1897 -0.255607 
1128 -0.255607 
1854 -0.255607 
1903 -0.255607 
940 -0.255607 
1018 -0.255607 
1017 -0.255607 
1900 -0.255607 
945 -0.255607 
1122 -0.255607 
1121 -0.255607 
329 -0.255607 
1318 -0.255607 
465 -0.255607 
1330 -0.255607 
464 -0.255607 
423 -0.255607 
413 -0.255607 
409 -0.255607 
2241 -0.255607 
2242 -0.255607 
358 -0.255607 
333 -0.255607 
836 -0.255607 
2275 -0.255607 
2276 -0.255607 
235 -0.255607 
1477 -0.255607 
1478 -0.255607 
1698 -0.255607 
1697 -0.255607 
64 -0.255607 
2389 -0.255607 
2390 -0.255607 
600 -0.255607 
2079 -0.255607 
2060 -0.255607 
2080 -0.255607 
2087 -0.255607 
2131 -0.255607 
2134 -0.255607 
1317 -0.255607 
2135 -0.255607 
2059 -0.255607 
1287 -0.255607 
1288 -0.255607 
1291 -0.255607 
835 -0.255607 
1300 -0.255607 
1853 -0.255607 
346 -0.278410 
2052 -0.278410 
2051 -0.278410 
1629 -0.278410 
1986 -0.278410 
360 -0.278410 
583 -0.278410 
416 -0.278410 
424 -0.278410 
546 -0.278410 
545 -0.278410 
1630 -0.278410 
1504 -0.278410 
1793 -0.278410 
1155 -0.278410 
1181 -0.278410 
1295 -0.278410 
1503 -0.278410 
1158 -0.278410 
236 -0.286171 
1028 -0.286171 
908 -0.286171 
907 -0.286171 
1040 -0.286171 
2108 -0.286171 
479 -0.286171 
241 -0.286171 
343 -0.286171 
441 -0.286171 
1027 -0.286171 
2107 -0.286171 
482 -0.286171 
640 -0.286171 
2284 -0.286171 
976 -0.286171 
975 -0.286171 
639 -0.286171 
2148 -0.286171 
964 -0.286171 
949 -0.286171 
950 -0.286171 
2282 -0.286171 
1746 -0.286171 
2032 -0.286171 
2037 -0.286171 
0 -0.286171 
304 -0.286171 
793 -0.286171 
790 -0.286171 
1531 -0.286171 
1830 -0.286171 
1829 -0.286171 
162 -0.286171 
255 -0.286171 
1751 -0.286171 
1752 -0.286171 
426 -0.286171 
1532 -0.286171 
1073 -0.286171 
1408 -0.364473 
893 -0.364473 
1418 -0.364473 
1581 -0.364473 
2299 -0.364473 
67 -0.364473 
1417 -0.364473 
1269 -0.364473 
1741 -0.364473 
69 -0.364473 
747 -0.364473 
2116 -0.364473 
1407 -0.364473 
750 -0.364473 
2115 -0.364473 
1214 -0.364473 
753 -0.364473 
2019 -0.364473 
1582 -0.364473 
754 -0.364473 
1268 -0.364473 
1265 -0.364473 
1913 -0.364473 
1061 -0.364473 
1062 -0.364473 
2308 -0.364473 
2307 -0.364473 
319 -0.364473 
1742 -0.364473 
1706 -0.364473 
1924 -0.364473 
1030 -0.364473 
1029 -0.364473 
1923 -0.364473 
1914 -0.364473 
324 -0.364473 
376 -0.364473 
1008 -0.364473 
39 -0.364473 
1112 -0.364473 
1111 -0.364473 
1966 -0.364473 
606 -0.364473 
605 -0.364473 
377 -0.364473 
139 -0.364473 
2175 -0.364473 
2176 -0.364473 
274 -0.364473 
1464 -0.386213 
195 -0.386213 
1463 -0.386213 
1371 -0.386213 
1465 -0.386213 
2085 -0.386213 
1206 -0.386213 
2069 -0.386213 
1251 -0.386213 
2070 -0.386213 
1203 -0.386213 
1705 -0.386213 
1490 -0.386213 
369 -0.386213 
89 -0.386213 
88 -0.386213 
1489 -0.386213 
2244 -0.386213 
359 -0.386213 
643 -0.386213 
646 -0.386213 
519 -0.386213 
518 -0.386213 
1253 -0.386213 
515 -0.386213 
677 -0.386213 
678 -0.386213 
507 -0.386213 
2086 -0.386213 
2243 -0.386213 
2084 -0.386213 
2083 -0.386213 
447 -0.386213 
1254 -0.386213 
858 -0.386213 
1182 -0.386213 
840 -0.386213 
1855 -0.386213 
332 -0.386213 
839 -0.386213 
1856 -0.386213 
857 -0.386213 
1127 -0.386213 
898 -0.386213 
966 -0.386213 
965 -0.386213 
14 -0.386213 
813 -0.386940 
1271 -0.386940 
1491 -0.386940 
91 -0.386940 
1965 -0.386940 
1774 -0.386940 
1607 -0.386940 
1608 -0.386940 
1773 -0.386940 
533 -0.386940 
523 -0.386940 
1492 -0.386940 
366 -0.392045 
956 -0.392045 
900 -0.392045 
251 -0.392045 
408 -0.392045 
2328 -0.392045 
2327 -0.392045 
955 -0.392045 
622 -0.392045 
77 -0.392045 
2106 -0.392045 
1289 -0.392045 
1885 -0.392045 
1139 -0.392045 
1140 -0.392045 
449 -0.392045 
2183 -0.392045 
1143 -0.392045 
972 -0.392045 
1660 -0.392045 
969 -0.392045 
246 -0.392045 
2154 -0.392045 
2153 -0.392045 
1286 -0.392045 
1285 -0.392045 
118 -0.392045 
1580 -0.392045 
1886 -0.392045 
245 -0.392045 
2261 -0.392045 
702 -0.392045 
899 -0.392045 
1195 -0.392045 
897 -0.392045 
1196 -0.392045 
2262 -0.392045 
578 -0.410342 
429 -0.410342 
372 -0.410342 
783 -0.410342 
2272 -0.410342 
1534 -0.410342 
2144 -0.410342 
371 -0.410342 
50 -0.410342 
1103 -0.410342 
878 -0.410342 
1102 -0.410342 
1816 -0.410342 
1815 -0.410342 
784 -0.410342 
1208 -0.410342 
875 -0.410342 
1207 -0.410342 
2283 -0.410342 
2046 -0.410342 
2045 -0.410342 
1688 -0.410342 
2270 -0.410342 
2286 -0.410342 
2287 -0.410342 
2269 -0.410342 
1536 -0.410342 
1338 -0.410342 
1337 -0.410342 
1535 -0.410342 
396 -0.410342 
938 -0.410342 
937 -0.410342 
1740 -0.410342 
2119 -0.410342 
1161 -0.410342 
159 -0.410342 
1164 -0.410342 
1739 -0.410342 
1899 -0.410342 
350 -0.410342 
1257 -0.410342 
204 -0.410342 
1101 -0.431265 
1441 -0.431265 
655 -0.431265 
862 -0.431265 
1442 -0.431265 
944 -0.431265 
2200 -0.436429 
444 -0.436429 
2320 -0.436429 
2088 -0.436429 
736 -0.436429 
2318 -0.436429 
2317 -0.436429 
1151 -0.436429 
341 -0.436429 
1410 -0.436429 
1149 -0.436429 
1194 -0.436429 
2199 -0.436429 
1144 -0.436429 
365 -0.436429 
2185 -0.436429 
2197 -0.436429 
1152 -0.436429 
1180 -0.436429 
1063 -0.436429 
1837 -0.436429 
2010 -0.436429 
562 -0.436429 
2204 -0.436429 
1359 -0.436429 
2009 -0.436429 
1360 -0.436429 
1659 -0.436429 
1227 -0.436429 
1228 -0.436429 
1516 -0.436429 
850 -0.436429 
387 -0.436429 
2152 -0.436429 
63 -0.437093 
602 -0.437093 
909 -0.437093 
601 -0.437093 
247 -0.453149 
305 -0.453149 
1891 -0.453149 
307 -0.453149 
1399 -0.453149 
1074 -0.453149 
1918 -0.453149 
1107 -0.453149 
1283 -0.453149 
1917 -0.453149 
1104 -0.453149 
1431 -0.453149 
403 -0.453149 
659 -0.453149 
1427 -0.453149 
933 -0.453149 
472 -0.453149 
1651 -0.453149 
1652 -0.453149 
2105 -0.453149 
2100 -0.453149 
1995 -0.453149 
2186 -0.453149 
1996 -0.453149 
1420 -0.453149 
1419 -0.453149 
1811 -0.453149 
1812 -0.453149 
2031 -0.453149 
2062 -0.453149 
340 -0.453149 
60 -0.453149 
1142 -0.453149 
1147 -0.453149 
1148 -0.453149 
230 -0.453149 
1550 -0.453149 
1304 -0.453149 
1303 -0.453149 
1551 -0.453149 
1284 -0.453149 
2363 -0.453149 
2034 -0.453149 
960 -0.453149 
959 -0.453149 
2364 -0.453149 
1428 -0.453149 
1276 -0.453149 
335 -0.463592 
165 -0.463592 
336 -0.463592 
338 -0.463592 
331 -0.463592 
1117 -0.463592 
327 -0.463592 
1123 -0.463592 
1166 -0.463592 
2094 -0.463592 
2082 -0.463592 
2081 -0.463592 
792 -0.463592 
794 -0.463592 
1136 -0.463592 
1135 -0.463592 
1133 -0.463592 
1124 -0.463592 
1841 -0.465449 
846 -0.465449 
1842 -0.465449 
876 -0.465449 
1186 -0.465449 
2233 -0.465449 
1185 -0.465449 
1838 -0.465449 
1165 -0.465449 
294 -0.465449 
1160 -0.465449 
1156 -0.465449 
51 -0.465449 
951 -0.465449 
191 -0.465449 
1686 -0.465449 
2385 -0.465449 
1052 -0.465449 
2386 -0.465449 
164 -0.465449 
2041 -0.465449 
2234 -0.465449 
404 -0.465449 
1345 -0.465449 
1466 -0.465449 
238 -0.465449 
577 -0.465449 
580 -0.465449 
1685 -0.465449 
613 -0.465449 
614 -0.465449 
615 -0.465449 
2118 -0.465449 
2114 -0.465449 
2113 -0.465449 
1803 -0.465449 
1806 -0.465449 
347 -0.465449 
205 -0.465449 
192 -0.465449 
791 -0.465449 
1833 -0.465449 
2042 -0.465449 
1834 -0.465449 
2340 -0.470446 
2339 -0.470446 
2095 -0.470446 
1772 -0.470446 
2170 -0.470446 
2169 -0.470446 
115 -0.470446 
1280 -0.470446 
1279 -0.470446 
2132 -0.470446 
2370 -0.470446 
1256 -0.470446 
2096 -0.470446 
2277 -0.470446 
695 -0.470446 
696 -0.470446 
1255 -0.470446 
1252 -0.470446 
1218 -0.470446 
1215 -0.470446 
1211 -0.470446 
1959 -0.470446 
1603 -0.470446 
1604 -0.470446 
1315 -0.470446 
2278 -0.470446 
373 -0.470446 
2238 -0.470446 
2237 -0.470446 
393 -0.470446 
395 -0.470446 
405 -0.470446 
418 -0.470446 
2216 -0.470446 
2215 -0.470446 
2214 -0.470446 
2213 -0.470446 
2212 -0.470446 
2210 -0.470446 
2209 -0.470446 
425 -0.470446 
1326 -0.470446 
1325 -0.470446 
1323 -0.470446 
1316 -0.470446 
1771 -0.470446 
1 -0.473896 
1097 -0.473896 
1440 -0.473896 
1439 -0.473896 
645 -0.473896 
745 -0.473896 
925 -0.473896 
627 -0.488333 
2125 -0.488333 
628 -0.488333 
805 -0.488333 
66 -0.488333 
1990 -0.488333 
1989 -0.488333 
61 -0.488333 
1867 -0.488333 
1868 -0.488333 
1964 -0.488333 
1870 -0.488333 
1006 -0.488333 
1871 -0.488333 
1010 -0.488333 
1882 -0.488333 
38 -0.488333 
1057 -0.488333 
1058 -0.488333 
1619 -0.488333 
1620 -0.488333 
1887 -0.488333 
1890 -0.488333 
2355 -0.488333 
226 -0.488333 
273 -0.488333 
169 -0.488333 
2227 -0.488333 
1354 -0.488333 
1353 -0.488333 
1757 -0.488333 
1760 -0.488333 
1764 -0.488333 
554 -0.488333 
575 -0.488333 
576 -0.488333 
78 -0.488333 
2356 -0.488333 
2160 -0.488333 
2159 -0.488333 
593 -0.488333 
603 -0.488333 
604 -0.488333 
611 -0.488333 
612 -0.488333 
1797 -0.488333 
1798 -0.488333 
2126 -0.488333 
222 -0.488333 
