2395 1
836 0.491503 
2247 0.491503 
1489 0.491503 
1727 0.491503 
1564 0.491503 
1858 0.491503 
2102 0.491503 
2101 0.491503 
1563 0.491503 
1490 0.491503 
1728 0.491503 
835 0.491503 
2248 0.491503 
1857 0.491503 
1788 0.488541 
1346 0.488541 
2356 0.488541 
1992 0.488541 
2149 0.488541 
1646 0.488541 
1645 0.488541 
1787 0.488541 
2355 0.488541 
2392 0.488541 
1991 0.488541 
2150 0.488541 
1538 0.475769 
2224 0.475769 
1537 0.475769 
2223 0.475769 
2045 0.475769 
2046 0.475769 
1899 0.475769 
648 0.469932 
494 0.469932 
493 0.469932 
719 0.469932 
6 0.469932 
536 0.461007 
748 0.461007 
712 0.461007 
28 0.461007 
535 0.461007 
2234 0.460985 
1697 0.460985 
2233 0.460985 
2060 0.460985 
2059 0.460985 
1432 0.460985 
1841 0.460985 
1842 0.460985 
770 0.460985 
2387 0.460985 
1698 0.460985 
2388 0.460985 
769 0.460985 
2243 0.458632 
825 0.458632 
2244 0.458632 
1467 0.458632 
1723 0.458632 
826 0.458632 
1477 0.458632 
1724 0.458632 
1856 0.458632 
1855 0.458632 
2098 0.458632 
2097 0.458632 
1478 0.458632 
1981 0.430355 
1299 0.430355 
1499 0.430355 
1500 0.430355 
1800 0.430355 
2145 0.430355 
1051 0.430355 
1982 0.430355 
1644 0.430355 
1170 0.427217 
1426 0.427217 
352 0.427217 
1333 0.427217 
1247 0.427217 
1334 0.427217 
1167 0.427217 
220 0.427217 
913 0.427217 
910 0.427217 
1347 0.427217 
473 0.427217 
914 0.427217 
391 0.427217 
541 0.424261 
755 0.424261 
713 0.424261 
2082 0.410451 
331 0.410451 
215 0.410451 
120 0.410451 
119 0.410451 
1124 0.410451 
140 0.410451 
1123 0.410451 
149 0.410451 
2341 0.410451 
2094 0.410451 
242 0.410451 
703 0.410451 
1393 0.410451 
1394 0.410451 
706 0.410451 
196 0.410451 
2081 0.410451 
749 0.410451 
1386 0.410451 
456 0.410451 
24 0.410451 
573 0.410451 
284 0.410451 
715 0.410451 
716 0.410451 
1383 0.410451 
52 0.410451 
528 0.410451 
525 0.410451 
45 0.399530 
567 0.399530 
453 0.399530 
617 0.399530 
2336 0.399530 
1103 0.399530 
2335 0.399530 
1396 0.399530 
1377 0.399530 
1378 0.399530 
432 0.399530 
204 0.399530 
1829 0.399530 
878 0.399530 
2292 0.399530 
1830 0.399530 
937 0.399530 
875 0.399530 
1575 0.399530 
938 0.399530 
1525 0.399530 
75 0.399530 
74 0.399530 
620 0.399530 
618 0.399530 
2291 0.399530 
708 0.399530 
1666 0.399530 
1526 0.399530 
1469 0.397227 
164 0.397227 
1854 0.397227 
1853 0.397227 
2242 0.397227 
1470 0.397227 
1707 0.397227 
791 0.397227 
1708 0.397227 
2089 0.397227 
2090 0.397227 
1464 0.397227 
1463 0.397227 
2241 0.397227 
690 0.393870 
71 0.393870 
1285 0.393870 
700 0.393870 
906 0.393870 
621 0.393870 
955 0.393870 
1657 0.393870 
956 0.393870 
451 0.393870 
450 0.393870 
998 0.393870 
610 0.393870 
245 0.393870 
246 0.393870 
278 0.393870 
1567 0.393870 
1568 0.393870 
1863 0.393870 
219 0.393870 
112 0.393870 
223 0.393870 
209 0.393870 
208 0.393870 
1866 0.393870 
1648 0.393870 
269 0.393870 
1286 0.393870 
1579 0.393870 
699 0.393870 
2278 0.393739 
2277 0.393739 
207 0.393739 
425 0.393739 
885 0.393739 
247 0.393739 
884 0.393739 
286 0.393739 
959 0.393739 
2209 0.393739 
1323 0.393739 
393 0.393739 
379 0.393739 
2212 0.393739 
2214 0.393739 
84 0.393739 
27 0.393739 
26 0.393739 
1918 0.393739 
960 0.393739 
362 0.393739 
1917 0.393739 
1252 0.393739 
2162 0.393739 
1326 0.393739 
2161 0.393739 
1325 0.393739 
1031 0.393739 
1032 0.393739 
1840 0.393739 
1843 0.393739 
285 0.393739 
634 0.393739 
530 0.393739 
633 0.393739 
18 0.385680 
17 0.385680 
1612 0.385680 
2266 0.385680 
2369 0.385680 
2368 0.385680 
2365 0.385680 
468 0.385680 
107 0.385680 
113 0.385680 
509 0.385680 
510 0.385680 
1979 0.383096 
1980 0.383096 
2140 0.383096 
1779 0.383096 
1780 0.383096 
1324 0.383096 
2348 0.383096 
2347 0.383096 
1617 0.383096 
2370 0.383096 
1618 0.383096 
794 0.382422 
251 0.382422 
1196 0.382422 
184 0.382422 
292 0.382422 
1117 0.382422 
165 0.382422 
1048 0.382422 
1125 0.382422 
1195 0.382422 
2153 0.382422 
2154 0.382422 
1126 0.382422 
1139 0.382422 
366 0.382422 
1790 0.382422 
327 0.382422 
1140 0.382422 
837 0.382422 
1143 0.382422 
334 0.382422 
335 0.382422 
832 0.382422 
1796 0.382422 
2183 0.382422 
792 0.382422 
1795 0.382422 
2005 0.382422 
972 0.382422 
969 0.382422 
601 0.377950 
1266 0.377950 
63 0.377950 
497 0.377950 
602 0.377950 
2027 0.376590 
2210 0.376590 
2284 0.376590 
1294 0.374878 
1491 0.374878 
1492 0.374878 
1043 0.374878 
1965 0.374878 
2136 0.374878 
1792 0.374878 
1636 0.374878 
1945 0.370418 
1758 0.370418 
1480 0.370418 
1479 0.370418 
262 0.370418 
1263 0.370418 
397 0.370418 
2093 0.370418 
1015 0.370418 
1626 0.370418 
1264 0.370418 
1946 0.370418 
1151 0.365390 
1152 0.365390 
1301 0.365390 
1144 0.365390 
1311 0.365390 
1180 0.365390 
341 0.365390 
1312 0.365390 
344 0.365390 
1302 0.365390 
39 0.365390 
1150 0.365390 
1149 0.365390 
1562 0.363806 
1561 0.363806 
1904 0.363806 
908 0.363806 
2227 0.363806 
2279 0.363806 
907 0.363806 
1246 0.352441 
1409 0.352441 
390 0.352441 
2206 0.352441 
1245 0.352441 
83 0.352441 
2203 0.352441 
477 0.352441 
2072 0.352441 
2071 0.352441 
2068 0.352441 
1594 0.352441 
1593 0.352441 
466 0.352441 
2205 0.352441 
467 0.352441 
1770 0.352441 
1086 0.352441 
1080 0.352441 
1079 0.352441 
225 0.352441 
1404 0.352441 
1078 0.352441 
322 0.352441 
1403 0.352441 
306 0.352441 
1077 0.352441 
926 0.352441 
1769 0.352441 
635 0.352441 
1114 0.352441 
1113 0.352441 
540 0.334188 
1110 0.334188 
394 0.334188 
539 0.334188 
1305 0.334188 
1306 0.334188 
1109 0.334188 
179 0.334188 
2251 0.334188 
1096 0.334188 
1293 0.334188 
2056 0.334188 
2053 0.334188 
411 0.334188 
12 0.334188 
1296 0.334188 
1258 0.334188 
1259 0.334188 
1497 0.334188 
318 0.334188 
817 0.334188 
325 0.334188 
818 0.334188 
1778 0.334188 
1462 0.334188 
323 0.334188 
2084 0.334188 
2083 0.334188 
2085 0.334188 
2086 0.334188 
1775 0.334188 
504 0.334188 
1127 0.334188 
332 0.334188 
1145 0.334188 
342 0.334188 
965 0.320727 
1288 0.320727 
898 0.320727 
492 0.320727 
386 0.320727 
1287 0.320727 
966 0.320727 
2029 0.320727 
1291 0.320727 
2074 0.320727 
2024 0.320727 
2073 0.320727 
2021 0.320727 
858 0.320727 
857 0.320727 
642 0.320727 
641 0.320727 
531 0.320727 
532 0.320727 
1201 0.320727 
7 0.320727 
409 0.320727 
195 0.320727 
1064 0.320727 
2258 0.320727 
2257 0.320727 
415 0.320727 
333 0.320727 
1115 0.320727 
326 0.320727 
298 0.320727 
1128 0.320727 
1521 0.320381 
1438 0.320381 
1437 0.320381 
1678 0.320381 
1677 0.320381 
2181 0.320381 
1861 0.320381 
1862 0.320381 
2003 0.320381 
2004 0.320381 
2038 0.319974 
2221 0.319974 
2222 0.319974 
1531 0.319974 
2303 0.319974 
1532 0.319974 
2304 0.319974 
1221 0.317987 
1061 0.317987 
1966 0.317987 
1008 0.317987 
1062 0.317987 
1223 0.317987 
121 0.317987 
272 0.317987 
274 0.317987 
354 0.317987 
131 0.317987 
1224 0.317987 
1240 0.317987 
2067 0.317987 
1250 0.317987 
2019 0.317987 
1249 0.317987 
1003 0.317987 
1191 0.317987 
197 0.317987 
1676 0.317987 
861 0.317987 
1192 0.317987 
1665 0.317987 
864 0.317987 
707 0.317987 
1673 0.317987 
1239 0.317987 
1236 0.317987 
385 0.317987 
383 0.317987 
2353 0.317707 
1619 0.317707 
1989 0.317707 
2142 0.317707 
1990 0.317707 
2141 0.317707 
1327 0.317707 
2354 0.317707 
2382 0.317707 
1328 0.317707 
1785 0.317707 
1620 0.317707 
1987 0.316319 
1819 0.316319 
1670 0.316319 
1384 0.316319 
1065 0.316319 
2157 0.316319 
297 0.316319 
1669 0.316319 
1820 0.316319 
1505 0.316319 
1066 0.316319 
1510 0.316319 
1506 0.316319 
1509 0.316319 
167 0.311940 
809 0.311940 
1595 0.311940 
305 0.311940 
1074 0.311940 
2105 0.311940 
258 0.311940 
638 0.311940 
637 0.311940 
800 0.311940 
799 0.311940 
1596 0.311940 
1329 0.311940 
2064 0.311940 
2061 0.311940 
340 0.311940 
2034 0.311940 
1142 0.311940 
127 0.311940 
660 0.311940 
1753 0.311940 
2100 0.311940 
85 0.311940 
1147 0.311940 
1148 0.311940 
1319 0.311940 
1320 0.311940 
979 0.311940 
982 0.311940 
2031 0.311940 
307 0.311940 
2065 0.311940 
321 0.311940 
810 0.311940 
2076 0.307481 
328 0.307481 
1006 0.307481 
1964 0.307481 
1277 0.307481 
1278 0.307481 
1284 0.307481 
1764 0.307481 
1283 0.307481 
1303 0.307481 
2077 0.307481 
153 0.307481 
1270 0.307481 
1757 0.307481 
1760 0.307481 
774 0.307481 
773 0.307481 
399 0.307481 
1304 0.307481 
403 0.307481 
156 0.307481 
775 0.307481 
740 0.307481 
1057 0.307481 
136 0.307481 
1058 0.307481 
2228 0.307481 
273 0.307481 
2235 0.307481 
1010 0.307481 
169 0.307481 
1276 0.307481 
805 0.307481 
1520 0.288572 
441 0.288572 
1155 0.288572 
1519 0.288572 
1886 0.288572 
2262 0.288572 
1885 0.288572 
346 0.288572 
1181 0.288572 
416 0.288572 
2261 0.288572 
360 0.288572 
1158 0.288572 
1984 0.285104 
1983 0.285104 
283 0.285104 
1501 0.285104 
1054 0.285104 
1647 0.285104 
1502 0.285104 
1053 0.285104 
293 0.285104 
2148 0.285104 
1336 0.285104 
1801 0.285104 
1569 0.269252 
1169 0.269252 
1718 0.269252 
1717 0.269252 
872 0.269252 
1889 0.269252 
963 0.269252 
1451 0.269252 
1452 0.269252 
2125 0.251732 
2126 0.251732 
180 0.251732 
2256 0.251732 
2255 0.251732 
176 0.251732 
175 0.251732 
1198 0.251732 
1810 0.251732 
160 0.251732 
158 0.251732 
2156 0.251732 
1809 0.251732 
367 0.251732 
1894 0.251732 
781 0.251732 
1895 0.251732 
782 0.251732 
1238 0.251732 
1298 0.251732 
2195 0.251732 
889 0.251732 
193 0.251732 
1237 0.251732 
2267 0.251732 
233 0.251732 
1297 0.251732 
852 0.251732 
185 0.251732 
183 0.251732 
414 0.251732 
181 0.251732 
1814 0.251732 
892 0.251732 
132 0.251492 
989 0.251492 
387 0.251492 
2200 0.251492 
1934 0.251492 
990 0.251492 
2197 0.251492 
2204 0.251492 
1948 0.251492 
1947 0.251492 
2199 0.251492 
1689 0.251492 
133 0.251492 
860 0.251492 
732 0.251492 
254 0.251492 
65 0.251492 
731 0.251492 
1747 0.250684 
2121 0.250684 
2122 0.250684 
1589 0.250684 
1590 0.250684 
1050 0.250684 
1936 0.250684 
2299 0.250684 
1935 0.250684 
1049 0.250684 
2329 0.250684 
2330 0.250684 
1748 0.250684 
1754 0.250495 
1623 0.250495 
20 0.250495 
1943 0.250495 
1475 0.250495 
2088 0.250495 
1261 0.250495 
1476 0.250495 
1011 0.250495 
1944 0.250495 
491 0.248840 
704 0.248840 
583 0.248840 
1686 0.235761 
1685 0.235761 
1414 0.235761 
2380 0.235761 
2041 0.235761 
2042 0.235761 
2379 0.235761 
2208 0.235761 
2207 0.235761 
694 0.235761 
1836 0.235761 
693 0.235761 
1835 0.235761 
1736 0.210269 
1582 0.210269 
1581 0.210269 
2108 0.210269 
2282 0.210269 
2249 0.210269 
2305 0.210269 
2306 0.210269 
2107 0.210269 
1735 0.210269 
918 0.210269 
917 0.210269 
1910 0.210269 
1909 0.210269 
1850 0.208945 
777 0.208945 
2069 0.208945 
1705 0.208945 
778 0.208945 
2236 0.208945 
1849 0.208945 
2070 0.208945 
2390 0.208945 
1466 0.208945 
2389 0.208945 
503 0.204417 
502 0.204417 
499 0.204417 
96 0.204417 
10 0.204417 
1416 0.204417 
469 0.204417 
194 0.204417 
1655 0.204417 
1656 0.204417 
32 0.203906 
145 0.203906 
758 0.203906 
757 0.203906 
736 0.203906 
544 0.203906 
543 0.203906 
1004 0.194274 
375 0.194274 
1960 0.194274 
116 0.194274 
1213 0.194274 
2172 0.194274 
2219 0.194274 
1362 0.194274 
1361 0.194274 
847 0.194274 
697 0.194274 
698 0.194274 
848 0.194274 
851 0.194274 
2171 0.194274 
270 0.194274 
2319 0.194274 
1262 0.194274 
999 0.185568 
1225 0.185568 
1955 0.185568 
1956 0.185568 
807 0.185568 
1036 0.185568 
786 0.185568 
1957 0.185568 
1958 0.185568 
1226 0.185568 
803 0.185568 
1098 0.185568 
804 0.185568 
609 0.185568 
70 0.185568 
667 0.185568 
267 0.185568 
1744 0.185568 
73 0.185568 
174 0.185568 
440 0.185568 
171 0.185568 
664 0.185568 
161 0.185568 
288 0.185568 
668 0.185568 
616 0.185568 
380 0.185568 
619 0.185568 
1574 0.185568 
1570 0.185568 
98 0.185568 
1571 0.185568 
316 0.185568 
789 0.183349 
315 0.183349 
1093 0.183349 
1094 0.183349 
883 0.183349 
745 0.183349 
549 0.183349 
1674 0.176783 
1410 0.176783 
1090 0.176783 
377 0.176783 
1999 0.176783 
1513 0.176783 
1514 0.176783 
2000 0.176783 
2176 0.176783 
1089 0.176783 
2175 0.176783 
1837 0.176783 
607 0.174772 
554 0.174772 
575 0.174772 
576 0.174772 
593 0.174772 
651 0.174772 
608 0.174772 
624 0.174772 
763 0.174772 
68 0.174772 
94 0.174772 
92 0.174772 
1566 0.174772 
1565 0.174772 
150 0.174772 
1551 0.174772 
1550 0.174772 
259 0.174772 
38 0.174772 
303 0.174772 
764 0.174772 
1937 0.174772 
1938 0.174772 
1942 0.174772 
61 0.174772 
980 0.174772 
60 0.174772 
670 0.174772 
820 0.174772 
656 0.174772 
819 0.174772 
823 0.174772 
824 0.174772 
30 0.170281 
1892 0.170281 
381 0.170281 
363 0.170281 
1017 0.170281 
876 0.170281 
1018 0.170281 
1219 0.170281 
313 0.170281 
312 0.170281 
1232 0.170281 
64 0.170281 
31 0.170281 
1189 0.170281 
1190 0.170281 
2177 0.170281 
464 0.170281 
465 0.170281 
934 0.170281 
1233 0.170281 
2147 0.170281 
538 0.170281 
1092 0.170281 
787 0.170281 
163 0.170281 
1341 0.170281 
788 0.170281 
1838 0.170281 
2043 0.170281 
2044 0.170281 
205 0.170281 
1342 0.170281 
1085 0.170281 
231 0.170281 
1834 0.170281 
1833 0.170281 
600 0.170281 
1046 0.161887 
1295 0.161887 
1975 0.161887 
1642 0.161887 
1793 0.161887 
2144 0.161887 
1493 0.161887 
1045 0.161887 
1494 0.161887 
290 0.161887 
430 0.154910 
1518 0.154910 
1883 0.154910 
1335 0.154910 
2259 0.154910 
2260 0.154910 
896 0.154910 
895 0.154910 
1653 0.152583 
1654 0.152583 
2167 0.152583 
2168 0.152583 
2363 0.152583 
2364 0.152583 
1807 0.152583 
1375 0.152583 
2007 0.152583 
611 0.152583 
2008 0.152583 
1808 0.152583 
612 0.152583 
1376 0.152583 
1485 0.141548 
1290 0.141548 
25 0.141548 
1963 0.141548 
289 0.141548 
1633 0.141548 
1486 0.141548 
1783 0.141548 
2133 0.141548 
1042 0.141548 
1041 0.141548 
1177 0.122329 
1282 0.122329 
2296 0.122329 
2013 0.122329 
266 0.122329 
2301 0.122329 
674 0.122329 
723 0.122329 
2302 0.122329 
129 0.122329 
130 0.122329 
1954 0.122329 
1953 0.122329 
1281 0.122329 
973 0.122329 
434 0.122329 
407 0.122329 
104 0.122329 
355 0.122329 
1681 0.122329 
1343 0.122329 
724 0.122329 
1931 0.122329 
1632 0.122329 
1174 0.122329 
1684 0.122329 
1344 0.122329 
996 0.122329 
995 0.122329 
1597 0.118187 
985 0.118187 
1458 0.118187 
986 0.118187 
1457 0.118187 
1898 0.118187 
2063 0.118187 
1730 0.118187 
1204 0.118187 
1852 0.110994 
591 0.110994 
1851 0.110994 
592 0.110994 
594 0.110994 
166 0.110994 
143 0.110994 
1210 0.110994 
378 0.110994 
2040 0.110994 
2039 0.110994 
1220 0.110994 
5 0.110994 
2178 0.110994 
58 0.110994 
795 0.110994 
72 0.110994 
1082 0.110994 
1081 0.110994 
488 0.110994 
796 0.110994 
939 0.110994 
894 0.110994 
309 0.110994 
59 0.110994 
1859 0.101346 
2270 0.101346 
2180 0.101346 
1091 0.101346 
2269 0.101346 
1425 0.101346 
2001 0.101346 
2002 0.101346 
1675 0.101346 
1516 0.101346 
1860 0.101346 
2009 0.093433 
1527 0.093433 
1865 0.093433 
1679 0.093433 
1680 0.093433 
2184 0.093433 
2010 0.093433 
669 0.089040 
522 0.089040 
2230 0.089040 
1911 0.078289 
1524 0.078289 
1523 0.078289 
343 0.078289 
1212 0.078289 
255 0.078289 
1040 0.078289 
1522 0.078289 
426 0.078289 
471 0.078289 
1721 0.078289 
751 0.078289 
1710 0.078289 
1413 0.078289 
975 0.078289 
976 0.078289 
142 0.078289 
1412 0.078289 
1411 0.078289 
1556 0.078289 
1709 0.078289 
587 0.078289 
1545 0.078289 
752 0.078289 
374 0.078289 
564 0.078289 
566 0.078289 
588 0.078289 
44 0.078289 
43 0.078289 
605 0.074966 
1967 0.074966 
1968 0.074966 
69 0.074966 
1073 0.074966 
1072 0.074966 
606 0.074966 
106 0.074966 
2037 0.074966 
241 0.074966 
1789 0.074966 
1634 0.074966 
1069 0.074966 
1635 0.074966 
1070 0.074966 
893 0.074966 
949 0.074966 
1027 0.074966 
1028 0.074966 
319 0.074966 
182 0.074966 
392 0.074966 
827 0.074966 
2032 0.074966 
831 0.074966 
67 0.074966 
964 0.074966 
304 0.074966 
301 0.074966 
300 0.074966 
1786 0.074966 
830 0.074966 
950 0.074966 
99 0.074095 
665 0.074095 
1553 0.074095 
647 0.074095 
650 0.074095 
2139 0.074095 
100 0.074095 
1554 0.074095 
105 0.074095 
141 0.074095 
1154 0.074095 
742 0.074095 
2112 0.074095 
214 0.074095 
90 0.074095 
117 0.074095 
62 0.074095 
1183 0.074095 
311 0.074095 
310 0.074095 
370 0.074095 
595 0.074095 
596 0.074095 
666 0.074095 
345 0.074095 
1184 0.074095 
248 0.074095 
1202 0.074095 
1083 0.074095 
1084 0.074095 
1392 0.070591 
364 0.070591 
1009 0.070591 
1391 0.070591 
808 0.070591 
2350 0.070591 
2179 0.070591 
154 0.070591 
811 0.070591 
2182 0.070591 
814 0.070591 
2165 0.070591 
1193 0.070591 
1369 0.070591 
2166 0.070591 
1370 0.070591 
1012 0.070591 
229 0.070591 
275 0.070591 
276 0.070591 
1222 0.070591 
801 0.070591 
1400 0.070591 
802 0.070591 
776 0.070591 
2349 0.070591 
461 0.070591 
2151 0.070591 
920 0.070591 
1759 0.070591 
929 0.070591 
172 0.070591 
930 0.070591 
170 0.070591 
944 0.066373 
579 0.066373 
850 0.066373 
1555 0.066373 
1711 0.066373 
1446 0.066373 
1162 0.066373 
1445 0.066373 
481 0.066090 
1024 0.066090 
1087 0.051779 
2174 0.051779 
1088 0.051779 
1821 0.051779 
1822 0.051779 
198 0.051779 
1512 0.051779 
1511 0.051779 
1671 0.051779 
1672 0.051779 
1389 0.051779 
1998 0.051779 
1997 0.051779 
123 0.051779 
2173 0.051779 
1242 0.035530 
1241 0.035530 
21 0.035530 
388 0.035530 
1016 0.035530 
520 0.035530 
900 0.035530 
899 0.035530 
897 0.035530 
93 0.035530 
652 0.035530 
1972 0.035530 
961 0.035530 
2187 0.035530 
2189 0.035530 
2190 0.035530 
382 0.035530 
1364 0.035530 
277 0.035530 
1363 0.035530 
110 0.035530 
118 0.035530 
124 0.035530 
718 0.035530 
717 0.035530 
702 0.035530 
688 0.035530 
1660 0.035530 
687 0.035530 
685 0.035530 
2092 0.024117 
2091 0.024117 
821 0.024117 
1804 0.024117 
1799 0.024117 
1339 0.024117 
845 0.024117 
506 0.024117 
2 0.024117 
1802 0.024117 
511 0.024117 
1146 0.024117 
1137 0.024117 
1134 0.024117 
177 0.024117 
189 0.024117 
2312 0.024117 
2297 0.024117 
227 0.024117 
228 0.024117 
1881 0.024117 
1884 0.024117 
337 0.024117 
404 0.024117 
435 0.024117 
483 0.024117 
486 0.024117 
924 0.024117 
923 0.024117 
512 0.024117 
1777 0.015336 
1316 0.015336 
1315 0.015336 
1616 0.015336 
1615 0.015336 
2367 0.015336 
2138 0.015336 
2137 0.015336 
1973 0.015336 
1974 0.015336 
2344 0.015336 
2343 0.015336 
2114 0.011542 
615 0.011542 
2118 0.011542 
580 0.011542 
577 0.011542 
572 0.011542 
571 0.011542 
80 0.011542 
550 0.011542 
88 0.011542 
613 0.011542 
614 0.011542 
2328 0.011542 
2113 0.011542 
643 0.011542 
646 0.011542 
2087 0.011542 
677 0.011542 
678 0.011542 
2080 0.011542 
2079 0.011542 
51 0.011542 
49 0.011542 
36 0.011542 
1121 0.011542 
2327 0.011542 
329 0.011542 
347 0.011542 
389 0.011542 
449 0.011542 
1248 0.011542 
1160 0.011542 
1156 0.011542 
89 0.011542 
1122 0.011542 
629 0.004740 
2015 0.004740 
2016 0.004740 
2366 0.004740 
1811 0.004740 
1658 0.004740 
1812 0.004740 
2186 0.004740 
1397 0.004740 
1398 0.004740 
1030 0.001483 
1587 0.001483 
1588 0.001483 
1745 0.001483 
1029 0.001483 
2323 0.001483 
2324 0.001483 
2295 0.001483 
2120 0.001483 
1925 0.001483 
1926 0.001483 
2131 -0.000308 
48 -0.000308 
152 -0.000308 
846 -0.000308 
741 -0.000308 
2134 -0.000308 
452 -0.000308 
191 -0.000308 
574 -0.000308 
1729 -0.000308 
192 -0.000308 
1700 -0.000308 
508 -0.000308 
1530 -0.000308 
537 -0.000308 
97 -0.000308 
358 -0.000308 
2135 -0.000308 
505 -0.000308 
1699 -0.000308 
928 -0.000308 
931 -0.000308 
1806 -0.000308 
1803 -0.000308 
13 -0.000308 
932 -0.000308 
15 -0.000308 
927 -0.000308 
1340 -0.003460 
1357 -0.003460 
436 -0.003460 
905 -0.003460 
879 -0.003460 
880 -0.003460 
720 -0.003460 
151 -0.003460 
146 -0.003460 
1548 -0.003460 
1547 -0.003460 
447 -0.003460 
726 -0.003460 
725 -0.003460 
1371 -0.003460 
2298 -0.003460 
1358 -0.003460 
308 -0.003460 
2315 -0.003460 
126 -0.003460 
1781 -0.003460 
590 -0.003460 
57 -0.003460 
1784 -0.003460 
1776 -0.003460 
203 -0.003460 
218 -0.003460 
772 -0.003460 
771 -0.003460 
178 -0.003460 
756 -0.003460 
501 -0.005910 
645 -0.005910 
2022 -0.005910 
1373 -0.012395 
1374 -0.012395 
213 -0.012395 
1019 -0.012395 
1368 -0.012395 
1367 -0.012395 
1379 -0.012395 
1380 -0.012395 
2158 -0.012395 
1395 -0.012395 
1022 -0.012395 
448 -0.012395 
280 -0.012395 
1826 -0.012395 
1243 -0.012395 
746 -0.012395 
743 -0.012395 
2006 -0.012395 
881 -0.012395 
1244 -0.012395 
368 -0.012395 
263 -0.012395 
137 -0.012395 
2201 -0.012395 
2325 -0.012395 
2202 -0.012395 
882 -0.012395 
1825 -0.012395 
1750 -0.019719 
1260 -0.019719 
1941 -0.019719 
1607 -0.019719 
91 -0.019719 
1608 -0.019719 
1749 -0.019719 
1474 -0.019719 
1473 -0.019719 
2078 -0.019719 
1007 -0.019719 
424 -0.020506 
526 -0.020506 
679 -0.020506 
1704 -0.022941 
829 -0.022941 
1703 -0.022941 
569 -0.022941 
138 -0.022941 
1552 -0.022941 
1443 -0.022941 
1444 -0.022941 
1157 -0.022941 
925 -0.022941 
3 -0.022941 
2393 -0.026582 
2160 -0.026582 
1798 -0.026582 
1797 -0.026582 
1650 -0.026582 
2358 -0.026582 
2357 -0.026582 
1649 -0.026582 
2159 -0.026582 
1349 -0.026582 
1350 -0.026582 
1993 -0.026582 
1994 -0.026582 
2025 -0.027238 
604 -0.027238 
19 -0.027238 
1390 -0.027238 
627 -0.027238 
1387 -0.027238 
628 -0.027238 
529 -0.027238 
514 -0.027238 
1472 -0.027238 
1415 -0.027238 
476 -0.027238 
474 -0.027238 
470 -0.027238 
458 -0.027238 
1487 -0.027238 
1488 -0.027238 
2381 -0.027238 
226 -0.027238 
2028 -0.027238 
78 -0.027238 
1430 -0.027238 
1429 -0.027238 
2246 -0.027238 
1882 -0.027238 
2245 -0.027238 
1890 -0.027238 
1424 -0.027238 
1423 -0.027238 
603 -0.027238 
302 -0.027238 
66 -0.027238 
1887 -0.027238 
839 -0.029839 
427 -0.029839 
1495 -0.029839 
1496 -0.029839 
840 -0.029839 
2281 -0.029839 
2280 -0.029839 
1875 -0.029839 
2104 -0.029839 
2252 -0.029839 
2103 -0.029839 
1876 -0.029839 
676 -0.040324 
1406 -0.040324 
2196 -0.040324 
2377 -0.040324 
1405 -0.040324 
1832 -0.040324 
2036 -0.040324 
2378 -0.040324 
1683 -0.040324 
675 -0.040324 
2035 -0.040324 
1831 -0.040324 
1791 -0.043021 
856 -0.043021 
1639 -0.043021 
855 -0.043021 
1794 -0.043021 
53 -0.043021 
186 -0.043021 
281 -0.043021 
584 -0.043021 
834 -0.043021 
1640 -0.043021 
1052 -0.043021 
294 -0.043021 
681 -0.043021 
682 -0.043021 
1165 -0.043021 
581 -0.043021 
1186 -0.043021 
2338 -0.043021 
359 -0.043021 
1643 -0.043021 
108 -0.043021 
460 -0.043021 
1182 -0.043021 
457 -0.043021 
454 -0.043021 
2337 -0.043021 
1345 -0.043021 
1185 -0.043021 
2163 -0.047976 
1651 -0.047976 
1652 -0.047976 
1353 -0.047976 
1354 -0.047976 
2164 -0.047976 
1996 -0.047976 
1995 -0.047976 
2359 -0.047976 
598 -0.047976 
597 -0.047976 
2360 -0.047976 
1805 -0.047976 
1662 -0.070979 
1543 -0.070979 
1661 -0.070979 
1309 -0.070979 
2229 -0.070979 
1310 -0.070979 
730 -0.070979 
729 -0.070979 
728 -0.070979 
727 -0.070979 
56 -0.070979 
1275 -0.070979 
1272 -0.070979 
401 -0.070979 
402 -0.070979 
419 -0.070979 
420 -0.070979 
421 -0.070979 
2232 -0.070979 
438 -0.070979 
981 -0.071725 
2051 -0.071725 
2052 -0.071725 
1722 -0.071725 
1197 -0.071725 
1896 -0.071725 
1578 -0.071725 
9 -0.071725 
1455 -0.071725 
1456 -0.071725 
490 -0.077278 
582 -0.077278 
489 -0.077278 
701 -0.077278 
4 -0.077278 
1421 -0.084182 
2385 -0.084182 
2386 -0.084182 
765 -0.084182 
1422 -0.084182 
2057 -0.084182 
2058 -0.084182 
766 -0.084182 
2218 -0.084182 
2217 -0.084182 
1692 -0.084182 
1839 -0.084182 
487 -0.089355 
527 -0.089355 
689 -0.089355 
623 -0.099039 
500 -0.099039 
1267 -0.099039 
546 -0.100092 
737 -0.100092 
759 -0.100092 
545 -0.100092 
2274 -0.102049 
2273 -0.102049 
1732 -0.102049 
1731 -0.102049 
2198 -0.102049 
1872 -0.102049 
2014 -0.102049 
828 -0.102762 
1549 -0.102762 
1153 -0.102762 
912 -0.102762 
563 -0.102762 
1702 -0.102762 
1701 -0.102762 
1441 -0.102762 
1442 -0.102762 
1888 -0.144059 
962 -0.144059 
868 -0.144059 
1168 -0.144059 
1716 -0.144059 
1715 -0.144059 
1559 -0.144059 
1560 -0.144059 
1450 -0.144059 
1449 -0.144059 
2130 -0.152842 
1962 -0.152842 
1961 -0.152842 
2129 -0.152842 
1768 -0.152842 
2340 -0.152842 
2339 -0.152842 
1609 -0.152842 
1610 -0.152842 
1767 -0.152842 
2326 -0.152842 
1178 -0.152842 
1696 -0.156279 
1695 -0.156279 
1 -0.156279 
822 -0.156279 
1138 -0.156279 
135 -0.156279 
1544 -0.156279 
562 -0.156279 
971 -0.156279 
909 -0.156279 
1439 -0.156279 
1440 -0.156279 
551 -0.156896 
552 -0.156896 
812 -0.156896 
891 -0.156896 
862 -0.156896 
1097 -0.156896 
35 -0.156896 
2220 -0.163723 
517 -0.163723 
663 -0.163723 
992 -0.171187 
496 -0.188815 
599 -0.188815 
1217 -0.188815 
1251 -0.200131 
1254 -0.200131 
1253 -0.200131 
1116 -0.200131 
410 -0.200131 
1908 -0.200131 
417 -0.200131 
1465 -0.200131 
519 -0.200131 
518 -0.200131 
515 -0.200131 
1864 -0.200131 
507 -0.200131 
1292 -0.200131 
947 -0.200131 
948 -0.200131 
953 -0.200131 
954 -0.200131 
1307 -0.200131 
1308 -0.200131 
240 -0.200131 
1824 -0.200131 
1203 -0.200131 
14 -0.200131 
244 -0.200131 
2265 -0.200131 
369 -0.200131 
1206 -0.200131 
1905 -0.200131 
1035 -0.200131 
200 -0.200131 
2250 -0.200131 
287 -0.200131 
2226 -0.206427 
2048 -0.206427 
2047 -0.206427 
398 -0.206427 
2272 -0.206427 
1546 -0.206427 
314 -0.206427 
2225 -0.206427 
1901 -0.206427 
1902 -0.206427 
2372 -0.208391 
2018 -0.208391 
1399 -0.208391 
1663 -0.208391 
1664 -0.208391 
631 -0.208391 
2192 -0.208391 
2191 -0.208391 
1817 -0.208391 
2371 -0.208391 
1818 -0.208391 
2017 -0.208391 
632 -0.208391 
877 -0.221368 
147 -0.221368 
762 -0.221368 
548 -0.221368 
547 -0.221368 
761 -0.221368 
34 -0.221368 
744 -0.221368 
1897 -0.221439 
657 -0.221439 
1903 -0.221439 
349 -0.221439 
1900 -0.221439 
423 -0.221439 
1330 -0.221439 
187 -0.221439 
1317 -0.221439 
1318 -0.221439 
408 -0.221439 
1120 -0.221439 
644 -0.221439 
1601 -0.221439 
1600 -0.221439 
1159 -0.221439 
33 -0.221439 
1130 -0.221439 
1129 -0.221439 
833 -0.221439 
2143 -0.221439 
542 -0.221439 
2146 -0.221439 
1602 -0.221439 
1119 -0.221439 
2275 -0.221439 
2276 -0.221439 
2117 -0.221439 
237 -0.221439 
235 -0.221439 
87 -0.221439 
658 -0.221439 
1289 -0.221439 
946 -0.221439 
940 -0.221439 
945 -0.221439 
1179 -0.237285 
1175 -0.237285 
357 -0.237285 
356 -0.237285 
1176 -0.237285 
224 -0.237285 
428 -0.237285 
760 -0.237285 
148 -0.237285 
919 -0.237285 
916 -0.237285 
915 -0.237285 
767 -0.247597 
144 -0.247597 
560 -0.247597 
1102 -0.247597 
1164 -0.247597 
1161 -0.247597 
76 -0.247597 
784 -0.247597 
559 -0.247597 
1515 -0.247597 
558 -0.247597 
1517 -0.247597 
46 -0.247597 
41 -0.247597 
783 -0.247597 
40 -0.247597 
1573 -0.247597 
1576 -0.247597 
1577 -0.247597 
1171 -0.247597 
1923 -0.247597 
1924 -0.247597 
1739 -0.247597 
1337 -0.247597 
2119 -0.247597 
568 -0.247597 
1338 -0.247597 
1726 -0.247597 
1725 -0.247597 
1740 -0.247597 
565 -0.247597 
1172 -0.247597 
159 -0.247597 
350 -0.247597 
1712 -0.247597 
705 -0.251614 
2215 -0.251614 
2263 -0.251614 
709 -0.251614 
710 -0.251614 
1218 -0.251614 
2264 -0.251614 
1215 -0.251614 
1211 -0.251614 
261 -0.251614 
1823 -0.251614 
22 -0.251614 
1255 -0.251614 
2216 -0.251614 
2213 -0.251614 
373 -0.251614 
395 -0.251614 
199 -0.251614 
190 -0.251614 
984 -0.251614 
1044 -0.251614 
1047 -0.251614 
983 -0.251614 
2170 -0.251614 
2169 -0.251614 
874 -0.251614 
521 -0.251614 
871 -0.251614 
866 -0.251614 
865 -0.251614 
524 -0.251614 
1256 -0.251614 
291 -0.251614 
2231 -0.252650 
671 -0.252650 
523 -0.252650 
672 -0.252650 
102 -0.252650 
2293 -0.253175 
1529 -0.253175 
2294 -0.253175 
2030 -0.253175 
2211 -0.253175 
1025 -0.256238 
484 -0.256238 
1603 -0.261110 
1604 -0.261110 
1131 -0.261110 
1132 -0.261110 
1765 -0.261110 
2334 -0.261110 
2127 -0.261110 
2333 -0.261110 
2128 -0.261110 
1959 -0.261110 
2321 -0.261110 
2331 -0.266254 
2124 -0.266254 
1060 -0.266254 
1592 -0.266254 
1761 -0.266254 
1762 -0.266254 
2332 -0.266254 
1940 -0.266254 
1939 -0.266254 
2311 -0.266254 
2123 -0.266254 
1540 -0.274682 
901 -0.274682 
813 -0.274682 
1539 -0.274682 
553 -0.274682 
863 -0.274682 
1101 -0.274682 
2026 -0.277624 
1056 -0.277624 
1071 -0.277624 
1059 -0.277624 
1055 -0.277624 
870 -0.277624 
1912 -0.277624 
103 -0.277624 
1915 -0.277624 
1916 -0.277624 
201 -0.277624 
115 -0.277624 
1000 -0.277624 
997 -0.277624 
957 -0.277624 
958 -0.277624 
1075 -0.277624 
295 -0.277624 
2055 -0.277624 
1231 -0.277624 
1631 -0.277624 
268 -0.277624 
299 -0.277624 
243 -0.277624 
696 -0.277624 
695 -0.277624 
1200 -0.277624 
684 -0.277624 
1199 -0.277624 
1076 -0.277624 
683 -0.277624 
2033 -0.277624 
673 -0.277624 
680 -0.277624 
429 -0.286084 
1879 -0.286084 
2253 -0.286084 
2254 -0.286084 
1880 -0.286084 
1498 -0.286084 
2283 -0.286084 
2106 -0.286084 
854 -0.286084 
853 -0.286084 
2287 -0.286084 
2286 -0.286084 
1713 -0.299442 
1447 -0.299442 
1448 -0.299442 
1714 -0.299442 
952 -0.299442 
1163 -0.299442 
1874 -0.299442 
1558 -0.299442 
859 -0.299442 
1557 -0.299442 
849 -0.317268 
843 -0.317268 
437 -0.317268 
2309 -0.317268 
714 -0.317268 
711 -0.317268 
122 -0.317268 
2310 -0.317268 
1580 -0.317268 
692 -0.317268 
622 -0.317268 
691 -0.317268 
844 -0.317268 
1528 -0.317268 
733 -0.317268 
2300 -0.317268 
47 -0.317268 
1351 -0.317268 
114 -0.317268 
1352 -0.317268 
1691 -0.317268 
867 -0.317268 
202 -0.317268 
734 -0.317268 
77 -0.317268 
206 -0.317268 
570 -0.317268 
1659 -0.319082 
1813 -0.319082 
1508 -0.319082 
1507 -0.319082 
1504 -0.319082 
1503 -0.319082 
1986 -0.319082 
2155 -0.319082 
1063 -0.319082 
1372 -0.319082 
2346 -0.322209 
475 -0.322209 
1591 -0.322209 
1907 -0.322209 
941 -0.322209 
1230 -0.322209 
396 -0.322209 
82 -0.322209 
785 -0.322209 
2345 -0.322209 
942 -0.322209 
384 -0.322209 
1207 -0.322209 
1208 -0.322209 
372 -0.322209 
371 -0.322209 
902 -0.322209 
1235 -0.322209 
1388 -0.322209 
1257 -0.322209 
1229 -0.322209 
217 -0.322209 
2383 -0.322209 
636 -0.322209 
2384 -0.322209 
459 -0.322209 
1734 -0.322792 
2066 -0.322792 
987 -0.322792 
988 -0.322792 
1459 -0.322792 
1460 -0.322792 
11 -0.322792 
1599 -0.322792 
1209 -0.322792 
1927 -0.322792 
1928 -0.322792 
655 -0.323231 
2023 -0.323231 
516 -0.323231 
1585 -0.330785 
1922 -0.330785 
2288 -0.330785 
1741 -0.330785 
1921 -0.330785 
2316 -0.330785 
935 -0.330785 
1586 -0.330785 
936 -0.330785 
2116 -0.330785 
1742 -0.330785 
2115 -0.330785 
2075 -0.331120 
1605 -0.331120 
252 -0.331120 
1606 -0.331120 
1930 -0.331120 
1929 -0.331120 
1234 -0.331120 
1743 -0.331120 
1461 -0.331120 
1005 -0.331120 
1766 -0.334813 
1621 -0.334813 
348 -0.334813 
81 -0.334813 
1844 -0.334813 
1099 -0.334813 
1100 -0.334813 
806 -0.334813 
793 -0.334813 
790 -0.334813 
1622 -0.334813 
1625 -0.334813 
1624 -0.334813 
101 -0.334813 
162 -0.334813 
173 -0.334813 
991 -0.334813 
994 -0.334813 
1933 -0.334813 
1435 -0.334813 
1436 -0.334813 
1763 -0.334813 
886 -0.334813 
210 -0.334813 
1877 -0.334813 
1751 -0.334813 
1752 -0.334813 
1878 -0.334813 
1141 -0.334813 
353 -0.334813 
1746 -0.334813 
264 -0.334813 
630 -0.334813 
249 -0.335540 
1112 -0.335540 
1268 -0.335540 
1265 -0.335540 
626 -0.335540 
625 -0.335540 
2271 -0.335540 
422 -0.335540 
1269 -0.335540 
968 -0.335540 
1433 -0.335540 
478 -0.335540 
1971 -0.335540 
1985 -0.335540 
1988 -0.335540 
109 -0.335540 
79 -0.335540 
1906 -0.335540 
1033 -0.335540 
1034 -0.335540 
1322 -0.335540 
1037 -0.335540 
1111 -0.335540 
1038 -0.335540 
1321 -0.335540 
1314 -0.335540 
1637 -0.335540 
1313 -0.335540 
324 -0.335540 
239 -0.335540 
1641 -0.335540 
768 -0.335540 
1638 -0.335540 
722 -0.341739 
125 -0.341739 
649 -0.341739 
533 -0.341739 
721 -0.341739 
2237 -0.360642 
257 -0.360642 
2394 -0.360642 
2391 -0.360642 
16 -0.360642 
2374 -0.360642 
2373 -0.360642 
134 -0.360642 
222 -0.360642 
256 -0.360642 
513 -0.360642 
260 -0.360642 
317 -0.360642 
2238 -0.360642 
869 -0.360642 
339 -0.360642 
405 -0.360642 
418 -0.360642 
1468 -0.360642 
2054 -0.360642 
1280 -0.360642 
1279 -0.360642 
739 -0.360642 
738 -0.360642 
735 -0.360642 
977 -0.360642 
978 -0.360642 
1095 -0.360642 
1867 -0.360642 
1694 -0.360642 
1868 -0.360642 
1870 -0.360642 
1471 -0.360642 
1434 -0.360642 
1871 -0.360642 
1782 -0.364893 
1630 -0.364893 
1629 -0.364893 
1039 -0.364893 
1484 -0.364893 
1274 -0.364893 
1273 -0.364893 
1952 -0.364893 
1951 -0.364893 
265 -0.364893 
400 -0.364893 
2111 -0.364893 
1483 -0.364893 
993 -0.385011 
480 -0.385011 
250 -0.396275 
42 -0.396275 
431 -0.396275 
1205 -0.396275 
1166 -0.396275 
561 -0.396275 
495 -0.396275 
498 -0.396275 
2289 -0.396275 
2290 -0.396275 
1136 -0.396275 
8 -0.396275 
1331 -0.396275 
1133 -0.396275 
1135 -0.396275 
1068 -0.396275 
1067 -0.396275 
282 -0.396275 
1026 -0.396275 
1332 -0.396275 
1023 -0.396275 
336 -0.396275 
1348 -0.396275 
338 -0.396275 
1533 -0.398813 
1688 -0.398813 
1869 -0.398813 
2188 -0.398813 
2012 -0.398813 
2011 -0.398813 
585 -0.402184 
111 -0.402184 
1816 -0.402184 
1848 -0.402184 
586 -0.402184 
1847 -0.402184 
1815 -0.402184 
2185 -0.402184 
1228 -0.402184 
365 -0.402184 
686 -0.402184 
1194 -0.402184 
444 -0.402184 
1227 -0.402184 
2318 -0.402184 
534 -0.402184 
842 -0.402184 
841 -0.402184 
838 -0.402184 
55 -0.402184 
1359 -0.402184 
890 -0.402184 
1360 -0.402184 
557 -0.402184 
188 -0.402184 
2320 -0.402184 
29 -0.402184 
2152 -0.402184 
2317 -0.402184 
212 -0.402184 
1021 -0.409172 
1482 -0.409172 
1628 -0.409172 
1481 -0.409172 
2099 -0.409172 
1627 -0.409172 
1271 -0.409172 
1949 -0.409172 
1950 -0.409172 
23 -0.409172 
1774 -0.409172 
1773 -0.409172 
230 -0.411894 
1420 -0.411894 
238 -0.411894 
351 -0.411894 
1366 -0.411894 
1419 -0.411894 
1365 -0.411894 
86 -0.411894 
1356 -0.411894 
1755 -0.411894 
1355 -0.411894 
1300 -0.411894 
330 -0.411894 
1431 -0.411894 
1104 -0.411894 
1107 -0.411894 
1756 -0.411894 
1428 -0.411894 
1427 -0.411894 
2062 -0.411894 
412 -0.411894 
413 -0.411894 
433 -0.411894 
951 -0.411894 
439 -0.411894 
443 -0.411894 
445 -0.411894 
797 -0.411894 
798 -0.411894 
472 -0.411894 
1598 -0.411894 
933 -0.411894 
361 -0.411894 
1891 -0.411894 
1668 -0.421418 
1828 -0.421418 
2020 -0.421418 
1667 -0.421418 
1827 -0.421418 
2193 -0.421418 
2194 -0.421418 
1401 -0.421418 
2376 -0.421418 
1402 -0.421418 
2375 -0.421418 
659 -0.421418 
1214 -0.442663 
168 -0.442663 
139 -0.442663 
376 -0.442663 
446 -0.442663 
455 -0.442663 
1706 -0.442663 
463 -0.442663 
2095 -0.442663 
1976 -0.442663 
1977 -0.442663 
232 -0.442663 
1978 -0.442663 
1020 -0.442663 
2096 -0.442663 
221 -0.442663 
911 -0.442663 
1408 -0.442663 
750 -0.442663 
1382 -0.442663 
753 -0.442663 
1407 -0.442663 
157 -0.442663 
754 -0.442663 
279 -0.442663 
1381 -0.442663 
779 -0.442663 
780 -0.442663 
1417 -0.442663 
1418 -0.442663 
1385 -0.442663 
747 -0.442663 
903 -0.444563 
216 -0.444563 
816 -0.444563 
815 -0.444563 
54 -0.444563 
1693 -0.444563 
556 -0.444563 
555 -0.444563 
37 -0.444563 
970 -0.444563 
1118 -0.444563 
1542 -0.444563 
1541 -0.444563 
904 -0.444563 
2239 -0.447517 
974 -0.447517 
1845 -0.447517 
2322 -0.447517 
1846 -0.447517 
406 -0.447517 
1932 -0.447517 
95 -0.447517 
2240 -0.447517 
2361 -0.447517 
653 -0.447517 
1873 -0.447517 
1611 -0.447517 
662 -0.447517 
661 -0.447517 
2362 -0.447517 
2352 -0.447517 
654 -0.447517 
888 -0.447517 
253 -0.447517 
2314 -0.447517 
2313 -0.447517 
887 -0.447517 
442 -0.447517 
211 -0.447517 
943 -0.447517 
234 -0.447517 
462 -0.447517 
2050 -0.459549 
1893 -0.459549 
1454 -0.459549 
1453 -0.459549 
873 -0.459549 
1572 -0.459549 
2049 -0.459549 
1173 -0.459549 
967 -0.459549 
1720 -0.459549 
1719 -0.459549 
2307 -0.463114 
921 -0.463114 
1913 -0.463114 
922 -0.463114 
2109 -0.463114 
2268 -0.463114 
1914 -0.463114 
2110 -0.463114 
1584 -0.463114 
2285 -0.463114 
1738 -0.463114 
1737 -0.463114 
1583 -0.463114 
2308 -0.463114 
50 -0.471408 
1534 -0.471408 
1535 -0.471408 
1536 -0.471408 
0 -0.471408 
640 -0.471408 
1687 -0.471408 
639 -0.471408 
578 -0.471408 
482 -0.471408 
479 -0.471408 
1001 -0.471408 
1002 -0.471408 
1920 -0.471408 
1919 -0.471408 
1013 -0.471408 
1014 -0.471408 
1105 -0.471408 
320 -0.471408 
1106 -0.471408 
1108 -0.471408 
271 -0.471408 
296 -0.471408 
1682 -0.471408 
236 -0.471408 
1733 -0.471408 
155 -0.471408 
128 -0.471408 
1690 -0.471408 
1216 -0.473924 
589 -0.473924 
485 -0.473924 
1613 -0.498890 
2351 -0.498890 
2132 -0.498890 
1614 -0.498890 
2342 -0.498890 
1970 -0.498890 
1969 -0.498890 
1771 -0.498890 
1772 -0.498890 
1188 -0.498890 
1187 -0.498890 
