2395 1
0 3.700179 
1 -1.271849 
2 4.265685 
3 -1.115686 
4 -1.884535 
5 3.258543 
6 -2.071138 
7 3.410863 
8 4.299164 
9 -2.558452 
10 3.906721 
11 -2.267177 
12 2.205474 
13 3.645843 
14 2.882948 
15 1.883330 
16 2.440122 
17 3.124995 
18 -1.382893 
19 2.694019 
20 -1.610174 
21 2.876772 
22 3.298952 
23 -1.043260 
24 3.470042 
25 -2.394728 
26 0.884327 
27 2.694855 
28 -1.847255 
29 3.221167 
30 0.703267 
31 2.661580 
32 -2.045225 
33 2.619879 
34 0.480603 
35 -1.622807 
36 3.371028 
37 -2.400171 
38 2.672674 
39 1.356866 
40 3.045896 
41 2.055391 
42 -0.046450 
43 0.441913 
44 1.379273 
45 2.252450 
46 0.177976 
47 1.486760 
48 1.454571 
49 0.512112 
50 1.354937 
51 2.051994 
52 0.774216 
53 3.066290 
54 -1.399333 
55 0.899184 
56 1.682989 
57 1.274780 
58 0.320487 
59 2.203321 
60 1.120947 
61 1.366537 
62 1.764361 
63 -1.502450 
64 1.528518 
65 0.906576 
66 1.591090 
67 1.283699 
68 1.517916 
69 1.213317 
70 1.286448 
71 1.094328 
72 1.408242 
73 1.325647 
74 0.965121 
75 1.252703 
76 0.748749 
77 1.902650 
78 0.820108 
79 1.574289 
80 1.622139 
81 1.201482 
82 1.659932 
83 0.666148 
84 1.097609 
85 1.410630 
86 1.682668 
87 0.824759 
88 1.901461 
89 0.602800 
90 2.416331 
91 -1.175191 
92 1.351145 
93 1.723874 
94 0.913311 
95 1.236741 
96 0.974032 
97 1.127740 
98 1.317095 
99 1.368686 
100 2.075732 
101 1.124269 
102 -1.353846 
103 1.589925 
104 1.428969 
105 1.086460 
106 1.188272 
107 1.072112 
108 0.693350 
109 0.748271 
110 2.028477 
111 1.284083 
112 0.772710 
113 1.885962 
114 1.282855 
115 0.774906 
116 1.704291 
117 0.876251 
118 0.652546 
119 1.796785 
120 1.157840 
121 1.090263 
122 2.351164 
123 -1.443489 
124 1.300949 
125 -1.184018 
126 1.925055 
127 1.504009 
128 1.081836 
129 2.817312 
130 0.391930 
131 0.934981 
132 2.213068 
133 0.809998 
134 1.921505 
135 -1.084760 
136 2.189448 
137 2.289959 
138 -1.422774 
139 1.107466 
140 2.726850 
141 0.445033 
142 1.271060 
143 0.697869 
144 1.490557 
145 -1.720129 
146 2.609064 
147 -1.490501 
148 2.226853 
149 0.903104 
150 0.578953 
151 1.170790 
152 1.846376 
153 0.318871 
154 1.852769 
155 1.360812 
156 0.546272 
157 2.079733 
158 1.842824 
159 0.835386 
160 0.498600 
161 1.914852 
162 1.364966 
163 1.231893 
164 -0.269634 
165 2.635537 
166 0.586255 
167 1.890230 
168 1.243426 
169 1.636696 
170 1.427063 
171 0.893974 
172 0.491135 
173 1.060928 
174 0.818757 
175 2.594547 
176 1.530183 
177 0.772687 
178 1.273140 
179 1.256532 
180 1.206699 
181 0.908247 
182 1.513117 
183 1.205625 
184 1.303441 
185 1.182044 
186 1.428643 
187 0.999891 
188 0.461195 
189 1.093303 
190 0.993423 
191 2.375542 
192 1.311849 
193 1.026257 
194 1.114096 
195 1.598583 
196 1.457193 
197 1.824180 
198 -1.202072 
199 1.462523 
200 0.713181 
201 0.517058 
202 1.755288 
203 1.827720 
204 1.186789 
205 1.123621 
206 1.699659 
207 1.010891 
208 2.024456 
209 0.713071 
210 1.173707 
211 1.238920 
212 1.259280 
213 2.033279 
214 0.790123 
215 0.771982 
216 -1.490049 
217 1.797773 
218 1.178223 
219 1.603448 
220 1.288525 
221 1.408678 
222 0.735563 
223 1.382201 
224 1.523245 
225 1.075057 
226 0.912257 
227 1.641928 
228 1.311621 
229 1.900898 
230 0.968837 
231 0.772819 
232 1.431376 
233 0.687692 
234 1.266643 
235 1.554881 
236 1.217894 
237 2.033230 
238 1.034662 
239 0.726515 
240 1.793312 
241 0.979212 
242 1.181978 
243 1.201573 
244 1.666252 
245 1.777170 
246 0.871224 
247 0.845488 
248 1.079735 
249 0.932611 
250 1.156196 
251 1.704422 
252 -1.419288 
253 1.493549 
254 1.583066 
255 1.894824 
256 2.155052 
257 0.176520 
258 1.899150 
259 1.227280 
260 0.918224 
261 2.258993 
262 -1.327894 
263 1.503259 
264 2.325491 
265 -1.554930 
266 1.736907 
267 1.065738 
268 1.898950 
269 -0.057553 
270 1.784981 
271 1.712027 
272 1.436633 
273 1.331069 
274 -0.009647 
275 2.157320 
276 1.048802 
277 1.829069 
278 0.978143 
279 1.077008 
280 2.258748 
281 0.369399 
282 -2.959766 
283 -3.377119 
284 0.745141 
285 1.135700 
286 2.332014 
287 0.594208 
288 2.504206 
289 -1.745847 
290 -1.881968 
291 0.883228 
292 2.039499 
293 -1.760538 
294 2.058233 
295 0.456131 
296 0.139542 
297 -3.937742 
298 -2.735257 
299 -2.902239 
300 -2.892573 
301 -1.649556 
302 -2.685165 
303 -2.509904 
304 -3.182131 
305 1.319934 
306 -2.774082 
307 -1.889248 
308 -2.920161 
309 -2.130262 
310 -1.146947 
311 -2.647521 
312 -2.274528 
313 -2.023491 
314 -2.269824 
315 -2.626105 
316 1.212368 
317 1.434623 
318 1.925236 
319 0.573745 
320 0.872510 
321 0.970109 
322 1.527946 
323 1.718259 
324 1.784477 
325 1.144547 
326 0.878566 
327 1.159571 
328 1.368976 
329 1.197922 
330 1.849426 
331 0.771526 
332 0.604871 
333 1.519897 
334 0.870077 
335 1.898266 
336 0.642722 
337 1.081186 
338 1.089506 
339 2.014131 
340 0.730562 
341 1.646838 
342 0.637417 
343 1.888716 
344 1.602876 
345 0.767544 
346 1.278271 
347 1.605433 
348 1.272395 
349 1.193316 
350 1.186462 
351 1.276519 
352 1.031971 
353 1.366818 
354 1.670455 
355 1.074196 
356 1.617814 
357 1.716642 
358 0.972317 
359 0.735015 
360 0.435637 
361 1.413553 
362 1.864657 
363 1.022706 
364 1.721176 
365 1.488163 
366 1.008138 
367 0.923982 
368 2.943615 
369 0.046522 
370 -1.605729 
371 0.270579 
372 -0.916415 
373 1.874384 
374 1.175871 
375 2.068114 
376 -0.105923 
377 1.490512 
378 1.513213 
379 1.912363 
380 1.014015 
381 1.165219 
382 1.080564 
383 1.602200 
384 0.485678 
385 1.826027 
386 1.278293 
387 1.579071 
388 1.386824 
389 1.312622 
390 1.620697 
391 0.652449 
392 -1.436871 
393 1.137049 
394 0.671733 
395 2.458126 
396 -0.248254 
397 -2.480361 
398 0.831392 
399 2.252295 
400 -1.523915 
401 1.632134 
402 1.225576 
403 2.003118 
404 0.954638 
405 2.096600 
406 1.054848 
407 0.961080 
408 0.828613 
409 0.843982 
410 1.553228 
411 1.819020 
412 1.553943 
413 0.810756 
414 1.434846 
415 1.237266 
416 1.272135 
417 1.035291 
418 1.513599 
419 1.001980 
420 2.090133 
421 0.502552 
422 1.621503 
423 0.955965 
424 0.052728 
425 1.743414 
426 1.301467 
427 1.652237 
428 0.944513 
429 1.548438 
430 1.089146 
431 1.460450 
432 0.817460 
433 0.829756 
434 1.708040 
435 1.723258 
436 1.690915 
437 1.445650 
438 0.938264 
439 0.964485 
440 1.059306 
441 1.272080 
442 1.120782 
443 1.726673 
444 1.333702 
445 0.318507 
446 2.239475 
447 1.346879 
448 1.322929 
449 1.195892 
450 1.167355 
451 1.331076 
452 1.282653 
453 1.362749 
454 1.239985 
455 1.207990 
456 1.455034 
457 1.670134 
458 1.273697 
459 0.699307 
460 1.232569 
461 1.545075 
462 0.830136 
463 1.373744 
464 1.915129 
465 1.119081 
466 1.754330 
467 -0.139027 
468 1.271619 
469 0.221900 
470 -0.296272 
471 2.598032 
472 1.751851 
473 1.135816 
474 1.664052 
475 0.725792 
476 0.419253 
477 0.823805 
478 1.653230 
479 1.686731 
480 1.258985 
481 0.745634 
482 1.262495 
483 1.275206 
484 1.309502 
485 1.256332 
486 1.721547 
487 -0.712141 
488 0.043550 
489 -3.065331 
490 -2.161818 
491 -0.573852 
492 0.235358 
493 -2.603151 
494 -1.759226 
495 1.090155 
496 0.791610 
497 1.075981 
498 1.335183 
499 1.216032 
500 0.914891 
501 0.546436 
502 0.936789 
503 1.838694 
504 1.793349 
505 0.711116 
506 0.800366 
507 0.803870 
508 1.070671 
509 1.168942 
510 1.024931 
511 0.998572 
512 1.267902 
513 1.273651 
514 1.220240 
515 0.629209 
516 0.604644 
517 0.782737 
518 1.045657 
519 1.855697 
520 1.732444 
521 1.040492 
522 0.805555 
523 0.805554 
524 1.158203 
525 1.223577 
526 1.074861 
527 1.049185 
528 1.203791 
529 1.079453 
530 0.961360 
531 1.175707 
532 1.278211 
533 -0.676815 
534 0.075715 
535 -3.042265 
536 -2.073419 
537 1.005871 
538 0.844045 
539 1.305196 
540 1.055688 
541 -0.822447 
542 -0.022325 
543 -3.131921 
544 -2.628863 
545 0.915509 
546 1.352748 
547 -0.332031 
548 -0.029585 
549 -1.014450 
550 0.195648 
551 -3.696063 
552 -2.359624 
553 -0.692238 
554 0.147466 
555 -2.810499 
556 -1.668522 
557 1.140622 
558 1.235944 
559 1.014898 
560 1.007129 
561 1.020932 
562 1.030636 
563 1.104691 
564 0.931326 
565 1.219049 
566 0.899630 
567 1.319726 
568 1.425752 
569 0.868789 
570 0.845010 
571 1.227209 
572 1.036862 
573 0.949820 
574 1.054465 
575 1.185600 
576 1.265224 
577 0.787808 
578 0.604250 
579 1.677262 
580 2.479852 
581 0.683946 
582 0.702337 
583 0.286545 
584 0.635860 
585 1.559453 
586 1.788560 
587 0.451957 
588 0.412211 
589 1.810749 
590 1.640681 
591 0.419156 
592 0.666854 
593 1.169356 
594 1.053647 
595 1.668449 
596 1.616667 
597 1.434928 
598 1.343750 
599 -0.451738 
600 0.201655 
601 -2.744711 
602 -1.847242 
603 1.307749 
604 1.508452 
605 1.041357 
606 1.028228 
607 1.063069 
608 1.060100 
609 0.962443 
610 0.990069 
611 1.688236 
612 1.387537 
613 0.612702 
614 0.956227 
615 1.534591 
616 1.736867 
617 0.714768 
618 0.809440 
619 1.370633 
620 0.974917 
621 0.627917 
622 0.814255 
623 2.022017 
624 2.014128 
625 0.785011 
626 0.669495 
627 0.960252 
628 0.894117 
629 1.469568 
630 1.193421 
631 1.030234 
632 1.118065 
633 1.362707 
634 1.352196 
635 0.642836 
636 0.640507 
637 0.672101 
638 0.619421 
639 2.304805 
640 1.738961 
641 1.021245 
642 0.798186 
643 0.825772 
644 0.764775 
645 1.354015 
646 1.266204 
647 0.916878 
648 0.539499 
649 1.231021 
650 1.497649 
651 1.257379 
652 1.356582 
653 0.868890 
654 0.673847 
655 1.362736 
656 1.193800 
657 0.970001 
658 1.121466 
659 1.114977 
660 1.205333 
661 0.926983 
662 0.952708 
663 1.336052 
664 1.246019 
665 1.073769 
666 1.015716 
667 1.064086 
668 1.390785 
669 -1.015980 
670 -0.060914 
671 -3.174236 
672 -1.912744 
673 0.897482 
674 1.173279 
675 1.266471 
676 1.158760 
677 1.096521 
678 0.989649 
679 1.174354 
680 1.460241 
681 0.846224 
682 0.621298 
683 1.502266 
684 1.173179 
685 1.250851 
686 0.912902 
687 1.251792 
688 1.325708 
689 0.868866 
690 0.831624 
691 1.335104 
692 1.126846 
693 1.053950 
694 1.197197 
695 0.975621 
696 1.384768 
697 1.179401 
698 1.097871 
699 0.937152 
700 0.745701 
701 0.932367 
702 0.837911 
703 1.808162 
704 1.733151 
705 0.954338 
706 1.069351 
707 0.605161 
708 0.855371 
709 1.599741 
710 1.435265 
711 0.448263 
712 0.261572 
713 0.729072 
714 1.404944 
715 2.176592 
716 1.711776 
717 1.355974 
718 1.422006 
719 -0.527812 
720 -0.097032 
721 -2.822755 
722 -2.089492 
723 1.187658 
724 1.243339 
725 0.848657 
726 1.203160 
727 1.359046 
728 1.648980 
729 0.776053 
730 0.907341 
731 1.355327 
732 1.244907 
733 1.383078 
734 1.574748 
735 0.450244 
736 0.303088 
737 0.346489 
738 0.775454 
739 2.687951 
740 2.121347 
741 0.787743 
742 1.010982 
743 0.429949 
744 0.206058 
745 1.430115 
746 1.745463 
747 1.153457 
748 1.019737 
749 1.265593 
750 1.150291 
751 1.060404 
752 1.447176 
753 1.538159 
754 1.664366 
755 -0.620349 
756 0.102453 
757 -3.061117 
758 -2.247212 
759 -0.157990 
760 0.532818 
761 -2.237954 
762 -1.749975 
763 1.752993 
764 1.316700 
765 1.172003 
766 1.082504 
767 1.059166 
768 1.115726 
769 1.018982 
770 0.988467 
771 1.485709 
772 1.219108 
773 1.095686 
774 1.232466 
775 0.902089 
776 1.143273 
777 1.024409 
778 0.865137 
779 1.478007 
780 1.690309 
781 0.944210 
782 1.121867 
783 0.716043 
784 0.653927 
785 1.147054 
786 1.265126 
787 1.368700 
788 1.484146 
789 1.229404 
790 1.218099 
791 0.358340 
792 0.961512 
793 0.973727 
794 0.869899 
795 1.829262 
796 1.510179 
797 0.915677 
798 0.964269 
799 1.193758 
800 1.348235 
801 0.920777 
802 0.954254 
803 1.431433 
804 1.518938 
805 0.924709 
806 1.057071 
807 1.036323 
808 0.869266 
809 1.063520 
810 1.167547 
811 1.415228 
812 1.259596 
813 1.243263 
814 1.224203 
815 0.601948 
816 1.215547 
817 1.039487 
818 1.144875 
819 1.117956 
820 0.952803 
821 1.181562 
822 1.301911 
823 1.055503 
824 1.118933 
825 1.112728 
826 0.925339 
827 1.287242 
828 1.224965 
829 1.140476 
830 1.108753 
831 0.856519 
832 0.935302 
833 1.269436 
834 1.221374 
835 1.147300 
836 0.988736 
837 0.947541 
838 1.357091 
839 1.216643 
840 1.463002 
841 1.095088 
842 1.392691 
843 0.793849 
844 0.694554 
845 1.089155 
846 1.246628 
847 1.628785 
848 1.458991 
849 0.895050 
850 1.050957 
851 1.316213 
852 0.984780 
853 1.475693 
854 1.252603 
855 0.666921 
856 0.666795 
857 0.869933 
858 0.852217 
859 1.888960 
860 2.677705 
861 0.552934 
862 0.373118 
863 0.447210 
864 0.985769 
865 1.121911 
866 1.064108 
867 1.556785 
868 1.449849 
869 0.762308 
870 0.624643 
871 1.668447 
872 1.687889 
873 0.986473 
874 1.002839 
875 0.809720 
876 0.763569 
877 1.443209 
878 1.480874 
879 0.881805 
880 0.970583 
881 1.248040 
882 1.208465 
883 1.242855 
884 1.720148 
885 0.740154 
886 1.152366 
887 1.149136 
888 0.924427 
889 0.877739 
890 0.836201 
891 1.946175 
892 1.612588 
893 0.526036 
894 0.487047 
895 1.720126 
896 1.683614 
897 0.985233 
898 1.119046 
899 0.744883 
900 0.804451 
901 -1.284256 
902 -0.048586 
903 -3.473498 
904 -2.305352 
905 0.913998 
906 0.977956 
907 1.176785 
908 1.185513 
909 0.984558 
910 1.025800 
911 1.372478 
912 1.201196 
913 0.985140 
914 1.091388 
915 1.280809 
916 1.097211 
917 1.008702 
918 1.246395 
919 1.236760 
920 1.139518 
921 1.286674 
922 1.374283 
923 0.837891 
924 0.925231 
925 1.210410 
926 1.211464 
927 1.327599 
928 1.087465 
929 1.379564 
930 0.816508 
931 1.361954 
932 1.615037 
933 0.730138 
934 0.754967 
935 1.486962 
936 1.527279 
937 0.844087 
938 0.944348 
939 1.233329 
940 1.275424 
941 0.818731 
942 0.993704 
943 1.322500 
944 1.281035 
945 1.168510 
946 1.285092 
947 0.711657 
948 1.130228 
949 0.961197 
950 0.943890 
951 1.613340 
952 1.321271 
953 1.177602 
954 0.948182 
955 1.034430 
956 1.224261 
957 1.114137 
958 1.247047 
959 1.212140 
960 1.062370 
961 1.236955 
962 1.270609 
963 1.076413 
964 0.859871 
965 0.894718 
966 0.742127 
967 1.818696 
968 2.470086 
969 0.793749 
970 0.755454 
971 0.224026 
972 0.488253 
973 1.110326 
974 1.217933 
975 1.719768 
976 1.326297 
977 1.065247 
978 1.434107 
979 0.737414 
980 0.575836 
981 0.877030 
982 0.995540 
983 2.015043 
984 2.524297 
985 0.924849 
986 0.807201 
987 0.255852 
988 0.465104 
989 1.842998 
990 1.696161 
991 0.482393 
992 0.451634 
993 0.703777 
994 1.308554 
995 2.202444 
996 1.240279 
997 1.447127 
998 1.461668 
999 0.508869 
1000 0.655270 
1001 1.206372 
1002 1.179382 
1003 1.550332 
1004 1.317260 
1005 1.205858 
1006 1.277898 
1007 0.733991 
1008 0.671718 
1009 1.003582 
1010 0.913846 
1011 1.904552 
1012 1.557208 
1013 1.137246 
1014 0.790981 
1015 1.027146 
1016 1.331865 
1017 1.170964 
1018 1.227480 
1019 0.850784 
1020 0.519856 
1021 0.830392 
1022 0.722173 
1023 -2.601928 
1024 -2.055426 
1025 -2.025922 
1026 -1.652480 
1027 -0.084848 
1028 0.833074 
1029 1.213153 
1030 1.017170 
1031 1.446084 
1032 1.436180 
1033 0.973037 
1034 0.998460 
1035 1.162299 
1036 1.749756 
1037 1.406521 
1038 1.229767 
1039 -0.858610 
1040 -0.201889 
1041 -2.960277 
1042 -2.288681 
1043 -0.911600 
1044 -0.182337 
1045 -3.047831 
1046 -1.916304 
1047 0.551080 
1048 1.329408 
1049 1.551722 
1050 1.480762 
1051 -0.867533 
1052 -0.343858 
1053 -2.795675 
1054 -2.101257 
1055 0.672066 
1056 1.640192 
1057 1.423568 
1058 0.984838 
1059 0.735671 
1060 0.424900 
1061 0.138996 
1062 0.172196 
1063 -3.243147 
1064 -2.183553 
1065 -1.827919 
1066 -2.231515 
1067 -0.978227 
1068 -1.178692 
1069 -1.460295 
1070 -2.856660 
1071 -1.319196 
1072 -0.823649 
1073 -0.762784 
1074 -0.583721 
1075 -3.327842 
1076 -2.457549 
1077 -1.745789 
1078 -2.143085 
1079 -1.967450 
1080 -2.028063 
1081 -2.291389 
1082 -2.206131 
1083 -2.004287 
1084 -1.299976 
1085 -1.688408 
1086 -1.311751 
1087 -2.828271 
1088 -2.144092 
1089 -1.538421 
1090 -1.951094 
1091 -1.545883 
1092 -1.098944 
1093 -2.321882 
1094 -2.170107 
1095 0.185657 
1096 0.773982 
1097 1.292787 
1098 1.407918 
1099 1.227433 
1100 0.939842 
1101 1.478431 
1102 1.348503 
1103 0.884546 
1104 1.161267 
1105 1.047463 
1106 1.161153 
1107 1.441141 
1108 0.753095 
1109 0.925338 
1110 0.976232 
1111 1.977073 
1112 1.857792 
1113 0.955523 
1114 1.074648 
1115 0.715013 
1116 0.831953 
1117 1.196293 
1118 1.246144 
1119 1.309216 
1120 1.627830 
1121 1.184720 
1122 1.208949 
1123 0.605263 
1124 0.561291 
1125 1.806158 
1126 1.748879 
1127 0.404034 
1128 0.360874 
1129 0.987150 
1130 0.655331 
1131 2.212715 
1132 2.408954 
1133 0.566555 
1134 0.774017 
1135 0.515887 
1136 0.529545 
1137 1.217828 
1138 1.531726 
1139 1.243096 
1140 1.159351 
1141 1.199202 
1142 1.124122 
1143 1.197578 
1144 1.821445 
1145 1.023805 
1146 1.226054 
1147 0.680135 
1148 0.532603 
1149 1.385465 
1150 1.672150 
1151 1.049051 
1152 1.671856 
1153 0.875127 
1154 0.895221 
1155 1.014388 
1156 1.068377 
1157 1.256881 
1158 1.304422 
1159 0.938325 
1160 1.000320 
1161 1.012794 
1162 1.254426 
1163 1.305344 
1164 1.294641 
1165 1.181567 
1166 1.144580 
1167 0.953348 
1168 0.799667 
1169 1.120947 
1170 1.060605 
1171 1.413914 
1172 1.482780 
1173 0.882345 
1174 0.824211 
1175 1.285868 
1176 1.255426 
1177 1.217717 
1178 1.136835 
1179 1.028905 
1180 1.447087 
1181 1.104525 
1182 1.208019 
1183 0.828694 
1184 0.764662 
1185 1.237415 
1186 1.156306 
1187 1.451843 
1188 1.378489 
1189 1.379370 
1190 0.677117 
1191 1.133403 
1192 1.614610 
1193 1.154106 
1194 1.157739 
1195 0.785590 
1196 1.047838 
1197 0.910227 
1198 1.026441 
1199 1.503702 
1200 1.255433 
1201 -2.723714 
1202 -1.010498 
1203 -0.806476 
1204 -1.170039 
1205 -3.239888 
1206 -1.245751 
1207 -1.041351 
1208 -1.099928 
1209 -3.184821 
1210 -1.164936 
1211 0.599533 
1212 0.464422 
1213 0.736982 
1214 0.408753 
1215 2.627242 
1216 2.942425 
1217 0.211971 
1218 0.353486 
1219 0.646531 
1220 0.609727 
1221 1.013199 
1222 1.375093 
1223 1.584944 
1224 1.913232 
1225 0.899169 
1226 0.998325 
1227 0.888358 
1228 1.113456 
1229 1.278030 
1230 1.268224 
1231 1.049399 
1232 0.972428 
1233 1.163943 
1234 1.500106 
1235 0.960742 
1236 1.605395 
1237 0.738186 
1238 0.681667 
1239 1.673715 
1240 1.456336 
1241 1.040850 
1242 0.907183 
1243 1.328504 
1244 1.448765 
1245 1.072588 
1246 1.050701 
1247 1.042750 
1248 1.841523 
1249 1.031418 
1250 1.735535 
1251 -0.565824 
1252 -1.332082 
1253 -0.462689 
1254 -1.170717 
1255 2.719676 
1256 2.036391 
1257 -2.499817 
1258 -1.038637 
1259 -0.964878 
1260 -0.613562 
1261 -1.406847 
1262 -0.474840 
1263 -3.960594 
1264 -2.112082 
1265 1.236415 
1266 1.123296 
1267 1.003086 
1268 1.008783 
1269 1.652853 
1270 1.748596 
1271 -0.569497 
1272 0.043605 
1273 -2.511522 
1274 -1.872209 
1275 1.639249 
1276 1.499289 
1277 1.038865 
1278 1.307473 
1279 0.988862 
1280 1.177494 
1281 1.057600 
1282 1.032971 
1283 1.394427 
1284 1.415654 
1285 1.070061 
1286 0.976730 
1287 1.140014 
1288 1.151819 
1289 1.024010 
1290 1.204130 
1291 1.265470 
1292 1.145602 
1293 1.026878 
1294 0.988270 
1295 1.386604 
1296 1.689146 
1297 0.788999 
1298 0.926148 
1299 1.265522 
1300 1.037266 
1301 1.035406 
1302 1.193697 
1303 1.435814 
1304 1.366211 
1305 1.005007 
1306 1.095033 
1307 1.189421 
1308 1.308493 
1309 1.167695 
1310 1.233040 
1311 0.961053 
1312 1.132435 
1313 1.088523 
1314 1.231225 
1315 1.165228 
1316 1.374606 
1317 0.774764 
1318 0.505864 
1319 1.808983 
1320 1.414747 
1321 1.142254 
1322 0.971148 
1323 1.098844 
1324 1.256633 
1325 1.121601 
1326 1.136948 
1327 1.114431 
1328 1.433527 
1329 1.124382 
1330 1.238782 
1331 0.822827 
1332 0.816991 
1333 1.127251 
1334 1.233011 
1335 1.497413 
1336 1.321668 
1337 0.943366 
1338 1.044709 
1339 1.314565 
1340 1.283416 
1341 0.772326 
1342 0.864276 
1343 1.684291 
1344 2.379145 
1345 0.602014 
1346 0.790745 
1347 0.663110 
1348 0.757468 
1349 1.289244 
1350 1.410092 
1351 1.287845 
1352 1.345818 
1353 1.281045 
1354 1.219069 
1355 0.904662 
1356 1.128189 
1357 1.082675 
1358 0.985000 
1359 1.646797 
1360 1.564561 
1361 1.085249 
1362 1.074033 
1363 1.025819 
1364 1.236168 
1365 1.270857 
1366 1.305596 
1367 0.952716 
1368 0.516639 
1369 1.290957 
1370 1.292827 
1371 1.567765 
1372 1.429893 
1373 0.988145 
1374 0.915029 
1375 1.262869 
1376 1.544286 
1377 1.103716 
1378 0.962138 
1379 1.208351 
1380 0.954729 
1381 0.841692 
1382 0.931565 
1383 1.880814 
1384 1.980758 
1385 1.030747 
1386 1.127400 
1387 0.252448 
1388 0.538538 
1389 1.668807 
1390 0.903150 
1391 1.484899 
1392 0.998519 
1393 1.088222 
1394 1.259948 
1395 1.377633 
1396 0.928176 
1397 1.468239 
1398 1.264387 
1399 1.077940 
1400 0.903858 
1401 1.495752 
1402 1.785297 
1403 0.326861 
1404 0.483551 
1405 2.132133 
1406 1.752944 
1407 -0.346877 
1408 -0.790683 
1409 1.610040 
1410 2.192270 
1411 0.175569 
1412 0.486157 
1413 -0.759841 
1414 -1.173878 
1415 2.656364 
1416 0.941965 
1417 0.040767 
1418 0.058188 
1419 2.702834 
1420 2.028662 
1421 0.273779 
1422 0.574022 
1423 1.711925 
1424 1.624959 
1425 0.957234 
1426 0.674199 
1427 1.634396 
1428 1.365726 
1429 1.388985 
1430 1.284742 
1431 0.820741 
1432 0.536874 
1433 1.532112 
1434 1.175197 
1435 1.396943 
1436 1.610164 
1437 -0.473740 
1438 0.409626 
1439 -2.789282 
1440 -2.294003 
1441 0.133839 
1442 1.040704 
1443 -2.829299 
1444 -1.404451 
1445 1.317901 
1446 1.345419 
1447 1.374374 
1448 1.616853 
1449 1.067903 
1450 0.875194 
1451 0.918745 
1452 0.984078 
1453 -0.566653 
1454 -0.024702 
1455 -3.182693 
1456 -2.267248 
1457 -0.501211 
1458 0.156124 
1459 -2.831416 
1460 -1.564360 
1461 1.010751 
1462 0.922332 
1463 1.531399 
1464 1.066156 
1465 1.193058 
1466 1.286979 
1467 0.682048 
1468 1.123485 
1469 0.736929 
1470 0.515326 
1471 1.821864 
1472 2.562652 
1473 -0.469178 
1474 0.220250 
1475 -1.924679 
1476 -1.030731 
1477 1.638581 
1478 2.065231 
1479 -0.033943 
1480 2.153908 
1481 -2.543450 
1482 -1.465144 
1483 -0.604580 
1484 0.169768 
1485 -1.902809 
1486 -1.281386 
1487 2.106233 
1488 2.047852 
1489 0.687134 
1490 0.852856 
1491 0.569089 
1492 0.573713 
1493 0.771867 
1494 1.113308 
1495 1.955077 
1496 1.642262 
1497 0.961434 
1498 1.132276 
1499 0.610774 
1500 0.693932 
1501 0.674079 
1502 1.268700 
1503 1.877996 
1504 1.824256 
1505 0.514394 
1506 0.808003 
1507 1.315326 
1508 1.237420 
1509 1.169011 
1510 1.438298 
1511 0.696304 
1512 0.315445 
1513 0.386331 
1514 0.722576 
1515 2.507985 
1516 1.973624 
1517 0.719917 
1518 0.837854 
1519 0.612634 
1520 0.964442 
1521 1.231392 
1522 1.047787 
1523 1.238576 
1524 1.478288 
1525 1.065106 
1526 0.680768 
1527 1.264811 
1528 1.212409 
1529 0.967233 
1530 0.992595 
1531 1.278933 
1532 1.121336 
1533 1.058028 
1534 1.079434 
1535 1.258207 
1536 1.373851 
1537 1.578644 
1538 1.236220 
1539 -0.508368 
1540 0.292335 
1541 -2.447425 
1542 -1.746171 
1543 1.274564 
1544 1.638013 
1545 0.646975 
1546 0.665103 
1547 1.312377 
1548 1.244933 
1549 0.976336 
1550 1.020184 
1551 1.171045 
1552 1.106746 
1553 0.961894 
1554 0.886341 
1555 1.447459 
1556 1.683186 
1557 1.005161 
1558 0.836359 
1559 0.948552 
1560 1.029645 
1561 1.234316 
1562 1.145453 
1563 1.074530 
1564 1.207208 
1565 1.086389 
1566 1.224138 
1567 1.108618 
1568 0.882720 
1569 1.050361 
1570 1.189503 
1571 1.342942 
1572 1.521448 
1573 1.074190 
1574 1.183338 
1575 0.747464 
1576 0.889815 
1577 1.233599 
1578 1.306780 
1579 0.976123 
1580 1.027576 
1581 1.213620 
1582 1.163002 
1583 1.003029 
1584 1.086697 
1585 1.091145 
1586 0.980054 
1587 1.283862 
1588 1.330116 
1589 0.914682 
1590 0.910192 
1591 1.305258 
1592 1.592875 
1593 0.961278 
1594 1.081538 
1595 1.008987 
1596 0.793264 
1597 1.223018 
1598 1.008749 
1599 1.265220 
1600 1.351408 
1601 0.455656 
1602 0.516566 
1603 1.932882 
1604 2.166155 
1605 -0.478995 
1606 0.285281 
1607 -2.634130 
1608 -1.467209 
1609 1.526955 
1610 1.439502 
1611 1.074900 
1612 0.866515 
1613 0.962829 
1614 0.895396 
1615 1.718223 
1616 1.160819 
1617 1.213680 
1618 1.366986 
1619 0.699858 
1620 0.883493 
1621 1.105283 
1622 1.096512 
1623 1.417781 
1624 1.156528 
1625 1.344091 
1626 1.382915 
1627 0.577067 
1628 0.723613 
1629 0.791495 
1630 1.333533 
1631 1.902456 
1632 1.205865 
1633 1.152606 
1634 1.192285 
1635 1.055418 
1636 1.611221 
1637 1.149051 
1638 1.202059 
1639 0.695302 
1640 0.651860 
1641 1.309580 
1642 1.531057 
1643 0.991076 
1644 0.931873 
1645 1.258875 
1646 1.121910 
1647 1.137994 
1648 0.933047 
1649 1.074345 
1650 1.302793 
1651 1.083705 
1652 1.098217 
1653 1.204498 
1654 1.165834 
1655 0.922683 
1656 1.315471 
1657 0.838087 
1658 0.697394 
1659 1.678730 
1660 1.001819 
1661 1.024837 
1662 1.112929 
1663 1.335271 
1664 1.582442 
1665 0.636407 
1666 0.754723 
1667 1.254775 
1668 1.442700 
1669 -0.857242 
1670 0.034234 
1671 -2.989580 
1672 -1.953420 
1673 0.971536 
1674 1.023003 
1675 1.280693 
1676 1.462521 
1677 0.948244 
1678 0.761263 
1679 1.458581 
1680 1.519058 
1681 1.033447 
1682 1.028856 
1683 0.934512 
1684 1.244365 
1685 1.295149 
1686 0.923963 
1687 1.072458 
1688 1.190748 
1689 1.040095 
1690 0.987040 
1691 1.317649 
1692 1.842523 
1693 -0.098292 
1694 1.014648 
1695 -2.433713 
1696 -1.371533 
1697 1.271877 
1698 1.241828 
1699 1.424121 
1700 1.459399 
1701 -0.899621 
1702 0.084139 
1703 -3.040532 
1704 -1.974723 
1705 1.096295 
1706 0.910171 
1707 1.272131 
1708 1.246883 
1709 1.093665 
1710 0.974303 
1711 1.235482 
1712 1.103804 
1713 1.204546 
1714 1.038651 
1715 1.279139 
1716 1.486155 
1717 1.240081 
1718 1.229130 
1719 0.665048 
1720 0.847443 
1721 1.032049 
1722 0.957035 
1723 1.584611 
1724 1.468925 
1725 1.022148 
1726 0.786644 
1727 1.220775 
1728 1.124759 
1729 1.090371 
1730 1.088004 
1731 1.236640 
1732 1.447847 
1733 0.948044 
1734 1.025018 
1735 1.124418 
1736 1.060532 
1737 1.350970 
1738 1.418895 
1739 0.658110 
1740 1.433164 
1741 0.645103 
1742 0.656503 
1743 1.893780 
1744 1.118647 
1745 0.699736 
1746 0.860592 
1747 1.815753 
1748 1.689906 
1749 1.105743 
1750 0.780921 
1751 0.986066 
1752 0.988957 
1753 1.319102 
1754 1.127122 
1755 1.046297 
1756 1.751683 
1757 1.011838 
1758 1.092403 
1759 0.744708 
1760 0.930011 
1761 1.313054 
1762 1.009600 
1763 1.489250 
1764 1.523847 
1765 0.861019 
1766 1.044433 
1767 1.287779 
1768 0.776372 
1769 1.119601 
1770 1.168151 
1771 1.394044 
1772 1.911351 
1773 0.721994 
1774 0.962958 
1775 0.960739 
1776 0.842935 
1777 0.855314 
1778 0.735085 
1779 2.007190 
1780 1.550137 
1781 0.728293 
1782 0.695910 
1783 1.510802 
1784 1.327036 
1785 0.930940 
1786 1.043096 
1787 1.150887 
1788 1.104156 
1789 0.903307 
1790 0.989026 
1791 1.552940 
1792 1.439513 
1793 0.955295 
1794 1.027084 
1795 1.000690 
1796 0.890379 
1797 1.295187 
1798 1.138375 
1799 1.103605 
1800 1.235526 
1801 1.015824 
1802 1.058298 
1803 1.199134 
1804 0.885538 
1805 1.316704 
1806 1.331262 
1807 0.993378 
1808 0.980282 
1809 1.095647 
1810 1.033058 
1811 1.328554 
1812 1.224718 
1813 0.932939 
1814 1.087210 
1815 1.158694 
1816 1.417041 
1817 1.289798 
1818 1.483020 
1819 -0.801893 
1820 0.064751 
1821 -2.709207 
1822 -2.179912 
1823 0.871179 
1824 0.812072 
1825 1.320404 
1826 1.177582 
1827 1.269877 
1828 1.334279 
1829 1.110361 
1830 1.153837 
1831 0.942055 
1832 1.321540 
1833 1.281173 
1834 0.999580 
1835 1.064097 
1836 1.441871 
1837 1.067717 
1838 1.159117 
1839 0.856481 
1840 1.225133 
1841 1.374656 
1842 1.154172 
1843 0.879608 
1844 0.993036 
1845 0.865090 
1846 1.041843 
1847 1.732630 
1848 1.508283 
1849 1.061785 
1850 1.352136 
1851 0.698438 
1852 0.723408 
1853 0.801733 
1854 0.806407 
1855 2.009604 
1856 1.886176 
1857 0.574385 
1858 0.759286 
1859 1.376555 
1860 1.401275 
1861 1.200085 
1862 1.525388 
1863 0.690379 
1864 0.407326 
1865 1.576435 
1866 1.733530 
1867 0.806755 
1868 0.990847 
1869 1.640313 
1870 1.119911 
1871 0.853107 
1872 1.034661 
1873 1.435062 
1874 1.318009 
1875 0.814681 
1876 0.777870 
1877 1.415586 
1878 1.240260 
1879 1.206206 
1880 1.723634 
1881 0.901350 
1882 0.574762 
1883 1.426588 
1884 1.698379 
1885 0.837916 
1886 0.958218 
1887 1.308948 
1888 1.466306 
1889 1.427107 
1890 1.144396 
1891 0.618958 
1892 0.645097 
1893 1.598011 
1894 1.509986 
1895 0.903270 
1896 0.585333 
1897 1.340995 
1898 1.508122 
1899 0.990001 
1900 0.894017 
1901 0.963660 
1902 0.995477 
1903 1.614589 
1904 1.607707 
1905 0.898201 
1906 0.688467 
1907 1.476276 
1908 1.442315 
1909 1.161029 
1910 1.018366 
1911 0.991088 
1912 1.527527 
1913 1.331167 
1914 1.035820 
1915 0.833861 
1916 0.896289 
1917 0.947440 
1918 1.059239 
1919 1.813360 
1920 1.310170 
1921 0.937071 
1922 1.071394 
1923 1.133792 
1924 1.234906 
1925 1.500830 
1926 1.391538 
1927 -0.922918 
1928 -0.248137 
1929 -2.660716 
1930 -2.253961 
1931 0.704983 
1932 1.089121 
1933 1.017988 
1934 1.179701 
1935 1.270722 
1936 0.994541 
1937 1.135413 
1938 1.228215 
1939 1.243377 
1940 1.286188 
1941 1.516938 
1942 1.558001 
1943 -0.727830 
1944 0.089647 
1945 -2.731879 
1946 -1.969510 
1947 0.971078 
1948 1.477061 
1949 -0.773052 
1950 0.142936 
1951 -2.966142 
1952 -2.097252 
1953 1.143131 
1954 1.185231 
1955 1.141093 
1956 1.665639 
1957 -0.185389 
1958 0.564281 
1959 2.108888 
1960 1.464334 
1961 0.894865 
1962 0.969334 
1963 1.171507 
1964 1.628778 
1965 1.063573 
1966 1.013300 
1967 0.873002 
1968 0.880676 
1969 1.239390 
1970 1.294462 
1971 1.151695 
1972 1.197111 
1973 1.064228 
1974 0.916973 
1975 1.267368 
1976 1.384223 
1977 1.030299 
1978 1.298933 
1979 0.836396 
1980 -0.441376 
1981 -2.082284 
1982 -1.745522 
1983 -2.727865 
1984 -3.090963 
1985 0.162163 
1986 0.185772 
1987 0.363196 
1988 0.805306 
1989 1.364135 
1990 1.489783 
1991 0.840499 
1992 1.054072 
1993 1.357264 
1994 1.122265 
1995 1.050575 
1996 1.217585 
1997 1.131791 
1998 0.741989 
1999 1.576151 
2000 2.146371 
2001 1.003208 
2002 1.153061 
2003 0.252226 
2004 0.432236 
2005 1.050771 
2006 1.146979 
2007 1.917289 
2008 2.514382 
2009 0.665387 
2010 0.540858 
2011 0.616841 
2012 1.043962 
2013 1.380106 
2014 1.288529 
2015 1.080585 
2016 1.495282 
2017 1.372847 
2018 1.417693 
2019 0.524861 
2020 -0.132436 
2021 -1.376449 
2022 -1.948265 
2023 -2.357540 
2024 -2.363429 
2025 -0.758994 
2026 -0.869739 
2027 -2.483250 
2028 -1.664391 
2029 -1.033213 
2030 -3.525709 
2031 -0.527766 
2032 -1.393492 
2033 -1.119825 
2034 -0.557790 
2035 -3.201666 
2036 -2.289184 
2037 -2.169137 
2038 -2.711138 
2039 -2.222060 
2040 -2.057460 
2041 -2.489287 
2042 -2.247072 
2043 -2.493686 
2044 -1.542279 
2045 -1.568540 
2046 -1.242898 
2047 -2.907850 
2048 -2.151090 
2049 -1.162618 
2050 -1.642776 
2051 -2.032796 
2052 -2.819666 
2053 0.533630 
2054 0.565387 
2055 0.815810 
2056 1.173883 
2057 0.959076 
2058 0.849791 
2059 1.589563 
2060 1.544105 
2061 1.046538 
2062 1.001349 
2063 1.071096 
2064 0.969469 
2065 1.054134 
2066 1.296624 
2067 1.236939 
2068 1.339321 
2069 1.123298 
2070 1.291104 
2071 0.898900 
2072 1.083860 
2073 1.045796 
2074 1.191171 
2075 1.259420 
2076 1.297513 
2077 1.145290 
2078 1.040893 
2079 0.981092 
2080 1.514664 
2081 0.976486 
2082 0.766582 
2083 1.354213 
2084 1.330967 
2085 0.821901 
2086 0.767944 
2087 1.718769 
2088 1.308731 
2089 1.163808 
2090 1.112512 
2091 0.836344 
2092 0.926797 
2093 0.890803 
2094 0.849249 
2095 1.842847 
2096 1.135113 
2097 1.184843 
2098 1.414461 
2099 0.794999 
2100 1.024848 
2101 1.185957 
2102 1.160926 
2103 1.197524 
2104 1.243524 
2105 0.735366 
2106 1.048929 
2107 1.530436 
2108 1.196988 
2109 1.213306 
2110 1.102202 
2111 1.013377 
2112 1.004283 
2113 1.165933 
2114 1.156964 
2115 1.317658 
2116 1.453817 
2117 0.911417 
2118 0.901607 
2119 1.414269 
2120 1.302675 
2121 1.225385 
2122 1.072232 
2123 1.018207 
2124 1.133496 
2125 1.122213 
2126 1.085288 
2127 1.369623 
2128 1.112624 
2129 1.245510 
2130 1.173091 
2131 0.955578 
2132 1.321180 
2133 0.729939 
2134 0.809484 
2135 1.754595 
2136 1.445390 
2137 1.454682 
2138 1.123997 
2139 0.502156 
2140 1.372245 
2141 0.561480 
2142 0.622162 
2143 2.093263 
2144 1.549785 
2145 1.030158 
2146 0.962915 
2147 0.992431 
2148 1.329443 
2149 0.956853 
2150 1.114398 
2151 1.291140 
2152 1.280490 
2153 0.954497 
2154 1.075131 
2155 1.367583 
2156 1.087865 
2157 1.010474 
2158 1.266597 
2159 -1.819902 
2160 -0.931848 
2161 -0.869488 
2162 -0.902289 
2163 -3.752356 
2164 -1.503850 
2165 -1.002897 
2166 -1.219405 
2167 -3.616672 
2168 -1.384580 
2169 1.889301 
2170 1.316446 
2171 1.195473 
2172 0.030500 
2173 0.970848 
2174 0.819542 
2175 2.658882 
2176 2.347018 
2177 0.379618 
2178 0.717370 
2179 1.008402 
2180 1.057019 
2181 1.057379 
2182 1.055312 
2183 1.354263 
2184 1.389340 
2185 0.978377 
2186 1.116402 
2187 1.132084 
2188 1.051630 
2189 1.196032 
2190 0.948797 
2191 1.279647 
2192 1.513684 
2193 1.113113 
2194 1.053881 
2195 0.884793 
2196 1.048541 
2197 1.233345 
2198 1.022369 
2199 1.295589 
2200 1.081977 
2201 1.215866 
2202 1.244219 
2203 1.098411 
2204 1.259646 
2205 0.864561 
2206 1.320755 
2207 1.189306 
2208 1.790169 
2209 -1.074515 
2210 -2.701097 
2211 -0.478823 
2212 -0.600656 
2213 2.062437 
2214 1.096608 
2215 0.990216 
2216 0.846443 
2217 -0.363373 
2218 -0.617654 
2219 2.794867 
2220 2.224784 
2221 0.331631 
2222 0.511731 
2223 1.414780 
2224 1.758160 
2225 -0.583767 
2226 -0.031640 
2227 2.204274 
2228 1.934464 
2229 1.017932 
2230 0.816551 
2231 0.948559 
2232 1.002595 
2233 1.305260 
2234 0.997864 
2235 1.401171 
2236 1.436492 
2237 0.986431 
2238 0.994486 
2239 1.225131 
2240 1.352989 
2241 0.884673 
2242 0.933120 
2243 1.551040 
2244 1.467868 
2245 1.095525 
2246 1.360827 
2247 0.768786 
2248 0.856918 
2249 0.979663 
2250 1.055781 
2251 1.784405 
2252 1.695052 
2253 0.923369 
2254 1.388565 
2255 0.618608 
2256 0.668637 
2257 1.381066 
2258 1.214297 
2259 1.547658 
2260 0.778280 
2261 0.947163 
2262 0.917543 
2263 2.015399 
2264 2.000466 
2265 0.753328 
2266 0.884240 
2267 0.963913 
2268 1.007643 
2269 0.732408 
2270 0.729018 
2271 1.990737 
2272 2.192114 
2273 0.934428 
2274 0.937252 
2275 0.261964 
2276 0.174628 
2277 1.207487 
2278 1.409150 
2279 1.774804 
2280 1.650245 
2281 1.120664 
2282 1.220783 
2283 0.671064 
2284 0.818990 
2285 1.255725 
2286 1.186366 
2287 1.490902 
2288 2.052440 
2289 0.956028 
2290 0.978675 
2291 0.756869 
2292 0.682008 
2293 1.652641 
2294 1.291664 
2295 1.016862 
2296 0.999418 
2297 1.547323 
2298 1.475466 
2299 0.721190 
2300 0.911509 
2301 1.191618 
2302 0.839474 
2303 1.703955 
2304 1.824057 
2305 0.917067 
2306 0.764356 
2307 0.986627 
2308 1.039048 
2309 1.005288 
2310 0.857800 
2311 1.645758 
2312 1.558236 
2313 0.941088 
2314 1.011445 
2315 1.055113 
2316 1.483454 
2317 0.557800 
2318 0.761342 
2319 1.683728 
2320 1.621410 
2321 0.684083 
2322 0.784626 
2323 1.417289 
2324 1.484529 
2325 1.010186 
2326 0.895392 
2327 1.226922 
2328 1.056843 
2329 1.090987 
2330 1.088052 
2331 1.331477 
2332 1.365864 
2333 1.032471 
2334 1.185215 
2335 1.036098 
2336 1.036474 
2337 1.213758 
2338 1.328085 
2339 1.060049 
2340 1.044309 
2341 1.325039 
2342 0.994707 
2343 1.185547 
2344 1.600988 
2345 0.732112 
2346 0.436102 
2347 1.625567 
2348 1.582854 
2349 0.947679 
2350 1.039695 
2351 1.040127 
2352 1.034793 
2353 1.368882 
2354 1.194755 
2355 1.001814 
2356 1.076090 
2357 1.153075 
2358 1.007712 
2359 1.300657 
2360 1.571877 
2361 0.573858 
2362 0.740918 
2363 1.560006 
2364 1.968958 
2365 -0.092211 
2366 -0.226771 
2367 1.915934 
2368 2.737675 
2369 0.629263 
2370 0.564816 
2371 -0.647230 
2372 -0.057625 
2373 -0.377509 
2374 -0.593069 
2375 2.597914 
2376 -0.179775 
2377 1.672324 
2378 2.291465 
2379 0.253597 
2380 0.489756 
2381 1.764159 
2382 1.695597 
2383 0.817617 
2384 0.309881 
2385 1.549786 
2386 1.486459 
2387 1.451131 
2388 0.499915 
2389 0.925568 
2390 1.183305 
2391 1.998518 
2392 1.037225 
2393 2.573492 
2394 0.785571 
