3072 1
0 2.209465 
1 1.194009 
2 1.020600 
3 0.662262 
4 0.997504 
5 0.981731 
6 1.386717 
7 1.477971 
8 1.708375 
9 0.941813 
10 1.218701 
11 0.889604 
12 1.182198 
13 1.159684 
14 0.921434 
15 1.626717 
16 1.571133 
17 1.553300 
18 0.820723 
19 0.928598 
20 1.076524 
21 1.380508 
22 1.421526 
23 1.071110 
24 1.255268 
25 1.160047 
26 1.407483 
27 1.102378 
28 1.070503 
29 1.371272 
30 1.111650 
31 1.397427 
32 1.165596 
33 1.385356 
34 1.248685 
35 1.236208 
36 1.341331 
37 1.253573 
38 1.501023 
39 0.774947 
40 1.097242 
41 0.973065 
42 1.251349 
43 1.629213 
44 1.677100 
45 0.978780 
46 1.088102 
47 1.238611 
48 1.185088 
49 1.644677 
50 1.251818 
51 1.015184 
52 1.445396 
53 1.110080 
54 1.498221 
55 0.963629 
56 1.193666 
57 1.116665 
58 1.353655 
59 1.394170 
60 1.008981 
61 1.255641 
62 1.119408 
63 1.366507 
64 1.951387 
65 2.028350 
66 0.464133 
67 0.190902 
68 0.425526 
69 1.538961 
70 1.364908 
71 1.419653 
72 1.501217 
73 1.430840 
74 1.771489 
75 -0.001844 
76 -0.033652 
77 -0.151909 
78 2.177769 
79 2.414193 
80 2.467617 
81 0.840303 
82 0.667202 
83 0.730568 
84 1.423106 
85 1.472696 
86 1.395655 
87 0.488822 
88 0.902809 
89 0.720716 
90 1.739624 
91 1.302700 
92 1.711752 
93 1.118156 
94 0.794333 
95 1.110575 
96 1.579022 
97 1.593020 
98 1.486765 
99 0.116789 
100 0.963834 
101 0.920915 
102 1.620489 
103 1.130874 
104 1.448761 
105 0.954392 
106 1.142013 
107 1.288257 
108 1.273300 
109 1.083920 
110 1.163201 
111 1.263476 
112 1.766713 
113 1.677743 
114 0.622166 
115 0.737369 
116 0.648923 
117 1.398439 
118 1.432445 
119 1.277516 
120 1.453332 
121 0.968540 
122 1.378837 
123 0.946881 
124 1.169859 
125 1.442565 
126 0.940651 
127 1.049394 
128 1.191212 
129 1.527414 
130 1.280965 
131 1.096927 
132 1.411736 
133 1.439138 
134 1.135584 
135 1.069382 
136 1.257149 
137 1.215307 
138 1.723181 
139 0.862523 
140 0.939546 
141 1.205832 
142 1.267694 
143 1.679702 
144 2.362600 
145 1.220737 
146 1.007594 
147 0.614385 
148 1.042507 
149 1.090954 
150 1.444391 
151 1.378538 
152 1.772777 
153 1.054813 
154 0.931676 
155 1.084732 
156 1.146857 
157 1.343045 
158 0.990043 
159 1.362957 
160 1.463449 
161 1.401117 
162 0.987097 
163 1.153288 
164 0.977614 
165 1.286213 
166 1.730015 
167 0.981427 
168 1.233558 
169 1.180445 
170 1.330956 
171 1.245789 
172 1.355757 
173 1.266683 
174 1.101829 
175 1.172296 
176 1.217869 
177 1.364323 
178 1.123891 
179 1.236321 
180 1.192088 
181 1.200088 
182 1.339471 
183 1.138393 
184 1.244054 
185 1.260713 
186 1.301108 
187 1.088950 
188 1.267235 
189 1.127509 
190 1.109734 
191 1.290663 
192 1.857982 
193 1.877985 
194 1.567069 
195 -1.006018 
196 0.581625 
197 0.361372 
198 1.762493 
199 1.568919 
200 -0.262949 
201 1.449735 
202 1.825160 
203 1.528110 
204 1.632906 
205 1.668250 
206 1.487908 
207 -0.175630 
208 2.400392 
209 1.436698 
210 0.315544 
211 0.229678 
212 -1.016142 
213 1.677932 
214 1.939114 
215 1.628845 
216 1.638464 
217 1.711793 
218 1.725139 
219 -0.575557 
220 1.203076 
221 1.049238 
222 0.956657 
223 1.153734 
224 -0.370589 
225 1.832370 
226 1.515134 
227 1.532823 
228 1.894567 
229 1.579193 
230 1.756221 
231 -0.929537 
232 0.958743 
233 0.263969 
234 1.447430 
235 1.662111 
236 -0.079184 
237 1.647451 
238 1.449423 
239 1.616275 
240 1.652864 
241 1.586532 
242 1.672105 
243 -0.224949 
244 1.251599 
245 1.020843 
246 1.147544 
247 1.118416 
248 0.000350 
249 1.471978 
250 1.619798 
251 1.495730 
252 1.354038 
253 1.432718 
254 1.315359 
255 0.635018 
256 1.841438 
257 1.715485 
258 0.597007 
259 0.484629 
260 -0.022410 
261 1.658877 
262 1.594607 
263 1.484752 
264 1.617340 
265 1.621581 
266 1.692135 
267 -0.504319 
268 0.192325 
269 0.336918 
270 1.577673 
271 2.158558 
272 1.061407 
273 1.271225 
274 1.342211 
275 1.153614 
276 1.899135 
277 1.491458 
278 1.926711 
279 -0.545989 
280 0.943858 
281 0.472277 
282 1.735098 
283 1.331441 
284 0.811790 
285 1.521966 
286 1.170450 
287 1.481040 
288 1.813341 
289 1.774560 
290 1.385034 
291 -0.081319 
292 0.880754 
293 0.887429 
294 1.431438 
295 1.378520 
296 1.082657 
297 1.170260 
298 1.291800 
299 1.559182 
300 1.407146 
301 1.271779 
302 1.396881 
303 0.783522 
304 1.307708 
305 1.824241 
306 0.704824 
307 0.777035 
308 0.138541 
309 1.525750 
310 1.826219 
311 1.297454 
312 1.284825 
313 1.671669 
314 1.705555 
315 0.278715 
316 0.903598 
317 1.150804 
318 1.103142 
319 1.184445 
320 -0.476090 
321 1.801555 
322 1.662456 
323 1.511945 
324 1.797790 
325 1.634298 
326 1.745618 
327 -0.739071 
328 1.254568 
329 0.954494 
330 1.221833 
331 1.096778 
332 -0.594648 
333 1.606692 
334 1.687471 
335 1.809464 
336 1.702053 
337 1.831243 
338 1.712339 
339 -0.892796 
340 0.540995 
341 0.467515 
342 1.864944 
343 1.465469 
344 -0.001412 
345 1.569395 
346 1.647665 
347 1.428645 
348 1.793119 
349 1.665420 
350 1.493448 
351 -0.395272 
352 1.772085 
353 1.762861 
354 0.465915 
355 0.460134 
356 -0.548162 
357 1.618153 
358 1.861943 
359 1.529022 
360 1.722244 
361 1.485977 
362 1.789946 
363 -0.480970 
364 1.159326 
365 1.030000 
366 1.008706 
367 1.197120 
368 -0.332007 
369 1.788073 
370 1.466858 
371 1.554777 
372 1.839300 
373 1.572019 
374 1.687682 
375 -0.712673 
376 1.168484 
377 0.893564 
378 1.098069 
379 1.272893 
380 -0.620775 
381 1.679911 
382 1.623302 
383 1.698920 
384 1.241707 
385 1.707702 
386 1.496427 
387 0.484319 
388 1.048253 
389 1.036680 
390 1.477541 
391 1.126047 
392 1.412866 
393 1.030717 
394 1.266417 
395 1.115565 
396 0.949472 
397 1.208615 
398 1.092410 
399 1.548868 
400 1.511589 
401 1.379734 
402 1.082739 
403 0.828474 
404 0.611067 
405 1.579196 
406 1.458383 
407 1.261618 
408 1.527662 
409 1.092391 
410 1.229661 
411 1.017294 
412 1.316195 
413 1.211836 
414 1.133111 
415 1.206053 
416 1.040310 
417 1.443826 
418 1.089901 
419 1.478473 
420 1.470969 
421 1.510817 
422 1.576519 
423 0.396316 
424 1.074018 
425 0.792422 
426 1.623390 
427 1.393203 
428 1.207481 
429 1.261516 
430 1.093915 
431 1.230018 
432 1.423735 
433 1.619336 
434 1.153206 
435 0.846183 
436 1.272436 
437 1.024910 
438 1.346163 
439 1.202346 
440 0.767112 
441 1.311552 
442 1.363428 
443 1.579643 
444 1.219067 
445 1.261135 
446 1.041630 
447 1.345611 
448 1.985340 
449 1.780298 
450 0.480322 
451 0.408688 
452 -0.178289 
453 1.694888 
454 1.585515 
455 1.554912 
456 1.855890 
457 1.625827 
458 1.785384 
459 -0.792646 
460 0.042700 
461 -0.068121 
462 1.885912 
463 2.476044 
464 2.142055 
465 0.891456 
466 0.883738 
467 0.792470 
468 1.489291 
469 1.635687 
470 1.728251 
471 -0.211901 
472 0.902331 
473 0.338668 
474 1.698574 
475 1.666530 
476 1.325806 
477 1.147532 
478 1.211157 
479 1.094021 
480 1.608756 
481 1.607624 
482 1.439996 
483 0.203154 
484 0.881107 
485 0.672822 
486 1.681389 
487 1.439882 
488 1.737957 
489 0.920055 
490 1.097578 
491 1.103328 
492 1.122726 
493 1.039560 
494 1.106857 
495 1.497767 
496 1.664787 
497 1.736507 
498 0.748089 
499 0.603833 
500 0.415292 
501 1.524698 
502 1.440496 
503 1.330130 
504 1.250859 
505 1.138202 
506 1.204738 
507 1.167463 
508 1.203394 
509 1.191383 
510 1.211410 
511 1.095931 
512 1.172211 
513 1.419531 
514 1.269528 
515 1.176687 
516 1.308988 
517 1.359137 
518 1.276982 
519 1.081913 
520 1.023374 
521 1.112972 
522 1.549059 
523 1.210152 
524 1.139574 
525 1.139762 
526 1.246472 
527 1.520060 
528 1.503027 
529 1.450144 
530 1.290999 
531 0.695558 
532 1.127808 
533 1.006582 
534 1.636335 
535 1.152948 
536 1.505756 
537 1.049396 
538 1.194332 
539 1.109830 
540 1.089985 
541 1.358836 
542 1.095015 
543 1.416787 
544 1.350067 
545 1.629602 
546 0.984584 
547 1.040951 
548 0.997109 
549 1.255092 
550 1.452897 
551 1.179899 
552 1.506637 
553 1.020920 
554 1.147029 
555 1.404099 
556 1.359862 
557 1.145624 
558 1.036512 
559 1.325231 
560 1.123022 
561 1.438961 
562 1.198584 
563 1.193586 
564 0.796326 
565 1.471492 
566 1.420419 
567 1.080102 
568 1.239389 
569 1.022985 
570 1.373663 
571 1.213787 
572 1.178898 
573 1.354110 
574 1.155813 
575 1.179009 
576 1.835981 
577 1.704576 
578 1.712130 
579 -0.868533 
580 0.485321 
581 0.529817 
582 1.615289 
583 1.653306 
584 0.072558 
585 1.520423 
586 1.601844 
587 1.424258 
588 1.540337 
589 1.559956 
590 1.565913 
591 -0.033312 
592 1.612677 
593 1.671955 
594 0.753103 
595 0.411297 
596 -0.674495 
597 1.750216 
598 1.725676 
599 1.540153 
600 1.841113 
601 1.608151 
602 1.572500 
603 -0.420379 
604 1.082352 
605 1.305876 
606 0.999338 
607 1.078237 
608 -0.294426 
609 1.627511 
610 1.637863 
611 1.590779 
612 1.603414 
613 1.733142 
614 1.876948 
615 -0.883042 
616 0.471532 
617 0.502133 
618 1.645744 
619 1.711671 
620 0.178741 
621 1.561602 
622 1.388725 
623 1.544456 
624 1.605092 
625 1.590744 
626 1.395691 
627 0.177121 
628 1.131732 
629 1.004386 
630 1.287432 
631 1.106348 
632 0.247785 
633 1.357477 
634 1.615053 
635 1.437956 
636 1.370850 
637 1.278464 
638 1.157981 
639 0.860106 
640 1.458000 
641 1.934119 
642 0.752726 
643 0.629975 
644 -0.104008 
645 1.513906 
646 1.705546 
647 1.579043 
648 1.442590 
649 1.550662 
650 1.965620 
651 -0.581712 
652 0.165124 
653 0.192035 
654 1.801156 
655 2.117330 
656 1.324837 
657 1.334330 
658 1.050632 
659 1.094713 
660 1.863640 
661 1.670437 
662 1.541659 
663 -0.365906 
664 1.054691 
665 0.792817 
666 1.487108 
667 1.326874 
668 0.779333 
669 1.581925 
670 1.362626 
671 1.357428 
672 1.407570 
673 1.821968 
674 1.626065 
675 0.032717 
676 0.870377 
677 0.726868 
678 1.937476 
679 1.078311 
680 0.834563 
681 1.233571 
682 1.502588 
683 1.472505 
684 1.395837 
685 1.303927 
686 1.034868 
687 1.061060 
688 1.548625 
689 1.694459 
690 0.628216 
691 0.773677 
692 0.061768 
693 1.519338 
694 1.568341 
695 1.598020 
696 1.549241 
697 1.406208 
698 1.435383 
699 0.475561 
700 1.200980 
701 1.134010 
702 0.998740 
703 1.155132 
704 -0.474329 
705 1.762420 
706 1.648875 
707 1.571617 
708 1.887178 
709 1.659172 
710 1.794854 
711 -0.880259 
712 1.065258 
713 0.910539 
714 1.357946 
715 1.253856 
716 -0.515329 
717 1.686784 
718 1.655272 
719 1.769622 
720 2.095043 
721 1.745628 
722 1.718552 
723 -1.240977 
724 0.151767 
725 0.145223 
726 2.071732 
727 1.930777 
728 -0.280701 
729 1.582526 
730 1.705770 
731 1.570777 
732 1.725229 
733 1.683438 
734 1.767067 
735 -0.634610 
736 1.696662 
737 1.637764 
738 0.599108 
739 0.540155 
740 -0.694905 
741 1.729318 
742 1.853321 
743 1.543393 
744 1.905080 
745 1.520584 
746 1.670707 
747 -0.595617 
748 1.269433 
749 1.085011 
750 0.930473 
751 1.108773 
752 -0.510489 
753 1.812435 
754 1.554792 
755 1.588091 
756 1.704365 
757 1.573839 
758 1.730275 
759 -0.619471 
760 0.957653 
761 1.014127 
762 1.151476 
763 1.224117 
764 -0.596353 
765 1.690202 
766 1.665556 
767 1.639182 
768 1.574944 
769 1.344410 
770 1.498190 
771 0.554232 
772 1.103380 
773 0.894035 
774 1.381846 
775 1.454294 
776 1.574786 
777 1.075990 
778 1.185529 
779 1.001461 
780 1.340993 
781 0.980990 
782 0.924062 
783 1.574066 
784 1.177308 
785 1.667123 
786 0.811699 
787 1.207757 
788 0.527387 
789 1.416703 
790 1.740352 
791 1.207285 
792 1.566834 
793 1.076817 
794 1.353264 
795 0.883613 
796 1.349827 
797 1.228272 
798 0.994783 
799 1.255609 
800 1.167472 
801 1.320841 
802 1.141940 
803 1.454404 
804 1.484879 
805 1.440158 
806 1.302605 
807 0.782796 
808 1.070049 
809 0.773712 
810 1.483852 
811 1.583318 
812 1.287404 
813 1.129257 
814 1.398529 
815 1.079405 
816 1.424594 
817 1.443823 
818 1.201813 
819 1.044565 
820 1.440309 
821 1.341066 
822 1.152885 
823 0.971953 
824 0.937674 
825 1.357541 
826 1.503309 
827 1.258728 
828 0.919708 
829 1.440978 
830 1.087058 
831 1.417097 
832 2.178460 
833 1.905705 
834 0.322905 
835 0.131027 
836 -0.335442 
837 1.689640 
838 1.709638 
839 1.541406 
840 1.746684 
841 1.661737 
842 1.722817 
843 -0.600498 
844 0.121549 
845 0.022607 
846 1.970649 
847 2.272579 
848 1.924855 
849 0.963375 
850 1.012627 
851 0.899470 
852 1.675841 
853 1.387553 
854 1.709944 
855 -0.086588 
856 0.969702 
857 0.471935 
858 1.638978 
859 1.570161 
860 1.385369 
861 1.113504 
862 1.114726 
863 1.132934 
864 1.690049 
865 1.532736 
866 1.488499 
867 0.141026 
868 0.802218 
869 0.818048 
870 1.672634 
871 1.437531 
872 1.282596 
873 1.033842 
874 1.295316 
875 1.282693 
876 1.340865 
877 1.221318 
878 1.207075 
879 1.014645 
880 1.755008 
881 1.645999 
882 0.802790 
883 0.553919 
884 0.273914 
885 1.413074 
886 1.561845 
887 1.448538 
888 1.302957 
889 1.278924 
890 1.390066 
891 0.829039 
892 1.194588 
893 1.346323 
894 1.277179 
895 0.865061 
896 0.936960 
897 1.628836 
898 1.300459 
899 1.191353 
900 1.426544 
901 1.475265 
902 1.576071 
903 0.585696 
904 1.072921 
905 1.185565 
906 1.552416 
907 1.127672 
908 1.023933 
909 1.332516 
910 1.069580 
911 1.496281 
912 1.379995 
913 1.374581 
914 1.434898 
915 0.747493 
916 0.835463 
917 0.853670 
918 1.657515 
919 1.475747 
920 1.592270 
921 0.948382 
922 1.136775 
923 1.142726 
924 1.238123 
925 1.271948 
926 1.018911 
927 1.456194 
928 1.445669 
929 1.731970 
930 0.801489 
931 1.046033 
932 0.947675 
933 1.204595 
934 1.673677 
935 1.159111 
936 1.387577 
937 1.187368 
938 1.397235 
939 1.080998 
940 1.146836 
941 1.102875 
942 1.167262 
943 1.353937 
944 1.466984 
945 1.362286 
946 0.929820 
947 1.196794 
948 1.206657 
949 1.253091 
950 1.370298 
951 1.006177 
952 1.000017 
953 1.104020 
954 1.326852 
955 1.462466 
956 1.210299 
957 1.312737 
958 0.978566 
959 1.312456 
960 1.967025 
961 1.656011 
962 1.656468 
963 -0.972524 
964 0.415756 
965 0.565592 
966 1.654874 
967 1.606602 
968 -0.031000 
969 1.508763 
970 1.744645 
971 1.419320 
972 1.705162 
973 1.570037 
974 1.492281 
975 -0.099248 
976 2.094876 
977 1.767977 
978 0.312332 
979 0.157911 
980 -0.834087 
981 1.697025 
982 1.784930 
983 1.620713 
984 1.773518 
985 1.495898 
986 1.659306 
987 -0.386472 
988 1.207430 
989 1.055726 
990 1.020373 
991 1.172877 
992 -0.077203 
993 1.616460 
994 1.444805 
995 1.623556 
996 1.735488 
997 1.668769 
998 1.704895 
999 -0.749093 
1000 0.524247 
1001 0.402487 
1002 1.664046 
1003 1.739518 
1004 -0.077605 
1005 1.572745 
1006 1.596954 
1007 1.495492 
1008 1.672130 
1009 1.688773 
1010 1.403926 
1011 -0.059363 
1012 1.265767 
1013 1.000061 
1014 1.312115 
1015 0.960608 
1016 -0.090231 
1017 1.632515 
1018 1.519367 
1019 1.522158 
1020 1.282225 
1021 1.242853 
1022 1.451315 
1023 0.720651 
1024 1.966897 
1025 1.694464 
1026 0.471847 
1027 0.516966 
1028 -0.251955 
1029 1.694931 
1030 1.618872 
1031 1.595003 
1032 1.831513 
1033 1.436918 
1034 1.763911 
1035 -0.534957 
1036 0.361361 
1037 0.313576 
1038 1.694957 
1039 1.951852 
1040 1.531252 
1041 1.174542 
1042 1.053658 
1043 1.169065 
1044 1.739812 
1045 1.560245 
1046 1.788634 
1047 -0.366753 
1048 0.823700 
1049 0.688626 
1050 1.724150 
1051 1.457425 
1052 0.725790 
1053 1.659202 
1054 1.191814 
1055 1.456305 
1056 1.573932 
1057 1.824753 
1058 1.529576 
1059 -0.073149 
1060 0.930137 
1061 0.862048 
1062 1.654264 
1063 1.137200 
1064 0.811287 
1065 1.362530 
1066 1.341945 
1067 1.563580 
1068 1.534174 
1069 1.237633 
1070 1.270012 
1071 0.906110 
1072 1.235358 
1073 1.780687 
1074 0.817136 
1075 0.851728 
1076 0.230606 
1077 1.390856 
1078 1.796188 
1079 1.416226 
1080 1.412055 
1081 1.381236 
1082 1.651129 
1083 0.433201 
1084 1.059228 
1085 1.216077 
1086 0.952944 
1087 1.259246 
1088 -0.462700 
1089 1.780872 
1090 1.685365 
1091 1.483250 
1092 1.768650 
1093 1.778025 
1094 1.728824 
1095 -0.841037 
1096 0.841725 
1097 0.730073 
1098 1.614279 
1099 1.336603 
1100 -0.586255 
1101 1.659867 
1102 1.685811 
1103 1.729515 
1104 2.070712 
1105 1.700606 
1106 1.616675 
1107 -1.128599 
1108 0.231314 
1109 0.489440 
1110 1.802913 
1111 1.783935 
1112 -0.393239 
1113 1.656941 
1114 1.763263 
1115 1.461735 
1116 1.681122 
1117 1.612396 
1118 1.726485 
1119 -0.446068 
1120 1.667172 
1121 1.933684 
1122 0.288150 
1123 0.577751 
1124 -0.829464 
1125 1.728932 
1126 1.852351 
1127 1.571035 
1128 1.830213 
1129 1.644935 
1130 1.758075 
1131 -0.799480 
1132 1.199532 
1133 1.028729 
1134 1.158469 
1135 1.078668 
1136 -0.394487 
1137 1.678478 
1138 1.616822 
1139 1.621377 
1140 1.848053 
1141 1.549808 
1142 1.712300 
1143 -0.749597 
1144 0.964855 
1145 0.622228 
1146 1.252921 
1147 1.443950 
1148 -0.424973 
1149 1.702323 
1150 1.464587 
1151 1.703684 
1152 1.531916 
1153 1.536516 
1154 1.327734 
1155 0.723383 
1156 1.036275 
1157 0.888047 
1158 1.368350 
1159 1.596610 
1160 1.387798 
1161 1.085450 
1162 1.333200 
1163 1.015819 
1164 0.902979 
1165 1.088540 
1166 1.179019 
1167 1.760237 
1168 1.382259 
1169 1.692922 
1170 0.886235 
1171 1.062233 
1172 0.937063 
1173 1.436712 
1174 1.368556 
1175 1.294017 
1176 1.408542 
1177 1.251308 
1178 1.159141 
1179 1.162407 
1180 1.216471 
1181 1.455419 
1182 1.075830 
1183 1.234362 
1184 1.204972 
1185 1.317313 
1186 1.245422 
1187 1.267973 
1188 1.359071 
1189 1.436165 
1190 1.704841 
1191 0.541846 
1192 1.014843 
1193 0.891709 
1194 1.538683 
1195 1.573296 
1196 1.505907 
1197 1.217209 
1198 0.966397 
1199 1.226836 
1200 1.256979 
1201 1.486046 
1202 1.250906 
1203 1.117585 
1204 1.154833 
1205 1.053426 
1206 1.386411 
1207 1.422137 
1208 1.148212 
1209 1.253810 
1210 1.379835 
1211 1.251197 
1212 1.195870 
1213 1.110442 
1214 1.123343 
1215 1.465142 
1216 1.658948 
1217 1.904347 
1218 0.567227 
1219 0.602717 
1220 0.138265 
1221 1.510278 
1222 1.559025 
1223 1.472564 
1224 1.539675 
1225 1.430524 
1226 1.799509 
1227 -0.141764 
1228 0.469315 
1229 0.318560 
1230 1.709262 
1231 2.064421 
1232 2.027925 
1233 1.005326 
1234 0.863386 
1235 0.915054 
1236 1.349295 
1237 1.487104 
1238 1.564515 
1239 0.411409 
1240 0.822510 
1241 0.780403 
1242 1.606350 
1243 1.499778 
1244 1.487949 
1245 1.098617 
1246 1.064128 
1247 1.074321 
1248 1.433296 
1249 1.481334 
1250 1.365920 
1251 0.633597 
1252 1.110547 
1253 0.924596 
1254 1.524480 
1255 1.196265 
1256 1.661887 
1257 0.969493 
1258 1.074960 
1259 1.184917 
1260 1.197345 
1261 1.129316 
1262 0.903041 
1263 1.487650 
1264 1.523696 
1265 1.631210 
1266 0.934142 
1267 0.725013 
1268 0.664564 
1269 1.345486 
1270 1.436153 
1271 1.316395 
1272 1.326992 
1273 1.132177 
1274 1.139181 
1275 1.253653 
1276 1.283780 
1277 1.295097 
1278 1.159615 
1279 1.019260 
1280 1.343166 
1281 1.482838 
1282 1.322480 
1283 0.945293 
1284 1.437475 
1285 1.388110 
1286 1.309783 
1287 0.929781 
1288 1.296744 
1289 1.206453 
1290 1.282747 
1291 1.214211 
1292 1.385879 
1293 1.228075 
1294 0.970699 
1295 1.503821 
1296 1.233050 
1297 1.392100 
1298 1.415154 
1299 0.923922 
1300 1.099018 
1301 0.891098 
1302 1.731455 
1303 1.154653 
1304 1.574324 
1305 1.001648 
1306 1.324596 
1307 0.997307 
1308 1.239744 
1309 1.223928 
1310 0.927512 
1311 1.535418 
1312 1.558760 
1313 1.533718 
1314 0.885624 
1315 1.217079 
1316 0.969482 
1317 1.414293 
1318 1.319875 
1319 1.309603 
1320 1.440653 
1321 1.039029 
1322 1.172519 
1323 1.451019 
1324 1.164867 
1325 1.287034 
1326 1.177276 
1327 1.289485 
1328 1.223390 
1329 1.485133 
1330 1.035077 
1331 1.240963 
1332 1.488677 
1333 1.226558 
1334 1.511297 
1335 0.730229 
1336 1.056928 
1337 1.266658 
1338 1.452478 
1339 1.109299 
1340 1.204172 
1341 1.184737 
1342 1.178207 
1343 1.254326 
1344 1.732237 
1345 1.656938 
1346 1.694214 
1347 -0.568892 
1348 0.620089 
1349 0.677495 
1350 1.584862 
1351 1.515631 
1352 0.354962 
1353 1.437653 
1354 1.396973 
1355 1.441712 
1356 1.449940 
1357 1.496761 
1358 1.302280 
1359 0.487263 
1360 1.308176 
1361 1.686814 
1362 0.735390 
1363 0.744332 
1364 -0.487554 
1365 1.629866 
1366 1.802926 
1367 1.511806 
1368 1.805097 
1369 1.438163 
1370 1.464678 
1371 -0.083314 
1372 1.215437 
1373 1.239273 
1374 0.880471 
1375 1.106737 
1376 0.178183 
1377 1.593766 
1378 1.495653 
1379 1.490862 
1380 1.472631 
1381 1.580515 
1382 1.794916 
1383 -0.393000 
1384 0.733511 
1385 0.479781 
1386 1.700567 
1387 1.564162 
1388 0.513828 
1389 1.437165 
1390 1.410722 
1391 1.395758 
1392 1.668762 
1393 1.518000 
1394 1.311769 
1395 0.276041 
1396 1.302844 
1397 1.005838 
1398 1.257154 
1399 1.041249 
1400 0.499608 
1401 1.300093 
1402 1.494411 
1403 1.465922 
1404 1.196670 
1405 1.281043 
1406 1.084358 
1407 1.137672 
1408 1.581526 
1409 2.015667 
1410 0.820976 
1411 0.324998 
1412 0.145526 
1413 1.525525 
1414 1.706791 
1415 1.361941 
1416 1.700377 
1417 1.421151 
1418 1.858593 
1419 -0.431330 
1420 0.538153 
1421 0.457554 
1422 1.538624 
1423 1.963924 
1424 1.293357 
1425 1.205097 
1426 1.268014 
1427 1.189993 
1428 1.449814 
1429 1.703723 
1430 1.707143 
1431 0.005158 
1432 1.185641 
1433 0.601913 
1434 1.440150 
1435 1.480500 
1436 1.034569 
1437 1.391677 
1438 1.270557 
1439 1.373218 
1440 1.571447 
1441 1.887276 
1442 1.319821 
1443 0.204558 
1444 0.868581 
1445 1.027457 
1446 1.804746 
1447 1.032364 
1448 0.897960 
1449 1.234375 
1450 1.606154 
1451 1.360882 
1452 1.299185 
1453 1.431521 
1454 1.080080 
1455 1.017635 
1456 1.551770 
1457 1.689471 
1458 0.794493 
1459 0.712735 
1460 0.277203 
1461 1.463499 
1462 1.580657 
1463 1.562009 
1464 1.272141 
1465 1.558866 
1466 1.596947 
1467 0.459369 
1468 1.059845 
1469 1.272486 
1470 1.069038 
1471 1.210457 
1472 -0.265676 
1473 1.643625 
1474 1.649857 
1475 1.572849 
1476 1.839833 
1477 1.636298 
1478 1.737670 
1479 -0.625573 
1480 1.106226 
1481 0.693351 
1482 1.539966 
1483 1.260597 
1484 -0.274402 
1485 1.699422 
1486 1.431374 
1487 1.731384 
1488 1.940159 
1489 1.688167 
1490 1.665536 
1491 -0.902631 
1492 0.345392 
1493 0.475324 
1494 1.947139 
1495 1.617651 
1496 -0.046256 
1497 1.445224 
1498 1.775939 
1499 1.471572 
1500 1.553379 
1501 1.611044 
1502 1.702672 
1503 -0.247524 
1504 1.648338 
1505 1.605224 
1506 0.633177 
1507 0.658091 
1508 -0.671720 
1509 1.694292 
1510 1.725812 
1511 1.687936 
1512 1.928234 
1513 1.421492 
1514 1.713935 
1515 -0.587071 
1516 1.145111 
1517 1.014655 
1518 1.188347 
1519 1.111829 
1520 -0.141871 
1521 1.737366 
1522 1.529108 
1523 1.479865 
1524 1.933598 
1525 1.518755 
1526 1.559994 
1527 -0.522331 
1528 0.891263 
1529 0.781419 
1530 1.337460 
1531 1.277513 
1532 -0.254304 
1533 1.654040 
1534 1.617708 
1535 1.520799 
1536 1.608233 
1537 1.277441 
1538 1.425693 
1539 0.747241 
1540 1.032693 
1541 1.027633 
1542 1.264170 
1543 1.516857 
1544 1.304047 
1545 1.224233 
1546 1.225457 
1547 1.041704 
1548 1.167731 
1549 1.056009 
1550 0.992416 
1551 1.627762 
1552 1.607134 
1553 1.633503 
1554 0.863253 
1555 0.802243 
1556 0.676557 
1557 1.426411 
1558 1.638446 
1559 1.160121 
1560 1.314659 
1561 1.281986 
1562 1.458529 
1563 0.965321 
1564 1.046654 
1565 1.447039 
1566 1.117868 
1567 1.308430 
1568 1.070735 
1569 1.449601 
1570 1.326189 
1571 1.262139 
1572 1.523770 
1573 1.349935 
1574 1.601264 
1575 0.480354 
1576 1.052569 
1577 0.844711 
1578 1.377222 
1579 1.802631 
1580 1.580269 
1581 1.080966 
1582 1.067606 
1583 1.243449 
1584 1.276903 
1585 1.445269 
1586 1.345622 
1587 1.093407 
1588 1.365113 
1589 1.277584 
1590 1.228113 
1591 1.166032 
1592 1.236900 
1593 1.146472 
1594 1.439761 
1595 1.253417 
1596 1.145853 
1597 1.225019 
1598 1.144679 
1599 1.346627 
1600 1.826411 
1601 1.942361 
1602 0.457725 
1603 0.461405 
1604 0.253013 
1605 1.633891 
1606 1.436221 
1607 1.388402 
1608 1.647420 
1609 1.562402 
1610 1.612211 
1611 -0.109943 
1612 0.321519 
1613 0.470951 
1614 1.714158 
1615 2.017327 
1616 1.692662 
1617 1.119924 
1618 0.936169 
1619 1.050122 
1620 1.564532 
1621 1.443909 
1622 1.515476 
1623 0.299092 
1624 0.939870 
1625 0.604425 
1626 1.557544 
1627 1.657688 
1628 1.345983 
1629 1.125932 
1630 1.029629 
1631 1.308967 
1632 1.491304 
1633 1.451219 
1634 1.340338 
1635 0.582817 
1636 1.064503 
1637 1.113599 
1638 1.480584 
1639 1.140772 
1640 1.428188 
1641 1.031871 
1642 1.173988 
1643 1.286889 
1644 1.274684 
1645 1.324197 
1646 1.126250 
1647 1.120006 
1648 1.400736 
1649 1.578665 
1650 0.832930 
1651 0.989792 
1652 0.571175 
1653 1.374427 
1654 1.527911 
1655 1.362173 
1656 1.315817 
1657 1.113784 
1658 1.444324 
1659 0.967987 
1660 1.289663 
1661 1.167660 
1662 1.128929 
1663 1.138046 
1664 1.167788 
1665 1.511613 
1666 1.377114 
1667 1.043002 
1668 1.357529 
1669 1.325372 
1670 1.397977 
1671 0.988259 
1672 1.073950 
1673 1.062829 
1674 1.603133 
1675 1.306797 
1676 0.856478 
1677 1.192747 
1678 1.471914 
1679 1.474781 
1680 1.326028 
1681 1.508370 
1682 1.406979 
1683 0.823231 
1684 1.205344 
1685 1.081620 
1686 1.365685 
1687 1.359463 
1688 1.647510 
1689 1.116781 
1690 1.114716 
1691 1.017469 
1692 1.184284 
1693 1.329219 
1694 1.204595 
1695 1.299248 
1696 1.333042 
1697 1.536247 
1698 1.038200 
1699 1.191787 
1700 0.996327 
1701 1.361517 
1702 1.673847 
1703 0.992631 
1704 1.382395 
1705 1.113828 
1706 1.322928 
1707 1.211302 
1708 1.371906 
1709 1.305191 
1710 0.919562 
1711 1.332243 
1712 1.167542 
1713 1.325534 
1714 1.263194 
1715 1.261422 
1716 1.230681 
1717 1.218923 
1718 1.257011 
1719 1.099429 
1720 1.241246 
1721 1.180963 
1722 1.307067 
1723 1.234131 
1724 1.317678 
1725 1.247195 
1726 1.128952 
1727 1.266477 
1728 1.776231 
1729 1.780700 
1730 1.591630 
1731 -0.732572 
1732 0.795071 
1733 0.513502 
1734 1.558728 
1735 1.529895 
1736 0.217189 
1737 1.313300 
1738 1.718554 
1739 1.452455 
1740 1.459184 
1741 1.455521 
1742 1.369021 
1743 0.453768 
1744 1.778521 
1745 1.685470 
1746 0.503409 
1747 0.547959 
1748 -0.642489 
1749 1.845815 
1750 1.817307 
1751 1.387065 
1752 1.494847 
1753 1.663427 
1754 1.661185 
1755 -0.129519 
1756 1.023226 
1757 1.220961 
1758 1.118711 
1759 1.175765 
1760 0.045055 
1761 1.688396 
1762 1.454602 
1763 1.473029 
1764 1.791660 
1765 1.618525 
1766 1.609859 
1767 -0.518782 
1768 0.843072 
1769 0.466283 
1770 1.479480 
1771 1.676332 
1772 0.558500 
1773 1.359678 
1774 1.357023 
1775 1.418610 
1776 1.622836 
1777 1.555785 
1778 1.482303 
1779 0.099867 
1780 1.140814 
1781 1.070933 
1782 1.259984 
1783 1.100544 
1784 0.230314 
1785 1.406188 
1786 1.548459 
1787 1.514379 
1788 1.328874 
1789 1.162175 
1790 1.242176 
1791 1.033433 
1792 1.772821 
1793 1.842671 
1794 0.676061 
1795 0.487379 
1796 -0.052061 
1797 1.488085 
1798 1.709777 
1799 1.569181 
1800 1.655930 
1801 1.599757 
1802 1.661922 
1803 -0.398315 
1804 0.714634 
1805 0.571914 
1806 1.369637 
1807 1.880324 
1808 1.047128 
1809 1.279220 
1810 1.270857 
1811 1.365256 
1812 1.580802 
1813 1.655986 
1814 1.843983 
1815 -0.304153 
1816 0.971231 
1817 0.565317 
1818 1.865121 
1819 1.258863 
1820 1.082474 
1821 1.376272 
1822 1.078047 
1823 1.506521 
1824 1.637562 
1825 1.690621 
1826 1.434031 
1827 0.204200 
1828 0.967490 
1829 0.923841 
1830 1.404042 
1831 1.379659 
1832 0.731769 
1833 1.361458 
1834 1.443688 
1835 1.588544 
1836 1.308661 
1837 1.282701 
1838 1.714558 
1839 0.747720 
1840 1.334942 
1841 1.604557 
1842 0.897258 
1843 0.866317 
1844 0.415438 
1845 1.559972 
1846 1.560284 
1847 1.324688 
1848 1.509389 
1849 1.454613 
1850 1.627185 
1851 0.394157 
1852 0.944881 
1853 1.507951 
1854 0.936988 
1855 1.298835 
1856 -0.103698 
1857 1.698244 
1858 1.735142 
1859 1.319061 
1860 1.684981 
1861 1.601703 
1862 1.690691 
1863 -0.434277 
1864 0.996722 
1865 0.946507 
1866 1.300825 
1867 1.286136 
1868 -0.239003 
1869 1.645720 
1870 1.411273 
1871 1.779564 
1872 1.755443 
1873 1.824996 
1874 1.684953 
1875 -0.807023 
1876 0.749131 
1877 0.601642 
1878 1.732186 
1879 1.388500 
1880 0.043763 
1881 1.390948 
1882 1.724880 
1883 1.457672 
1884 1.757855 
1885 1.652319 
1886 1.493213 
1887 -0.264190 
1888 1.655629 
1889 1.526217 
1890 0.636559 
1891 0.752576 
1892 -0.473449 
1893 1.725803 
1894 1.800063 
1895 1.455869 
1896 1.667878 
1897 1.446923 
1898 1.741162 
1899 -0.272918 
1900 1.185614 
1901 1.214369 
1902 0.913787 
1903 1.130769 
1904 -0.118054 
1905 1.831944 
1906 1.404991 
1907 1.420444 
1908 1.752575 
1909 1.489657 
1910 1.772457 
1911 -0.556489 
1912 0.952381 
1913 1.101733 
1914 1.214777 
1915 1.178186 
1916 -0.204593 
1917 1.668070 
1918 1.573345 
1919 1.504223 
1920 1.347192 
1921 1.507053 
1922 1.484706 
1923 0.575830 
1924 0.963588 
1925 0.996252 
1926 1.616722 
1927 1.203128 
1928 1.387791 
1929 1.129383 
1930 1.272479 
1931 1.020230 
1932 1.104713 
1933 1.104343 
1934 0.959711 
1935 1.604115 
1936 1.472968 
1937 1.494509 
1938 0.870683 
1939 0.872123 
1940 0.618841 
1941 1.488215 
1942 1.422413 
1943 1.406064 
1944 1.570521 
1945 1.049181 
1946 1.244610 
1947 0.997794 
1948 1.342612 
1949 1.218184 
1950 1.133903 
1951 1.223459 
1952 1.120051 
1953 1.612456 
1954 0.966276 
1955 1.315148 
1956 1.496446 
1957 1.177353 
1958 1.745439 
1959 0.446503 
1960 1.043341 
1961 0.839586 
1962 1.564293 
1963 1.487982 
1964 1.217778 
1965 1.214880 
1966 1.228853 
1967 1.241270 
1968 1.529393 
1969 1.386741 
1970 1.087095 
1971 1.135875 
1972 1.170164 
1973 1.249320 
1974 1.230422 
1975 1.317886 
1976 0.996994 
1977 1.409345 
1978 1.273151 
1979 1.378708 
1980 1.243009 
1981 1.266326 
1982 0.988476 
1983 1.407662 
1984 2.087122 
1985 2.022001 
1986 0.325773 
1987 0.208003 
1988 -0.129643 
1989 1.647354 
1990 1.668491 
1991 1.484883 
1992 1.713328 
1993 1.510989 
1994 1.790243 
1995 -0.365283 
1996 0.291399 
1997 0.087707 
1998 1.815053 
1999 2.239305 
2000 2.045975 
2001 1.027727 
2002 0.767686 
2003 0.987071 
2004 1.537413 
2005 1.532070 
2006 1.733267 
2007 -0.086291 
2008 0.828637 
2009 0.406411 
2010 1.657876 
2011 1.839964 
2012 1.646921 
2013 1.103705 
2014 1.002515 
2015 1.037060 
2016 1.648777 
2017 1.453430 
2018 1.267090 
2019 0.474890 
2020 0.982963 
2021 0.814047 
2022 1.517019 
2023 1.456440 
2024 1.605558 
2025 0.943810 
2026 1.180666 
2027 1.184693 
2028 1.118243 
2029 1.154076 
2030 1.197007 
2031 1.369801 
2032 1.560305 
2033 1.726504 
2034 0.834495 
2035 0.726212 
2036 0.692155 
2037 1.380084 
2038 1.570760 
2039 1.159884 
2040 1.231704 
2041 1.313563 
2042 1.234303 
2043 1.050785 
2044 1.288739 
2045 1.134721 
2046 1.241765 
2047 1.057081 
2048 1.416169 
2049 1.405331 
2050 1.228932 
2051 1.058769 
2052 1.253057 
2053 1.278002 
2054 1.296902 
2055 1.213720 
2056 1.417287 
2057 1.108141 
2058 1.499339 
2059 1.003098 
2060 1.084401 
2061 1.199665 
2062 1.218289 
2063 1.545174 
2064 1.643525 
2065 1.346762 
2066 1.170625 
2067 0.835037 
2068 1.108805 
2069 0.979474 
2070 1.629822 
2071 1.174082 
2072 1.308765 
2073 1.054086 
2074 1.404206 
2075 1.141833 
2076 1.047765 
2077 1.438913 
2078 1.098234 
2079 1.414221 
2080 1.292643 
2081 1.628479 
2082 0.963766 
2083 1.164285 
2084 1.020818 
2085 1.328957 
2086 1.478218 
2087 1.068331 
2088 1.326549 
2089 1.117395 
2090 1.123994 
2091 1.473980 
2092 1.347697 
2093 1.164288 
2094 1.129723 
2095 1.274104 
2096 1.122555 
2097 1.455914 
2098 1.239027 
2099 1.109104 
2100 1.516272 
2101 1.113089 
2102 1.421843 
2103 0.787020 
2104 1.128597 
2105 1.122014 
2106 1.361086 
2107 1.279355 
2108 1.060140 
2109 1.237273 
2110 1.231992 
2111 1.300865 
2112 1.629150 
2113 1.837261 
2114 1.859218 
2115 -0.993582 
2116 0.509514 
2117 0.540032 
2118 1.496964 
2119 1.776701 
2120 -0.064698 
2121 1.478056 
2122 1.670252 
2123 1.538235 
2124 1.489316 
2125 1.655920 
2126 1.553338 
2127 -0.051668 
2128 1.975012 
2129 1.734807 
2130 0.534051 
2131 0.270206 
2132 -0.869269 
2133 1.637248 
2134 1.878302 
2135 1.617238 
2136 1.741038 
2137 1.531266 
2138 1.739997 
2139 -0.434588 
2140 1.283332 
2141 0.965315 
2142 1.205627 
2143 1.023520 
2144 -0.300170 
2145 1.763069 
2146 1.569166 
2147 1.525989 
2148 1.656805 
2149 1.669558 
2150 1.839553 
2151 -0.821854 
2152 0.694366 
2153 0.206376 
2154 1.567866 
2155 1.943826 
2156 0.131569 
2157 1.532475 
2158 1.536857 
2159 1.469445 
2160 1.612081 
2161 1.538840 
2162 1.503789 
2163 0.053954 
2164 1.326228 
2165 1.023853 
2166 1.132760 
2167 1.124384 
2168 0.235280 
2169 1.281931 
2170 1.610185 
2171 1.564361 
2172 1.400402 
2173 1.431819 
2174 1.162950 
2175 0.748182 
2176 1.695184 
2177 1.892003 
2178 0.675556 
2179 0.583072 
2180 -0.188600 
2181 1.660607 
2182 1.511358 
2183 1.693721 
2184 1.530734 
2185 1.505488 
2186 1.946067 
2187 -0.364508 
2188 0.395576 
2189 0.405052 
2190 1.654022 
2191 2.038934 
2192 1.211859 
2193 1.323614 
2194 1.129887 
2195 1.312518 
2196 1.644001 
2197 1.630226 
2198 1.605923 
2199 -0.083843 
2200 0.882109 
2201 0.914672 
2202 1.302749 
2203 1.525925 
2204 0.803608 
2205 1.734793 
2206 1.157556 
2207 1.280965 
2208 1.562760 
2209 1.622682 
2210 1.556704 
2211 0.197565 
2212 0.904299 
2213 0.808813 
2214 1.970364 
2215 1.022523 
2216 0.812745 
2217 1.247251 
2218 1.525852 
2219 1.448035 
2220 1.467848 
2221 1.375348 
2222 1.138597 
2223 0.983217 
2224 1.259317 
2225 1.589201 
2226 0.923584 
2227 0.977824 
2228 0.123581 
2229 1.464575 
2230 1.629500 
2231 1.492347 
2232 1.580258 
2233 1.421664 
2234 1.484299 
2235 0.373686 
2236 1.070378 
2237 1.189565 
2238 1.047841 
2239 1.200596 
2240 -0.251238 
2241 1.750272 
2242 1.612760 
2243 1.453460 
2244 1.833522 
2245 1.566435 
2246 1.741838 
2247 -0.612331 
2248 1.110770 
2249 0.808788 
2250 1.497241 
2251 1.226711 
2252 -0.351561 
2253 1.663187 
2254 1.505670 
2255 1.810052 
2256 2.153816 
2257 1.649268 
2258 1.546042 
2259 -0.929474 
2260 0.494210 
2261 0.441039 
2262 1.803674 
2263 1.592929 
2264 -0.139160 
2265 1.563605 
2266 1.543011 
2267 1.608936 
2268 1.654265 
2269 1.751032 
2270 1.557367 
2271 -0.358367 
2272 1.505276 
2273 1.522234 
2274 0.607939 
2275 0.897610 
2276 -0.468380 
2277 1.644401 
2278 1.874696 
2279 1.416458 
2280 1.999013 
2281 1.415525 
2282 1.703130 
2283 -0.561524 
2284 1.210086 
2285 1.273527 
2286 0.916573 
2287 1.034117 
2288 -0.252895 
2289 1.533107 
2290 1.581922 
2291 1.651537 
2292 1.727176 
2293 1.599851 
2294 1.692075 
2295 -0.553665 
2296 1.005482 
2297 0.996350 
2298 1.291775 
2299 1.059470 
2300 -0.352534 
2301 1.509212 
2302 1.754433 
2303 1.554652 
2304 1.571137 
2305 1.567353 
2306 1.294508 
2307 0.497494 
2308 1.168727 
2309 0.970337 
2310 1.415835 
2311 1.283357 
2312 1.594092 
2313 1.062146 
2314 1.115000 
2315 0.972656 
2316 1.220056 
2317 1.133042 
2318 0.929276 
2319 1.573231 
2320 1.335340 
2321 1.553474 
2322 0.945252 
2323 0.972119 
2324 0.711051 
2325 1.371195 
2326 1.703979 
2327 1.123532 
2328 1.363144 
2329 1.009619 
2330 1.494259 
2331 1.014292 
2332 1.291007 
2333 1.247605 
2334 1.025502 
2335 1.304419 
2336 1.210144 
2337 1.490836 
2338 1.167829 
2339 1.239693 
2340 1.477204 
2341 1.427677 
2342 1.316936 
2343 0.664939 
2344 1.136287 
2345 0.699416 
2346 1.380031 
2347 1.755085 
2348 1.451383 
2349 1.170992 
2350 1.142337 
2351 1.156929 
2352 1.278561 
2353 1.655358 
2354 1.055203 
2355 1.022573 
2356 1.437131 
2357 1.177519 
2358 1.417259 
2359 0.878333 
2360 0.888150 
2361 1.410767 
2362 1.591218 
2363 1.191451 
2364 1.045051 
2365 1.221435 
2366 1.239168 
2367 1.363572 
2368 2.200303 
2369 1.837220 
2370 0.484687 
2371 0.166026 
2372 -0.201303 
2373 1.654166 
2374 1.589913 
2375 1.565281 
2376 1.782826 
2377 1.635504 
2378 1.725184 
2379 -0.577359 
2380 0.092130 
2381 0.051434 
2382 1.854616 
2383 2.389552 
2384 1.843991 
2385 0.959263 
2386 1.056347 
2387 0.945340 
2388 1.778612 
2389 1.515962 
2390 1.618265 
2391 -0.247077 
2392 0.852776 
2393 0.354018 
2394 1.815304 
2395 1.678672 
2396 1.553248 
2397 1.062631 
2398 0.941701 
2399 1.178265 
2400 1.685814 
2401 1.677951 
2402 1.364252 
2403 0.113499 
2404 0.772719 
2405 0.770931 
2406 1.716940 
2407 1.479917 
2408 1.378718 
2409 1.046435 
2410 1.327172 
2411 1.152881 
2412 1.242120 
2413 1.218092 
2414 1.125612 
2415 1.151926 
2416 1.888600 
2417 1.536436 
2418 0.586802 
2419 0.701990 
2420 0.172758 
2421 1.491542 
2422 1.583982 
2423 1.462949 
2424 1.413069 
2425 1.164032 
2426 1.354370 
2427 0.896164 
2428 1.402425 
2429 1.159579 
2430 0.947555 
2431 1.152884 
2432 0.833185 
2433 1.581278 
2434 1.619136 
2435 0.990391 
2436 1.466455 
2437 1.327518 
2438 1.529493 
2439 0.637938 
2440 1.197983 
2441 1.011380 
2442 1.550172 
2443 1.153735 
2444 1.132415 
2445 1.303953 
2446 1.142686 
2447 1.398666 
2448 1.314158 
2449 1.449421 
2450 1.359517 
2451 0.735915 
2452 0.875224 
2453 1.082066 
2454 1.475261 
2455 1.414186 
2456 1.650986 
2457 1.027344 
2458 1.030224 
2459 1.116736 
2460 1.246066 
2461 1.336423 
2462 1.137055 
2463 1.234383 
2464 1.353518 
2465 1.606345 
2466 0.802994 
2467 1.165717 
2468 0.869504 
2469 1.489117 
2470 1.540454 
2471 1.080424 
2472 1.333075 
2473 1.047277 
2474 1.460418 
2475 1.129085 
2476 1.238568 
2477 1.303546 
2478 1.049677 
2479 1.210878 
2480 1.267964 
2481 1.485438 
2482 1.062790 
2483 1.257211 
2484 1.297555 
2485 1.173912 
2486 1.329321 
2487 1.158090 
2488 0.968848 
2489 1.151865 
2490 1.248796 
2491 1.468643 
2492 0.879729 
2493 1.354313 
2494 1.254855 
2495 1.312490 
2496 1.773591 
2497 1.810788 
2498 1.675838 
2499 -0.877531 
2500 0.817730 
2501 0.254643 
2502 1.752841 
2503 1.518324 
2504 -0.035434 
2505 1.477153 
2506 1.659747 
2507 1.504492 
2508 1.742801 
2509 1.576170 
2510 1.389580 
2511 -0.045957 
2512 1.985093 
2513 1.619731 
2514 0.338807 
2515 0.412920 
2516 -0.888227 
2517 1.868575 
2518 1.708974 
2519 1.595770 
2520 1.792940 
2521 1.344754 
2522 1.719976 
2523 -0.285542 
2524 1.125244 
2525 1.272489 
2526 0.943812 
2527 1.106042 
2528 -0.277262 
2529 1.696926 
2530 1.509429 
2531 1.624208 
2532 1.751619 
2533 1.674831 
2534 1.680019 
2535 -0.772111 
2536 0.680260 
2537 0.372836 
2538 1.734423 
2539 1.584691 
2540 0.069832 
2541 1.585858 
2542 1.367082 
2543 1.568125 
2544 1.722754 
2545 1.723801 
2546 1.344315 
2547 -0.039129 
2548 1.377371 
2549 1.192030 
2550 1.017904 
2551 0.979176 
2552 0.075086 
2553 1.496124 
2554 1.509806 
2555 1.598771 
2556 1.148872 
2557 1.292030 
2558 1.317139 
2559 0.897476 
2560 1.954890 
2561 1.708714 
2562 0.602695 
2563 0.383093 
2564 -0.274873 
2565 1.603695 
2566 1.550884 
2567 1.705098 
2568 1.582760 
2569 1.463269 
2570 1.821227 
2571 -0.523974 
2572 0.312024 
2573 0.286717 
2574 1.678031 
2575 2.055334 
2576 1.404150 
2577 1.345157 
2578 1.094397 
2579 1.064659 
2580 1.710618 
2581 1.628089 
2582 1.747427 
2583 -0.425735 
2584 0.671937 
2585 0.606063 
2586 1.732403 
2587 1.506208 
2588 0.843656 
2589 1.671963 
2590 1.044484 
2591 1.386711 
2592 1.549414 
2593 1.927204 
2594 1.553051 
2595 -0.250104 
2596 0.834963 
2597 0.852247 
2598 1.740591 
2599 1.145267 
2600 0.819834 
2601 1.142695 
2602 1.339678 
2603 1.791326 
2604 1.365462 
2605 1.264887 
2606 1.211913 
2607 1.063853 
2608 1.292875 
2609 1.659124 
2610 0.845595 
2611 0.774905 
2612 0.019484 
2613 1.646682 
2614 1.690234 
2615 1.374128 
2616 1.461768 
2617 1.334081 
2618 1.618395 
2619 0.389171 
2620 1.093830 
2621 1.289408 
2622 1.117758 
2623 0.930120 
2624 -0.281453 
2625 1.657601 
2626 1.661274 
2627 1.571239 
2628 1.782371 
2629 1.852856 
2630 1.799851 
2631 -0.978561 
2632 0.935184 
2633 0.818222 
2634 1.493982 
2635 1.283590 
2636 -0.554710 
2637 1.790211 
2638 1.660366 
2639 1.633897 
2640 2.085495 
2641 1.640795 
2642 1.673096 
2643 -1.123232 
2644 0.652276 
2645 0.378047 
2646 1.754461 
2647 1.585202 
2648 -0.185029 
2649 1.433523 
2650 1.740844 
2651 1.607835 
2652 1.714717 
2653 1.666561 
2654 1.691870 
2655 -0.468924 
2656 1.813225 
2657 1.738738 
2658 0.526635 
2659 0.371930 
2660 -0.827749 
2661 1.769701 
2662 1.840408 
2663 1.540112 
2664 1.834401 
2665 1.537328 
2666 1.690497 
2667 -0.594801 
2668 1.325444 
2669 1.007222 
2670 1.056647 
2671 0.988214 
2672 -0.453021 
2673 1.741142 
2674 1.575240 
2675 1.596480 
2676 1.732540 
2677 1.596565 
2678 1.838168 
2679 -0.773631 
2680 1.207592 
2681 0.739805 
2682 1.175792 
2683 1.200295 
2684 -0.541812 
2685 1.636356 
2686 1.625528 
2687 1.687736 
2688 1.305509 
2689 1.713533 
2690 1.275945 
2691 0.686897 
2692 1.056838 
2693 0.843420 
2694 1.509331 
2695 1.442214 
2696 1.340984 
2697 1.016261 
2698 1.459300 
2699 0.995528 
2700 0.978919 
2701 1.018591 
2702 1.168332 
2703 1.644011 
2704 1.456880 
2705 1.695482 
2706 0.776087 
2707 0.812237 
2708 0.734803 
2709 1.580487 
2710 1.353980 
2711 1.219038 
2712 1.349805 
2713 1.316288 
2714 1.162782 
2715 1.089026 
2716 1.093453 
2717 1.451112 
2718 1.163837 
2719 1.194808 
2720 1.047075 
2721 1.486831 
2722 1.266176 
2723 1.310637 
2724 1.440449 
2725 1.386302 
2726 1.704833 
2727 0.396013 
2728 1.134040 
2729 0.730492 
2730 1.514854 
2731 1.496578 
2732 1.444990 
2733 1.267802 
2734 0.933566 
2735 1.272378 
2736 1.412914 
2737 1.689059 
2738 1.120381 
2739 0.890326 
2740 1.199434 
2741 1.235695 
2742 1.246085 
2743 1.154495 
2744 1.071672 
2745 1.260532 
2746 1.205474 
2747 1.410377 
2748 1.225152 
2749 1.076716 
2750 1.139626 
2751 1.365954 
2752 2.279044 
2753 1.788607 
2754 0.240863 
2755 0.292260 
2756 -0.259603 
2757 1.600753 
2758 1.665943 
2759 1.628047 
2760 1.807040 
2761 1.670346 
2762 1.924544 
2763 -0.866941 
2764 -0.109912 
2765 -0.090570 
2766 2.088710 
2767 2.414991 
2768 2.069912 
2769 0.946642 
2770 0.864357 
2771 0.838595 
2772 1.565932 
2773 1.641679 
2774 1.681978 
2775 -0.246037 
2776 0.588181 
2777 0.322898 
2778 1.910924 
2779 1.755940 
2780 1.644446 
2781 1.128029 
2782 1.056550 
2783 0.901314 
2784 1.589850 
2785 1.622917 
2786 1.408885 
2787 0.226863 
2788 0.972349 
2789 0.867351 
2790 1.549240 
2791 1.377263 
2792 1.644418 
2793 0.802500 
2794 1.124706 
2795 1.195721 
2796 1.294716 
2797 1.047855 
2798 1.069632 
2799 1.358926 
2800 1.726651 
2801 1.681063 
2802 0.739174 
2803 0.601873 
2804 0.423136 
2805 1.345944 
2806 1.515290 
2807 1.473683 
2808 1.305007 
2809 1.242253 
2810 1.216904 
2811 1.023189 
2812 1.226139 
2813 1.273090 
2814 1.082614 
2815 1.104849 
2816 1.099294 
2817 1.506261 
2818 1.448385 
2819 0.999809 
2820 1.517076 
2821 1.343114 
2822 1.250121 
2823 0.872271 
2824 1.212715 
2825 1.127850 
2826 1.416093 
2827 1.130020 
2828 1.476207 
2829 1.176119 
2830 0.961593 
2831 1.375095 
2832 1.225466 
2833 1.548426 
2834 1.393836 
2835 0.810145 
2836 1.005024 
2837 1.124071 
2838 1.809716 
2839 0.998623 
2840 1.563695 
2841 0.931960 
2842 1.362403 
2843 0.968044 
2844 1.250241 
2845 1.200260 
2846 0.967919 
2847 1.475010 
2848 1.421849 
2849 1.539191 
2850 0.949279 
2851 0.997507 
2852 1.029669 
2853 1.435075 
2854 1.255337 
2855 1.246860 
2856 1.184181 
2857 1.286039 
2858 1.310563 
2859 1.275246 
2860 1.203465 
2861 1.057716 
2862 1.645599 
2863 1.050659 
2864 1.143186 
2865 1.408833 
2866 1.165012 
2867 1.285585 
2868 1.508631 
2869 1.254918 
2870 1.266386 
2871 0.897054 
2872 1.238658 
2873 1.083977 
2874 1.459180 
2875 1.101840 
2876 1.086846 
2877 1.219103 
2878 1.210774 
2879 1.245352 
2880 1.793280 
2881 1.805033 
2882 1.652196 
2883 -0.916080 
2884 0.556413 
2885 0.429834 
2886 1.825893 
2887 1.437799 
2888 -0.189176 
2889 1.581065 
2890 1.662882 
2891 1.512903 
2892 1.653000 
2893 1.644635 
2894 1.518124 
2895 -0.251722 
2896 1.604351 
2897 2.038050 
2898 0.496128 
2899 0.306853 
2900 -0.923260 
2901 1.766142 
2902 1.724975 
2903 1.707235 
2904 1.946836 
2905 1.442974 
2906 1.654794 
2907 -0.494466 
2908 1.327104 
2909 1.179377 
2910 0.854837 
2911 1.095838 
2912 -0.313456 
2913 1.662806 
2914 1.518088 
2915 1.664047 
2916 1.542910 
2917 1.784568 
2918 1.790247 
2919 -0.853972 
2920 0.658904 
2921 0.231474 
2922 1.678172 
2923 1.728967 
2924 0.118875 
2925 1.550715 
2926 1.460315 
2927 1.518045 
2928 1.788052 
2929 1.686375 
2930 1.384178 
2931 -0.164233 
2932 1.221722 
2933 1.168005 
2934 1.089189 
2935 1.100077 
2936 0.031792 
2937 1.555215 
2938 1.494718 
2939 1.539918 
2940 1.302745 
2941 1.329729 
2942 1.381956 
2943 0.705286 
2944 1.560588 
2945 1.917117 
2946 0.708075 
2947 0.555737 
2948 -0.208184 
2949 1.748320 
2950 1.750092 
2951 1.357552 
2952 1.623465 
2953 1.506193 
2954 1.747070 
2955 -0.442222 
2956 0.541642 
2957 0.271004 
2958 1.591211 
2959 1.966825 
2960 1.469195 
2961 1.104468 
2962 1.191444 
2963 1.116892 
2964 1.640807 
2965 1.685516 
2966 1.765642 
2967 -0.331562 
2968 0.990448 
2969 0.493185 
2970 1.452332 
2971 1.542545 
2972 1.049723 
2973 1.342963 
2974 1.193950 
2975 1.368191 
2976 1.616778 
2977 1.951007 
2978 1.448509 
2979 -0.239160 
2980 0.816052 
2981 0.601162 
2982 1.886690 
2983 1.226107 
2984 0.791600 
2985 1.384700 
2986 1.553576 
2987 1.337010 
2988 1.223237 
2989 1.408481 
2990 1.357917 
2991 0.867522 
2992 1.570978 
2993 1.424279 
2994 0.767367 
2995 0.788805 
2996 0.275629 
2997 1.496326 
2998 1.500734 
2999 1.489137 
3000 1.449772 
3001 1.632864 
3002 1.453618 
3003 0.386617 
3004 1.100586 
3005 1.243365 
3006 0.867518 
3007 1.179134 
3008 -0.277394 
3009 1.690658 
3010 1.708053 
3011 1.482533 
3012 1.838512 
3013 1.724031 
3014 1.750805 
3015 -0.891487 
3016 0.914203 
3017 0.588517 
3018 1.719184 
3019 1.258188 
3020 -0.506279 
3021 1.592007 
3022 1.710648 
3023 1.747178 
3024 2.079621 
3025 1.711312 
3026 1.659418 
3027 -1.189995 
3028 0.176155 
3029 0.104042 
3030 2.068671 
3031 1.864040 
3032 -0.196969 
3033 1.475004 
3034 1.674610 
3035 1.618119 
3036 1.792827 
3037 1.663768 
3038 1.633438 
3039 -0.506676 
3040 1.828546 
3041 1.413105 
3042 0.605011 
3043 0.638039 
3044 -0.697432 
3045 1.769674 
3046 1.656536 
3047 1.628797 
3048 1.897656 
3049 1.569302 
3050 1.755495 
3051 -0.755390 
3052 1.116205 
3053 1.214829 
3054 1.102371 
3055 1.047767 
3056 -0.466262 
3057 1.853068 
3058 1.671014 
3059 1.445335 
3060 1.918799 
3061 1.535310 
3062 1.691229 
3063 -0.751558 
3064 1.097237 
3065 0.957213 
3066 1.338145 
3067 0.984335 
3068 -0.667403 
3069 1.636469 
3070 1.829100 
3071 1.636522 
