781 313
799 311
1053 1052
801 311
1249 311
1051 1050
1048 1047
1251 312
1045 1044
776 313
1243 310
1256 313
1045 1043
1044 1043
1275 314
1279 314
1280 314
1061 1042
1051 1041
1233 308
1112 1063
1111 1063
1064 1062
1062 1059
1116 1058
1118 1057
1117 1057
1122 1055
1038 1037
1236 308
1252 308
1056 1053
312 309
1251 309
1060 1052
1056 1052
1238 310
1006 1005
1279 318
1280 318
1020 1016
1012 1011
1015 1010
1008 1007
1038 1006
1038 1005
1037 1005
1021 1016
1004 1001
1002 1000
322 321
324 321
1004 995
1001 995
996 995
324 322
1032 1029
1046 1034
1265 315
1046 1033
1036 1033
1034 1033
1202 316
1046 1032
1031 1030
1069 1068
1027 1026
1030 1025
1024 1023
1024 1022
1023 1022
1021 1020
1027 1019
1018 1017
1135 1103
1107 1106
1138 293
1134 1105
1165 293
1134 1104
1105 1104
1168 1103
1180 294
297 295
1112 1111
1170 1101
1182 295
1108 1100
1172 296
1178 296
1179 296
1102 1100
1108 1098
294 291
1168 1135
1141 1130
1129 1128
1142 1127
1129 1127
1128 1127
1126 1125
1120 1119
1102 1098
1118 1117
293 292
1131 1114
1138 292
1115 1113
1158 292
1159 292
1399 292
1080 1079
1175 300
1176 300
1087 1082
1184 301
1083 1082
1205 301
303 302
1081 1080
1081 1079
1087 1083
1078 1077
304 303
1081 1076
1091 304
1078 1074
1094 305
1209 305
1071 1070
1109 1089
1100 1098
1182 297
1208 1096
1376 297
1099 1095
341 298
1209 1094
1109 1090
1013 994
1371 298
301 299
1092 1089
1090 1089
1092 1088
1089 1088
1205 299
1089 1086
923 922
366 347
930 927
365 348
930 926
927 926
931 925
931 924
925 924
940 923
365 347
1401 349
1395 350
1398 350
924 920
922 919
921 918
354 351
1404 352
951 937
947 944
946 944
944 943
944 942
1377 344
1378 344
943 942
939 938
1406 352
1383 344
949 937
1385 345
951 936
937 936
935 934
932 928
348 347
1425 358
1419 355
1421 355
983 904
905 904
983 903
1459 356
905 903
904 903
915 899
1418 355
1426 358
900 899
917 898
915 898
1428 359
1434 359
899 898
897 896
913 912
1407 352
917 915
915 914
977 913
1411 352
1415 353
1416 353
977 912
948 944
977 911
913 911
1413 354
978 910
1418 354
1419 354
1420 354
1394 355
981 975
1307 328
1310 328
1315 328
1316 328
984 982
1316 329
981 979
331 330
1295 330
1325 327
1290 331
1291 331
979 975
1295 331
1360 331
1361 331
1328 332
974 973
991 987
1013 993
997 993
994 993
340 323
992 991
992 990
1362 323
991 990
989 970
990 987
1283 325
992 986
991 986
987 986
1024 983
984 983
1297 326
1366 340
1384 338
964 956
961 956
965 955
956 955
956 954
954 953
952 951
1362 340
1382 338
1365 341
951 949
1371 341
950 947
948 947
948 946
963 945
950 944
1344 335
970 969
999 968
1080 967
1079 967
1346 334
1348 334
368 335
1343 335
1137 1136
1340 336
965 964
1087 959
1463 337
1464 337
1216 958
960 957
965 956
1276 1274
1285 1281
1283 1281
1284 1280
1223 238
240 239
1280 1279
1278 1277
1279 1275
1221 239
955 237
1221 240
1222 240
958 241
1216 241
1273 1271
1268 1267
972 242
1269 1265
237 236
1294 1293
1298 1292
1240 234
1241 234
1297 1292
928 235
1291 1290
932 235
980 242
954 236
955 236
956 236
1285 1283
1301 1282
1300 1282
953 237
954 237
259 251
1267 1258
1259 1258
993 248
997 248
1255 1253
968 249
999 249
1000 250
1002 250
1267 1259
1254 1251
1250 1249
253 252
1250 1248
995 252
996 252
1004 252
1249 1248
1262 1261
944 243
946 243
1266 1264
1266 1263
942 244
944 244
950 244
246 245
1306 1296
1267 1260
1268 1259
982 245
982 246
983 246
984 246
983 247
984 247
1348 1331
1472 1340
850 219
1341 1340
880 219
1348 1337
1606 1336
1605 1336
1606 1335
1339 1332
1600 1340
1339 1329
1332 1329
1330 1329
1358 1328
1326 1325
1326 1323
880 223
1327 1322
1463 1347
838 214
1355 1349
863 215
551 216
1353 1349
1352 1349
1350 1349
856 216
899 224
1351 1347
1466 1346
1346 1345
1606 1342
1600 1341
878 218
879 218
223 219
1784 1303
1315 1310
1310 1308
1309 1308
1310 1307
1308 1307
1325 1306
805 231
1781 1304
800 232
913 228
802 232
1783 1303
1305 1302
234 233
1301 1300
1298 1297
1325 1296
1240 233
1316 1315
900 224
915 224
1334 1320
1624 1319
1624 1318
916 225
1320 1317
1324 1316
1011 252
1630 1314
910 226
978 226
1630 1313
1625 1313
1314 1313
1312 1311
911 228
1188 1186
1105 277
1195 1187
1189 1187
1188 1187
1133 277
1134 277
279 278
1125 278
1204 1186
1204 1187
1191 1185
282 279
1126 279
1190 1185
1176 1175
1178 1172
1143 280
1144 280
1164 274
1266 1198
1169 272
1264 1198
274 273
1199 1198
1164 273
1201 1197
1163 274
1171 1166
1196 1193
1369 1190
1191 1190
1135 275
1195 1189
1204 1188
1189 1188
1106 276
1147 1140
1139 284
1150 1149
1155 1148
1156 284
286 285
1145 285
1144 1143
1167 1141
1147 1141
1136 284
288 287
1149 287
1150 287
1141 1140
1165 1138
1149 288
1139 1137
1139 1136
1399 1158
1146 280
1164 1163
1181 1161
285 281
1166 1160
1399 1159
1145 281
1126 282
1200 1199
1159 1158
1405 1154
284 283
1404 1154
1400 1154
1155 1152
1153 1150
1153 1149
1234 1233
1263 1234
1046 258
1252 1234
1266 1233
1264 1233
1263 1233
1252 1233
1237 1233
1236 1233
1034 258
1264 1232
1233 1232
1052 260
1231 1230
1056 260
1230 1227
1231 1226
1050 261
1245 1244
1012 252
1012 253
1010 254
1015 254
1246 1245
1246 1244
1020 255
1021 255
1051 261
1241 1240
1023 256
1024 256
1243 1238
1237 1236
1237 1235
1236 1235
1027 257
1230 1210
1229 1213
1042 268
1219 1212
1229 1211
1213 1211
1076 269
1080 269
1081 269
1069 267
1206 1202
271 270
1066 270
1232 1200
1264 1199
1084 270
1066 271
1232 1199
1119 264
1230 1226
1049 262
1227 1226
1054 262
1228 1225
1224 1223
1125 263
1126 263
897 895
1120 264
1222 1221
1220 1219
1057 265
1118 265
1059 266
1062 266
1215 1214
625 621
634 626
631 626
1803 452
627 625
653 624
1802 453
1807 453
1813 453
628 621
1777 452
628 620
1799 454
1800 454
627 620
625 620
621 620
615 614
619 612
644 635
1283 448
639 638
1920 637
1784 449
640 637
1786 449
1805 449
651 635
613 612
652 634
636 633
633 632
634 631
1806 450
632 630
628 627
1781 451
586 585
1809 459
599 598
597 596
604 595
594 593
594 590
604 587
695 586
695 585
1775 459
1846 461
1847 461
583 582
1737 462
583 581
582 581
832 576
1850 463
1838 457
629 610
613 608
457 456
613 606
608 606
1838 456
613 605
607 603
1281 448
1838 458
607 602
603 602
601 600
601 599
600 599
1773 459
600 598
670 668
1824 670
1756 434
1757 434
673 670
1737 435
1738 435
1756 435
670 669
673 668
1886 670
1748 436
1749 436
669 668
152 0
1641 437
1670 437
667 663
664 663
1717 432
700 682
725 680
1742 430
680 679
685 677
1718 431
1719 431
680 674
685 658
1718 432
1719 432
1715 433
1723 433
1732 433
679 674
1887 670
435 434
646 643
665 647
1765 443
1766 443
651 645
648 645
1765 444
1766 444
651 644
645 644
444 443
451 446
1781 446
1299 447
1913 641
1912 641
1920 640
1919 640
643 639
1633 440
1752 438
661 657
440 439
1632 439
1633 439
1759 439
657 656
655 654
1851 463
1759 440
655 653
654 653
664 649
444 442
663 649
651 648
1765 442
491 489
1956 486
1946 487
1947 487
516 515
535 514
517 513
490 488
1956 488
1957 488
1952 486
492 489
1953 489
517 512
1955 489
513 512
1964 489
2047 511
2046 511
1866 484
522 521
1936 482
1937 482
1939 482
1865 483
1868 483
601 520
1870 483
1957 490
599 520
1869 484
598 520
1943 485
523 519
488 486
519 518
490 486
1991 498
1728 496
2001 506
1968 506
2022 504
1726 497
2019 504
2018 504
1988 498
2018 503
1725 495
1988 499
1991 499
1992 499
2016 503
2006 500
1720 502
1713 502
1719 501
1966 508
2045 511
2047 510
1964 491
2046 510
2045 510
511 510
2040 509
1969 508
1930 481
1965 508
1974 493
1981 494
1982 494
1983 494
1984 494
1987 494
1724 495
552 551
563 560
1875 467
559 558
1901 467
557 556
555 554
475 469
857 551
856 551
581 561
1880 469
1830 470
555 548
554 548
549 547
550 545
1827 471
546 545
568 567
578 576
577 575
838 573
1858 464
1859 464
577 572
1867 464
841 570
473 472
569 566
568 566
567 566
565 564
565 563
493 466
564 563
1974 466
531 530
1935 477
1936 477
1939 477
536 535
535 534
532 531
1904 478
532 530
538 536
559 529
558 529
528 527
528 526
527 526
525 522
524 522
1928 481
1884 474
550 544
546 544
1881 473
545 544
544 543
549 542
547 542
1883 474
685 683
541 540
540 539
1880 475
1882 475
541 537
1903 476
540 537
539 537
836 834
1526 383
1527 383
1529 383
1530 383
1531 383
1531 384
1532 384
840 837
1534 384
843 837
387 385
1541 385
1542 385
835 834
835 833
834 833
1544 386
835 831
844 842
1505 377
1508 377
1503 378
1507 378
1497 379
845 842
1500 379
1520 380
833 831
1523 380
1524 380
855 841
1523 381
1525 381
853 841
843 840
839 838
1586 394
1564 392
1559 393
817 816
817 815
816 815
887 814
823 812
817 812
813 811
819 818
887 809
814 809
887 808
1613 395
809 808
927 807
926 807
1589 396
828 826
835 830
1541 387
1542 387
831 830
1549 387
1488 388
1520 388
844 827
1504 377
828 825
1557 390
1558 390
392 391
826 825
826 819
826 818
1564 391
876 875
892 876
879 876
1451 363
1453 363
892 875
1450 364
1451 364
1452 364
1453 364
364 363
874 873
874 872
873 872
366 365
871 870
1458 365
1461 365
1462 365
926 888
896 895
895 894
895 893
894 893
897 890
895 890
894 890
891 889
1458 366
889 885
1454 361
891 884
889 884
885 884
886 882
883 882
879 878
1496 374
861 852
859 852
1469 373
1474 373
1491 373
1493 373
861 851
375 374
852 851
1475 372
1447 375
1496 375
379 376
1500 376
1501 376
849 848
847 846
845 844
373 369
877 869
870 867
1471 367
871 866
870 866
867 866
867 864
866 864
888 807
1474 369
1490 371
861 859
862 858
857 856
859 854
1473 372
855 853
1663 421
786 719
785 719
1674 419
721 717
1664 420
721 716
717 716
790 713
1662 421
724 723
1665 421
789 713
1666 422
714 713
791 712
790 712
1685 422
714 712
1663 416
739 734
736 734
735 734
1659 414
734 732
1658 415
734 731
732 731
1677 423
733 729
728 727
749 726
1668 417
728 726
727 726
749 723
726 723
691 686
703 702
1691 426
1692 426
694 693
699 692
1680 427
691 690
689 688
691 687
708 705
687 686
1739 428
1747 428
692 684
1706 429
1707 429
1714 429
1744 429
712 711
1681 423
713 712
1683 423
1684 423
791 711
714 711
1689 423
426 424
736 735
1692 424
1693 424
1697 424
715 710
1700 425
835 709
710 707
1708 425
781 776
791 789
790 789
786 785
784 783
782 780
1624 401
1608 402
1623 402
1256 776
791 790
774 773
773 771
773 770
1617 403
408 404
771 770
1621 404
773 769
1612 398
813 806
811 806
813 803
1483 397
811 803
1250 799
1249 799
801 799
770 769
1614 398
1343 399
1473 399
1475 399
1476 399
821 794
794 793
1604 400
751 750
762 757
1645 409
757 756
1641 410
763 755
781 754
412 411
782 753
763 757
751 747
751 746
747 746
752 743
742 741
1825 737
1822 737
739 736
763 762
1278 768
407 405
1626 405
1318 406
1624 406
1277 768
1792 766
767 766
2047 2046
1626 407
1794 761
1631 407
1618 408
1620 408
1621 408
761 759
760 758
1340 91
1975 1971
1391 90
709 14
1744 1711
1711 1710
1709 1708
1455 90
1714 1707
1714 1712
1341 91
1975 1972
1712 1707
99 92
1478 92
1975 1973
1711 1707
1710 1707
1719 1718
1856 1727
1855 1727
1725 1724
1207 15
1732 1723
1732 1721
357 89
1723 1721
1744 1706
1997 1970
1719 1717
1723 1715
1972 1971
1722 1715
1716 1715
1973 1971
1695 1694
1708 1700
1546 96
1547 96
1548 96
1565 96
1699 1698
1697 1695
1697 1694
546 13
1562 97
1563 97
1697 1693
1694 1693
1697 1692
1692 1691
1647 98
1478 99
2013 1704
1711 1706
1489 93
1981 1976
1982 1976
1980 1977
1707 1706
1712 1705
1707 1705
278 16
2013 1703
2009 1703
2007 1703
1704 1703
50 14
2014 1702
2012 1702
190 18
784 79
1762 1760
325 80
448 80
1759 1758
1283 80
1764 1757
1757 1756
1771 1760
1966 1965
1969 1965
1359 17
323 81
1765 1755
340 81
1995 1967
1759 1754
1771 1763
1809 1775
1808 1775
1775 1773
1210 76
1230 76
198 77
1772 1771
1771 1770
1758 1754
1771 1762
1251 78
744 18
1254 78
1763 1762
743 18
1966 1963
1850 1730
1757 1737
1756 1737
1738 1737
365 86
1739 1736
1126 16
1850 1734
1850 1731
1764 1737
1125 16
1734 1730
1423 87
1424 87
279 16
1731 1730
1731 1729
1606 83
1366 81
1749 1745
1746 1745
1746 1743
1335 83
1747 1740
1747 1739
1342 83
1709 1690
333 84
1327 17
1322 17
2000 1967
1740 1739
342 85
1978 1970
1621 1620
1860 115
1861 115
1862 115
1759 1632
1633 1632
1622 1621
1628 1620
1622 1620
732 11
1871 117
1904 118
1991 1988
1905 118
1637 1619
475 10
1636 1619
1620 1618
1752 1640
1653 1649
1648 1647
1647 1646
1660 1643
471 113
1658 1643
1661 1642
1660 1642
1614 1612
1639 1638
1832 114
1833 114
1834 114
1638 1637
1637 1636
1635 1634
1953 123
1962 122
1963 122
2008 1992
1966 122
1598 1597
489 123
1598 1596
1597 1596
1961 122
1614 1595
1603 1595
1593 1592
1594 1590
126 125
2024 125
2025 125
2027 125
1948 120
1916 119
1990 1989
1616 1610
1992 1991
1611 1610
2008 1991
1610 1609
1623 1608
1654 1649
1949 120
1609 1607
1950 121
1951 121
1606 1605
1614 1603
1612 1603
1357 1349
1680 1678
416 103
421 103
1684 1677
1681 1677
1662 103
1663 103
1982 1981
1750 1680
1750 1675
1680 1675
1687 105
1688 105
1678 1675
1695 106
1752 1673
1697 106
544 13
401 100
1708 1690
406 100
1688 1687
1624 100
1688 1686
1687 1686
1687 1685
1987 1981
1997 1978
1684 1683
1687 1682
1686 1682
1685 1682
1644 102
136 13
1654 1653
112 110
1661 1660
1661 1658
1660 1658
1663 1656
1308 111
1309 111
1657 1656
1665 1663
1659 1652
735 11
734 11
1987 1986
1659 1651
1659 1650
1651 1650
1856 108
1752 1672
1673 1672
1984 1982
1673 1671
1984 1983
1672 1671
1986 1983
1727 108
1806 1776
1861 108
1987 1983
1687 1666
1739 109
1740 109
1685 1666
1986 1984
669 41
669 40
670 40
1887 40
1912 1896
1912 1895
1896 1895
1940 1939
668 41
1909 1898
1898 1893
1897 1893
672 42
1898 1892
1520 23
1897 1892
675 42
1893 1892
1906 1904
581 37
582 37
1925 1907
1908 1907
1933 1906
1906 1905
1933 1904
1932 1904
380 23
1905 1904
1903 1901
1550 23
690 39
691 39
1903 1899
1901 1899
184 48
1869 1866
670 46
1824 46
190 47
454 47
1943 1865
1798 47
1799 47
1942 1870
741 48
1942 1865
1870 1865
722 49
1866 1864
748 49
1984 1863
1982 1863
702 44
1894 1890
1894 1889
1890 1889
1894 1888
1890 1888
1887 1886
1886 1885
1891 1884
1925 1908
703 44
704 44
1884 1883
1882 1880
1901 1875
1876 1874
1945 1944
1923 1922
1926 1923
1924 1923
1998 28
1927 1922
2037 29
2019 25
1926 1922
2041 29
1926 1924
124 30
1924 1921
2033 30
1923 1921
125 31
1938 1937
126 31
127 31
2029 26
2020 25
1939 1936
1939 1935
1939 1934
505 26
1935 1934
1933 1932
1933 1931
2026 31
2031 26
1932 1931
1949 1929
1930 1928
2006 27
1979 28
1927 1926
1914 1912
536 34
1919 1917
538 34
1918 1916
1570 24
137 35
1914 1913
548 35
1939 1938
1913 1912
554 35
1914 1911
1918 1910
1916 1910
563 36
565 36
1920 1919
2027 31
2035 31
1922 1921
1927 1920
131 32
524 32
1922 1920
1921 1920
1877 1862
1924 1917
1921 1917
1920 1917
1939 1937
1588 24
592 33
535 34
1840 1810
1828 1814
1959 1958
1829 1811
2039 1960
1123 66
1132 66
1826 1811
1819 1811
1055 65
1817 19
1069 67
1816 19
1839 1810
302 68
303 68
304 68
1812 1809
334 20
1017 62
1018 62
1956 1952
1825 1822
1032 63
1033 63
1036 63
1046 63
1812 1808
262 64
1049 64
1957 1956
1818 1817
1818 1816
1817 1816
1816 1815
1194 74
1141 72
1147 72
295 73
1796 1787
1966 1961
752 18
1182 73
1805 1786
1804 1787
1786 1784
1272 74
1784 1783
300 75
1963 1962
1782 1781
1175 75
1780 1779
1141 70
1809 1808
1813 1807
1813 1806
1807 1806
1807 1802
72 70
1816 1800
1130 70
1346 20
285 71
286 71
1800 1799
1804 1796
1794 1791
1795 1789
1790 1789
218 55
1861 1856
848 53
1856 1855
219 54
1854 1853
850 54
1853 1852
1851 1850
1858 1857
875 55
876 55
879 55
1847 1846
1849 1845
229 56
1849 1844
945 57
1878 1859
1862 1861
709 50
830 50
835 50
1947 1946
210 51
1861 1860
832 51
1845 1844
573 52
1867 1859
1949 1948
838 52
839 52
1878 1858
1859 1858
1011 61
1348 20
1002 60
1074 60
1077 60
1078 60
252 61
253 61
1858 1833
1857 1834
1012 61
1834 1833
1878 1832
1858 1832
1833 1832
1831 1830
1829 1826
1838 1837
963 57
1843 1841
1843 1840
973 57
974 57
1951 1950
1841 1840
1840 1839
1352 1350
1853 1836
1852 1836
1844 1835
1088 59
1089 59
1858 1834
250 60
835 212
2031 2021
1344 4
2024 2023
1468 1465
693 174
335 4
694 174
2025 2024
2020 2019
699 175
1464 1463
1468 1462
177 176
1468 1461
2028 2025
938 3
1465 1461
1471 1467
1600 1472
1475 1473
1493 1474
699 172
692 172
1476 1475
699 171
692 171
684 171
1478 1477
175 171
1479 1478
680 170
2022 2018
1448 1445
680 180
2035 2027
1451 1449
725 180
680 181
1450 1449
1500 1447
1496 1447
181 180
1444 1443
723 183
724 183
726 183
1355 1354
1501 1442
741 184
181 170
1451 1450
1453 1452
715 179
710 179
1456 1455
706 178
1462 1458
208 178
706 177
1465 1460
1468 1460
1462 1461
208 177
706 176
834 212
1520 1488
632 160
633 160
1498 1495
636 160
1893 161
1493 1491
1897 161
1492 1490
1500 1496
1519 1488
2013 2009
2014 2012
1915 162
1554 1486
1553 1486
638 163
639 163
632 159
1500 1497
160 159
632 158
1506 1499
630 158
159 158
1501 1500
611 157
1503 1502
623 156
1507 1503
689 155
688 155
623 155
1593 1479
2020 2018
2019 2018
678 169
1480 1478
2020 2016
1592 1478
659 169
2028 125
678 168
169 168
836 212
667 167
1480 1479
1592 1479
663 167
742 184
661 166
1483 1481
1484 1481
657 166
656 166
1486 1481
2018 2016
2015 2012
1557 1482
1484 1483
691 164
687 164
646 163
1490 1485
643 163
1392 1389
1456 1391
1455 1391
1392 1391
587 1
2036 2034
1357 1355
1456 1390
1391 1390
822 200
2043 2034
1391 1389
1390 1389
1397 1387
1397 1385
1396 1385
1387 1385
1384 1382
604 1
1356 1355
2038 2033
1398 1395
2036 2033
1405 1400
2042 2041
782 199
780 199
1404 1402
1405 1402
1405 1404
1406 1404
1411 1404
1407 1406
1372 1363
707 211
1357 1356
832 210
2047 2040
576 210
2041 2037
832 209
1361 1360
2043 2036
578 209
576 209
706 208
1364 1363
710 207
707 207
1409 1408
1372 1364
1371 1365
1367 1366
1368 1366
1368 1367
2038 2036
1382 1373
824 205
1375 1374
826 204
825 204
1378 1377
1385 1380
1387 1380
823 203
1432 1431
1438 1433
1437 1433
863 2
1434 1432
1434 1431
758 189
743 190
744 190
2033 2032
1798 190
1799 190
1800 190
1434 1429
1789 191
1790 191
1431 1429
1795 191
2035 2028
1436 1435
1441 1436
750 187
1444 1436
1438 1437
1439 1437
1439 1438
744 186
190 186
1504 1440
1443 1441
1444 1441
1447 1442
1500 1442
1444 1426
1410 1409
1415 1412
1416 1412
1415 1414
1416 1415
1419 1418
1421 1418
1420 1419
1424 1423
719 196
1430 1424
1426 1425
751 195
1427 1425
1444 1425
2035 125
2034 2033
751 194
2038 2032
195 194
1436 1427
763 193
757 193
756 193
755 193
1444 1427
1429 1428
1434 1428
1794 192
1791 192
761 192
594 147
1525 1523
1525 1524
592 148
531 134
1548 1547
522 130
530 134
1527 1526
1530 1526
2009 2007
521 130
593 147
1354 1353
1529 1527
1535 1528
1588 1570
1565 1546
590 147
1531 1529
1534 1529
600 149
136 135
696 140
570 213
1524 1520
1525 1520
1531 1522
601 149
1505 1504
1573 1569
2004 2002
1531 1530
598 149
1582 1577
533 129
1532 1522
573 214
1524 1523
1996 1995
563 141
1578 1577
514 132
1548 1546
133 132
1567 1545
584 144
1539 1537
579 143
1540 1537
1539 1538
1540 1539
1545 1543
535 133
1656 1575
1548 1544
1579 1572
1579 1571
514 133
1572 1571
1567 1543
534 133
1546 1544
524 131
589 146
1908 7
1654 1576
1353 1352
524 130
1532 1531
1534 1531
1535 1533
522 131
1551 1548
695 145
585 145
525 131
1537 1536
1538 1537
1996 1994
1649 1576
1578 1576
2006 2003
605 153
1558 1557
1555 1554
1509 1508
2010 2009
1511 1509
613 153
612 153
1581 1579
1580 1579
533 139
619 153
1554 1553
1570 1561
1513 1510
1513 1512
516 128
143 140
1514 1512
2010 2007
1514 1513
1511 1505
1560 1557
1590 1586
1701 6
1995 1994
2023 126
1508 1505
2024 126
1509 1505
156 155
597 8
1591 1559
538 138
2026 126
1357 1350
609 154
536 138
2026 127
1649 1582
1581 1580
1517 1516
1555 1552
1566 1563
1355 1353
1516 1515
1554 1552
1575 1568
1517 1515
615 151
544 135
614 151
841 213
588 151
1520 1519
1649 1577
543 135
1553 1552
1656 1568
613 150
605 150
1525 1519
544 136
579 140
1569 1562
1463 1351
1649 1578
1515 1513
1516 1513
1563 1562
1566 1562
1789 1785
1789 1301
609 157
157 154
611 154
1985 28
1267 1265
1269 1267
1269 1268
1160 294
1171 1097
1928 480
481 480
619 618
1848 1845
1772 460
1848 1844
1849 1848
843 836
837 836
1519 22
1488 22
1030 256
1025 256
1698 6
1701 1698
346 338
1750 104
1192 317
671 11
1075 1073
1250 798
799 798
1761 1760
1762 1761
918 915
918 917
1749 104
1745 104
1129 275
1128 275
183 182
726 182
346 345
1507 1499
1507 1506
1506 378
1126 88
219 53
919 229
675 168
850 53
678 677
685 169
677 169
1558 1486
1482 1481
1558 1481
1557 1481
1554 390
1483 1482
1558 1554
1482 397
1557 397
1560 397
1753 1751
1753 1748
1750 1745
1745 1680
1746 1680
1696 6
988 242
988 980
38 1
1167 1166
1166 1141
636 163
1492 1483
1485 1484
1490 1484
1492 1484
495 108
1727 495
1067 1066
1084 1067
1067 270
999 970
969 968
999 969
2011 2002
1270 1193
1008 1004
1008 252
1376 1374
1918 642
1374 297
1376 1375
209 43
1216 1215
1000 967
1076 60
1077 1076
967 250
1079 250
1079 60
1081 60
1299 1292
1299 1298
796 787
1602 1599
203 200
1504 1438
1505 1438
1440 1438
1440 1439
1470 335
1470 368
1470 4
705 207
708 207
1949 1930
343 342
1658 414
1949 1928
415 414
1929 1928
1659 1658
1659 1643
1583 1582
507 122
1961 507
1966 507
520 519
601 519
523 520
840 569
1085 271
1085 1066
1014 1013
1014 994
978 912
912 910
718 717
978 977
1906 479
1905 479
1690 1688
1821 185
1104 1101
1229 306
1211 306
2006 1992
2008 500
1488 94
2006 499
1992 500
1735 462
1287 320
912 909
1157 289
681 12
94 22
1045 1035
291 290
643 642
642 639
779 777
977 976
976 911
558 557
559 557
559 33
1206 75
870 868
943 227
942 227
949 244
950 949
951 950
2011 2003
1845 1842
1825 472
1157 1136
1157 284
1157 1156
1157 1137
1716 428
1631 1629
1629 407
1402 1401
1405 1401
1401 1400
1402 349
1400 349
1248 1244
1248 1246
1250 1244
992 247
986 247
992 983
1875 1872
1901 1872
1701 502
1119 1055
1122 1119
749 730
1358 1356
1356 1328
1761 1311
1788 761
1761 1312
1788 192
1623 1610
1117 66
1608 1607
1609 1608
1123 1118
1623 1609
1607 402
1123 1117
1326 1324
1325 1324
1324 1323
1316 327
1324 327
1307 327
328 327
1325 1307
1308 1306
1307 1306
1937 1871
1938 1871
1938 117
1871 482
868 54
1606 1601
1601 1342
1597 99
1597 1593
1597 1592
1598 99
1597 1478
518 128
518 516
519 128
518 515
388 21
1550 21
1520 21
2040 519
23 21
1096 300
745 744
1818 1814
1816 1814
1815 1814
745 186
1988 28
870 869
1615 1585
1585 1580
1288 1287
1735 1733
1195 1194
1194 1189
1288 1272
205 203
1999 1965
1999 1969
355 350
1395 355
1395 1394
1767 1766
1767 443
1803 1801
1245 1241
1585 1583
1804 1801
2003 2002
2004 2003
1457 347
1457 348
1463 1461
1465 1463
1465 1464
1463 365
1599 92
1599 1478
1943 1941
1941 1865
1942 1941
1312 441
588 146
1863 465
1640 101
1982 465
1631 441
868 217
1678 1676
691 685
686 685
691 683
683 39
686 658
1634 1633
1634 1632
1635 1633
459 112
1670 1668
1668 437
1339 84
1330 84
1330 333
1329 84
1550 387
1550 1549
910 909
1274 314
1276 1275
1275 1274
1398 1393
1395 1393
534 134
535 134
138 134
536 134
1643 418
1639 101
1638 101
1062 267
267 266
1069 1064
1064 67
1064 267
927 230
807 230
653 623
624 623
653 155
688 653
1731 496
1850 496
1729 1728
1729 496
1099 1090
820 803
1635 1629
586 37
535 136
551 550
552 550
857 550
1239 1223
1239 1224
666 665
370 335
1674 1671
1674 1673
370 368
372 370
399 370
1671 419
1343 370
1473 370
1676 1665
1075 1067
865 851
865 861
962 961
962 956
609 152
1359 323
1362 1359
205 200
1363 1355
1363 1356
1240 58
233 58
1900 1891
1768 1737
982 981
982 975
745 48
745 741
1984 107
1986 107
1788 1787
662 651
1526 95
1627 407
1627 405
1116 66
1170 272
1333 1320
1334 1333
1101 272
1602 99
1602 92
1715 497
1721 497
1722 497
1723 497
2040 601
1251 798
798 78
1347 334
337 334
1346 337
1466 337
1466 1464
1463 334
682 180
682 181
682 170
382 380
1523 382
847 816
846 816
847 815
1338 1337
1348 1338
625 624
1251 1250
852 848
854 848
859 848
851 849
852 849
1086 270
1086 271
1829 456
1084 1075
1114 277
1134 1131
1133 1114
1131 277
1900 1894
1876 1873
827 212
844 836
844 826
845 826
844 828
828 827
836 827
1308 1305
1309 1305
1999 1998
1434 1433
1438 1434
1433 359
1952 1946
753 188
1684 1676
1677 1676
1952 487
1956 487
1843 1842
844 843
843 842
935 933
1911 162
1913 162
1915 641
1915 1913
934 933
1914 162
1346 367
1471 1346
1471 1466
1467 1466
1261 1253
1825 1820
1822 1820
1851 1848
1848 1847
669 666
1823 670
1824 1823
666 40
707 206
211 206
207 206
629 628
628 610
629 627
869 868
1131 1125
1131 278
1847 1845
1851 1835
1851 1844
1846 1845
1835 463
1407 1151
1829 471
1092 1091
1091 1089
1829 1827
1827 1819
1827 1811
1094 68
1075 1071
1094 304
1091 1090
1014 983
1111 1065
1112 1065
961 960
960 956
960 954
957 954
1989 1985
1990 1985
1370 1184
651 650
867 217
870 217
864 217
1183 296
132 128
1791 766
1174 1173
515 514
798 797
1792 761
516 132
1792 1791
1794 1792
515 132
1989 28
1607 1605
787 79
1075 1074
1078 1075
998 997
1458 364
1502 360
1468 364
1462 364
928 230
1424 89
1792 765
766 765
1780 1763
1780 1771
1780 1772
265 65
1118 65
940 930
930 923
926 923
1754 434
1074 1073
1780 460
1615 1583
1636 1628
1628 1619
1587 1571
1587 1579
1620 1619
1637 1618
1619 1618
1444 361
1751 1639
419 5
1347 333
1410 354
1410 351
1205 1202
1202 299
606 602
607 606
1086 1085
1089 1085
1804 1803
660 166
1866 465
1543 385
1543 1542
958 957
960 958
957 241
708 206
1696 503
1446 1443
1446 1444
699 698
698 175
1422 1394
1413 1412
1418 1412
1414 1413
1414 354
1415 1413
1412 354
1422 1421
1422 355
1820 1817
1820 19
580 141
1993 27
542 539
549 539
542 540
1489 94
2006 1993
1277 775
676 660
1971 493
1361 323
1361 81
331 81
1360 323
1974 1973
1973 493
1371 342
342 298
1371 85
603 601
603 149
772 771
1363 1358
1640 1639
367 364
1450 367
846 845
847 842
846 842
747 48
747 184
1633 1629
1629 440
1741 1736
1289 324
1741 428
1741 1739
1289 321
1058 1057
1117 1116
1116 1057
566 551
567 216
1627 1623
567 551
1822 1821
2023 26
2024 26
2023 505
2042 127
1709 427
2029 2028
2029 2025
2029 2024
1789 1784
1048 1030
577 571
1305 1303
1303 1302
1785 449
1805 1785
1785 1784
1296 1293
1339 1331
1348 1339
1072 1042
702 701
742 186
741 186
1457 1455
1457 1456
1318 329
778 78
1251 1244
590 589
1244 312
1699 106
1699 1697
1698 106
1699 1692
1699 1691
1698 1691
1417 353
1417 1412
1417 1416
2011 25
415 413
787 786
787 199
720 196
1154 289
1400 289
1705 502
1713 1712
1714 1713
1713 1705
1581 1577
1774 1769
1581 1578
1177 15
2018 1537
1015 61
106 6
1015 1011
1011 1010
1018 1009
804 202
1009 62
1226 1225
1228 1227
1231 1225
1227 1225
1885 1882
178 14
208 14
108 107
1846 1842
971 57
1842 461
1567 1566
1567 1562
1569 1567
1566 1545
1106 277
1104 276
1106 1105
1105 276
887 886
583 140
887 882
582 140
1448 1446
583 579
1446 1445
740 738
778 777
701 698
259 62
251 62
1017 259
1014 992
1842 458
1174 1097
1696 1694
1696 1695
1696 106
679 678
679 168
936 933
1666 1663
1665 422
1613 1597
1613 1596
1687 1663
1666 1665
783 188
784 188
820 812
823 820
1681 427
1681 1678
1678 1677
1681 1680
427 423
1689 427
820 221
1214 1093
1445 361
689 173
814 813
173 155
625 623
1200 1197
1198 1197
1201 1200
1199 1197
653 165
1249 800
801 232
800 311
1248 800
802 801
802 799
655 165
801 800
188 18
752 188
1669 1664
785 713
1725 107
495 107
1993 1988
1993 499
400 398
1612 1604
1604 398
414 413
1780 450
552 35
1779 450
766 319
1366 1365
1368 341
552 137
767 319
1368 1365
675 674
679 675
674 42
2035 2033
2035 30
2028 124
2035 124
1750 1674
1675 1674
1611 398
2008 1703
1435 1433
1439 1436
1989 1988
1439 1435
1437 1435
2008 2007
1614 1611
1991 1989
1610 398
1989 498
1203 1196
1862 465
1877 465
1678 1667
1675 1667
865 217
1243 1242
1123 1055
1123 65
1122 66
1123 1122
681 171
684 681
681 175
187 49
751 49
750 49
747 49
722 187
1040 1038
792 789
1674 104
792 791
1894 1891
1714 430
1891 1888
1744 1742
430 429
1744 430
933 234
1099 1091
1095 303
1095 304
1099 302
1095 1091
1095 302
1769 112
863 136
215 13
215 136
863 546
546 215
1398 1396
1398 1397
1398 1385
1290 320
1291 320
1374 1370
718 197
797 777
1071 1067
559 528
930 235
927 235
928 927
971 968
1467 1464
994 992
993 992
1741 433
1741 1715
1741 1716
1631 440
1101 276
663 651
663 648
1156 287
649 648
1156 288
1384 1383
1384 344
941 227
1582 412
1649 412
1653 412
1228 1224
1225 1224
1219 1215
571 553
1215 1212
574 571
914 908
662 650
1001 60
1002 1001
1074 1001
756 188
411 102
1209 307
1705 1701
797 78
759 758
760 759
1071 268
1070 268
1071 1042
983 866
617 616
1277 767
858 856
768 767
862 857
858 857
1380 344
1383 1380
733 671
1020 1017
1017 1016
1021 1014
1560 1556
1557 1556
971 969
971 970
1369 317
1190 317
1044 1039
1045 1039
1045 1034
1043 1034
797 795
1043 258
2032 506
2033 506
793 792
693 616
1837 1835
1844 458
1845 458
1844 1837
1844 1838
1378 1181
1378 1161
1377 1181
813 810
1390 348
1456 348
1911 1910
1102 272
733 11
733 732
732 729
1169 1102
716 45
1472 399
1472 1343
1343 1340
1344 336
1343 336
336 335
2010 500
2007 500
2010 2003
2010 2006
1720 1704
1720 1703
1704 502
1192 1190
2002 506
2004 2001
793 77
2002 2001
793 198
794 198
1084 1078
1084 1077
1837 114
907 900
1348 333
1331 333
334 333
1331 84
468 9
1003 998
1958 490
1958 1957
1265 316
316 315
2017 2009
2017 2013
924 918
1963 1955
1963 489
920 918
921 920
1965 1964
1963 491
1966 1964
1966 491
1969 1968
1962 1958
508 506
1963 1958
1962 1959
1969 506
777 776
143 142
579 142
1267 1261
1261 1258
1262 1260
1261 1260
1669 1642
637 632
637 636
636 635
637 633
1920 632
1360 1359
1327 330
1083 270
1360 17
330 17
331 17
684 12
1098 302
856 855
855 216
841 216
216 213
717 197
1826 455
1829 455
1333 82
1126 1048
1667 5
1003 1001
1003 996
1003 995
795 794
747 745
746 745
630 0
632 0
642 641
821 201
1247 805
1703 501
711 710
715 711
1726 1725
1470 1450
1725 497
715 714
964 947
965 947
955 950
965 950
950 237
519 512
518 512
518 513
845 817
845 816
1605 400
1606 400
270 269
1076 270
1084 1076
635 163
646 645
637 163
644 163
646 644
640 639
640 638
638 637
829 827
696 695
696 145
797 779
765 761
1980 1979
1073 1072
527 148
528 33
526 148
592 527
527 33
1339 1338
1159 290
1399 290
1230 1200
1232 1230
1233 1230
1237 1230
1235 1231
1237 1231
1200 76
914 228
803 221
813 221
618 615
1075 1072
688 165
1863 1862
1863 1861
1984 1861
1984 108
445 444
445 442
1113 1059
1676 422
1157 288
1947 1944
1946 1945
1947 1945
1676 1667
1153 1151
1151 1150
614 153
605 151
588 150
1000 999
151 150
619 615
614 605
615 153
938 933
939 933
1257 774
1876 116
1062 1060
1062 1052
1821 1820
231 230
1318 1317
1319 1317
1624 1317
1320 1319
1036 1035
1035 1034
1039 1035
1035 1033
1753 438
1753 1752
1855 1853
1855 1854
1363 343
1372 343
562 560
604 526
1673 104
1599 399
438 104
1752 104
1467 1465
1615 403
1471 1460
1468 367
1467 1460
1471 1468
1448 362
1414 1409
1432 353
1414 1410
1432 1415
1396 1393
441 440
1759 441
1758 441
831 44
830 44
704 14
704 50
830 704
309 308
1252 309
1252 1251
1254 1252
577 142
2011 2009
2011 2010
1843 458
1810 457
1838 1810
1839 1838
1839 458
1840 458
1925 1905
1907 1905
1907 118
967 249
999 967
1751 1640
1752 1751
1748 438
438 436
1749 438
1774 1773
1774 459
784 199
786 79
783 782
784 719
784 782
199 79
783 753
719 79
1594 396
1590 1589
1132 1124
1704 1701
1589 1586
1594 1589
549 138
552 547
1981 1980
1980 1976
1977 1976
1872 1868
1873 1872
1239 1225
1880 113
469 113
1428 1425
1428 358
1429 358
1427 359
1435 359
1428 1427
1443 1442
1436 359
1671 437
1671 1670
1640 437
1485 93
1489 1485
1490 1489
1641 1640
1752 437
1672 437
643 641
646 641
1370 1190
1210 307
1746 109
1745 109
1739 436
436 109
1749 109
1746 1740
1747 1746
1747 1743
1576 1575
617 611
1669 1668
1669 417
1246 929
1245 929
1554 1547
1555 1547
1555 1548
1552 1551
1555 1551
805 804
1919 642
642 640
2015 503
953 952
951 237
952 237
2016 2012
2016 2015
1797 1796
1797 1787
1339 1333
1333 1332
1160 293
474 10
1166 1165
475 474
1165 1160
1883 10
1882 474
1421 1417
1418 1417
667 662
663 662
1364 85
1372 85
1372 342
1161 295
1181 297
1181 295
862 550
862 546
862 545
1399 291
294 293
294 292
292 291
1878 469
1241 934
1241 935
935 234
289 288
946 945
974 243
946 57
963 947
948 945
947 945
974 946
194 18
746 744
751 744
751 18
1972 492
1972 489
1971 492
1972 1964
1484 93
1486 93
1481 93
1553 1489
1553 93
1615 395
517 515
1604 1601
515 513
1601 400
697 43
532 131
531 32
532 32
1445 1444
895 874
701 175
589 581
146 37
589 37
1518 1490
1345 4
1346 4
1345 1344
1904 1903
1903 478
1899 478
1054 1053
1052 64
1056 1054
1053 64
1053 262
1694 503
1600 1342
1342 1341
2018 1694
1770 1768
1717 1714
1925 479
1560 1480
1924 119
1919 1918
1924 1916
1917 1916
1919 1916
1926 119
1570 393
1588 393
1561 393
966 249
772 765
968 966
1066 1065
1806 460
460 450
1776 460
1814 1812
1828 1812
1183 1182
1183 297
1379 1161
1102 1101
1101 1100
1454 356
361 356
1459 1454
782 193
753 193
756 753
241 240
1387 1379
1380 1379
1877 1866
1930 601
1521 23
1550 1521
1521 380
1480 397
1478 397
1483 1478
1483 1477
1655 1652
1998 1996
1998 1995
1996 28
1931 1929
1933 1929
1690 1689
1709 1689
1320 82
820 201
1305 1304
1542 1538
1910 162
1915 1910
1716 430
1918 1915
1374 1373
1375 1373
1374 1183
1087 59
959 59
1086 1083
1089 1087
1087 1086
1959 509
1958 509
799 795
1024 1021
1022 1021
1022 255
1021 983
2029 124
1037 259
124 26
1037 251
2038 2037
2031 124
2043 2041
2036 29
987 980
2043 2042
2038 29
2043 29
457 455
456 455
1724 1721
1162 73
1162 295
1725 1721
553 36
563 553
1221 953
1222 953
184 49
748 184
275 72
1168 1167
275 70
1168 1130
1135 1130
1168 1141
1130 275
623 622
740 730
622 155
622 156
1477 399
1477 1476
1478 399
601 0
1073 1004
798 795
1073 1001
1901 1900
1875 1873
1663 1537
1656 1537
1409 1126
591 554
1129 72
1285 319
1127 72
1281 319
322 317
1085 1065
656 165
657 165
826 203
819 812
818 812
819 203
204 203
823 819
826 817
818 817
990 988
988 987
1915 642
829 212
835 829
829 825
829 828
1798 1793
1906 480
817 221
812 221
1933 480
1192 322
1774 112
1879 475
1879 469
1174 1098
130 128
1125 1124
1124 263
597 521
597 522
1288 1273
1933 1928
1409 88
1432 88
1434 88
1432 1430
1431 1430
1430 1429
1432 1424
1429 1424
626 625
634 625
627 626
1354 343
1355 343
341 317
577 574
1641 101
410 101
909 906
1683 422
1945 486
1682 423
1686 423
1131 1113
1688 423
1952 1945
1689 1688
1683 1682
1685 1683
1684 422
1114 1113
1873 116
1848 1735
700 177
682 176
700 176
917 897
898 897
951 234
917 890
898 896
936 234
952 233
951 233
550 547
543 542
547 544
547 543
1245 934
1607 400
1609 400
1610 400
1146 71
1146 1145
1145 280
1145 1143
1143 281
1146 285
1112 277
1133 1112
699 693
1072 1071
797 778
1494 371
975 972
979 972
1585 395
1667 419
1674 1667
979 242
980 979
981 980
1601 1600
129 128
533 128
1670 419
278 69
706 705
705 178
751 196
750 196
719 195
196 195
1424 90
1423 90
1954 1944
841 569
570 569
1203 1195
570 568
570 566
567 213
568 213
598 521
521 520
1204 1203
1203 1187
480 479
1172 15
430 428
1854 496
1134 69
1747 1742
1742 428
928 805
928 231
1180 1179
1180 296
1180 1178
586 146
1996 1988
1126 1030
1470 367
1098 1096
1589 1587
756 752
757 752
1877 116
1110 1085
1557 97
743 189
758 743
758 190
1798 758
752 189
1798 760
1491 372
1491 1490
1493 372
1492 1491
1474 372
1491 371
372 369
1469 368
369 368
373 368
1521 387
1256 778
814 810
778 776
583 142
581 142
810 808
810 809
1283 320
1143 1142
1802 1801
1821 19
1621 1617
1583 403
1617 404
1362 1358
1362 1328
1848 462
580 571
733 672
729 672
676 669
676 41
1991 1722
1286 1280
1286 314
1286 1284
1190 1184
796 794
1185 1184
1734 1733
1733 1730
1732 1729
1732 1731
1729 1721
1732 1730
824 204
205 204
825 824
1124 264
1120 262
1120 1054
1119 1054
1235 1225
1276 1269
1930 121
523 130
841 840
519 130
843 841
523 521
853 843
531 139
533 531
139 134
2040 1930
1317 329
1317 1316
1276 1259
1276 1268
1273 1272
1272 1271
1783 1778
1786 1778
367 4
1784 1778
1521 382
882 881
1505 1126
1847 1768
1768 461
1108 1099
1099 1098
1470 1469
537 34
539 138
517 514
541 34
535 512
514 512
539 538
541 535
538 537
716 182
571 566
1828 455
2008 501
1991 1719
1991 501
924 886
1446 1442
1447 1446
1446 375
1967 27
1994 27
1995 27
1999 1995
1941 120
943 56
1201 76
938 937
938 936
938 227
949 3
937 3
1778 1777
1490 94
738 734
739 738
1505 88
1042 1041
1051 1042
2015 1696
2005 2004
2012 1696
1866 485
1869 483
1182 296
1868 484
1866 1865
1182 1179
1873 484
1864 485
1865 1864
1943 1864
1179 73
479 119
1869 1868
1873 1866
1869 1865
591 590
716 183
724 716
591 147
724 721
1321 82
1538 1522
1309 1304
446 111
1304 111
1781 111
1539 1522
1540 384
1537 384
1536 384
1540 1532
1539 1532
866 512
82 17
208 44
704 208
177 44
1322 82
702 177
186 185
1800 185
190 185
1816 185
185 19
1365 1364
1371 1364
1037 1007
1008 1006
1007 1006
1007 1005
883 879
882 879
883 876
892 883
1948 121
1949 121
1950 1948
1563 392
391 97
392 97
1702 6
1702 1701
2012 6
792 77
1875 1874
1876 1875
1876 467
1874 467
576 575
575 210
578 575
578 577
631 158
631 159
634 159
630 626
631 630
636 634
634 160
1177 1173
492 466
493 492
1003 1000
1003 1002
1859 116
1867 116
1201 75
1668 418
418 417
2032 508
2032 1966
1277 1276
1744 1679
1710 1679
1711 1679
1338 1334
652 624
634 624
1891 1887
1887 1884
1885 474
1886 1884
1885 1884
695 151
586 151
588 586
1958 1955
725 706
1032 1028
1036 1028
1029 1028
1039 1037
1039 1038
180 176
706 180
1124 1121
1006 1004
1028 63
1438 88
1584 1577
1584 1582
1648 1582
1491 389
912 908
913 908
908 228
1854 1850
1854 463
1853 463
1852 463
1131 1124
998 996
1589 1559
795 779
1591 396
1559 396
1589 393
1055 1054
547 35
1717 1713
549 35
1999 1972
1803 1802
1720 501
502 501
549 548
1807 452
1806 452
1802 452
1777 450
452 450
1719 502
1717 502
1543 1538
1567 1537
1543 1537
1114 1112
1387 290
1397 290
1735 1734
1851 1735
1850 1735
1495 374
1409 280
1500 1498
1498 1497
1498 1496
1496 1495
2040 2039
2039 509
1960 509
1083 269
1257 313
1082 269
1082 1080
1257 1256
227 56
2038 507
2032 507
370 369
201 200
822 201
194 188
694 690
690 174
174 39
693 39
244 3
942 3
942 938
1781 1303
1304 1303
1783 1781
1783 1782
1936 1902
1902 482
602 152
603 0
602 0
1065 277
1583 98
1584 1583
1648 1583
404 98
1646 1618
1647 1583
1646 404
1647 404
1646 408
1336 1320
1606 1334
1336 1334
1335 1334
1131 69
1423 1421
1421 87
748 740
940 227
1328 17
1359 1328
2023 2018
2023 2022
863 862
858 2
862 2
534 533
534 139
533 133
533 132
1995 1969
1201 316
1206 1201
1202 1201
1599 1472
901 895
901 896
1600 1599
2004 2000
1902 1872
1058 1052
693 173
694 173
2005 2003
2006 2005
2005 27
432 430
1717 430
2018 1663
1220 306
1219 306
1670 5
203 201
823 201
909 908
2017 2011
1287 1286
1194 1193
1193 74
931 888
931 926
925 888
924 888
543 540
543 541
541 135
541 136
90 89
357 90
1455 357
1373 343
698 693
881 815
902 874
1036 1019
1029 1026
1816 1801
1801 1800
1801 454
1815 1801
1507 376
1503 376
1385 86
1396 86
345 86
1573 1572
1503 1501
1502 1501
1847 1737
1847 462
1293 326
1294 326
622 621
625 622
971 966
1393 1388
676 666
810 231
1193 316
1196 316
358 89
1426 89
1444 89
1107 1100
1108 1107
1106 1100
662 166
1100 276
1535 1511
1528 1511
1535 1505
1377 297
1377 1376
1376 344
616 151
616 615
1574 1573
556 549
1272 1270
1272 1192
1194 1192
1192 74
1270 74
365 346
346 86
1911 1908
1911 7
1641 418
437 418
418 410
1655 1576
1655 1654
1386 1385
1499 376
1499 1497
1386 345
1386 1380
1499 379
721 187
1782 1763
1762 451
1762 446
1763 451
1770 1767
1781 1763
1102 1097
788 198
1098 1097
654 166
1161 291
1161 294
656 655
656 654
1660 417
1643 417
1642 417
1278 1275
768 318
1278 318
1096 307
1277 1275
1279 1278
1208 307
1900 9
1110 1089
1110 1109
1110 1090
1761 446
1386 346
1332 82
1370 1183
1972 1965
720 187
750 720
91 20
1345 1340
1346 1340
1341 1337
1340 20
1348 91
1345 336
1337 91
1987 1979
1981 1979
1986 28
1987 28
1386 338
1386 1384
645 641
1912 645
1604 1602
1912 648
1895 648
705 14
709 708
1986 1985
708 14
1379 1378
1379 344
1368 317
1367 317
1178 1177
485 466
1177 1172
1221 1220
821 202
1213 1212
1219 1211
1212 1211
571 141
1219 239
571 563
1220 239
1902 1871
964 963
963 956
1338 1333
1552 21
1553 21
2039 507
1902 1901
1903 1902
1902 476
1585 1584
580 577
1821 742
972 57
973 972
686 657
1957 509
2040 1957
1409 1151
1021 254
1021 1015
1016 254
893 891
894 891
894 889
890 889
825 211
1985 1726
1980 1978
1980 1970
238 233
1223 233
1288 1286
1196 1195
1195 1193
1954 485
485 465
1381 344
1994 1993
1996 1993
799 794
1212 305
1853 1834
1836 114
1853 114
1857 1853
1774 460
1112 1059
1063 266
1063 1059
1852 1835
1836 1835
1668 5
1369 298
1190 298
1369 341
632 601
1628 1627
1627 1622
1796 454
1627 1620
1804 454
860 220
1960 122
1962 1960
2039 122
1288 1192
705 45
769 767
769 766
307 75
307 300
1760 444
1770 1766
1771 1766
1766 1760
701 177
887 881
881 814
742 185
996 993
1351 346
1013 61
993 61
1463 346
993 252
1048 1032
997 996
1047 1046
1048 1046
1049 1047
1049 1048
1047 258
1048 262
1989 1722
772 754
839 569
967 966
1403 350
1080 966
378 377
1503 377
1504 1503
1503 1440
1502 1440
603 8
603 597
1276 775
1448 375
1911 161
1897 1895
1897 1896
1914 161
1896 161
1912 161
1506 377
1508 1506
1508 1499
740 734
740 731
1008 62
1827 1817
1980 1975
1977 1975
1977 1973
710 45
179 45
207 45
1562 1556
1556 97
2044 2033
872 869
873 869
877 873
2044 2034
2044 2043
1884 9
1883 9
1891 9
1459 347
1615 1614
1584 1581
1459 1458
1459 366
1584 1580
659 166
661 659
661 169
613 152
612 152
608 152
606 152
834 214
838 834
838 836
1769 461
976 243
976 944
1397 349
1014 61
839 837
840 839
838 837
1096 302
1208 68
1173 1096
1096 68
1305 1298
1302 1298
1300 1292
672 671
1305 1297
2030 2002
975 243
1941 1940
1947 1941
1985 107
1423 1422
1415 88
1414 88
353 87
1424 353
934 932
934 928
658 657
661 658
685 661
737 735
737 736
739 737
881 223
881 880
963 962
962 57
931 923
924 923
923 920
922 920
796 198
1162 1161
907 901
713 198
789 77
789 198
566 553
574 566
574 569
1442 360
1501 360
2021 25
504 26
2021 2019
2031 2019
2022 505
2019 26
505 504
682 175
700 175
1424 358
1569 1568
1573 1568
1575 1573
1301 1299
1302 1299
1300 1299
1301 447
1302 447
1631 1630
1630 407
1625 407
1313 407
1626 1625
1789 447
796 795
1040 1039
1314 1312
1630 1312
1314 1311
1890 40
1888 1887
1888 40
628 157
621 611
621 157
1051 1043
1043 1041
1454 89
361 89
1454 357
1219 1218
1057 260
1057 1052
265 260
1782 1779
1782 1780
1111 267
1184 1183
1183 301
1063 267
1111 1069
1879 1859
182 45
1879 1878
1727 496
1855 496
1876 468
1728 1727
382 95
662 660
781 780
782 781
782 754
780 776
588 587
784 195
784 194
1223 58
1420 1403
1403 355
1419 1403
742 738
934 929
2017 2016
2020 2017
2017 25
775 774
775 773
1828 1811
1828 1826
1814 1811
1217 957
1954 492
1954 123
1954 1953
1954 489
1648 412
1648 411
1647 411
1296 326
1306 1297
1297 1296
1469 1449
1469 1450
1449 373
1728 495
1728 1724
943 911
944 911
1676 420
1621 1616
1628 407
1587 1586
1622 1616
1622 1610
907 225
1263 1262
1262 1234
1261 1234
629 152
629 0
835 206
709 206
1743 1742
1000 998
1518 1497
1566 1546
1566 1565
1565 1563
1408 1407
1409 1407
1408 352
1409 352
1410 352
2018 1687
652 635
652 651
635 634
872 870
874 866
874 871
872 871
907 902
966 57
1990 497
1990 1726
1989 497
1323 82
1173 300
486 123
489 486
1955 486
1176 1173
1955 490
941 229
941 56
1459 1457
671 670
673 671
916 908
420 5
1664 5
834 210
833 210
832 831
833 51
831 51
1942 1938
1942 1939
1938 1870
1942 1940
410 102
1644 410
941 923
941 922
941 919
941 940
618 611
618 154
1239 1235
1203 1202
1203 316
875 874
873 55
874 55
612 609
619 154
619 609
1544 387
1549 1548
1551 1549
1541 386
386 385
1549 1544
1544 1541
1894 1892
924 889
1999 1997
1487 21
1593 396
881 222
1440 360
1779 1778
1630 441
1603 1602
1612 1602
578 142
1080 962
1968 1967
2000 1968
1995 1968
822 821
2001 2000
2000 506
822 793
822 794
1872 484
616 173
285 283
283 281
1156 286
285 284
1156 285
971 242
972 971
1511 95
533 32
129 32
524 129
130 129
1197 315
1201 315
1629 1628
1818 1811
1819 1818
1819 1817
907 903
587 146
595 589
604 146
595 146
2014 2013
2014 1704
1704 1702
2013 2012
1308 1297
1934 1932
1939 1931
1934 1931
1940 1931
1935 1904
1904 477
1935 1932
1270 1265
1270 1269
557 530
557 134
1623 1622
697 693
1878 1831
1830 114
1831 114
1832 1831
1769 460
1770 1769
1772 1769
1771 1769
1494 374
781 771
774 313
781 774
781 773
598 596
598 597
771 754
597 149
596 149
1208 1094
1209 1208
933 932
1239 58
2045 127
510 127
2045 2026
2045 126
2023 511
511 126
1585 394
1132 1121
1586 1585
1121 66
1110 1065
813 231
806 805
806 231
1518 94
292 289
1812 455
1809 455
471 470
1830 113
470 113
1032 1030
1032 1031
1031 1029
1386 1383
1459 1452
1459 364
1453 356
1452 356
1439 360
1174 1096
767 318
1531 382
1530 382
1526 382
1171 272
1166 272
1171 1169
1925 119
1910 1908
1908 119
1061 1060
1916 1908
1060 1042
1132 1131
1729 1724
1265 1193
1793 760
1194 1190
1194 1191
1926 479
1927 479
1169 1097
802 794
821 802
1605 401
1624 1605
1336 1319
1605 1319
1523 95
1596 1595
1603 1598
381 95
1598 1595
1827 1820
1820 471
660 659
1665 420
1662 420
1664 1662
421 420
1870 117
1868 117
483 117
1871 1868
1877 1873
1977 1974
695 693
1890 666
1889 666
1062 1058
1059 1058
610 157
1167 272
610 609
629 609
1517 22
1515 22
1321 1320
1321 1317
1009 1008
264 263
1126 1120
1120 263
1525 1514
1514 381
1646 1645
1512 381
1519 1515
1647 1645
1525 1513
1519 1513
1243 58
1522 387
1542 1522
1494 1491
1494 373
1068 1065
1069 1065
1142 281
749 748
723 722
724 722
749 722
749 49
1205 1172
1205 296
1179 1162
301 296
1487 388
1488 1487
618 616
1008 251
1007 251
1384 1381
1382 1381
1381 1373
260 65
1056 1055
1055 260
532 529
558 532
558 530
1214 1088
1215 1088
1214 305
1215 305
1217 954
1217 953
1214 1094
810 230
1627 100
1551 1550
2021 2002
1253 1234
1018 254
1018 1010
1017 254
1015 1014
1253 1252
1011 1009
1009 252
1417 87
1157 292
1518 22
553 552
553 551
762 758
758 757
202 201
757 189
1569 1561
1570 1569
1573 1570
1562 1561
1396 1388
1511 1510
1513 1508
1516 1508
1510 1509
1513 1509
1512 1511
1513 1511
1379 290
603 38
607 38
1823 11
1823 735
1039 259
1701 425
1036 259
939 930
589 562
652 650
1303 447
1784 447
1700 1698
1698 425
2021 2011
1823 671
1073 1038
1073 1006
1837 1836
843 53
2044 31
2044 2035
2044 127
1216 1088
1216 59
1217 241
310 308
1238 1235
1243 1235
1238 308
1238 1236
1840 459
1840 1809
1810 1809
1615 1611
1586 1579
1579 394
1580 394
630 627
1277 773
1277 769
556 138
557 138
1505 256
1985 1725
1900 1898
1900 1892
1411 351
1420 1411
352 351
1411 354
473 471
472 471
1881 113
473 113
1960 1959
1189 1185
1191 1189
1188 1185
1603 99
1505 1030
1256 1255
1256 1253
1374 342
1657 1655
1998 1997
1656 1655
1979 1978
1997 28
1568 1567
1656 1567
1997 1979
1655 1575
1487 94
461 112
2037 507
902 895
1733 433
1733 1732
1398 349
350 349
282 280
1144 282
1143 282
1126 280
742 740
740 184
748 730
1554 391
2040 121
1787 1785
1804 1785
580 142
321 320
682 681
1113 1112
1722 1719
1768 1767
1718 1715
1715 431
1722 431
1718 1716
1716 432
1137 292
1165 1137
1138 1137
1165 1139
716 179
717 179
391 390
1557 391
1889 665
1135 69
1894 665
373 362
1894 647
275 69
1879 1876
1379 291
805 232
1374 343
1867 115
1857 1855
464 115
1860 464
445 441
1857 1856
1860 1857
1861 1857
1877 1867
1860 1858
1867 1862
1093 1091
1093 304
1602 1601
1898 478
1551 21
1909 118
1909 1904
1909 478
1498 371
1495 371
1498 1490
1342 1337
1545 386
1546 1545
1543 386
1337 83
1545 1544
915 229
1760 445
914 229
1159 349
1883 468
1128 69
1654 1652
1653 1652
1659 1653
1653 1650
1805 452
1786 1777
1805 1803
1786 452
172 39
699 39
1247 1246
1761 445
2030 506
1814 453
1170 1167
919 915
1710 427
1829 470
1636 1629
1218 1215
1587 393
1476 389
1758 442
389 372
1765 1758
1475 389
1765 1754
1492 389
1755 1754
901 898
901 899
901 900
919 918
921 919
922 921
706 182
192 191
1791 1790
1791 191
1825 471
1795 192
866 535
859 858
1373 1354
1352 338
1382 1354
1354 338
1353 338
1107 1090
1106 1090
572 214
577 573
575 214
577 214
573 572
1070 1069
1043 1040
1071 1068
1070 1068
1070 67
1044 1040
1601 1599
1744 1743
1370 298
1051 258
1049 261
1050 1049
1352 346
1050 258
1051 64
261 64
1394 1392
1178 1163
1121 1119
1121 264
374 362
375 362
1517 1497
1560 1559
467 9
1901 9
1284 320
1669 5
1607 401
1626 406
405 100
406 405
1736 1733
1287 321
1287 322
766 764
222 221
1402 350
1841 112
1841 110
1843 110
1840 112
1576 1574
1578 1574
1798 1797
1797 47
1797 454
1483 389
76 75
1218 1216
1218 241
1210 75
1647 102
604 594
595 594
595 590
907 906
1944 1941
777 199
780 777
1297 325
1292 80
1292 325
326 325
710 200
1367 322
1776 1774
1367 324
403 98
2041 2040
2047 2041
2042 510
2041 510
1617 98
676 169
676 659
983 874
916 224
916 915
1400 292
1400 1159
916 914
900 225
916 900
1536 1535
1536 1533
1537 1535
1778 450
594 148
593 148
592 147
148 147
929 805
1265 1198
1266 1265
1198 315
1930 632
1267 1266
1267 1263
1263 1260
1229 307
686 165
687 165
1248 1247
842 53
1312 445
220 54
850 220
1287 1284
150 1
587 150
1020 1019
1019 255
1027 255
829 211
1815 1802
630 629
1815 453
1788 1785
848 220
220 53
940 938
940 939
1244 1243
849 220
692 685
685 684
1795 1788
692 683
1789 1788
684 677
683 172
1286 1273
1767 1764
1767 1737
1595 395
1614 395
1613 1595
606 38
613 38
150 38
1122 1121
681 170
319 318
1280 319
1436 360
1443 360
1441 360
1667 420
975 974
975 973
287 286
1150 286
1150 71
917 889
2005 1967
2005 2000
988 970
989 988
1623 100
402 100
402 401
952 238
1793 1787
718 196
719 718
785 718
779 199
999 998
698 43
143 43
888 886
140 43
1639 1634
1637 1635
1638 1635
1639 1635
1636 1635
1395 1392
1669 1662
1597 1594
918 889
1288 322
1736 1735
1271 1270
732 730
731 730
617 173
1010 1009
1338 83
1338 1335
866 136
792 200
822 792
970 242
1107 1099
410 409
1895 647
1645 410
590 562
703 43
702 43
660 167
667 660
998 970
2044 2042
209 143
578 143
1944 1943
1944 485
1242 58
701 700
1708 1691
1700 1691
1708 426
1690 426
2017 2012
1489 1487
1094 1093
1093 1088
1093 1092
1830 456
1837 1830
1838 1830
470 456
724 187
1793 761
1793 759
1365 339
1173 274
1761 111
832 703
703 209
832 44
1332 17
553 137
1028 1019
170 12
1028 1026
680 12
679 12
1028 1027
755 754
754 193
1207 1175
1176 15
1207 1176
1207 75
824 211
211 205
710 205
707 205
1737 1736
1738 1736
1736 462
1739 1738
695 616
788 786
788 785
1842 112
1842 110
690 173
1790 766
1805 1804
1688 424
1694 1687
1693 105
1693 1687
1688 426
424 105
1757 1755
1764 1755
1765 1764
1764 443
1755 434
592 554
556 548
555 33
556 555
557 555
592 555
618 617
939 235
939 932
960 959
1087 960
1594 1593
765 764
1294 320
762 761
762 759
1457 1454
1120 1048
1064 1061
1062 1061
1710 1708
1710 1709
1708 1707
1708 1705
1705 425
1393 1389
1422 90
1422 1392
1422 1391
1393 1392
1258 775
1259 775
1370 342
895 875
893 875
893 892
1115 1058
1113 1058
1116 1115
1224 1220
1223 1220
851 220
1793 1788
1207 1202
1207 1206
1741 1733
1311 1310
1315 1311
1311 111
1311 1308
829 206
1831 469
1830 469
1290 321
331 321
1581 1574
1579 1574
1574 1572
811 804
806 804
804 803
1289 81
1366 1289
559 555
1367 1289
1936 476
1936 1903
1151 280
1903 477
1151 1146
1242 1240
1242 1241
1872 1871
847 219
1982 1974
1976 1974
662 654
1769 1768
985 980
1072 1038
1945 123
1944 123
882 223
847 53
1947 120
1650 412
1948 1947
1940 1929
1651 411
1650 411
1940 120
1948 487
1949 1940
720 717
1255 1254
1255 78
1254 1253
721 720
1035 259
1453 361
738 737
1822 738
1751 1634
1068 1067
715 197
197 179
2033 2030
2030 124
2030 30
1611 403
1616 403
1610 403
1617 1616
993 989
997 970
989 248
970 248
312 310
1243 312
310 309
1809 457
1247 232
1247 800
1042 1040
1042 67
1068 1066
268 67
1061 67
859 856
856 854
1174 273
1174 274
559 525
529 525
529 131
1204 1202
1559 1556
1556 393
787 779
720 718
1381 1376
676 167
349 290
229 228
911 56
228 56
468 467
1879 116
1881 1880
1882 1881
808 807
888 808
581 562
562 561
701 43
888 887
729 728
749 729
729 726
1245 1242
1244 1242
1381 1375
1613 1594
1586 395
1132 1113
1613 1590
1115 66
1613 1586
1132 1115
466 465
1082 961
1087 961
1974 465
1954 466
796 779
1758 445
1213 305
820 202
1229 1209
1217 240
1213 1209
1222 1217
617 155
1323 1321
1909 1907
1565 392
1547 391
161 7
1893 7
1323 1322
1909 1908
1898 7
1565 1564
1564 96
1327 1326
1908 1898
1564 1547
1327 1323
1753 1632
1759 1753
813 222
791 200
711 200
1927 480
1166 1139
1177 1176
959 958
785 197
1216 959
1783 1779
804 802
1927 481
1930 1927
1019 1017
788 787
1930 1920
804 232
884 883
885 883
885 882
886 885
889 886
866 863
864 863
1754 436
1759 1748
1754 1748
1657 1652
1751 1632
1659 1657
1657 414
475 468
815 219
880 815
468 10
678 12
1247 929
1147 284
283 72
1140 284
1147 283
1366 339
1362 339
1140 1139
1141 1139
340 339
594 526
1899 1898
1901 1898
1518 1498
677 12
1227 306
1205 15
1207 1205
1455 1454
976 245
982 976
1162 294
1180 1162
788 713
796 788
689 164
688 164
688 687
690 689
691 689
622 611
730 729
1522 1521
1531 1521
1661 103
1662 1642
1642 103
1661 416
1658 416
416 415
1575 1574
1813 1808
1806 1775
1813 1812
1790 319
1812 453
1808 1806
1776 1773
1776 1775
1588 1587
978 245
983 226
905 226
245 226
246 226
904 226
910 905
1997 1975
1975 1970
1997 1972
1060 1051
1052 1051
1324 1321
1321 1316
808 230
1261 1257
1289 331
1593 1591
1591 1479
1591 1480
1559 1480
1103 1101
1170 1168
1170 1103
916 909
1229 1227
1218 239
1230 1229
1229 1210
1218 240
803 202
1148 289
1155 289
1082 962
1294 331
1294 1291
1295 1293
1295 1294
1477 389
696 584
696 144
584 140
977 245
1255 778
1495 1494
1821 738
853 848
853 53
1644 418
1188 299
1186 299
1188 301
1188 1184
1204 299
1127 278
1142 282
1127 282
1127 279
1128 278
815 222
817 222
1110 277
1104 1103
1135 1134
1135 1104
839 574
574 573
574 52
953 238
1797 1793
581 580
580 561
1453 1445
1448 363
1072 1040
1451 1448
1445 363
1449 1448
705 182
1152 1151
698 697
697 696
697 140
1528 95
909 905
976 975
1023 257
257 256
1022 257
1027 1022
765 763
765 762
1645 1618
1171 273
1164 1160
1171 1164
1166 1164
1031 1026
1025 257
1030 1026
650 624
1027 1025
1026 1025
654 650
653 650
1274 1273
1276 1273
863 217
1180 1164
1164 294
1097 273
1180 1163
1553 1487
472 46
473 46
1885 473
1886 473
1824 472
670 473
1885 1881
1659 102
1651 102
436 434
1738 436
436 435
1284 1283
1285 1280
1285 1284
990 989
992 989
929 928
528 525
526 522
526 525
1257 1253
1644 1643
802 202
1643 102
1150 1146
169 41
168 41
1388 365
1388 86
1572 1570
1571 1570
1588 1571
1571 24
1388 348
814 222
1019 259
36 35
137 36
565 35
564 554
565 554
409 101
1680 1679
1679 427
673 42
675 668
673 672
675 41
675 673
1825 1824
966 962
772 764
214 210
902 901
713 197
714 197
1228 306
854 853
855 854
877 55
725 182
869 218
878 869
877 218
1743 1679
1657 413
1656 413
1663 413
1746 1679
416 413
1357 333
726 725
1350 333
727 725
727 680
727 674
728 674
985 247
985 982
985 984
1273 314
1528 1526
1528 1527
1529 1528
1533 1529
1535 1529
1533 384
1534 1533
592 591
1296 1295
1404 1155
1325 1295
1326 330
1155 1154
1325 330
1406 1152
1406 1155
1407 1152
859 2
861 2
2041 2039
2039 2037
584 582
563 561
561 560
584 37
561 141
604 8
8 1
604 597
987 985
986 985
591 562
1638 409
1645 1637
1637 409
38 8
1956 1951
1957 121
1956 121
1516 1499
1517 1499
1110 1106
1294 1283
1294 325
1357 1330
1356 1330
1363 339
1561 1556
1364 339
983 902
903 902
2030 2021
2031 2030
1177 274
1258 1257
1177 1163
985 981
1825 1823
1823 737
878 868
868 860
865 2
865 863
585 144
145 144
586 584
585 584
622 617
770 764
1332 1328
1330 332
1330 1328
771 764
1332 332
1329 332
769 764
1351 1350
1352 1351
1350 1347
1050 1047
1403 1402
1404 1403
1411 1403
648 647
697 695
1127 283
1142 283
860 54
878 54
1879 468
879 219
878 219
879 223
1153 1148
1149 1148
1148 288
1153 1152
1155 1153
1951 487
1950 487
1243 1239
860 217
1449 362
728 672
728 42
1301 448
1300 80
1282 448
1282 80
1790 1281
1789 448
1789 1281
1512 95
1041 1040
1625 406
1625 1318
1224 306
1390 1388
1389 1388
1892 647
1518 1517
1897 647
1358 339
906 225
916 906
1223 1221
772 763
1221 238
772 755
892 891
892 884
860 851
1494 362
906 903
906 905
666 167
597 526
1645 102
591 560
591 563
591 564
1271 1269
1273 1269
1316 1313
1315 1313
1258 774
1313 329
1625 329
1315 1314
665 664
665 663
665 167
664 647
649 647
865 860
