4824 1
4184 3.901148 
3353 3.731590 
233 3.602153 
3912 3.460879 
1080 3.426288 
4245 3.421635 
3292 3.417189 
4569 3.406007 
828 3.398700 
2120 3.265688 
3857 3.223082 
3443 3.210648 
4360 3.191381 
1517 3.174135 
1887 3.153824 
2458 3.146356 
3677 3.144299 
1491 3.142444 
3106 3.074747 
3691 3.065423 
2086 3.054751 
814 3.046991 
4517 3.026023 
1365 3.004323 
3281 2.996239 
1253 2.993052 
3189 2.990362 
4068 2.984364 
3560 2.977848 
2593 2.961538 
3903 2.948336 
2962 2.937598 
0 2.936387 
1061 2.935647 
3703 2.934448 
1996 2.928295 
3830 2.915237 
4398 2.902763 
3623 2.898586 
3963 2.881297 
4575 2.870738 
2589 2.847908 
4371 2.843042 
1299 2.827176 
2669 2.815627 
1791 2.809334 
844 2.805979 
3322 2.796932 
3291 2.782348 
1947 2.774121 
3303 2.752661 
823 2.752484 
3031 2.746638 
3697 2.741883 
1938 2.736647 
2542 2.736627 
1958 2.730268 
3822 2.726544 
1294 2.710332 
3145 2.709488 
1499 2.703778 
1916 2.698367 
1968 2.685577 
1792 2.684242 
228 2.683798 
2691 2.676405 
1492 2.670341 
2112 2.669326 
1892 2.667404 
3452 2.666257 
2892 2.664027 
446 2.646290 
2091 2.643538 
3447 2.639119 
3324 2.638771 
2103 2.634098 
1622 2.633269 
2955 2.631831 
4264 2.626654 
584 2.626050 
4092 2.622668 
4236 2.618576 
2896 2.605476 
2694 2.599736 
601 2.593985 
1479 2.593946 
2277 2.585920 
4637 2.576827 
3728 2.575404 
3143 2.571620 
728 2.565145 
3032 2.559025 
1619 2.554529 
3528 2.553804 
4352 2.552041 
3120 2.550445 
4387 2.533221 
1631 2.531103 
1586 2.527441 
1312 2.526299 
2812 2.518720 
3155 2.517795 
2116 2.513998 
1474 2.511422 
2831 2.505311 
2479 2.501287 
4284 2.497231 
2675 2.494872 
4365 2.490563 
605 2.485494 
711 2.484256 
4128 2.482747 
3511 2.481943 
4400 2.474422 
3305 2.471757 
2546 2.468748 
2132 2.465815 
781 2.446706 
4231 2.438971 
1995 2.436418 
163 2.435877 
819 2.425453 
2480 2.422366 
3557 2.421925 
2549 2.416023 
4745 2.405473 
1568 2.398049 
3614 2.396632 
1045 2.396625 
2493 2.396547 
1086 2.394784 
3544 2.385948 
1888 2.383258 
2958 2.380469 
288 2.374583 
3185 2.373901 
3685 2.363387 
2096 2.362642 
4389 2.361817 
1265 2.361741 
725 2.360210 
3064 2.359865 
275 2.357495 
1804 2.352358 
3304 2.347880 
2583 2.337457 
2191 2.335864 
834 2.331160 
1044 2.324979 
1501 2.318017 
1023 2.314423 
3053 2.312050 
1618 2.307657 
3285 2.306645 
3333 2.304785 
3645 2.299472 
1648 2.297323 
3457 2.295042 
2865 2.283170 
4159 2.276345 
1042 2.272471 
3970 2.268209 
2836 2.268014 
712 2.266906 
4762 2.257379 
3947 2.253170 
2582 2.251724 
867 2.248760 
1075 2.241841 
3683 2.241711 
4636 2.238893 
147 2.237967 
1076 2.237166 
2578 2.228631 
914 2.226567 
4589 2.226494 
1161 2.225464 
724 2.222679 
2659 2.222283 
1260 2.214743 
4198 2.212985 
3529 2.212512 
4197 2.212032 
2956 2.211364 
4595 2.209280 
713 2.208505 
3630 2.207115 
1521 2.206364 
3182 2.204347 
153 2.203202 
3332 2.201616 
1613 2.199727 
4763 2.199486 
2547 2.198704 
3338 2.198431 
146 2.196644 
4564 2.195625 
4650 2.191254 
3057 2.191043 
1628 2.190279 
2488 2.187694 
4093 2.185945 
1074 2.185157 
4743 2.182323 
4605 2.180896 
837 2.177913 
971 2.176363 
2696 2.173752 
3183 2.172476 
2888 2.171291 
451 2.169355 
1633 2.168843 
4594 2.167227 
4390 2.165239 
4067 2.164931 
1891 2.164888 
172 2.163546 
2834 2.160091 
3927 2.159879 
845 2.148730 
3339 2.148361 
4663 2.147810 
4521 2.147592 
2830 2.145444 
4178 2.145377 
3526 2.144688 
4263 2.142160 
3171 2.141743 
3747 2.140614 
3118 2.135271 
3949 2.133934 
1578 2.133854 
3286 2.132284 
2674 2.130286 
1528 2.127018 
3532 2.121233 
1948 2.119139 
1500 2.111084 
3298 2.101634 
3128 2.100600 
4787 2.097056 
4158 2.096838 
4241 2.095401 
2872 2.092452 
3538 2.091161 
157 2.090023 
4640 2.089956 
4736 2.088895 
2484 2.086403 
916 2.082829 
4675 2.082038 
4756 2.080714 
586 2.080368 
2098 2.077451 
962 2.076665 
822 2.074685 
2105 2.074171 
2821 2.072959 
1560 2.071474 
600 2.069653 
1020 2.066352 
4717 2.063279 
227 2.061876 
1988 2.060057 
905 2.059193 
1309 2.057505 
4142 2.053714 
2586 2.049366 
456 2.049152 
4127 2.044333 
3575 2.042157 
269 2.041115 
3968 2.040677 
1307 2.040012 
1590 2.039290 
3573 2.038588 
1801 2.038173 
276 2.036679 
2712 2.035820 
3642 2.034328 
3166 2.033482 
1284 2.030931 
212 2.030213 
3882 2.029066 
221 2.025680 
2487 2.022824 
4723 2.021648 
915 2.019223 
4565 2.019165 
270 2.018826 
4143 2.018435 
2587 2.018279 
3846 2.016486 
4239 2.015787 
1024 2.014000 
282 2.012406 
3539 2.011058 
4624 2.010799 
1929 2.010705 
2817 2.009705 
977 2.009176 
1926 2.008526 
691 2.004192 
4129 1.999638 
4744 1.997801 
2102 1.996043 
158 1.995619 
2729 1.995087 
2555 1.994445 
2869 1.993931 
3170 1.991399 
1481 1.990998 
4581 1.990927 
2738 1.990155 
577 1.987799 
3875 1.986937 
3446 1.986191 
4804 1.984383 
133 1.983435 
3626 1.983226 
2567 1.981558 
961 1.976549 
3852 1.976099 
3486 1.975481 
3329 1.972771 
1308 1.971108 
1472 1.970464 
689 1.970273 
178 1.969918 
2282 1.969819 
4332 1.969747 
3159 1.969451 
2559 1.968565 
4700 1.968068 
3067 1.968049 
1511 1.967915 
287 1.965719 
1478 1.964669 
1899 1.964251 
3052 1.963794 
1685 1.963624 
972 1.961411 
3184 1.959852 
2757 1.958159 
2711 1.958085 
4633 1.957280 
965 1.957116 
1007 1.957060 
1902 1.954359 
149 1.953677 
4232 1.951531 
917 1.951516 
449 1.949923 
4782 1.948821 
3514 1.947903 
838 1.945850 
2283 1.945477 
445 1.945254 
2717 1.943602 
3049 1.943171 
4651 1.941703 
614 1.941028 
606 1.940624 
833 1.940097 
4340 1.940051 
3512 1.939465 
3966 1.939397 
1609 1.939069 
1261 1.936132 
2887 1.935754 
3162 1.934262 
4154 1.933501 
3825 1.933179 
3950 1.932663 
4621 1.932275 
1526 1.928840 
4662 1.928131 
4177 1.927660 
4714 1.926588 
4709 1.926575 
1802 1.925978 
2564 1.920387 
1966 1.919490 
220 1.917921 
1937 1.917433 
1984 1.915772 
1725 1.914490 
1729 1.914015 
731 1.913131 
4549 1.913021 
1013 1.910478 
4755 1.910399 
1043 1.910160 
2133 1.909087 
3735 1.907082 
1951 1.906530 
3613 1.905874 
3485 1.905461 
4632 1.900674 
4250 1.899773 
4359 1.899586 
3826 1.899453 
1252 1.898740 
4328 1.897657 
2816 1.897280 
1604 1.896933 
988 1.895641 
4730 1.895368 
3533 1.894884 
2772 1.894487 
3328 1.892430 
3154 1.892027 
3540 1.891060 
219 1.889567 
229 1.889465 
4786 1.888240 
3905 1.888009 
3733 1.887998 
512 1.887258 
20 1.887122 
4604 1.885896 
4641 1.884298 
2763 1.883149 
2767 1.882404 
308 1.879847 
2190 1.879241 
4560 1.878827 
263 1.878298 
2762 1.877636 
2818 1.877104 
4704 1.877032 
3129 1.876016 
1290 1.875941 
4668 1.875895 
1031 1.875686 
3750 1.875028 
2879 1.874293 
3748 1.873853 
4526 1.873567 
581 1.873269 
1660 1.871178 
4180 1.871105 
2721 1.869787 
4620 1.869469 
4290 1.868923 
824 1.868691 
1529 1.868534 
599 1.868090 
274 1.867481 
1085 1.867102 
1981 1.865713 
1774 1.864631 
3346 1.864451 
4296 1.863281 
4230 1.862249 
4407 1.861049 
2841 1.860992 
3945 1.860096 
4492 1.860067 
169 1.858767 
218 1.858691 
3121 1.858494 
3050 1.858044 
3608 1.857563 
160 1.857061 
4816 1.857057 
4742 1.856960 
866 1.856394 
2749 1.856197 
1745 1.855920 
1555 1.855659 
3687 1.854423 
2733 1.853888 
4457 1.853064 
266 1.853007 
1273 1.852881 
2799 1.852549 
825 1.852037 
4552 1.851152 
1588 1.850970 
1736 1.847976 
4441 1.847141 
3527 1.846521 
1258 1.845661 
1300 1.845482 
1271 1.844737 
4520 1.844050 
2695 1.842627 
437 1.842613 
2561 1.841906 
1642 1.841620 
3877 1.841224 
3880 1.840672 
2573 1.839677 
302 1.838503 
906 1.837852 
1806 1.837580 
3453 1.837470 
277 1.836778 
985 1.836462 
3158 1.835871 
1579 1.835123 
3165 1.833802 
3115 1.833289 
454 1.833064 
1698 1.832846 
4813 1.831450 
3119 1.830214 
182 1.829938 
166 1.829801 
3624 1.829747 
4311 1.829470 
2111 1.829171 
1607 1.828439 
4463 1.827898 
4794 1.825247 
2764 1.824855 
1741 1.824270 
1668 1.824259 
1971 1.823063 
3518 1.822569 
1751 1.821002 
4619 1.820860 
2569 1.820842 
2560 1.820736 
4822 1.819984 
4705 1.819668 
4695 1.819627 
2775 1.819617 
966 1.819371 
1963 1.818879 
3823 1.818136 
296 1.818099 
1635 1.817039 
463 1.817022 
4610 1.816808 
982 1.816754 
1653 1.816741 
1814 1.816224 
3603 1.815908 
2889 1.815718 
4683 1.815398 
1012 1.815023 
1989 1.814390 
4585 1.814126 
967 1.812226 
2813 1.811585 
1881 1.811303 
1037 1.811084 
4321 1.810870 
1693 1.810679 
483 1.810568 
3176 1.808115 
152 1.807728 
4484 1.807613 
1595 1.807369 
4366 1.807362 
4718 1.807148 
4262 1.807093 
1637 1.806896 
3068 1.806743 
3061 1.805813 
1018 1.804903 
1257 1.803676 
4172 1.803613 
4629 1.803376 
1912 1.803145 
3297 1.801320 
4424 1.800957 
4538 1.800770 
3449 1.800565 
1587 1.799984 
4482 1.797588 
2801 1.797528 
4666 1.797291 
4265 1.797186 
2740 1.797043 
2808 1.796942 
1771 1.796905 
2278 1.795890 
3033 1.794634 
4354 1.793773 
3541 1.793715 
2807 1.793026 
2734 1.792676 
4655 1.791786 
1313 1.791519 
4327 1.790538 
1017 1.790051 
1612 1.789314 
3906 1.789166 
1673 1.788969 
1259 1.788030 
253 1.787612 
4544 1.787608 
842 1.787308 
1277 1.786753 
4580 1.786200 
3855 1.786029 
3628 1.785209 
4511 1.781803 
3597 1.781726 
4453 1.780610 
4689 1.779823 
4665 1.779034 
2844 1.777028 
3959 1.776531 
1559 1.776054 
2113 1.775108 
4734 1.774691 
1700 1.774605 
1686 1.774432 
4436 1.774374 
3873 1.773890 
3494 1.773626 
4487 1.773494 
3559 1.773183 
262 1.773101 
544 1.771085 
4613 1.770612 
4254 1.770494 
1281 1.770367 
2725 1.768573 
1985 1.766011 
4450 1.765848 
4460 1.765294 
534 1.763200 
4674 1.763043 
1482 1.763012 
4525 1.761668 
562 1.761385 
2092 1.760726 
2704 1.760449 
565 1.759666 
508 1.757462 
2895 1.757386 
2748 1.756469 
3345 1.755982 
469 1.755939 
3063 1.754688 
2579 1.754350 
204 1.753680 
2703 1.753131 
540 1.752337 
1506 1.751018 
1676 1.750709 
2554 1.750105 
1903 1.749026 
1520 1.748859 
4699 1.748629 
2779 1.747001 
4598 1.746263 
536 1.746056 
4337 1.745206 
190 1.744383 
2702 1.744197 
1808 1.744038 
4291 1.741807 
4561 1.741592 
167 1.741494 
4795 1.741376 
1647 1.741245 
4322 1.741062 
1810 1.739943 
4547 1.739680 
1667 1.739260 
240 1.738464 
1681 1.738272 
1990 1.738242 
187 1.738238 
1597 1.737978 
943 1.737849 
3964 1.737342 
1957 1.736911 
1561 1.736101 
2726 1.735250 
461 1.735193 
1591 1.735168 
4802 1.734547 
3878 1.734008 
4516 1.733858 
4783 1.733197 
1656 1.731930 
1923 1.731695 
4380 1.731561 
2716 1.730012 
3586 1.729998 
4160 1.729510 
1904 1.729012 
4765 1.728423 
4812 1.728181 
4677 1.727933 
196 1.727717 
4797 1.727113 
3744 1.726872 
4556 1.726366 
1267 1.725658 
465 1.725623 
494 1.725002 
4234 1.724613 
3746 1.723779 
4416 1.722946 
995 1.722774 
1757 1.722660 
1364 1.722595 
4775 1.722153 
1493 1.721910 
1270 1.720523 
4608 1.720331 
2104 1.719981 
1638 1.719525 
243 1.719432 
4303 1.718699 
920 1.717684 
1763 1.717308 
2875 1.716438 
4653 1.716352 
976 1.716229 
2789 1.716021 
3044 1.715823 
4183 1.715029 
4385 1.714908 
490 1.714321 
4182 1.714154 
4810 1.713550 
4774 1.712346 
301 1.712305 
1709 1.712155 
4490 1.712020 
3607 1.711660 
1776 1.711362 
4432 1.711257 
484 1.711246 
1952 1.710844 
4452 1.710839 
3749 1.710299 
2891 1.709545 
4411 1.708913 
504 1.708564 
3732 1.708532 
551 1.708408 
3625 1.707870 
1001 1.707718 
1288 1.707662 
236 1.707615 
1960 1.707054 
1661 1.706975 
225 1.706740 
249 1.706657 
4292 1.706579 
2728 1.706485 
597 1.704676 
1672 1.704277 
4722 1.702865 
1777 1.702567 
1505 1.702388 
1272 1.702358 
1651 1.702281 
904 1.701603 
560 1.701289 
2119 1.701156 
4297 1.701153 
572 1.700889 
1946 1.699722 
4574 1.699718 
4540 1.699545 
2090 1.699365 
3034 1.699033 
946 1.699021 
2792 1.698915 
1708 1.698263 
4497 1.697973 
1684 1.697952 
841 1.697904 
594 1.697384 
4512 1.697239 
4430 1.696499 
2284 1.696318 
2093 1.696310 
1769 1.696210 
1719 1.695998 
291 1.695201 
1712 1.694399 
2840 1.694236 
570 1.694218 
294 1.694030 
4727 1.693950 
257 1.693665 
498 1.693293 
818 1.692886 
4326 1.692791 
4527 1.691855 
511 1.691721 
1905 1.691313 
4488 1.690246 
306 1.690012 
4435 1.689871 
1657 1.689740 
3580 1.688485 
2778 1.688028 
1694 1.687956 
3517 1.687955 
4173 1.686608 
4090 1.686543 
4818 1.685848 
4806 1.685017 
183 1.684849 
3037 1.684240 
939 1.684218 
1558 1.684207 
4757 1.684135 
3631 1.683803 
1654 1.683401 
264 1.682834 
184 1.682819 
4165 1.682408 
2756 1.682408 
1722 1.682179 
4445 1.682026 
4503 1.681717 
554 1.681272 
2735 1.680657 
1766 1.680652 
4372 1.680334 
4685 1.680108 
1953 1.679533 
208 1.678897 
2747 1.678855 
2594 1.678282 
3323 1.678033 
4425 1.677982 
2483 1.677958 
4349 1.677397 
2705 1.677099 
1898 1.674710 
3172 1.674326 
3698 1.674322 
1760 1.674251 
3622 1.674216 
4609 1.674194 
1980 1.674008 
4281 1.673882 
4708 1.673376 
1749 1.673250 
1268 1.673250 
171 1.673025 
4504 1.673021 
1592 1.672591 
1713 1.672474 
4091 1.672211 
503 1.672110 
546 1.671721 
4766 1.671215 
193 1.671200 
213 1.671085 
3609 1.670908 
4307 1.670321 
2793 1.670096 
4478 1.669913 
3174 1.669797 
4811 1.669622 
3522 1.669316 
3589 1.668909 
474 1.668618 
1911 1.667897 
4300 1.667328 
453 1.666922 
528 1.666503 
529 1.666083 
4792 1.665522 
2568 1.665102 
947 1.663413 
4698 1.663306 
4710 1.663181 
1009 1.663079 
1025 1.662872 
462 1.662798 
942 1.662756 
2837 1.661988 
258 1.661768 
4312 1.661596 
1276 1.661498 
222 1.661259 
4496 1.661207 
3582 1.661145 
492 1.661133 
4542 1.660837 
4737 1.660028 
1645 1.659941 
2768 1.659480 
268 1.658245 
1773 1.658245 
1278 1.658204 
1915 1.657517 
1480 1.656811 
2754 1.656066 
559 1.655913 
4306 1.655372 
924 1.654534 
4069 1.654219 
4803 1.652957 
3156 1.652766 
245 1.652728 
1965 1.652651 
3340 1.652615 
3309 1.652492 
4715 1.652464 
500 1.652316 
4809 1.652263 
3900 1.652158 
4473 1.652023 
1646 1.652005 
1564 1.651894 
3040 1.651191 
1705 1.651155 
998 1.650720 
777 1.650626 
4169 1.650486 
3916 1.649949 
285 1.649909 
3576 1.649810 
3039 1.649644 
4351 1.649411 
1570 1.649410 
3593 1.649381 
4413 1.649089 
4408 1.649063 
4557 1.648989 
4409 1.648148 
4643 1.648137 
4405 1.647801 
1735 1.647762 
925 1.647703 
1634 1.647632 
4466 1.647287 
1740 1.647198 
1512 1.647055 
574 1.646719 
237 1.646611 
4379 1.645837 
3510 1.645825 
4514 1.645782 
4350 1.645430 
3048 1.644905 
4420 1.644747 
4679 1.644545 
4331 1.644486 
2736 1.644398 
506 1.643588 
4167 1.643476 
4553 1.642848 
783 1.641253 
1765 1.640369 
4479 1.640308 
3876 1.640000 
488 1.639960 
532 1.639701 
2781 1.639008 
280 1.638836 
994 1.638555 
246 1.638064 
4431 1.637832 
3341 1.637497 
1920 1.637448 
3598 1.637365 
164 1.637292 
579 1.636302 
1566 1.635725 
921 1.633950 
2969 1.633503 
1688 1.632725 
1006 1.632148 
1717 1.631692 
2574 1.631458 
1690 1.631340 
4423 1.631167 
4474 1.630993 
3956 1.630931 
539 1.630304 
1282 1.630186 
1274 1.629545 
4382 1.629467 
1718 1.628924 
3592 1.628909 
4412 1.628651 
2796 1.628578 
1557 1.628418 
201 1.628155 
295 1.628128 
4320 1.627230 
4176 1.627218 
3302 1.627049 
1752 1.626934 
226 1.626809 
1516 1.626341 
2550 1.626253 
527 1.625923 
2788 1.625623 
927 1.625541 
1608 1.624406 
580 1.624400 
4088 1.623902 
3874 1.623726 
4161 1.623071 
4464 1.622362 
983 1.621946 
2492 1.621612 
2731 1.621047 
3326 1.620368 
1599 1.620105 
922 1.619758 
3169 1.619515 
452 1.619498 
2723 1.619188 
2963 1.618893 
1565 1.618666 
2557 1.618327 
4342 1.618046 
1601 1.617962 
206 1.617961 
4248 1.616972 
1514 1.616612 
1077 1.616561 
477 1.616364 
2785 1.616070 
4429 1.615904 
4446 1.614648 
1303 1.614182 
4548 1.613761 
4309 1.613733 
2770 1.613732 
1879 1.613678 
4777 1.613516 
1569 1.613466 
1775 1.612027 
4283 1.611816 
485 1.611815 
4628 1.611470 
1008 1.610993 
1671 1.610251 
2882 1.610018 
478 1.609975 
256 1.609667 
4493 1.609386 
1723 1.609361 
553 1.609356 
1882 1.609321 
4381 1.609079 
2117 1.609001 
2800 1.608642 
4477 1.608158 
1778 1.608026 
1919 1.608010 
1554 1.607542 
297 1.607425 
4442 1.607017 
252 1.607004 
3595 1.606812 
1737 1.606601 
1706 1.606485 
531 1.606396 
1680 1.606376 
826 1.606226 
1813 1.606073 
1696 1.605918 
4712 1.605790 
4317 1.605113 
4772 1.604970 
1754 1.604666 
200 1.604570 
2744 1.604565 
4499 1.604450 
1040 1.603988 
4318 1.603918 
4418 1.603787 
2108 1.603653 
593 1.603644 
458 1.603523 
3537 1.603382 
188 1.603352 
191 1.602591 
4468 1.602027 
4513 1.601087 
1746 1.600722 
1286 1.600651 
3349 1.599363 
4301 1.599359 
3579 1.598907 
3161 1.598701 
568 1.598680 
1036 1.598680 
4376 1.598151 
4374 1.598108 
2746 1.597896 
4506 1.597773 
1691 1.597419 
552 1.597079 
1291 1.596682 
4162 1.596336 
2697 1.596140 
3042 1.596076 
1710 1.595864 
322 1.595651 
4235 1.595586 
4467 1.595248 
4801 1.595039 
4470 1.594672 
1306 1.593911 
242 1.593725 
4800 1.592725 
1600 1.592598 
996 1.592506 
203 1.592185 
1732 1.592083 
2769 1.591802 
4373 1.591585 
1997 1.591114 
1666 1.591105 
4336 1.590821 
1764 1.590501 
4448 1.590281 
3604 1.590057 
1880 1.589629 
1730 1.589482 
2782 1.589283 
4669 1.589228 
198 1.589121 
4480 1.588951 
2880 1.588788 
566 1.588424 
4485 1.587600 
3585 1.587533 
1756 1.587481 
3036 1.587388 
1038 1.587377 
1727 1.587278 
4404 1.587203 
2881 1.586928 
2745 1.586787 
564 1.586553 
3047 1.586191 
3315 1.586157 
217 1.585847 
4590 1.585321 
4313 1.584671 
1658 1.584224 
4823 1.583973 
4507 1.583955 
1677 1.583332 
499 1.583200 
538 1.583081 
2898 1.582924 
1753 1.582638 
4437 1.581882 
1743 1.581470 
4821 1.581223 
1602 1.580533 
595 1.580498 
3591 1.580457 
321 1.580444 
557 1.580318 
4682 1.580299 
255 1.579308 
4807 1.578754 
541 1.578581 
945 1.578103 
4304 1.577869 
1573 1.577839 
470 1.577816 
984 1.577806 
1598 1.577417 
3030 1.577244 
3045 1.577068 
4635 1.576880 
3062 1.576676 
1747 1.576451 
4444 1.576434 
3600 1.576005 
3523 1.575731 
1664 1.574946 
2753 1.574916 
1032 1.574466 
251 1.574360 
1641 1.574306 
486 1.573365 
4753 1.573363 
4419 1.573272 
4510 1.572904 
3578 1.572589 
4293 1.572289 
2884 1.572192 
1263 1.572188 
4719 1.571849 
2866 1.571788 
177 1.571695 
2878 1.571663 
1606 1.571366 
4469 1.571337 
2110 1.571128 
535 1.571048 
457 1.570940 
4731 1.570869 
583 1.570803 
968 1.570531 
1540 1.569918 
4465 1.569883 
192 1.569651 
4314 1.569153 
194 1.567952 
4434 1.566879 
1000 1.566846 
782 1.566750 
4472 1.566741 
1005 1.566476 
3834 1.566439 
997 1.566168 
1643 1.565096 
2489 1.564831 
4612 1.564605 
4692 1.564400 
4439 1.563961 
3599 1.563419 
1522 1.563018 
1699 1.562818 
265 1.562734 
4471 1.562154 
4401 1.561994 
475 1.561884 
4558 1.561880 
2709 1.561713 
2094 1.561497 
2755 1.561294 
4483 1.560233 
1567 1.560209 
840 1.560145 
481 1.560143 
1715 1.559459 
2805 1.559160 
320 1.558708 
2885 1.558053 
471 1.557857 
1026 1.557735 
1030 1.557703 
2486 1.557424 
1910 1.557422 
202 1.557410 
4752 1.556936 
1280 1.556931 
3542 1.556817 
165 1.556769 
1758 1.556678 
1035 1.556495 
3160 1.555977 
209 1.555751 
4251 1.555729 
4615 1.555532 
3547 1.555295 
3342 1.555062 
4338 1.554539 
4501 1.554398 
1701 1.554291 
1703 1.553635 
1733 1.553151 
2750 1.552456 
3854 1.552311 
571 1.552024 
1704 1.551721 
573 1.551253 
293 1.551233 
495 1.550735 
4546 1.550493 
4316 1.550376 
4170 1.550295 
210 1.550218 
550 1.550044 
248 1.550021 
4449 1.549852 
4319 1.548732 
1921 1.548130 
4315 1.548080 
1621 1.548024 
4630 1.547321 
4417 1.546732 
468 1.546430 
299 1.546028 
4141 1.545991 
2794 1.545700 
199 1.545329 
4690 1.545100 
205 1.545070 
4458 1.544953 
1761 1.544409 
1815 1.544368 
4500 1.544198 
1027 1.544002 
3164 1.543441 
1914 1.543436 
4502 1.543137 
1683 1.543105 
980 1.542863 
1033 1.542801 
4008 1.542755 
482 1.542431 
4726 1.542012 
1678 1.541966 
1603 1.541954 
4295 1.541667 
244 1.541561 
4735 1.541243 
464 1.541214 
2787 1.541133 
1689 1.540899 
4414 1.540492 
2722 1.539642 
1913 1.539525 
4022 1.539467 
4341 1.539432 
207 1.539005 
3516 1.538913 
4168 1.538406 
1513 1.538260 
3584 1.537633 
2773 1.537313 
2584 1.536404 
4343 1.536123 
2786 1.536116 
4817 1.535970 
1908 1.535705 
2743 1.535590 
558 1.535444 
3173 1.535418 
543 1.535332 
4440 1.534914 
1016 1.534435 
2797 1.533062 
181 1.532908 
2809 1.532504 
3038 1.532027 
4505 1.531926 
238 1.531741 
3588 1.531724 
3290 1.531698 
3967 1.531284 
466 1.531133 
2073 1.531012 
4819 1.530939 
4654 1.530896 
1293 1.530736 
3907 1.530599 
4667 1.530012 
1770 1.529661 
4299 1.529654 
2784 1.529189 
323 1.529069 
4310 1.528812 
1779 1.526514 
1659 1.526068 
2279 1.525903 
3059 1.525457 
4253 1.524939 
3043 1.524650 
4454 1.524575 
542 1.524327 
4678 1.523117 
817 1.522906 
2553 1.522640 
4422 1.522389 
4378 1.522020 
1707 1.521973 
526 1.520944 
1714 1.520550 
1702 1.520550 
1925 1.520210 
4305 1.520037 
4415 1.519722 
1015 1.519674 
3058 1.519476 
476 1.519387 
2724 1.519151 
2811 1.517689 
1662 1.516880 
509 1.516619 
1596 1.516273 
2494 1.515912 
2838 1.514957 
22 1.514335 
3957 1.514072 
4733 1.513768 
4252 1.513489 
1670 1.513327 
1750 1.512909 
496 1.512587 
4509 1.512393 
563 1.512184 
4240 1.512096 
2761 1.511945 
2676 1.511502 
1034 1.511449 
3130 1.511316 
4808 1.511144 
3450 1.510996 
491 1.510825 
3583 1.510783 
505 1.510279 
1577 1.509569 
4508 1.509277 
1805 1.508844 
211 1.508589 
2708 1.508494 
507 1.508365 
4798 1.508058 
556 1.508052 
501 1.507337 
3054 1.507314 
1955 1.507060 
3574 1.506647 
197 1.506342 
865 1.506177 
4693 1.506168 
4377 1.505526 
4555 1.505366 
286 1.505145 
3191 1.504614 
3515 1.504502 
4543 1.503699 
533 1.503153 
547 1.503118 
3041 1.502461 
4171 1.501567 
185 1.501552 
1697 1.501350 
4438 1.500962 
4145 1.500770 
3104 1.500554 
4421 1.500116 
2795 1.500016 
2588 1.499750 
215 1.499735 
2572 1.499574 
2713 1.498897 
1073 1.498579 
2548 1.498456 
4426 1.498344 
1964 1.498331 
4358 1.498260 
4481 1.498225 
3605 1.497178 
2720 1.496919 
2877 1.496709 
4676 1.496455 
4583 1.496318 
272 1.496193 
4703 1.495990 
2791 1.495603 
4631 1.495163 
4339 1.495116 
549 1.494655 
4324 1.494062 
2727 1.493810 
2109 1.493268 
940 1.493048 
1692 1.492828 
3904 1.492678 
4163 1.491287 
1079 1.491165 
941 1.491155 
1010 1.490784 
1504 1.490663 
2806 1.490606 
3602 1.490601 
1028 1.490540 
3325 1.490483 
1675 1.489848 
1721 1.489367 
2777 1.489183 
4614 1.488901 
3681 1.488850 
1739 1.488813 
4302 1.488783 
2790 1.488606 
2783 1.488589 
4584 1.487885 
195 1.487756 
2871 1.486549 
2758 1.486354 
4820 1.485632 
3926 1.484056 
489 1.483590 
1728 1.483265 
2803 1.483091 
1726 1.483053 
304 1.482933 
4357 1.482397 
303 1.482194 
973 1.481926 
1527 1.481896 
4498 1.481878 
247 1.481779 
2876 1.481765 
4489 1.481716 
4329 1.481555 
3046 1.481462 
2701 1.481125 
3344 1.481005 
2741 1.480878 
4799 1.480224 
3988 1.480048 
1562 1.479810 
2883 1.479742 
2491 1.479568 
305 1.479421 
1002 1.479238 
1003 1.478845 
1812 1.478189 
487 1.477169 
4383 1.477003 
874 1.476846 
4494 1.476714 
4796 1.476357 
1748 1.476208 
2700 1.476032 
4776 1.475147 
4164 1.474561 
4242 1.474105 
3928 1.473649 
473 1.472359 
582 1.471714 
926 1.471659 
4175 1.470622 
3590 1.470470 
502 1.469373 
3606 1.469319 
1610 1.469275 
175 1.469052 
548 1.469020 
4475 1.468362 
4728 1.468092 
2752 1.466364 
4166 1.465953 
1909 1.465665 
2870 1.464030 
4459 1.463663 
3594 1.463507 
1809 1.463235 
4732 1.462921 
4515 1.462916 
1734 1.462732 
4491 1.462708 
537 1.461201 
578 1.460694 
1768 1.460574 
569 1.459664 
1639 1.459221 
1682 1.458549 
2678 1.458105 
3612 1.457766 
555 1.457255 
3587 1.457036 
4688 1.456886 
2771 1.456468 
3520 1.455652 
1790 1.455094 
3296 1.454581 
4433 1.453509 
1679 1.453197 
168 1.452583 
3116 1.452180 
479 1.451993 
4333 1.451685 
4356 1.451252 
3521 1.451206 
1906 1.451190 
3643 1.451057 
1665 1.450873 
459 1.450547 
3629 1.449549 
1695 1.448405 
3827 1.448189 
250 1.447659 
2715 1.447005 
2490 1.445950 
4368 1.445856 
2706 1.445762 
2571 1.445640 
2558 1.445104 
4461 1.443682 
3581 1.443410 
1636 1.443393 
4462 1.443145 
2802 1.443048 
4335 1.442966 
2106 1.441657 
1524 1.441459 
2565 1.441202 
4702 1.441093 
3881 1.441078 
472 1.440867 
987 1.440781 
4541 1.439951 
497 1.439942 
1767 1.439919 
3448 1.439911 
1593 1.439177 
189 1.439079 
4289 1.438918 
4370 1.438006 
3451 1.437420 
4447 1.436460 
2765 1.435769 
3676 1.435738 
3519 1.435549 
4617 1.434576 
2774 1.434464 
292 1.434054 
1292 1.433866 
2085 1.433564 
4551 1.433154 
3946 1.432903 
1755 1.432789 
4764 1.432518 
1302 1.431238 
1983 1.430927 
4443 1.430537 
561 1.430143 
1954 1.429883 
260 1.429597 
2873 1.428774 
170 1.428450 
4767 1.427911 
1029 1.427224 
1650 1.426920 
4476 1.426370 
4428 1.425511 
2707 1.424668 
4673 1.424123 
2798 1.423317 
1019 1.422937 
999 1.422663 
1744 1.419296 
4554 1.419145 
970 1.416229 
3998 1.416009 
1611 1.415991 
1720 1.415005 
1305 1.414835 
2556 1.414518 
4618 1.413800 
975 1.413733 
596 1.413157 
1515 1.413063 
2867 1.411967 
1301 1.411884 
1594 1.411524 
4294 1.411369 
176 1.410791 
1070 1.410614 
4255 1.408900 
161 1.408870 
4729 1.408684 
4334 1.408541 
1962 1.408207 
1716 1.407986 
4146 1.407596 
2899 1.407267 
598 1.407166 
3682 1.406895 
3601 1.406404 
1004 1.406127 
1039 1.406073 
3958 1.405563 
4410 1.404967 
1762 1.404256 
4550 1.403734 
2780 1.402197 
132 1.400834 
3951 1.400442 
979 1.400415 
154 1.399536 
2776 1.398840 
2804 1.398035 
4375 1.397360 
1907 1.397283 
1287 1.397238 
4229 1.396608 
4139 1.396599 
545 1.395967 
1537 1.395962 
875 1.395188 
1711 1.395121 
460 1.394983 
3684 1.394971 
4568 1.394497 
159 1.394432 
923 1.393850 
4348 1.393798 
1669 1.393445 
259 1.393138 
1738 1.392942 
2742 1.392321 
3545 1.391947 
480 1.391478 
284 1.390889 
567 1.390431 
4451 1.386861 
4325 1.386840 
2810 1.386590 
4455 1.386198 
1922 1.385959 
986 1.385560 
4785 1.385297 
2730 1.384246 
1011 1.383889 
186 1.383391 
2097 1.383030 
1724 1.382567 
2540 1.381247 
2718 1.380628 
2710 1.380263 
3347 1.379627 
4456 1.379282 
4308 1.379210 
4588 1.378684 
493 1.378429 
4399 1.377511 
2739 1.377007 
254 1.376660 
3343 1.375991 
1283 1.375889 
2563 1.375044 
4286 1.374693 
4495 1.374548 
3969 1.374207 
1674 1.373909 
908 1.372472 
3919 1.371084 
592 1.369277 
3673 1.368600 
1788 1.367556 
1803 1.367544 
4174 1.367417 
1310 1.366656 
723 1.366142 
4559 1.365785 
4261 1.364275 
938 1.363976 
1982 1.363603 
530 1.362584 
1264 1.362268 
575 1.361861 
1961 1.360070 
4285 1.359841 
4244 1.359790 
4694 1.358962 
3175 1.358633 
2699 1.358147 
4616 1.357806 
3972 1.357242 
1285 1.356626 
3577 1.356597 
3702 1.356440 
300 1.355935 
839 1.355166 
279 1.355142 
1266 1.354912 
4545 1.354386 
1655 1.353700 
3611 1.353234 
4805 1.353166 
1759 1.352962 
3299 1.352565 
4364 1.350468 
4384 1.350316 
289 1.350309 
3965 1.346194 
576 1.345584 
4330 1.345105 
978 1.343717 
981 1.340840 
944 1.339795 
1967 1.339167 
4539 1.336965 
960 1.335960 
4754 1.334123 
3320 1.333371 
4701 1.333243 
239 1.332706 
607 1.332094 
722 1.331915 
3853 1.331723 
1289 1.328982 
3543 1.328435 
2766 1.328393 
2481 1.323633 
2562 1.322981 
281 1.322964 
1793 1.322869 
1279 1.321094 
174 1.320023 
3596 1.319981 
1924 1.318183 
2575 1.317397 
2759 1.317219 
4664 1.315768 
4298 1.315173 
3638 1.311646 
1652 1.310397 
4523 1.310383 
4140 1.307162 
261 1.305588 
298 1.304678 
283 1.304572 
1970 1.303878 
4773 1.303375 
2123 1.303220 
4567 1.303040 
173 1.302471 
180 1.302441 
2089 1.301657 
510 1.300516 
467 1.300041 
2280 1.299587 
919 1.299062 
2570 1.296367 
1811 1.295034 
2864 1.294271 
3731 1.292712 
811 1.292618 
455 1.289836 
1572 1.287128 
4780 1.286680 
3636 1.285704 
3525 1.285542 
4427 1.285483 
4406 1.284874 
1731 1.284128 
4684 1.283923 
4403 1.283380 
1644 1.282434 
4691 1.281961 
4599 1.281732 
3751 1.280578 
2543 1.280214 
4089 1.280213 
3610 1.280191 
2693 1.280048 
179 1.278813 
3190 1.278697 
241 1.278284 
974 1.277669 
739 1.277194 
2698 1.275115 
4282 1.274825 
2751 1.272798 
1742 1.272673 
2566 1.272450 
2276 1.270952 
3898 1.269543 
1525 1.269438 
1556 1.268802 
2760 1.266836 
2957 1.266013 
2673 1.261837 
3437 1.261776 
1901 1.257670 
2967 1.256773 
4353 1.256336 
4279 1.256283 
3961 1.255857 
2737 1.255221 
2115 1.254431 
1275 1.252051 
1483 1.248825 
4056 1.247656 
2050 1.247363 
278 1.247069 
1883 1.246801 
1614 1.246468 
4649 1.245701 
3495 1.245105 
784 1.244714 
780 1.243989 
3513 1.242717 
4781 1.237669 
4266 1.234872 
450 1.233998 
1959 1.233840 
4652 1.233010 
1663 1.231555 
1489 1.230838 
1304 1.228119 
3534 1.226376 
1885 1.226376 
1078 1.224585 
1949 1.223131 
3902 1.221097 
1900 1.220286 
827 1.218933 
1897 1.218620 
86 1.218431 
3348 1.218122 
2714 1.216757 
4288 1.215997 
4611 1.214914 
3337 1.212819 
2868 1.211168 
2095 1.207581 
1589 1.207260 
214 1.206939 
3331 1.206881 
3186 1.206845 
3167 1.206456 
290 1.205852 
4582 1.204692 
4388 1.204469 
3944 1.202879 
4713 1.202815 
3819 1.202771 
2577 1.202093 
2843 1.201796 
843 1.201137 
4793 1.200180 
1298 1.200140 
1640 1.199910 
3971 1.199179 
3633 1.197996 
2576 1.197835 
2668 1.193480 
3330 1.193063 
1269 1.189237 
3736 1.186749 
3508 1.185848 
267 1.181540 
1605 1.181443 
1538 1.179593 
1877 1.179519 
1772 1.178524 
1021 1.176620 
230 1.176398 
3193 1.176241 
1687 1.176236 
4591 1.166498 
2897 1.166483 
1928 1.165428 
2459 1.164780 
4573 1.163737 
3997 1.162790 
3122 1.161589 
3572 1.159967 
964 1.159510 
1539 1.159221 
4486 1.156680 
3117 1.154768 
4741 1.154428 
2690 1.153779 
3884 1.149353 
3992 1.146465 
2482 1.145774 
234 1.143983 
2886 1.142908 
3153 1.141927 
4249 1.141193 
4225 1.138940 
1530 1.138404 
2107 1.137290 
4577 1.135349 
2732 1.133964 
4566 1.130514 
3644 1.127763 
829 1.126931 
4237 1.124212 
969 1.123261 
3524 1.121991 
4746 1.119522 
4233 1.117808 
1795 1.116380 
4672 1.116121 
3131 1.115642 
4524 1.114229 
738 1.114093 
3301 1.112940 
3856 1.110455 
857 1.108565 
3617 1.105021 
2814 1.104242 
963 1.101458 
442 1.101177 
1563 1.097589 
448 1.095617 
4018 1.093889 
1918 1.093089 
2719 1.090260 
2290 1.087999 
2893 1.084826 
4181 1.084620 
3308 1.082404 
4043 1.076430 
732 1.072498 
3065 1.072185 
4716 1.071092 
1014 1.069231 
727 1.068841 
4059 1.063633 
2270 1.061600 
4323 1.061530 
4625 1.061021 
3454 1.059685 
903 1.055843 
3883 1.054256 
2495 1.053192 
1473 1.052275 
3509 1.048155 
1889 1.047865 
3066 1.040535 
3824 1.038635 
3705 1.036094 
918 1.036051 
2874 1.035186 
4189 1.030397 
4642 1.027982 
1503 1.021992 
3442 1.021695 
1518 1.019936 
4711 1.018759 
1050 1.018447 
3879 1.018294 
3441 1.017991 
3745 1.017545 
3177 1.013533 
1059 1.008490 
4784 1.006120 
835 1.006008 
846 1.005919 
3056 1.005191 
2677 1.004492 
3699 1.003545 
1297 1.002140 
1649 0.998048 
3334 0.997033 
3704 0.995082 
3187 0.992517 
145 0.991384 
3028 0.990670 
587 0.990091 
1615 0.987915 
1495 0.987499 
3180 0.987061 
602 0.985603 
3289 0.976897 
2114 0.975549 
3993 0.973817 
3060 0.972886 
1311 0.972207 
4747 0.972033 
3535 0.971534 
815 0.965969 
3571 0.964338 
1807 0.962087 
1262 0.961916 
8 0.956943 
2552 0.955947 
3558 0.952793 
3157 0.952688 
1160 0.951180 
3743 0.949751 
4761 0.940757 
4130 0.940075 
4740 0.939132 
447 0.935624 
2131 0.931717 
716 0.928897 
4138 0.928402 
2822 0.928159 
119 0.926617 
1022 0.926521 
444 0.926482 
3991 0.926352 
1531 0.925780 
1585 0.923176 
1084 0.921127 
4287 0.920845 
2833 0.920134 
4156 0.916933 
1576 0.916912 
933 0.913421 
4260 0.905840 
3035 0.904756 
3168 0.904039 
2580 0.903973 
907 0.898266 
3734 0.897823 
4522 0.895432 
1893 0.893640 
4634 0.891859 
4024 0.891268 
434 0.890638 
155 0.888488 
1494 0.888116 
3350 0.884157 
3530 0.879218 
3313 0.876045 
4044 0.875674 
3942 0.872454 
1062 0.869467 
2839 0.866234 
1256 0.860100 
3897 0.858920 
1950 0.855879 
4534 0.847761 
2478 0.844308 
4133 0.843232 
3294 0.842869 
2551 0.842761 
224 0.835230 
714 0.834451 
3284 0.833420 
1490 0.832500 
2828 0.829868 
3686 0.829844 
3051 0.828721 
19 0.825101 
4402 0.824037 
4760 0.821125 
1627 0.810437 
3899 0.809833 
2968 0.808758 
1366 0.807062 
3858 0.804594 
1890 0.803358 
3163 0.802283 
1917 0.799270 
1502 0.794994 
2954 0.793632 
729 0.793391 
1794 0.791287 
1878 0.791177 
4070 0.787996 
3546 0.786063 
4344 0.784290 
2474 0.781277 
4363 0.780206 
2815 0.773571 
812 0.772151 
2046 0.769635 
2541 0.768979 
3536 0.768419 
2101 0.767105 
3335 0.765368 
3820 0.765080 
1154 0.763764 
690 0.761701 
3181 0.761550 
1477 0.760214 
162 0.750182 
4386 0.744725 
790 0.740373 
3179 0.736563 
1945 0.733457 
4094 0.721490 
3752 0.720725 
2137 0.720543 
4572 0.710973 
3029 0.710137 
3440 0.705099 
3146 0.702175 
4216 0.701343 
1992 0.700249 
4648 0.696665 
4017 0.694791 
4023 0.694709 
273 0.691117 
2134 0.689285 
820 0.687208 
216 0.684140 
628 0.677631 
585 0.669387 
1991 0.663311 
2063 0.661929 
1046 0.660614 
4144 0.649396 
1523 0.647743 
1060 0.646752 
4188 0.638999 
3132 0.638351 
4065 0.632379 
144 0.631232 
3144 0.623158 
1071 0.622518 
4267 0.621128 
934 0.617287 
863 0.605690 
4000 0.604313 
3620 0.600341 
3690 0.599585 
2287 0.597529 
3123 0.593209 
2159 0.584168 
4155 0.574723 
2666 0.573206 
3493 0.569063 
2121 0.567411 
2291 0.566931 
3107 0.559790 
4639 0.554608 
232 0.554194 
1087 0.551386 
864 0.546148 
1476 0.544341 
4535 0.542041 
4367 0.537467 
899 0.535634 
3700 0.533716 
3188 0.531582 
4259 0.527147 
1866 0.526196 
1939 0.519003 
1041 0.515469 
1183 0.507329 
604 0.503429 
3716 0.502732 
4256 0.498954 
1979 0.497328 
932 0.487720 
3915 0.483131 
1956 0.478854 
2444 0.469826 
1316 0.465026 
2274 0.460477 
4355 0.458282 
3715 0.453301 
740 0.451566 
1247 0.450886 
21 0.449966 
2863 0.449327 
2975 0.444887 
4638 0.444860 
3151 0.444795 
1626 0.436255 
1295 0.433228 
710 0.430882 
2959 0.425154 
836 0.423338 
2961 0.416948 
4571 0.415492 
2192 0.411886 
2049 0.409238 
2845 0.405384 
3859 0.401544 
3055 0.400104 
3465 0.396956 
436 0.390970 
2445 0.381279 
2186 0.379618 
847 0.376981 
2692 0.376360 
3821 0.371723 
3336 0.367650 
3913 0.362144 
2592 0.361030 
3321 0.355687 
3914 0.354246 
2581 0.353037 
1616 0.347114 
3483 0.343485 
2890 0.328515 
2661 0.326789 
1488 0.324927 
3287 0.315810 
3548 0.311675 
4042 0.310982 
3293 0.309934 
931 0.306484 
1083 0.305253 
785 0.304442 
2087 0.304039 
2183 0.301229 
4228 0.300648 
3627 0.300509 
2071 0.297607 
2122 0.296125 
629 0.295120 
1884 0.294938 
705 0.286852 
2496 0.284223 
959 0.280890 
686 0.274656 
2919 0.273558 
3196 0.273110 
223 0.271278 
830 0.269804 
1583 0.269664 
789 0.267552 
4570 0.265643 
3845 0.265135 
3199 0.263757 
4060 0.256291 
156 0.246442 
4345 0.237929 
3729 0.234302 
4021 0.230076 
2544 0.226254 
3929 0.224704 
2539 0.207945 
1081 0.207846 
1817 0.204825 
140 0.200698 
1632 0.198637 
3948 0.189676 
3893 0.188289 
1047 0.187980 
2299 0.187433 
2595 0.179243 
1496 0.178926 
2453 0.169406 
2460 0.168125 
1240 0.164932 
3615 0.160782 
3306 0.159782 
1781 0.154294 
3816 0.145755 
1532 0.129565 
3230 0.125052 
4134 0.123180 
2545 0.118378 
4268 0.114023 
831 0.111721 
2275 0.109919 
271 0.108488 
778 0.105821 
4576 0.104059 
715 0.101398 
2118 0.097241 
1895 0.088119 
2829 0.082200 
3561 0.076470 
603 0.072619 
855 0.066179 
3562 0.065706 
608 0.062601 
3679 0.060674 
3753 0.056361 
2917 0.055612 
1254 0.054262 
3488 0.052522 
3295 0.044697 
4066 0.040593 
791 0.036851 
2189 0.031922 
1222 0.027029 
2976 0.026769 
521 0.018953 
1367 0.013792 
3458 0.013759 
2262 0.011600 
1944 0.010391 
3466 0.010010 
2088 0.009178 
1469 0.003017 
3489 0.000689 
2292 -0.000097 
3999 -0.003370 
2819 -0.003966 
2912 -0.020639 
3260 -0.030298 
2099 -0.031595 
1789 -0.040549 
3792 -0.043537 
2138 -0.046356 
2846 -0.049227 
435 -0.049579 
3727 -0.055898 
2261 -0.056738 
3790 -0.067157 
4391 -0.069490 
3327 -0.070830 
2663 -0.074220 
1368 -0.075546 
3549 -0.080380 
692 -0.080555 
1251 -0.087058 
1148 -0.087186 
3960 -0.089223 
4246 -0.089837 
816 -0.097523 
4397 -0.104398 
2158 -0.106572 
3228 -0.106827 
1431 -0.110345 
2083 -0.113906 
4238 -0.118223 
1067 -0.119156 
4061 -0.120912 
4071 -0.126354 
118 -0.129699 
1147 -0.130465 
4131 -0.135347 
3152 -0.139741 
3569 -0.141642 
1575 -0.147279 
1519 -0.162566 
1156 -0.178668 
1816 -0.180158 
2298 -0.184873 
2100 -0.184927 
4392 -0.185306 
717 -0.187216 
3314 -0.191178 
3531 -0.191618 
2441 -0.192464 
4187 -0.193334 
3354 -0.194124 
4097 -0.194609 
4518 -0.194759 
1255 -0.197798 
726 -0.201039 
3280 -0.204164 
4179 -0.205334 
1484 -0.207708 
3952 -0.209113 
3632 -0.209345 
813 -0.210728 
821 -0.213386 
1571 -0.218252 
2028 -0.219127 
2598 -0.220747 
3637 -0.221827 
2021 -0.223079 
4369 -0.228245 
2457 -0.231663 
1058 -0.236393 
1858 -0.236673 
2672 -0.240781 
4025 -0.240803 
3444 -0.247644 
1066 -0.249443 
3672 -0.250533 
1630 -0.251714 
2187 -0.257549 
709 -0.259614 
902 -0.263852 
2951 -0.264267 
3105 -0.264448 
1088 -0.276492 
1184 -0.280826 
1092 -0.283952 
2485 -0.285919 
2005 -0.291555 
3496 -0.296927 
2977 -0.307454 
1497 -0.311851 
2266 -0.313945 
3150 -0.319172 
2590 -0.321172 
3976 -0.322356 
2182 -0.324005 
2972 -0.324367 
1318 -0.324751 
3300 -0.326429 
2027 -0.331657 
3936 -0.334522 
4095 -0.334935 
3112 -0.340027 
2258 -0.341269 
4185 -0.342712 
633 -0.346447 
4257 -0.348346 
3713 -0.349549 
2061 -0.351310 
3352 -0.364074 
2477 -0.369252 
3901 -0.375466 
3355 -0.380853 
3455 -0.385517 
2169 -0.390490 
1238 -0.398131 
2 -0.402382 
3257 -0.404682 
741 -0.406471 
4210 -0.406488 
1317 -0.410099 
2498 -0.416035 
621 -0.418984 
2396 -0.420623 
2004 -0.421862 
3456 -0.426658 
3229 -0.432601 
3978 -0.434867 
3111 -0.439464 
1 -0.444200 
1451 -0.449243 
1153 -0.454421 
131 -0.460661 
4528 -0.464556 
4199 -0.465604 
2894 -0.468245 
2984 -0.469972 
1617 -0.473489 
1089 -0.480134 
1998 -0.482705 
1072 -0.491979 
4084 -0.493132 
3973 -0.497027 
615 -0.503903 
3890 -0.511698 
775 -0.520725 
3621 -0.525619 
1867 -0.528106 
792 -0.530674 
3941 -0.531081 
1245 -0.532804 
2585 -0.536057 
2671 -0.541411 
3688 -0.545190 
2966 -0.545291 
235 -0.546515 
1186 -0.546520 
4054 -0.549540 
795 -0.551370 
3356 -0.554034 
2439 -0.559293 
425 -0.566272 
4224 -0.566617 
3436 -0.569718 
3980 -0.576322 
2667 -0.577940 
2041 -0.587542 
3319 -0.589023 
138 -0.590514 
1185 -0.591897 
1467 -0.596044 
2688 -0.597245 
2911 -0.599130 
1969 -0.603257 
3850 -0.604936 
2136 -0.607225 
2395 -0.609296 
428 -0.609384 
4592 -0.620144 
1994 -0.621856 
2440 -0.627519 
1225 -0.631295 
231 -0.632150 
3142 -0.632391 
4157 -0.638554 
2301 -0.640516 
4055 -0.643857 
4209 -0.645669 
4195 -0.646680 
443 -0.650346 
2452 -0.653072 
1930 -0.653952 
1082 -0.655374 
2639 -0.657708 
4247 -0.665232 
913 -0.665489 
4214 -0.669333 
800 -0.677439 
3555 -0.679654 
318 -0.689916 
1455 -0.691584 
848 -0.704412 
1629 -0.705598 
3742 -0.706543 
634 -0.707243 
126 -0.708983 
1402 -0.712771 
1360 -0.714276 
1182 -0.716424 
687 -0.717579 
1246 -0.720500 
1052 -0.722055 
1162 -0.723957 
1822 -0.724172 
2300 -0.725299 
1580 -0.726055 
3829 -0.730493 
4007 -0.730515 
441 -0.734487 
1999 -0.737240 
2953 -0.739536 
591 -0.740939 
2019 -0.748533 
3887 -0.755422 
706 -0.759282 
3097 -0.761848 
3892 -0.763475 
1623 -0.778258 
4186 -0.786050 
3482 -0.787986 
2195 -0.788238 
4656 -0.791012 
2420 -0.792257 
2047 -0.793834 
3307 -0.796073 
4196 -0.796795 
2532 -0.798528 
2531 -0.799746 
1975 -0.804207 
4361 -0.812515 
1315 -0.820448 
2601 -0.825257 
4079 -0.827502 
2197 -0.829750 
520 -0.829898 
2449 -0.833614 
3860 -0.836357 
1250 -0.837326 
2472 -0.837379 
3445 -0.842723 
4671 -0.842979 
4072 -0.843065 
1438 -0.843670 
2326 -0.844286 
3872 -0.849637 
619 -0.854293 
2084 -0.856735 
2597 -0.857153 
2615 -0.862701 
2035 -0.862913 
3256 -0.863205 
1457 -0.864605 
3194 -0.869161 
4622 -0.873136 
832 -0.873450 
862 -0.873737 
2960 -0.874783 
1093 -0.875235 
660 -0.878459 
1936 -0.880939 
1239 -0.886321 
3867 -0.886370 
2056 -0.888434 
3828 -0.890559 
4519 -0.892990 
2820 -0.894368 
3133 -0.895000 
3564 -0.895690 
3908 -0.895998 
2448 -0.897507 
3814 -0.899885 
2983 -0.903945 
898 -0.905788 
3 -0.906226 
3918 -0.914012 
1051 -0.914672 
3565 -0.917022 
2055 -0.924228 
4660 -0.928320 
3726 -0.929083 
3373 -0.930481 
4047 -0.931209 
1465 -0.933704 
2072 -0.936364 
1865 -0.936569 
2031 -0.938839 
2327 -0.939011 
2340 -0.941590 
334 -0.942260 
2687 -0.942354 
3101 -0.946825 
2267 -0.948550 
730 -0.952784 
3357 -0.955641 
3800 -0.962680 
2456 -0.964663 
2124 -0.965133 
3425 -0.965605 
4790 -0.969223 
4720 -0.969490 
3200 -0.974463 
3071 -0.975640 
2918 -0.982864 
2538 -0.984417 
1221 -0.986154 
2143 -0.986356 
1475 -0.986737 
3378 -0.987431 
4606 -0.990690 
894 -0.991352 
4200 -0.993124 
1101 -0.995391 
2921 -0.995601 
2322 -0.997214 
130 -0.998467 
948 -0.998489 
429 -0.998772 
3848 -1.000744 
2321 -1.002523 
344 -1.002534 
701 -1.005229 
3932 -1.006783 
1233 -1.007499 
1241 -1.007639 
3429 -1.009133 
115 -1.009778 
2630 -1.009793 
1351 -1.010805 
3864 -1.019717 
680 -1.020029 
139 -1.021348 
4106 -1.023620 
3799 -1.029552 
805 -1.029806 
1450 -1.030869 
912 -1.036612 
3886 -1.036813 
632 -1.037936 
1799 -1.042581 
3273 -1.043430 
2913 -1.044649 
4657 -1.044691 
2003 -1.048152 
1978 -1.048391 
763 -1.050200 
1846 -1.055080 
3244 -1.056981 
3283 -1.059993 
2855 -1.060900 
2604 -1.068260 
3775 -1.068304 
1487 -1.070165 
4814 -1.079545 
2293 -1.085383 
1091 -1.088627 
1119 -1.090468 
3288 -1.090569 
4150 -1.091162 
733 -1.092640 
1296 -1.093692 
4593 -1.094088 
2204 -1.094876 
1935 -1.096720 
636 -1.099002 
2685 -1.102834 
1800 -1.103324 
3771 -1.105454 
3671 -1.105730 
1439 -1.106509 
3487 -1.107436 
134 -1.108540 
1942 -1.109256 
518 -1.109273 
3922 -1.111816 
2308 -1.111832 
2469 -1.112039 
3124 -1.116435 
661 -1.116769 
2431 -1.117453 
117 -1.121022 
4124 -1.121113 
2006 -1.121535 
2642 -1.122405 
4759 -1.122747 
3805 -1.122796 
3791 -1.122926 
2042 -1.128117 
3091 -1.128228 
3192 -1.128844 
3272 -1.131334 
747 -1.134859 
2064 -1.138009 
312 -1.139166 
3363 -1.142898 
2253 -1.145246 
2920 -1.146034 
1869 -1.146949 
4529 -1.150776 
755 -1.151802 
3381 -1.155682 
1199 -1.157166 
2591 -1.158623 
588 -1.159230 
3020 -1.159872 
348 -1.162123 
3801 -1.163453 
311 -1.163633 
4014 -1.164908 
1219 -1.166514 
3758 -1.168567 
2832 -1.169137 
2226 -1.171445 
3278 -1.171611 
4600 -1.171891 
2971 -1.175892 
4081 -1.179508 
4697 -1.180456 
1127 -1.183892 
2662 -1.184209 
3678 -1.185393 
1839 -1.187038 
2824 -1.187424 
4100 -1.188594 
3553 -1.189149 
4037 -1.189666 
3815 -1.192255 
930 -1.193237 
397 -1.193451 
1848 -1.194105 
4220 -1.198686 
3667 -1.199847 
1943 -1.200189 
2924 -1.203063 
1174 -1.208380 
2939 -1.209666 
2317 -1.210416 
4562 -1.210469 
3701 -1.211092 
3007 -1.211603 
2203 -1.213474 
1350 -1.214093 
2462 -1.214869 
1550 -1.214954 
2434 -1.215604 
1324 -1.215869 
1412 -1.216104 
3083 -1.217680 
762 -1.217800 
1986 -1.218003 
4607 -1.218946 
7 -1.219294 
3362 -1.220041 
1346 -1.220472 
110 -1.220775 
1192 -1.222779 
120 -1.223290 
2285 -1.223737 
3776 -1.226798 
1181 -1.227112 
4739 -1.228501 
3213 -1.231251 
2314 -1.234179 
3842 -1.234734 
2205 -1.236155 
1874 -1.236410 
1314 -1.237184 
4707 -1.237394 
2405 -1.237464 
1206 -1.237760 
1057 -1.238091 
143 -1.239650 
1325 -1.242170 
1449 -1.243086 
2304 -1.243156 
27 -1.246975 
2216 -1.248945 
2332 -1.249230 
3616 -1.250222 
4758 -1.251353 
2074 -1.251423 
3674 -1.253788 
4206 -1.254153 
675 -1.254332 
2910 -1.256608 
4725 -1.258763 
2228 -1.259908 
148 -1.262366 
3739 -1.263072 
2631 -1.263378 
1843 -1.263697 
3375 -1.266616 
2467 -1.266708 
3369 -1.266848 
2034 -1.267999 
4103 -1.268009 
1840 -1.268037 
2997 -1.268754 
2309 -1.270458 
3219 -1.271703 
1454 -1.272145 
3767 -1.272945 
1584 -1.273189 
1369 -1.273938 
1193 -1.276544 
1508 -1.277777 
3017 -1.278608 
1460 -1.279010 
4396 -1.280167 
4272 -1.282678 
668 -1.284523 
665 -1.287166 
3073 -1.287645 
1105 -1.288373 
319 -1.290097 
1433 -1.290536 
2857 -1.291675 
4111 -1.292150 
2414 -1.293559 
2686 -1.294106 
4661 -1.294679 
2989 -1.296432 
3506 -1.296668 
1861 -1.297460 
989 -1.298022 
1868 -1.299139 
4033 -1.300230 
3021 -1.300311 
14 -1.300320 
4004 -1.300686 
2416 -1.301298 
150 -1.303238 
2508 -1.303639 
4009 -1.304158 
2519 -1.304309 
338 -1.308951 
394 -1.309887 
4395 -1.310703 
2288 -1.310725 
326 -1.311733 
333 -1.312468 
2305 -1.313735 
1510 -1.313795 
3416 -1.314123 
107 -1.314507 
2140 -1.315415 
3282 -1.316665 
1417 -1.316686 
3077 -1.318727 
3076 -1.318743 
2470 -1.318937 
849 -1.319028 
2996 -1.319576 
3501 -1.319606 
4123 -1.319879 
390 -1.320715 
3832 -1.320947 
1100 -1.321900 
1212 -1.322154 
3226 -1.322778 
2196 -1.323043 
2980 -1.323329 
3227 -1.323596 
2236 -1.328709 
3556 -1.329198 
3909 -1.329456 
2657 -1.330652 
3211 -1.330667 
66 -1.331209 
114 -1.332001 
3234 -1.332372 
620 -1.333912 
3210 -1.334995 
1507 -1.335109 
3141 -1.335350 
2252 -1.336397 
1444 -1.336504 
3087 -1.336834 
4706 -1.337681 
2627 -1.338401 
3953 -1.338550 
88 -1.338927 
3720 -1.339512 
1796 -1.339586 
3008 -1.341137 
2130 -1.341662 
779 -1.342020 
2929 -1.342574 
1393 -1.343984 
1547 -1.347149 
3768 -1.348034 
2413 -1.348042 
1847 -1.350346 
2154 -1.350380 
1359 -1.350587 
2649 -1.351304 
2038 -1.351771 
1129 -1.351819 
1096 -1.351904 
2306 -1.352513 
1442 -1.352698 
3149 -1.353159 
666 -1.353287 
3473 -1.353343 
439 -1.353561 
888 -1.353582 
1849 -1.353794 
2943 -1.354223 
1229 -1.354771 
2037 -1.355954 
1410 -1.357404 
3925 -1.357774 
2403 -1.358672 
3774 -1.358854 
3669 -1.359174 
3471 -1.359495 
3103 -1.360781 
3863 -1.361138 
3695 -1.361557 
3869 -1.362548 
1553 -1.362635 
3096 -1.362942 
3248 -1.364183 
3396 -1.364672 
1363 -1.364746 
745 -1.366207 
2165 -1.366320 
2359 -1.366442 
1169 -1.367953 
2178 -1.368271 
3024 -1.368579 
4219 -1.368870 
2222 -1.369065 
3015 -1.369572 
626 -1.369573 
1886 -1.369765 
1118 -1.369978 
3837 -1.369983 
4116 -1.370196 
1322 -1.371216 
2525 -1.372178 
1829 -1.372801 
1344 -1.372803 
765 -1.372845 
2638 -1.373008 
1106 -1.373495 
3655 -1.373626 
4001 -1.374369 
62 -1.374741 
3659 -1.375030 
750 -1.375198 
2655 -1.375654 
2408 -1.375746 
2320 -1.375783 
41 -1.376147 
4036 -1.376193 
3786 -1.376294 
4118 -1.376325 
379 -1.378303 
1352 -1.378319 
3413 -1.378507 
858 -1.379568 
809 -1.380119 
1821 -1.380434 
3137 -1.381415 
1413 -1.381892 
3507 -1.381953 
767 -1.382699 
1354 -1.383122 
796 -1.383623 
3766 -1.383674 
2466 -1.383770 
4771 -1.384639 
1826 -1.384719 
4028 -1.386050 
669 -1.386453 
364 -1.387019 
768 -1.387863 
1872 -1.387947 
330 -1.388591 
372 -1.388735 
1064 -1.389189 
2656 -1.389966 
1825 -1.390524 
3787 -1.392665 
3833 -1.393372 
95 -1.393842 
643 -1.393916 
3382 -1.394204 
3205 -1.394484 
2010 -1.394541 
53 -1.394752 
2382 -1.395730 
4738 -1.395821 
2605 -1.395941 
30 -1.396461 
3109 -1.396676 
1834 -1.396775 
49 -1.397201 
3368 -1.397375 
1830 -1.398488 
698 -1.399409 
4125 -1.399567 
1426 -1.399675 
3474 -1.399821 
2991 -1.400965 
774 -1.400972 
387 -1.401213 
4190 -1.401287 
1338 -1.401701 
4791 -1.402892 
2235 -1.402983 
3380 -1.403138 
124 -1.403880 
2438 -1.404595 
2336 -1.404733 
3014 -1.405523 
3469 -1.406346 
36 -1.406398 
1432 -1.406789 
3985 -1.407480 
1340 -1.407524 
363 -1.408057 
1376 -1.408597 
2501 -1.409234 
3125 -1.409868 
3217 -1.409939 
856 -1.410432 
2374 -1.410587 
3255 -1.410708 
1345 -1.410901 
89 -1.411175 
3235 -1.411340 
365 -1.411371 
3410 -1.412128 
1620 -1.413608 
3781 -1.415051 
356 -1.415219 
2223 -1.416024 
426 -1.416565 
1115 -1.416610 
4013 -1.416716 
3392 -1.416955 
3694 -1.417385 
39 -1.418456 
679 -1.418533 
3924 -1.418701 
4034 -1.419167 
3831 -1.419686 
4721 -1.420920 
2600 -1.421165 
3220 -1.421801 
1123 -1.422275 
2950 -1.422340 
1179 -1.422498 
861 -1.422562 
2504 -1.423017 
2523 -1.423199 
46 -1.423213 
378 -1.423369 
4105 -1.423598 
880 -1.423797 
1406 -1.423833 
3394 -1.424098 
3232 -1.425128 
2015 -1.425193 
3002 -1.425604 
2993 -1.425733 
3654 -1.425842 
3851 -1.425873 
4149 -1.426187 
2850 -1.426712 
3376 -1.426839 
2081 -1.427486 
2174 -1.428004 
2682 -1.428318 
627 -1.428666 
2513 -1.428675 
2350 -1.429453 
1107 -1.429618 
1388 -1.429691 
2384 -1.430209 
404 -1.430307 
1210 -1.430382 
310 -1.430530 
4623 -1.431956 
1440 -1.431962 
2164 -1.432231 
2339 -1.432371 
2409 -1.432496 
1189 -1.433119 
3696 -1.433223 
1398 -1.433731 
3841 -1.434028 
4222 -1.434236 
1215 -1.435432 
3646 -1.435620 
3236 -1.435681 
3662 -1.435843 
2905 -1.435883 
2390 -1.437025 
3268 -1.437759 
412 -1.438124 
3081 -1.438230 
1177 -1.438247 
514 -1.438252 
3693 -1.438941 
2059 -1.439558 
2608 -1.440282 
1329 -1.440912 
1172 -1.441026 
2387 -1.441349 
1787 -1.441408 
2351 -1.441980 
2618 -1.442032 
1339 -1.442096 
2356 -1.442178 
1421 -1.442414 
2658 -1.442994 
3426 -1.443469 
2633 -1.445344 
1337 -1.445364 
2680 -1.446191 
1126 -1.446463 
3463 -1.446678 
1235 -1.447281 
3384 -1.447387 
3310 -1.447577 
2213 -1.447975 
56 -1.448406 
3389 -1.448760 
57 -1.448868 
515 -1.449129 
3206 -1.449336 
2995 -1.449705 
3411 -1.450332 
757 -1.451100 
4536 -1.451248 
678 -1.452116 
2514 -1.452136 
2078 -1.452944 
68 -1.453018 
2002 -1.453208 
3836 -1.453939 
2354 -1.455812 
993 -1.455961 
4122 -1.456130 
121 -1.456313 
2927 -1.456392 
3760 -1.457356 
2900 -1.457383 
101 -1.457709 
2949 -1.458895 
2331 -1.459356 
647 -1.459413 
2013 -1.459574 
1427 -1.459670 
2217 -1.459686 
3648 -1.459942 
4074 -1.460050 
370 -1.461487 
3423 -1.461977 
667 -1.462005 
1155 -1.462823 
2144 -1.463364 
3782 -1.463417 
79 -1.464074 
4597 -1.464430 
2150 -1.464732 
380 -1.465091 
2248 -1.465467 
673 -1.466794 
2202 -1.466970 
4211 -1.467333 
2225 -1.467395 
4039 -1.467830 
683 -1.469625 
1142 -1.469654 
353 -1.469977 
1110 -1.470232 
2370 -1.470244 
650 -1.471062 
1138 -1.471678 
3500 -1.471680 
369 -1.471689 
2233 -1.471782 
99 -1.472490 
3935 -1.472634 
343 -1.472702 
1323 -1.472859 
51 -1.472869 
1927 -1.473828 
1533 -1.473836 
4207 -1.473890 
1422 -1.475081 
1397 -1.475687 
2251 -1.475792 
24 -1.475981 
3358 -1.476231 
2364 -1.476233 
1188 -1.476333 
1374 -1.477005 
1121 -1.477005 
358 -1.477343 
1166 -1.477483 
1331 -1.477923 
802 -1.478461 
2070 -1.478554 
2606 -1.478607 
882 -1.478770 
3649 -1.479156 
697 -1.479452 
4626 -1.479549 
1165 -1.479671 
1109 -1.479675 
2241 -1.479845 
1411 -1.480265 
693 -1.480265 
1384 -1.480271 
3711 -1.481387 
2338 -1.481390 
658 -1.481935 
1447 -1.482289 
2842 -1.485720 
952 -1.485919 
2215 -1.485971 
2427 -1.486061 
876 -1.486542 
2426 -1.486862 
2193 -1.487429 
2349 -1.487605 
406 -1.488037 
4602 -1.488047 
1128 -1.488103 
3962 -1.488271 
3680 -1.488658 
2851 -1.489229 
2062 -1.490296 
106 -1.490305 
2853 -1.490467 
3093 -1.490613 
3404 -1.490841 
1372 -1.491073 
32 -1.491515 
2250 -1.492055 
4082 -1.492106 
403 -1.492236 
3249 -1.492257 
879 -1.492296 
3316 -1.492620 
1542 -1.492680 
2239 -1.492827 
3653 -1.492905 
2936 -1.492907 
2652 -1.492984 
1151 -1.493067 
340 -1.493599 
1341 -1.493833 
2622 -1.493847 
2903 -1.493861 
3710 -1.493969 
3722 -1.494078 
2906 -1.494193 
3401 -1.494503 
4748 -1.495279 
699 -1.495540 
2167 -1.495861 
2643 -1.496080 
3391 -1.496453 
3364 -1.496939 
3243 -1.497015 
4 -1.497469 
96 -1.498449 
2245 -1.498497 
4062 -1.498843 
2512 -1.498864 
3461 -1.499109 
1137 -1.499673 
2009 -1.499833 
3762 -1.500099 
400 -1.500232 
4647 -1.500260 
4681 -1.501066 
4104 -1.501908 
4012 -1.502540 
886 -1.502555 
3253 -1.502837 
652 -1.503009 
4029 -1.503904 
513 -1.504187 
3402 -1.504495 
1380 -1.504734 
2391 -1.504820 
2858 -1.505208 
2932 -1.505770 
2145 -1.505815 
4108 -1.506005 
4113 -1.506331 
94 -1.506559 
1784 -1.506905 
2419 -1.507052 
416 -1.507207 
80 -1.507236 
2645 -1.508071 
3661 -1.508141 
4750 -1.508507 
887 -1.508567 
3870 -1.508579 
1133 -1.508584 
396 -1.508612 
2243 -1.509034 
4126 -1.509369 
878 -1.510761 
869 -1.510998 
2319 -1.511077 
4680 -1.511841 
2244 -1.512118 
2208 -1.512211 
754 -1.512502 
42 -1.512698 
2153 -1.512724 
2380 -1.512731 
1111 -1.512830 
4768 -1.512947 
3222 -1.513144 
2260 -1.514361 
2079 -1.514542 
3780 -1.514551 
3209 -1.514634 
748 -1.515681 
385 -1.515690 
13 -1.517051 
1216 -1.517721 
34 -1.518450 
2510 -1.518764 
4096 -1.518915 
992 -1.518933 
29 -1.519569 
1785 -1.519614 
2017 -1.519847 
2368 -1.519871 
911 -1.520510 
2303 -1.520821 
60 -1.521097 
83 -1.521389 
2242 -1.521663 
4687 -1.521680 
1419 -1.521792 
2179 -1.522089 
2632 -1.522146 
3271 -1.522204 
2526 -1.522314 
2066 -1.522917 
3414 -1.523213 
100 -1.523708 
2347 -1.523752 
1335 -1.523861 
4269 -1.523893 
2945 -1.524107 
2401 -1.525062 
889 -1.525231 
2623 -1.525255 
1054 -1.525821 
870 -1.526856 
2941 -1.526966 
721 -1.527207 
3138 -1.527551 
1395 -1.527985 
4221 -1.528386 
4587 -1.528649 
1205 -1.529045 
3405 -1.529174 
877 -1.529262 
381 -1.529560 
3371 -1.530377 
411 -1.530442 
1385 -1.530543 
3424 -1.530574 
1201 -1.531070 
3387 -1.531127 
422 -1.531314 
3406 -1.531325 
954 -1.531463 
3793 -1.531669 
2334 -1.531790 
1122 -1.531883 
524 -1.532017 
655 -1.532226 
2859 -1.532548 
799 -1.532626 
2518 -1.532635 
1171 -1.532789 
2077 -1.533376 
3088 -1.533437 
1850 -1.533684 
3266 -1.533991 
417 -1.534145 
2148 -1.535036 
2379 -1.535038 
991 -1.535464 
361 -1.535815 
345 -1.535883 
807 -1.537174 
374 -1.537575 
2210 -1.538178 
4212 -1.538401 
98 -1.538669 
3472 -1.538736 
2036 -1.540179 
2313 -1.540812 
2211 -1.540825 
4049 -1.540877 
2527 -1.541014 
383 -1.541901 
3984 -1.542089 
3250 -1.542547 
1190 -1.543016 
1463 -1.544032 
884 -1.544419 
413 -1.544421 
4749 -1.544449 
2160 -1.544586 
1404 -1.544629 
990 -1.544913 
1168 -1.545462 
1446 -1.545819 
410 -1.546818 
1375 -1.546858 
421 -1.546920 
4644 -1.546974 
4362 -1.547380 
77 -1.547422 
1135 -1.547572 
2404 -1.547885 
3811 -1.547952 
2520 -1.548751 
2362 -1.548769 
2611 -1.548833 
1112 -1.549057 
3866 -1.549158 
389 -1.549570 
3390 -1.549861 
1141 -1.550105 
347 -1.550385 
881 -1.550584 
609 -1.551142 
54 -1.551231 
2163 -1.551327 
2175 -1.551600 
1164 -1.552344 
3502 -1.552531 
2507 -1.552946 
1228 -1.553342 
955 -1.553990 
1334 -1.554066 
3419 -1.554168 
2646 -1.554304 
3400 -1.554391 
1132 -1.554391 
2345 -1.554848 
3889 -1.554912 
1230 -1.555011 
677 -1.555280 
2648 -1.555768 
74 -1.555773 
3974 -1.555902 
12 -1.556513 
2644 -1.556770 
3810 -1.556908 
2500 -1.557023 
1836 -1.557900 
1468 -1.558051 
3647 -1.558719 
1332 -1.558957 
72 -1.559979 
67 -1.560437 
82 -1.560628 
2176 -1.560756 
3923 -1.561419 
2352 -1.561638 
2619 -1.562436 
3239 -1.562814 
3777 -1.563334 
1860 -1.564026 
2361 -1.564044 
352 -1.564455 
3223 -1.564566 
2904 -1.564722 
4274 -1.565365 
1178 -1.565674 
2008 -1.565737 
1203 -1.566729 
928 -1.567020 
1581 -1.567222 
3986 -1.567433 
3238 -1.568002 
3267 -1.568049 
659 -1.568199 
1377 -1.568692 
525 -1.568851 
2254 -1.569477 
4151 -1.569905 
1326 -1.570042 
949 -1.570299 
2373 -1.570344 
3756 -1.570423 
1108 -1.570556 
3252 -1.571120 
3003 -1.571805 
651 -1.572031 
2315 -1.572182 
43 -1.572291 
3240 -1.572590 
2620 -1.572998 
4114 -1.573327 
4048 -1.573599 
3264 -1.573677 
76 -1.573776 
2616 -1.574529 
1853 -1.574678 
409 -1.575201 
1143 -1.575347 
4273 -1.576608 
3023 -1.576798 
1972 -1.576988 
1102 -1.577259 
3398 -1.577673 
1456 -1.577701 
73 -1.578331 
2614 -1.579179 
3981 -1.579591 
2146 -1.579667 
2363 -1.579756 
758 -1.580165 
4110 -1.580194 
4204 -1.580575 
2502 -1.581190 
2224 -1.581779 
1835 -1.581799 
1358 -1.581996 
3479 -1.582210 
33 -1.582677 
3399 -1.582694 
3242 -1.583618 
2173 -1.583922 
2827 -1.584104 
1207 -1.584139 
2232 -1.584758 
2172 -1.585004 
1383 -1.585024 
337 -1.585554 
2371 -1.585692 
1407 -1.586209 
2424 -1.586372 
3207 -1.586615 
3979 -1.586959 
3245 -1.587720 
2681 -1.588029 
759 -1.588201 
1405 -1.588218 
1424 -1.588767 
1783 -1.589095 
2610 -1.589366 
1418 -1.589769 
1140 -1.589972 
2946 -1.590117 
65 -1.590205 
3658 -1.590257 
1855 -1.590471 
642 -1.590851 
2933 -1.591660 
3415 -1.592331 
3365 -1.592637 
1134 -1.593611 
2634 -1.593845 
3027 -1.594243 
2360 -1.594260 
3214 -1.594282 
327 -1.594424 
3689 -1.594781 
3939 -1.594930 
2378 -1.595194 
93 -1.595388 
674 -1.595593 
3237 -1.595765 
3660 -1.596081 
3421 -1.596110 
3921 -1.596587 
3102 -1.596742 
2381 -1.597070 
2940 -1.597254 
109 -1.597834 
2389 -1.597975 
393 -1.598476 
2394 -1.598489 
3075 -1.598674 
122 -1.598741 
1854 -1.598933 
3657 -1.598971 
2385 -1.599258 
2346 -1.599274 
4778 -1.599399 
3725 -1.599564 
2365 -1.599737 
3656 -1.600310 
3650 -1.600778 
1139 -1.601198 
3663 -1.601531 
1396 -1.601853 
3019 -1.601934 
342 -1.602121 
2901 -1.602146 
2650 -1.602312 
3385 -1.603187 
3785 -1.603812 
641 -1.604387 
3092 -1.604430 
4032 -1.605002 
3763 -1.605004 
871 -1.605062 
2377 -1.605795 
771 -1.605808 
640 -1.605918 
756 -1.606017 
3018 -1.606070 
336 -1.606937 
2428 -1.607090 
2142 -1.607217 
407 -1.607554 
1330 -1.608205 
328 -1.608230 
2366 -1.608241 
2376 -1.608326 
1541 -1.608490 
2654 -1.608612 
4027 -1.609413 
382 -1.609708 
2947 -1.609981 
2386 -1.610085 
3718 -1.610265 
2994 -1.610539 
2506 -1.610717 
2625 -1.611366 
1387 -1.612103 
48 -1.612224 
2402 -1.612374 
3422 -1.613475 
2422 -1.613492 
2344 -1.613496 
953 -1.614280 
2053 -1.614324 
415 -1.614648 
958 -1.614746 
414 -1.615525 
4276 -1.616060 
325 -1.616066 
4193 -1.616145 
3723 -1.616382 
1200 -1.616573 
401 -1.617126 
52 -1.617641 
1382 -1.617744 
315 -1.617875 
671 -1.618184 
2375 -1.618252 
3409 -1.618412 
2367 -1.618486 
3568 -1.618613 
3797 -1.618626 
2230 -1.618783 
3417 -1.619047 
4202 -1.620020 
2862 -1.620102 
395 -1.621054 
2534 -1.621185 
3478 -1.621279 
3420 -1.621330 
3013 -1.621735 
1202 -1.621850 
4076 -1.622171 
900 -1.622278 
2214 -1.622288 
2411 -1.622560 
402 -1.622582 
1831 -1.622656 
3477 -1.622971 
638 -1.623071 
2268 -1.623850 
3712 -1.623854 
362 -1.624110 
4119 -1.624191 
3085 -1.624430 
2220 -1.624466 
341 -1.624757 
1987 -1.625142 
2621 -1.626004 
1343 -1.626218 
2135 -1.626469 
359 -1.626609 
366 -1.626685 
2246 -1.627073 
2849 -1.627308 
3709 -1.627631 
2125 -1.628127 
2240 -1.628323 
2432 -1.628358 
55 -1.628435 
75 -1.628907 
1353 -1.629231 
3407 -1.629261 
420 -1.629494 
3010 -1.629731 
5 -1.629912 
58 -1.630185 
35 -1.630533 
354 -1.631264 
2269 -1.631424 
31 -1.631462 
1430 -1.631514 
44 -1.631670 
4751 -1.631779 
1356 -1.632150 
1214 -1.633317 
4393 -1.633392 
1423 -1.633609 
2329 -1.634388 
2852 -1.634475 
644 -1.634542 
3203 -1.634578 
373 -1.634593 
648 -1.634870 
45 -1.635017 
1551 -1.635376 
2247 -1.635722 
3462 -1.636092 
1552 -1.636238 
1461 -1.636949 
3258 -1.636952 
2503 -1.637875 
3428 -1.638864 
1349 -1.638899 
2826 -1.638972 
3136 -1.639071 
696 -1.639392 
2848 -1.640228 
3891 -1.640574 
1394 -1.640730 
71 -1.640886 
4696 -1.640983 
2626 -1.641087 
3318 -1.641506 
2934 -1.641524 
2935 -1.641877 
70 -1.641903 
2981 -1.641917 
1211 -1.641984 
3807 -1.642124 
2016 -1.642284 
47 -1.642435 
355 -1.642439 
2341 -1.642555 
2683 -1.643082 
645 -1.643156 
3431 -1.643420 
59 -1.643570 
3798 -1.643781 
63 -1.643795 
2043 -1.643815 
3367 -1.644484 
2151 -1.644505 
3470 -1.644698 
3844 -1.645060 
3640 -1.646255 
1197 -1.647000 
2987 -1.647046 
4201 -1.647066 
657 -1.648244 
2259 -1.648480 
1933 -1.648507 
1535 -1.648610 
2464 -1.648904 
2511 -1.648976 
2335 -1.649921 
1114 -1.650266 
384 -1.651351 
2928 -1.651722 
3769 -1.652456 
4050 -1.652912 
4153 -1.653015 
4603 -1.653229 
2000 -1.653911 
2188 -1.654144 
749 -1.655138 
4136 -1.655188 
2925 -1.655422 
1389 -1.656011 
3078 -1.656039 
2369 -1.656132 
4085 -1.656415 
3808 -1.656674 
3761 -1.656954 
1548 -1.657004 
1208 -1.658068 
1198 -1.658176 
1434 -1.659101 
3498 -1.659453 
1386 -1.659737 
1099 -1.660085 
3435 -1.660607 
351 -1.660617 
1390 -1.660907 
419 -1.661710 
386 -1.662020 
4347 -1.662222 
4112 -1.662239 
2429 -1.662351 
624 -1.662784 
4769 -1.662896 
1378 -1.663077 
2355 -1.663492 
9 -1.663766 
1391 -1.664507 
3468 -1.665125 
3931 -1.665468 
1977 -1.665737 
111 -1.665791 
1425 -1.665951 
3759 -1.665978 
1934 -1.666066 
2149 -1.666272 
2219 -1.666600 
3484 -1.666615 
3070 -1.666767 
3084 -1.666977 
3212 -1.667364 
1063 -1.667571 
4686 -1.667974 
3778 -1.668135 
797 -1.668169 
2388 -1.668195 
2931 -1.668573 
890 -1.669103 
2516 -1.670197 
4031 -1.670315 
3082 -1.670447 
2522 -1.670792 
1543 -1.671459 
2521 -1.671463 
3094 -1.671733 
3475 -1.671851 
2024 -1.672082 
398 -1.672140 
4080 -1.672529 
3894 -1.672696 
653 -1.672765 
2410 -1.672799 
2126 -1.673236 
3460 -1.673297 
16 -1.673388 
4078 -1.673816 
1125 -1.674012 
1833 -1.674845 
2231 -1.675153 
3397 -1.675270 
3254 -1.675369 
761 -1.675548 
1379 -1.676415 
637 -1.676723 
329 -1.676742 
2020 -1.677009 
105 -1.677277 
4670 -1.677774 
3862 -1.678262 
69 -1.678472 
3665 -1.679752 
2533 -1.680042 
885 -1.680309 
2670 -1.680378 
368 -1.680947 
2465 -1.681022 
2065 -1.681912 
4779 -1.682749 
1824 -1.682809 
3721 -1.682914 
377 -1.682953 
2330 -1.683350 
1357 -1.683711 
3265 -1.683850 
388 -1.684835 
1875 -1.685074 
3408 -1.685444 
331 -1.685875 
1333 -1.686264 
893 -1.686359 
612 -1.686493 
1832 -1.686597 
3497 -1.686794 
2937 -1.686817 
2392 -1.686909 
868 -1.688156 
2425 -1.688335 
3938 -1.688425 
649 -1.688772 
3476 -1.689180 
2011 -1.689295 
1113 -1.689550 
375 -1.690115 
3270 -1.690181 
4073 -1.690321 
3504 -1.690384 
2988 -1.690754 
418 -1.691665 
3641 -1.692520 
3247 -1.693104 
4218 -1.693123 
804 -1.693279 
2647 -1.693821 
2930 -1.694806 
3090 -1.696659 
1068 -1.697066 
4006 -1.697370 
3224 -1.697465 
646 -1.697524 
405 -1.697645 
2407 -1.697787 
2372 -1.698097 
3802 -1.698226 
1873 -1.698589 
3418 -1.699361 
2358 -1.699868 
2902 -1.700679 
936 -1.701049 
2161 -1.701190 
324 -1.701334 
4537 -1.701827 
2353 -1.701980 
1170 -1.702100 
3954 -1.702110 
2617 -1.702336 
2177 -1.702615 
2162 -1.702729 
3221 -1.702779 
3809 -1.703390 
309 -1.704513 
3754 -1.704604 
1549 -1.704629 
339 -1.704733 
1136 -1.705002 
3261 -1.705611 
2076 -1.706040 
3241 -1.707037 
1441 -1.708025 
1131 -1.708268 
2651 -1.708559 
28 -1.708840 
1408 -1.708945 
103 -1.708989 
3279 -1.709256 
1786 -1.710347 
910 -1.710517 
2415 -1.711047 
1852 -1.711188 
2206 -1.711945 
3403 -1.712868 
40 -1.713268 
517 -1.714033 
3215 -1.715285 
3737 -1.715666 
1420 -1.716340 
2328 -1.716666 
519 -1.717652 
1209 -1.718457 
78 -1.719321 
4101 -1.719459 
2524 -1.720309 
1217 -1.720355 
744 -1.720549 
937 -1.720701 
1546 -1.722571 
2237 -1.722843 
2505 -1.722924 
1837 -1.723049 
84 -1.725302 
102 -1.725340 
751 -1.725579 
1498 -1.725603 
3386 -1.726449 
1226 -1.727216 
4627 -1.727287 
703 -1.727474 
2271 -1.727734 
3005 -1.727899 
2612 -1.728222 
654 -1.729059 
702 -1.729397 
883 -1.729625 
350 -1.729744 
2907 -1.730403 
891 -1.730724 
1401 -1.731414 
1859 -1.731470 
1124 -1.731653 
1098 -1.732296 
625 -1.732368 
1400 -1.735127 
3395 -1.735374 
1196 -1.735905 
676 -1.736020 
85 -1.736161 
3393 -1.736531 
50 -1.736829 
3274 -1.737007 
4280 -1.737546 
3001 -1.737996 
1237 -1.738186 
408 -1.738246 
423 -1.738977 
3139 -1.740130 
90 -1.740300 
2316 -1.740568 
87 -1.740582 
3251 -1.741112 
2357 -1.741578 
3838 -1.741687 
2310 -1.741743 
424 -1.742000 
3666 -1.742074 
1838 -1.742118 
3796 -1.742130 
2418 -1.743261 
2218 -1.745160 
1428 -1.745794 
3269 -1.746240 
3006 -1.746242 
4278 -1.747000 
769 -1.747507 
1373 -1.747670 
391 -1.748067 
104 -1.748143 
1863 -1.748363 
38 -1.749800 
1130 -1.750091 
61 -1.750588 
1116 -1.750641 
3784 -1.751081 
1167 -1.751091 
1227 -1.752126 
349 -1.752835 
4051 -1.753702 
3095 -1.754359 
770 -1.754634 
3741 -1.754748 
2025 -1.755102 
1150 -1.755193 
3503 -1.755453 
2200 -1.755751 
1842 -1.756689 
3412 -1.757815 
3764 -1.757870 
3016 -1.757887 
2609 -1.759279 
2629 -1.759336 
2517 -1.759750 
4035 -1.760942 
3668 -1.761186 
2430 -1.761735 
2398 -1.761825 
3216 -1.762254 
4115 -1.762972 
314 -1.764588 
688 -1.764768 
3099 -1.764770 
766 -1.764844 
2155 -1.764868 
2221 -1.764923 
25 -1.765078 
97 -1.766434 
2229 -1.767168 
3025 -1.767924 
1416 -1.768284 
4030 -1.768572 
4646 -1.769160 
1827 -1.769583 
2442 -1.770263 
2653 -1.770349 
3379 -1.770871 
613 -1.772017 
2530 -1.772295 
4194 -1.772919 
1320 -1.773901 
1321 -1.775936 
2342 -1.777635 
4243 -1.777679 
3086 -1.778159 
656 -1.778271 
4563 -1.778888 
1145 -1.779178 
371 -1.779955 
752 -1.780350 
360 -1.780543 
3910 -1.781018 
3651 -1.781110 
1194 -1.781459 
3004 -1.781530 
3806 -1.782078 
854 -1.782431 
1844 -1.783111 
2509 -1.783318 
2238 -1.784696 
2333 -1.785017 
3765 -1.785310 
37 -1.785663 
3772 -1.785759 
4086 -1.785818 
2048 -1.786461 
2054 -1.787338 
2209 -1.787893 
2400 -1.787903 
1414 -1.788256 
3072 -1.788760 
2170 -1.789185 
2689 -1.789648 
1453 -1.790044 
81 -1.790554 
4077 -1.791003 
2998 -1.792243 
2014 -1.793002 
2635 -1.793397 
4645 -1.793570 
125 -1.793595 
376 -1.793746 
2999 -1.793856 
2406 -1.793968 
3074 -1.794327 
1371 -1.794555 
1218 -1.794740 
2942 -1.794948 
4815 -1.795489 
3246 -1.796022 
2624 -1.796309 
1381 -1.796473 
1871 -1.797003 
151 -1.797012 
3140 -1.797921 
10 -1.798334 
764 -1.798711 
3505 -1.798831 
3009 -1.800176 
367 -1.800958 
4586 -1.800985 
3738 -1.801916 
734 -1.803472 
3262 -1.803840 
1445 -1.803966 
892 -1.804040 
1409 -1.804102 
91 -1.804367 
4788 -1.804587 
2166 -1.804937 
957 -1.805217 
2952 -1.805651 
3719 -1.806101 
3779 -1.806736 
3089 -1.807115 
2383 -1.808111 
2171 -1.808475 
2603 -1.808780 
1485 -1.808809 
3434 -1.808889 
4109 -1.810141 
3000 -1.812168 
681 -1.812736 
313 -1.812918 
3366 -1.813209 
3388 -1.814193 
3817 -1.814613 
2641 -1.816086 
694 -1.816117 
1195 -1.817179 
2944 -1.817933 
2069 -1.818000 
3943 -1.818153 
872 -1.818984 
1120 -1.819005 
4120 -1.819255 
1328 -1.819306 
2986 -1.819793 
2249 -1.819983 
4121 -1.820736 
4205 -1.821979 
522 -1.822428 
1545 -1.822922 
2348 -1.823460 
3757 -1.824039 
392 -1.825694 
3804 -1.826163 
357 -1.827247 
4002 -1.827292 
26 -1.827385 
3011 -1.827932 
1798 -1.828326 
2325 -1.828426 
1213 -1.828597 
617 -1.829399 
3026 -1.830257 
15 -1.830564 
3987 -1.831564 
3108 -1.831685 
3554 -1.832188 
1048 -1.832193 
4271 -1.832803 
2257 -1.833465 
1094 -1.833504 
4192 -1.833534 
3012 -1.833676 
1392 -1.833887 
3934 -1.834440 
123 -1.834716 
4770 -1.835000 
1509 -1.837093 
803 -1.837426 
2212 -1.837664 
4058 -1.838814 
2234 -1.838853 
3730 -1.840297 
2528 -1.840351 
1191 -1.840710 
1399 -1.841300 
2052 -1.841556 
2992 -1.841840 
1097 -1.843347 
92 -1.844105 
873 -1.844196 
662 -1.845932 
3664 -1.847419 
3707 -1.847454 
1941 -1.847591 
1204 -1.850437 
3708 -1.851628 
4275 -1.851897 
720 -1.852382 
4277 -1.852457 
1175 -1.852578 
2399 -1.852609 
4152 -1.853291 
335 -1.853448 
746 -1.853455 
1158 -1.855275 
4010 -1.855610 
2417 -1.855901 
3789 -1.856128 
432 -1.856304 
1242 -1.857128 
852 -1.857813 
1146 -1.858268 
1459 -1.858292 
1231 -1.859274 
1173 -1.859400 
4601 -1.859974 
1342 -1.861022 
108 -1.861137 
2450 -1.861439 
3113 -1.861848 
3202 -1.861893 
895 -1.862799 
2515 -1.863108 
3840 -1.864149 
1462 -1.864828 
3080 -1.865506 
3134 -1.865874 
851 -1.871122 
2861 -1.871891 
736 -1.871901 
2058 -1.873609 
2067 -1.876122 
3481 -1.876869 
2201 -1.877187 
4215 -1.877503 
516 -1.878380 
2938 -1.878674 
3204 -1.879200 
2168 -1.879314 
670 -1.879989 
1443 -1.880203 
672 -1.880655 
950 -1.880852 
623 -1.882464 
1053 -1.883064 
1224 -1.883624 
316 -1.884722 
18 -1.885656 
17 -1.885767 
909 -1.886130 
1157 -1.888596 
3920 -1.888739 
11 -1.893001 
3871 -1.893575 
1973 -1.893668 
753 -1.894989 
2264 -1.896026 
3933 -1.896056 
1870 -1.896527 
1782 -1.896938 
1862 -1.897005 
1974 -1.899539 
1841 -1.900125 
2637 -1.900534 
3126 -1.900959 
112 -1.901876 
2856 -1.901995 
3868 -1.902347 
3692 -1.902743 
2529 -1.903087 
2295 -1.903141 
64 -1.904043 
2026 -1.904397 
3812 -1.905193 
2227 -1.905301 
307 -1.906093 
2537 -1.906303 
2281 -1.908293 
2207 -1.908301 
810 -1.908454 
3983 -1.908872 
1144 -1.909236 
3218 -1.910476 
1355 -1.910879 
2397 -1.910928 
3911 -1.912579 
1828 -1.912889 
1361 -1.913279 
1896 -1.914829 
2152 -1.915985 
2433 -1.916254 
2990 -1.916552 
2854 -1.918911 
742 -1.919491 
2461 -1.920641 
2022 -1.923833 
2127 -1.924206 
3783 -1.925579 
1820 -1.925582 
616 -1.925882 
3794 -1.928715 
3069 -1.928829 
3439 -1.929545 
1894 -1.929771 
1625 -1.930126 
2640 -1.930170 
3990 -1.931483 
4016 -1.933986 
2129 -1.934159 
3433 -1.934474 
1458 -1.934944 
1845 -1.935957 
3839 -1.936265 
2435 -1.937391 
3147 -1.937418 
2985 -1.938823 
1176 -1.939772 
700 -1.943766 
3127 -1.947323 
3563 -1.953665 
2914 -1.954204 
3717 -1.955988 
3989 -1.956982 
2057 -1.959469 
3995 -1.960596 
1336 -1.961636 
610 -1.962292 
2198 -1.963696 
3652 -1.964631 
808 -1.966394 
611 -1.966484 
3372 -1.972056 
4038 -1.972178 
3835 -1.972289 
2471 -1.973031 
1362 -1.974746 
2039 -1.975496 
1403 -1.975867 
639 -1.976204 
3566 -1.976272 
3098 -1.976277 
1232 -1.977378 
737 -1.977605 
1544 -1.980057 
3634 -1.985161 
2978 -1.987580 
2181 -1.987896 
4724 -1.989045 
2343 -1.991380 
3843 -1.991386 
2128 -1.993957 
2825 -1.998437 
2012 -1.999567 
1436 -1.999863 
3114 -2.000930 
4117 -2.001337 
2926 -2.002473 
1234 -2.002759 
3277 -2.004070 
2337 -2.004729 
2312 -2.005057 
3233 -2.009768 
3022 -2.011353 
4087 -2.012540 
1857 -2.012959 
663 -2.017564 
1797 -2.018500 
3361 -2.020080 
3550 -2.023574 
1055 -2.025777 
2147 -2.027491 
4213 -2.027512 
4596 -2.030350 
4046 -2.031175 
2437 -2.032279 
3201 -2.037395 
4098 -2.037775 
787 -2.037985 
794 -2.038629 
2421 -2.039144 
430 -2.039149 
2476 -2.039757 
3079 -2.040156 
4011 -2.040257 
3432 -2.040420 
2255 -2.040632 
4227 -2.042078 
2044 -2.042082 
2423 -2.042461 
399 -2.042728 
128 -2.043754 
6 -2.043870 
2665 -2.044961 
806 -2.046020 
1435 -2.048692 
3937 -2.049074 
2032 -2.051735 
4531 -2.054644 
332 -2.054915 
2965 -2.054953 
2468 -2.055585 
1415 -2.058886 
135 -2.059150 
4789 -2.060601 
3263 -2.060702 
1437 -2.060849 
3208 -2.061672 
1819 -2.062439 
1104 -2.063373 
718 -2.064457 
2412 -2.066124 
4053 -2.068267 
951 -2.070167 
4658 -2.072977 
2296 -2.073173 
2973 -2.074697 
708 -2.076563 
3619 -2.076814 
4578 -2.076915 
1466 -2.078598 
618 -2.080585 
3847 -2.082710 
1327 -2.084683 
3276 -2.085481 
3430 -2.087536 
682 -2.093897 
4659 -2.093924 
1780 -2.097120 
704 -2.097479 
1159 -2.097618 
2080 -2.097994 
3197 -2.101984 
2273 -2.102118 
4005 -2.103505 
2908 -2.104020 
113 -2.105115 
3994 -2.106612 
4083 -2.106735 
142 -2.106861 
772 -2.107101 
2909 -2.107943 
2596 -2.108094 
4057 -2.110107 
2436 -2.113848 
2860 -2.114453 
1464 -2.115683 
798 -2.117891 
956 -2.118285 
3360 -2.119074 
141 -2.119174 
431 -2.119317 
853 -2.124828 
2446 -2.126973 
3225 -2.129681 
1993 -2.133062 
2835 -2.137039 
3706 -2.139904 
3374 -2.140470 
1249 -2.141043 
2311 -2.141909 
2475 -2.142287 
2018 -2.143708 
4533 -2.145060 
2001 -2.145860 
2324 -2.148370 
3670 -2.148907 
1103 -2.150906 
2454 -2.151492 
1149 -2.151871 
137 -2.153609 
2033 -2.155430 
1429 -2.158030 
2602 -2.161909 
2023 -2.162850 
136 -2.163009 
1470 -2.163979 
590 -2.165542 
1823 -2.166682 
1851 -2.166730 
1471 -2.167829 
3770 -2.170302 
4203 -2.173935 
664 -2.176517 
4148 -2.176808 
622 -2.177825 
3383 -2.178387 
4075 -2.179064 
4532 -2.181283 
3377 -2.181892 
1940 -2.182612 
2535 -2.189594 
1932 -2.190048 
2636 -2.191442 
4015 -2.191643 
2318 -2.193827 
2068 -2.195221 
2030 -2.195795 
1347 -2.197800 
684 -2.201792 
4132 -2.204897 
427 -2.206388 
3275 -2.207200 
2199 -2.216294 
127 -2.216560 
2323 -2.218020 
3773 -2.220566 
896 -2.227946 
3370 -2.228067 
4530 -2.235274 
2499 -2.236246 
3618 -2.249612 
1452 -2.254024 
1348 -2.255004 
4045 -2.255100 
2922 -2.255301 
4019 -2.257268 
1117 -2.258064 
4226 -2.262626 
4052 -2.270157 
2923 -2.271771 
2964 -2.273663 
3110 -2.276431 
4099 -2.277126 
1856 -2.277850 
2613 -2.277972 
4041 -2.278936 
2029 -2.284281 
1069 -2.286316 
2185 -2.290815 
346 -2.294365 
3982 -2.294844 
3178 -2.295122 
129 -2.300679 
631 -2.301283 
850 -2.306320 
897 -2.308290 
3467 -2.309162 
735 -2.311679 
4102 -2.312428 
2679 -2.312552 
773 -2.313714 
589 -2.313754 
760 -2.320947 
695 -2.322462 
3491 -2.323041 
317 -2.323837 
3795 -2.324053 
2473 -2.324943 
2156 -2.329346 
4223 -2.329494 
2447 -2.329504 
438 -2.329576 
3438 -2.330366 
2307 -2.333087 
3813 -2.333839 
4107 -2.343834 
1220 -2.348027 
2184 -2.349921 
4579 -2.359914 
2607 -2.361641 
685 -2.364334 
1223 -2.365680 
3311 -2.373447 
4217 -2.374794 
1163 -2.376984 
4040 -2.379526 
2157 -2.381441 
3464 -2.383868 
3499 -2.384371 
2272 -2.388104 
2045 -2.393015 
2256 -2.396505 
1049 -2.396562 
3351 -2.398542 
786 -2.401367 
2628 -2.402993 
2455 -2.406155 
1536 -2.411341 
2463 -2.412336 
2823 -2.417452 
1248 -2.418294 
2915 -2.421596 
801 -2.425208 
3861 -2.427352 
793 -2.429038 
719 -2.430675 
3100 -2.437965 
1624 -2.439327 
23 -2.441123 
3459 -2.447248 
2141 -2.458631 
4270 -2.462959 
2982 -2.463153 
2974 -2.464625 
2393 -2.467745 
2082 -2.474237 
3490 -2.474824 
2970 -2.498108 
4135 -2.498659 
2599 -2.500059 
3885 -2.502479 
2051 -2.511956 
1931 -2.518897 
929 -2.519823 
3895 -2.520952 
1534 -2.522224 
3865 -2.531199 
2075 -2.553108 
3492 -2.555938 
3551 -2.556834 
2294 -2.559573 
433 -2.574249 
630 -2.579689 
2664 -2.584632 
2497 -2.586715 
3198 -2.596920 
4394 -2.602056 
2297 -2.607617 
3552 -2.609209 
3803 -2.610176 
2536 -2.614397 
3635 -2.615377 
3888 -2.623221 
2451 -2.626944 
1486 -2.633904 
1876 -2.634852 
3135 -2.645617 
1976 -2.646950 
2979 -2.647622 
2180 -2.648329 
3788 -2.648453 
3930 -2.654243 
3975 -2.668978 
2684 -2.674888 
1818 -2.675820 
2040 -2.679906 
3567 -2.682393 
4003 -2.683302 
1236 -2.684319 
4147 -2.685318 
1243 -2.690419 
859 -2.694943 
4346 -2.700123 
3317 -2.702653 
3955 -2.704245 
523 -2.706381 
3359 -2.714980 
776 -2.715714 
3427 -2.719882 
3480 -2.722337 
4137 -2.732333 
3570 -2.745094 
4064 -2.746369 
2443 -2.747252 
2265 -2.751127 
3917 -2.757615 
2286 -2.761634 
1095 -2.763103 
3639 -2.766878 
901 -2.767547 
1574 -2.772217 
3849 -2.783787 
707 -2.789467 
3818 -2.790533 
2948 -2.799551 
3940 -2.802857 
2847 -2.816621 
1582 -2.835392 
3195 -2.868057 
743 -2.875433 
4191 -2.878567 
1448 -2.890525 
2194 -2.899166 
3740 -2.900566 
3896 -2.907155 
3724 -2.915219 
1370 -2.915811 
4258 -2.927736 
3755 -2.945475 
1152 -2.950343 
2302 -2.959731 
3259 -2.968122 
440 -2.978505 
860 -2.988997 
3714 -2.989234 
2289 -2.990032 
4026 -2.993950 
4208 -2.995400 
4020 -3.014424 
2060 -3.018323 
2263 -3.060588 
3312 -3.079418 
3996 -3.090989 
3977 -3.100775 
1065 -3.103038 
1180 -3.106592 
1090 -3.138101 
1056 -3.140176 
4063 -3.162576 
3675 -3.169026 
3148 -3.170925 
635 -3.214763 
935 -3.221339 
2139 -3.317551 
1187 -3.376620 
1244 -3.379969 
2007 -3.400239 
788 -3.441990 
1319 -3.501880 
2660 -3.503106 
116 -3.509221 
3231 -3.563570 
1864 -3.655439 
2916 -3.700643 
