2395 1
0 2.601393 
1 0.575791 
2 2.530693 
3 -1.197036 
4 -1.661770 
5 1.652400 
6 1.202972 
7 2.499832 
8 -1.273379 
9 -2.642529 
10 2.323281 
11 -1.990338 
12 0.877746 
13 2.888746 
14 -0.253670 
15 1.631198 
16 1.070175 
17 2.153115 
18 1.743903 
19 1.216662 
20 -2.880857 
21 2.132318 
22 -1.752266 
23 -1.541453 
24 -1.753930 
25 -2.716882 
26 1.488931 
27 2.290873 
28 -1.973773 
29 2.311417 
30 1.234878 
31 2.124309 
32 1.881127 
33 2.187382 
34 0.288502 
35 1.460062 
36 2.224630 
37 -2.871538 
38 1.353938 
39 0.364411 
40 2.605861 
41 2.654224 
42 -1.105850 
43 0.054190 
44 1.591253 
45 1.349104 
46 1.274548 
47 2.262115 
48 2.369340 
49 1.592280 
50 -2.329726 
51 -1.818605 
52 -3.166329 
53 -0.972138 
54 1.047738 
55 1.525365 
56 1.967079 
57 1.242221 
58 2.035754 
59 2.372312 
60 0.385116 
61 0.670260 
62 1.564671 
63 -2.838881 
64 0.005947 
65 2.517209 
66 1.548428 
67 2.026408 
68 1.328296 
69 3.119240 
70 -0.729101 
71 1.124167 
72 2.111097 
73 -1.747418 
74 0.397574 
75 2.220801 
76 -0.221880 
77 1.067668 
78 3.102866 
79 1.376599 
80 1.094447 
81 1.420078 
82 1.853501 
83 1.664767 
84 1.111528 
85 1.326286 
86 2.327246 
87 1.196118 
88 1.736019 
89 1.763897 
90 1.773750 
91 -1.740745 
92 1.914054 
93 1.373031 
94 1.434929 
95 1.832036 
96 0.952496 
97 1.498800 
98 1.397362 
99 1.904034 
100 1.975255 
101 2.043878 
102 0.564123 
103 1.451948 
104 2.039117 
105 1.395587 
106 0.957923 
107 1.345284 
108 1.651560 
109 0.599227 
110 1.506316 
111 1.826589 
112 1.206027 
113 1.686993 
114 1.894219 
115 0.869896 
116 2.284297 
117 1.852139 
118 1.769499 
119 0.400015 
120 -1.764122 
121 1.350786 
122 1.698582 
123 2.313329 
124 1.655187 
125 -2.337222 
126 -0.165508 
127 2.109264 
128 2.302194 
129 0.973305 
130 0.913416 
131 1.880533 
132 1.718240 
133 1.619413 
134 2.248609 
135 0.823346 
136 2.247115 
137 2.352628 
138 -0.183419 
139 2.117033 
140 2.005574 
141 1.642985 
142 1.810848 
143 1.528573 
144 2.239841 
145 -1.972768 
146 -0.693276 
147 -1.894695 
148 -0.693699 
149 1.634048 
150 3.055216 
151 0.262945 
152 2.135554 
153 2.194858 
154 1.530638 
155 0.705240 
156 1.349676 
157 2.151239 
158 2.164811 
159 1.405470 
160 2.039273 
161 2.295203 
162 0.123557 
163 1.215244 
164 -2.196322 
165 -0.780168 
166 1.730886 
167 2.320638 
168 1.015076 
169 1.907959 
170 1.860458 
171 1.521485 
172 0.784730 
173 1.661858 
174 1.379308 
175 2.575821 
176 2.113023 
177 1.264107 
178 1.379381 
179 1.368053 
180 1.729802 
181 0.989059 
182 1.892897 
183 1.496932 
184 1.755825 
185 1.260018 
186 2.098106 
187 0.993367 
188 1.850836 
189 1.750272 
190 1.723234 
191 0.904918 
192 2.575181 
193 1.463215 
194 1.264564 
195 0.543443 
196 3.954278 
197 0.444539 
198 0.291127 
199 -1.303044 
200 -1.971200 
201 1.814876 
202 2.221353 
203 -1.393533 
204 1.314712 
205 0.678956 
206 2.025383 
207 2.296479 
208 1.549487 
209 3.310874 
210 0.201781 
211 0.178996 
212 0.975950 
213 2.377111 
214 1.745796 
215 0.657124 
216 2.562696 
217 1.330750 
218 -1.724446 
219 0.198099 
220 0.988384 
221 2.848245 
222 1.382918 
223 0.762045 
224 -1.574903 
225 2.474519 
226 1.749875 
227 1.074274 
228 2.507386 
229 1.521686 
230 0.427522 
231 1.446550 
232 2.085738 
233 1.476727 
234 1.418462 
235 0.912560 
236 2.112953 
237 0.012662 
238 1.596600 
239 1.856520 
240 0.517053 
241 1.431605 
242 2.762539 
243 -1.566815 
244 -1.285220 
245 -1.469049 
246 -4.009002 
247 -1.360566 
248 2.839957 
249 -1.880851 
250 -1.587179 
251 -0.823603 
252 -2.657118 
253 2.199220 
254 0.064741 
255 1.340054 
256 -1.885531 
257 -2.390412 
258 2.131747 
259 -2.374649 
260 -2.602097 
261 -2.320288 
262 -2.667986 
263 -1.706100 
264 2.247727 
265 0.875583 
266 2.183377 
267 2.271922 
268 2.378323 
269 0.992081 
270 1.855585 
271 2.180086 
272 0.261540 
273 1.937740 
274 2.148923 
275 2.195391 
276 1.187322 
277 2.012844 
278 1.662006 
279 -1.692500 
280 -1.388699 
281 -4.009492 
282 -1.851196 
283 -0.656930 
284 2.200210 
285 -0.983598 
286 1.350324 
287 -2.481368 
288 0.155055 
289 -0.071804 
290 -2.245940 
291 -3.038033 
292 -0.846079 
293 2.050383 
294 1.677266 
295 2.229247 
296 2.518773 
297 -1.666924 
298 1.554620 
299 1.242966 
300 2.150639 
301 2.508575 
302 1.368910 
303 0.540795 
304 -0.523873 
305 0.893932 
306 1.880318 
307 3.174918 
308 -1.262932 
309 -1.859352 
310 -1.528864 
311 -3.657772 
312 1.983139 
313 2.484951 
314 -0.641406 
315 0.895557 
316 2.156685 
317 2.120606 
318 1.118154 
319 1.163684 
320 2.359045 
321 -1.815446 
322 -3.035735 
323 -1.917554 
324 -2.078860 
325 -2.117278 
326 -2.318837 
327 -1.917514 
328 -3.195603 
329 -2.639400 
330 -1.385150 
331 -1.911695 
332 -2.404552 
333 -1.146818 
334 -2.399344 
335 -2.441966 
336 -2.036237 
337 -1.862096 
338 -0.258760 
339 -3.377001 
340 -0.971844 
341 0.832042 
342 -2.278541 
343 2.828749 
344 0.358388 
345 3.472494 
346 0.555563 
347 1.682431 
348 3.402434 
349 0.340085 
350 1.392771 
351 -0.539252 
352 -0.531740 
353 1.286644 
354 3.931951 
355 -0.474735 
356 -0.279758 
357 1.328121 
358 -1.844899 
359 3.193475 
360 1.787893 
361 -0.422252 
362 1.846084 
363 1.941725 
364 2.061319 
365 1.441236 
366 2.192990 
367 0.889132 
368 2.567920 
369 -0.594951 
370 -2.373912 
371 0.175851 
372 -1.396485 
373 2.189128 
374 1.108606 
375 2.048925 
376 1.378601 
377 2.073015 
378 0.715017 
379 1.697767 
380 0.369329 
381 2.156965 
382 2.849955 
383 0.161667 
384 1.262786 
385 2.235276 
386 2.078427 
387 1.415852 
388 2.031420 
389 1.684532 
390 0.989749 
391 1.511708 
392 0.316339 
393 2.541191 
394 0.003472 
395 2.388988 
396 -0.782791 
397 1.796635 
398 -0.251665 
399 -3.327713 
400 -1.581752 
401 -2.239171 
402 -2.040548 
403 -1.713647 
404 -2.139436 
405 -1.730389 
406 -2.110631 
407 -2.224450 
408 -1.483561 
409 -1.481086 
410 -2.202163 
411 -2.247409 
412 -4.058750 
413 -0.119406 
414 -1.526369 
415 0.688334 
416 1.099064 
417 -2.065170 
418 -2.304838 
419 0.376900 
420 1.768193 
421 0.868080 
422 2.237273 
423 2.398561 
424 1.448513 
425 2.010233 
426 1.190735 
427 1.437550 
428 1.778447 
429 2.068499 
430 -1.923976 
431 -0.956963 
432 -2.164713 
433 -2.138375 
434 1.709981 
435 1.856163 
436 1.914837 
437 1.691688 
438 1.446437 
439 -2.049134 
440 -0.290317 
441 2.067725 
442 2.544934 
443 1.202717 
444 1.814046 
445 1.182889 
446 -2.164400 
447 1.958309 
448 1.602357 
449 1.373588 
450 1.335706 
451 1.523423 
452 -1.633082 
453 -1.142868 
454 -1.827640 
455 -2.602288 
456 -1.733987 
457 -3.393069 
458 1.020135 
459 -1.066046 
460 -2.336511 
461 -1.898797 
462 -1.314088 
463 -3.731794 
464 -3.247502 
465 -2.017134 
466 0.040025 
467 1.538863 
468 0.076709 
469 1.940602 
470 1.767447 
471 1.867413 
472 1.657695 
473 1.428057 
474 1.601138 
475 1.695480 
476 1.002931 
477 0.545279 
478 1.883012 
479 2.029021 
480 1.779397 
481 1.183043 
482 1.317470 
483 1.438257 
484 1.224309 
485 1.593027 
486 2.179602 
487 -0.626955 
488 0.451834 
489 -1.968625 
490 -1.938106 
491 1.664077 
492 2.170654 
493 1.069701 
494 1.102339 
495 -1.681772 
496 -1.982130 
497 -2.238246 
498 -1.610777 
499 0.343899 
500 -0.688481 
501 0.927111 
502 2.077303 
503 2.366958 
504 0.742143 
505 1.947790 
506 1.958554 
507 -0.680550 
508 0.290170 
509 1.361858 
510 1.530837 
511 2.018288 
512 2.617047 
513 0.563812 
514 0.834743 
515 -1.514937 
516 -2.242110 
517 -2.438781 
518 -1.580391 
519 -1.121173 
520 0.398127 
521 -1.899994 
522 -1.963999 
523 -1.941496 
524 -1.437495 
525 -1.908658 
526 -1.640438 
527 -1.413203 
528 -1.846630 
529 0.887097 
530 1.206753 
531 1.803299 
532 1.986784 
533 -0.625386 
534 0.386746 
535 -2.369865 
536 -2.274059 
537 1.405493 
538 1.500257 
539 -0.161243 
540 0.055051 
541 1.449365 
542 1.617435 
543 1.944108 
544 2.528167 
545 1.038858 
546 1.512195 
547 0.294150 
548 0.187171 
549 1.817439 
550 1.924570 
551 1.443395 
552 1.342605 
553 -1.515563 
554 -0.262630 
555 -2.625444 
556 -2.667853 
557 0.773298 
558 0.888555 
559 0.634343 
560 0.986880 
561 -1.517286 
562 -2.622870 
563 -2.085726 
564 -1.261979 
565 1.936344 
566 1.568041 
567 1.432557 
568 0.927439 
569 1.040100 
570 1.330744 
571 1.915856 
572 2.430622 
573 -1.873510 
574 -0.498048 
575 1.299795 
576 0.369393 
577 -1.864660 
578 -1.737631 
579 -2.666459 
580 -1.084271 
581 -1.511587 
582 -1.870246 
583 -2.081242 
584 -1.655795 
585 1.846124 
586 1.935329 
587 -0.070598 
588 0.327803 
589 -0.981554 
590 -0.272453 
591 3.618414 
592 2.102467 
593 0.866349 
594 1.187019 
595 1.196420 
596 1.942272 
597 0.307582 
598 0.309348 
599 -2.872346 
600 -1.610541 
601 -2.307760 
602 -2.066365 
603 0.845604 
604 1.367393 
605 1.782818 
606 1.798693 
607 0.378550 
608 0.344313 
609 -0.954535 
610 -0.373034 
611 3.516862 
612 2.293935 
613 -0.739091 
614 -0.170432 
615 -2.014365 
616 -3.711449 
617 0.585468 
618 0.956636 
619 0.800184 
620 0.359656 
621 2.036168 
622 2.388649 
623 0.962477 
624 0.453631 
625 1.807785 
626 1.805026 
627 1.356505 
628 1.896439 
629 1.683254 
630 1.640951 
631 0.527187 
632 0.491570 
633 1.594817 
634 1.509047 
635 1.849581 
636 2.063120 
637 1.185558 
638 1.224476 
639 1.295175 
640 1.711120 
641 1.403423 
642 1.455631 
643 0.995321 
644 1.333652 
645 1.570636 
646 1.858937 
647 1.019541 
648 0.582244 
649 0.581236 
650 1.046265 
651 3.001302 
652 2.132785 
653 1.479910 
654 1.540568 
655 0.205047 
656 0.403282 
657 1.833085 
658 1.784470 
659 1.277160 
660 1.431734 
661 1.575828 
662 1.591012 
663 1.179617 
664 1.280540 
665 1.540426 
666 1.216288 
667 1.564367 
668 2.368813 
669 1.034246 
670 1.798704 
671 0.674304 
672 0.903198 
673 1.436233 
674 2.188804 
675 1.523137 
676 1.206565 
677 1.909122 
678 1.920852 
679 0.273639 
680 0.710312 
681 1.915878 
682 2.038715 
683 0.994886 
684 0.946879 
685 1.692598 
686 1.652800 
687 1.383275 
688 1.721790 
689 0.879307 
690 1.048093 
691 1.970743 
692 1.992832 
693 1.175625 
694 1.541366 
695 0.738114 
696 1.012977 
697 1.921745 
698 1.567362 
699 1.239252 
700 1.844208 
701 1.512543 
702 1.611164 
703 -1.419127 
704 -2.276183 
705 -2.147206 
706 -0.829254 
707 1.880509 
708 1.973238 
709 -2.267337 
710 -0.709357 
711 1.814236 
712 1.945465 
713 1.319038 
714 1.818789 
715 1.023198 
716 0.345824 
717 2.008368 
718 1.931825 
719 -1.632961 
720 -1.269776 
721 -1.799480 
722 -1.883188 
723 1.613072 
724 1.478923 
725 1.023450 
726 1.104746 
727 2.241735 
728 1.614805 
729 1.424556 
730 1.437571 
731 1.177559 
732 1.207693 
733 1.585071 
734 1.715775 
735 1.272378 
736 0.863470 
737 1.057098 
738 1.514802 
739 2.145431 
740 2.239028 
741 0.595959 
742 0.781395 
743 1.688760 
744 1.230801 
745 1.465344 
746 1.832256 
747 1.357185 
748 0.794578 
749 1.724118 
750 2.125548 
751 0.804813 
752 0.752961 
753 1.676819 
754 1.728570 
755 -1.596889 
756 -1.386402 
757 -1.673856 
758 -1.729647 
759 -2.018390 
760 -1.268213 
761 -1.613148 
762 -1.690213 
763 1.883286 
764 1.821848 
765 0.099604 
766 0.304958 
767 2.442724 
768 2.278350 
769 1.210094 
770 1.533100 
771 -0.329227 
772 -0.318538 
773 2.148373 
774 1.199014 
775 1.960739 
776 1.014091 
777 0.948398 
778 1.295456 
779 2.213173 
780 2.128226 
781 1.048337 
782 1.140721 
783 1.100119 
784 1.004848 
785 1.849954 
786 1.766752 
787 1.032600 
788 1.999028 
789 0.688436 
790 0.439618 
791 -2.353146 
792 -2.221747 
793 -0.832516 
794 -1.755520 
795 1.979919 
796 1.468945 
797 1.572955 
798 1.554563 
799 0.838112 
800 1.154392 
801 1.397435 
802 1.430721 
803 1.798148 
804 2.229888 
805 0.821269 
806 1.103218 
807 1.494921 
808 1.149502 
809 1.486021 
810 1.920836 
811 1.224490 
812 0.743050 
813 0.933330 
814 1.155637 
815 2.253719 
816 2.400480 
817 1.073355 
818 0.986936 
819 0.826927 
820 1.070079 
821 1.552395 
822 1.756804 
823 1.302156 
824 1.335294 
825 1.337198 
826 1.358928 
827 1.652183 
828 1.136272 
829 1.217728 
830 1.401965 
831 1.767578 
832 1.518282 
833 1.637398 
834 1.470611 
835 0.825715 
836 1.005362 
837 1.707400 
838 2.410830 
839 0.280838 
840 0.220090 
841 1.837385 
842 1.752107 
843 1.517856 
844 1.802619 
845 1.409800 
846 1.267944 
847 1.336767 
848 1.551854 
849 1.729231 
850 1.184750 
851 1.408378 
852 1.137917 
853 0.672285 
854 0.912477 
855 2.610461 
856 1.982692 
857 1.311862 
858 1.215719 
859 1.414039 
860 2.264476 
861 -1.238729 
862 -1.990223 
863 -1.697385 
864 -1.032636 
865 -2.405469 
866 -2.416195 
867 0.488244 
868 0.037876 
869 2.052642 
870 1.629429 
871 -1.825299 
872 -3.668239 
873 -0.945682 
874 -1.514242 
875 1.822121 
876 0.785110 
877 1.883632 
878 2.124097 
879 -1.678526 
880 -0.842725 
881 1.961372 
882 1.790276 
883 1.149134 
884 1.982476 
885 2.092064 
886 1.340908 
887 -0.487759 
888 -0.181370 
889 1.589132 
890 1.207063 
891 2.371896 
892 2.438114 
893 1.334471 
894 0.899811 
895 0.596216 
896 1.874162 
897 1.319788 
898 1.394259 
899 1.636218 
900 0.988730 
901 2.048926 
902 1.452091 
903 1.223293 
904 2.315501 
905 -1.739525 
906 -1.289309 
907 -2.140029 
908 -1.696234 
909 0.425547 
910 0.868368 
911 2.475417 
912 2.772764 
913 0.668234 
914 1.619449 
915 0.074642 
916 -0.377237 
917 2.465103 
918 2.221962 
919 -1.004078 
920 -0.269713 
921 -2.141739 
922 -2.394052 
923 1.740541 
924 1.311538 
925 0.966562 
926 1.456012 
927 1.810127 
928 1.604318 
929 1.281719 
930 0.740574 
931 1.856401 
932 1.985965 
933 0.581243 
934 0.988540 
935 2.091824 
936 1.669594 
937 1.250659 
938 1.713933 
939 1.137984 
940 0.751572 
941 1.414521 
942 1.485686 
943 1.902257 
944 2.673268 
945 0.882890 
946 0.333614 
947 1.441271 
948 0.994726 
949 1.712441 
950 1.837905 
951 1.363872 
952 0.859352 
953 -1.666516 
954 -1.548915 
955 -2.312555 
956 -2.203565 
957 -1.792150 
958 -1.783440 
959 -1.090176 
960 -0.377969 
961 2.287271 
962 2.052420 
963 0.913869 
964 1.847782 
965 0.178911 
966 1.457384 
967 -2.678138 
968 -2.950788 
969 -1.281225 
970 -1.436003 
971 -1.550645 
972 -1.060578 
973 2.157739 
974 1.687843 
975 0.918818 
976 1.834928 
977 -2.665597 
978 -1.691874 
979 -0.222268 
980 -1.119615 
981 -0.989112 
982 -0.119236 
983 -3.375639 
984 -2.098326 
985 -1.404420 
986 -1.496796 
987 -1.576263 
988 -2.502053 
989 -0.160449 
990 -0.346763 
991 2.281511 
992 1.866950 
993 1.179516 
994 1.220632 
995 1.398989 
996 1.715760 
997 0.899778 
998 0.302639 
999 2.338174 
1000 2.097678 
1001 1.499155 
1002 1.428835 
1003 -0.224817 
1004 0.879606 
1005 -0.959198 
1006 0.032499 
1007 3.381854 
1008 1.862896 
1009 1.321964 
1010 0.876474 
1011 1.397210 
1012 1.551608 
1013 1.230754 
1014 1.292254 
1015 1.484529 
1016 2.406150 
1017 -1.464569 
1018 -1.512277 
1019 -1.684150 
1020 -1.727147 
1021 -1.718057 
1022 -1.358488 
1023 -2.046489 
1024 -2.032983 
1025 -1.400654 
1026 -1.282882 
1027 1.477861 
1028 2.152165 
1029 1.378695 
1030 1.612685 
1031 -0.407222 
1032 -0.001586 
1033 -2.536494 
1034 -1.918126 
1035 -1.511160 
1036 -0.692474 
1037 -2.305781 
1038 -2.251094 
1039 0.214352 
1040 1.233649 
1041 -0.317818 
1042 -0.310646 
1043 -3.304943 
1044 -2.356780 
1045 -0.735788 
1046 -1.063486 
1047 -1.861571 
1048 -1.102374 
1049 -1.261526 
1050 -1.503755 
1051 2.008409 
1052 1.992207 
1053 0.760768 
1054 1.013698 
1055 1.768305 
1056 1.572179 
1057 0.846686 
1058 1.021530 
1059 1.957262 
1060 1.724675 
1061 1.472407 
1062 1.754331 
1063 -0.381559 
1064 0.697620 
1065 -2.050807 
1066 -2.041305 
1067 -1.586961 
1068 -0.621180 
1069 1.846027 
1070 1.827588 
1071 1.035912 
1072 2.715407 
1073 -0.371558 
1074 0.086349 
1075 2.086170 
1076 1.359605 
1077 1.629575 
1078 2.321652 
1079 0.053398 
1080 0.337300 
1081 -1.987879 
1082 -2.008459 
1083 -1.865875 
1084 -1.635871 
1085 1.544082 
1086 1.040096 
1087 1.703981 
1088 1.551430 
1089 1.634681 
1090 1.543007 
1091 1.124535 
1092 2.073764 
1093 0.292820 
1094 0.375095 
1095 2.419263 
1096 1.886192 
1097 0.735020 
1098 1.213032 
1099 1.736768 
1100 2.491133 
1101 -0.633562 
1102 -0.011949 
1103 2.385859 
1104 1.869888 
1105 2.047742 
1106 1.904819 
1107 -0.218393 
1108 0.423249 
1109 -1.574802 
1110 -1.521071 
1111 -2.520319 
1112 -1.719094 
1113 -1.384145 
1114 -1.358598 
1115 -1.959433 
1116 -1.763152 
1117 -1.943277 
1118 -2.307630 
1119 -1.292207 
1120 -0.841233 
1121 -2.247039 
1122 -2.191792 
1123 -0.953822 
1124 -1.664936 
1125 -1.307243 
1126 -1.296425 
1127 -2.378603 
1128 -2.308886 
1129 -1.296974 
1130 -1.218948 
1131 -2.179434 
1132 -2.433823 
1133 -1.469200 
1134 -2.126931 
1135 -1.170662 
1136 -1.041596 
1137 -1.955459 
1138 -2.301374 
1139 -1.033298 
1140 -2.102679 
1141 2.772695 
1142 1.090626 
1143 -0.167859 
1144 0.731231 
1145 -2.126402 
1146 -2.247510 
1147 -1.372657 
1148 -1.744679 
1149 1.665987 
1150 1.630385 
1151 1.691482 
1152 1.777951 
1153 1.430042 
1154 1.755463 
1155 1.254469 
1156 1.527333 
1157 2.139824 
1158 1.571402 
1159 0.100616 
1160 0.643134 
1161 1.995371 
1162 2.128381 
1163 -0.752006 
1164 -0.136466 
1165 2.829605 
1166 1.404752 
1167 -1.743190 
1168 -1.632006 
1169 0.638435 
1170 0.187061 
1171 2.804351 
1172 1.858949 
1173 -1.795215 
1174 -1.444692 
1175 1.156791 
1176 2.241945 
1177 -1.321203 
1178 -1.161176 
1179 2.049859 
1180 0.909545 
1181 0.742353 
1182 1.456612 
1183 2.307435 
1184 2.122215 
1185 0.479793 
1186 0.933216 
1187 -2.060152 
1188 -1.580455 
1189 1.620768 
1190 0.912187 
1191 1.757411 
1192 1.905382 
1193 0.975452 
1194 1.064939 
1195 1.586780 
1196 1.820708 
1197 -0.880586 
1198 -0.380132 
1199 2.423687 
1200 2.650950 
1201 0.407229 
1202 -0.289664 
1203 -1.796060 
1204 -2.429754 
1205 -1.769692 
1206 -1.599281 
1207 -0.947629 
1208 -0.744633 
1209 -2.090715 
1210 -1.933056 
1211 1.378529 
1212 1.111567 
1213 1.222400 
1214 1.281049 
1215 2.048776 
1216 1.702088 
1217 1.395921 
1218 1.761145 
1219 0.950181 
1220 0.920199 
1221 1.376532 
1222 0.803841 
1223 2.058481 
1224 3.019004 
1225 0.468856 
1226 0.527361 
1227 1.226712 
1228 0.461502 
1229 1.620401 
1230 1.594332 
1231 1.632365 
1232 2.413461 
1233 0.701324 
1234 0.057656 
1235 2.004573 
1236 2.635783 
1237 0.084915 
1238 0.410244 
1239 1.942845 
1240 1.068668 
1241 1.273506 
1242 1.423559 
1243 1.697565 
1244 2.419285 
1245 1.130262 
1246 0.979201 
1247 1.280420 
1248 0.983526 
1249 1.788252 
1250 2.094782 
1251 0.470755 
1252 1.689631 
1253 -2.224836 
1254 -1.287121 
1255 1.875711 
1256 2.559221 
1257 -1.237504 
1258 -1.642035 
1259 -2.112292 
1260 -1.827710 
1261 1.788484 
1262 1.851138 
1263 0.703559 
1264 0.857249 
1265 -2.037802 
1266 -1.652356 
1267 -1.698847 
1268 -1.590115 
1269 -1.548072 
1270 -2.136519 
1271 -1.474315 
1272 -1.815744 
1273 -1.477934 
1274 -1.467879 
1275 -1.827394 
1276 -1.193747 
1277 -2.107975 
1278 -2.191053 
1279 -1.826356 
1280 -2.089043 
1281 -1.685773 
1282 -1.723927 
1283 -1.539128 
1284 -1.303880 
1285 -1.791602 
1286 -1.772856 
1287 -1.592658 
1288 -1.962301 
1289 -1.705096 
1290 -1.140929 
1291 -1.938351 
1292 -1.678267 
1293 -1.959461 
1294 -1.144054 
1295 -1.652189 
1296 -3.568776 
1297 -1.709645 
1298 -1.095279 
1299 0.539124 
1300 0.446889 
1301 1.286469 
1302 1.701926 
1303 -2.975476 
1304 -1.382974 
1305 -1.700006 
1306 -1.857007 
1307 -2.058168 
1308 -3.447473 
1309 0.118810 
1310 -0.038925 
1311 1.220734 
1312 0.916576 
1313 1.783423 
1314 2.292346 
1315 0.755350 
1316 0.710351 
1317 1.919593 
1318 1.950950 
1319 0.801383 
1320 0.918149 
1321 1.665212 
1322 1.841983 
1323 1.068078 
1324 0.980854 
1325 1.664305 
1326 1.740421 
1327 1.228369 
1328 1.116369 
1329 1.263045 
1330 1.717271 
1331 -1.658880 
1332 -1.610423 
1333 -1.086535 
1334 -1.290952 
1335 -2.744834 
1336 -2.323920 
1337 1.298116 
1338 1.338817 
1339 0.951083 
1340 1.086294 
1341 1.474687 
1342 1.525067 
1343 1.622021 
1344 1.692665 
1345 1.822251 
1346 1.417113 
1347 -1.266676 
1348 -1.347177 
1349 -2.167881 
1350 -2.147407 
1351 1.081270 
1352 2.412553 
1353 -1.266390 
1354 -1.231951 
1355 2.116032 
1356 1.075955 
1357 1.735001 
1358 1.829310 
1359 0.972120 
1360 0.643787 
1361 0.746512 
1362 0.856350 
1363 2.609661 
1364 2.917991 
1365 0.224759 
1366 -0.226704 
1367 1.142413 
1368 1.075523 
1369 1.607603 
1370 1.693154 
1371 1.335673 
1372 1.576669 
1373 1.466039 
1374 1.431701 
1375 1.353441 
1376 2.335140 
1377 -1.691755 
1378 -1.756181 
1379 -1.150635 
1380 -0.509976 
1381 -2.084983 
1382 -2.085477 
1383 -1.636621 
1384 -1.862236 
1385 -2.212975 
1386 -1.806838 
1387 0.137340 
1388 -0.643140 
1389 -1.112124 
1390 -0.273264 
1391 -3.960099 
1392 -2.072965 
1393 -1.976930 
1394 -1.826875 
1395 -0.776564 
1396 -0.972517 
1397 -1.892858 
1398 -2.060203 
1399 -1.506386 
1400 -1.662510 
1401 -2.006095 
1402 -2.101931 
1403 -0.399496 
1404 -0.339331 
1405 -1.803545 
1406 -2.008884 
1407 2.604591 
1408 2.398521 
1409 0.484733 
1410 -0.826191 
1411 2.679018 
1412 1.386627 
1413 1.733122 
1414 1.729478 
1415 0.980798 
1416 1.363055 
1417 1.533321 
1418 1.132871 
1419 2.034115 
1420 1.738989 
1421 0.706551 
1422 1.380840 
1423 2.018916 
1424 2.096916 
1425 0.682065 
1426 1.112662 
1427 1.866004 
1428 2.230065 
1429 1.358634 
1430 1.420578 
1431 1.298695 
1432 0.670008 
1433 2.007948 
1434 1.918804 
1435 1.041906 
1436 1.737626 
1437 1.268861 
1438 1.721585 
1439 1.378573 
1440 1.299652 
1441 -0.732349 
1442 0.086167 
1443 -2.825128 
1444 -3.143744 
1445 1.246766 
1446 0.972969 
1447 0.730850 
1448 0.531812 
1449 2.065593 
1450 1.920467 
1451 0.633156 
1452 0.911144 
1453 -1.783996 
1454 -1.616460 
1455 -1.789815 
1456 -2.687987 
1457 -1.236338 
1458 -0.241103 
1459 -1.849518 
1460 -2.151322 
1461 -0.025168 
1462 0.176401 
1463 2.364104 
1464 2.301676 
1465 -1.260901 
1466 -0.146527 
1467 1.741111 
1468 1.095679 
1469 1.794542 
1470 1.857773 
1471 0.393010 
1472 0.853608 
1473 -1.818344 
1474 -1.603023 
1475 -2.097124 
1476 -3.302231 
1477 -0.355465 
1478 -0.049400 
1479 -1.535133 
1480 -1.558631 
1481 -0.889014 
1482 -0.945604 
1483 -2.913311 
1484 -1.841169 
1485 -1.662829 
1486 -1.618929 
1487 1.011220 
1488 0.822879 
1489 1.920285 
1490 2.031861 
1491 0.341984 
1492 0.205144 
1493 1.003174 
1494 1.188424 
1495 2.691307 
1496 2.197843 
1497 -0.136706 
1498 0.109263 
1499 2.082555 
1500 1.852375 
1501 0.941470 
1502 1.033003 
1503 1.809552 
1504 1.929239 
1505 1.537137 
1506 1.646027 
1507 0.375116 
1508 0.175081 
1509 2.019000 
1510 2.200632 
1511 0.562099 
1512 0.391514 
1513 0.067381 
1514 0.299017 
1515 3.620277 
1516 2.101024 
1517 0.383818 
1518 0.915234 
1519 -1.943621 
1520 -3.189472 
1521 -2.060451 
1522 -1.045223 
1523 1.031493 
1524 0.447390 
1525 0.503797 
1526 0.557806 
1527 2.950062 
1528 2.719953 
1529 0.713712 
1530 0.876542 
1531 -0.689372 
1532 -0.357368 
1533 0.603079 
1534 -0.131739 
1535 -3.934675 
1536 -2.277466 
1537 -1.902785 
1538 -1.969232 
1539 -0.146486 
1540 -0.710833 
1541 1.195274 
1542 1.102364 
1543 2.546186 
1544 3.425862 
1545 -0.222703 
1546 0.271033 
1547 -0.052169 
1548 -0.125117 
1549 2.614512 
1550 1.576265 
1551 0.795858 
1552 0.833013 
1553 2.000227 
1554 2.305974 
1555 -0.025623 
1556 -0.098411 
1557 -1.876444 
1558 -2.254202 
1559 -2.192434 
1560 -1.649447 
1561 0.839270 
1562 0.654346 
1563 2.521782 
1564 2.258452 
1565 0.837537 
1566 1.937576 
1567 -0.796605 
1568 -0.319601 
1569 0.397512 
1570 -0.625041 
1571 -4.075149 
1572 -3.098822 
1573 -1.232310 
1574 -1.207656 
1575 0.220717 
1576 0.154400 
1577 1.083519 
1578 1.962829 
1579 2.212356 
1580 1.917605 
1581 1.198883 
1582 1.227807 
1583 1.593408 
1584 1.375330 
1585 0.502057 
1586 0.884007 
1587 2.605297 
1588 2.137672 
1589 0.730641 
1590 0.857321 
1591 1.581970 
1592 1.294494 
1593 1.732255 
1594 1.691439 
1595 1.046078 
1596 1.156756 
1597 1.310841 
1598 1.461785 
1599 1.636681 
1600 1.582802 
1601 1.578625 
1602 1.684348 
1603 0.913787 
1604 1.871598 
1605 -1.559070 
1606 -0.253734 
1607 -2.743834 
1608 -1.630523 
1609 1.440237 
1610 1.508851 
1611 1.467697 
1612 1.655445 
1613 0.488355 
1614 0.618475 
1615 2.593447 
1616 1.862405 
1617 1.454476 
1618 1.527228 
1619 0.588804 
1620 0.421747 
1621 2.009737 
1622 1.999165 
1623 0.707810 
1624 1.512480 
1625 1.972647 
1626 1.442873 
1627 0.605831 
1628 0.252349 
1629 2.031403 
1630 1.982558 
1631 0.958205 
1632 2.225233 
1633 1.710276 
1634 1.443667 
1635 0.813824 
1636 0.726199 
1637 0.970960 
1638 1.081004 
1639 3.073397 
1640 1.638554 
1641 0.738709 
1642 1.010034 
1643 2.448443 
1644 1.765568 
1645 1.315131 
1646 1.373776 
1647 1.158264 
1648 1.301263 
1649 1.480871 
1650 1.635090 
1651 1.349712 
1652 1.439945 
1653 1.002837 
1654 0.889395 
1655 2.108389 
1656 2.195016 
1657 1.429408 
1658 1.206738 
1659 0.816994 
1660 1.085122 
1661 -1.610842 
1662 -1.124960 
1663 -2.461108 
1664 -3.068198 
1665 0.786506 
1666 0.932024 
1667 -1.369615 
1668 -0.399094 
1669 1.639855 
1670 0.807176 
1671 2.340393 
1672 3.059531 
1673 0.209160 
1674 0.000989 
1675 1.117665 
1676 0.766975 
1677 -1.933151 
1678 -2.661959 
1679 -1.304687 
1680 -1.234174 
1681 1.552203 
1682 2.222131 
1683 0.993564 
1684 1.104781 
1685 1.444715 
1686 1.288739 
1687 2.007231 
1688 1.229211 
1689 1.089249 
1690 1.668648 
1691 1.491815 
1692 1.775637 
1693 1.192842 
1694 1.842405 
1695 1.052421 
1696 0.905831 
1697 1.683668 
1698 1.624428 
1699 1.237713 
1700 1.951163 
1701 1.042419 
1702 2.287422 
1703 -0.081612 
1704 -0.186254 
1705 1.904430 
1706 2.292658 
1707 0.782088 
1708 0.768277 
1709 1.267059 
1710 1.332124 
1711 2.097294 
1712 1.893197 
1713 -1.369370 
1714 -1.571143 
1715 -1.576373 
1716 -1.412406 
1717 -1.610778 
1718 -1.749269 
1719 -1.920991 
1720 -2.130095 
1721 1.717939 
1722 1.650109 
1723 0.451014 
1724 0.300366 
1725 1.401111 
1726 1.359252 
1727 2.050587 
1728 2.502020 
1729 -0.040306 
1730 -0.610050 
1731 2.041883 
1732 2.590181 
1733 0.818053 
1734 0.692652 
1735 1.421193 
1736 0.948655 
1737 1.519804 
1738 1.449918 
1739 1.740725 
1740 1.430627 
1741 0.929631 
1742 1.095478 
1743 2.058968 
1744 2.762885 
1745 0.614083 
1746 0.443648 
1747 1.387629 
1748 1.278437 
1749 -2.032657 
1750 -2.477785 
1751 -0.103563 
1752 -0.372533 
1753 0.774300 
1754 0.312982 
1755 3.127542 
1756 2.770774 
1757 0.579066 
1758 0.333443 
1759 1.077953 
1760 1.330451 
1761 1.098444 
1762 1.165712 
1763 2.135487 
1764 1.808775 
1765 1.311098 
1766 1.913003 
1767 0.729326 
1768 0.696291 
1769 1.850321 
1770 1.700045 
1771 1.118327 
1772 1.209606 
1773 1.824240 
1774 1.795876 
1775 0.604820 
1776 0.821213 
1777 1.032412 
1778 1.140009 
1779 2.394516 
1780 2.242443 
1781 0.882916 
1782 0.610598 
1783 1.604536 
1784 1.302275 
1785 1.384332 
1786 1.885469 
1787 1.079538 
1788 0.974387 
1789 1.681554 
1790 1.694265 
1791 1.260154 
1792 1.136583 
1793 1.164536 
1794 1.552103 
1795 1.859287 
1796 1.579872 
1797 1.219527 
1798 1.316527 
1799 1.575110 
1800 1.145503 
1801 1.615345 
1802 1.755978 
1803 1.203966 
1804 1.235580 
1805 1.673027 
1806 1.580416 
1807 1.162440 
1808 2.067029 
1809 1.427507 
1810 1.705532 
1811 0.423185 
1812 0.665790 
1813 1.673501 
1814 1.573970 
1815 1.771376 
1816 1.696768 
1817 1.479906 
1818 2.008996 
1819 -0.323209 
1820 -0.840595 
1821 0.725967 
1822 0.800979 
1823 -4.011734 
1824 -2.105886 
1825 1.394474 
1826 1.069845 
1827 1.143501 
1828 1.834218 
1829 -2.215636 
1830 -2.308594 
1831 -0.501235 
1832 -0.755682 
1833 1.673294 
1834 1.362530 
1835 2.352369 
1836 1.926622 
1837 -1.195778 
1838 -0.655215 
1839 2.169535 
1840 2.039900 
1841 0.700940 
1842 1.545988 
1843 1.140163 
1844 1.819080 
1845 -0.185087 
1846 0.286511 
1847 2.897171 
1848 1.749075 
1849 1.120719 
1850 1.602211 
1851 1.114682 
1852 1.597275 
1853 1.635193 
1854 1.951390 
1855 0.305253 
1856 -0.054428 
1857 2.073762 
1858 1.631656 
1859 1.880260 
1860 1.534428 
1861 1.848773 
1862 1.726844 
1863 -0.865246 
1864 -2.230100 
1865 -1.369473 
1866 -0.653145 
1867 3.097710 
1868 1.279082 
1869 2.273058 
1870 1.581001 
1871 0.167562 
1872 -0.347641 
1873 -1.071437 
1874 -1.802942 
1875 3.242083 
1876 2.183344 
1877 1.231914 
1878 1.045560 
1879 -2.820571 
1880 -0.732598 
1881 1.569444 
1882 1.300545 
1883 2.318009 
1884 2.062897 
1885 1.249363 
1886 1.383081 
1887 0.912133 
1888 0.937439 
1889 1.927667 
1890 1.850844 
1891 0.990334 
1892 0.860917 
1893 1.611973 
1894 1.676199 
1895 1.666624 
1896 1.674058 
1897 1.323357 
1898 1.075436 
1899 1.895970 
1900 1.449147 
1901 1.713215 
1902 1.781035 
1903 0.538335 
1904 0.167411 
1905 1.386895 
1906 2.359809 
1907 1.711630 
1908 0.876299 
1909 1.255373 
1910 1.510803 
1911 -2.381500 
1912 -1.403692 
1913 -1.957073 
1914 -2.177713 
1915 -1.214802 
1916 -2.027031 
1917 -1.368048 
1918 -0.404180 
1919 2.570534 
1920 2.185938 
1921 0.975644 
1922 1.777423 
1923 -1.151273 
1924 -1.112941 
1925 -2.178118 
1926 -2.279845 
1927 -2.007521 
1928 -1.030870 
1929 -0.725879 
1930 -1.787491 
1931 2.672653 
1932 2.009231 
1933 -0.489488 
1934 -0.123885 
1935 -2.303314 
1936 -2.387797 
1937 -1.400961 
1938 -0.654001 
1939 -1.858020 
1940 -1.399390 
1941 -2.008703 
1942 -0.973526 
1943 -1.829450 
1944 -2.330530 
1945 -1.647597 
1946 -1.623612 
1947 -0.183687 
1948 -0.661826 
1949 1.851804 
1950 2.404083 
1951 0.678256 
1952 -0.169956 
1953 1.918776 
1954 2.100161 
1955 0.895854 
1956 1.170903 
1957 2.089534 
1958 1.545213 
1959 0.719929 
1960 2.072405 
1961 -2.352099 
1962 -2.002412 
1963 -1.804114 
1964 -0.325274 
1965 2.115289 
1966 1.677280 
1967 1.131582 
1968 1.322347 
1969 1.135326 
1970 1.233097 
1971 1.882325 
1972 2.258625 
1973 1.233550 
1974 1.312296 
1975 -1.401425 
1976 -1.366037 
1977 -1.945065 
1978 -1.623396 
1979 -2.067971 
1980 -2.855806 
1981 -1.233510 
1982 -1.887565 
1983 0.810459 
1984 0.280934 
1985 2.057892 
1986 1.590260 
1987 1.605958 
1988 2.212283 
1989 -0.818264 
1990 -1.868237 
1991 -2.047929 
1992 -0.974833 
1993 -1.669524 
1994 -2.191344 
1995 -2.706028 
1996 -1.395598 
1997 1.676066 
1998 1.595460 
1999 1.706573 
2000 1.895898 
2001 -1.519257 
2002 -1.328261 
2003 -1.740407 
2004 -1.749663 
2005 -1.252783 
2006 -1.430241 
2007 -2.102853 
2008 -1.591873 
2009 1.651461 
2010 1.607886 
2011 1.373563 
2012 1.412142 
2013 1.655085 
2014 1.389552 
2015 1.409683 
2016 1.337165 
2017 1.589298 
2018 1.531604 
2019 1.217138 
2020 1.552167 
2021 1.557560 
2022 1.259522 
2023 1.544895 
2024 1.790820 
2025 0.013348 
2026 -0.009430 
2027 2.659152 
2028 2.272548 
2029 1.548551 
2030 1.458395 
2031 -0.139705 
2032 -0.562477 
2033 1.351760 
2034 1.277729 
2035 2.458843 
2036 2.153472 
2037 0.049265 
2038 0.413911 
2039 -2.488391 
2040 -1.298166 
2041 -1.894459 
2042 -2.027562 
2043 1.969679 
2044 3.726506 
2045 -0.243701 
2046 0.295817 
2047 -0.448238 
2048 -0.550844 
2049 1.867197 
2050 1.947259 
2051 1.126246 
2052 1.235949 
2053 1.464907 
2054 1.880473 
2055 1.079546 
2056 1.517387 
2057 1.949422 
2058 1.769036 
2059 -1.065589 
2060 -0.394408 
2061 -2.384640 
2062 -1.700237 
2063 -2.916032 
2064 -1.550907 
2065 -1.952063 
2066 -1.910267 
2067 -2.258464 
2068 -1.833895 
2069 -1.212852 
2070 -1.426671 
2071 -1.823480 
2072 -1.580952 
2073 -1.853781 
2074 -2.014185 
2075 -1.363372 
2076 -2.131443 
2077 -2.210957 
2078 -1.353186 
2079 -2.141093 
2080 -2.395627 
2081 -1.138042 
2082 -1.288372 
2083 -1.696361 
2084 -1.570866 
2085 -1.691938 
2086 -1.833137 
2087 -2.044454 
2088 -1.540134 
2089 -1.768777 
2090 -1.959381 
2091 -1.858273 
2092 -2.104489 
2093 -1.468051 
2094 -1.368945 
2095 -2.118501 
2096 -2.110974 
2097 -1.900088 
2098 -2.275158 
2099 0.195264 
2100 -0.112855 
2101 0.629881 
2102 0.790622 
2103 -3.800493 
2104 -2.374440 
2105 -1.263353 
2106 -1.408763 
2107 1.319515 
2108 1.697432 
2109 1.214387 
2110 1.174872 
2111 2.144063 
2112 1.643263 
2113 0.959160 
2114 0.819776 
2115 1.937873 
2116 3.276462 
2117 0.523542 
2118 0.953353 
2119 0.204186 
2120 1.392659 
2121 -2.555781 
2122 -2.100035 
2123 0.707331 
2124 0.480613 
2125 0.168120 
2126 -0.638162 
2127 3.873193 
2128 1.874879 
2129 1.141670 
2130 1.190790 
2131 -1.669789 
2132 -2.145309 
2133 0.192292 
2134 -0.561238 
2135 -3.065444 
2136 -2.773505 
2137 0.560430 
2138 0.562220 
2139 1.281993 
2140 1.337648 
2141 1.812819 
2142 1.760144 
2143 0.623463 
2144 1.856966 
2145 -2.135206 
2146 -1.238515 
2147 1.965483 
2148 0.716683 
2149 1.729459 
2150 1.784745 
2151 1.055018 
2152 0.842587 
2153 2.122169 
2154 1.999720 
2155 -0.632788 
2156 -0.278011 
2157 1.989123 
2158 2.314022 
2159 0.002452 
2160 -0.189976 
2161 -1.909499 
2162 -1.795404 
2163 -2.468307 
2164 -2.502120 
2165 -1.327681 
2166 -1.304211 
2167 -1.843590 
2168 -1.657455 
2169 1.517608 
2170 1.533153 
2171 1.354657 
2172 1.412357 
2173 1.361083 
2174 1.347068 
2175 1.683546 
2176 2.251248 
2177 1.270266 
2178 1.367718 
2179 1.188189 
2180 0.561884 
2181 1.799605 
2182 2.035065 
2183 0.675773 
2184 -0.019777 
2185 1.237342 
2186 1.722572 
2187 2.257826 
2188 1.779813 
2189 1.214065 
2190 1.924526 
2191 -1.260326 
2192 -1.175530 
2193 2.229968 
2194 2.209497 
2195 -0.007408 
2196 0.459653 
2197 1.599764 
2198 1.643656 
2199 1.746312 
2200 1.050722 
2201 1.765515 
2202 1.783431 
2203 0.632647 
2204 0.900642 
2205 1.201121 
2206 0.924846 
2207 2.454354 
2208 2.089805 
2209 1.277194 
2210 1.332125 
2211 -1.195554 
2212 -0.229389 
2213 2.240723 
2214 1.954867 
2215 0.276011 
2216 0.999069 
2217 -2.116785 
2218 -1.998590 
2219 1.853169 
2220 1.081456 
2221 1.811728 
2222 1.972504 
2223 -0.806142 
2224 -1.225412 
2225 0.186665 
2226 0.106274 
2227 -3.384599 
2228 -2.322380 
2229 -1.588328 
2230 -1.020327 
2231 -1.263638 
2232 -1.897856 
2233 -1.284420 
2234 -1.228717 
2235 -2.153829 
2236 -1.227881 
2237 -1.795737 
2238 -1.839276 
2239 -1.464610 
2240 -1.804643 
2241 -1.184698 
2242 -1.409446 
2243 -2.512354 
2244 -1.813964 
2245 -1.806252 
2246 -1.785549 
2247 -1.174403 
2248 -1.156524 
2249 -1.894281 
2250 -1.778401 
2251 -2.132671 
2252 -1.231722 
2253 -2.187952 
2254 -2.120435 
2255 -0.976910 
2256 -2.581610 
2257 1.761378 
2258 1.684851 
2259 1.635100 
2260 0.798652 
2261 -1.632574 
2262 -1.745608 
2263 -2.204513 
2264 -1.781793 
2265 -2.001470 
2266 -1.886532 
2267 -0.735119 
2268 0.023482 
2269 0.309671 
2270 -0.493032 
2271 4.314481 
2272 1.575353 
2273 0.608605 
2274 0.805587 
2275 2.306121 
2276 1.893417 
2277 1.312931 
2278 1.442226 
2279 0.906645 
2280 1.120121 
2281 1.294414 
2282 1.351254 
2283 2.093233 
2284 1.570082 
2285 1.385779 
2286 1.348403 
2287 1.412785 
2288 1.652636 
2289 -1.634798 
2290 -1.556674 
2291 -2.118616 
2292 -1.716480 
2293 -1.855524 
2294 -1.896721 
2295 1.239713 
2296 1.735440 
2297 1.372239 
2298 1.803650 
2299 1.063681 
2300 1.098972 
2301 1.669572 
2302 1.720410 
2303 1.257693 
2304 1.835570 
2305 -1.314191 
2306 -1.355577 
2307 -2.152033 
2308 -2.065417 
2309 1.764920 
2310 1.777498 
2311 -0.112279 
2312 0.230986 
2313 1.740256 
2314 2.010273 
2315 1.146124 
2316 1.257360 
2317 1.694388 
2318 1.529464 
2319 1.440958 
2320 1.128572 
2321 1.747899 
2322 1.876633 
2323 -0.609302 
2324 -0.723242 
2325 1.673933 
2326 1.492872 
2327 2.164701 
2328 1.684328 
2329 1.478539 
2330 1.517720 
2331 0.997977 
2332 1.408953 
2333 1.629772 
2334 1.617475 
2335 -1.572724 
2336 -0.948542 
2337 -1.866665 
2338 -1.645461 
2339 -1.826337 
2340 -1.726200 
2341 -2.142762 
2342 -1.031564 
2343 -1.777552 
2344 -2.850548 
2345 -1.187941 
2346 -0.530647 
2347 -1.953341 
2348 -2.068598 
2349 -1.729966 
2350 -1.661771 
2351 -1.394013 
2352 -1.581492 
2353 -1.351259 
2354 -1.381512 
2355 -2.289128 
2356 -1.702754 
2357 -1.223766 
2358 -1.073719 
2359 -2.448045 
2360 -3.090625 
2361 -0.815155 
2362 -0.986146 
2363 -1.546615 
2364 -2.382515 
2365 1.508678 
2366 1.817009 
2367 -2.516508 
2368 -1.219432 
2369 0.615579 
2370 1.182631 
2371 3.239806 
2372 1.460507 
2373 1.963040 
2374 1.550710 
2375 0.693764 
2376 1.190857 
2377 1.914666 
2378 1.932290 
2379 0.635000 
2380 0.818671 
2381 1.941955 
2382 1.555318 
2383 1.638569 
2384 2.271863 
2385 1.632509 
2386 1.517065 
2387 0.692171 
2388 0.153157 
2389 1.781727 
2390 1.858050 
2391 1.679682 
2392 0.884522 
2393 3.948738 
2394 1.119777 
