1440 1
941 0.494799 
866 0.494799 
594 0.494799 
600 0.494799 
602 0.494799 
180 0.494799 
1008 0.494799 
156 0.494799 
1150 0.494799 
1173 0.494799 
746 0.494799 
166 0.494799 
1120 0.494799 
173 0.494799 
174 0.494799 
412 0.494799 
752 0.494799 
1007 0.494799 
444 0.494799 
505 0.494799 
326 0.494799 
233 0.494799 
109 0.494799 
308 0.494799 
1105 0.494799 
234 0.494799 
506 0.494799 
443 0.494799 
442 0.494799 
507 0.494799 
311 0.489157 
688 0.489157 
687 0.489157 
686 0.489157 
1112 0.489157 
1113 0.489157 
966 0.489157 
373 0.489157 
680 0.489157 
360 0.489157 
775 0.489157 
1157 0.489157 
547 0.489157 
550 0.489157 
1295 0.489157 
1286 0.489157 
850 0.489157 
826 0.489157 
122 0.489157 
121 0.489157 
120 0.489157 
678 0.489157 
1052 0.489157 
1053 0.489157 
194 0.489157 
193 0.489157 
1423 0.489157 
226 0.489157 
227 0.489157 
676 0.489157 
1035 0.489157 
677 0.489157 
915 0.486987 
81 0.486987 
82 0.486987 
80 0.486987 
533 0.486987 
576 0.486987 
574 0.486987 
573 0.486987 
858 0.486987 
532 0.486987 
816 0.486987 
817 0.486987 
446 0.486987 
1218 0.486987 
822 0.486987 
823 0.486987 
672 0.486987 
1385 0.486987 
1080 0.486987 
1071 0.486987 
975 0.486987 
1068 0.486987 
673 0.486987 
674 0.486987 
1355 0.486987 
386 0.486987 
1097 0.484992 
447 0.484992 
1098 0.484992 
30 0.484992 
1336 0.484992 
501 0.484992 
806 0.484992 
1330 0.484992 
862 0.484992 
371 0.484992 
448 0.484992 
513 0.484992 
31 0.484992 
352 0.484992 
353 0.484992 
32 0.484992 
1143 0.484992 
1061 0.484992 
1067 0.484992 
1055 0.484992 
432 0.484992 
895 0.484992 
876 0.484992 
433 0.484992 
437 0.484992 
514 0.484992 
406 0.484992 
1192 0.484992 
797 0.484992 
1094 0.480858 
228 0.480858 
1034 0.480858 
664 0.480858 
379 0.480858 
404 0.443653 
1421 0.443653 
416 0.443653 
764 0.443653 
1418 0.443653 
1154 0.443653 
179 0.443653 
874 0.443653 
869 0.443653 
782 0.440616 
751 0.440616 
610 0.440616 
1155 0.440616 
1028 0.440616 
235 0.440616 
900 0.440616 
942 0.440616 
1122 0.440616 
403 0.440616 
952 0.440616 
176 0.440616 
1115 0.440616 
1333 0.440616 
616 0.440616 
970 0.440616 
617 0.440616 
188 0.440616 
402 0.440616 
1037 0.440616 
1032 0.440616 
224 0.440616 
1167 0.440616 
333 0.440616 
341 0.440616 
1255 0.440616 
467 0.432808 
225 0.432808 
965 0.432808 
336 0.432808 
845 0.432808 
527 0.432808 
1432 0.432808 
1163 0.432808 
825 0.432808 
310 0.432808 
618 0.432808 
124 0.432808 
666 0.432808 
123 0.432808 
1433 0.432808 
468 0.432808 
1285 0.432808 
793 0.432808 
465 0.432808 
525 0.432808 
1158 0.432808 
551 0.432808 
1427 0.432808 
1012 0.432808 
918 0.432808 
1031 0.432808 
552 0.432808 
770 0.432808 
1162 0.432808 
466 0.432808 
526 0.432808 
1291 0.432808 
553 0.432808 
996 0.431445 
451 0.431445 
838 0.431445 
1412 0.431445 
557 0.431445 
1058 0.431445 
1040 0.431445 
1057 0.431445 
860 0.431445 
101 0.431445 
100 0.431445 
94 0.431445 
93 0.431445 
796 0.431445 
102 0.431445 
913 0.431445 
88 0.431445 
87 0.431445 
86 0.431445 
1301 0.431445 
1305 0.431445 
923 0.431445 
266 0.431445 
555 0.431445 
556 0.431445 
831 0.431445 
1102 0.431445 
316 0.431445 
973 0.431445 
648 0.431445 
570 0.426254 
820 0.426254 
571 0.426254 
982 0.426254 
572 0.426254 
916 0.426254 
420 0.426254 
710 0.426254 
377 0.426254 
378 0.426254 
976 0.426254 
48 0.426254 
1085 0.426254 
22 0.426254 
1347 0.426254 
1077 0.426254 
1348 0.426254 
1356 0.426254 
21 0.426254 
1363 0.426254 
1076 0.426254 
50 0.426254 
49 0.426254 
486 0.426254 
20 0.426254 
1386 0.426254 
1392 0.426254 
1393 0.426254 
167 0.409849 
503 0.409849 
821 0.409849 
832 0.409849 
833 0.409849 
157 0.409849 
930 0.409849 
1328 0.409849 
497 0.409849 
1338 0.409849 
711 0.409849 
1360 0.409849 
47 0.409849 
46 0.409849 
45 0.409849 
425 0.409849 
39 0.409849 
1390 0.409849 
638 0.409849 
1395 0.409849 
1396 0.409849 
1081 0.409849 
1090 0.409849 
254 0.409849 
980 0.409849 
498 0.409849 
972 0.409849 
499 0.409849 
947 0.409849 
1072 0.409849 
141 0.367309 
143 0.367309 
140 0.367309 
142 0.367309 
1117 0.367309 
863 0.367309 
1331 0.367309 
33 0.367309 
370 0.367309 
1327 0.367309 
1325 0.367309 
34 0.367309 
35 0.367309 
405 0.367309 
798 0.367309 
805 0.367309 
807 0.367309 
144 0.367309 
484 0.367309 
500 0.367309 
1118 0.367309 
1046 0.367309 
877 0.367309 
880 0.367309 
875 0.367309 
1050 0.367309 
882 0.367309 
132 0.351261 
131 0.351261 
287 0.351261 
130 0.351261 
588 0.351261 
741 0.351261 
1051 0.351261 
277 0.351261 
546 0.347630 
215 0.347630 
1339 0.347630 
1365 0.347630 
649 0.347630 
430 0.347630 
237 0.347630 
1024 0.347630 
593 0.347630 
60 0.347630 
61 0.347630 
62 0.347630 
119 0.347630 
1131 0.347630 
1165 0.347630 
1138 0.347630 
76 0.345240 
1147 0.345240 
1148 0.345240 
154 0.345240 
153 0.345240 
1161 0.345240 
77 0.345240 
1142 0.345240 
75 0.345240 
291 0.345240 
1207 0.345240 
1208 0.345240 
760 0.345240 
1215 0.345240 
1282 0.345240 
651 0.345240 
560 0.345240 
1261 0.345240 
211 0.345240 
210 0.345240 
332 0.345240 
212 0.345240 
635 0.345240 
1005 0.345240 
246 0.345240 
925 0.345240 
1283 0.345240 
392 0.341894 
1021 0.341894 
306 0.341894 
280 0.341894 
729 0.341894 
682 0.341894 
739 0.341894 
1252 0.341894 
382 0.341894 
1246 0.341894 
1275 0.341894 
1231 0.341894 
802 0.341894 
951 0.341894 
623 0.341894 
1298 0.341894 
640 0.341894 
117 0.341894 
118 0.341894 
642 0.341894 
786 0.341894 
1308 0.341894 
622 0.341894 
1313 0.341894 
1314 0.341894 
73 0.341894 
357 0.341894 
358 0.341894 
763 0.341894 
72 0.341894 
762 0.341894 
71 0.341894 
1403 0.338749 
1114 0.338749 
534 0.338749 
309 0.338749 
270 0.338749 
1404 0.338749 
1405 0.338749 
1244 0.338749 
804 0.338749 
613 0.338749 
1414 0.338749 
1229 0.338749 
604 0.322603 
844 0.322603 
1349 0.322603 
314 0.322603 
346 0.322603 
429 0.322603 
924 0.322603 
409 0.299150 
879 0.299150 
1159 0.299150 
1425 0.299150 
784 0.299150 
502 0.299150 
199 0.299150 
934 0.299150 
1413 0.297697 
13 0.297697 
1043 0.297697 
14 0.297697 
1417 0.297697 
1422 0.297697 
580 0.297697 
559 0.297697 
450 0.297697 
1383 0.297697 
1036 0.297697 
990 0.297697 
983 0.297697 
1103 0.297697 
1107 0.297697 
1108 0.297697 
265 0.297697 
267 0.297697 
855 0.297697 
843 0.297697 
315 0.297697 
830 0.297697 
114 0.297697 
113 0.297697 
104 0.297697 
103 0.297697 
1296 0.297697 
795 0.297697 
1300 0.297697 
89 0.297697 
361 0.297697 
685 0.297697 
681 0.297697 
675 0.297697 
1379 0.297697 
1382 0.297697 
558 0.297697 
1439 0.286907 
577 0.286907 
1438 0.286907 
1437 0.286907 
419 0.286907 
1430 0.286907 
1169 0.286907 
1009 0.286907 
284 0.286907 
914 0.286907 
1049 0.286672 
1190 0.286672 
1124 0.286672 
564 0.286672 
259 0.286672 
344 0.286672 
769 0.286672 
1384 0.275921 
299 0.275921 
239 0.275921 
1064 0.275921 
779 0.275921 
434 0.275921 
1195 0.275921 
1203 0.275921 
1204 0.275921 
1219 0.275921 
603 0.275921 
1399 0.273996 
494 0.273996 
721 0.273996 
720 0.273996 
944 0.273996 
1398 0.273996 
1311 0.273996 
1274 0.273996 
722 0.273996 
994 0.273996 
986 0.273996 
452 0.273996 
453 0.273996 
288 0.273996 
329 0.273996 
454 0.273996 
146 0.273996 
391 0.273996 
178 0.273996 
1411 0.256850 
1429 0.256850 
1249 0.256850 
639 0.256850 
1372 0.256850 
384 0.256850 
1373 0.256850 
1374 0.256850 
1408 0.256850 
1407 0.256850 
1134 0.256850 
834 0.256850 
441 0.256850 
669 0.256850 
1189 0.246472 
589 0.246472 
355 0.246472 
899 0.246472 
1289 0.246472 
964 0.246472 
655 0.246472 
1318 0.233789 
338 0.233789 
337 0.233789 
1326 0.233789 
1045 0.233789 
871 0.233789 
870 0.233789 
808 0.233789 
1153 0.233789 
1152 0.233789 
401 0.233789 
393 0.233789 
827 0.233789 
828 0.233789 
312 0.233789 
1016 0.233789 
313 0.233789 
1315 0.233789 
836 0.233789 
317 0.233789 
438 0.233789 
606 0.233789 
1332 0.233789 
366 0.233789 
628 0.233789 
627 0.233789 
697 0.233789 
692 0.233789 
691 0.233789 
801 0.233789 
690 0.233789 
414 0.230064 
884 0.230064 
279 0.230064 
1164 0.230064 
1426 0.230064 
789 0.230064 
517 0.230064 
969 0.230064 
169 0.227735 
888 0.227735 
889 0.227735 
759 0.227735 
415 0.227735 
1420 0.227735 
399 0.227735 
864 0.227735 
824 0.227735 
1149 0.227735 
1284 0.227735 
260 0.227735 
656 0.187269 
356 0.187269 
1188 0.187269 
1294 0.187269 
1194 0.187269 
619 0.187269 
974 0.187269 
261 0.187269 
885 0.187269 
904 0.187269 
886 0.187269 
887 0.187269 
364 0.179190 
1079 0.179190 
799 0.172278 
439 0.172278 
608 0.172278 
1196 0.172278 
1109 0.172278 
1200 0.172278 
1201 0.172278 
1202 0.172278 
1224 0.172278 
269 0.172278 
304 0.172278 
1409 0.172278 
273 0.167602 
272 0.167602 
1000 0.167602 
519 0.167602 
943 0.167602 
1391 0.167602 
243 0.167602 
948 0.167602 
953 0.167602 
250 0.167602 
481 0.167602 
282 0.167602 
482 0.167602 
483 0.167602 
244 0.167602 
736 0.167602 
567 0.162644 
745 0.162644 
1101 0.162644 
566 0.162644 
596 0.162644 
165 0.162644 
940 0.162644 
700 0.162644 
1146 0.162644 
509 0.162644 
508 0.162644 
652 0.162644 
653 0.162644 
657 0.162644 
325 0.162644 
293 0.162644 
292 0.162644 
181 0.162644 
182 0.162644 
542 0.162644 
541 0.162644 
1376 0.162644 
540 0.162644 
155 0.162644 
1174 0.162644 
1177 0.162644 
1178 0.162644 
297 0.162644 
890 0.162644 
565 0.162644 
183 0.162644 
561 0.162644 
891 0.162644 
892 0.162644 
1111 0.162644 
861 0.162644 
959 0.127566 
1371 0.127553 
349 0.127553 
1209 0.127553 
774 0.127553 
1054 0.127553 
598 0.127553 
1191 0.127553 
294 0.127553 
749 0.112711 
389 0.112711 
1254 0.112711 
814 0.112711 
1139 0.112711 
839 0.112711 
1434 0.112711 
410 0.112711 
1415 0.112711 
539 0.104617 
479 0.104617 
1256 0.104617 
195 0.104617 
716 0.104617 
901 0.104617 
470 0.104617 
538 0.104617 
732 0.104617 
733 0.104617 
734 0.104617 
611 0.104617 
1121 0.104617 
458 0.104617 
457 0.104617 
1156 0.104617 
562 0.104617 
563 0.104617 
848 0.104617 
755 0.104617 
630 0.104617 
768 0.104617 
328 0.104617 
221 0.104617 
1027 0.104617 
236 0.104617 
229 0.104617 
223 0.104617 
683 0.104617 
222 0.104617 
971 0.104617 
319 0.091631 
350 0.091631 
1359 0.091631 
609 0.091631 
849 0.091631 
449 0.091631 
929 0.091631 
1179 0.091631 
847 0.089703 
42 0.089703 
911 0.089703 
663 0.089703 
905 0.089703 
1353 0.089703 
662 0.089703 
426 0.089703 
957 0.089703 
958 0.089703 
811 0.089703 
967 0.089703 
1354 0.089703 
1078 0.089703 
487 0.089703 
1345 0.089703 
1060 0.089703 
1387 0.089703 
516 0.089703 
1066 0.089703 
488 0.089703 
772 0.089703 
1088 0.089703 
376 0.089703 
1388 0.089703 
1340 0.089703 
40 0.089703 
41 0.089703 
592 0.075175 
585 0.075175 
247 0.075175 
1125 0.075175 
395 0.075175 
248 0.075175 
1004 0.075175 
1116 0.075175 
1319 0.075175 
717 0.075175 
1329 0.075175 
718 0.075175 
427 0.075175 
719 0.075175 
1279 0.075175 
189 0.075175 
949 0.075175 
187 0.075175 
712 0.045316 
380 0.045316 
1397 0.045316 
1304 0.045316 
1428 0.045316 
1199 0.045316 
1435 0.045316 
1436 0.045316 
979 0.045316 
1431 0.045316 
268 0.045316 
440 0.036646 
624 0.036646 
1239 0.036646 
829 0.036646 
1410 0.036646 
1424 0.036646 
339 0.036646 
1129 0.036646 
634 0.036646 
342 0.019122 
591 0.019122 
149 0.019122 
164 0.019122 
475 0.019122 
492 0.019122 
493 0.019122 
491 0.019122 
935 0.019122 
192 0.019122 
191 0.019122 
1095 0.019122 
1096 0.019122 
190 0.019122 
320 0.019122 
464 0.019122 
18 0.019122 
463 0.019122 
455 0.019122 
851 0.019122 
19 0.019122 
1141 0.019122 
163 0.019122 
702 0.019122 
742 0.019122 
125 0.019122 
135 0.019122 
704 0.019122 
703 0.019122 
408 0.019122 
413 0.019122 
407 0.019122 
695 0.019122 
1267 0.019122 
1181 0.019122 
1268 0.019122 
1277 0.019122 
995 0.018423 
1160 0.018423 
59 0.018423 
196 0.018423 
920 0.018423 
1205 0.018423 
917 0.018423 
756 0.018423 
569 0.018423 
568 0.018423 
631 0.018423 
1210 0.018423 
471 0.018423 
535 0.018423 
536 0.018423 
537 0.018423 
245 0.018423 
1324 0.018423 
148 0.018423 
220 0.018423 
1260 0.018423 
478 0.018423 
214 0.018423 
213 0.018423 
58 0.018423 
650 0.018423 
476 0.018423 
477 0.018423 
111 -0.004462 
665 -0.004462 
469 -0.004462 
1281 -0.004462 
1017 -0.004462 
961 -0.004462 
529 -0.004462 
528 -0.004462 
286 -0.004462 
1013 -0.004462 
902 -0.004462 
1048 -0.004462 
1030 -0.004462 
903 -0.004462 
112 -0.004462 
1018 -0.004462 
907 -0.004462 
186 -0.004462 
522 -0.004462 
1290 -0.004462 
521 -0.004462 
520 -0.004462 
110 -0.004462 
765 -0.004462 
335 -0.004462 
812 -0.004462 
840 -0.004462 
776 -0.004462 
327 -0.004462 
323 -0.004462 
322 -0.004462 
390 -0.014651 
1269 -0.014651 
168 -0.014651 
145 -0.014651 
724 -0.014651 
723 -0.014651 
283 -0.014651 
985 -0.014651 
1310 -0.014651 
939 -0.014651 
989 -0.014651 
307 -0.039030 
1245 -0.039030 
750 -0.039030 
783 -0.039030 
302 -0.039030 
1106 -0.039030 
1243 -0.039030 
1211 -0.039030 
1242 -0.039030 
960 -0.039030 
159 -0.039030 
1151 -0.039030 
1241 -0.039030 
615 -0.039030 
206 -0.039030 
1038 -0.039030 
340 -0.039030 
1212 -0.039030 
1213 -0.039030 
170 -0.039030 
171 -0.039030 
1170 -0.039030 
172 -0.039030 
175 -0.039030 
303 -0.039030 
881 -0.039030 
792 -0.039030 
232 -0.039030 
1171 -0.039030 
230 -0.039030 
1172 -0.039030 
231 -0.039030 
601 -0.039030 
249 -0.060121 
699 -0.060121 
474 -0.060121 
1186 -0.060121 
274 -0.060121 
1044 -0.060121 
1104 -0.060121 
993 -0.063525 
70 -0.063525 
69 -0.063525 
37 -0.063525 
36 -0.063525 
1361 -0.063525 
998 -0.063525 
997 -0.063525 
485 -0.063525 
38 -0.063525 
1369 -0.063525 
218 -0.063525 
504 -0.063525 
68 -0.063525 
981 -0.063525 
26 -0.063525 
726 -0.063525 
116 -0.063525 
841 -0.063525 
725 -0.063525 
10 -0.063525 
372 -0.063525 
11 -0.063525 
67 -0.063525 
12 -0.063525 
25 -0.063525 
66 -0.063525 
398 -0.063525 
27 -0.063525 
65 -0.063525 
367 -0.063525 
1086 -0.063525 
368 -0.063525 
548 -0.063525 
748 -0.064977 
97 -0.064977 
740 -0.064977 
747 -0.064977 
554 -0.064977 
897 -0.064977 
1001 -0.064977 
95 -0.064977 
64 -0.064977 
3 -0.064977 
545 -0.064977 
63 -0.064977 
134 -0.064977 
133 -0.064977 
480 -0.064977 
4 -0.064977 
641 -0.107541 
713 -0.107541 
945 -0.107541 
1317 -0.107541 
621 -0.107541 
872 -0.107541 
208 -0.107541 
1216 -0.107541 
197 -0.107541 
300 -0.107541 
207 -0.107541 
1010 -0.107541 
1293 -0.107541 
198 -0.107541 
1222 -0.107541 
1223 -0.107541 
1233 -0.107541 
1266 -0.107541 
1225 -0.107541 
54 -0.107541 
256 -0.107541 
217 -0.107541 
883 -0.107541 
1232 -0.107541 
780 -0.107541 
1366 -0.123370 
129 -0.123370 
1135 -0.123370 
1133 -0.123370 
96 -0.123370 
1128 -0.123370 
1132 -0.123370 
2 -0.123370 
1166 -0.123370 
1 -0.123370 
1214 -0.123370 
216 -0.123370 
1344 -0.123370 
654 -0.123370 
670 -0.123370 
578 -0.123370 
0 -0.123370 
583 -0.123370 
584 -0.123370 
431 -0.123370 
873 -0.123370 
738 -0.127753 
1187 -0.127753 
1193 -0.127753 
785 -0.127753 
1357 -0.127753 
803 -0.127753 
1358 -0.127753 
305 -0.127753 
898 -0.127753 
962 -0.127753 
276 -0.127753 
203 -0.127753 
204 -0.127753 
950 -0.127753 
1020 -0.127753 
388 -0.127753 
387 -0.127753 
1271 -0.127753 
383 -0.127753 
1258 -0.127753 
1257 -0.127753 
1253 -0.127753 
626 -0.127753 
1235 -0.127753 
74 -0.127753 
728 -0.127753 
1226 -0.127753 
731 -0.127753 
730 -0.127753 
1401 -0.139039 
1402 -0.139039 
1400 -0.139039 
1312 -0.139039 
271 -0.139039 
629 -0.139039 
587 -0.139039 
1119 -0.139039 
809 -0.139039 
1234 -0.139039 
334 -0.139039 
1406 -0.139039 
1419 -0.139039 
1014 -0.142254 
324 -0.156240 
614 -0.156240 
1198 -0.156240 
1197 -0.156240 
489 -0.156240 
1364 -0.156240 
854 -0.156240 
954 -0.156240 
351 -0.156240 
1184 -0.156240 
549 -0.156240 
1342 -0.188600 
1230 -0.188600 
1228 -0.188600 
1343 -0.188600 
1368 -0.188600 
714 -0.188600 
625 -0.188600 
1337 -0.188600 
1270 -0.188600 
963 -0.188600 
1227 -0.188600 
1221 -0.188600 
301 -0.188600 
946 -0.188600 
1367 -0.188600 
51 -0.188600 
52 -0.188600 
1362 -0.188600 
53 -0.188600 
781 -0.188600 
348 -0.188600 
347 -0.188600 
1287 -0.188600 
397 -0.188600 
933 -0.188600 
275 -0.188600 
1011 -0.188600 
1292 -0.188600 
647 -0.188600 
660 -0.188600 
932 -0.188600 
1288 -0.188600 
643 -0.188600 
1130 -0.209995 
205 -0.209995 
396 -0.209995 
1334 -0.209995 
1299 -0.209995 
1126 -0.209995 
1389 -0.209995 
644 -0.209995 
586 -0.209995 
1019 -0.209995 
359 -0.229023 
1074 -0.229023 
472 -0.236421 
791 -0.236421 
524 -0.236421 
612 -0.236421 
331 -0.236421 
744 -0.236421 
523 -0.236421 
778 -0.236421 
777 -0.236421 
956 -0.236421 
937 -0.236421 
771 -0.236421 
128 -0.236421 
1023 -0.236421 
707 -0.236421 
127 -0.236421 
1280 -0.236421 
705 -0.236421 
715 -0.236421 
185 -0.236421 
646 -0.236421 
1022 -0.236421 
706 -0.236421 
1262 -0.236421 
679 -0.236421 
927 -0.236421 
285 -0.236421 
908 -0.236421 
928 -0.236421 
1026 -0.236421 
1263 -0.236421 
1251 -0.236421 
999 -0.237176 
354 -0.275289 
1059 -0.275289 
1183 -0.337084 
661 -0.337084 
55 -0.337084 
1321 -0.337084 
1182 -0.337084 
1006 -0.337084 
1265 -0.337084 
636 -0.337084 
1320 -0.337084 
1248 -0.337084 
1247 -0.337084 
1322 -0.337084 
761 -0.337084 
1206 -0.337084 
56 -0.337084 
57 -0.337084 
620 -0.337084 
1220 -0.337084 
1217 -0.337084 
423 -0.337084 
428 -0.337084 
1093 -0.337084 
1092 -0.337084 
422 -0.337084 
255 -0.337084 
1063 -0.337084 
152 -0.337084 
151 -0.337084 
150 -0.337084 
1062 -0.337084 
296 -0.337084 
1087 -0.337084 
1168 -0.337084 
926 -0.337084 
108 -0.339414 
369 -0.339414 
1084 -0.339414 
1089 -0.363537 
374 -0.363537 
659 -0.363537 
158 -0.363537 
1029 -0.363537 
278 -0.371056 
98 -0.371056 
385 -0.371056 
689 -0.371056 
984 -0.371056 
1264 -0.371056 
1309 -0.371056 
727 -0.371056 
909 -0.371056 
115 -0.371056 
599 -0.409305 
424 -0.409305 
919 -0.409305 
289 -0.409305 
794 -0.409305 
345 -0.409305 
1069 -0.409305 
1306 -0.429998 
1041 -0.429998 
800 -0.429998 
698 -0.429998 
694 -0.429998 
788 -0.429998 
1316 -0.429998 
78 -0.429998 
787 -0.429998 
79 -0.429998 
400 -0.429998 
693 -0.429998 
90 -0.429998 
865 -0.429998 
837 -0.429998 
767 -0.429998 
835 -0.429998 
365 -0.429998 
318 -0.429998 
605 -0.429998 
607 -0.429998 
92 -0.429998 
1015 -0.429998 
91 -0.429998 
1323 -0.429998 
668 -0.445948 
912 -0.445948 
1056 -0.445948 
896 -0.445948 
512 -0.445948 
910 -0.445948 
511 -0.445948 
510 -0.445948 
992 -0.445948 
1335 -0.445948 
1065 -0.445948 
922 -0.445948 
667 -0.445948 
1341 -0.445948 
853 -0.445948 
852 -0.445948 
810 -0.445948 
44 -0.445948 
515 -0.445948 
842 -0.445948 
177 -0.445948 
773 -0.445948 
421 -0.445948 
375 -0.445948 
43 -0.445948 
968 -0.445948 
1082 -0.447940 
137 -0.447940 
84 -0.447940 
1350 -0.447940 
815 -0.447940 
445 -0.447940 
1083 -0.447940 
1070 -0.447940 
1351 -0.447940 
85 -0.447940 
138 -0.447940 
1075 -0.447940 
818 -0.447940 
1073 -0.447940 
1352 -0.447940 
575 -0.447940 
867 -0.447940 
1237 -0.447940 
1238 -0.447940 
878 -0.447940 
147 -0.447940 
264 -0.447940 
262 -0.447940 
83 -0.447940 
868 -0.447940 
921 -0.447940 
1380 -0.447940 
381 -0.447940 
906 -0.447940 
263 -0.447940 
1346 -0.447940 
1176 -0.452646 
590 -0.452646 
343 -0.452646 
139 -0.452646 
495 -0.452646 
496 -0.452646 
1180 -0.452646 
7 -0.452646 
1140 -0.452646 
295 -0.452646 
5 -0.452646 
417 -0.452646 
737 -0.452646 
418 -0.452646 
106 -0.452646 
1278 -0.452646 
1137 -0.452646 
931 -0.452646 
436 -0.452646 
6 -0.452646 
684 -0.458505 
219 -0.458505 
1039 -0.458505 
238 -0.458505 
1099 -0.458505 
459 -0.458505 
1003 -0.459812 
645 -0.459812 
473 -0.459812 
202 -0.459812 
790 -0.459812 
813 -0.459812 
330 -0.459812 
281 -0.459812 
766 -0.459812 
758 -0.459812 
757 -0.459812 
743 -0.459812 
200 -0.459812 
1236 -0.459812 
201 -0.459812 
709 -0.459812 
708 -0.459812 
1250 -0.459812 
938 -0.459812 
1272 -0.459812 
1002 -0.459812 
1297 -0.459812 
1033 -0.459812 
1042 -0.459812 
1047 -0.459812 
1276 -0.459812 
955 -0.459812 
1273 -0.459812 
1025 -0.459812 
1378 -0.466626 
543 -0.466626 
658 -0.466626 
893 -0.466626 
1110 -0.466626 
1377 -0.466626 
15 -0.466626 
894 -0.466626 
595 -0.466626 
531 -0.466626 
298 -0.466626 
1375 -0.466626 
1145 -0.466626 
184 -0.466626 
1100 -0.466626 
544 -0.466626 
16 -0.466626 
29 -0.466626 
17 -0.466626 
28 -0.466626 
936 -0.466626 
209 -0.466626 
24 -0.466626 
23 -0.466626 
456 -0.466626 
460 -0.466626 
461 -0.466626 
462 -0.466626 
363 -0.466626 
490 -0.466626 
988 -0.466626 
987 -0.466626 
696 -0.466626 
701 -0.466626 
1240 -0.466626 
126 -0.466626 
753 -0.466626 
597 -0.466626 
362 -0.466626 
136 -0.466626 
1185 -0.466626 
857 -0.466626 
160 -0.466626 
161 -0.466626 
162 -0.466626 
321 -0.466626 
856 -0.466626 
859 -0.477867 
411 -0.477867 
1259 -0.477867 
99 -0.477867 
819 -0.477867 
394 -0.477867 
258 -0.477867 
1144 -0.477867 
754 -0.477867 
1416 -0.477867 
241 -0.490790 
242 -0.490790 
991 -0.490790 
253 -0.490790 
240 -0.490790 
530 -0.490790 
252 -0.490790 
251 -0.490790 
1123 -0.490790 
518 -0.490790 
1307 -0.490790 
1303 -0.490790 
1302 -0.490790 
1091 -0.490790 
637 -0.490790 
1381 -0.490790 
633 -0.490790 
632 -0.490790 
735 -0.490790 
846 -0.490790 
1370 -0.494721 
671 -0.494721 
105 -0.494721 
107 -0.494721 
1175 -0.494721 
1136 -0.494721 
579 -0.494721 
8 -0.494721 
978 -0.494721 
9 -0.494721 
1127 -0.494721 
977 -0.494721 
257 -0.494721 
290 -0.494721 
435 -0.494721 
582 -0.494721 
581 -0.494721 
1394 -0.494721 
