3072 1
651 0.466427 
1185 0.466427 
1186 0.466427 
1187 0.466427 
1955 0.466427 
2505 0.466427 
191 0.466427 
2523 0.453876 
773 0.453876 
2189 0.453876 
3035 0.453876 
1541 0.453876 
2403 0.453876 
1420 0.453876 
926 0.453876 
925 0.453876 
924 0.453876 
1694 0.453876 
2404 0.453876 
2405 0.453876 
2409 0.453876 
2440 0.453876 
2987 0.453876 
1421 0.453876 
1419 0.453876 
772 0.453876 
681 0.453876 
771 0.453876 
3060 0.453876 
3059 0.453876 
753 0.453876 
682 0.453876 
683 0.453876 
3048 0.453876 
3049 0.453876 
3050 0.453876 
3057 0.453876 
3058 0.453876 
670 0.439154 
669 0.439154 
2397 0.439154 
2393 0.439154 
2392 0.439154 
2391 0.439154 
2564 0.439154 
252 0.439154 
2856 0.439154 
2797 0.439154 
177 0.439154 
178 0.439154 
179 0.439154 
2676 0.439154 
240 0.439154 
241 0.439154 
242 0.439154 
2483 0.439154 
253 0.439154 
254 0.439154 
258 0.439154 
259 0.439154 
260 0.439154 
1795 0.439154 
2558 0.439154 
2495 0.439154 
2494 0.439154 
1203 0.439154 
1547 0.439154 
1017 0.439154 
1018 0.439154 
1019 0.439154 
1451 0.439154 
1450 0.439154 
1449 0.439154 
1306 0.439154 
977 0.439154 
1204 0.439154 
1205 0.439154 
1206 0.439154 
1207 0.439154 
1208 0.439154 
1253 0.439154 
1252 0.439154 
1251 0.439154 
1789 0.439154 
2021 0.439154 
777 0.439154 
778 0.439154 
779 0.439154 
1796 0.439154 
3070 0.439154 
1794 0.439154 
1790 0.439154 
671 0.439154 
1788 0.439154 
1787 0.439154 
1745 0.439154 
1715 0.439154 
1714 0.439154 
1713 0.439154 
975 0.439154 
976 0.439154 
2877 0.439154 
2975 0.439154 
2873 0.439154 
2872 0.439154 
2871 0.439154 
2878 0.439154 
5 0.439154 
2880 0.439154 
1460 0.402420 
2214 0.402420 
2215 0.402420 
1459 0.402420 
1311 0.402420 
1312 0.402420 
2216 0.402420 
1313 0.402420 
2506 0.402420 
1494 0.402420 
1458 0.402420 
1495 0.402420 
1496 0.402420 
1212 0.402420 
1213 0.402420 
2264 0.402420 
2274 0.402420 
2079 0.402420 
652 0.402420 
2436 0.402420 
2228 0.402420 
1982 0.402420 
1214 0.402420 
2576 0.398813 
532 0.398813 
531 0.398813 
2067 0.398813 
2767 0.398813 
2766 0.398813 
2112 0.398813 
2731 0.398813 
2113 0.398813 
533 0.398813 
1999 0.398813 
2575 0.398813 
1195 0.398813 
2068 0.398813 
180 0.398813 
2253 0.398813 
2539 0.398813 
2000 0.398813 
2722 0.398813 
2721 0.398813 
2540 0.398813 
2717 0.398813 
22 0.398813 
2716 0.398813 
2715 0.398813 
1998 0.398813 
2069 0.398813 
21 0.398813 
271 0.398813 
2346 0.398813 
1806 0.398813 
2837 0.398813 
1801 0.398813 
1800 0.398813 
272 0.398813 
1559 0.398813 
1558 0.398813 
1557 0.398813 
2191 0.398813 
270 0.398813 
2114 0.398813 
2472 0.398813 
23 0.398813 
1962 0.398813 
576 0.398813 
2914 0.398813 
577 0.398813 
578 0.398813 
1807 0.398813 
2882 0.398813 
1963 0.398813 
2190 0.398813 
2327 0.398813 
2338 0.398813 
1964 0.398813 
2339 0.398813 
3062 0.389465 
3021 0.389465 
2293 0.389465 
2294 0.389465 
3014 0.389465 
2292 0.389465 
3012 0.389465 
3013 0.389465 
2082 0.382918 
2626 0.382918 
2083 0.382918 
2263 0.382918 
1698 0.382918 
287 0.382918 
715 0.382918 
716 0.382918 
718 0.382918 
1692 0.382918 
286 0.382918 
285 0.382918 
2076 0.382918 
1693 0.382918 
1670 0.382918 
1980 0.382918 
2077 0.382918 
1981 0.382918 
1668 0.382918 
2591 0.382918 
1669 0.382918 
2603 0.382918 
1315 0.382918 
331 0.382918 
332 0.382918 
1822 0.382918 
1821 0.382918 
2084 0.382918 
2085 0.382918 
2086 0.382918 
1314 0.382918 
1400 0.382918 
1399 0.382918 
330 0.382918 
1316 0.382918 
1172 0.382918 
1171 0.382918 
1170 0.382918 
1169 0.382918 
1398 0.382918 
1167 0.382918 
1168 0.382918 
2438 0.382918 
2414 0.382918 
2284 0.382918 
1702 0.382918 
297 0.382918 
298 0.382918 
299 0.382918 
1837 0.382918 
2275 0.382918 
2276 0.382918 
1836 0.382918 
1299 0.382918 
2283 0.382918 
1699 0.382918 
1835 0.382918 
1834 0.382918 
1300 0.382918 
1301 0.382918 
1302 0.382918 
1303 0.382918 
1304 0.382918 
1833 0.382918 
1823 0.382918 
2130 0.382918 
1098 0.382918 
2798 0.382918 
1099 0.382918 
2967 0.382918 
2040 0.382918 
2041 0.382918 
2262 0.382918 
523 0.382918 
522 0.382918 
2131 0.382918 
2168 0.382918 
2128 0.382918 
2127 0.382918 
2220 0.382918 
2221 0.382918 
2223 0.382918 
2224 0.382918 
2226 0.382918 
2049 0.382918 
2227 0.382918 
571 0.382918 
2028 0.382918 
108 0.382918 
109 0.382918 
110 0.382918 
2029 0.382918 
2030 0.382918 
2026 0.382918 
2025 0.382918 
572 0.382918 
524 0.382918 
570 0.382918 
569 0.382918 
568 0.382918 
567 0.382918 
132 0.382918 
133 0.382918 
134 0.382918 
2828 0.382918 
2824 0.382918 
2625 0.382918 
1867 0.382918 
475 0.382918 
1866 0.382918 
1646 0.382918 
1644 0.382918 
2617 0.382918 
708 0.382918 
2652 0.382918 
709 0.382918 
1645 0.382918 
710 0.382918 
2634 0.382918 
476 0.382918 
2260 0.382918 
2630 0.382918 
2259 0.382918 
2628 0.382918 
2629 0.382918 
714 0.382918 
473 0.382918 
1990 0.382918 
494 0.382918 
2050 0.382918 
493 0.382918 
472 0.382918 
471 0.382918 
492 0.382918 
474 0.382918 
1868 0.382918 
1100 0.382918 
1989 0.382918 
2912 0.378341 
1070 0.378341 
1791 0.378341 
1121 0.378341 
1379 0.378341 
1069 0.378341 
1119 0.378341 
1327 0.378341 
1120 0.378341 
1799 0.378341 
1798 0.378341 
1797 0.378341 
1793 0.378341 
1792 0.378341 
1322 0.378341 
606 0.378341 
1326 0.378341 
1377 0.378341 
1068 0.378341 
1122 0.378341 
1123 0.378341 
607 0.378341 
787 0.378341 
788 0.378341 
1838 0.378341 
608 0.378341 
518 0.378341 
517 0.378341 
516 0.378341 
1473 0.378341 
746 0.378341 
786 0.378341 
744 0.378341 
745 0.378341 
2282 0.378341 
800 0.378341 
2268 0.378341 
798 0.378341 
799 0.378341 
2270 0.378341 
1475 0.378341 
1465 0.378341 
1328 0.378341 
1466 0.378341 
1378 0.378341 
2269 0.378341 
2334 0.378341 
2330 0.378341 
2329 0.378341 
1464 0.378341 
2328 0.378341 
1370 0.378341 
1474 0.378341 
1369 0.378341 
1368 0.378341 
780 0.378341 
781 0.378341 
782 0.378341 
2559 0.378341 
942 0.378341 
943 0.378341 
944 0.378341 
1605 0.378341 
1500 0.378341 
1567 0.378341 
2997 0.378341 
2990 0.378341 
2989 0.378341 
2567 0.378341 
263 0.378341 
963 0.378341 
2042 0.378341 
1224 0.378341 
1225 0.378341 
1513 0.378341 
1514 0.378341 
965 0.378341 
966 0.378341 
1226 0.378341 
210 0.378341 
2054 0.378341 
938 0.378341 
937 0.378341 
1512 0.378341 
2053 0.378341 
2052 0.378341 
2677 0.378341 
212 0.378341 
211 0.378341 
936 0.378341 
964 0.378341 
243 0.378341 
244 0.378341 
245 0.378341 
2883 0.378341 
255 0.378341 
256 0.378341 
257 0.378341 
261 0.378341 
262 0.378341 
991 0.378341 
967 0.378341 
1028 0.378341 
1027 0.378341 
992 0.378341 
1748 0.378341 
3038 0.378341 
2988 0.378341 
1272 0.378341 
1320 0.378341 
1321 0.378341 
978 0.378341 
979 0.378341 
2799 0.378341 
980 0.378341 
987 0.378341 
988 0.378341 
2822 0.378341 
989 0.378341 
968 0.378341 
990 0.378341 
2857 0.378341 
1273 0.378341 
1274 0.378341 
1058 0.367705 
2802 0.367705 
546 0.367705 
1385 0.367705 
1117 0.367705 
540 0.367705 
1089 0.367705 
207 0.367705 
208 0.367705 
209 0.367705 
1890 0.367705 
1892 0.367705 
164 0.367705 
163 0.367705 
162 0.367705 
1118 0.367705 
158 0.367705 
157 0.367705 
959 0.367705 
958 0.367705 
957 0.367705 
1891 0.367705 
1057 0.367705 
1599 0.367705 
192 0.367705 
156 0.367705 
193 0.367705 
194 0.367705 
953 0.367705 
952 0.367705 
951 0.367705 
541 0.367705 
542 0.367705 
1056 0.367705 
343 0.367705 
363 0.367705 
2498 0.367705 
1535 0.367705 
356 0.367705 
355 0.367705 
354 0.367705 
1730 0.367705 
344 0.367705 
364 0.367705 
1479 0.367705 
342 0.367705 
833 0.367705 
341 0.367705 
340 0.367705 
832 0.367705 
1335 0.367705 
2319 0.367705 
2465 0.367705 
1077 0.367705 
1078 0.367705 
1079 0.367705 
1481 0.367705 
2446 0.367705 
1769 0.367705 
2463 0.367705 
2464 0.367705 
1387 0.367705 
2469 0.367705 
619 0.367705 
368 0.367705 
1480 0.367705 
367 0.367705 
366 0.367705 
365 0.367705 
1663 0.367705 
305 0.367705 
304 0.367705 
303 0.367705 
894 0.367705 
895 0.367705 
896 0.367705 
1090 0.367705 
3047 0.367705 
339 0.367705 
6 0.367705 
743 0.367705 
2660 0.367705 
1388 0.367705 
1845 0.367705 
1846 0.367705 
1847 0.367705 
1386 0.367705 
887 0.367705 
831 0.367705 
1530 0.367705 
741 0.367705 
1729 0.367705 
1728 0.367705 
879 0.367705 
742 0.367705 
1001 0.367705 
880 0.367705 
881 0.367705 
1000 0.367705 
999 0.367705 
885 0.367705 
886 0.367705 
1091 0.367705 
2565 0.367705 
2097 0.365336 
2866 0.365336 
2149 0.365336 
2148 0.365336 
1115 0.365336 
1114 0.365336 
1113 0.365336 
723 0.365336 
724 0.365336 
725 0.365336 
729 0.365336 
2111 0.365336 
2110 0.365336 
2109 0.365336 
2105 0.365336 
2104 0.365336 
2099 0.365336 
2098 0.365336 
81 0.365336 
3043 0.365336 
83 0.365336 
1035 0.365336 
1036 0.365336 
1037 0.365336 
82 0.365336 
348 0.365336 
349 0.365336 
350 0.365336 
2654 0.365336 
1493 0.365336 
2468 0.365336 
2467 0.365336 
2908 0.365336 
1492 0.365336 
1491 0.365336 
2387 0.365336 
2380 0.365336 
2682 0.365336 
3036 0.365336 
2851 0.365336 
1545 0.365336 
2850 0.365336 
2846 0.365336 
2845 0.365336 
2844 0.365336 
2867 0.365336 
1617 0.365336 
564 0.365336 
1618 0.365336 
1619 0.365336 
2675 0.365336 
2674 0.365336 
2673 0.365336 
2669 0.365336 
2668 0.365336 
2667 0.365336 
1883 0.365336 
1805 0.365336 
1352 0.365336 
2261 0.365336 
1351 0.365336 
1350 0.365336 
1349 0.365336 
1886 0.365336 
561 0.365336 
562 0.365336 
1347 0.365336 
2302 0.365336 
1885 0.365336 
1884 0.365336 
563 0.365336 
1881 0.365336 
1882 0.365336 
1348 0.365336 
1600 0.348097 
1601 0.348097 
1059 0.348097 
1055 0.348097 
2964 0.348097 
1054 0.348097 
1627 0.348097 
1053 0.348097 
1414 0.348097 
1060 0.348097 
1501 0.348097 
1502 0.348097 
1507 0.348097 
1415 0.348097 
1508 0.348097 
1650 0.348097 
1413 0.348097 
1061 0.348097 
1065 0.348097 
1066 0.348097 
2027 0.348097 
692 0.348097 
1067 0.348097 
2162 0.348097 
691 0.348097 
902 0.348097 
1815 0.348097 
1046 0.348097 
1045 0.348097 
1044 0.348097 
1816 0.348097 
1817 0.348097 
1827 0.348097 
1828 0.348097 
1829 0.348097 
1860 0.348097 
1861 0.348097 
1700 0.348097 
900 0.348097 
901 0.348097 
932 0.348097 
906 0.348097 
907 0.348097 
908 0.348097 
1862 0.348097 
915 0.348097 
916 0.348097 
917 0.348097 
918 0.348097 
919 0.348097 
920 0.348097 
1652 0.348097 
1651 0.348097 
930 0.348097 
931 0.348097 
302 0.348097 
2419 0.348097 
2420 0.348097 
2900 0.348097 
2899 0.348097 
3042 0.348097 
326 0.348097 
325 0.348097 
324 0.348097 
2898 0.348097 
308 0.348097 
307 0.348097 
306 0.348097 
2418 0.348097 
301 0.348097 
300 0.348097 
1296 0.348097 
1200 0.348097 
293 0.348097 
292 0.348097 
291 0.348097 
1201 0.348097 
1202 0.348097 
2585 0.348097 
281 0.348097 
488 0.348097 
512 0.348097 
511 0.348097 
510 0.348097 
509 0.348097 
508 0.348097 
507 0.348097 
500 0.348097 
499 0.348097 
498 0.348097 
491 0.348097 
490 0.348097 
489 0.348097 
280 0.348097 
487 0.348097 
486 0.348097 
485 0.348097 
484 0.348097 
483 0.348097 
452 0.348097 
451 0.348097 
450 0.348097 
449 0.348097 
448 0.348097 
447 0.348097 
124 0.348097 
1270 0.348097 
1269 0.348097 
99 0.348097 
1262 0.348097 
2804 0.348097 
2820 0.348097 
1261 0.348097 
2839 0.348097 
128 0.348097 
127 0.348097 
126 0.348097 
125 0.348097 
1271 0.348097 
123 0.348097 
1260 0.348097 
1259 0.348097 
1258 0.348097 
116 0.348097 
115 0.348097 
114 0.348097 
2852 0.348097 
1257 0.348097 
100 0.348097 
2860 0.348097 
2647 0.348097 
279 0.348097 
2597 0.348097 
2604 0.348097 
2605 0.348097 
2606 0.348097 
2897 0.348097 
2896 0.348097 
2895 0.348097 
2610 0.348097 
1209 0.348097 
1210 0.348097 
1211 0.348097 
686 0.348097 
2648 0.348097 
2680 0.348097 
1295 0.348097 
1294 0.348097 
1293 0.348097 
1286 0.348097 
1285 0.348097 
1284 0.348097 
161 0.348097 
160 0.348097 
159 0.348097 
547 0.348097 
63 0.348097 
543 0.348097 
1094 0.348097 
684 0.348097 
1093 0.348097 
68 0.348097 
101 0.348097 
2070 0.348097 
1092 0.348097 
66 0.348097 
2072 0.348097 
67 0.348097 
1392 0.348097 
64 0.348097 
65 0.348097 
1393 0.348097 
1394 0.348097 
685 0.348097 
690 0.348097 
544 0.348097 
2071 0.348097 
545 0.348097 
38 0.335566 
36 0.335566 
37 0.335566 
2532 0.335566 
1572 0.335566 
1573 0.335566 
1574 0.335566 
757 0.335566 
2732 0.335566 
657 0.335566 
635 0.335566 
1405 0.335566 
1406 0.335566 
2172 0.335566 
2173 0.335566 
1971 0.335566 
1972 0.335566 
860 0.335566 
625 0.335566 
1590 0.335566 
648 0.335566 
649 0.335566 
612 0.335566 
650 0.335566 
1236 0.335566 
599 0.335566 
598 0.335566 
597 0.335566 
1237 0.335566 
2741 0.335566 
2733 0.335566 
624 0.335566 
2533 0.335566 
1238 0.335566 
626 0.335566 
633 0.335566 
634 0.335566 
573 0.335566 
756 0.335566 
2940 0.335566 
2538 0.335566 
758 0.335566 
2890 0.335566 
2160 0.335566 
2161 0.335566 
2534 0.335566 
2194 0.335566 
1154 0.335566 
859 0.335566 
1152 0.335566 
1922 0.335566 
1404 0.335566 
56 0.335566 
638 0.335566 
1973 0.335566 
55 0.335566 
2185 0.335566 
54 0.335566 
2193 0.335566 
1153 0.335566 
2686 0.335566 
2691 0.335566 
2692 0.335566 
2693 0.335566 
1603 0.335566 
1602 0.335566 
2697 0.335566 
2698 0.335566 
636 0.335566 
637 0.335566 
1597 0.335566 
437 0.335566 
858 0.335566 
2174 0.335566 
2184 0.335566 
2941 0.335566 
2942 0.335566 
2385 0.335566 
2006 0.335566 
2360 0.335566 
1628 0.335566 
1591 0.335566 
1526 0.335566 
1596 0.335566 
2314 0.335566 
436 0.335566 
435 0.335566 
2315 0.335566 
1592 0.335566 
428 0.335566 
427 0.335566 
426 0.335566 
2342 0.335566 
1499 0.276642 
2520 0.276642 
1498 0.276642 
1216 0.276642 
1217 0.276642 
1215 0.276642 
1983 0.276642 
1497 0.276642 
2437 0.276642 
2277 0.276642 
2267 0.276642 
2231 0.276642 
803 0.276642 
1571 0.276642 
802 0.276642 
801 0.276642 
653 0.276642 
2219 0.276642 
2217 0.276642 
1463 0.276642 
1462 0.276642 
1461 0.276642 
2218 0.276642 
2142 0.259099 
2720 0.259099 
2910 0.259099 
2143 0.259099 
2144 0.259099 
2970 0.235400 
2780 0.235400 
2204 0.235400 
2203 0.235400 
2202 0.235400 
647 0.224928 
1566 0.224928 
1013 0.224928 
1012 0.224928 
30 0.224928 
1568 0.224928 
2819 0.224928 
1011 0.224928 
2953 0.224928 
646 0.224928 
645 0.224928 
2838 0.224928 
1539 0.224928 
31 0.224928 
2954 0.224928 
32 0.224928 
2952 0.224928 
2367 0.224928 
1752 0.224928 
1753 0.224928 
1754 0.224928 
1758 0.224928 
1759 0.224928 
1760 0.224928 
2458 0.224928 
1781 0.224928 
1367 0.224928 
2951 0.224928 
2373 0.224928 
2369 0.224928 
2368 0.224928 
217 0.224928 
1803 0.224928 
1804 0.224928 
2325 0.224928 
2963 0.224928 
1139 0.224928 
1907 0.224928 
1138 0.224928 
1906 0.224928 
1905 0.224928 
1366 0.224928 
1365 0.224928 
1137 0.224928 
3009 0.224928 
267 0.224928 
623 0.224928 
26 0.224928 
268 0.224928 
1661 0.224928 
25 0.224928 
269 0.224928 
2522 0.224928 
2961 0.224928 
2589 0.224928 
24 0.224928 
2135 0.224928 
2962 0.224928 
893 0.224928 
892 0.224928 
891 0.224928 
224 0.224928 
223 0.224928 
2528 0.224928 
222 0.224928 
218 0.224928 
216 0.224928 
15 0.224261 
1161 0.224261 
1162 0.224261 
1163 0.224261 
16 0.224261 
17 0.224261 
1308 0.224261 
1310 0.224261 
676 0.224261 
1309 0.224261 
2078 0.224261 
2159 0.224261 
2351 0.224261 
2949 0.224261 
2395 0.224261 
2396 0.224261 
2183 0.224261 
1931 0.224261 
2182 0.224261 
2341 0.224261 
2158 0.224261 
2157 0.224261 
2150 0.224261 
2181 0.224261 
2547 0.224261 
2548 0.224261 
2549 0.224261 
2553 0.224261 
2212 0.224261 
2244 0.224261 
2245 0.224261 
2246 0.224261 
467 0.224261 
466 0.224261 
465 0.224261 
443 0.224261 
2213 0.224261 
2571 0.224261 
2211 0.224261 
442 0.224261 
441 0.224261 
2301 0.224261 
677 0.224261 
675 0.224261 
2321 0.224261 
1581 0.224261 
1636 0.224261 
1635 0.224261 
2771 0.224261 
2772 0.224261 
2773 0.224261 
2774 0.224261 
1583 0.224261 
1582 0.224261 
2759 0.224261 
1553 0.224261 
1552 0.224261 
1551 0.224261 
2778 0.224261 
2779 0.224261 
2803 0.224261 
2036 0.224261 
2611 0.224261 
2572 0.224261 
2573 0.224261 
2971 0.224261 
2981 0.224261 
47 0.224261 
46 0.224261 
45 0.224261 
2577 0.224261 
2612 0.224261 
615 0.224261 
2706 0.224261 
2034 0.224261 
188 0.224261 
2035 0.224261 
2747 0.224261 
2138 0.150534 
552 0.150534 
553 0.150534 
554 0.150534 
1380 0.150534 
1381 0.150534 
600 0.150534 
2137 0.150534 
2136 0.150534 
1534 0.150534 
372 0.150534 
2858 0.150534 
182 0.150534 
2710 0.150534 
2678 0.150534 
2519 0.150534 
2518 0.150534 
2906 0.150534 
2475 0.150534 
1343 0.150534 
373 0.150534 
374 0.150534 
2349 0.150534 
1336 0.150534 
1337 0.150534 
1341 0.150534 
1342 0.150534 
1941 0.150534 
601 0.150534 
1910 0.150534 
1909 0.150534 
1908 0.150534 
2088 0.150534 
2089 0.150534 
1942 0.150534 
750 0.150534 
2090 0.150534 
751 0.150534 
752 0.150534 
1943 0.150534 
602 0.150534 
2542 0.143370 
2530 0.143370 
2529 0.143370 
2347 0.143370 
2516 0.143370 
2515 0.143370 
1180 0.143370 
1179 0.143370 
1938 0.143370 
2473 0.143370 
1939 0.143370 
1940 0.143370 
1181 0.143370 
2707 0.143370 
1531 0.143370 
1247 0.143370 
1246 0.143370 
1245 0.143370 
1235 0.143370 
1234 0.143370 
1233 0.143370 
2770 0.143370 
2734 0.143370 
181 0.143370 
2543 0.143370 
2885 0.143370 
273 0.143370 
274 0.143370 
275 0.143370 
2579 0.143370 
2578 0.143370 
1809 0.143370 
1810 0.143370 
1196 0.143370 
1333 0.143370 
1384 0.143370 
2003 0.143370 
2002 0.143370 
2001 0.143370 
1383 0.143370 
1967 0.143370 
1966 0.143370 
1965 0.143370 
579 0.143370 
580 0.143370 
581 0.143370 
2015 0.143370 
1334 0.143370 
1340 0.143370 
2117 0.143370 
1949 0.143370 
1339 0.143370 
2116 0.143370 
2115 0.143370 
1338 0.143370 
1717 0.129977 
1724 0.129977 
2655 0.129977 
1 0.129977 
1764 0.129977 
2726 0.129977 
2725 0.129977 
2683 0.129977 
2724 0.129977 
2060 0.129977 
1718 0.129977 
1722 0.129977 
1723 0.129977 
2708 0.129977 
2059 0.129977 
1716 0.129977 
1604 0.129977 
1586 0.129977 
1585 0.129977 
1584 0.129977 
1546 0.129977 
1537 0.129977 
1536 0.129977 
2827 0.129977 
2847 0.129977 
2848 0.129977 
2849 0.129977 
2853 0.129977 
2100 0.129977 
2854 0.129977 
1944 0.129977 
1920 0.129977 
2300 0.129977 
1958 0.129977 
2514 0.129977 
2510 0.129977 
1957 0.129977 
1956 0.129977 
1954 0.129977 
2509 0.129977 
2508 0.129977 
3039 0.129977 
1921 0.129977 
1929 0.129977 
1930 0.129977 
2471 0.129977 
2470 0.129977 
1953 0.129977 
2382 0.129977 
2354 0.129977 
1945 0.129977 
1771 0.129977 
2635 0.129977 
1765 0.129977 
1770 0.129977 
2058 0.129977 
1410 0.129977 
3046 0.129977 
1411 0.129977 
1412 0.129977 
2014 0.129977 
2636 0.129977 
1808 0.129977 
2013 0.129977 
2005 0.129977 
1887 0.129977 
2004 0.129977 
1888 0.129977 
1889 0.129977 
1988 0.129977 
1190 0.129977 
384 0.129977 
353 0.129977 
420 0.129977 
421 0.129977 
422 0.129977 
1220 0.129977 
1219 0.129977 
1218 0.129977 
402 0.129977 
403 0.129977 
404 0.129977 
50 0.129977 
49 0.129977 
836 0.129977 
1038 0.129977 
1189 0.129977 
1188 0.129977 
2 0.129977 
1039 0.129977 
1040 0.129977 
565 0.129977 
48 0.129977 
228 0.129977 
229 0.129977 
230 0.129977 
11 0.129977 
10 0.129977 
730 0.129977 
234 0.129977 
0 0.129977 
236 0.129977 
235 0.129977 
835 0.129977 
834 0.129977 
352 0.129977 
351 0.129977 
2239 0.097898 
2427 0.097898 
2238 0.097898 
2433 0.097898 
2195 0.097898 
2489 0.097898 
2488 0.097898 
2487 0.097898 
2429 0.097898 
2481 0.097898 
2428 0.097898 
2443 0.097898 
2240 0.097898 
1427 0.097898 
1426 0.097898 
1425 0.097898 
2493 0.097898 
3011 0.097898 
3032 0.097898 
3071 0.097898 
3051 0.097898 
3052 0.097898 
3053 0.097898 
3054 0.097898 
1565 0.097898 
707 0.097898 
706 0.097898 
705 0.097898 
2459 0.097898 
1640 0.097898 
153 0.097898 
1689 0.097898 
1690 0.097898 
154 0.097898 
1691 0.097898 
155 0.097898 
755 0.097898 
797 0.097898 
765 0.097898 
766 0.097898 
184 0.097898 
767 0.097898 
1520 0.097898 
1519 0.097898 
1518 0.097898 
872 0.097898 
871 0.097898 
870 0.097898 
795 0.097898 
796 0.097898 
2526 0.097898 
2288 0.097898 
2316 0.097898 
3063 0.097898 
3056 0.097898 
3055 0.097898 
1919 0.089506 
2123 0.089506 
2122 0.089506 
382 0.089506 
383 0.089506 
2687 0.089506 
2121 0.089506 
2479 0.089506 
381 0.089506 
2889 0.089506 
1199 0.089506 
2699 0.089506 
1917 0.089506 
1197 0.089506 
1918 0.089506 
1578 0.087072 
2251 0.087072 
614 0.087072 
44 0.087072 
187 0.087072 
1160 0.087072 
2744 0.087072 
42 0.087072 
438 0.087072 
2375 0.087072 
2546 0.087072 
1579 0.087072 
1580 0.087072 
43 0.087072 
2348 0.087072 
2751 0.087072 
2249 0.087072 
439 0.087072 
2248 0.087072 
2247 0.087072 
2374 0.087072 
2318 0.087072 
2950 0.087072 
1928 0.087072 
1550 0.087072 
1549 0.087072 
1548 0.087072 
2210 0.087072 
2550 0.087072 
440 0.087072 
2209 0.087072 
2208 0.087072 
1158 0.087072 
1283 0.087072 
2012 0.087072 
2051 0.087072 
2153 0.087072 
1633 0.087072 
1632 0.087072 
2154 0.087072 
2155 0.087072 
672 0.087072 
2544 0.087072 
2758 0.087072 
673 0.087072 
1159 0.087072 
575 0.087072 
674 0.087072 
2765 0.087072 
14 0.087072 
2340 0.087072 
13 0.087072 
12 0.087072 
2156 0.087072 
1997 0.087072 
461 0.087072 
1242 0.087072 
1243 0.087072 
1244 0.087072 
1995 0.087072 
1996 0.087072 
460 0.087072 
459 0.087072 
2752 0.087072 
2298 0.087072 
2545 0.087072 
2753 0.087072 
2757 0.087072 
2978 0.087072 
1281 0.087072 
1282 0.087072 
8 0.083272 
1637 0.083272 
2700 0.083272 
2322 0.083272 
386 0.083272 
587 0.083272 
586 0.083272 
2891 0.083272 
2826 0.083272 
585 0.083272 
198 0.083272 
2702 0.083272 
2701 0.083272 
418 0.083272 
170 0.083272 
169 0.083272 
621 0.083272 
168 0.083272 
2795 0.083272 
396 0.083272 
2580 0.083272 
385 0.083272 
417 0.083272 
1934 0.083272 
2939 0.083272 
2938 0.083272 
2937 0.083272 
2928 0.083272 
2929 0.083272 
419 0.083272 
397 0.083272 
398 0.083272 
2930 0.083272 
595 0.083272 
1706 0.083272 
589 0.083272 
590 0.083272 
1705 0.083272 
1704 0.083272 
1932 0.083272 
1933 0.083272 
2129 0.083272 
594 0.083272 
588 0.083272 
2125 0.083272 
2124 0.083272 
1007 0.083272 
1006 0.083272 
1005 0.083272 
2474 0.083272 
2504 0.083272 
596 0.083272 
2449 0.083272 
1166 0.083272 
1735 0.083272 
1736 0.083272 
2307 0.083272 
1900 0.083272 
1165 0.083272 
868 0.083272 
1361 0.083272 
1360 0.083272 
2985 0.083272 
1740 0.083272 
1741 0.083272 
869 0.083272 
1899 0.083272 
409 0.083272 
1359 0.083272 
1148 0.083272 
1775 0.083272 
1746 0.083272 
408 0.083272 
1747 0.083272 
395 0.083272 
1901 0.083272 
393 0.083272 
1147 0.083272 
1734 0.083272 
394 0.083272 
2308 0.083272 
1164 0.083272 
1145 0.083272 
2309 0.083272 
410 0.083272 
1144 0.083272 
2313 0.083272 
1143 0.083272 
1131 0.083272 
1132 0.083272 
867 0.083272 
1133 0.083272 
199 0.083272 
200 0.083272 
1146 0.083272 
1766 0.057005 
1332 0.057005 
1842 0.057005 
1643 0.057005 
740 0.057005 
739 0.057005 
618 0.057005 
3044 0.057005 
830 0.057005 
828 0.057005 
2460 0.057005 
3028 0.057005 
948 0.057005 
949 0.057005 
950 0.057005 
954 0.057005 
955 0.057005 
1598 0.057005 
956 0.057005 
2461 0.057005 
829 0.057005 
738 0.057005 
2462 0.057005 
3029 0.057005 
3020 0.057005 
3019 0.057005 
3030 0.057005 
3031 0.057005 
1124 0.057005 
3027 0.057005 
2466 0.057005 
1843 0.057005 
1844 0.057005 
1074 0.057005 
2291 0.057005 
2445 0.057005 
1267 0.057005 
1023 0.057005 
1024 0.057005 
1025 0.057005 
1026 0.057005 
1076 0.057005 
884 0.057005 
883 0.057005 
882 0.057005 
1075 0.057005 
997 0.057005 
873 0.057005 
1064 0.057005 
2317 0.057005 
1063 0.057005 
1062 0.057005 
874 0.057005 
875 0.057005 
876 0.057005 
877 0.057005 
878 0.057005 
2482 0.057005 
2243 0.057005 
1087 0.057005 
1086 0.057005 
3064 0.057005 
2242 0.057005 
2241 0.057005 
1085 0.057005 
1084 0.057005 
1088 0.057005 
998 0.057005 
1083 0.057005 
2527 0.057005 
185 0.057005 
1532 0.057005 
1266 0.057005 
996 0.057005 
1523 0.057005 
1268 0.057005 
1522 0.057005 
1521 0.057005 
983 0.039951 
1254 0.039951 
2024 0.039951 
1255 0.039951 
1812 0.039951 
276 0.039951 
1256 0.039951 
1275 0.039951 
2825 0.039951 
2884 0.039951 
783 0.039951 
784 0.039951 
1751 0.039951 
785 0.039951 
749 0.039951 
748 0.039951 
789 0.039951 
278 0.039951 
747 0.039951 
2582 0.039951 
790 0.039951 
1813 0.039951 
1276 0.039951 
791 0.039951 
1277 0.039951 
2859 0.039951 
2800 0.039951 
2915 0.039951 
1841 0.039951 
277 0.039951 
1826 0.039951 
1825 0.039951 
1824 0.039951 
2594 0.039951 
1814 0.039951 
1506 0.039951 
1071 0.039951 
1467 0.039951 
1468 0.039951 
1469 0.039951 
214 0.039951 
213 0.039951 
2679 0.039951 
1031 0.039951 
1030 0.039951 
1029 0.039951 
1503 0.039951 
1504 0.039951 
1505 0.039951 
1072 0.039951 
1022 0.039951 
1515 0.039951 
1516 0.039951 
1517 0.039951 
2331 0.039951 
1021 0.039951 
1020 0.039951 
2332 0.039951 
609 0.039951 
995 0.039951 
610 0.039951 
611 0.039951 
2333 0.039951 
2271 0.039951 
3041 0.039951 
2285 0.039951 
1331 0.039951 
1371 0.039951 
1372 0.039951 
1373 0.039951 
1374 0.039951 
1375 0.039951 
1376 0.039951 
1330 0.039951 
1116 0.039951 
2273 0.039951 
2272 0.039951 
288 0.039951 
1329 0.039951 
2994 0.039951 
2993 0.039951 
2992 0.039951 
2991 0.039951 
1325 0.039951 
1324 0.039951 
1323 0.039951 
519 0.039951 
520 0.039951 
521 0.039951 
215 0.039951 
1073 0.039951 
969 0.039951 
1626 0.039951 
971 0.039951 
2337 0.039951 
2055 0.039951 
940 0.039951 
970 0.039951 
941 0.039951 
945 0.039951 
993 0.039951 
2056 0.039951 
962 0.039951 
961 0.039951 
960 0.039951 
2057 0.039951 
947 0.039951 
946 0.039951 
986 0.039951 
982 0.039951 
984 0.039951 
994 0.039951 
985 0.039951 
2045 0.039951 
981 0.039951 
939 0.039951 
289 0.039951 
290 0.039951 
469 0.024076 
1870 0.024076 
481 0.024076 
112 0.024076 
1871 0.024076 
113 0.024076 
2359 0.024076 
2358 0.024076 
2256 0.024076 
2356 0.024076 
2355 0.024076 
470 0.024076 
2257 0.024076 
479 0.024076 
2417 0.024076 
478 0.024076 
2416 0.024076 
477 0.024076 
2598 0.024076 
2286 0.024076 
2031 0.024076 
2637 0.024076 
2279 0.024076 
2032 0.024076 
2033 0.024076 
2023 0.024076 
2278 0.024076 
2022 0.024076 
2784 0.024076 
1869 0.024076 
2653 0.024076 
2043 0.024076 
2266 0.024076 
2265 0.024076 
1848 0.024076 
1849 0.024076 
468 0.024076 
1850 0.024076 
2599 0.024076 
111 0.024076 
719 0.024076 
136 0.024076 
137 0.024076 
2080 0.024076 
2081 0.024076 
712 0.024076 
2171 0.024076 
713 0.024076 
1987 0.024076 
1986 0.024076 
1985 0.024076 
1984 0.024076 
711 0.024076 
2791 0.024076 
2087 0.024076 
2408 0.024076 
2801 0.024076 
2632 0.024076 
2134 0.024076 
2407 0.024076 
2745 0.024076 
2133 0.024076 
2821 0.024076 
2633 0.024076 
2790 0.024076 
495 0.024076 
2044 0.024076 
2785 0.024076 
2017 0.024076 
2016 0.024076 
2786 0.024076 
496 0.024076 
2230 0.024076 
2229 0.024076 
2631 0.024076 
497 0.024076 
2415 0.024076 
525 0.024076 
135 0.024076 
526 0.024076 
527 0.024076 
2835 0.024076 
2833 0.024076 
2618 0.024076 
548 0.024076 
2832 0.024076 
2831 0.024076 
104 0.024076 
2441 0.024076 
1403 0.024076 
1402 0.024076 
1401 0.024076 
1672 0.024076 
1671 0.024076 
312 0.024076 
313 0.024076 
1649 0.024076 
1318 0.024076 
314 0.024076 
2593 0.024076 
2592 0.024076 
1648 0.024076 
2455 0.024076 
2454 0.024076 
1317 0.024076 
2976 0.024076 
102 0.024076 
2977 0.024076 
1697 0.024076 
2452 0.024076 
103 0.024076 
1175 0.024076 
2451 0.024076 
1673 0.024076 
2983 0.024076 
2968 0.024076 
1647 0.024076 
1173 0.024076 
1174 0.024076 
1639 0.024076 
335 0.024076 
1101 0.024076 
334 0.024076 
333 0.024076 
1103 0.024076 
1319 0.024076 
1102 0.024076 
1638 0.024076 
664 0.021137 
2199 0.021137 
2200 0.021137 
2201 0.021137 
2969 0.021137 
663 0.021137 
665 0.021137 
139 -0.114297 
1676 -0.114297 
1675 -0.114297 
1674 -0.114297 
1431 -0.114297 
536 -0.114297 
1621 -0.114297 
1606 -0.114297 
534 -0.114297 
1608 -0.114297 
2444 -0.114297 
138 -0.114297 
84 -0.114297 
85 -0.114297 
1609 -0.114297 
86 -0.114297 
1445 -0.114297 
1610 -0.114297 
535 -0.114297 
265 -0.114297 
1629 -0.114297 
2621 -0.114297 
1630 -0.114297 
2986 -0.114297 
264 -0.114297 
2252 -0.114297 
726 -0.114297 
74 -0.114297 
316 -0.114297 
266 -0.114297 
1641 -0.114297 
2794 -0.114297 
2793 -0.114297 
317 -0.114297 
1428 -0.114297 
1429 -0.114297 
1430 -0.114297 
1622 -0.114297 
2287 -0.114297 
33 -0.114297 
34 -0.114297 
35 -0.114297 
1454 -0.114297 
1620 -0.114297 
2412 -0.114297 
2904 -0.114297 
140 -0.114297 
1642 -0.114297 
1453 -0.114297 
1452 -0.114297 
1106 -0.114297 
1105 -0.114297 
1104 -0.114297 
315 -0.114297 
814 -0.114297 
1527 -0.114297 
2378 -0.114297 
818 -0.114297 
817 -0.114297 
816 -0.114297 
815 -0.114297 
852 -0.114297 
853 -0.114297 
854 -0.114297 
851 -0.114297 
813 -0.114297 
1851 -0.114297 
1852 -0.114297 
1853 -0.114297 
1569 -0.114297 
1570 -0.114297 
2222 -0.114297 
2376 -0.114297 
826 -0.114297 
1444 -0.114297 
1443 -0.114297 
840 -0.114297 
841 -0.114297 
842 -0.114297 
2787 -0.114297 
827 -0.114297 
1657 -0.114297 
1656 -0.114297 
2788 -0.114297 
825 -0.114297 
2019 -0.114297 
2020 -0.114297 
1560 -0.114297 
1561 -0.114297 
1528 -0.114297 
849 -0.114297 
850 -0.114297 
95 -0.114297 
2646 -0.114297 
804 -0.114297 
1434 -0.114297 
2642 -0.114297 
1433 -0.114297 
2980 -0.114297 
654 -0.114297 
2413 -0.114297 
2411 -0.114297 
805 -0.114297 
655 -0.114297 
94 -0.114297 
2840 -0.114297 
2410 -0.114297 
93 -0.114297 
656 -0.114297 
2836 -0.114297 
1432 -0.114297 
73 -0.114297 
2979 -0.114297 
2640 -0.114297 
1484 -0.114297 
72 -0.114297 
2641 -0.114297 
2789 -0.114297 
1483 -0.114297 
806 -0.114297 
2862 -0.114297 
1666 -0.114297 
1872 -0.114297 
1873 -0.114297 
1874 -0.114297 
1482 -0.114297 
1436 -0.114297 
1435 -0.114297 
1665 -0.114297 
2685 -0.114427 
837 -0.114427 
53 -0.114427 
52 -0.114427 
2727 -0.114427 
2728 -0.114427 
2729 -0.114427 
2730 -0.114427 
51 -0.114427 
2738 -0.114427 
2103 -0.114427 
2711 -0.114427 
1041 -0.114427 
1042 -0.114427 
1043 -0.114427 
566 -0.114427 
2695 -0.114427 
2383 -0.114427 
1587 -0.114427 
1588 -0.114427 
2694 -0.114427 
1589 -0.114427 
2690 -0.114427 
2689 -0.114427 
2688 -0.114427 
838 -0.114427 
2063 -0.114427 
2062 -0.114427 
2061 -0.114427 
1607 -0.114427 
405 -0.114427 
406 -0.114427 
387 -0.114427 
434 -0.114427 
4 -0.114427 
1774 -0.114427 
1773 -0.114427 
2312 -0.114427 
2311 -0.114427 
1768 -0.114427 
1767 -0.114427 
389 -0.114427 
388 -0.114427 
1191 -0.114427 
2303 -0.114427 
2881 -0.114427 
237 -0.114427 
233 -0.114427 
2887 -0.114427 
2830 -0.114427 
1727 -0.114427 
1726 -0.114427 
1725 -0.114427 
1221 -0.114427 
839 -0.114427 
1811 -0.114427 
2357 -0.114427 
2517 -0.114427 
2513 -0.114427 
2512 -0.114427 
2511 -0.114427 
1223 -0.114427 
1222 -0.114427 
407 -0.114427 
423 -0.114427 
1193 -0.114427 
424 -0.114427 
425 -0.114427 
2638 -0.114427 
2639 -0.114427 
1192 -0.114427 
432 -0.114427 
433 -0.114427 
731 -0.114427 
1947 -0.114427 
1948 -0.114427 
1950 -0.114427 
1951 -0.114427 
231 -0.114427 
1959 -0.114427 
1960 -0.114427 
1961 -0.114427 
1720 -0.114427 
1968 -0.114427 
1969 -0.114427 
1970 -0.114427 
1991 -0.114427 
2007 -0.114427 
2008 -0.114427 
2010 -0.114427 
2011 -0.114427 
1721 -0.114427 
1719 -0.114427 
1926 -0.114427 
239 -0.114427 
232 -0.114427 
238 -0.114427 
1927 -0.114427 
2372 -0.171147 
2537 -0.171147 
2536 -0.171147 
2535 -0.171147 
1408 -0.171147 
1409 -0.171147 
186 -0.171147 
2345 -0.171147 
2371 -0.171147 
1529 -0.171147 
2363 -0.171147 
2250 -0.171147 
1239 -0.171147 
1240 -0.171147 
1241 -0.171147 
41 -0.171147 
632 -0.171147 
57 -0.171147 
58 -0.171147 
40 -0.171147 
457 -0.171147 
458 -0.171147 
39 -0.171147 
1155 -0.171147 
2175 -0.171147 
2167 -0.171147 
2166 -0.171147 
2176 -0.171147 
2386 -0.171147 
2541 -0.171147 
1407 -0.171147 
1156 -0.171147 
574 -0.171147 
2177 -0.171147 
1157 -0.171147 
431 -0.171147 
430 -0.171147 
429 -0.171147 
2187 -0.171147 
2188 -0.171147 
456 -0.171147 
1993 -0.171147 
1576 -0.171147 
1577 -0.171147 
2748 -0.171147 
2749 -0.171147 
863 -0.171147 
1994 -0.171147 
2750 -0.171147 
627 -0.171147 
628 -0.171147 
629 -0.171147 
630 -0.171147 
631 -0.171147 
59 -0.171147 
1992 -0.171147 
1925 -0.171147 
639 -0.171147 
640 -0.171147 
641 -0.171147 
2762 -0.171147 
1593 -0.171147 
2754 -0.171147 
1594 -0.171147 
2755 -0.171147 
1595 -0.171147 
861 -0.171147 
2947 -0.171147 
613 -0.171147 
759 -0.171147 
2945 -0.171147 
2944 -0.171147 
760 -0.171147 
2735 -0.171147 
2009 -0.171147 
862 -0.171147 
761 -0.171147 
1631 -0.171147 
2943 -0.171147 
1575 -0.171147 
1660 -0.204715 
2645 -0.204715 
2644 -0.204715 
318 -0.204715 
2815 -0.204715 
1678 -0.204715 
1439 -0.204715 
1679 -0.204715 
92 -0.204715 
1542 -0.204715 
91 -0.204715 
2381 -0.204715 
2643 -0.204715 
1677 -0.204715 
1438 -0.204715 
857 -0.204715 
2377 -0.204715 
2843 -0.204715 
2225 -0.204715 
1437 -0.204715 
1662 -0.204715 
1664 -0.204715 
320 -0.204715 
2624 -0.204715 
2280 -0.204715 
319 -0.204715 
2814 -0.204715 
2810 -0.204715 
2809 -0.204715 
3007 -0.204715 
3001 -0.204715 
2808 -0.204715 
3000 -0.204715 
2905 -0.204715 
1109 -0.204715 
1108 -0.204715 
1107 -0.204715 
90 -0.204715 
141 -0.204715 
77 -0.204715 
2289 -0.204715 
2447 -0.204715 
76 -0.204715 
142 -0.204715 
2255 -0.204715 
143 -0.204715 
75 -0.204715 
727 -0.204715 
87 -0.204715 
2649 -0.204715 
88 -0.204715 
89 -0.204715 
821 -0.204715 
539 -0.204715 
1457 -0.204715 
1856 -0.204715 
1855 -0.204715 
1854 -0.204715 
659 -0.204715 
856 -0.204715 
812 -0.204715 
855 -0.204715 
1485 -0.204715 
1486 -0.204715 
1487 -0.204715 
819 -0.204715 
820 -0.204715 
1659 -0.204715 
822 -0.204715 
823 -0.204715 
848 -0.204715 
1524 -0.204715 
1525 -0.204715 
847 -0.204715 
846 -0.204715 
824 -0.204715 
845 -0.204715 
2431 -0.204715 
2432 -0.204715 
844 -0.204715 
843 -0.204715 
811 -0.204715 
1307 -0.204715 
807 -0.204715 
1612 -0.204715 
1611 -0.204715 
808 -0.204715 
809 -0.204715 
810 -0.204715 
2763 -0.204715 
1455 -0.204715 
2761 -0.204715 
2865 -0.204715 
1613 -0.204715 
2764 -0.204715 
1623 -0.204715 
2760 -0.204715 
2769 -0.204715 
1624 -0.204715 
537 -0.204715 
1625 -0.204715 
538 -0.204715 
1875 -0.204715 
1876 -0.204715 
1877 -0.204715 
1456 -0.204715 
2996 -0.211933 
3040 -0.211933 
2344 -0.211933 
1786 -0.211933 
1785 -0.211933 
2336 -0.211933 
2335 -0.211933 
2362 -0.211933 
3069 -0.211933 
1194 -0.211933 
2879 -0.211933 
1779 -0.211933 
1780 -0.211933 
2834 -0.211933 
2712 -0.211933 
700 -0.211933 
2718 -0.211933 
699 -0.211933 
2926 -0.211933 
2927 -0.211933 
528 -0.211933 
529 -0.211933 
530 -0.211933 
2714 -0.211933 
2739 -0.211933 
617 -0.211933 
2740 -0.211933 
2713 -0.211933 
2719 -0.211933 
2064 -0.211933 
2746 -0.211933 
2065 -0.211933 
2554 -0.211933 
2555 -0.211933 
2163 -0.211933 
2066 -0.211933 
251 -0.211933 
250 -0.211933 
2170 -0.211933 
2169 -0.211933 
2164 -0.211933 
2917 -0.211933 
737 -0.211933 
249 -0.211933 
736 -0.211933 
735 -0.211933 
2911 -0.211933 
2496 -0.211933 
2916 -0.211933 
1977 -0.211933 
1978 -0.211933 
1979 -0.211933 
2995 -0.211933 
2497 -0.211933 
2918 -0.211933 
3005 -0.211933 
2237 -0.211933 
2236 -0.211933 
2235 -0.211933 
2925 -0.211933 
701 -0.211933 
120 -0.221888 
328 -0.221888 
327 -0.221888 
309 -0.221888 
310 -0.221888 
296 -0.221888 
329 -0.221888 
295 -0.221888 
294 -0.221888 
2421 -0.221888 
2607 -0.221888 
2622 -0.221888 
283 -0.221888 
2588 -0.221888 
2602 -0.221888 
2620 -0.221888 
282 -0.221888 
284 -0.221888 
2619 -0.221888 
2601 -0.221888 
2613 -0.221888 
2600 -0.221888 
2623 -0.221888 
2422 -0.221888 
2608 -0.221888 
2609 -0.221888 
2616 -0.221888 
2423 -0.221888 
2556 -0.221888 
2557 -0.221888 
911 -0.221888 
1701 -0.221888 
2902 -0.221888 
2903 -0.221888 
903 -0.221888 
904 -0.221888 
905 -0.221888 
909 -0.221888 
910 -0.221888 
2901 -0.221888 
912 -0.221888 
913 -0.221888 
914 -0.221888 
1655 -0.221888 
1654 -0.221888 
1653 -0.221888 
921 -0.221888 
922 -0.221888 
97 -0.221888 
1818 -0.221888 
106 -0.221888 
105 -0.221888 
98 -0.221888 
1279 -0.221888 
1280 -0.221888 
1287 -0.221888 
1288 -0.221888 
923 -0.221888 
96 -0.221888 
1289 -0.221888 
1290 -0.221888 
2892 -0.221888 
2893 -0.221888 
2894 -0.221888 
1703 -0.221888 
1082 -0.221888 
1050 -0.221888 
1051 -0.221888 
1052 -0.221888 
1472 -0.221888 
1471 -0.221888 
1470 -0.221888 
1080 -0.221888 
1081 -0.221888 
1049 -0.221888 
1095 -0.221888 
1096 -0.221888 
1097 -0.221888 
1397 -0.221888 
1396 -0.221888 
1395 -0.221888 
1292 -0.221888 
3045 -0.221888 
60 -0.221888 
933 -0.221888 
934 -0.221888 
935 -0.221888 
71 -0.221888 
70 -0.221888 
69 -0.221888 
62 -0.221888 
61 -0.221888 
1819 -0.221888 
2965 -0.221888 
1511 -0.221888 
1510 -0.221888 
1509 -0.221888 
1291 -0.221888 
1047 -0.221888 
1048 -0.221888 
1265 -0.221888 
505 -0.221888 
506 -0.221888 
513 -0.221888 
514 -0.221888 
515 -0.221888 
444 -0.221888 
1263 -0.221888 
1264 -0.221888 
504 -0.221888 
1232 -0.221888 
1231 -0.221888 
2165 -0.221888 
1230 -0.221888 
1229 -0.221888 
2075 -0.221888 
2074 -0.221888 
1820 -0.221888 
480 -0.221888 
445 -0.221888 
446 -0.221888 
453 -0.221888 
2650 -0.221888 
454 -0.221888 
455 -0.221888 
2651 -0.221888 
2656 -0.221888 
2073 -0.221888 
482 -0.221888 
2657 -0.221888 
2658 -0.221888 
2659 -0.221888 
501 -0.221888 
502 -0.221888 
503 -0.221888 
1864 -0.221888 
129 -0.221888 
122 -0.221888 
121 -0.221888 
1278 -0.221888 
119 -0.221888 
118 -0.221888 
117 -0.221888 
1865 -0.221888 
2047 -0.221888 
1863 -0.221888 
107 -0.221888 
2855 -0.221888 
1840 -0.221888 
1839 -0.221888 
1832 -0.221888 
1831 -0.221888 
1830 -0.221888 
1227 -0.221888 
2048 -0.221888 
2046 -0.221888 
687 -0.221888 
688 -0.221888 
689 -0.221888 
693 -0.221888 
694 -0.221888 
695 -0.221888 
717 -0.221888 
1228 -0.221888 
2807 -0.221888 
2823 -0.221888 
131 -0.221888 
130 -0.221888 
2842 -0.221888 
2531 -0.224029 
3067 -0.224029 
3 -0.224029 
2525 -0.224029 
2841 -0.224029 
227 -0.224029 
226 -0.224029 
225 -0.224029 
221 -0.224029 
220 -0.224029 
219 -0.224029 
176 -0.224029 
175 -0.224029 
174 -0.224029 
2796 -0.224029 
27 -0.224029 
1249 -0.224029 
2868 -0.224029 
2869 -0.224029 
2870 -0.224029 
2590 -0.224029 
2874 -0.224029 
2875 -0.224029 
2972 -0.224029 
29 -0.224029 
28 -0.224029 
1544 -0.224029 
2480 -0.224029 
1763 -0.224029 
1762 -0.224029 
1761 -0.224029 
1757 -0.224029 
1756 -0.224029 
1755 -0.224029 
1742 -0.224029 
1712 -0.224029 
1711 -0.224029 
972 -0.224029 
973 -0.224029 
974 -0.224029 
1564 -0.224029 
1563 -0.224029 
1710 -0.224029 
1540 -0.224029 
1014 -0.224029 
1015 -0.224029 
1016 -0.224029 
2394 -0.224029 
2390 -0.224029 
2389 -0.224029 
2388 -0.224029 
2326 -0.224029 
1448 -0.224029 
1447 -0.224029 
1446 -0.224029 
1442 -0.224029 
1441 -0.224029 
1440 -0.224029 
1250 -0.224029 
775 -0.224029 
774 -0.224029 
776 -0.224029 
2492 -0.224029 
2491 -0.224029 
668 -0.224029 
2018 -0.224029 
1305 -0.224029 
1298 -0.224029 
667 -0.224029 
1297 -0.224029 
1248 -0.224029 
666 -0.224029 
1784 -0.224029 
2258 -0.236990 
2672 -0.236990 
1032 -0.236990 
721 -0.236990 
2664 -0.236990 
2665 -0.236990 
2666 -0.236990 
722 -0.236990 
1880 -0.236990 
2670 -0.236990 
2671 -0.236990 
2281 -0.236990 
2290 -0.236990 
1033 -0.236990 
728 -0.236990 
2811 -0.236990 
1034 -0.236990 
1490 -0.236990 
2812 -0.236990 
2299 -0.236990 
1489 -0.236990 
1488 -0.236990 
2813 -0.236990 
2817 -0.236990 
78 -0.236990 
2863 -0.236990 
2094 -0.236990 
2095 -0.236990 
2096 -0.236990 
2101 -0.236990 
2102 -0.236990 
2106 -0.236990 
2107 -0.236990 
2108 -0.236990 
1802 -0.236990 
1857 -0.236990 
1858 -0.236990 
2818 -0.236990 
80 -0.236990 
79 -0.236990 
1543 -0.236990 
2907 -0.236990 
2151 -0.236990 
2152 -0.236990 
560 -0.236990 
559 -0.236990 
558 -0.236990 
1616 -0.236990 
1615 -0.236990 
1614 -0.236990 
1859 -0.236990 
1878 -0.236990 
1879 -0.236990 
2864 -0.236990 
720 -0.236990 
1111 -0.236990 
2384 -0.236990 
323 -0.236990 
322 -0.236990 
321 -0.236990 
1354 -0.236990 
3003 -0.236990 
3004 -0.236990 
1110 -0.236990 
1353 -0.236990 
1112 -0.236990 
2434 -0.236990 
2435 -0.236990 
3010 -0.236990 
1346 -0.236990 
1345 -0.236990 
1344 -0.236990 
1355 -0.236990 
2627 -0.236990 
2379 -0.236990 
2401 -0.267674 
658 -0.267674 
1667 -0.267674 
1417 -0.267674 
2186 -0.267674 
1416 -0.267674 
2439 -0.267674 
768 -0.267674 
2984 -0.267674 
1418 -0.267674 
1538 -0.267674 
680 -0.267674 
2406 -0.267674 
2402 -0.267674 
679 -0.267674 
898 -0.267674 
770 -0.267674 
2521 -0.267674 
897 -0.267674 
2400 -0.267674 
899 -0.267674 
769 -0.267674 
678 -0.267674 
1184 -0.268982 
2254 -0.268982 
190 -0.268982 
1952 -0.268982 
1183 -0.268982 
1182 -0.268982 
1782 -0.309374 
1777 -0.309374 
1783 -0.309374 
246 -0.309374 
2876 -0.309374 
2569 -0.309374 
1776 -0.309374 
2560 -0.309374 
2561 -0.309374 
2562 -0.309374 
2563 -0.309374 
2568 -0.309374 
2743 -0.309374 
2742 -0.309374 
19 -0.309374 
616 -0.309374 
2570 -0.309374 
18 -0.309374 
2737 -0.309374 
2736 -0.309374 
2502 -0.309374 
1924 -0.309374 
1923 -0.309374 
3066 -0.309374 
1946 -0.309374 
734 -0.309374 
2806 -0.309374 
733 -0.309374 
732 -0.309374 
1974 -0.309374 
1178 -0.309374 
1975 -0.309374 
1976 -0.309374 
2503 -0.309374 
698 -0.309374 
697 -0.309374 
2552 -0.309374 
696 -0.309374 
2782 -0.309374 
2781 -0.309374 
1177 -0.309374 
2500 -0.309374 
2499 -0.309374 
2777 -0.309374 
2776 -0.309374 
2775 -0.309374 
1176 -0.309374 
2037 -0.309374 
2768 -0.309374 
2551 -0.309374 
2038 -0.309374 
2039 -0.309374 
463 -0.309374 
2922 -0.309374 
2615 -0.309374 
2614 -0.309374 
2923 -0.309374 
2999 -0.309374 
2924 -0.309374 
1554 -0.309374 
1555 -0.309374 
1556 -0.309374 
462 -0.309374 
248 -0.309374 
2583 -0.309374 
464 -0.309374 
2584 -0.309374 
2398 -0.309374 
2234 -0.309374 
2233 -0.309374 
2232 -0.309374 
2586 -0.309374 
2587 -0.309374 
2998 -0.309374 
3002 -0.309374 
247 -0.309374 
2353 -0.309374 
2352 -0.309374 
2596 -0.309374 
2574 -0.309374 
20 -0.309374 
3037 -0.309374 
2343 -0.309374 
2921 -0.309374 
189 -0.309374 
2324 -0.309374 
2595 -0.309374 
2919 -0.309374 
2399 -0.309374 
2974 -0.309374 
2709 -0.309374 
2920 -0.309374 
1894 -0.380463 
1533 -0.380463 
1895 -0.380463 
1390 -0.380463 
1896 -0.380463 
1897 -0.380463 
1898 -0.380463 
1389 -0.380463 
7 -0.380463 
1151 -0.380463 
1478 -0.380463 
1477 -0.380463 
2982 -0.380463 
1476 -0.380463 
1391 -0.380463 
336 -0.380463 
1130 -0.380463 
1634 -0.380463 
1142 -0.380463 
1772 -0.380463 
864 -0.380463 
1141 -0.380463 
1140 -0.380463 
865 -0.380463 
1129 -0.380463 
2931 -0.380463 
1696 -0.380463 
1358 -0.380463 
1357 -0.380463 
866 -0.380463 
1731 -0.380463 
2888 -0.380463 
1356 -0.380463 
1732 -0.380463 
1150 -0.380463 
1004 -0.380463 
1003 -0.380463 
1002 -0.380463 
1125 -0.380463 
1733 -0.380463 
1382 -0.380463 
2936 -0.380463 
2935 -0.380463 
1893 -0.380463 
2934 -0.380463 
1126 -0.380463 
2933 -0.380463 
1149 -0.380463 
1127 -0.380463 
1128 -0.380463 
2932 -0.380463 
2448 -0.380463 
311 -0.380463 
2566 -0.380463 
371 -0.380463 
2320 -0.380463 
2126 -0.380463 
2304 -0.380463 
2661 -0.380463 
584 -0.380463 
583 -0.380463 
582 -0.380463 
204 -0.380463 
2792 -0.380463 
165 -0.380463 
166 -0.380463 
205 -0.380463 
167 -0.380463 
206 -0.380463 
551 -0.380463 
550 -0.380463 
549 -0.380463 
2662 -0.380463 
2663 -0.380463 
360 -0.380463 
2305 -0.380463 
337 -0.380463 
338 -0.380463 
620 -0.380463 
345 -0.380463 
346 -0.380463 
347 -0.380463 
357 -0.380463 
2306 -0.380463 
358 -0.380463 
359 -0.380463 
2501 -0.380463 
361 -0.380463 
2805 -0.380463 
362 -0.380463 
369 -0.380463 
2310 -0.380463 
195 -0.380463 
196 -0.380463 
197 -0.380463 
370 -0.380463 
927 -0.382389 
2192 -0.382389 
929 -0.382389 
928 -0.382389 
1695 -0.382389 
1686 -0.382389 
1687 -0.382389 
1688 -0.382389 
1562 -0.382389 
3023 -0.382389 
2524 -0.382389 
3068 -0.382389 
3061 -0.382389 
2490 -0.382389 
2486 -0.382389 
2485 -0.382389 
2484 -0.382389 
3034 -0.382389 
3033 -0.382389 
3026 -0.382389 
3025 -0.382389 
3024 -0.382389 
2361 -0.382389 
3022 -0.382389 
2456 -0.382389 
2442 -0.382389 
2430 -0.382389 
3008 -0.382389 
2426 -0.382389 
2425 -0.382389 
2424 -0.382389 
1422 -0.382389 
1423 -0.382389 
1424 -0.382389 
793 -0.382389 
764 -0.382389 
794 -0.382389 
763 -0.382389 
762 -0.382389 
754 -0.382389 
150 -0.382389 
792 -0.382389 
702 -0.382389 
152 -0.382389 
703 -0.382389 
151 -0.382389 
704 -0.382389 
643 -0.393700 
415 -0.393700 
644 -0.393700 
2365 -0.393700 
2366 -0.393700 
412 -0.393700 
411 -0.393700 
2370 -0.393700 
401 -0.393700 
400 -0.393700 
642 -0.393700 
2364 -0.393700 
413 -0.393700 
414 -0.393700 
2960 -0.393700 
416 -0.393700 
2323 -0.393700 
622 -0.393700 
171 -0.393700 
172 -0.393700 
173 -0.393700 
1010 -0.393700 
1009 -0.393700 
1008 -0.393700 
592 -0.393700 
1363 -0.393700 
1936 -0.393700 
1935 -0.393700 
2816 -0.393700 
2829 -0.393700 
2507 -0.393700 
1904 -0.393700 
9 -0.393700 
1903 -0.393700 
1902 -0.393700 
2477 -0.393700 
1362 -0.393700 
399 -0.393700 
1364 -0.393700 
1136 -0.393700 
1135 -0.393700 
1134 -0.393700 
2457 -0.393700 
2581 -0.393700 
390 -0.393700 
1778 -0.393700 
3006 -0.393700 
391 -0.393700 
392 -0.393700 
888 -0.393700 
1744 -0.393700 
889 -0.393700 
2705 -0.393700 
1743 -0.393700 
2704 -0.393700 
2703 -0.393700 
2948 -0.393700 
1739 -0.393700 
1658 -0.393700 
2959 -0.393700 
1937 -0.393700 
1738 -0.393700 
1709 -0.393700 
1708 -0.393700 
203 -0.393700 
202 -0.393700 
201 -0.393700 
1737 -0.393700 
1750 -0.393700 
1707 -0.393700 
2958 -0.393700 
2132 -0.393700 
2957 -0.393700 
591 -0.393700 
2956 -0.393700 
2955 -0.393700 
593 -0.393700 
890 -0.393700 
1749 -0.393700 
2206 -0.408759 
2205 -0.408759 
2783 -0.408759 
2207 -0.408759 
2973 -0.408759 
145 -0.417595 
375 -0.417595 
1682 -0.417595 
1912 -0.417595 
376 -0.417595 
1911 -0.417595 
377 -0.417595 
2450 -0.417595 
144 -0.417595 
146 -0.417595 
2909 -0.417595 
1681 -0.417595 
1680 -0.417595 
1913 -0.417595 
604 -0.417595 
605 -0.417595 
2139 -0.417595 
2140 -0.417595 
2141 -0.417595 
2093 -0.417595 
2092 -0.417595 
603 -0.417595 
2350 -0.417595 
2681 -0.417595 
2091 -0.417595 
183 -0.417595 
555 -0.417595 
556 -0.417595 
557 -0.417595 
2476 -0.417595 
2861 -0.417595 
2478 -0.421854 
379 -0.421854 
1685 -0.421854 
380 -0.421854 
1684 -0.421854 
378 -0.421854 
1683 -0.421854 
147 -0.421854 
148 -0.421854 
149 -0.421854 
2120 -0.421854 
2453 -0.421854 
2119 -0.421854 
2886 -0.421854 
2118 -0.421854 
1914 -0.421854 
2696 -0.421854 
1915 -0.421854 
1916 -0.421854 
2684 -0.421854 
1198 -0.434238 
2196 -0.434238 
2197 -0.434238 
2198 -0.434238 
2966 -0.434238 
2946 -0.434238 
2180 -0.434238 
2179 -0.434238 
662 -0.434238 
661 -0.434238 
660 -0.434238 
2756 -0.434238 
2178 -0.434238 
2145 -0.456895 
2913 -0.456895 
2146 -0.456895 
2723 -0.456895 
2147 -0.456895 
3015 -0.490519 
3016 -0.490519 
3017 -0.490519 
3065 -0.490519 
2297 -0.490519 
2296 -0.490519 
2295 -0.490519 
3018 -0.490519 
