2314 1
0 0.200025 
1 -0.418303 
2 0.252190 
3 0.272099 
4 -0.059883 
5 -0.003922 
6 0.396394 
7 0.272099 
8 0.411075 
9 0.247543 
10 -0.034467 
11 0.247543 
12 -0.034467 
13 -0.387734 
14 0.200025 
15 -0.034467 
16 -0.418303 
17 -0.076044 
18 -0.294815 
19 -0.034467 
20 -0.053337 
21 -0.404148 
22 -0.002793 
23 0.411075 
24 -0.063142 
25 -0.454252 
26 0.411075 
27 0.238059 
28 -0.418303 
29 0.396394 
30 0.396394 
31 0.295125 
32 -0.341958 
33 0.295125 
34 -0.404148 
35 0.272099 
36 0.200025 
37 0.411075 
38 0.009432 
39 0.411075 
40 -0.034467 
41 -0.034467 
42 -0.081715 
43 -0.034467 
44 0.276066 
45 0.247543 
46 -0.053337 
47 0.247543 
48 0.118031 
49 -0.034467 
50 0.448451 
51 0.272099 
52 0.396394 
53 0.238059 
54 0.396394 
55 -0.081715 
56 0.295125 
57 0.396394 
58 -0.053337 
59 0.247543 
60 -0.002793 
61 -0.341958 
62 0.236137 
63 -0.063142 
64 0.009432 
65 0.009432 
66 0.272099 
67 0.200025 
68 0.247543 
69 0.396394 
70 -0.053337 
71 -0.418303 
72 -0.002793 
73 -0.294815 
74 -0.418303 
75 0.200025 
76 -0.294815 
77 0.396394 
78 -0.034467 
79 0.200025 
80 0.396394 
81 -0.076044 
82 -0.081715 
83 -0.479745 
84 -0.210225 
85 -0.341958 
86 0.238059 
87 0.247543 
88 0.411075 
89 -0.081715 
90 -0.002793 
91 -0.387734 
92 0.272099 
93 0.009432 
94 0.411075 
95 -0.298970 
96 -0.076044 
97 -0.418303 
98 0.252190 
99 0.255436 
100 -0.418303 
101 -0.053337 
102 -0.034467 
103 -0.053337 
104 0.272099 
105 -0.294815 
106 -0.294815 
107 0.252190 
108 -0.063142 
109 0.396394 
110 0.396394 
111 0.272099 
112 -0.341958 
113 -0.418303 
114 -0.159246 
115 -0.002793 
116 0.295125 
117 0.272099 
118 -0.053337 
119 0.238059 
120 -0.400590 
121 -0.034467 
122 0.252190 
123 -0.418303 
124 0.295125 
125 -0.002793 
126 0.276066 
127 0.396394 
128 -0.418303 
129 -0.002793 
130 0.118031 
131 -0.479745 
132 0.396394 
133 0.411075 
134 -0.341958 
135 0.236137 
136 -0.081715 
137 -0.404148 
138 0.247543 
139 -0.341958 
140 0.396394 
141 -0.053337 
142 -0.002793 
143 -0.167953 
144 -0.341958 
145 -0.418303 
146 -0.081715 
147 -0.081715 
148 0.247543 
149 -0.380621 
150 -0.063142 
151 -0.341958 
152 -0.076044 
153 0.276066 
154 -0.063142 
155 -0.400590 
156 0.200025 
157 0.396394 
158 -0.418303 
159 -0.294815 
160 0.238059 
161 -0.210225 
162 -0.479745 
163 -0.076044 
164 -0.294815 
165 -0.341958 
166 0.238059 
167 -0.167953 
168 -0.479745 
169 -0.479745 
170 -0.081715 
171 0.272099 
172 0.252190 
173 -0.167953 
174 -0.341958 
175 -0.002793 
176 -0.294815 
177 0.252190 
178 0.238059 
179 -0.063142 
180 0.247543 
181 -0.418303 
182 -0.341958 
183 -0.418303 
184 -0.294815 
185 -0.009338 
186 0.276066 
187 -0.063142 
188 -0.298970 
189 -0.081715 
190 -0.341958 
191 0.396394 
192 -0.034467 
193 -0.002793 
194 -0.294815 
195 0.247543 
196 -0.002793 
197 -0.002793 
198 -0.294815 
199 -0.294815 
200 -0.053337 
201 -0.341958 
202 0.255436 
203 0.238059 
204 0.396394 
205 0.009432 
206 -0.159246 
207 -0.418303 
208 -0.076044 
209 -0.033138 
210 -0.475479 
211 0.411075 
212 0.030723 
213 -0.053337 
214 -0.053337 
215 -0.167953 
216 -0.418303 
217 0.247543 
218 -0.167953 
219 -0.294815 
220 0.252190 
221 0.411075 
222 -0.294815 
223 0.272099 
224 -0.063142 
225 -0.002793 
226 -0.063142 
227 0.373901 
228 0.238059 
229 -0.002793 
230 0.009432 
231 0.396394 
232 0.373901 
233 0.238059 
234 -0.479745 
235 -0.053337 
236 0.276066 
237 -0.479745 
238 0.238059 
239 0.238059 
240 -0.479745 
241 0.238059 
242 0.396394 
243 0.236137 
244 -0.170170 
245 -0.294815 
246 -0.002793 
247 -0.053337 
248 0.448451 
249 -0.475479 
250 -0.418303 
251 -0.380621 
252 -0.063142 
253 -0.341958 
254 -0.479745 
255 0.236137 
256 0.118031 
257 -0.167953 
258 -0.341958 
259 -0.418303 
260 -0.475479 
261 0.009432 
262 -0.418303 
263 -0.418303 
264 0.411075 
265 -0.034467 
266 0.238059 
267 -0.034467 
268 -0.063142 
269 -0.034467 
270 0.238059 
271 -0.059883 
272 0.373901 
273 -0.203614 
274 -0.053337 
275 -0.003922 
276 -0.002793 
277 -0.418303 
278 -0.418303 
279 0.411075 
280 0.276066 
281 0.118031 
282 -0.034467 
283 0.236137 
284 -0.404148 
285 -0.475479 
286 0.272099 
287 0.118031 
288 0.118031 
289 -0.418303 
290 -0.418303 
291 -0.002793 
292 -0.294815 
293 -0.400590 
294 0.118031 
295 -0.167953 
296 -0.380621 
297 0.200025 
298 0.238059 
299 0.295125 
300 -0.002793 
301 0.238059 
302 -0.034467 
303 0.272099 
304 -0.034467 
305 -0.341958 
306 0.272099 
307 0.238059 
308 -0.053337 
309 0.009432 
310 -0.063142 
311 -0.053337 
312 -0.294815 
313 -0.475479 
314 0.009432 
315 -0.294815 
316 -0.479745 
317 -0.294815 
318 -0.053337 
319 -0.002793 
320 0.252190 
321 -0.170170 
322 0.118031 
323 0.252190 
324 -0.170170 
325 -0.053337 
326 -0.475479 
327 -0.479745 
328 -0.418303 
329 0.009432 
330 -0.034467 
331 -0.053337 
332 -0.170170 
333 0.396394 
334 0.255436 
335 -0.167953 
336 0.396394 
337 0.396394 
338 0.238059 
339 0.396394 
340 -0.400590 
341 -0.479745 
342 -0.341958 
343 -0.053337 
344 -0.076044 
345 0.255436 
346 -0.298970 
347 -0.053337 
348 -0.341958 
349 -0.475479 
350 -0.034467 
351 -0.053337 
352 -0.003922 
353 0.009432 
354 -0.341958 
355 -0.479745 
356 -0.341958 
357 0.272099 
358 0.255436 
359 -0.479745 
360 0.373901 
361 -0.479745 
362 0.373901 
363 -0.404148 
364 -0.002793 
365 -0.418303 
366 0.009432 
367 0.396394 
368 -0.081715 
369 -0.034467 
370 -0.479745 
371 -0.479745 
372 -0.479745 
373 0.238059 
374 -0.063142 
375 -0.418303 
376 -0.387734 
377 -0.418303 
378 -0.170170 
379 0.238059 
380 -0.350112 
381 -0.002793 
382 -0.002793 
383 -0.418303 
384 -0.475479 
385 0.255436 
386 0.236137 
387 0.411075 
388 -0.479745 
389 -0.341958 
390 0.255436 
391 0.252190 
392 0.252190 
393 0.247543 
394 0.252190 
395 0.009432 
396 -0.418303 
397 0.373901 
398 -0.418303 
399 0.373901 
400 0.238059 
401 -0.053337 
402 -0.341958 
403 0.411075 
404 0.373901 
405 -0.002793 
406 -0.294815 
407 -0.479745 
408 -0.053337 
409 -0.418303 
410 -0.479745 
411 -0.053337 
412 0.009432 
413 -0.294815 
414 0.009432 
415 -0.034467 
416 -0.081715 
417 -0.294815 
418 -0.034467 
419 0.396394 
420 0.396394 
421 -0.034467 
422 0.009432 
423 -0.034467 
424 -0.053337 
425 -0.002793 
426 0.276066 
427 -0.053337 
428 -0.081715 
429 -0.053337 
430 -0.053337 
431 -0.210225 
432 -0.404148 
433 -0.034467 
434 -0.063142 
435 -0.002793 
436 -0.475479 
437 0.272099 
438 -0.053337 
439 -0.203614 
440 -0.341958 
441 -0.380621 
442 -0.418303 
443 0.255436 
444 0.373901 
445 -0.418303 
446 -0.479745 
447 -0.033138 
448 -0.294815 
449 -0.053337 
450 -0.341958 
451 -0.167953 
452 -0.034467 
453 -0.404148 
454 -0.081715 
455 -0.479745 
456 -0.341958 
457 -0.159246 
458 -0.034467 
459 -0.033138 
460 -0.418303 
461 -0.159246 
462 0.411075 
463 -0.033138 
464 -0.081715 
465 -0.341958 
466 -0.167953 
467 -0.159246 
468 -0.003922 
469 -0.418303 
470 -0.034467 
471 -0.479745 
472 0.247543 
473 -0.033138 
474 0.009432 
475 -0.170170 
476 -0.003922 
477 -0.063142 
478 0.247543 
479 0.247543 
480 -0.033138 
481 -0.003922 
482 -0.034467 
483 0.030723 
484 -0.350112 
485 -0.081715 
486 0.396394 
487 -0.076044 
488 -0.167953 
489 -0.063142 
490 -0.053337 
491 -0.167953 
492 -0.167953 
493 -0.159246 
494 0.009432 
495 -0.475479 
496 -0.341958 
497 -0.350112 
498 -0.053337 
499 -0.053337 
500 -0.159246 
501 -0.003922 
502 -0.418303 
503 -0.404148 
504 -0.298970 
505 -0.002793 
506 0.247543 
507 -0.298970 
508 0.396394 
509 -0.053337 
510 -0.081715 
511 -0.167953 
512 0.255436 
513 -0.418303 
514 0.272099 
515 0.238059 
516 -0.167953 
517 -0.404148 
518 -0.298970 
519 -0.294815 
520 -0.159246 
521 0.247543 
522 -0.341958 
523 0.373901 
524 -0.404148 
525 -0.002793 
526 -0.167953 
527 -0.472007 
528 -0.479745 
529 -0.033138 
530 -0.404148 
531 -0.034467 
532 0.030106 
533 0.252190 
534 0.373901 
535 -0.404148 
536 -0.000652 
537 -0.081715 
538 0.396394 
539 -0.053337 
540 -0.418303 
541 -0.003922 
542 -0.002793 
543 -0.003922 
544 -0.298970 
545 -0.053337 
546 0.411075 
547 -0.053337 
548 0.396394 
549 -0.341958 
550 0.272099 
551 0.295125 
552 -0.341958 
553 -0.034467 
554 0.252190 
555 -0.341958 
556 -0.170170 
557 0.295125 
558 -0.053337 
559 -0.341958 
560 -0.170170 
561 -0.167953 
562 -0.341958 
563 -0.479745 
564 0.411075 
565 -0.063142 
566 -0.003922 
567 -0.472007 
568 -0.053337 
569 -0.003922 
570 -0.003922 
571 -0.479745 
572 0.009432 
573 0.009432 
574 -0.081715 
575 -0.479745 
576 -0.298970 
577 0.238059 
578 -0.418303 
579 -0.418303 
580 -0.479745 
581 -0.418303 
582 0.396394 
583 -0.418303 
584 -0.002793 
585 -0.341958 
586 -0.418303 
587 -0.294815 
588 -0.341958 
589 -0.418303 
590 -0.167953 
591 -0.081715 
592 -0.063142 
593 -0.479745 
594 -0.479745 
595 0.009432 
596 -0.341958 
597 -0.404148 
598 -0.063142 
599 0.411075 
600 0.396394 
601 -0.053337 
602 -0.053337 
603 0.252190 
604 -0.159246 
605 0.252190 
606 0.009432 
607 0.411075 
608 0.009432 
609 -0.053337 
610 0.247543 
611 -0.418303 
612 0.247543 
613 -0.418303 
614 -0.003922 
615 -0.063142 
616 -0.341958 
617 -0.081715 
618 0.396394 
619 -0.341958 
620 -0.475479 
621 -0.454252 
622 -0.167953 
623 -0.081715 
624 -0.053337 
625 -0.167953 
626 -0.003922 
627 -0.472007 
628 -0.341958 
629 0.272099 
630 0.247543 
631 -0.418303 
632 -0.298970 
633 -0.003922 
634 -0.002793 
635 0.118031 
636 -0.341958 
637 0.276066 
638 -0.418303 
639 -0.053337 
640 -0.053337 
641 -0.341958 
642 -0.418303 
643 -0.053337 
644 -0.404148 
645 -0.002793 
646 -0.170170 
647 0.238059 
648 -0.341958 
649 -0.418303 
650 0.396394 
651 0.118031 
652 -0.418303 
653 -0.053337 
654 -0.003922 
655 -0.418303 
656 -0.081715 
657 0.396394 
658 0.238059 
659 0.411075 
660 -0.298970 
661 -0.167953 
662 -0.387734 
663 0.200025 
664 -0.170170 
665 0.252190 
666 0.252190 
667 -0.418303 
668 0.272099 
669 0.118031 
670 -0.159246 
671 0.247543 
672 -0.034467 
673 -0.002793 
674 0.373901 
675 -0.170170 
676 -0.404148 
677 -0.053337 
678 -0.003922 
679 -0.059883 
680 0.396394 
681 -0.350112 
682 -0.294815 
683 0.411075 
684 0.288601 
685 -0.210225 
686 0.238059 
687 -0.034467 
688 -0.034467 
689 0.009432 
690 -0.387734 
691 0.396394 
692 -0.002793 
693 -0.167953 
694 0.247543 
695 0.118031 
696 0.009432 
697 0.238059 
698 -0.159246 
699 -0.404148 
700 0.030106 
701 0.236137 
702 -0.053337 
703 0.396394 
704 0.009432 
705 -0.063142 
706 0.373901 
707 -0.418303 
708 -0.479745 
709 -0.053337 
710 0.118031 
711 0.272099 
712 0.252190 
713 -0.418303 
714 0.238059 
715 -0.167953 
716 0.252190 
717 0.118031 
718 -0.003922 
719 0.411075 
720 -0.479745 
721 -0.167953 
722 0.373901 
723 -0.002793 
724 -0.418303 
725 0.252190 
726 -0.341958 
727 0.030723 
728 -0.341958 
729 -0.341958 
730 -0.341958 
731 0.288601 
732 -0.063142 
733 0.009432 
734 -0.034467 
735 -0.418303 
736 -0.341958 
737 0.247543 
738 -0.341958 
739 0.255436 
740 0.396394 
741 -0.472007 
742 -0.298970 
743 0.118031 
744 -0.034467 
745 -0.418303 
746 0.247543 
747 -0.003922 
748 -0.472007 
749 -0.418303 
750 -0.479745 
751 -0.170170 
752 0.411075 
753 0.448451 
754 -0.294815 
755 -0.034467 
756 0.255436 
757 0.295125 
758 -0.159246 
759 0.272099 
760 -0.002793 
761 -0.053337 
762 -0.034467 
763 -0.000652 
764 -0.341958 
765 0.272099 
766 -0.298970 
767 0.252190 
768 0.255436 
769 -0.034467 
770 -0.076044 
771 0.396394 
772 -0.076044 
773 0.255436 
774 -0.063142 
775 -0.203614 
776 0.255436 
777 0.396394 
778 -0.167953 
779 -0.210225 
780 -0.341958 
781 -0.034467 
782 0.118031 
783 0.396394 
784 -0.400590 
785 -0.294815 
786 -0.341958 
787 -0.400590 
788 -0.167953 
789 -0.418303 
790 0.411075 
791 -0.404148 
792 0.295125 
793 -0.159246 
794 -0.034467 
795 -0.063142 
796 -0.002793 
797 -0.387734 
798 0.411075 
799 -0.003922 
800 -0.341958 
801 0.252190 
802 -0.034467 
803 -0.203614 
804 -0.210225 
805 -0.210225 
806 0.009432 
807 -0.341958 
808 -0.002793 
809 0.295125 
810 -0.294815 
811 -0.167953 
812 -0.063142 
813 0.396394 
814 -0.002793 
815 0.373901 
816 0.238059 
817 -0.003922 
818 -0.341958 
819 0.030723 
820 -0.009338 
821 -0.076044 
822 -0.387734 
823 -0.387734 
824 -0.170170 
825 -0.294815 
826 -0.210225 
827 0.009432 
828 0.396394 
829 0.238059 
830 -0.203614 
831 -0.210225 
832 -0.076044 
833 0.238059 
834 0.272099 
835 0.238059 
836 -0.350112 
837 -0.479745 
838 0.030723 
839 -0.472007 
840 -0.479745 
841 -0.002793 
842 -0.203614 
843 0.272099 
844 -0.380621 
845 -0.404148 
846 0.009432 
847 0.411075 
848 0.276066 
849 -0.053337 
850 0.373901 
851 0.009432 
852 -0.063142 
853 0.247543 
854 0.030723 
855 -0.167953 
856 -0.400590 
857 -0.472007 
858 -0.002793 
859 -0.003922 
860 -0.063142 
861 -0.210225 
862 0.411075 
863 -0.294815 
864 -0.063142 
865 -0.053337 
866 -0.210225 
867 0.396394 
868 -0.341958 
869 0.236137 
870 -0.418303 
871 -0.053337 
872 -0.479745 
873 0.252190 
874 0.411075 
875 -0.380621 
876 0.030723 
877 -0.053337 
878 -0.053337 
879 0.238059 
880 0.255436 
881 -0.034467 
882 -0.203614 
883 0.238059 
884 -0.404148 
885 -0.418303 
886 0.009432 
887 0.411075 
888 -0.167953 
889 0.247543 
890 0.295125 
891 0.276066 
892 -0.053337 
893 0.247543 
894 -0.298970 
895 -0.418303 
896 -0.167953 
897 -0.294815 
898 0.238059 
899 0.030723 
900 0.411075 
901 -0.002793 
902 -0.404148 
903 0.288601 
904 0.396394 
905 -0.170170 
906 0.373901 
907 0.373901 
908 0.247543 
909 0.238059 
910 0.295125 
911 0.030723 
912 0.295125 
913 -0.210225 
914 -0.081715 
915 -0.002793 
916 -0.159246 
917 -0.479745 
918 -0.472007 
919 -0.167953 
920 0.411075 
921 -0.167953 
922 0.448451 
923 0.009432 
924 -0.167953 
925 0.030723 
926 0.411075 
927 -0.418303 
928 -0.034467 
929 -0.400590 
930 0.009432 
931 0.030723 
932 0.411075 
933 -0.034467 
934 0.238059 
935 0.411075 
936 -0.063142 
937 0.373901 
938 -0.034467 
939 0.295125 
940 -0.298970 
941 0.247543 
942 -0.170170 
943 0.009432 
944 -0.294815 
945 -0.063142 
946 -0.063142 
947 -0.418303 
948 -0.298970 
949 -0.034467 
950 -0.350112 
951 -0.002793 
952 0.255436 
953 0.295125 
954 0.247543 
955 -0.003922 
956 -0.418303 
957 0.396394 
958 -0.003922 
959 0.238059 
960 0.272099 
961 -0.341958 
962 -0.400590 
963 -0.294815 
964 -0.418303 
965 0.238059 
966 0.200025 
967 -0.167953 
968 0.200025 
969 0.247543 
970 0.247543 
971 -0.479745 
972 -0.479745 
973 -0.380621 
974 -0.298970 
975 0.252190 
976 -0.053337 
977 -0.167953 
978 0.238059 
979 0.009432 
980 0.411075 
981 0.411075 
982 -0.479745 
983 0.396394 
984 0.236137 
985 0.288601 
986 -0.053337 
987 0.396394 
988 0.288601 
989 -0.167953 
990 -0.063142 
991 -0.167953 
992 0.247543 
993 -0.350112 
994 -0.081715 
995 -0.380621 
996 -0.479745 
997 0.295125 
998 -0.003922 
999 -0.387734 
1000 -0.203614 
1001 -0.002793 
1002 0.411075 
1003 0.411075 
1004 -0.003922 
1005 -0.003922 
1006 0.247543 
1007 0.238059 
1008 -0.063142 
1009 0.411075 
1010 -0.350112 
1011 -0.063142 
1012 0.255436 
1013 -0.167953 
1014 -0.210225 
1015 0.411075 
1016 0.247543 
1017 -0.387734 
1018 -0.294815 
1019 -0.380621 
1020 -0.167953 
1021 0.373901 
1022 -0.475479 
1023 -0.063142 
1024 -0.210225 
1025 0.247543 
1026 -0.341958 
1027 -0.203614 
1028 -0.341958 
1029 0.411075 
1030 -0.341958 
1031 -0.003922 
1032 -0.170170 
1033 0.272099 
1034 0.236137 
1035 -0.294815 
1036 -0.294815 
1037 -0.159246 
1038 0.411075 
1039 -0.009338 
1040 0.411075 
1041 -0.002793 
1042 0.272099 
1043 0.252190 
1044 0.272099 
1045 -0.034467 
1046 0.411075 
1047 0.396394 
1048 -0.167953 
1049 -0.167953 
1050 0.373901 
1051 -0.479745 
1052 -0.400590 
1053 0.411075 
1054 0.200025 
1055 0.295125 
1056 0.411075 
1057 -0.472007 
1058 -0.034467 
1059 -0.034467 
1060 0.118031 
1061 -0.053337 
1062 -0.380621 
1063 -0.081715 
1064 -0.081715 
1065 0.252190 
1066 -0.203614 
1067 -0.034467 
1068 -0.034467 
1069 0.411075 
1070 0.252190 
1071 0.247543 
1072 -0.341958 
1073 0.411075 
1074 0.411075 
1075 -0.034467 
1076 -0.034467 
1077 0.288601 
1078 -0.418303 
1079 0.295125 
1080 0.009432 
1081 0.030723 
1082 0.396394 
1083 -0.479745 
1084 -0.167953 
1085 -0.034467 
1086 -0.167953 
1087 -0.034467 
1088 -0.002793 
1089 -0.053337 
1090 -0.294815 
1091 -0.350112 
1092 0.247543 
1093 -0.009338 
1094 -0.159246 
1095 -0.350112 
1096 -0.009338 
1097 -0.063142 
1098 -0.203614 
1099 -0.294815 
1100 0.200025 
1101 0.118031 
1102 0.009432 
1103 -0.210225 
1104 -0.387734 
1105 0.252190 
1106 0.288601 
1107 0.288601 
1108 0.396394 
1109 -0.404148 
1110 -0.380621 
1111 0.396394 
1112 -0.418303 
1113 -0.210225 
1114 -0.341958 
1115 -0.170170 
1116 0.411075 
1117 0.448451 
1118 -0.479745 
1119 0.411075 
1120 -0.034467 
1121 -0.167953 
1122 -0.380621 
1123 0.295125 
1124 -0.053337 
1125 -0.034467 
1126 -0.063142 
1127 0.396394 
1128 0.411075 
1129 0.295125 
1130 0.411075 
1131 -0.350112 
1132 -0.350112 
1133 0.448451 
1134 -0.167953 
1135 0.236137 
1136 0.252190 
1137 -0.167953 
1138 0.295125 
1139 -0.000652 
1140 0.247543 
1141 -0.063142 
1142 -0.380621 
1143 -0.063142 
1144 -0.294815 
1145 0.411075 
1146 -0.418303 
1147 0.396394 
1148 0.200025 
1149 -0.400590 
1150 -0.063142 
1151 -0.034467 
1152 -0.053337 
1153 0.252190 
1154 -0.479745 
1155 -0.454252 
1156 0.118031 
1157 0.247543 
1158 -0.479745 
1159 0.247543 
1160 -0.053337 
1161 0.411075 
1162 0.411075 
1163 -0.063142 
1164 -0.063142 
1165 -0.479745 
1166 -0.000652 
1167 -0.063142 
1168 0.247543 
1169 -0.479745 
1170 -0.294815 
1171 -0.294815 
1172 0.252190 
1173 0.247543 
1174 -0.170170 
1175 -0.063142 
1176 -0.063142 
1177 -0.034467 
1178 -0.159246 
1179 0.396394 
1180 0.030723 
1181 0.247543 
1182 -0.294815 
1183 0.030723 
1184 0.396394 
1185 0.252190 
1186 -0.000652 
1187 -0.479745 
1188 -0.167953 
1189 0.252190 
1190 -0.076044 
1191 0.238059 
1192 -0.298970 
1193 -0.167953 
1194 -0.159246 
1195 0.247543 
1196 -0.063142 
1197 -0.000652 
1198 -0.341958 
1199 0.373901 
1200 -0.053337 
1201 -0.053337 
1202 0.236137 
1203 -0.167953 
1204 -0.350112 
1205 -0.063142 
1206 0.272099 
1207 0.200025 
1208 -0.053337 
1209 0.373901 
1210 0.236137 
1211 -0.034467 
1212 -0.063142 
1213 -0.003922 
1214 -0.009338 
1215 -0.002793 
1216 -0.063142 
1217 -0.034467 
1218 -0.034467 
1219 0.247543 
1220 0.252190 
1221 0.252190 
1222 0.200025 
1223 0.373901 
1224 0.009432 
1225 0.448451 
1226 -0.063142 
1227 0.396394 
1228 0.396394 
1229 -0.380621 
1230 0.276066 
1231 0.396394 
1232 0.009432 
1233 -0.063142 
1234 -0.203614 
1235 0.448451 
1236 -0.479745 
1237 0.252190 
1238 0.200025 
1239 -0.479745 
1240 0.396394 
1241 -0.387734 
1242 0.396394 
1243 -0.076044 
1244 0.396394 
1245 -0.063142 
1246 0.288601 
1247 -0.003922 
1248 -0.076044 
1249 -0.454252 
1250 -0.210225 
1251 -0.170170 
1252 -0.053337 
1253 -0.294815 
1254 -0.203614 
1255 -0.076044 
1256 0.247543 
1257 0.252190 
1258 0.448451 
1259 0.252190 
1260 -0.081715 
1261 -0.404148 
1262 -0.081715 
1263 0.396394 
1264 -0.454252 
1265 -0.159246 
1266 -0.418303 
1267 0.396394 
1268 -0.210225 
1269 0.295125 
1270 -0.380621 
1271 -0.350112 
1272 0.247543 
1273 -0.341958 
1274 -0.053337 
1275 -0.294815 
1276 0.200025 
1277 -0.170170 
1278 0.236137 
1279 0.009432 
1280 -0.380621 
1281 -0.479745 
1282 -0.034467 
1283 -0.167953 
1284 -0.294815 
1285 0.396394 
1286 -0.341958 
1287 -0.418303 
1288 0.247543 
1289 0.252190 
1290 -0.002793 
1291 -0.063142 
1292 0.009432 
1293 -0.380621 
1294 -0.210225 
1295 -0.380621 
1296 -0.053337 
1297 0.009432 
1298 -0.053337 
1299 -0.341958 
1300 -0.418303 
1301 0.009432 
1302 0.200025 
1303 -0.167953 
1304 -0.000652 
1305 -0.479745 
1306 0.247543 
1307 -0.418303 
1308 0.295125 
1309 -0.475479 
1310 -0.053337 
1311 0.295125 
1312 0.009432 
1313 -0.053337 
1314 0.373901 
1315 -0.081715 
1316 -0.294815 
1317 -0.063142 
1318 -0.294815 
1319 -0.167953 
1320 -0.167953 
1321 0.236137 
1322 -0.387734 
1323 -0.294815 
1324 0.411075 
1325 0.255436 
1326 0.247543 
1327 0.396394 
1328 0.200025 
1329 -0.404148 
1330 -0.034467 
1331 -0.341958 
1332 -0.341958 
1333 0.373901 
1334 -0.418303 
1335 0.272099 
1336 -0.350112 
1337 -0.002793 
1338 -0.170170 
1339 -0.418303 
1340 -0.076044 
1341 -0.034467 
1342 -0.076044 
1343 -0.063142 
1344 -0.210225 
1345 -0.081715 
1346 -0.003922 
1347 -0.418303 
1348 -0.350112 
1349 -0.387734 
1350 -0.380621 
1351 -0.081715 
1352 -0.479745 
1353 0.009432 
1354 -0.298970 
1355 -0.053337 
1356 -0.081715 
1357 -0.341958 
1358 0.236137 
1359 -0.034467 
1360 -0.009338 
1361 0.252190 
1362 -0.387734 
1363 0.396394 
1364 -0.000652 
1365 -0.294815 
1366 -0.003922 
1367 -0.418303 
1368 0.276066 
1369 0.396394 
1370 0.200025 
1371 -0.418303 
1372 0.118031 
1373 -0.479745 
1374 -0.167953 
1375 0.396394 
1376 -0.418303 
1377 -0.053337 
1378 -0.479745 
1379 0.272099 
1380 -0.034467 
1381 -0.167953 
1382 0.396394 
1383 -0.479745 
1384 -0.003922 
1385 -0.479745 
1386 0.396394 
1387 -0.003922 
1388 0.288601 
1389 -0.479745 
1390 -0.003922 
1391 0.411075 
1392 -0.063142 
1393 -0.479745 
1394 -0.472007 
1395 -0.063142 
1396 0.247543 
1397 -0.294815 
1398 -0.076044 
1399 0.373901 
1400 -0.081715 
1401 0.276066 
1402 -0.479745 
1403 -0.076044 
1404 0.448451 
1405 -0.063142 
1406 -0.475479 
1407 -0.479745 
1408 0.009432 
1409 0.288601 
1410 0.252190 
1411 -0.475479 
1412 0.247543 
1413 -0.404148 
1414 0.252190 
1415 0.236137 
1416 -0.400590 
1417 -0.418303 
1418 -0.167953 
1419 -0.000652 
1420 0.252190 
1421 -0.341958 
1422 -0.294815 
1423 -0.341958 
1424 0.009432 
1425 0.411075 
1426 -0.380621 
1427 0.247543 
1428 0.396394 
1429 -0.033138 
1430 0.396394 
1431 -0.294815 
1432 0.238059 
1433 -0.479745 
1434 -0.003922 
1435 -0.418303 
1436 0.238059 
1437 -0.059883 
1438 -0.034467 
1439 0.238059 
1440 -0.063142 
1441 -0.034467 
1442 -0.472007 
1443 -0.479745 
1444 0.396394 
1445 -0.418303 
1446 -0.053337 
1447 0.200025 
1448 0.295125 
1449 -0.034467 
1450 -0.341958 
1451 -0.003922 
1452 -0.170170 
1453 0.396394 
1454 -0.203614 
1455 -0.418303 
1456 -0.341958 
1457 0.236137 
1458 0.396394 
1459 -0.472007 
1460 -0.063142 
1461 -0.063142 
1462 -0.294815 
1463 -0.063142 
1464 -0.033138 
1465 0.238059 
1466 -0.203614 
1467 -0.294815 
1468 -0.475479 
1469 -0.418303 
1470 0.009432 
1471 -0.387734 
1472 0.396394 
1473 -0.294815 
1474 0.288601 
1475 -0.418303 
1476 -0.081715 
1477 0.396394 
1478 0.396394 
1479 0.276066 
1480 0.118031 
1481 0.295125 
1482 -0.418303 
1483 0.009432 
1484 -0.000652 
1485 0.252190 
1486 0.200025 
1487 -0.170170 
1488 0.396394 
1489 -0.003922 
1490 -0.063142 
1491 -0.002793 
1492 -0.063142 
1493 -0.053337 
1494 -0.454252 
1495 -0.380621 
1496 -0.053337 
1497 -0.400590 
1498 -0.294815 
1499 -0.063142 
1500 -0.294815 
1501 0.252190 
1502 0.030723 
1503 -0.479745 
1504 -0.063142 
1505 -0.034467 
1506 -0.034467 
1507 -0.418303 
1508 0.030106 
1509 0.411075 
1510 0.396394 
1511 -0.059883 
1512 -0.063142 
1513 -0.002793 
1514 -0.002793 
1515 -0.350112 
1516 -0.418303 
1517 -0.294815 
1518 0.295125 
1519 -0.479745 
1520 -0.400590 
1521 -0.170170 
1522 -0.341958 
1523 0.396394 
1524 -0.081715 
1525 -0.063142 
1526 0.272099 
1527 -0.400590 
1528 0.295125 
1529 -0.418303 
1530 -0.418303 
1531 -0.298970 
1532 -0.387734 
1533 -0.400590 
1534 -0.400590 
1535 0.247543 
1536 -0.002793 
1537 -0.479745 
1538 -0.063142 
1539 0.411075 
1540 0.411075 
1541 -0.400590 
1542 -0.009338 
1543 0.272099 
1544 0.009432 
1545 -0.063142 
1546 0.252190 
1547 -0.063142 
1548 -0.003922 
1549 0.236137 
1550 -0.053337 
1551 -0.387734 
1552 0.396394 
1553 0.295125 
1554 -0.418303 
1555 -0.063142 
1556 0.396394 
1557 0.252190 
1558 -0.063142 
1559 0.411075 
1560 0.396394 
1561 0.247543 
1562 -0.009338 
1563 -0.076044 
1564 -0.479745 
1565 -0.298970 
1566 -0.387734 
1567 -0.475479 
1568 0.200025 
1569 -0.400590 
1570 -0.081715 
1571 -0.081715 
1572 -0.418303 
1573 -0.002793 
1574 0.411075 
1575 0.252190 
1576 -0.081715 
1577 0.411075 
1578 -0.203614 
1579 -0.294815 
1580 -0.294815 
1581 -0.387734 
1582 -0.063142 
1583 -0.203614 
1584 0.272099 
1585 -0.341958 
1586 -0.167953 
1587 0.247543 
1588 -0.298970 
1589 0.411075 
1590 -0.418303 
1591 0.252190 
1592 -0.294815 
1593 -0.170170 
1594 -0.341958 
1595 0.396394 
1596 -0.294815 
1597 0.252190 
1598 -0.170170 
1599 0.448451 
1600 0.030723 
1601 0.200025 
1602 0.288601 
1603 0.236137 
1604 0.396394 
1605 0.396394 
1606 -0.380621 
1607 -0.063142 
1608 -0.081715 
1609 0.396394 
1610 -0.053337 
1611 0.272099 
1612 0.252190 
1613 0.396394 
1614 -0.418303 
1615 -0.350112 
1616 -0.063142 
1617 0.396394 
1618 -0.294815 
1619 0.276066 
1620 0.396394 
1621 -0.479745 
1622 0.295125 
1623 0.396394 
1624 -0.167953 
1625 -0.170170 
1626 0.236137 
1627 -0.076044 
1628 0.252190 
1629 -0.003922 
1630 -0.203614 
1631 0.252190 
1632 0.200025 
1633 -0.203614 
1634 -0.418303 
1635 0.252190 
1636 0.238059 
1637 -0.063142 
1638 0.247543 
1639 -0.294815 
1640 -0.479745 
1641 -0.350112 
1642 0.272099 
1643 -0.203614 
1644 -0.479745 
1645 -0.400590 
1646 0.396394 
1647 0.009432 
1648 -0.479745 
1649 -0.298970 
1650 0.255436 
1651 0.295125 
1652 0.396394 
1653 0.252190 
1654 -0.081715 
1655 0.276066 
1656 0.118031 
1657 -0.063142 
1658 0.200025 
1659 -0.081715 
1660 0.247543 
1661 -0.081715 
1662 -0.170170 
1663 0.396394 
1664 -0.002793 
1665 -0.380621 
1666 -0.387734 
1667 0.396394 
1668 -0.053337 
1669 0.272099 
1670 -0.167953 
1671 -0.341958 
1672 -0.294815 
1673 -0.294815 
1674 -0.298970 
1675 -0.081715 
1676 0.272099 
1677 -0.034467 
1678 -0.294815 
1679 -0.387734 
1680 0.236137 
1681 -0.294815 
1682 0.238059 
1683 -0.081715 
1684 -0.003922 
1685 0.236137 
1686 0.238059 
1687 -0.076044 
1688 -0.298970 
1689 0.295125 
1690 0.295125 
1691 0.411075 
1692 -0.418303 
1693 -0.380621 
1694 -0.475479 
1695 -0.294815 
1696 0.009432 
1697 -0.387734 
1698 -0.003922 
1699 -0.400590 
1700 0.118031 
1701 0.396394 
1702 -0.053337 
1703 0.009432 
1704 -0.081715 
1705 -0.298970 
1706 -0.298970 
1707 -0.081715 
1708 -0.380621 
1709 -0.418303 
1710 0.272099 
1711 0.396394 
1712 0.288601 
1713 -0.454252 
1714 -0.081715 
1715 0.272099 
1716 -0.081715 
1717 -0.350112 
1718 0.373901 
1719 -0.479745 
1720 0.272099 
1721 -0.418303 
1722 0.396394 
1723 -0.298970 
1724 0.009432 
1725 0.252190 
1726 -0.009338 
1727 -0.294815 
1728 0.411075 
1729 -0.170170 
1730 -0.002793 
1731 -0.081715 
1732 0.448451 
1733 -0.479745 
1734 0.448451 
1735 -0.418303 
1736 -0.380621 
1737 -0.380621 
1738 -0.033138 
1739 -0.418303 
1740 0.396394 
1741 -0.081715 
1742 0.200025 
1743 -0.081715 
1744 -0.350112 
1745 -0.203614 
1746 0.396394 
1747 0.252190 
1748 -0.053337 
1749 -0.400590 
1750 -0.294815 
1751 -0.003922 
1752 0.252190 
1753 0.255436 
1754 -0.294815 
1755 -0.341958 
1756 -0.380621 
1757 0.448451 
1758 0.288601 
1759 0.448451 
1760 0.118031 
1761 -0.076044 
1762 -0.009338 
1763 -0.350112 
1764 -0.294815 
1765 0.118031 
1766 0.238059 
1767 -0.159246 
1768 0.396394 
1769 0.009432 
1770 -0.350112 
1771 -0.210225 
1772 -0.053337 
1773 -0.009338 
1774 -0.341958 
1775 -0.002793 
1776 -0.400590 
1777 0.252190 
1778 -0.404148 
1779 0.396394 
1780 -0.081715 
1781 -0.167953 
1782 0.030723 
1783 0.411075 
1784 0.255436 
1785 -0.400590 
1786 -0.076044 
1787 -0.418303 
1788 -0.418303 
1789 -0.076044 
1790 0.236137 
1791 -0.294815 
1792 0.009432 
1793 -0.294815 
1794 0.295125 
1795 0.288601 
1796 0.238059 
1797 -0.294815 
1798 -0.002793 
1799 -0.081715 
1800 -0.400590 
1801 -0.063142 
1802 0.252190 
1803 0.009432 
1804 0.411075 
1805 -0.400590 
1806 -0.076044 
1807 -0.076044 
1808 0.396394 
1809 0.252190 
1810 0.396394 
1811 -0.009338 
1812 0.272099 
1813 0.448451 
1814 -0.053337 
1815 -0.294815 
1816 -0.400590 
1817 0.252190 
1818 -0.380621 
1819 -0.203614 
1820 -0.418303 
1821 -0.298970 
1822 -0.081715 
1823 -0.400590 
1824 -0.003922 
1825 -0.294815 
1826 -0.063142 
1827 0.009432 
1828 -0.053337 
1829 -0.170170 
1830 0.247543 
1831 -0.167953 
1832 -0.400590 
1833 -0.298970 
1834 0.288601 
1835 0.272099 
1836 -0.350112 
1837 -0.002793 
1838 0.288601 
1839 -0.081715 
1840 -0.033138 
1841 -0.081715 
1842 -0.350112 
1843 -0.298970 
1844 -0.002793 
1845 0.295125 
1846 0.238059 
1847 0.448451 
1848 0.272099 
1849 -0.418303 
1850 0.030106 
1851 0.411075 
1852 0.252190 
1853 -0.053337 
1854 0.252190 
1855 -0.294815 
1856 -0.167953 
1857 -0.159246 
1858 0.252190 
1859 0.255436 
1860 0.411075 
1861 -0.081715 
1862 0.238059 
1863 -0.003922 
1864 0.238059 
1865 -0.167953 
1866 0.272099 
1867 -0.350112 
1868 -0.380621 
1869 -0.298970 
1870 -0.076044 
1871 0.252190 
1872 -0.400590 
1873 0.373901 
1874 -0.294815 
1875 -0.003922 
1876 0.396394 
1877 -0.159246 
1878 -0.002793 
1879 0.252190 
1880 0.252190 
1881 -0.294815 
1882 -0.053337 
1883 -0.294815 
1884 0.272099 
1885 0.272099 
1886 -0.203614 
1887 0.272099 
1888 -0.009338 
1889 -0.400590 
1890 0.448451 
1891 -0.081715 
1892 0.247543 
1893 -0.479745 
1894 -0.002793 
1895 -0.081715 
1896 -0.063142 
1897 -0.350112 
1898 -0.053337 
1899 -0.003922 
1900 0.238059 
1901 -0.475479 
1902 0.255436 
1903 0.396394 
1904 -0.479745 
1905 -0.053337 
1906 0.396394 
1907 0.411075 
1908 0.272099 
1909 -0.159246 
1910 -0.400590 
1911 0.238059 
1912 0.009432 
1913 0.009432 
1914 -0.350112 
1915 0.009432 
1916 0.396394 
1917 -0.203614 
1918 -0.034467 
1919 -0.341958 
1920 0.411075 
1921 -0.009338 
1922 0.255436 
1923 -0.170170 
1924 -0.203614 
1925 -0.380621 
1926 0.252190 
1927 -0.479745 
1928 -0.387734 
1929 0.236137 
1930 0.255436 
1931 0.396394 
1932 0.236137 
1933 -0.002793 
1934 -0.203614 
1935 0.396394 
1936 -0.063142 
1937 0.252190 
1938 0.247543 
1939 -0.167953 
1940 -0.063142 
1941 0.030106 
1942 -0.167953 
1943 -0.002793 
1944 0.272099 
1945 -0.350112 
1946 0.396394 
1947 -0.210225 
1948 -0.210225 
1949 -0.350112 
1950 -0.203614 
1951 0.009432 
1952 -0.350112 
1953 -0.298970 
1954 -0.000652 
1955 0.411075 
1956 -0.063142 
1957 -0.081715 
1958 0.252190 
1959 -0.203614 
1960 -0.170170 
1961 -0.159246 
1962 -0.294815 
1963 -0.479745 
1964 0.396394 
1965 0.247543 
1966 -0.167953 
1967 0.295125 
1968 -0.076044 
1969 -0.159246 
1970 0.252190 
1971 0.272099 
1972 -0.350112 
1973 -0.298970 
1974 -0.059883 
1975 0.118031 
1976 0.373901 
1977 -0.002793 
1978 0.009432 
1979 0.396394 
1980 0.247543 
1981 0.411075 
1982 -0.203614 
1983 0.009432 
1984 -0.210225 
1985 0.288601 
1986 0.373901 
1987 0.247543 
1988 0.252190 
1989 -0.479745 
1990 0.200025 
1991 0.200025 
1992 -0.418303 
1993 -0.081715 
1994 0.373901 
1995 -0.400590 
1996 0.238059 
1997 -0.387734 
1998 0.411075 
1999 0.411075 
2000 -0.203614 
2001 -0.418303 
2002 0.288601 
2003 -0.009338 
2004 -0.081715 
2005 -0.341958 
2006 -0.210225 
2007 -0.053337 
2008 0.247543 
2009 0.247543 
2010 0.200025 
2011 -0.400590 
2012 0.448451 
2013 -0.002793 
2014 -0.380621 
2015 0.030723 
2016 -0.294815 
2017 0.247543 
2018 -0.053337 
2019 -0.418303 
2020 -0.009338 
2021 -0.294815 
2022 0.448451 
2023 0.247543 
2024 -0.294815 
2025 0.411075 
2026 0.272099 
2027 0.396394 
2028 0.276066 
2029 0.396394 
2030 0.238059 
2031 0.247543 
2032 0.448451 
2033 -0.159246 
2034 -0.400590 
2035 0.272099 
2036 -0.203614 
2037 -0.210225 
2038 -0.076044 
2039 0.448451 
2040 -0.350112 
2041 -0.053337 
2042 -0.081715 
2043 -0.059883 
2044 -0.063142 
2045 -0.076044 
2046 0.009432 
2047 -0.418303 
2048 -0.294815 
2049 -0.203614 
2050 -0.294815 
2051 -0.479745 
2052 0.295125 
2053 -0.418303 
2054 0.396394 
2055 -0.063142 
2056 -0.479745 
2057 -0.479745 
2058 -0.400590 
2059 0.272099 
2060 0.272099 
2061 0.288601 
2062 0.252190 
2063 -0.418303 
2064 0.238059 
2065 -0.063142 
2066 -0.081715 
2067 -0.000652 
2068 -0.081715 
2069 -0.380621 
2070 -0.479745 
2071 0.247543 
2072 -0.003922 
2073 0.238059 
2074 0.238059 
2075 -0.081715 
2076 0.272099 
2077 -0.081715 
2078 0.272099 
2079 -0.159246 
2080 -0.203614 
2081 -0.170170 
2082 -0.003922 
2083 -0.003922 
2084 0.373901 
2085 0.200025 
2086 0.247543 
2087 -0.350112 
2088 -0.159246 
2089 0.200025 
2090 -0.053337 
2091 -0.076044 
2092 0.396394 
2093 0.272099 
2094 0.295125 
2095 -0.081715 
2096 -0.170170 
2097 -0.063142 
2098 0.252190 
2099 -0.210225 
2100 -0.341958 
2101 -0.210225 
2102 -0.167953 
2103 -0.479745 
2104 0.238059 
2105 -0.341958 
2106 -0.210225 
2107 0.030723 
2108 0.373901 
2109 0.200025 
2110 0.373901 
2111 -0.053337 
2112 0.295125 
2113 -0.350112 
2114 0.252190 
2115 0.396394 
2116 -0.081715 
2117 -0.387734 
2118 0.252190 
2119 -0.479745 
2120 0.411075 
2121 0.200025 
2122 0.200025 
2123 0.255436 
2124 0.295125 
2125 -0.210225 
2126 -0.479745 
2127 -0.294815 
2128 -0.159246 
2129 0.252190 
2130 -0.479745 
2131 0.247543 
2132 -0.063142 
2133 -0.170170 
2134 -0.479745 
2135 -0.076044 
2136 -0.159246 
2137 -0.034467 
2138 0.009432 
2139 0.252190 
2140 -0.418303 
2141 -0.475479 
2142 -0.350112 
2143 0.009432 
2144 0.295125 
2145 0.009432 
2146 0.247543 
2147 -0.400590 
2148 -0.475479 
2149 0.238059 
2150 -0.063142 
2151 0.200025 
2152 -0.002793 
2153 0.396394 
2154 0.396394 
2155 0.411075 
2156 0.396394 
2157 -0.167953 
2158 -0.294815 
2159 -0.479745 
2160 0.030106 
2161 -0.294815 
2162 -0.159246 
2163 -0.479745 
2164 0.009432 
2165 -0.298970 
2166 0.247543 
2167 0.295125 
2168 0.411075 
2169 -0.063142 
2170 0.448451 
2171 -0.350112 
2172 0.252190 
2173 -0.479745 
2174 -0.081715 
2175 0.247543 
2176 0.272099 
2177 0.255436 
2178 -0.033138 
2179 -0.081715 
2180 0.255436 
2181 0.030723 
2182 -0.387734 
2183 0.247543 
2184 0.238059 
2185 -0.203614 
2186 0.252190 
2187 -0.387734 
2188 -0.081715 
2189 0.009432 
2190 0.247543 
2191 0.411075 
2192 0.396394 
2193 -0.081715 
2194 -0.009338 
2195 -0.294815 
2196 0.009432 
2197 0.247543 
2198 0.373901 
2199 -0.034467 
2200 -0.418303 
2201 -0.034467 
2202 -0.400590 
2203 0.272099 
2204 -0.294815 
2205 0.411075 
2206 0.030723 
2207 -0.479745 
2208 -0.418303 
2209 0.200025 
2210 0.247543 
2211 0.373901 
2212 0.238059 
2213 0.272099 
2214 0.252190 
2215 0.295125 
2216 0.252190 
2217 -0.081715 
2218 -0.341958 
2219 0.396394 
2220 0.238059 
2221 -0.294815 
2222 -0.002793 
2223 -0.159246 
2224 0.030106 
2225 0.238059 
2226 -0.053337 
2227 0.411075 
2228 -0.380621 
2229 0.396394 
2230 -0.404148 
2231 -0.059883 
2232 -0.387734 
2233 -0.002793 
2234 0.295125 
2235 -0.380621 
2236 -0.170170 
2237 -0.479745 
2238 -0.053337 
2239 -0.159246 
2240 -0.404148 
2241 -0.387734 
2242 -0.404148 
2243 -0.076044 
2244 0.396394 
2245 0.411075 
2246 0.238059 
2247 0.272099 
2248 -0.034467 
2249 -0.034467 
2250 -0.387734 
2251 -0.298970 
2252 0.272099 
2253 0.448451 
2254 0.396394 
2255 0.272099 
2256 0.238059 
2257 -0.063142 
2258 -0.076044 
2259 -0.400590 
2260 -0.081715 
2261 -0.159246 
2262 -0.081715 
2263 0.272099 
2264 -0.034467 
2265 0.236137 
2266 -0.063142 
2267 -0.400590 
2268 -0.170170 
2269 0.295125 
2270 -0.479745 
2271 0.373901 
2272 -0.400590 
2273 0.295125 
2274 0.288601 
2275 0.247543 
2276 -0.454252 
2277 -0.418303 
2278 0.276066 
2279 0.396394 
2280 -0.076044 
2281 0.252190 
2282 -0.475479 
2283 -0.003922 
2284 -0.059883 
2285 0.272099 
2286 -0.167953 
2287 0.373901 
2288 -0.418303 
2289 -0.404148 
2290 -0.002793 
2291 0.295125 
2292 -0.167953 
2293 -0.076044 
2294 -0.063142 
2295 -0.063142 
2296 -0.003922 
2297 0.272099 
2298 -0.418303 
2299 -0.076044 
2300 -0.418303 
2301 0.247543 
2302 -0.387734 
2303 -0.418303 
2304 0.009432 
2305 0.396394 
2306 -0.003922 
2307 -0.210225 
2308 -0.350112 
2309 -0.210225 
2310 -0.387734 
2311 -0.387734 
2312 -0.053337 
2313 -0.034467 
