1446 1
0 -2.059191 
1 -1.217904 
2 -0.697043 
3 -1.521257 
4 -1.912996 
5 1.584793 
6 -1.231794 
7 -1.789313 
8 -1.752515 
9 1.457186 
10 -0.655560 
11 -2.195515 
12 -2.361759 
13 1.471339 
14 -1.826315 
15 -0.783043 
16 -1.563296 
17 -1.985144 
18 -1.130184 
19 -0.700577 
20 -1.269145 
21 -2.041502 
22 1.896287 
23 2.182224 
24 -1.518229 
25 -1.621304 
26 -0.660611 
27 -1.456217 
28 -1.186211 
29 -2.122705 
30 0.603492 
31 -2.037958 
32 -2.117410 
33 -1.338827 
34 -0.777854 
35 -1.117180 
36 -1.184697 
37 -1.929516 
38 -0.527872 
39 -1.589825 
40 -0.865507 
41 -1.518953 
42 -1.524860 
43 -1.337427 
44 -2.045183 
45 -0.779551 
46 2.296175 
47 -1.389578 
48 -1.360570 
49 -1.217079 
50 -1.549079 
51 -1.154444 
52 -2.000268 
53 1.574296 
54 -1.013052 
55 -1.114228 
56 1.510565 
57 -1.023655 
58 -1.507421 
59 -2.054196 
60 -2.040944 
61 -1.542443 
62 -0.287347 
63 -1.035354 
64 -0.585626 
65 -2.065570 
66 -2.518749 
67 1.427971 
68 -1.810051 
69 1.901110 
70 -1.492834 
71 -1.490044 
72 -1.436358 
73 -1.668200 
74 0.720001 
75 -1.618957 
76 -1.062303 
77 -2.256690 
78 -1.435871 
79 -0.285885 
80 -1.536572 
81 1.735047 
82 -1.855151 
83 -0.625584 
84 1.659462 
85 -2.058580 
86 1.695724 
87 -1.987867 
88 -0.759288 
89 0.958288 
90 -2.133811 
91 -2.145354 
92 -1.644369 
93 -0.997600 
94 -1.302181 
95 -1.364868 
96 1.584442 
97 -1.163421 
98 -1.250001 
99 -1.983971 
100 -1.214944 
101 -1.719976 
102 -0.833989 
103 -1.761587 
104 -1.971442 
105 -2.043366 
106 2.113638 
107 1.531752 
108 -1.371756 
109 -1.706194 
110 1.197103 
111 -1.534185 
112 -0.506760 
113 -2.419408 
114 1.507123 
115 -1.741954 
116 1.768212 
117 1.926454 
118 -1.632976 
119 -2.278355 
120 -1.581696 
121 -1.983100 
122 -0.956710 
123 -1.124783 
124 0.947649 
125 -1.946917 
126 -1.672333 
127 -0.910770 
128 -1.906022 
129 -1.080574 
130 -1.309778 
131 1.305113 
132 4.247507 
133 -0.107521 
134 0.640226 
135 1.456989 
136 -2.195150 
137 1.942107 
138 -1.252569 
139 -0.583398 
140 2.058541 
141 -2.282090 
142 1.324294 
143 -1.612864 
144 1.161678 
145 -2.533316 
146 -0.826084 
147 -1.458882 
148 -1.418331 
149 -1.532769 
150 -1.632045 
151 -1.049560 
152 -1.600415 
153 -1.361781 
154 -1.630384 
155 -0.849599 
156 -1.479568 
157 -1.120825 
158 -1.620586 
159 -0.997037 
160 -1.293547 
161 -0.365661 
162 -1.744087 
163 -1.614345 
164 1.582906 
165 -1.699299 
166 -0.968337 
167 -1.914725 
168 -1.229029 
169 -1.948310 
170 -1.641734 
171 -0.265889 
172 -1.792262 
173 -0.699444 
174 -2.324713 
175 1.139748 
176 1.579072 
177 -0.846564 
178 -1.720851 
179 -2.080767 
180 -0.267602 
181 -1.690872 
182 -2.468409 
183 1.073604 
184 -1.391233 
185 -1.370684 
186 -1.147401 
187 -1.662215 
188 -1.714788 
189 -1.892166 
190 -1.011267 
191 2.209467 
192 1.184670 
193 -0.988011 
194 -1.030010 
195 -2.288898 
196 -0.897841 
197 -1.942303 
198 -1.081707 
199 -0.949092 
200 -1.663106 
201 1.021951 
202 -0.867230 
203 -2.534248 
204 -0.902404 
205 -1.103502 
206 -0.561638 
207 -2.251294 
208 -1.035849 
209 -2.325428 
210 -1.086340 
211 -0.946351 
212 -1.731320 
213 -1.040402 
214 -1.156099 
215 -0.965624 
216 0.881389 
217 -2.492374 
218 -1.911960 
219 -0.677229 
220 1.005250 
221 -2.168724 
222 -0.560968 
223 -2.052975 
224 -1.433997 
225 -0.536019 
226 -1.578969 
227 -1.655905 
228 -2.013889 
229 1.975498 
230 -1.790928 
231 -1.109106 
232 -3.007226 
233 1.323330 
234 -0.540243 
235 1.667035 
236 -1.796589 
237 -1.901830 
238 -1.142352 
239 0.026926 
240 0.877962 
241 -0.236644 
242 -1.395705 
243 -2.824389 
244 -1.349199 
245 -1.206607 
246 -1.213341 
247 -1.376912 
248 -1.807415 
249 1.147088 
250 -2.684126 
251 0.992791 
252 1.425525 
253 0.723361 
254 -2.443136 
255 -1.683721 
256 2.543475 
257 -1.845220 
258 -1.410963 
259 -1.557496 
260 1.117786 
261 -1.312846 
262 -1.933381 
263 -1.677137 
264 -1.476278 
265 -1.150225 
266 -1.632516 
267 -1.451492 
268 -1.541731 
269 -2.055634 
270 -1.062737 
271 -0.899104 
272 -1.371957 
273 -1.309094 
274 -1.109251 
275 -1.712701 
276 1.565762 
277 -2.271816 
278 -0.803805 
279 -1.482894 
280 -1.684500 
281 -1.447726 
282 -1.677689 
283 1.182282 
284 -1.935082 
285 1.179161 
286 -1.779093 
287 -1.067661 
288 -1.153526 
289 -1.778529 
290 -0.709003 
291 -1.921981 
292 -1.492549 
293 -1.964987 
294 1.892856 
295 -1.856907 
296 -1.489837 
297 -0.885194 
298 -2.078352 
299 -1.132252 
300 -1.155095 
301 -1.886407 
302 2.031616 
303 -1.332119 
304 -1.714320 
305 -1.766505 
306 2.442858 
307 -0.682718 
308 1.270944 
309 -2.189788 
310 0.696742 
311 -2.027435 
312 -1.642617 
313 -1.909850 
314 0.968943 
315 -0.731332 
316 -1.137960 
317 -2.267447 
318 1.121884 
319 -1.614310 
320 -0.498276 
321 -1.986700 
322 1.426551 
323 -1.802298 
324 -3.021878 
325 -1.095489 
326 -0.550120 
327 1.920663 
328 -1.082863 
329 -0.617193 
330 -1.376917 
331 -2.102580 
332 0.022740 
333 -0.993431 
334 -2.468342 
335 -1.417928 
336 -0.424533 
337 -1.768002 
338 -2.418359 
339 -0.452018 
340 -0.665667 
341 -0.779756 
342 -2.993654 
343 -0.282973 
344 -1.114542 
345 -2.138863 
346 -0.984884 
347 -1.166350 
348 -1.947022 
349 1.742304 
350 -0.585876 
351 -2.050217 
352 -0.965530 
353 -1.651308 
354 -0.321832 
355 -2.125639 
356 -1.853852 
357 1.042344 
358 -1.582880 
359 -1.332960 
360 -1.892284 
361 0.960853 
362 -0.948296 
363 -1.409233 
364 -1.034259 
365 -0.509683 
366 -1.271950 
367 -2.172664 
368 -1.396060 
369 -1.671355 
370 -0.178390 
371 -1.597251 
372 -0.380875 
373 -0.671231 
374 -0.397677 
375 -2.672837 
376 -1.518497 
377 -1.306406 
378 -1.123060 
379 -1.422023 
380 -0.328021 
381 -1.626157 
382 -2.163285 
383 2.399115 
384 -2.356579 
385 -1.354358 
386 -1.415052 
387 0.845872 
388 -1.989371 
389 -2.142491 
390 1.385908 
391 -0.767860 
392 -0.918002 
393 -2.152115 
394 -1.403479 
395 1.284666 
396 1.399951 
397 -1.384969 
398 -1.755466 
399 -1.977641 
400 -0.245594 
401 1.874765 
402 -2.355556 
403 -1.694000 
404 -1.383472 
405 1.618816 
406 -1.432626 
407 -2.031463 
408 -1.319155 
409 -1.619726 
410 -1.060152 
411 -1.513645 
412 1.417857 
413 -2.182953 
414 -1.403841 
415 1.958848 
416 -1.493574 
417 -0.780323 
418 -1.548173 
419 -1.426040 
420 -1.258902 
421 1.005569 
422 -2.836590 
423 -0.770253 
424 2.172401 
425 1.217470 
426 -2.153444 
427 2.794858 
428 -2.113595 
429 1.667345 
430 -1.965295 
431 -0.154751 
432 -1.991043 
433 -2.001221 
434 0.414047 
435 -0.835490 
436 -1.285272 
437 -1.379242 
438 -2.241949 
439 1.721277 
440 -2.010485 
441 -1.765096 
442 -1.017878 
443 0.680656 
444 0.675205 
445 -2.089050 
446 -2.126078 
447 1.291047 
448 -0.963010 
449 1.333581 
450 -1.783903 
451 -2.322952 
452 -0.758227 
453 -2.942751 
454 2.697438 
455 0.984853 
456 -1.596729 
457 -0.772710 
458 2.681929 
459 -1.200979 
460 -0.534176 
461 -1.435916 
462 -0.237849 
463 -2.601869 
464 -2.198525 
465 1.671183 
466 1.744752 
467 -2.276677 
468 -0.326332 
469 -1.345329 
470 -1.987440 
471 -1.064278 
472 -1.002889 
473 -1.456271 
474 -1.661485 
475 -1.033551 
476 -0.705224 
477 -1.821655 
478 -1.047470 
479 -1.710154 
480 -2.035740 
481 -2.463510 
482 -0.663600 
483 0.689882 
484 0.571606 
485 -2.995645 
486 -1.516054 
487 1.714218 
488 -1.869200 
489 -1.977968 
490 -1.093325 
491 -0.377961 
492 -0.871705 
493 -0.656993 
494 -2.116729 
495 -1.465585 
496 -1.078548 
497 -1.842914 
498 -1.819484 
499 -0.554411 
500 -0.491247 
501 -1.834499 
502 -0.796198 
503 -1.862004 
504 -1.060807 
505 -0.698884 
506 -2.080315 
507 -1.394386 
508 -1.633610 
509 -0.593844 
510 -1.386993 
511 -1.486501 
512 -0.961243 
513 -1.651132 
514 -1.129945 
515 -1.785832 
516 -1.398845 
517 -1.388653 
518 -1.959849 
519 1.640791 
520 2.015263 
521 -1.198361 
522 -2.565762 
523 -1.681621 
524 -2.012240 
525 1.602512 
526 1.506415 
527 -1.761960 
528 -0.964894 
529 -1.788480 
530 -1.593138 
531 -0.844046 
532 -1.264256 
533 -1.222784 
534 -0.395775 
535 -2.229496 
536 -1.830453 
537 -0.643022 
538 1.626703 
539 -2.026119 
540 1.147549 
541 -1.899485 
542 -1.763797 
543 -1.897771 
544 2.219700 
545 -1.011684 
546 1.610146 
547 -2.291511 
548 -1.554366 
549 1.327375 
550 -1.937904 
551 -1.387319 
552 -1.723227 
553 -1.108296 
554 0.752980 
555 -2.301756 
556 -1.532872 
557 -1.955038 
558 -1.044563 
559 -0.747471 
560 1.741202 
561 -1.068477 
562 -2.492093 
563 1.063554 
564 1.295902 
565 -1.116289 
566 -1.876697 
567 -2.183227 
568 -0.753219 
569 -1.849231 
570 -1.615922 
571 -1.182601 
572 -1.468642 
573 1.770448 
574 -0.738389 
575 -2.347200 
576 -0.996023 
577 1.668016 
578 -2.145208 
579 -1.346594 
580 -1.529481 
581 -1.908434 
582 -1.144322 
583 -0.812330 
584 -0.372871 
585 -3.178766 
586 -0.428086 
587 -1.013405 
588 -0.989479 
589 1.211332 
590 -1.246876 
591 -2.210163 
592 -1.484062 
593 -2.034931 
594 -0.847101 
595 -0.905053 
596 0.910643 
597 0.777965 
598 -2.873716 
599 -1.631873 
600 -1.033834 
601 -0.163372 
602 -2.502414 
603 -1.310076 
604 0.384292 
605 1.446252 
606 -2.045113 
607 -2.265590 
608 -1.637766 
609 -2.280218 
610 1.816914 
611 -1.207329 
612 -0.526880 
613 -2.391147 
614 1.010624 
615 -2.249441 
616 2.820694 
617 -0.505403 
618 -1.874146 
619 0.998222 
620 -0.857496 
621 -1.558245 
622 -0.831054 
623 -1.883010 
624 -2.347657 
625 2.274997 
626 -1.416058 
627 1.202342 
628 -0.934550 
629 1.476000 
630 -1.950923 
631 -1.859504 
632 1.872732 
633 1.207376 
634 -2.372020 
635 -1.476482 
636 1.175490 
637 -1.862696 
638 -1.225635 
639 -1.735590 
640 -0.936586 
641 0.826467 
642 -2.702999 
643 -1.050715 
644 -1.959105 
645 1.411650 
646 -1.900245 
647 -1.774141 
648 -2.057538 
649 -1.838734 
650 -0.684651 
651 -0.978502 
652 1.180433 
653 -2.408360 
654 -1.506400 
655 1.949615 
656 -1.647787 
657 -0.580874 
658 -1.245227 
659 -2.189124 
660 -1.939686 
661 -1.601207 
662 -0.572245 
663 -0.690783 
664 -1.693675 
665 -1.559223 
666 -1.457436 
667 1.572965 
668 -1.384844 
669 -1.173541 
670 -1.163556 
671 -1.849816 
672 1.533299 
673 -2.240037 
674 1.637956 
675 -1.811528 
676 -0.364218 
677 -1.206641 
678 -2.078472 
679 -1.844141 
680 -2.075980 
681 0.718054 
682 -2.252100 
683 1.043893 
684 1.345854 
685 -1.933539 
686 -1.158767 
687 -1.924834 
688 -1.804981 
689 -1.184188 
690 -0.569438 
691 -1.865402 
692 1.821268 
693 -2.247166 
694 1.895141 
695 -1.248264 
696 -1.203935 
697 -1.773851 
698 -0.698534 
699 -1.739200 
700 -1.672211 
701 -1.311353 
702 -1.601743 
703 -0.991569 
704 -1.285400 
705 1.434967 
706 -1.354922 
707 -2.241088 
708 -1.935420 
709 -0.546889 
710 1.572883 
711 -1.940720 
712 -1.895654 
713 -0.376458 
714 1.417066 
715 -2.373385 
716 1.225827 
717 -1.293252 
718 1.215340 
719 -2.836092 
720 1.598869 
721 -0.612225 
722 -1.758421 
723 -2.074719 
724 -2.046346 
725 -2.169626 
726 -0.383907 
727 1.318180 
728 2.467675 
729 2.069629 
730 1.856427 
731 -2.277359 
732 -1.303816 
733 -2.088740 
734 -0.981977 
735 1.710574 
736 -1.586761 
737 -0.671179 
738 1.890619 
739 -2.070348 
740 -1.382453 
741 -2.524517 
742 0.962629 
743 1.361012 
744 -2.217583 
745 -2.166623 
746 0.507629 
747 -0.890967 
748 -1.035099 
749 -1.219121 
750 -1.828120 
751 -1.073803 
752 0.736680 
753 -3.373945 
754 1.891105 
755 -0.122386 
756 -0.681034 
757 -1.323008 
758 -1.538020 
759 -1.748581 
760 -0.949407 
761 -1.566793 
762 -1.412455 
763 -1.302291 
764 -0.992653 
765 -2.456557 
766 -0.340423 
767 -1.025699 
768 -0.681145 
769 -1.294050 
770 -1.626798 
771 -1.701955 
772 -1.136808 
773 -1.195386 
774 -1.418868 
775 -1.738429 
776 -1.790470 
777 -1.079179 
778 -1.842098 
779 -0.690700 
780 1.331412 
781 -1.397802 
782 2.529476 
783 -2.095616 
784 -1.596330 
785 -0.897399 
786 -1.870755 
787 -0.819584 
788 -1.807909 
789 -1.878654 
790 1.862340 
791 -0.989824 
792 -0.688285 
793 -2.603056 
794 -1.568249 
795 -0.959588 
796 -1.830050 
797 -1.764183 
798 -1.153581 
799 -0.184641 
800 -1.021932 
801 -1.441277 
802 1.954129 
803 -1.882255 
804 1.430435 
805 -1.489480 
806 -1.590563 
807 -1.807457 
808 -1.416743 
809 -1.473633 
810 -0.478621 
811 -1.267760 
812 -1.360882 
813 -0.320022 
814 -1.376277 
815 -2.095360 
816 -1.319074 
817 -1.386739 
818 -1.786447 
819 1.128679 
820 -1.853599 
821 -1.824066 
822 0.409002 
823 -1.156725 
824 -1.246279 
825 1.561960 
826 -1.417267 
827 -1.792694 
828 1.263316 
829 -1.224108 
830 -2.118329 
831 -1.741829 
832 -2.188055 
833 1.625367 
834 -1.632785 
835 -1.049943 
836 -1.860693 
837 -0.357057 
838 -1.665688 
839 -1.010955 
840 -1.202717 
841 -1.460686 
842 1.760011 
843 -1.902945 
844 -1.380418 
845 0.807332 
846 -2.292583 
847 -1.216189 
848 -2.072570 
849 -1.333296 
850 -1.655736 
851 1.944702 
852 1.664812 
853 1.799846 
854 -2.619287 
855 -1.326293 
856 -1.210776 
857 -1.479511 
858 -1.558847 
859 -0.693059 
860 -1.015929 
861 -0.861830 
862 -2.528079 
863 1.654573 
864 1.206931 
865 -2.685623 
866 2.083800 
867 -1.360576 
868 -1.141970 
869 -1.173368 
870 -0.977945 
871 -2.060448 
872 -1.964131 
873 1.421806 
874 -2.270061 
875 1.158651 
876 -0.982025 
877 0.983373 
878 -2.341599 
879 -0.900711 
880 -2.015364 
881 -1.303334 
882 -1.268302 
883 2.047189 
884 -0.317406 
885 -1.113867 
886 -2.083915 
887 -1.516245 
888 1.176347 
889 -1.798929 
890 -1.952350 
891 -1.119494 
892 1.665406 
893 -1.381542 
894 -1.729297 
895 -1.374516 
896 -1.211033 
897 1.641638 
898 -2.878293 
899 1.251320 
900 -1.644440 
901 1.262056 
902 -1.589234 
903 -2.012788 
904 -1.763322 
905 -2.572185 
906 0.876928 
907 1.785855 
908 1.142882 
909 -0.661512 
910 -1.688018 
911 -2.283597 
912 -1.467820 
913 -2.042497 
914 2.257643 
915 1.598150 
916 -2.403405 
917 -0.541422 
918 1.025046 
919 -1.736851 
920 -1.971004 
921 -1.293473 
922 -1.575550 
923 1.836960 
924 2.104476 
925 -1.018298 
926 -1.147309 
927 -2.171910 
928 -2.097713 
929 1.851883 
930 1.803746 
931 -1.545202 
932 -1.407554 
933 -0.843354 
934 -0.736488 
935 -2.205268 
936 -1.133283 
937 -1.816670 
938 -1.330265 
939 -1.186900 
940 -1.106757 
941 -1.661232 
942 -1.998038 
943 -0.161604 
944 -1.830814 
945 2.001998 
946 0.193459 
947 -1.578436 
948 -1.964715 
949 -0.158165 
950 -1.236322 
951 -1.938185 
952 1.432729 
953 1.230809 
954 -1.781454 
955 -2.129946 
956 -1.309873 
957 1.109128 
958 -1.198897 
959 -2.180451 
960 -0.832423 
961 -2.073619 
962 1.307226 
963 -2.253106 
964 -1.087378 
965 -1.864997 
966 2.143227 
967 -1.896123 
968 -1.118828 
969 -1.462141 
970 -2.221372 
971 1.173487 
972 -1.748109 
973 -1.792954 
974 -1.567825 
975 1.973992 
976 -2.591681 
977 -0.716241 
978 -0.835397 
979 -0.484225 
980 -1.728657 
981 -1.120977 
982 0.961504 
983 -1.966438 
984 1.729181 
985 -0.610056 
986 -0.391545 
987 -2.718349 
988 -1.259257 
989 3.184956 
990 3.446718 
991 0.983015 
992 -2.424817 
993 -1.731484 
994 2.013298 
995 1.798744 
996 -0.736939 
997 0.832303 
998 -2.422363 
999 -1.447279 
1000 1.700747 
1001 1.628167 
1002 -1.001186 
1003 -2.941270 
1004 -1.054229 
1005 -1.067886 
1006 -2.364549 
1007 -0.162778 
1008 1.343141 
1009 -1.639402 
1010 -2.413951 
1011 1.706687 
1012 -1.954761 
1013 -1.080763 
1014 1.805197 
1015 -1.468795 
1016 -0.918678 
1017 -1.847274 
1018 -1.709760 
1019 1.069864 
1020 -1.380159 
1021 1.202776 
1022 -0.801796 
1023 -2.580364 
1024 -0.564064 
1025 2.299956 
1026 -1.887665 
1027 -1.981144 
1028 -0.777231 
1029 -2.259469 
1030 -0.916846 
1031 -1.353759 
1032 0.883759 
1033 -2.044846 
1034 2.584524 
1035 2.395357 
1036 -1.501071 
1037 -1.230637 
1038 -1.411741 
1039 -1.173142 
1040 -1.076662 
1041 -2.034324 
1042 -1.877770 
1043 -1.013827 
1044 -1.980876 
1045 2.192523 
1046 1.463001 
1047 -2.146406 
1048 -2.020385 
1049 2.168245 
1050 1.961011 
1051 -1.552878 
1052 -1.668243 
1053 -0.851451 
1054 -1.641163 
1055 -1.645187 
1056 -2.066157 
1057 -1.706328 
1058 -1.031969 
1059 1.085501 
1060 -1.417846 
1061 -1.218710 
1062 -1.195315 
1063 -1.855897 
1064 1.671633 
1065 -1.531090 
1066 -0.747590 
1067 -2.216981 
1068 1.112187 
1069 -2.713664 
1070 -1.703897 
1071 1.337202 
1072 -1.502537 
1073 -2.052949 
1074 -0.809955 
1075 -1.236881 
1076 -0.356169 
1077 -1.503683 
1078 -0.766963 
1079 -2.507689 
1080 -1.768053 
1081 -1.810527 
1082 1.188197 
1083 -1.198391 
1084 -0.804249 
1085 -1.992620 
1086 -1.732337 
1087 -0.805054 
1088 -0.509499 
1089 -2.471730 
1090 -0.267423 
1091 -1.229717 
1092 -1.975086 
1093 1.382232 
1094 -1.347235 
1095 -1.418636 
1096 -0.582188 
1097 -2.145179 
1098 -1.247018 
1099 -0.616519 
1100 1.228859 
1101 -2.172539 
1102 1.076096 
1103 -2.233874 
1104 -1.297928 
1105 -1.572186 
1106 0.276352 
1107 -2.207371 
1108 -2.627460 
1109 -1.398370 
1110 1.129591 
1111 -0.601906 
1112 -1.218043 
1113 1.423727 
1114 -0.118009 
1115 -3.018040 
1116 -2.379781 
1117 -0.502350 
1118 -1.253194 
1119 -0.787199 
1120 1.610565 
1121 0.701510 
1122 -3.207523 
1123 1.818661 
1124 -1.721726 
1125 1.656380 
1126 -1.863531 
1127 -0.809289 
1128 0.908020 
1129 -1.973005 
1130 -0.335615 
1131 -2.555357 
1132 -2.789566 
1133 -0.385565 
1134 -0.574186 
1135 -1.182148 
1136 -1.854892 
1137 -0.187904 
1138 -1.529684 
1139 -1.559863 
1140 -1.453092 
1141 1.310124 
1142 -3.062859 
1143 -0.308668 
1144 -1.202102 
1145 -1.952892 
1146 1.823392 
1147 -1.448053 
1148 -0.748624 
1149 -1.244583 
1150 -1.677981 
1151 -1.810368 
1152 3.084512 
1153 -1.635820 
1154 -1.318075 
1155 2.056835 
1156 -0.745682 
1157 -1.972129 
1158 1.587649 
1159 -1.996825 
1160 -0.565328 
1161 -1.737018 
1162 -2.000248 
1163 1.991528 
1164 -0.683114 
1165 -1.270764 
1166 -1.059146 
1167 -1.926974 
1168 -1.568763 
1169 -1.861872 
1170 -1.149708 
1171 2.330601 
1172 -1.529122 
1173 -1.189349 
1174 -0.850539 
1175 -1.811968 
1176 -1.466831 
1177 -0.862680 
1178 -0.987371 
1179 -1.865364 
1180 -2.124129 
1181 -1.713204 
1182 1.261959 
1183 -0.649925 
1184 -2.043782 
1185 1.878445 
1186 -1.098741 
1187 -1.643470 
1188 -2.449452 
1189 -1.949652 
1190 -0.780526 
1191 -0.637970 
1192 -1.222726 
1193 -1.897455 
1194 -1.634630 
1195 1.488824 
1196 -0.394772 
1197 -2.266275 
1198 -1.624438 
1199 1.870739 
1200 1.716393 
1201 -1.045776 
1202 -1.707979 
1203 -1.806502 
1204 1.510814 
1205 -2.211394 
1206 -1.331908 
1207 -1.246451 
1208 1.104347 
1209 -1.842107 
1210 -1.455140 
1211 -1.226611 
1212 1.679407 
1213 -1.526759 
1214 -1.174229 
1215 -2.017285 
1216 -1.234272 
1217 -1.063818 
1218 -2.235961 
1219 -0.562713 
1220 -1.529743 
1221 -1.620584 
1222 -2.134886 
1223 0.327223 
1224 -0.499992 
1225 -0.645738 
1226 -0.586966 
1227 -2.938128 
1228 -0.646886 
1229 -1.704059 
1230 -2.064966 
1231 1.128187 
1232 -2.024602 
1233 -1.350226 
1234 -0.991548 
1235 1.823255 
1236 -1.100265 
1237 -0.088198 
1238 -0.951035 
1239 -2.598419 
1240 -1.850693 
1241 -1.265152 
1242 -1.804566 
1243 0.987857 
1244 -1.048389 
1245 -1.639014 
1246 -1.241508 
1247 2.325567 
1248 -1.885811 
1249 -2.257775 
1250 0.959482 
1251 -0.579500 
1252 -1.263458 
1253 0.939557 
1254 -2.007146 
1255 -1.516828 
1256 -1.158790 
1257 -1.793130 
1258 -1.690407 
1259 -0.381871 
1260 0.981831 
1261 -0.721477 
1262 -2.251224 
1263 -1.993701 
1264 -0.553563 
1265 -1.535003 
1266 -1.494770 
1267 -1.471913 
1268 -0.333136 
1269 -1.974402 
1270 -0.800316 
1271 -1.860613 
1272 -1.197808 
1273 -2.401854 
1274 -1.116306 
1275 -0.377053 
1276 0.749041 
1277 -2.201264 
1278 -1.765936 
1279 -1.035905 
1280 -2.177969 
1281 -1.229830 
1282 -1.520330 
1283 1.354761 
1284 -1.165125 
1285 -2.220188 
1286 2.132526 
1287 -1.813201 
1288 -1.008505 
1289 -1.024832 
1290 -1.701078 
1291 -1.804334 
1292 -0.680467 
1293 -2.232651 
1294 -1.642831 
1295 0.724100 
1296 -0.842706 
1297 -1.058496 
1298 -1.068998 
1299 -2.173860 
1300 -1.532334 
1301 -1.887649 
1302 -0.812653 
1303 -0.921949 
1304 -2.252106 
1305 -1.759047 
1306 1.646913 
1307 1.469594 
1308 -2.375781 
1309 -1.758178 
1310 -0.001656 
1311 -1.176651 
1312 0.656521 
1313 -1.096380 
1314 -2.093372 
1315 -1.862224 
1316 -1.791822 
1317 -1.542200 
1318 -1.692467 
1319 -0.825150 
1320 0.489855 
1321 -1.512368 
1322 -2.684719 
1323 0.863909 
1324 -1.326990 
1325 -0.872037 
1326 -1.771879 
1327 -1.284770 
1328 -2.264682 
1329 -0.344851 
1330 -1.769607 
1331 -0.993210 
1332 -1.542126 
1333 -1.073992 
1334 -1.232656 
1335 -1.664834 
1336 -2.427205 
1337 -1.644348 
1338 1.554177 
1339 -0.609603 
1340 -1.058431 
1341 -1.891734 
1342 -1.704988 
1343 1.553475 
1344 -0.129367 
1345 -3.192653 
1346 -0.414181 
1347 0.038557 
1348 -1.345341 
1349 -2.352587 
1350 -0.423062 
1351 -0.729880 
1352 -2.809593 
1353 2.060711 
1354 -1.472262 
1355 0.039742 
1356 -0.136929 
1357 1.283262 
1358 -1.812836 
1359 -2.395414 
1360 2.131852 
1361 0.769610 
1362 -1.966370 
1363 -1.917577 
1364 -0.584164 
1365 -2.479840 
1366 0.404366 
1367 -2.017702 
1368 -1.562671 
1369 -1.654647 
1370 1.603368 
1371 -1.453094 
1372 2.116711 
1373 2.926868 
1374 1.111017 
1375 -2.942046 
1376 1.760577 
1377 -2.569420 
1378 -1.312581 
1379 1.328899 
1380 -0.031676 
1381 -1.164161 
1382 -2.874832 
1383 -0.767266 
1384 -1.331374 
1385 1.700121 
1386 1.260549 
1387 -2.373147 
1388 -2.560807 
1389 0.001719 
1390 -0.382703 
1391 -1.731369 
1392 -1.597335 
1393 -1.471493 
1394 -1.905659 
1395 1.028051 
1396 -1.752069 
1397 -0.642164 
1398 2.587700 
1399 -0.989394 
1400 -1.235252 
1401 -2.145851 
1402 -1.359895 
1403 -0.668470 
1404 1.780243 
1405 -1.578739 
1406 -1.892928 
1407 -1.025087 
1408 -1.731159 
1409 1.315377 
1410 -2.251164 
1411 -0.786233 
1412 1.377134 
1413 -2.888511 
1414 -1.514786 
1415 0.789571 
1416 -1.045804 
1417 -0.607081 
1418 -1.951872 
1419 -1.357645 
1420 -1.763279 
1421 -2.152226 
1422 1.436718 
1423 1.764770 
1424 1.986575 
1425 -2.305053 
1426 -1.462930 
1427 1.419940 
1428 -2.045904 
1429 -1.148939 
1430 -1.117678 
1431 -1.160622 
1432 -1.999945 
1433 -1.942347 
1434 -0.144343 
1435 -0.747144 
1436 1.385347 
1437 -0.528969 
1438 -0.859851 
1439 -3.100797 
1440 1.225720 
1441 -0.836166 
1442 -0.403154 
1443 -2.704658 
1444 -1.887740 
1445 -2.514424 
