3072 1
0 0.384966 
1 0.384966 
2 0.384966 
3 0.093374 
4 0.093374 
5 0.093374 
6 -0.329085 
7 -0.329085 
8 -0.329085 
9 0.020514 
10 0.020514 
11 0.020514 
12 0.384966 
13 0.384966 
14 0.384966 
15 0.093374 
16 0.093374 
17 0.093374 
18 0.186360 
19 0.186360 
20 0.186360 
21 -0.175353 
22 -0.175353 
23 -0.175353 
24 0.384966 
25 0.384966 
26 0.384966 
27 0.093374 
28 0.093374 
29 0.093374 
30 -0.135466 
31 -0.135466 
32 -0.135466 
33 -0.331893 
34 -0.331893 
35 -0.331893 
36 -0.306470 
37 -0.306470 
38 -0.306470 
39 0.389788 
40 0.389788 
41 0.389788 
42 -0.294489 
43 -0.294489 
44 -0.294489 
45 -0.342275 
46 -0.342275 
47 -0.342275 
48 -0.300148 
49 -0.300148 
50 -0.300148 
51 -0.216876 
52 -0.216876 
53 -0.216876 
54 -0.170006 
55 -0.170006 
56 -0.170006 
57 0.004051 
58 0.004051 
59 0.004051 
60 -0.221333 
61 -0.221333 
62 -0.221333 
63 -0.053974 
64 -0.053974 
65 -0.053974 
66 -0.053974 
67 -0.053974 
68 -0.053974 
69 -0.221333 
70 -0.221333 
71 -0.221333 
72 0.493480 
73 0.493480 
74 0.493480 
75 0.251135 
76 0.251135 
77 0.251135 
78 0.390485 
79 0.390485 
80 0.390485 
81 0.087235 
82 0.087235 
83 0.087235 
84 -0.053974 
85 -0.053974 
86 -0.053974 
87 -0.221333 
88 -0.221333 
89 -0.221333 
90 -0.141714 
91 -0.141714 
92 -0.141714 
93 -0.086895 
94 -0.086895 
95 -0.086895 
96 -0.221333 
97 -0.221333 
98 -0.221333 
99 -0.053974 
100 -0.053974 
101 -0.053974 
102 0.282009 
103 0.282009 
104 0.282009 
105 0.326416 
106 0.326416 
107 0.326416 
108 -0.309226 
109 -0.309226 
110 -0.309226 
111 0.132394 
112 0.132394 
113 0.132394 
114 -0.053974 
115 -0.053974 
116 -0.053974 
117 -0.221333 
118 -0.221333 
119 -0.221333 
120 -0.221333 
121 -0.221333 
122 -0.221333 
123 -0.053974 
124 -0.053974 
125 -0.053974 
126 -0.053974 
127 -0.053974 
128 -0.053974 
129 -0.221333 
130 -0.221333 
131 -0.221333 
132 0.460006 
133 0.460006 
134 0.460006 
135 0.457016 
136 0.457016 
137 0.457016 
138 0.483354 
139 0.483354 
140 0.483354 
141 0.037223 
142 0.037223 
143 0.037223 
144 0.003129 
145 0.003129 
146 0.003129 
147 0.444595 
148 0.444595 
149 0.444595 
150 -0.178391 
151 -0.178391 
152 -0.178391 
153 0.320461 
154 0.320461 
155 0.320461 
156 -0.221333 
157 -0.221333 
158 -0.221333 
159 -0.053974 
160 -0.053974 
161 -0.053974 
162 -0.053974 
163 -0.053974 
164 -0.053974 
165 -0.221333 
166 -0.221333 
167 -0.221333 
168 -0.472898 
169 -0.472898 
170 -0.472898 
171 -0.420220 
172 -0.420220 
173 -0.420220 
174 -0.441258 
175 -0.441258 
176 -0.441258 
177 0.194824 
178 0.194824 
179 0.194824 
180 0.266116 
181 0.266116 
182 0.266116 
183 -0.402669 
184 -0.402669 
185 -0.402669 
186 0.266116 
187 0.266116 
188 0.266116 
189 -0.402669 
190 -0.402669 
191 -0.402669 
192 0.319098 
193 0.319098 
194 0.319098 
195 0.260959 
196 0.260959 
197 0.260959 
198 0.312750 
199 0.312750 
200 0.312750 
201 0.127839 
202 0.127839 
203 0.127839 
204 -0.300148 
205 -0.300148 
206 -0.300148 
207 -0.216876 
208 -0.216876 
209 -0.216876 
210 -0.486408 
211 -0.486408 
212 -0.486408 
213 0.216432 
214 0.216432 
215 0.216432 
216 -0.236741 
217 -0.236741 
218 -0.236741 
219 0.477480 
220 0.477480 
221 0.477480 
222 -0.323082 
223 -0.323082 
224 -0.323082 
225 -0.486408 
226 -0.486408 
227 -0.486408 
228 0.207660 
229 0.207660 
230 0.207660 
231 0.326416 
232 0.326416 
233 0.326416 
234 0.207660 
235 0.207660 
236 0.207660 
237 0.326416 
238 0.326416 
239 0.326416 
240 -0.472630 
241 -0.472630 
242 -0.472630 
243 -0.086895 
244 -0.086895 
245 -0.086895 
246 -0.130286 
247 -0.130286 
248 -0.130286 
249 -0.472630 
250 -0.472630 
251 -0.472630 
252 0.216432 
253 0.216432 
254 0.216432 
255 -0.130286 
256 -0.130286 
257 -0.130286 
258 0.340898 
259 0.340898 
260 0.340898 
261 -0.144218 
262 -0.144218 
263 -0.144218 
264 -0.472630 
265 -0.472630 
266 -0.472630 
267 -0.086895 
268 -0.086895 
269 -0.086895 
270 -0.086895 
271 -0.173928 
272 -0.173928 
273 -0.472630 
274 -0.472630 
275 -0.472630 
276 -0.141714 
277 -0.141714 
278 -0.141714 
279 -0.086895 
280 -0.086895 
281 -0.086895 
282 -0.173928 
283 -0.173928 
284 -0.173928 
285 -0.472630 
286 -0.472630 
287 -0.472630 
288 -0.298321 
289 -0.298321 
290 -0.298321 
291 -0.431635 
292 -0.431635 
293 -0.431635 
294 0.158592 
295 0.158592 
296 0.158592 
297 0.218620 
298 0.218620 
299 0.218620 
300 -0.141714 
301 -0.141714 
302 -0.141714 
303 -0.086895 
304 -0.086895 
305 -0.086895 
306 -0.141714 
307 -0.141714 
308 -0.141714 
309 -0.086895 
310 -0.086895 
311 -0.086895 
312 -0.310251 
313 -0.310251 
314 -0.310251 
315 -0.102827 
316 -0.102827 
317 -0.102827 
318 -0.454026 
319 -0.454026 
320 -0.454026 
321 0.234955 
322 0.234955 
323 0.234955 
324 -0.173928 
325 -0.173928 
326 -0.173928 
327 -0.472630 
328 -0.472630 
329 -0.472630 
330 -0.173928 
331 -0.173928 
332 -0.173928 
333 -0.472630 
334 -0.472630 
335 -0.472630 
336 -0.141714 
337 -0.141714 
338 -0.141714 
339 -0.086895 
340 -0.086895 
341 -0.086895 
342 -0.173928 
343 -0.173928 
344 -0.173928 
345 -0.472630 
346 -0.472630 
347 -0.472630 
348 -0.296204 
349 -0.296204 
350 -0.296204 
351 -0.032500 
352 -0.032500 
353 -0.032500 
354 -0.086733 
355 -0.086733 
356 -0.086733 
357 0.130178 
358 0.130178 
359 0.130178 
360 -0.298321 
361 -0.298321 
362 -0.298321 
363 -0.431635 
364 -0.431635 
365 -0.431635 
366 0.158592 
367 0.158592 
368 0.158592 
369 0.218620 
370 0.218620 
371 0.218620 
372 -0.330644 
373 -0.330644 
374 -0.330644 
375 0.411136 
376 0.411136 
377 0.411136 
378 0.424747 
379 0.424747 
380 0.424747 
381 -0.389155 
382 -0.389155 
383 -0.389155 
384 0.207660 
385 -0.310251 
386 -0.310251 
387 0.326416 
388 0.326416 
389 0.326416 
390 0.326416 
391 0.326416 
392 -0.298321 
393 -0.431635 
394 -0.431635 
395 -0.431635 
396 0.133456 
397 0.133456 
398 0.133456 
399 -0.310362 
400 -0.310362 
401 -0.310362 
402 -0.310251 
403 -0.310251 
404 -0.310251 
405 -0.102827 
406 -0.102827 
407 -0.102827 
408 -0.296204 
409 0.497993 
410 0.497993 
411 0.158592 
412 0.158592 
413 0.158592 
414 -0.358068 
415 0.158592 
416 0.257550 
417 -0.153353 
418 -0.456062 
419 -0.306470 
420 0.207660 
421 0.207660 
422 0.207660 
423 0.326416 
424 0.326416 
425 0.326416 
426 -0.454026 
427 -0.454026 
428 -0.454026 
429 0.234955 
430 0.234955 
431 0.234955 
432 0.324872 
433 0.324872 
434 0.324872 
435 -0.121514 
436 -0.121514 
437 -0.121514 
438 -0.296204 
439 -0.296204 
440 -0.296204 
441 -0.032500 
442 -0.032500 
443 -0.032500 
444 -0.086895 
445 -0.086895 
446 -0.086895 
447 -0.141714 
448 -0.141714 
449 -0.141714 
450 -0.141714 
451 -0.141714 
452 -0.141714 
453 -0.086895 
454 -0.086895 
455 -0.086895 
456 -0.365223 
457 -0.365223 
458 -0.365223 
459 -0.301608 
460 -0.301608 
461 -0.301608 
462 -0.086733 
463 -0.086733 
464 -0.086733 
465 0.130178 
466 0.130178 
467 0.130178 
468 -0.472630 
469 -0.472630 
470 -0.472630 
471 -0.173928 
472 -0.173928 
473 -0.173928 
474 -0.173928 
475 -0.173928 
476 -0.173928 
477 -0.472630 
478 -0.472630 
479 -0.472630 
480 -0.086895 
481 -0.086895 
482 -0.086895 
483 -0.141714 
484 -0.141714 
485 -0.141714 
486 -0.141714 
487 -0.141714 
488 -0.141714 
489 -0.086895 
490 -0.086895 
491 -0.086895 
492 0.124385 
493 0.124385 
494 0.124385 
495 0.496925 
496 0.496925 
497 0.496925 
498 -0.141714 
499 -0.141714 
500 -0.141714 
501 -0.086895 
502 -0.086895 
503 -0.086895 
504 -0.086895 
505 -0.086895 
506 -0.086895 
507 -0.141714 
508 -0.141714 
509 -0.141714 
510 -0.141714 
511 -0.141714 
512 -0.141714 
513 -0.086895 
514 -0.086895 
515 -0.086895 
516 -0.219161 
517 -0.219161 
518 -0.219161 
519 -0.495045 
520 -0.495045 
521 -0.495045 
522 -0.173928 
523 -0.173928 
524 -0.173928 
525 -0.472630 
526 -0.472630 
527 -0.472630 
528 0.145847 
529 0.145847 
530 0.145847 
531 -0.458206 
532 -0.458206 
533 -0.458206 
534 -0.298321 
535 -0.298321 
536 -0.298321 
537 -0.431635 
538 -0.431635 
539 -0.431635 
540 -0.086895 
541 -0.086895 
542 -0.086895 
543 -0.141714 
544 -0.141714 
545 -0.141714 
546 -0.141714 
547 -0.298321 
548 -0.298321 
549 -0.086895 
550 0.124385 
551 0.124385 
552 0.497993 
553 0.497993 
554 0.497993 
555 -0.283296 
556 -0.283296 
557 -0.283296 
558 0.158592 
559 0.158592 
560 0.158592 
561 0.218620 
562 0.218620 
563 0.218620 
564 -0.472630 
565 -0.472630 
566 -0.472630 
567 -0.173928 
568 -0.173928 
569 -0.173928 
570 -0.173928 
571 -0.173928 
572 -0.173928 
573 -0.472630 
574 -0.472630 
575 -0.472630 
576 0.230704 
577 0.230704 
578 0.230704 
579 -0.266578 
580 -0.266578 
581 -0.266578 
582 0.383590 
583 0.383590 
584 0.383590 
585 -0.002849 
586 -0.002849 
587 -0.002849 
588 -0.141801 
589 -0.141801 
590 -0.141801 
591 0.232974 
592 0.232974 
593 0.232974 
594 -0.053974 
595 -0.053974 
596 -0.053974 
597 -0.221333 
598 -0.221333 
599 -0.221333 
600 0.491620 
601 0.491620 
602 0.491620 
603 -0.057423 
604 -0.057423 
605 -0.057423 
606 -0.178391 
607 -0.178391 
608 -0.178391 
609 0.320461 
610 0.320461 
611 0.320461 
612 0.389788 
613 -0.294489 
614 -0.342275 
615 0.446483 
616 -0.038271 
617 -0.281552 
618 0.293050 
619 0.291296 
620 0.345218 
621 0.266116 
622 0.266116 
623 0.266116 
624 0.124385 
625 0.124385 
626 0.124385 
627 0.496925 
628 0.496925 
629 0.496925 
630 0.384966 
631 0.384966 
632 0.384966 
633 0.093374 
634 0.093374 
635 0.093374 
636 -0.141801 
637 -0.141801 
638 -0.141801 
639 0.232974 
640 0.232974 
641 0.232974 
642 0.145847 
643 0.145847 
644 0.145847 
645 -0.458206 
646 -0.458206 
647 -0.458206 
648 0.186360 
649 0.186360 
650 0.186360 
651 -0.175353 
652 -0.175353 
653 -0.175353 
654 -0.300148 
655 -0.300148 
656 -0.300148 
657 -0.141801 
658 -0.141801 
659 -0.141801 
660 0.187386 
661 0.187386 
662 0.187386 
663 -0.299477 
664 -0.299477 
665 -0.299477 
666 -0.493322 
667 -0.493322 
668 -0.493322 
669 -0.213111 
670 -0.213111 
671 -0.213111 
672 -0.329085 
673 -0.329085 
674 -0.329085 
675 0.020514 
676 0.020514 
677 0.020514 
678 0.324872 
679 0.324872 
680 0.324872 
681 -0.121514 
682 -0.121514 
683 -0.121514 
684 -0.053974 
685 -0.053974 
686 -0.053974 
687 -0.221333 
688 -0.221333 
689 -0.221333 
690 -0.053974 
691 -0.053974 
692 -0.053974 
693 -0.221333 
694 -0.221333 
695 -0.221333 
696 -0.135466 
697 -0.135466 
698 -0.135466 
699 -0.331893 
700 -0.331893 
701 -0.331893 
702 -0.365223 
703 -0.365223 
704 -0.365223 
705 -0.301608 
706 -0.301608 
707 -0.301608 
708 -0.173928 
709 -0.173928 
710 -0.173928 
711 -0.472630 
712 -0.472630 
713 -0.472630 
714 -0.173928 
715 -0.173928 
716 -0.173928 
717 0.326416 
718 0.326416 
719 0.326416 
720 -0.141801 
721 -0.141801 
722 -0.141801 
723 0.232974 
724 0.232974 
725 0.232974 
726 -0.298321 
727 -0.298321 
728 -0.298321 
729 -0.431635 
730 -0.431635 
731 -0.431635 
732 -0.346305 
733 -0.346305 
734 -0.346305 
735 -0.165431 
736 -0.165431 
737 -0.165431 
738 0.003129 
739 0.003129 
740 0.003129 
741 0.444595 
742 0.444595 
743 0.444595 
744 0.497993 
745 0.497993 
746 0.497993 
747 -0.283296 
748 -0.283296 
749 -0.283296 
750 -0.170006 
751 -0.170006 
752 -0.170006 
753 0.004051 
754 0.004051 
755 0.004051 
756 0.266116 
757 0.266116 
758 0.266116 
759 -0.402669 
760 -0.402669 
761 -0.402669 
762 -0.346305 
763 -0.346305 
764 -0.346305 
765 -0.165431 
766 -0.165431 
767 -0.165431 
768 -0.141394 
769 -0.141394 
770 -0.141394 
771 0.453099 
772 0.453099 
773 0.453099 
774 -0.329085 
775 -0.329085 
776 -0.329085 
777 0.020514 
778 0.020514 
779 0.020514 
780 -0.053974 
781 -0.053974 
782 -0.053974 
783 -0.221333 
784 -0.221333 
785 -0.221333 
786 -0.053974 
787 -0.053974 
788 -0.053974 
789 -0.221333 
790 -0.221333 
791 -0.221333 
792 0.363154 
793 0.363154 
794 0.363154 
795 0.103185 
796 0.103185 
797 0.103185 
798 -0.135466 
799 -0.135466 
800 -0.135466 
801 -0.331893 
802 -0.331893 
803 -0.331893 
804 -0.053974 
805 -0.053974 
806 -0.053974 
807 -0.221333 
808 -0.221333 
809 -0.221333 
810 -0.221333 
811 -0.221333 
812 -0.221333 
813 -0.053974 
814 -0.053974 
815 -0.053974 
816 -0.053974 
817 -0.053974 
818 -0.053974 
819 -0.221333 
820 -0.221333 
821 -0.221333 
822 -0.221333 
823 -0.221333 
824 -0.221333 
825 -0.053974 
826 -0.053974 
827 -0.053974 
828 -0.309226 
829 -0.309226 
830 -0.309226 
831 0.132394 
832 0.132394 
833 0.132394 
834 0.256262 
835 0.256262 
836 0.256262 
837 -0.176936 
838 -0.176936 
839 -0.176936 
840 -0.053974 
841 -0.053974 
842 -0.053974 
843 -0.221333 
844 -0.221333 
845 -0.221333 
846 -0.221333 
847 -0.221333 
848 -0.221333 
849 -0.053974 
850 -0.053974 
851 -0.053974 
852 -0.053974 
853 -0.053974 
854 -0.053974 
855 -0.221333 
856 -0.221333 
857 -0.221333 
858 -0.330644 
859 -0.330644 
860 -0.330644 
861 0.411136 
862 0.411136 
863 0.411136 
864 0.124385 
865 0.124385 
866 0.124385 
867 0.496925 
868 0.496925 
869 0.496925 
870 0.424747 
871 0.424747 
872 0.424747 
873 -0.389155 
874 -0.389155 
875 -0.389155 
876 0.124385 
877 0.124385 
878 0.124385 
879 0.496925 
880 0.496925 
881 0.496925 
882 -0.053974 
883 0.496925 
884 0.496925 
885 -0.221333 
886 0.124385 
887 0.124385 
888 0.384966 
889 0.384966 
890 0.384966 
891 0.093374 
892 0.093374 
893 0.093374 
894 -0.156004 
895 -0.156004 
896 -0.156004 
897 -0.185101 
898 -0.185101 
899 -0.185101 
900 0.207660 
901 0.207660 
902 0.207660 
903 0.326416 
904 0.326416 
905 0.326416 
906 0.207660 
907 0.207660 
908 0.207660 
909 -0.053974 
910 -0.053974 
911 -0.053974 
912 -0.141714 
913 -0.141714 
914 -0.141714 
915 -0.086895 
916 -0.086895 
917 -0.086895 
918 -0.141714 
919 -0.141714 
920 -0.141714 
921 -0.086895 
922 -0.086895 
923 -0.086895 
924 0.186360 
925 0.186360 
926 0.186360 
927 -0.175353 
928 -0.175353 
929 -0.175353 
930 -0.346305 
931 -0.346305 
932 -0.346305 
933 -0.165431 
934 -0.165431 
935 -0.165431 
936 -0.298321 
937 -0.298321 
938 -0.298321 
939 -0.431635 
940 -0.431635 
941 -0.431635 
942 -0.298321 
943 -0.298321 
944 -0.298321 
945 0.384966 
946 0.384966 
947 0.384966 
948 0.230704 
949 0.230704 
950 0.230704 
951 -0.266578 
952 -0.266578 
953 -0.266578 
954 0.230704 
955 0.230704 
956 0.230704 
957 -0.266578 
958 -0.266578 
959 -0.266578 
960 -0.141714 
961 -0.141714 
962 -0.141714 
963 -0.086895 
964 -0.086895 
965 -0.086895 
966 -0.086895 
967 -0.086895 
968 -0.086895 
969 -0.141714 
970 -0.141714 
971 -0.141714 
972 -0.300148 
973 -0.300148 
974 -0.300148 
975 -0.216876 
976 -0.216876 
977 -0.216876 
978 -0.170006 
979 -0.170006 
980 -0.170006 
981 0.004051 
982 0.004051 
983 0.004051 
984 -0.298321 
985 -0.298321 
986 -0.298321 
987 -0.431635 
988 -0.431635 
989 -0.431635 
990 -0.431635 
991 -0.431635 
992 -0.431635 
993 -0.298321 
994 -0.298321 
995 -0.298321 
996 0.493480 
997 0.493480 
998 0.493480 
999 0.251135 
1000 0.251135 
1001 0.251135 
1002 0.390485 
1003 0.390485 
1004 0.390485 
1005 0.087235 
1006 0.087235 
1007 0.087235 
1008 0.266116 
1009 0.266116 
1010 0.266116 
1011 -0.402669 
1012 -0.402669 
1013 -0.402669 
1014 0.272719 
1015 0.272719 
1016 0.272719 
1017 -0.216581 
1018 -0.216581 
1019 -0.216581 
1020 -0.300148 
1021 -0.300148 
1022 -0.300148 
1023 -0.216876 
1024 -0.216876 
1025 -0.216876 
1026 -0.216876 
1027 -0.216876 
1028 -0.216876 
1029 -0.300148 
1030 -0.300148 
1031 -0.300148 
1032 0.319098 
1033 0.319098 
1034 0.319098 
1035 0.260959 
1036 0.260959 
1037 0.260959 
1038 0.312750 
1039 0.312750 
1040 0.312750 
1041 0.127839 
1042 0.127839 
1043 0.127839 
1044 -0.141714 
1045 -0.141714 
1046 -0.141714 
1047 -0.221333 
1048 -0.221333 
1049 -0.221333 
1050 -0.053974 
1051 -0.053974 
1052 -0.053974 
1053 -0.221333 
1054 -0.221333 
1055 -0.221333 
1056 -0.141714 
1057 -0.141714 
1058 -0.141714 
1059 -0.086895 
1060 -0.086895 
1061 -0.086895 
1062 -0.086895 
1063 -0.086895 
1064 -0.086895 
1065 -0.141714 
1066 -0.141714 
1067 -0.141714 
1068 -0.236741 
1069 -0.236741 
1070 -0.236741 
1071 0.477480 
1072 0.477480 
1073 0.477480 
1074 -0.323082 
1075 -0.323082 
1076 -0.323082 
1077 -0.486408 
1078 -0.486408 
1079 -0.486408 
1080 -0.298321 
1081 -0.298321 
1082 -0.298321 
1083 -0.431635 
1084 -0.431635 
1085 -0.431635 
1086 0.384966 
1087 0.384966 
1088 0.384966 
1089 -0.298321 
1090 -0.298321 
1091 -0.298321 
1092 0.216432 
1093 0.216432 
1094 0.216432 
1095 -0.130286 
1096 -0.130286 
1097 -0.130286 
1098 0.340898 
1099 0.340898 
1100 0.340898 
1101 -0.144218 
1102 -0.144218 
1103 -0.144218 
1104 -0.141714 
1105 -0.141714 
1106 -0.141714 
1107 -0.086895 
1108 -0.086895 
1109 -0.086895 
1110 -0.173928 
1111 -0.173928 
1112 -0.173928 
1113 -0.472630 
1114 -0.472630 
1115 -0.472630 
1116 -0.141714 
1117 -0.141714 
1118 -0.141714 
1119 -0.086895 
1120 -0.086895 
1121 -0.086895 
1122 -0.086895 
1123 -0.086895 
1124 -0.086895 
1125 -0.141714 
1126 -0.141714 
1127 -0.141714 
1128 -0.298321 
1129 -0.298321 
1130 -0.298321 
1131 -0.431635 
1132 -0.431635 
1133 -0.431635 
1134 0.158592 
1135 0.158592 
1136 0.158592 
1137 0.218620 
1138 0.218620 
1139 0.218620 
1140 -0.141714 
1141 -0.472630 
1142 -0.472630 
1143 -0.086895 
1144 -0.173928 
1145 -0.173928 
1146 -0.173928 
1147 -0.173928 
1148 -0.173928 
1149 -0.472630 
1150 -0.472630 
1151 -0.472630 
1152 -0.310251 
1153 -0.310251 
1154 -0.310251 
1155 -0.102827 
1156 -0.102827 
1157 -0.102827 
1158 -0.454026 
1159 -0.454026 
1160 -0.454026 
1161 0.234955 
1162 0.234955 
1163 0.234955 
1164 -0.053974 
1165 -0.053974 
1166 -0.053974 
1167 -0.221333 
1168 -0.221333 
1169 -0.221333 
1170 -0.053974 
1171 -0.053974 
1172 -0.053974 
1173 -0.221333 
1174 -0.221333 
1175 -0.221333 
1176 -0.296204 
1177 -0.296204 
1178 -0.296204 
1179 -0.032500 
1180 -0.032500 
1181 -0.032500 
1182 -0.086733 
1183 -0.086733 
1184 -0.086733 
1185 0.130178 
1186 0.130178 
1187 0.130178 
1188 0.207660 
1189 0.207660 
1190 0.207660 
1191 0.326416 
1192 0.326416 
1193 0.326416 
1194 -0.102827 
1195 -0.102827 
1196 -0.102827 
1197 -0.310251 
1198 -0.310251 
1199 -0.310251 
1200 0.124385 
1201 0.124385 
1202 0.124385 
1203 0.496925 
1204 0.496925 
1205 0.496925 
1206 0.124385 
1207 0.124385 
1208 0.124385 
1209 0.496925 
1210 0.496925 
1211 0.496925 
1212 0.133456 
1213 0.133456 
1214 0.133456 
1215 -0.310362 
1216 -0.310362 
1217 -0.310362 
1218 0.324872 
1219 0.324872 
1220 0.324872 
1221 -0.121514 
1222 -0.121514 
1223 -0.121514 
1224 0.186360 
1225 0.186360 
1226 0.186360 
1227 -0.175353 
1228 -0.175353 
1229 -0.175353 
1230 0.186360 
1231 0.186360 
1232 0.186360 
1233 -0.175353 
1234 -0.175353 
1235 -0.175353 
1236 -0.365223 
1237 -0.365223 
1238 -0.365223 
1239 -0.301608 
1240 -0.301608 
1241 -0.301608 
1242 0.383590 
1243 0.383590 
1244 0.383590 
1245 -0.002849 
1246 -0.002849 
1247 -0.002849 
1248 0.145847 
1249 0.145847 
1250 0.145847 
1251 -0.458206 
1252 -0.458206 
1253 -0.458206 
1254 0.230704 
1255 0.230704 
1256 0.230704 
1257 -0.266578 
1258 -0.266578 
1259 -0.266578 
1260 0.124385 
1261 0.124385 
1262 0.124385 
1263 0.496925 
1264 0.496925 
1265 0.496925 
1266 0.493480 
1267 0.493480 
1268 0.493480 
1269 0.251135 
1270 0.251135 
1271 0.251135 
1272 -0.493322 
1273 -0.493322 
1274 -0.493322 
1275 -0.213111 
1276 -0.213111 
1277 -0.213111 
1278 0.491620 
1279 0.491620 
1280 0.491620 
1281 -0.057423 
1282 -0.057423 
1283 -0.057423 
1284 0.207660 
1285 0.207660 
1286 0.207660 
1287 0.326416 
1288 0.326416 
1289 0.326416 
1290 0.207660 
1291 0.207660 
1292 0.207660 
1293 0.326416 
1294 0.326416 
1295 0.326416 
1296 -0.173928 
1297 -0.173928 
1298 -0.173928 
1299 -0.472630 
1300 -0.472630 
1301 -0.472630 
1302 -0.173928 
1303 -0.173928 
1304 -0.173928 
1305 -0.472630 
1306 -0.472630 
1307 -0.472630 
1308 0.003129 
1309 0.003129 
1310 0.003129 
1311 0.444595 
1312 0.444595 
1313 0.444595 
1314 -0.338351 
1315 -0.338351 
1316 -0.338351 
1317 -0.361982 
1318 -0.361982 
1319 -0.361982 
1320 -0.298321 
1321 -0.298321 
1322 -0.298321 
1323 -0.431635 
1324 -0.431635 
1325 -0.431635 
1326 -0.298321 
1327 -0.298321 
1328 -0.298321 
1329 -0.431635 
1330 -0.431635 
1331 -0.431635 
1332 0.230704 
1333 0.424747 
1334 0.424747 
1335 -0.266578 
1336 -0.389155 
1337 -0.389155 
1338 0.424747 
1339 0.424747 
1340 0.424747 
1341 -0.389155 
1342 -0.389155 
1343 -0.389155 
1344 -0.221333 
1345 -0.221333 
1346 -0.221333 
1347 -0.053974 
1348 -0.053974 
1349 -0.053974 
1350 -0.053974 
1351 -0.053974 
1352 -0.053974 
1353 -0.221333 
1354 -0.221333 
1355 -0.221333 
1356 -0.178391 
1357 -0.178391 
1358 -0.178391 
1359 0.320461 
1360 0.320461 
1361 0.320461 
1362 -0.053974 
1363 -0.053974 
1364 -0.053974 
1365 -0.221333 
1366 -0.221333 
1367 -0.221333 
1368 -0.221333 
1369 -0.221333 
1370 -0.221333 
1371 -0.053974 
1372 -0.053974 
1373 -0.053974 
1374 -0.053974 
1375 -0.053974 
1376 -0.053974 
1377 -0.221333 
1378 -0.221333 
1379 -0.221333 
1380 -0.389155 
1381 -0.389155 
1382 -0.213111 
1383 0.424747 
1384 0.424747 
1385 -0.493322 
1386 -0.493322 
1387 -0.493322 
1388 -0.493322 
1389 -0.213111 
1390 -0.213111 
1391 -0.213111 
1392 0.124385 
1393 0.124385 
1394 0.124385 
1395 0.496925 
1396 0.496925 
1397 0.496925 
1398 0.384966 
1399 0.384966 
1400 0.384966 
1401 0.093374 
1402 0.093374 
1403 0.093374 
1404 -0.221333 
1405 0.124385 
1406 0.124385 
1407 -0.053974 
1408 0.496925 
1409 0.496925 
1410 0.496925 
1411 0.496925 
1412 0.496925 
1413 0.124385 
1414 0.124385 
1415 0.124385 
1416 0.186360 
1417 0.186360 
1418 0.186360 
1419 -0.175353 
1420 -0.175353 
1421 -0.175353 
1422 -0.300148 
1423 -0.300148 
1424 -0.300148 
1425 -0.216876 
1426 -0.216876 
1427 -0.216876 
1428 -0.053974 
1429 0.326416 
1430 0.326416 
1431 0.207660 
1432 0.207660 
1433 0.207660 
1434 0.207660 
1435 0.207660 
1436 0.207660 
1437 -0.221333 
1438 0.326416 
1439 0.326416 
1440 0.326416 
1441 0.326416 
1442 0.326416 
1443 0.207660 
1444 0.207660 
1445 0.207660 
1446 0.207660 
1447 0.207660 
1448 0.207660 
1449 0.326416 
1450 0.326416 
1451 0.326416 
1452 0.390485 
1453 0.390485 
1454 0.390485 
1455 0.087235 
1456 0.087235 
1457 0.087235 
1458 0.493480 
1459 0.493480 
1460 0.493480 
1461 0.251135 
1462 0.251135 
1463 0.251135 
1464 0.326416 
1465 0.326416 
1466 0.326416 
1467 0.207660 
1468 0.207660 
1469 0.207660 
1470 0.207660 
1471 0.384966 
1472 0.384966 
1473 0.326416 
1474 0.326416 
1475 0.326416 
1476 -0.213111 
1477 -0.213111 
1478 -0.213111 
1479 -0.493322 
1480 -0.493322 
1481 -0.493322 
1482 0.207660 
1483 0.207660 
1484 0.207660 
1485 0.326416 
1486 0.326416 
1487 0.326416 
1488 -0.141801 
1489 -0.141801 
1490 -0.141801 
1491 0.232974 
1492 0.232974 
1493 0.232974 
1494 0.009190 
1495 0.009190 
1496 0.009190 
1497 0.128417 
1498 0.128417 
1499 0.128417 
1500 -0.141801 
1501 -0.141801 
1502 -0.141801 
1503 0.232974 
1504 0.232974 
1505 0.232974 
1506 0.232974 
1507 0.232974 
1508 0.232974 
1509 -0.141801 
1510 -0.141801 
1511 -0.141801 
1512 0.187386 
1513 0.187386 
1514 0.187386 
1515 -0.299477 
1516 -0.299477 
1517 -0.299477 
1518 0.133456 
1519 -0.170006 
1520 -0.170006 
1521 -0.310362 
1522 0.004051 
1523 0.004051 
1524 -0.141801 
1525 -0.141801 
1526 0.266116 
1527 0.232974 
1528 0.232974 
1529 -0.402669 
1530 -0.493322 
1531 0.424747 
1532 0.230704 
1533 -0.213111 
1534 -0.389155 
1535 -0.266578 
1536 0.384966 
1537 0.384966 
1538 -0.141394 
1539 0.093374 
1540 0.093374 
1541 0.453099 
1542 -0.329085 
1543 -0.329085 
1544 -0.329085 
1545 0.384966 
1546 0.384966 
1547 0.020514 
1548 0.384966 
1549 0.384966 
1550 0.384966 
1551 0.093374 
1552 0.093374 
1553 0.093374 
1554 0.186360 
1555 0.186360 
1556 0.186360 
1557 -0.175353 
1558 -0.175353 
1559 -0.175353 
1560 0.384966 
1561 0.384966 
1562 0.363154 
1563 0.093374 
1564 0.093374 
1565 0.103185 
1566 -0.135466 
1567 -0.135466 
1568 -0.135466 
1569 0.384966 
1570 0.384966 
1571 -0.331893 
1572 -0.306470 
1573 -0.306470 
1574 -0.306470 
1575 0.389788 
1576 0.389788 
1577 0.389788 
1578 -0.294489 
1579 -0.294489 
1580 -0.294489 
1581 -0.342275 
1582 -0.342275 
1583 -0.342275 
1584 -0.300148 
1585 -0.300148 
1586 -0.300148 
1587 -0.216876 
1588 -0.216876 
1589 -0.216876 
1590 -0.170006 
1591 -0.170006 
1592 -0.170006 
1593 0.004051 
1594 0.004051 
1595 0.004051 
1596 -0.141801 
1597 -0.141801 
1598 -0.309226 
1599 0.232974 
1600 0.232974 
1601 0.132394 
1602 -0.141801 
1603 -0.141801 
1604 0.256262 
1605 0.232974 
1606 0.232974 
1607 -0.176936 
1608 0.493480 
1609 0.493480 
1610 0.493480 
1611 0.251135 
1612 0.251135 
1613 0.251135 
1614 0.390485 
1615 0.390485 
1616 0.390485 
1617 0.087235 
1618 0.087235 
1619 0.087235 
1620 -0.141714 
1621 -0.141714 
1622 -0.053974 
1623 -0.086895 
1624 -0.086895 
1625 -0.221333 
1626 -0.141714 
1627 -0.141714 
1628 -0.330644 
1629 -0.086895 
1630 -0.086895 
1631 0.411136 
1632 0.124385 
1633 0.124385 
1634 0.124385 
1635 0.496925 
1636 0.496925 
1637 0.496925 
1638 0.282009 
1639 0.282009 
1640 0.424747 
1641 0.326416 
1642 0.326416 
1643 -0.389155 
1644 -0.309226 
1645 -0.309226 
1646 -0.309226 
1647 0.132394 
1648 0.132394 
1649 0.132394 
1650 -0.053974 
1651 -0.053974 
1652 -0.053974 
1653 -0.221333 
1654 -0.221333 
1655 -0.221333 
1656 0.384966 
1657 0.384966 
1658 0.384966 
1659 0.093374 
1660 0.093374 
1661 0.093374 
1662 -0.141801 
1663 -0.141801 
1664 -0.156004 
1665 0.232974 
1666 0.232974 
1667 -0.185101 
1668 0.460006 
1669 0.460006 
1670 0.460006 
1671 0.457016 
1672 0.457016 
1673 0.457016 
1674 0.483354 
1675 0.483354 
1676 0.483354 
1677 0.037223 
1678 0.037223 
1679 0.037223 
1680 0.003129 
1681 0.003129 
1682 0.003129 
1683 0.444595 
1684 0.444595 
1685 0.444595 
1686 -0.178391 
1687 -0.178391 
1688 -0.178391 
1689 0.320461 
1690 0.320461 
1691 0.320461 
1692 0.186360 
1693 0.186360 
1694 0.186360 
1695 -0.175353 
1696 -0.175353 
1697 -0.175353 
1698 0.093374 
1699 0.093374 
1700 -0.346305 
1701 0.384966 
1702 0.384966 
1703 -0.165431 
1704 -0.472898 
1705 -0.472898 
1706 -0.472898 
1707 -0.420220 
1708 -0.420220 
1709 -0.420220 
1710 -0.441258 
1711 -0.441258 
1712 -0.441258 
1713 0.194824 
1714 0.194824 
1715 0.194824 
1716 0.319098 
1717 0.319098 
1718 0.319098 
1719 0.260959 
1720 0.260959 
1721 0.260959 
1722 0.319098 
1723 0.319098 
1724 0.319098 
1725 0.260959 
1726 0.260959 
1727 0.260959 
1728 0.319098 
1729 0.319098 
1730 0.319098 
1731 0.260959 
1732 0.260959 
1733 0.260959 
1734 0.312750 
1735 0.312750 
1736 0.312750 
1737 0.127839 
1738 0.127839 
1739 0.127839 
1740 -0.300148 
1741 -0.300148 
1742 -0.300148 
1743 0.216432 
1744 0.216432 
1745 -0.216876 
1746 -0.486408 
1747 -0.486408 
1748 -0.170006 
1749 0.216432 
1750 0.216432 
1751 0.004051 
1752 -0.236741 
1753 -0.236741 
1754 -0.236741 
1755 0.477480 
1756 0.477480 
1757 0.477480 
1758 -0.323082 
1759 -0.323082 
1760 -0.323082 
1761 -0.486408 
1762 -0.486408 
1763 -0.486408 
1764 0.207660 
1765 0.207660 
1766 0.493480 
1767 0.326416 
1768 0.326416 
1769 0.251135 
1770 0.207660 
1771 0.207660 
1772 0.390485 
1773 -0.141714 
1774 -0.141714 
1775 0.087235 
1776 -0.141714 
1777 -0.141714 
1778 0.266116 
1779 -0.086895 
1780 -0.086895 
1781 -0.402669 
1782 -0.086895 
1783 -0.086895 
1784 0.272719 
1785 -0.141714 
1786 -0.141714 
1787 -0.216581 
1788 0.216432 
1789 0.216432 
1790 0.216432 
1791 -0.130286 
1792 -0.130286 
1793 -0.130286 
1794 0.340898 
1795 0.340898 
1796 0.340898 
1797 -0.144218 
1798 -0.144218 
1799 -0.144218 
1800 -0.141714 
1801 -0.141714 
1802 0.319098 
1803 -0.086895 
1804 -0.086895 
1805 0.260959 
1806 -0.086895 
1807 -0.086895 
1808 0.312750 
1809 -0.141714 
1810 -0.141714 
1811 0.127839 
1812 -0.141714 
1813 -0.141714 
1814 -0.141714 
1815 -0.086895 
1816 -0.086895 
1817 -0.086895 
1818 -0.173928 
1819 -0.173928 
1820 -0.173928 
1821 -0.472630 
1822 -0.472630 
1823 -0.472630 
1824 -0.298321 
1825 -0.298321 
1826 -0.298321 
1827 -0.431635 
1828 -0.431635 
1829 -0.431635 
1830 0.158592 
1831 0.158592 
1832 0.158592 
1833 0.218620 
1834 0.218620 
1835 0.218620 
1836 0.124385 
1837 0.124385 
1838 -0.236741 
1839 0.496925 
1840 0.496925 
1841 0.477480 
1842 0.124385 
1843 0.124385 
1844 -0.323082 
1845 0.496925 
1846 0.496925 
1847 -0.486408 
1848 -0.310251 
1849 -0.310251 
1850 -0.310251 
1851 -0.102827 
1852 -0.102827 
1853 -0.102827 
1854 -0.454026 
1855 -0.454026 
1856 -0.454026 
1857 0.234955 
1858 0.234955 
1859 0.234955 
1860 -0.141714 
1861 -0.141714 
1862 0.216432 
1863 -0.086895 
1864 -0.086895 
1865 -0.130286 
1866 -0.086895 
1867 -0.086895 
1868 0.340898 
1869 -0.141714 
1870 -0.141714 
1871 -0.144218 
1872 -0.298321 
1873 -0.298321 
1874 -0.141714 
1875 -0.431635 
1876 -0.431635 
1877 -0.086895 
1878 -0.173928 
1879 -0.173928 
1880 -0.173928 
1881 -0.472630 
1882 -0.472630 
1883 -0.472630 
1884 -0.296204 
1885 -0.296204 
1886 -0.296204 
1887 -0.032500 
1888 -0.032500 
1889 -0.032500 
1890 -0.086733 
1891 -0.086733 
1892 -0.086733 
1893 0.130178 
1894 0.130178 
1895 0.130178 
1896 -0.298321 
1897 0.497993 
1898 -0.298321 
1899 -0.431635 
1900 -0.431635 
1901 -0.431635 
1902 0.158592 
1903 0.158592 
1904 0.158592 
1905 0.218620 
1906 0.218620 
1907 0.218620 
1908 -0.330644 
1909 -0.330644 
1910 -0.330644 
1911 0.411136 
1912 0.411136 
1913 0.411136 
1914 0.424747 
1915 0.424747 
1916 0.424747 
1917 -0.389155 
1918 -0.389155 
1919 -0.389155 
1920 0.207660 
1921 0.207660 
1922 -0.310251 
1923 0.326416 
1924 0.326416 
1925 -0.102827 
1926 0.326416 
1927 0.326416 
1928 -0.454026 
1929 0.207660 
1930 0.207660 
1931 0.234955 
1932 0.133456 
1933 0.133456 
1934 0.133456 
1935 -0.310362 
1936 -0.310362 
1937 -0.310362 
1938 -0.486408 
1939 -0.486408 
1940 -0.486408 
1941 0.216432 
1942 0.216432 
1943 0.216432 
1944 0.207660 
1945 0.207660 
1946 -0.296204 
1947 0.326416 
1948 0.326416 
1949 -0.032500 
1950 0.326416 
1951 0.326416 
1952 -0.086733 
1953 0.207660 
1954 0.207660 
1955 0.130178 
1956 0.207660 
1957 0.207660 
1958 0.207660 
1959 0.326416 
1960 0.326416 
1961 0.326416 
1962 0.256262 
1963 0.256262 
1964 0.256262 
1965 -0.176936 
1966 -0.176936 
1967 -0.176936 
1968 0.324872 
1969 0.324872 
1970 0.324872 
1971 -0.121514 
1972 -0.121514 
1973 -0.121514 
1974 -0.130286 
1975 -0.130286 
1976 -0.130286 
1977 0.340898 
1978 0.340898 
1979 0.340898 
1980 0.124385 
1981 0.124385 
1982 0.133456 
1983 -0.130286 
1984 -0.130286 
1985 -0.310362 
1986 -0.141801 
1987 -0.141801 
1988 0.324872 
1989 0.124385 
1990 0.124385 
1991 -0.121514 
1992 -0.365223 
1993 -0.365223 
1994 -0.365223 
1995 -0.301608 
1996 -0.301608 
1997 -0.301608 
1998 -0.144218 
1999 -0.144218 
2000 -0.144218 
2001 0.270230 
2002 0.270230 
2003 0.270230 
2004 0.207660 
2005 0.207660 
2006 -0.365223 
2007 0.326416 
2008 0.326416 
2009 -0.301608 
2010 -0.141714 
2011 -0.141714 
2012 0.383590 
2013 0.207660 
2014 0.207660 
2015 -0.002849 
2016 0.282009 
2017 0.124385 
2018 0.145847 
2019 0.326416 
2020 0.326416 
2021 -0.458206 
2022 -0.130286 
2023 -0.130286 
2024 0.230704 
2025 0.124385 
2026 0.124385 
2027 -0.266578 
2028 0.124385 
2029 0.124385 
2030 0.124385 
2031 0.496925 
2032 0.496925 
2033 0.496925 
2034 0.383590 
2035 0.383590 
2036 0.383590 
2037 -0.002849 
2038 -0.002849 
2039 -0.002849 
2040 0.124385 
2041 0.124385 
2042 -0.493322 
2043 0.496925 
2044 0.496925 
2045 -0.213111 
2046 0.496925 
2047 0.496925 
2048 0.491620 
2049 0.124385 
2050 0.124385 
2051 -0.057423 
2052 -0.219161 
2053 -0.219161 
2054 -0.219161 
2055 -0.495045 
2056 -0.495045 
2057 -0.495045 
2058 -0.153353 
2059 -0.153353 
2060 -0.153353 
2061 -0.456062 
2062 -0.456062 
2063 -0.456062 
2064 0.145847 
2065 0.145847 
2066 0.145847 
2067 -0.458206 
2068 -0.458206 
2069 -0.458206 
2070 -0.336110 
2071 -0.336110 
2072 -0.336110 
2073 0.179945 
2074 0.179945 
2075 0.179945 
2076 0.124385 
2077 0.124385 
2078 0.003129 
2079 0.496925 
2080 0.496925 
2081 0.444595 
2082 0.496925 
2083 0.496925 
2084 -0.338351 
2085 0.124385 
2086 0.124385 
2087 -0.361982 
2088 0.497993 
2089 0.497993 
2090 0.497993 
2091 -0.283296 
2092 -0.283296 
2093 -0.283296 
2094 0.017261 
2095 0.017261 
2096 0.017261 
2097 0.257550 
2098 0.257550 
2099 0.257550 
2100 0.319098 
2101 0.272719 
2102 0.272719 
2103 0.260959 
2104 -0.216581 
2105 -0.216581 
2106 0.272719 
2107 0.272719 
2108 0.272719 
2109 -0.216581 
2110 -0.216581 
2111 -0.216581 
2112 0.230704 
2113 0.230704 
2114 0.230704 
2115 -0.266578 
2116 -0.266578 
2117 -0.266578 
2118 -0.338351 
2119 -0.338351 
2120 -0.338351 
2121 -0.361982 
2122 -0.361982 
2123 -0.361982 
2124 -0.141801 
2125 -0.141801 
2126 -0.178391 
2127 0.232974 
2128 0.232974 
2129 0.320461 
2130 0.232974 
2131 0.232974 
2132 -0.053974 
2133 -0.141801 
2134 -0.141801 
2135 -0.221333 
2136 0.491620 
2137 0.491620 
2138 0.491620 
2139 -0.057423 
2140 -0.057423 
2141 -0.057423 
2142 0.363154 
2143 0.363154 
2144 0.363154 
2145 0.103185 
2146 0.103185 
2147 0.103185 
2148 -0.216581 
2149 -0.216581 
2150 0.127839 
2151 0.272719 
2152 0.272719 
2153 0.312750 
2154 0.312750 
2155 0.312750 
2156 0.312750 
2157 0.127839 
2158 0.127839 
2159 0.127839 
2160 0.124385 
2161 0.124385 
2162 0.124385 
2163 0.496925 
2164 0.496925 
2165 0.496925 
2166 0.384966 
2167 0.384966 
2168 0.384966 
2169 0.093374 
2170 0.093374 
2171 0.093374 
2172 -0.141801 
2173 -0.141801 
2174 -0.141801 
2175 0.232974 
2176 0.232974 
2177 0.232974 
2178 -0.156004 
2179 -0.156004 
2180 -0.156004 
2181 -0.185101 
2182 -0.185101 
2183 -0.185101 
2184 -0.141801 
2185 -0.141801 
2186 0.186360 
2187 -0.175353 
2188 -0.175353 
2189 -0.175353 
2190 -0.300148 
2191 -0.300148 
2192 -0.300148 
2193 -0.141801 
2194 -0.141801 
2195 -0.216876 
2196 0.187386 
2197 0.187386 
2198 0.187386 
2199 -0.299477 
2200 -0.299477 
2201 -0.299477 
2202 -0.309226 
2203 -0.309226 
2204 -0.309226 
2205 0.132394 
2206 0.132394 
2207 0.132394 
2208 -0.329085 
2209 -0.329085 
2210 -0.329085 
2211 0.020514 
2212 0.020514 
2213 0.020514 
2214 0.009190 
2215 0.009190 
2216 0.009190 
2217 0.128417 
2218 0.128417 
2219 0.128417 
2220 0.124385 
2221 0.124385 
2222 0.390485 
2223 0.496925 
2224 0.496925 
2225 0.087235 
2226 0.124385 
2227 0.124385 
2228 0.493480 
2229 -0.141801 
2230 -0.141801 
2231 0.251135 
2232 -0.135466 
2233 -0.135466 
2234 -0.135466 
2235 -0.331893 
2236 -0.331893 
2237 -0.331893 
2238 0.133456 
2239 0.133456 
2240 0.133456 
2241 -0.310362 
2242 -0.310362 
2243 -0.310362 
2244 0.127839 
2245 0.127839 
2246 0.127839 
2247 0.312750 
2248 0.312750 
2249 0.312750 
2250 0.295097 
2251 0.112190 
2252 0.207660 
2253 0.129303 
2254 0.445332 
2255 0.326416 
2256 -0.141801 
2257 -0.141801 
2258 -0.141801 
2259 0.232974 
2260 0.232974 
2261 0.232974 
2262 0.261576 
2263 0.011421 
2264 0.009190 
2265 0.239154 
2266 -0.055386 
2267 0.128417 
2268 -0.141394 
2269 -0.141394 
2270 -0.141394 
2271 0.453099 
2272 0.453099 
2273 0.453099 
2274 0.133456 
2275 0.133456 
2276 0.133456 
2277 -0.310362 
2278 -0.310362 
2279 -0.310362 
2280 0.497993 
2281 0.497993 
2282 0.187386 
2283 -0.283296 
2284 -0.283296 
2285 -0.299477 
2286 -0.170006 
2287 -0.170006 
2288 0.133456 
2289 0.004051 
2290 0.004051 
2291 -0.310362 
2292 -0.141394 
2293 -0.141394 
2294 -0.141394 
2295 0.453099 
2296 0.453099 
2297 0.453099 
2298 0.312750 
2299 0.272719 
2300 0.319098 
2301 0.127839 
2302 -0.216581 
2303 0.260959 
2304 0.383590 
2305 0.383590 
2306 0.383590 
2307 -0.002849 
2308 -0.002849 
2309 -0.002849 
2310 0.383590 
2311 -0.329085 
2312 -0.329085 
2313 -0.002849 
2314 0.020514 
2315 0.020514 
2316 -0.486408 
2317 -0.486408 
2318 0.384966 
2319 0.216432 
2320 0.216432 
2321 0.093374 
2322 -0.486408 
2323 -0.486408 
2324 0.186360 
2325 -0.281552 
2326 0.293050 
2327 -0.175353 
2328 -0.178391 
2329 -0.178391 
2330 -0.178391 
2331 0.320461 
2332 0.320461 
2333 0.320461 
2334 -0.178391 
2335 -0.156004 
2336 -0.156004 
2337 0.320461 
2338 -0.185101 
2339 -0.185101 
2340 0.291296 
2341 0.345218 
2342 -0.306470 
2343 0.282009 
2344 0.270230 
2345 0.389788 
2346 0.497993 
2347 -0.283296 
2348 -0.294489 
2349 0.009190 
2350 0.128417 
2351 -0.342275 
2352 0.326416 
2353 0.326416 
2354 -0.300148 
2355 0.282009 
2356 0.282009 
2357 -0.216876 
2358 0.282009 
2359 0.282009 
2360 -0.170006 
2361 0.326416 
2362 0.326416 
2363 0.004051 
2364 0.145847 
2365 0.145847 
2366 0.145847 
2367 -0.458206 
2368 -0.458206 
2369 -0.458206 
2370 0.145847 
2371 -0.135466 
2372 -0.135466 
2373 -0.458206 
2374 -0.331893 
2375 -0.331893 
2376 -0.472898 
2377 -0.420220 
2378 0.493480 
2379 -0.441258 
2380 0.194824 
2381 0.251135 
2382 -0.219161 
2383 -0.495045 
2384 0.390485 
2385 -0.336110 
2386 0.179945 
2387 0.087235 
2388 -0.493322 
2389 -0.493322 
2390 -0.493322 
2391 -0.213111 
2392 -0.213111 
2393 -0.213111 
2394 -0.493322 
2395 0.256262 
2396 0.256262 
2397 -0.213111 
2398 -0.176936 
2399 -0.176936 
2400 0.324872 
2401 0.324872 
2402 0.324872 
2403 -0.121514 
2404 -0.121514 
2405 -0.121514 
2406 0.324872 
2407 0.282009 
2408 0.282009 
2409 -0.121514 
2410 0.326416 
2411 0.326416 
2412 0.326416 
2413 0.326416 
2414 -0.309226 
2415 0.282009 
2416 0.282009 
2417 0.132394 
2418 0.282009 
2419 0.282009 
2420 -0.053974 
2421 0.326416 
2422 0.326416 
2423 -0.221333 
2424 -0.365223 
2425 -0.365223 
2426 -0.365223 
2427 -0.301608 
2428 -0.301608 
2429 -0.301608 
2430 -0.365223 
2431 -0.141801 
2432 -0.141801 
2433 -0.301608 
2434 0.232974 
2435 0.232974 
2436 0.207660 
2437 0.011421 
2438 0.460006 
2439 0.282009 
2440 0.282009 
2441 0.457016 
2442 0.282009 
2443 0.282009 
2444 0.483354 
2445 0.239154 
2446 -0.055386 
2447 0.037223 
2448 -0.358068 
2449 -0.048844 
2450 0.003129 
2451 0.282009 
2452 0.282009 
2453 0.444595 
2454 0.282009 
2455 0.282009 
2456 -0.178391 
2457 -0.028930 
2458 -0.470135 
2459 0.320461 
2460 0.003129 
2461 0.003129 
2462 0.003129 
2463 0.444595 
2464 0.444595 
2465 0.444595 
2466 0.003129 
2467 -0.330644 
2468 -0.330644 
2469 0.444595 
2470 0.411136 
2471 0.411136 
2472 0.460006 
2473 0.457016 
2474 -0.472898 
2475 -0.141801 
2476 -0.141801 
2477 -0.420220 
2478 -0.493379 
2479 0.436300 
2480 -0.441258 
2481 0.313116 
2482 0.496169 
2483 0.194824 
2484 -0.346305 
2485 -0.346305 
2486 -0.346305 
2487 -0.165431 
2488 -0.165431 
2489 -0.165431 
2490 -0.346305 
2491 0.187386 
2492 0.187386 
2493 -0.165431 
2494 -0.299477 
2495 -0.299477 
2496 0.216432 
2497 0.216432 
2498 0.319098 
2499 -0.486408 
2500 -0.486408 
2501 0.260959 
2502 -0.486408 
2503 -0.486408 
2504 0.312750 
2505 0.216432 
2506 0.216432 
2507 0.127839 
2508 -0.310251 
2509 -0.310251 
2510 -0.310251 
2511 -0.102827 
2512 -0.102827 
2513 -0.102827 
2514 -0.310251 
2515 -0.486408 
2516 -0.486408 
2517 -0.102827 
2518 0.216432 
2519 0.216432 
2520 0.216432 
2521 0.216432 
2522 -0.236741 
2523 -0.486408 
2524 -0.486408 
2525 0.477480 
2526 -0.486408 
2527 -0.486408 
2528 -0.323082 
2529 0.216432 
2530 0.216432 
2531 -0.486408 
2532 -0.454026 
2533 -0.454026 
2534 -0.454026 
2535 0.234955 
2536 0.234955 
2537 0.234955 
2538 -0.454026 
2539 0.256262 
2540 0.256262 
2541 0.234955 
2542 -0.176936 
2543 -0.176936 
2544 -0.296204 
2545 -0.296204 
2546 -0.296204 
2547 -0.032500 
2548 -0.032500 
2549 -0.032500 
2550 -0.296204 
2551 -0.130286 
2552 -0.130286 
2553 -0.032500 
2554 0.340898 
2555 0.340898 
2556 0.216432 
2557 0.216432 
2558 0.216432 
2559 -0.486408 
2560 -0.486408 
2561 -0.130286 
2562 -0.486408 
2563 -0.486408 
2564 0.340898 
2565 0.216432 
2566 0.216432 
2567 -0.144218 
2568 -0.086733 
2569 -0.086733 
2570 -0.086733 
2571 0.130178 
2572 0.130178 
2573 0.130178 
2574 -0.086733 
2575 -0.144218 
2576 -0.144218 
2577 0.130178 
2578 0.270230 
2579 0.270230 
2580 -0.141714 
2581 -0.141714 
2582 -0.141714 
2583 -0.086895 
2584 -0.086895 
2585 -0.086895 
2586 -0.130286 
2587 -0.130286 
2588 -0.173928 
2589 -0.173928 
2590 -0.173928 
2591 -0.472630 
2592 0.282009 
2593 0.282009 
2594 -0.298321 
2595 0.326416 
2596 0.326416 
2597 -0.431635 
2598 0.282009 
2599 0.282009 
2600 0.158592 
2601 0.326416 
2602 0.326416 
2603 0.218620 
2604 -0.141714 
2605 -0.141714 
2606 -0.141714 
2607 -0.086895 
2608 -0.086895 
2609 -0.086895 
2610 -0.141714 
2611 0.383590 
2612 0.383590 
2613 -0.086895 
2614 -0.002849 
2615 -0.002849 
2616 -0.173928 
2617 -0.141801 
2618 -0.310251 
2619 -0.472630 
2620 -0.472630 
2621 -0.102827 
2622 -0.141801 
2623 -0.141801 
2624 -0.454026 
2625 0.483354 
2626 0.037223 
2627 0.234955 
2628 -0.173928 
2629 -0.173928 
2630 -0.173928 
2631 -0.472630 
2632 -0.472630 
2633 -0.472630 
2634 -0.173928 
2635 -0.153353 
2636 -0.153353 
2637 -0.472630 
2638 -0.456062 
2639 -0.456062 
2640 -0.298321 
2641 -0.298321 
2642 -0.298321 
2643 -0.431635 
2644 -0.431635 
2645 -0.431635 
2646 -0.298321 
2647 -0.336110 
2648 -0.336110 
2649 -0.431635 
2650 0.179945 
2651 0.179945 
2652 0.216432 
2653 0.216432 
2654 -0.296204 
2655 -0.486408 
2656 -0.486408 
2657 -0.032500 
2658 -0.486408 
2659 -0.486408 
2660 -0.086733 
2661 0.216432 
2662 0.216432 
2663 0.130178 
2664 0.158592 
2665 0.158592 
2666 0.158592 
2667 0.218620 
2668 0.218620 
2669 0.218620 
2670 0.158592 
2671 0.017261 
2672 0.017261 
2673 0.218620 
2674 0.257550 
2675 0.257550 
2676 0.017261 
2677 -0.298321 
2678 -0.330644 
2679 -0.472630 
2680 -0.472630 
2681 0.411136 
2682 -0.472630 
2683 -0.472630 
2684 0.424747 
2685 -0.298321 
2686 -0.298321 
2687 -0.389155 
2688 -0.329085 
2689 -0.329085 
2690 -0.329085 
2691 0.020514 
2692 0.020514 
2693 0.020514 
2694 -0.329085 
2695 -0.329085 
2696 -0.338351 
2697 0.020514 
2698 0.020514 
2699 -0.361982 
2700 -0.486408 
2701 -0.486408 
2702 0.133456 
2703 0.216432 
2704 0.216432 
2705 -0.310362 
2706 -0.486408 
2707 -0.486408 
2708 -0.310251 
2709 0.216432 
2710 0.216432 
2711 -0.102827 
2712 -0.156004 
2713 -0.156004 
2714 -0.156004 
2715 -0.185101 
2716 -0.185101 
2717 -0.185101 
2718 -0.156004 
2719 -0.156004 
2720 0.363154 
2721 -0.185101 
2722 -0.185101 
2723 0.103185 
2724 0.207660 
2725 0.207660 
2726 0.207660 
2727 0.326416 
2728 0.326416 
2729 0.326416 
2730 -0.329085 
2731 0.256262 
2732 -0.454026 
2733 -0.329085 
2734 -0.176936 
2735 0.234955 
2736 -0.130286 
2737 -0.130286 
2738 0.324872 
2739 0.326416 
2740 0.326416 
2741 -0.121514 
2742 0.326416 
2743 -0.130286 
2744 -0.296204 
2745 0.340898 
2746 0.340898 
2747 -0.032500 
2748 -0.135466 
2749 -0.135466 
2750 -0.135466 
2751 -0.331893 
2752 -0.331893 
2753 -0.331893 
2754 -0.135466 
2755 -0.135466 
2756 -0.156004 
2757 -0.331893 
2758 -0.331893 
2759 -0.185101 
2760 -0.141801 
2761 -0.141801 
2762 -0.365223 
2763 -0.141801 
2764 -0.141801 
2765 -0.301608 
2766 -0.141801 
2767 -0.144218 
2768 -0.086733 
2769 -0.141801 
2770 0.270230 
2771 0.130178 
2772 0.256262 
2773 0.256262 
2774 0.256262 
2775 -0.176936 
2776 -0.176936 
2777 -0.176936 
2778 0.256262 
2779 0.256262 
2780 -0.309226 
2781 -0.176936 
2782 -0.176936 
2783 0.132394 
2784 0.282009 
2785 0.282009 
2786 0.282009 
2787 0.326416 
2788 0.326416 
2789 0.326416 
2790 0.282009 
2791 0.282009 
2792 0.491620 
2793 0.326416 
2794 0.326416 
2795 -0.057423 
2796 0.275723 
2797 -0.227746 
2798 0.124385 
2799 0.234781 
2800 -0.010956 
2801 0.496925 
2802 0.326416 
2803 0.383590 
2804 -0.141714 
2805 -0.212336 
2806 -0.002849 
2807 -0.086895 
2808 -0.141801 
2809 -0.141801 
2810 -0.141801 
2811 0.232974 
2812 0.232974 
2813 0.232974 
2814 -0.141801 
2815 -0.141801 
2816 -0.338351 
2817 0.232974 
2818 0.232974 
2819 -0.361982 
2820 -0.152625 
2821 -0.428735 
2822 -0.219161 
2823 0.326416 
2824 0.326416 
2825 -0.495045 
2826 -0.173928 
2827 -0.153353 
2828 -0.173928 
2829 -0.472630 
2830 -0.456062 
2831 -0.472630 
2832 -0.296101 
2833 -0.268108 
2834 0.145847 
2835 0.326416 
2836 -0.248637 
2837 -0.458206 
2838 0.410942 
2839 -0.336110 
2840 -0.298321 
2841 0.453472 
2842 0.179945 
2843 -0.431635 
2844 -0.330644 
2845 -0.330644 
2846 -0.330644 
2847 0.411136 
2848 0.411136 
2849 0.411136 
2850 -0.330644 
2851 -0.330644 
2852 0.363154 
2853 0.411136 
2854 0.411136 
2855 0.103185 
2856 0.140599 
2857 0.459959 
2858 0.497993 
2859 0.181492 
2860 0.209508 
2861 -0.283296 
2862 -0.141801 
2863 0.017261 
2864 0.158592 
2865 -0.141801 
2866 0.257550 
2867 0.218620 
2868 0.187386 
2869 0.187386 
2870 0.187386 
2871 -0.299477 
2872 -0.299477 
2873 -0.299477 
2874 0.187386 
2875 0.187386 
2876 0.446483 
2877 -0.299477 
2878 -0.299477 
2879 -0.038271 
2880 -0.329085 
2881 -0.329085 
2882 0.230704 
2883 0.020514 
2884 0.020514 
2885 -0.266578 
2886 -0.338351 
2887 -0.329085 
2888 0.383590 
2889 -0.361982 
2890 0.020514 
2891 -0.002849 
2892 0.103185 
2893 0.103185 
2894 0.103185 
2895 0.363154 
2896 0.363154 
2897 0.363154 
2898 0.363154 
2899 0.363154 
2900 0.363154 
2901 0.103185 
2902 0.103185 
2903 0.103185 
2904 0.266116 
2905 0.266116 
2906 0.491620 
2907 -0.236741 
2908 0.477480 
2909 -0.057423 
2910 0.363154 
2911 -0.156004 
2912 -0.178391 
2913 0.103185 
2914 -0.185101 
2915 0.320461 
2916 -0.038271 
2917 -0.038271 
2918 -0.038271 
2919 0.446483 
2920 0.446483 
2921 0.446483 
2922 0.446483 
2923 0.446483 
2924 0.446483 
2925 -0.038271 
2926 -0.038271 
2927 -0.038271 
2928 -0.057423 
2929 -0.057423 
2930 -0.057423 
2931 0.491620 
2932 0.491620 
2933 0.491620 
2934 0.491620 
2935 0.491620 
2936 0.491620 
2937 -0.057423 
2938 -0.057423 
2939 -0.057423 
2940 -0.141801 
2941 -0.141801 
2942 -0.141801 
2943 0.232974 
2944 0.232974 
2945 0.232974 
2946 -0.156004 
2947 -0.135466 
2948 0.145847 
2949 -0.185101 
2950 -0.331893 
2951 -0.458206 
2952 -0.361982 
2953 -0.361982 
2954 -0.361982 
2955 -0.338351 
2956 -0.338351 
2957 -0.338351 
2958 -0.338351 
2959 -0.338351 
2960 -0.338351 
2961 -0.361982 
2962 -0.361982 
2963 -0.361982 
2964 0.256262 
2965 0.256262 
2966 0.187386 
2967 -0.176936 
2968 -0.176936 
2969 -0.299477 
2970 -0.309226 
2971 0.256262 
2972 -0.493322 
2973 0.132394 
2974 -0.176936 
2975 -0.213111 
2976 0.282009 
2977 0.282009 
2978 -0.329085 
2979 0.326416 
2980 0.326416 
2981 0.020514 
2982 0.491620 
2983 0.282009 
2984 0.324872 
2985 -0.057423 
2986 0.326416 
2987 -0.121514 
2988 -0.141394 
2989 -0.141394 
2990 -0.141394 
2991 0.453099 
2992 0.453099 
2993 0.453099 
2994 0.453099 
2995 -0.165431 
2996 -0.165431 
2997 -0.141394 
2998 -0.346305 
2999 -0.346305 
3000 -0.141801 
3001 -0.141801 
3002 -0.135466 
3003 0.232974 
3004 0.232974 
3005 -0.331893 
3006 -0.338351 
3007 -0.141801 
3008 -0.365223 
3009 -0.361982 
3010 0.232974 
3011 -0.301608 
3012 -0.141394 
3013 -0.141394 
3014 -0.141394 
3015 0.453099 
3016 0.453099 
3017 0.453099 
3018 0.453099 
3019 -0.216581 
3020 -0.216581 
3021 -0.141394 
3022 -0.402669 
3023 -0.402669 
3024 -0.402669 
3025 -0.402669 
3026 -0.402669 
3027 -0.216581 
3028 -0.216581 
3029 -0.216581 
3030 -0.216581 
3031 -0.216581 
3032 0.272719 
3033 -0.402669 
3034 -0.402669 
3035 0.266116 
3036 0.266116 
3037 -0.346305 
3038 -0.141394 
3039 -0.323082 
3040 -0.165431 
3041 0.453099 
3042 0.363154 
3043 -0.330644 
3044 0.003129 
3045 0.103185 
3046 0.411136 
3047 0.444595 
3048 0.266116 
3049 0.266116 
3050 0.266116 
3051 0.272719 
3052 0.272719 
3053 0.272719 
3054 0.272719 
3055 0.272719 
3056 0.272719 
3057 0.266116 
3058 0.266116 
3059 0.266116 
3060 0.266116 
3061 -0.402669 
3062 -0.141394 
3063 0.272719 
3064 -0.216581 
3065 0.453099 
3066 0.446483 
3067 0.187386 
3068 -0.346305 
3069 -0.038271 
3070 -0.299477 
3071 -0.165431 
