2851 1
2444 3.082559 
2335 2.993456 
246 2.864735 
781 2.796500 
841 2.779535 
462 2.766703 
1320 2.762284 
2039 2.723465 
721 2.632445 
2027 2.613766 
2015 2.563884 
2151 2.517578 
2003 2.510469 
574 2.491197 
2041 2.477215 
473 2.468574 
1932 2.468349 
868 2.463522 
1898 2.463340 
2174 2.458085 
2424 2.436003 
2139 2.432381 
2029 2.432234 
237 2.408626 
2017 2.403496 
2156 2.389446 
2023 2.386862 
757 2.380977 
417 2.372032 
406 2.333659 
2336 2.328710 
884 2.328567 
365 2.317435 
2163 2.311425 
585 2.305087 
401 2.300139 
227 2.299132 
490 2.295713 
2144 2.289085 
2005 2.282753 
529 2.255085 
546 2.254193 
2143 2.251758 
154 2.248457 
809 2.239277 
407 2.233505 
855 2.226877 
2162 2.226551 
2454 2.217682 
434 2.209472 
1900 2.205497 
2436 2.203663 
1993 2.203260 
236 2.202268 
764 2.198943 
235 2.198272 
223 2.197760 
557 2.194401 
825 2.194234 
2346 2.190584 
457 2.189452 
445 2.186364 
2326 2.185213 
1324 2.183281 
518 2.179504 
1889 2.172706 
501 2.172461 
796 2.168619 
2155 2.168171 
2175 2.165498 
2051 2.162471 
2328 2.160876 
435 2.153644 
1931 2.153436 
162 2.149345 
793 2.146902 
615 2.139127 
243 2.139011 
2176 2.137627 
2063 2.119367 
392 2.114518 
654 2.112319 
2180 2.107973 
491 2.107397 
749 2.104540 
2169 2.103934 
385 2.101919 
2004 2.098088 
2187 2.097664 
691 2.096317 
761 2.091245 
547 2.088347 
560 2.078768 
1930 2.077400 
1312 2.074744 
519 2.073570 
569 2.072162 
2016 2.063706 
541 2.061847 
249 2.059434 
828 2.054181 
2188 2.051625 
2028 2.049046 
885 2.048117 
230 2.042986 
655 2.037498 
420 2.035969 
2430 2.035496 
2168 2.028226 
861 2.027990 
382 2.018282 
2050 2.012996 
720 2.012793 
752 2.007800 
584 2.006118 
690 1.997716 
368 1.996966 
208 1.996199 
1884 1.991027 
1875 1.989765 
745 1.984944 
575 1.981997 
209 1.981700 
169 1.967217 
248 1.966614 
218 1.963378 
444 1.961187 
2181 1.960836 
1992 1.957327 
2356 1.957158 
837 1.951001 
863 1.948125 
448 1.947781 
2419 1.944419 
472 1.943629 
2164 1.943506 
476 1.939291 
1981 1.927013 
2443 1.922746 
692 1.922107 
2186 1.921855 
2040 1.918625 
763 1.914908 
777 1.914411 
2132 1.909898 
2355 1.908278 
556 1.905757 
2200 1.905331 
155 1.904409 
726 1.899899 
583 1.897971 
1905 1.895742 
553 1.893657 
762 1.892705 
2101 1.887876 
2345 1.886553 
500 1.881478 
2053 1.879313 
504 1.876108 
2431 1.874724 
513 1.873515 
2348 1.871243 
1987 1.869472 
2113 1.867725 
1306 1.865286 
2150 1.859256 
614 1.856587 
1317 1.850723 
2145 1.847781 
2411 1.847319 
882 1.845319 
719 1.843486 
2404 1.840353 
32 1.838298 
860 1.834637 
2089 1.834365 
2189 1.833348 
2201 1.831287 
1302 1.828992 
753 1.827531 
2157 1.827349 
857 1.826612 
528 1.825896 
2010 1.824940 
1882 1.823704 
429 1.820069 
532 1.815604 
597 1.814881 
144 1.813235 
250 1.806792 
416 1.801671 
732 1.801087 
1854 1.799560 
234 1.797843 
755 1.791394 
43 1.790845 
2434 1.787963 
2075 1.786656 
2127 1.785715 
910 1.783741 
683 1.783735 
866 1.782866 
2366 1.782679 
2416 1.782269 
156 1.781252 
2062 1.779762 
1309 1.779573 
485 1.779472 
728 1.776702 
369 1.774680 
715 1.774460 
379 1.774261 
202 1.773697 
172 1.773596 
833 1.771937 
2011 1.770342 
630 1.769757 
741 1.769677 
481 1.769624 
214 1.769179 
180 1.768733 
795 1.767222 
149 1.765879 
5 1.764806 
121 1.763173 
656 1.760609 
2351 1.760510 
2352 1.757141 
1894 1.756316 
2138 1.755006 
2120 1.754596 
616 1.754482 
1979 1.753838 
383 1.753795 
2112 1.751470 
908 1.751352 
1313 1.749447 
13 1.748908 
2410 1.748846 
596 1.741536 
2373 1.741521 
125 1.737755 
167 1.736170 
1868 1.734620 
128 1.732060 
176 1.731767 
98 1.729764 
832 1.723969 
695 1.723903 
384 1.723804 
188 1.723320 
731 1.721467 
867 1.721087 
192 1.721038 
453 1.721004 
2442 1.720398 
80 1.719119 
233 1.718000 
498 1.717002 
2399 1.715810 
839 1.715510 
2421 1.715193 
463 1.715165 
140 1.715014 
2325 1.713910 
138 1.713205 
2342 1.712692 
425 1.711501 
805 1.709858 
711 1.709584 
229 1.709503 
2177 1.709462 
371 1.708814 
28 1.707992 
702 1.707872 
1272 1.707819 
1316 1.707085 
2391 1.705571 
2360 1.702718 
198 1.701801 
1975 1.701671 
465 1.701013 
859 1.700099 
1877 1.700006 
183 1.699687 
195 1.699487 
70 1.698694 
1255 1.696272 
2384 1.696114 
1292 1.694670 
9 1.694439 
779 1.693473 
1891 1.691806 
145 1.691022 
2119 1.689932 
625 1.688562 
834 1.687160 
471 1.686474 
57 1.686383 
696 1.686031 
1998 1.684804 
858 1.684705 
1966 1.684642 
1899 1.684521 
548 1.684161 
2052 1.682260 
116 1.679535 
441 1.679531 
2376 1.678624 
6 1.678594 
1991 1.677984 
856 1.676777 
854 1.675646 
2347 1.675497 
2414 1.675226 
2451 1.674688 
2433 1.674082 
2452 1.673924 
2372 1.673351 
92 1.672529 
714 1.671652 
2383 1.671288 
2343 1.670728 
119 1.669768 
1289 1.669486 
113 1.669464 
134 1.669248 
1964 1.669118 
219 1.668883 
436 1.668561 
746 1.668132 
1284 1.668041 
1855 1.668019 
673 1.666571 
184 1.665786 
707 1.664976 
2065 1.664195 
775 1.663606 
804 1.663204 
590 1.661739 
2441 1.661705 
397 1.661650 
2412 1.661625 
1269 1.661103 
1973 1.660839 
1879 1.660504 
1866 1.660483 
2131 1.660443 
2367 1.660402 
577 1.660207 
522 1.659416 
641 1.658287 
25 1.657926 
207 1.657740 
1997 1.657642 
509 1.656744 
1893 1.655712 
1280 1.655510 
681 1.654519 
108 1.653989 
730 1.652763 
2341 1.652603 
414 1.652599 
137 1.652249 
791 1.651479 
2118 1.651124 
1864 1.650697 
2158 1.650648 
111 1.650275 
599 1.649132 
421 1.648838 
592 1.648571 
512 1.648228 
1999 1.648163 
836 1.647907 
2111 1.647503 
748 1.647343 
381 1.647107 
2110 1.646672 
127 1.645965 
712 1.645669 
1881 1.645148 
772 1.645071 
56 1.644419 
738 1.643861 
443 1.643846 
2122 1.643624 
1246 1.642183 
2117 1.641685 
1892 1.641637 
2121 1.640644 
567 1.640027 
400 1.639960 
1860 1.639705 
105 1.638909 
31 1.637367 
580 1.637017 
408 1.636917 
1971 1.636560 
1326 1.635370 
771 1.634107 
85 1.634006 
2413 1.634003 
413 1.633855 
196 1.633660 
2087 1.632996 
50 1.632202 
662 1.631740 
670 1.631734 
768 1.631393 
1977 1.631346 
430 1.630983 
78 1.629980 
2370 1.629529 
1319 1.629276 
2035 1.629006 
665 1.628655 
11 1.628451 
703 1.627308 
717 1.626415 
29 1.626380 
2386 1.626013 
213 1.625920 
1276 1.625796 
150 1.625643 
1962 1.625357 
1310 1.624684 
1969 1.624010 
1261 1.624001 
756 1.623758 
2098 1.623289 
1958 1.622899 
47 1.622785 
394 1.622048 
1270 1.621649 
53 1.620830 
484 1.620294 
2462 1.618252 
1266 1.618191 
426 1.618028 
2392 1.617848 
398 1.617742 
525 1.616560 
199 1.616391 
1989 1.616267 
1254 1.616191 
1960 1.615064 
412 1.614455 
189 1.614229 
215 1.613912 
410 1.613409 
428 1.613104 
807 1.612788 
2130 1.612551 
632 1.612136 
2369 1.611818 
2382 1.611686 
698 1.611609 
1298 1.611523 
524 1.611468 
469 1.610545 
618 1.610418 
1990 1.610137 
82 1.608277 
438 1.608150 
508 1.606970 
91 1.604750 
2393 1.603739 
2453 1.603661 
526 1.603636 
66 1.603526 
38 1.603099 
99 1.603052 
101 1.602851 
396 1.602693 
1980 1.602111 
672 1.600826 
455 1.600682 
676 1.600045 
61 1.599209 
204 1.599108 
492 1.598102 
634 1.597942 
566 1.597364 
736 1.597218 
1296 1.597062 
1880 1.596639 
495 1.596293 
801 1.596262 
678 1.596260 
79 1.596055 
2353 1.595552 
393 1.595334 
60 1.595323 
2401 1.595263 
130 1.595225 
2133 1.594996 
751 1.594734 
2422 1.594623 
37 1.594579 
829 1.594438 
2432 1.593972 
2362 1.593761 
677 1.592612 
595 1.592599 
666 1.592436 
511 1.591941 
46 1.591760 
1278 1.591526 
1862 1.591289 
1262 1.591016 
415 1.590885 
669 1.590830 
800 1.590562 
2009 1.590540 
71 1.590262 
62 1.590126 
74 1.589882 
1256 1.589804 
2405 1.589698 
1281 1.589681 
1863 1.588942 
186 1.588777 
179 1.588671 
1248 1.588302 
427 1.588295 
135 1.587819 
42 1.585917 
840 1.585121 
73 1.584972 
470 1.584966 
2402 1.583826 
735 1.583807 
520 1.583769 
112 1.583291 
803 1.583024 
536 1.582752 
497 1.582547 
668 1.581653 
1857 1.581120 
679 1.581024 
399 1.580455 
21 1.580017 
159 1.580007 
493 1.579930 
2146 1.579173 
2337 1.578481 
102 1.577929 
437 1.577726 
93 1.577535 
431 1.577461 
1258 1.577424 
694 1.577107 
827 1.576884 
64 1.576616 
409 1.576377 
537 1.575970 
538 1.575799 
1287 1.575348 
171 1.574770 
8 1.574690 
540 1.574230 
638 1.573322 
1251 1.572203 
621 1.572190 
86 1.572078 
642 1.571847 
96 1.571335 
2178 1.570756 
743 1.570193 
120 1.570097 
2170 1.570064 
143 1.569589 
674 1.569565 
2396 1.569544 
808 1.569398 
487 1.569334 
570 1.569152 
776 1.569108 
1288 1.569084 
18 1.566780 
1295 1.566571 
212 1.566435 
67 1.566198 
716 1.566079 
2406 1.565517 
2190 1.565075 
1259 1.563583 
486 1.563440 
2109 1.563410 
23 1.563150 
2100 1.562946 
454 1.562664 
2099 1.561391 
581 1.561026 
450 1.560977 
17 1.560973 
1245 1.560395 
1986 1.559920 
2365 1.559845 
90 1.559532 
708 1.559499 
705 1.559491 
1290 1.559117 
709 1.559116 
1 1.558707 
1858 1.558503 
838 1.558388 
84 1.558249 
658 1.558086 
593 1.558084 
2134 1.557622 
1870 1.557531 
168 1.556716 
370 1.556403 
1856 1.556163 
627 1.556148 
483 1.555772 
643 1.554955 
89 1.553793 
177 1.553348 
1264 1.553299 
578 1.552619 
109 1.552514 
499 1.552474 
701 1.552272 
2166 1.552163 
667 1.552091 
228 1.551952 
1885 1.551526 
123 1.551192 
464 1.549811 
636 1.549555 
201 1.549507 
1874 1.549468 
2389 1.549174 
2394 1.548949 
2387 1.548871 
1305 1.548578 
68 1.548203 
54 1.547919 
459 1.547727 
467 1.547415 
661 1.547354 
565 1.547209 
16 1.547042 
2403 1.546724 
65 1.546719 
1886 1.546713 
19 1.546379 
2378 1.545763 
637 1.545321 
739 1.544489 
0 1.544216 
1308 1.544042 
2129 1.543479 
151 1.543044 
2165 1.542636 
568 1.542405 
175 1.542182 
36 1.541734 
1271 1.541414 
15 1.541340 
549 1.540613 
663 1.540293 
539 1.539904 
216 1.539742 
20 1.539681 
2363 1.538993 
139 1.538869 
798 1.538549 
2128 1.537976 
591 1.536710 
1861 1.535346 
1888 1.534412 
635 1.534245 
1963 1.532941 
589 1.532578 
76 1.532253 
2420 1.531487 
659 1.530605 
35 1.530484 
594 1.529797 
88 1.528954 
514 1.527721 
2368 1.527190 
222 1.527078 
1249 1.526143 
1303 1.525972 
542 1.524887 
77 1.524371 
629 1.524039 
2397 1.523400 
27 1.522250 
2008 1.522103 
1279 1.522065 
682 1.521928 
773 1.521518 
2125 1.521281 
52 1.520130 
639 1.519194 
94 1.518925 
205 1.518332 
706 1.517962 
622 1.517866 
623 1.517591 
1300 1.517431 
1250 1.517387 
107 1.516534 
1961 1.516160 
710 1.516089 
1274 1.515813 
631 1.515285 
2377 1.515174 
588 1.515160 
51 1.515062 
1267 1.515060 
221 1.514850 
164 1.514747 
185 1.514309 
48 1.513509 
173 1.512931 
115 1.512919 
72 1.512899 
1959 1.512261 
675 1.512212 
620 1.512091 
2385 1.512007 
442 1.511696 
864 1.511224 
49 1.511221 
734 1.510823 
103 1.510726 
1304 1.510523 
200 1.509839 
26 1.509476 
1996 1.509065 
131 1.508763 
2199 1.508747 
75 1.508563 
1970 1.508212 
2380 1.507871 
456 1.507740 
24 1.507467 
2398 1.507398 
2350 1.507203 
523 1.507127 
2390 1.506769 
106 1.506588 
100 1.506339 
598 1.506300 
411 1.505816 
579 1.505745 
1253 1.504698 
1978 1.504512 
2423 1.503844 
1247 1.503780 
660 1.502713 
2 1.502489 
770 1.502157 
55 1.501932 
2400 1.501788 
1859 1.501572 
2463 1.500898 
63 1.500896 
496 1.500187 
1282 1.499047 
555 1.498590 
2374 1.497673 
552 1.497585 
633 1.496610 
2417 1.495210 
1268 1.495032 
104 1.494820 
132 1.494522 
477 1.494092 
802 1.494082 
527 1.493308 
378 1.493162 
1871 1.492312 
1985 1.491937 
742 1.491765 
797 1.490484 
576 1.490439 
562 1.489608 
699 1.489452 
810 1.488764 
193 1.488660 
129 1.487918 
166 1.487913 
387 1.487260 
1275 1.486950 
203 1.485586 
505 1.484314 
1294 1.484018 
718 1.483706 
44 1.483636 
191 1.482661 
1260 1.482574 
612 1.481680 
680 1.481224 
533 1.481115 
494 1.480528 
2375 1.480069 
550 1.479639 
571 1.478923 
440 1.478869 
515 1.478574 
1265 1.478091 
45 1.477621 
2357 1.473701 
564 1.473552 
737 1.472754 
14 1.472685 
81 1.471034 
1273 1.470932 
87 1.470854 
534 1.470543 
1263 1.470031 
1869 1.469515 
640 1.469442 
59 1.469340 
1285 1.468711 
22 1.467115 
624 1.466933 
2425 1.466685 
2361 1.466179 
58 1.466128 
2359 1.465214 
1277 1.464373 
142 1.463937 
133 1.463891 
750 1.462400 
220 1.462211 
619 1.461812 
157 1.460567 
181 1.459822 
386 1.459234 
1976 1.457009 
1283 1.455818 
2429 1.455222 
1876 1.453777 
1244 1.453534 
1968 1.452232 
1299 1.451308 
1865 1.451133 
480 1.450866 
551 1.450430 
1972 1.450295 
187 1.450158 
713 1.449117 
806 1.449000 
1984 1.448796 
190 1.448444 
1867 1.447978 
126 1.446841 
697 1.445724 
1318 1.445142 
2388 1.445053 
521 1.444952 
769 1.441067 
2358 1.440960 
2371 1.440726 
1286 1.440586 
146 1.440353 
830 1.440296 
2379 1.439388 
664 1.437110 
2038 1.437033 
1872 1.436706 
124 1.436597 
744 1.436507 
97 1.436196 
759 1.435490 
197 1.433596 
774 1.433533 
83 1.432605 
41 1.431866 
231 1.431837 
657 1.431170 
1988 1.430885 
626 1.430676 
1967 1.429203 
178 1.429082 
700 1.428057 
754 1.427897 
2022 1.427730 
535 1.427183 
1297 1.427176 
95 1.426723 
39 1.425641 
2140 1.425483 
2124 1.425151 
831 1.424081 
451 1.422609 
554 1.422441 
165 1.420452 
2198 1.420320 
1252 1.420199 
2418 1.419058 
466 1.416913 
507 1.415796 
2437 1.414928 
33 1.414359 
1293 1.413696 
617 1.413577 
468 1.413575 
1257 1.413314 
1974 1.412766 
2409 1.412098 
765 1.409515 
3 1.409220 
1965 1.408563 
2395 1.404973 
1291 1.404402 
704 1.404053 
117 1.403547 
733 1.402771 
671 1.402386 
2464 1.402378 
163 1.400500 
452 1.397629 
395 1.397256 
778 1.395314 
174 1.395179 
510 1.393252 
136 1.392842 
12 1.392525 
206 1.390384 
747 1.388877 
766 1.386350 
561 1.386205 
502 1.386152 
479 1.386093 
40 1.383839 
482 1.382791 
835 1.382790 
811 1.381626 
1878 1.380841 
424 1.380816 
110 1.379978 
69 1.379490 
7 1.377470 
232 1.376650 
118 1.375761 
1902 1.374294 
780 1.374059 
2167 1.373552 
217 1.373464 
2014 1.373378 
458 1.373286 
792 1.373041 
2349 1.370977 
2152 1.369387 
367 1.366291 
740 1.364369 
439 1.363803 
4 1.363614 
1307 1.362679 
2364 1.362092 
114 1.360556 
1301 1.360485 
1315 1.359293 
2338 1.358261 
422 1.357894 
226 1.356458 
2153 1.351603 
506 1.349422 
122 1.348853 
194 1.347203 
34 1.343366 
2340 1.342543 
1983 1.342207 
628 1.340512 
812 1.338836 
2354 1.336314 
161 1.332934 
767 1.332159 
2381 1.331704 
2074 1.328775 
160 1.326795 
1311 1.325535 
2440 1.325422 
799 1.323533 
2077 1.321676 
2141 1.320946 
141 1.320182 
2182 1.319788 
729 1.317831 
2179 1.316935 
10 1.315547 
2002 1.313285 
826 1.313073 
262 1.312650 
1903 1.311419 
225 1.310457 
582 1.307080 
2426 1.307047 
2049 1.305665 
1887 1.305596 
563 1.303352 
402 1.300842 
478 1.299434 
2327 1.297155 
2142 1.296010 
158 1.291729 
1895 1.290983 
1896 1.289847 
449 1.288715 
1982 1.285737 
224 1.285531 
503 1.281515 
211 1.279790 
693 1.278945 
446 1.275481 
2154 1.273921 
824 1.270890 
1929 1.267735 
2415 1.265560 
2026 1.255655 
30 1.253772 
182 1.253637 
2088 1.247589 
2001 1.247150 
2013 1.242856 
2037 1.240299 
1873 1.240291 
380 1.239525 
147 1.239148 
148 1.233761 
2025 1.231400 
2407 1.230843 
170 1.227316 
543 1.222842 
2123 1.219310 
2097 1.217155 
2086 1.209821 
530 1.196541 
403 1.187815 
558 1.183317 
1901 1.182906 
2135 1.181764 
2435 1.180937 
794 1.180070 
1917 1.176298 
423 1.159272 
2438 1.157339 
447 1.156274 
1910 1.151404 
2064 1.125498 
2331 1.120929 
2021 1.112917 
1325 1.105115 
2061 1.099293 
652 1.097709 
2000 1.096310 
869 1.092844 
2427 1.092755 
1904 1.089732 
727 1.087464 
1883 1.085389 
613 1.084079 
2126 1.083063 
153 1.080436 
813 1.079283 
474 1.076692 
2202 1.075006 
1907 1.067467 
1897 1.064504 
1995 1.063597 
2408 1.045268 
2012 1.038641 
475 1.034560 
587 1.034418 
531 1.024693 
2024 1.016915 
883 1.016607 
2116 1.015441 
152 1.009538 
2076 1.008833 
653 1.006710 
2036 0.999232 
782 0.996603 
559 0.971743 
489 0.971028 
586 0.956843 
517 0.951504 
2339 0.930817 
2108 0.929613 
1314 0.928957 
1323 0.922281 
2007 0.921210 
2115 0.920136 
2137 0.912532 
1890 0.909092 
1322 0.900611 
241 0.898634 
2136 0.863885 
516 0.849546 
2107 0.845706 
488 0.843859 
544 0.830804 
2428 0.815998 
600 0.808090 
245 0.804336 
2333 0.802863 
545 0.801011 
432 0.799087 
210 0.786562 
601 0.780850 
572 0.767712 
461 0.752528 
862 0.746741 
460 0.739886 
247 0.736496 
373 0.735448 
2445 0.734191 
372 0.723681 
418 0.722670 
251 0.718115 
2332 0.697647 
2461 0.694081 
758 0.677701 
433 0.671002 
2073 0.664858 
1994 0.662755 
1906 0.638658 
2034 0.625037 
573 0.618691 
242 0.617935 
865 0.617110 
2085 0.609509 
2020 0.604690 
2191 0.600795 
419 0.600482 
911 0.599264 
887 0.584268 
240 0.576651 
2006 0.554642 
2344 0.551060 
2148 0.492869 
1928 0.491285 
389 0.471048 
1911 0.469581 
2210 0.468980 
1327 0.444525 
783 0.420467 
1062 0.400456 
2439 0.395378 
2446 0.387635 
364 0.380042 
1908 0.376395 
2149 0.366530 
2147 0.346636 
2096 0.323603 
388 0.323591 
842 0.318596 
843 0.303093 
1839 0.289347 
2033 0.277253 
239 0.271733 
909 0.263317 
2450 0.248765 
1933 0.238418 
2211 0.214179 
2159 0.192407 
1321 0.191821 
1749 0.188997 
2334 0.181047 
1779 0.180982 
2455 0.172190 
2192 0.162091 
2019 0.140860 
2160 0.130049 
1750 0.129483 
1840 0.125136 
2161 0.116409 
265 0.087368 
2222 0.080274 
244 0.074697 
1735 0.061179 
264 0.059800 
2048 0.056616 
2114 0.046490 
2106 0.044905 
1734 0.017756 
2031 0.007028 
1689 0.000547 
1780 -0.006933 
1918 -0.010616 
2018 -0.014532 
2330 -0.022840 
1912 -0.026365 
2329 -0.026971 
1765 -0.030518 
1704 -0.032718 
238 -0.042553 
1690 -0.060189 
1720 -0.064431 
610 -0.070762 
1042 -0.076343 
405 -0.085560 
1705 -0.086812 
2105 -0.092426 
1719 -0.094573 
1064 -0.102852 
1675 -0.103207 
2549 -0.110981 
760 -0.126734 
785 -0.130924 
1659 -0.133939 
2212 -0.135299 
1764 -0.137542 
871 -0.138510 
611 -0.138780 
2030 -0.148068 
263 -0.173486 
1674 -0.189353 
1660 -0.192109 
404 -0.196477 
1331 -0.196675 
1824 -0.205917 
2316 -0.209450 
650 -0.223150 
870 -0.224792 
2223 -0.236098 
2171 -0.238978 
1809 -0.249532 
1040 -0.253495 
2095 -0.259212 
2234 -0.265506 
1794 -0.286410 
723 -0.292009 
2317 -0.294902 
1060 -0.310615 
2474 -0.319516 
2315 -0.320360 
2203 -0.322986 
2204 -0.325525 
2172 -0.325883 
1909 -0.375438 
1810 -0.393976 
725 -0.399594 
688 -0.419208 
357 -0.422369 
651 -0.423922 
1041 -0.426627 
2559 -0.430020 
2246 -0.458541 
1334 -0.463480 
2104 -0.464569 
1065 -0.465651 
351 -0.466102 
689 -0.469787 
356 -0.474355 
1045 -0.486026 
889 -0.488513 
1795 -0.488749 
2173 -0.488997 
2456 -0.499796 
350 -0.508236 
2084 -0.509342 
2071 -0.515297 
1913 -0.517613 
2083 -0.519650 
784 -0.523795 
790 -0.526659 
1644 -0.530819 
1645 -0.557347 
2072 -0.558507 
786 -0.564141 
2484 -0.568608 
1044 -0.576878 
789 -0.592815 
913 -0.593515 
1332 -0.600743 
2465 -0.602564 
2103 -0.615519 
2183 -0.637891 
1024 -0.650987 
2213 -0.652966 
2247 -0.654293 
2540 -0.658238 
366 -0.659339 
354 -0.661530 
2047 -0.664226 
1934 -0.666137 
1927 -0.673045 
886 -0.676211 
355 -0.679773 
2539 -0.679843 
2257 -0.688117 
2235 -0.692121 
892 -0.699552 
845 -0.701350 
936 -0.702716 
1080 -0.710257 
2449 -0.713082 
2529 -0.720327 
1825 -0.738166 
2460 -0.745249 
722 -0.776007 
934 -0.778930 
1023 -0.779613 
788 -0.788392 
2042 -0.788572 
258 -0.793211 
1061 -0.795129 
2059 -0.795223 
912 -0.800103 
2584 -0.800810 
1063 -0.809799 
2060 -0.810510 
2471 -0.824258 
2604 -0.827528 
255 -0.827784 
1384 -0.829730 
1629 -0.841373 
685 -0.847149 
2547 -0.852707 
2476 -0.859448 
1919 -0.866613 
2193 -0.867182 
2319 -0.867536 
1388 -0.871580 
873 -0.872468 
2447 -0.874166 
2294 -0.876173 
1018 -0.886039 
1058 -0.892987 
2293 -0.893200 
2043 -0.902935 
2323 -0.911866 
2560 -0.922966 
1812 -0.925460 
1379 -0.927965 
2102 -0.931541 
2269 -0.934736 
2032 -0.934826 
853 -0.947421 
1025 -0.950388 
2184 -0.953515 
2185 -0.953556 
1752 -0.957572 
1043 -0.958813 
2643 -0.964902 
2466 -0.969639 
787 -0.973169 
2281 -0.974499 
823 -0.977012 
361 -0.980240 
2558 -0.987181 
2094 -0.987495 
2574 -0.991570 
1492 -0.999967 
1692 -1.002736 
2564 -1.004798 
2504 -1.005503 
2216 -1.008367 
1333 -1.009659 
1614 -1.011425 
1006 -1.012855 
1100 -1.012952 
1101 -1.015944 
2470 -1.019133 
2224 -1.025124 
897 -1.032078 
1048 -1.034449 
2324 -1.046961 
2282 -1.048728 
2494 -1.050321 
345 -1.054643 
2228 -1.057620 
2550 -1.057895 
2579 -1.068316 
1920 -1.068487 
2479 -1.071940 
1038 -1.072776 
2594 -1.075797 
1921 -1.077652 
960 -1.079033 
1676 -1.079486 
1852 -1.081245 
844 -1.082790 
2320 -1.082878 
1483 -1.084665 
1615 -1.085263 
292 -1.087419 
1630 -1.089169 
1370 -1.091274 
1365 -1.093481 
1377 -1.096643 
1396 -1.102527 
253 -1.103008 
958 -1.103182 
608 -1.103898 
2308 -1.105221 
1076 -1.109391 
2573 -1.114617 
293 -1.115419 
2321 -1.117727 
1348 -1.119433 
822 -1.121391 
1340 -1.121447 
1791 -1.127692 
891 -1.128882 
2318 -1.129233 
1090 -1.130376 
1051 -1.132341 
1737 -1.133904 
2554 -1.136906 
1016 -1.141938 
1552 -1.145649 
814 -1.146151 
1116 -1.146835 
1341 -1.150693 
2490 -1.155664 
261 -1.158825 
2552 -1.159943 
1411 -1.160636 
2297 -1.161871 
1099 -1.163747 
1782 -1.167652 
1117 -1.169017 
2838 -1.169079 
2304 -1.171241 
1484 -1.172934 
1649 -1.173878 
2214 -1.177637 
2544 -1.178144 
323 -1.178569 
2572 -1.182625 
1821 -1.184207 
1747 -1.185643 
279 -1.187309 
1115 -1.187820 
2298 -1.188555 
1205 -1.189621 
2295 -1.190924 
935 -1.193836 
1936 -1.194304 
1465 -1.194715 
1481 -1.195020 
1488 -1.195445 
1754 -1.197192 
2322 -1.197520 
2578 -1.198045 
1677 -1.198373 
895 -1.200118 
1098 -1.202273 
2814 -1.203032 
1696 -1.203092 
259 -1.205509 
2258 -1.206277 
1059 -1.207770 
2248 -1.210431 
1010 -1.212645 
1022 -1.213108 
2831 -1.213982 
2236 -1.214339 
2270 -1.215601 
1001 -1.216188 
2599 -1.217864 
984 -1.218954 
2225 -1.219662 
2732 -1.219669 
2567 -1.219983 
1636 -1.220834 
1372 -1.223247 
1329 -1.223554 
1807 -1.225506 
1641 -1.227547 
1769 -1.227673 
2631 -1.228202 
1770 -1.228594 
1330 -1.229440 
1762 -1.229946 
2592 -1.231443 
2516 -1.232262 
1736 -1.232394 
2306 -1.232402 
1731 -1.235947 
333 -1.236779 
2553 -1.239000 
1568 -1.240297 
1082 -1.240757 
1034 -1.243533 
1054 -1.243614 
1746 -1.243917 
2520 -1.243956 
815 -1.245089 
1356 -1.245574 
1604 -1.246300 
2837 -1.246698 
1337 -1.247081 
1558 -1.247607 
1797 -1.248419 
2483 -1.249495 
268 -1.249574 
1009 -1.249603 
1599 -1.249807 
606 -1.250049 
2509 -1.251265 
1642 -1.251323 
1133 -1.252482 
2570 -1.253113 
2655 -1.253150 
2591 -1.253672 
1074 -1.255411 
1355 -1.256191 
1194 -1.257587 
1475 -1.257679 
2530 -1.258127 
1213 -1.258446 
1517 -1.263455 
920 -1.264110 
1404 -1.264158 
2305 -1.264445 
2515 -1.269722 
2656 -1.270376 
2300 -1.270998 
1829 -1.272314 
322 -1.273039 
1626 -1.273283 
2818 -1.273613 
2830 -1.274214 
896 -1.274498 
2813 -1.275030 
2842 -1.275411 
2284 -1.276645 
817 -1.277011 
906 -1.279311 
1072 -1.280148 
257 -1.281091 
1093 -1.282028 
1632 -1.282616 
1359 -1.283505 
283 -1.284699 
1397 -1.285358 
1806 -1.286047 
1195 -1.286653 
851 -1.290066 
2593 -1.290331 
2502 -1.290343 
335 -1.290505 
2283 -1.291615 
1524 -1.292335 
2054 -1.293076 
2505 -1.293099 
2569 -1.293505 
2812 -1.295101 
1796 -1.297001 
2217 -1.298549 
818 -1.299294 
2819 -1.299597 
1784 -1.299723 
1107 -1.300007 
1222 -1.301222 
2843 -1.301698 
1084 -1.301794 
1686 -1.302725 
1489 -1.303187 
2481 -1.303862 
274 -1.303930 
901 -1.304565 
2249 -1.304616 
1662 -1.305048 
1467 -1.305813 
1200 -1.306352 
260 -1.306477 
1440 -1.306852 
2750 -1.307584 
996 -1.307790 
2519 -1.308408 
1165 -1.308601 
1083 -1.309120 
1230 -1.309504 
2657 -1.311734 
999 -1.312097 
1078 -1.312116 
1433 -1.312960 
339 -1.313234 
1687 -1.314776 
607 -1.315259 
1121 -1.316799 
1823 -1.316866 
959 -1.318428 
1756 -1.318797 
1148 -1.319477 
2792 -1.319644 
1786 -1.319824 
2534 -1.320357 
1952 -1.320982 
2491 -1.321846 
1201 -1.322018 
2702 -1.322378 
2717 -1.322421 
1224 -1.322542 
1029 -1.323301 
1106 -1.323481 
1844 -1.323611 
2705 -1.324014 
328 -1.324386 
1394 -1.324422 
1501 -1.324726 
2503 -1.324739 
1616 -1.325215 
645 -1.325932 
1709 -1.326919 
2721 -1.327672 
2093 -1.328468 
2624 -1.328609 
2642 -1.330466 
2690 -1.331527 
1086 -1.332708 
1380 -1.332724 
1651 -1.334592 
2514 -1.334942 
305 -1.335045 
2090 -1.335249 
1851 -1.335657 
998 -1.336629 
2712 -1.336712 
2240 -1.337837 
1702 -1.337966 
2738 -1.338556 
1457 -1.341064 
2651 -1.342266 
1503 -1.342336 
2641 -1.343436 
2496 -1.343657 
1014 -1.344110 
2805 -1.345349 
2802 -1.345415 
2826 -1.345730 
1120 -1.345760 
928 -1.346179 
980 -1.347616 
1108 -1.348162 
1671 -1.348855 
2473 -1.349100 
1653 -1.349558 
1781 -1.349571 
1611 -1.349620 
1916 -1.349704 
2847 -1.350197 
2695 -1.350969 
324 -1.351046 
1956 -1.351581 
326 -1.351717 
1223 -1.352211 
1491 -1.352600 
2499 -1.353135 
2255 -1.353597 
1363 -1.353693 
2793 -1.354284 
1470 -1.354910 
1225 -1.355154 
1577 -1.355537 
2288 -1.356136 
1174 -1.356404 
1740 -1.356995 
1521 -1.357221 
2609 -1.357239 
2482 -1.357360 
1585 -1.358099 
1011 -1.358199 
976 -1.358667 
1941 -1.358905 
1424 -1.359039 
2260 -1.359260 
2774 -1.359861 
2667 -1.359880 
2603 -1.360294 
916 -1.360744 
1094 -1.360901 
1954 -1.360984 
1571 -1.361311 
1511 -1.361761 
2850 -1.361918 
2787 -1.362058 
2485 -1.363705 
340 -1.364085 
1007 -1.364102 
2824 -1.364185 
1948 -1.364250 
1549 -1.364561 
2822 -1.364657 
1945 -1.364665 
1498 -1.365309 
1943 -1.365442 
1421 -1.365737 
1081 -1.366983 
1403 -1.367000 
1514 -1.367537 
2731 -1.367673 
1344 -1.367842 
1914 -1.367870 
2254 -1.367916 
2557 -1.368376 
1131 -1.368577 
2775 -1.368854 
2762 -1.368884 
1197 -1.369625 
1722 -1.370316 
1598 -1.370514 
277 -1.370554 
2229 -1.371410 
1454 -1.371752 
342 -1.371811 
1621 -1.371911 
2271 -1.373565 
2309 -1.373884 
2798 -1.374397 
1589 -1.374417 
2739 -1.374979 
282 -1.375260 
1627 -1.376181 
946 -1.376981 
2698 -1.377239 
1357 -1.377275 
1957 -1.377764 
2091 -1.377812 
1240 -1.378801 
2602 -1.378960 
1461 -1.379487 
1071 -1.379573 
972 -1.379680 
1012 -1.379987 
2832 -1.380409 
1463 -1.380853 
1169 -1.381199 
1540 -1.381832 
1118 -1.382121 
1761 -1.382373 
1032 -1.382702 
1449 -1.383027 
894 -1.383240 
1564 -1.383301 
310 -1.383351 
2611 -1.383848 
1617 -1.384109 
2786 -1.384144 
1373 -1.384279 
1506 -1.384596 
929 -1.385180 
1238 -1.385396 
1582 -1.385817 
1241 -1.385942 
1835 -1.386201 
1947 -1.387136 
2846 -1.387400 
1439 -1.387651 
1801 -1.387791 
1579 -1.387922 
1402 -1.388077 
1583 -1.388225 
2582 -1.388706 
1392 -1.388850 
1553 -1.388959 
2243 -1.388994 
888 -1.390236 
852 -1.390415 
1587 -1.390494 
2521 -1.390982 
1400 -1.391308 
1542 -1.391538 
275 -1.391718 
1595 -1.391976 
2618 -1.392429 
1620 -1.392538 
1351 -1.392810 
1480 -1.392829 
1360 -1.392877 
1536 -1.393258 
1600 -1.393410 
1417 -1.393587 
2310 -1.393603 
2622 -1.393622 
2612 -1.393638 
1634 -1.394093 
1951 -1.394324 
2632 -1.394699 
1069 -1.394857 
2289 -1.395034 
1371 -1.395935 
1414 -1.396265 
377 -1.397501 
291 -1.398318 
2716 -1.398655 
336 -1.398771 
1431 -1.399137 
2763 -1.399278 
1458 -1.399571 
1816 -1.399609 
648 -1.399707 
1338 -1.400381 
2709 -1.400616 
297 -1.400756 
2619 -1.401137 
2621 -1.401557 
1741 -1.402153 
2259 -1.402237 
2744 -1.402258 
1386 -1.402556 
1236 -1.402668 
2273 -1.402783 
1712 -1.403033 
876 -1.403180 
925 -1.403403 
1574 -1.403476 
1217 -1.403489 
1680 -1.404704 
309 -1.404830 
1833 -1.405012 
1228 -1.405455 
1773 -1.405644 
942 -1.405704 
1419 -1.405860 
1846 -1.406169 
1668 -1.406261 
2833 -1.406486 
1143 -1.406521 
317 -1.406647 
1189 -1.406983 
2607 -1.407442 
991 -1.407699 
1512 -1.407728 
1724 -1.408367 
1497 -1.408568 
1425 -1.408800 
2727 -1.409062 
965 -1.409092 
1592 -1.409173 
1638 -1.409847 
2205 -1.409999 
1510 -1.410366 
300 -1.410459 
2674 -1.410670 
2726 -1.410712 
1056 -1.410842 
1776 -1.410977 
2644 -1.411280 
985 -1.411948 
1538 -1.412047 
1841 -1.412085 
1771 -1.412256 
2590 -1.412309 
1661 -1.412341 
1390 -1.412883 
1507 -1.414169 
1451 -1.415050 
964 -1.415281 
1209 -1.415323 
1532 -1.415717 
1560 -1.415773 
1153 -1.416050 
1161 -1.416360 
1946 -1.416461 
2704 -1.416484 
2577 -1.416527 
966 -1.417352 
1367 -1.417383 
2804 -1.417571 
2561 -1.417695 
2835 -1.418092 
1212 -1.418134 
940 -1.418185 
1681 -1.418505 
288 -1.418567 
1949 -1.418779 
1478 -1.419061 
298 -1.419583 
2799 -1.419709 
992 -1.419940 
2779 -1.420303 
2790 -1.420352 
2722 -1.420363 
2756 -1.420432 
974 -1.420909 
994 -1.420925 
1703 -1.420963 
2511 -1.421122 
2615 -1.421518 
1609 -1.421534 
2682 -1.421787 
315 -1.421947 
1848 -1.422293 
1811 -1.422335 
2770 -1.422614 
2757 -1.423019 
1477 -1.423085 
848 -1.423125 
2272 -1.423650 
1710 -1.423863 
299 -1.424169 
1622 -1.424568 
1091 -1.425027 
2277 -1.425068 
1234 -1.425115 
2301 -1.425174 
2677 -1.425199 
1052 -1.425224 
1354 -1.427433 
2699 -1.427655 
1814 -1.427693 
1643 -1.427808 
1559 -1.427897 
2689 -1.428009 
1697 -1.428363 
2730 -1.428570 
2740 -1.428764 
1757 -1.428988 
924 -1.429113 
1789 -1.429286 
2276 -1.429382 
285 -1.429481 
304 -1.429492 
2663 -1.429621 
2678 -1.429739 
1415 -1.429847 
1156 -1.430009 
2686 -1.430375 
1444 -1.430924 
2823 -1.431050 
2742 -1.431349 
921 -1.431654 
968 -1.431812 
1565 -1.431948 
1817 -1.432380 
2766 -1.432841 
2237 -1.433211 
1448 -1.433213 
1818 -1.434526 
2801 -1.435098 
1847 -1.435125 
287 -1.435427 
2532 -1.435809 
970 -1.436071 
2660 -1.436344 
1701 -1.436501 
989 -1.436902 
1842 -1.436916 
311 -1.437575 
904 -1.437618 
1188 -1.437636 
2633 -1.437849 
1803 -1.437981 
1185 -1.438514 
2684 -1.438538 
684 -1.439537 
1566 -1.439997 
2754 -1.440239 
1573 -1.440823 
1123 -1.440843 
1437 -1.440903 
1198 -1.441250 
2769 -1.441691 
2711 -1.441732 
2527 -1.441967 
2639 -1.442127 
1140 -1.442276 
286 -1.442678 
2264 -1.442918 
2752 -1.443005 
954 -1.443497 
1136 -1.443806 
2524 -1.444035 
1137 -1.444343 
1412 -1.444869 
1526 -1.444935 
302 -1.445066 
1418 -1.445131 
1455 -1.445866 
1525 -1.445995 
1144 -1.446045 
2679 -1.446052 
1580 -1.446206 
2637 -1.446384 
1608 -1.446422 
1129 -1.446445 
1176 -1.446463 
2665 -1.446518 
1407 -1.446554 
1178 -1.446680 
2751 -1.446738 
2469 -1.446745 
2724 -1.446967 
1145 -1.447116 
1575 -1.447407 
1347 -1.447492 
937 -1.447518 
2693 -1.447631 
2649 -1.447976 
1937 -1.448075 
2844 -1.448160 
1447 -1.448324 
2778 -1.448863 
948 -1.449252 
1382 -1.449272 
1601 -1.449370 
977 -1.449386 
1158 -1.449517 
2669 -1.449602 
2825 -1.449844 
1445 -1.450383 
1163 -1.450438 
1728 -1.450562 
1435 -1.450590 
2834 -1.450622 
1031 -1.450706 
1138 -1.450835 
2767 -1.450959 
2525 -1.450988 
1485 -1.451002 
1547 -1.451286 
1562 -1.451342 
1352 -1.451424 
1179 -1.451731 
301 -1.451746 
1208 -1.452095 
1180 -1.452215 
2808 -1.452636 
1853 -1.452755 
1650 -1.453006 
1563 -1.453067 
1152 -1.453917 
2845 -1.453927 
269 -1.454071 
1182 -1.454342 
2500 -1.454687 
1535 -1.454832 
1171 -1.454894 
2267 -1.454971 
2654 -1.455041 
1462 -1.455220 
2668 -1.455386 
1459 -1.455633 
1150 -1.456318 
2218 -1.456420 
2673 -1.458297 
1667 -1.458312 
1422 -1.458316 
982 -1.458591 
2666 -1.458687 
1726 -1.458790 
1533 -1.458835 
2713 -1.458884 
1453 -1.459983 
352 -1.459991 
981 -1.460126 
1110 -1.460153 
950 -1.460448 
1513 -1.460525 
1505 -1.461111 
2745 -1.461284 
1233 -1.461358 
1170 -1.461518 
2715 -1.461542 
2789 -1.461741 
1591 -1.461755 
1772 -1.461888 
1546 -1.462647 
329 -1.462791 
2753 -1.463114 
2261 -1.463475 
2701 -1.463720 
2706 -1.463860 
947 -1.464541 
2597 -1.464796 
927 -1.464916 
1157 -1.465084 
1184 -1.465139 
2697 -1.465200 
1652 -1.465439 
1590 -1.465631 
2788 -1.465793 
1109 -1.466046 
919 -1.466049 
2741 -1.466153 
2278 -1.466224 
2265 -1.466315 
1181 -1.466673 
1160 -1.466902 
1232 -1.466993 
1124 -1.467304 
2506 -1.467327 
2058 -1.467342 
1944 -1.467352 
1500 -1.467649 
875 -1.467828 
1545 -1.468430 
1942 -1.468794 
1126 -1.468907 
2662 -1.468920 
1472 -1.469105 
2848 -1.469121 
1364 -1.469193 
2510 -1.469783 
1468 -1.469816 
2296 -1.469978 
319 -1.470093 
1519 -1.470111 
1127 -1.470251 
272 -1.470685 
1345 -1.471364 
2313 -1.471502 
1602 -1.471720 
1664 -1.472208 
278 -1.472656 
307 -1.473100 
1443 -1.473288 
1528 -1.473670 
314 -1.473881 
952 -1.473884 
2683 -1.473971 
2781 -1.474376 
2498 -1.474492 
2538 -1.474652 
1085 -1.474750 
1713 -1.474851 
1134 -1.475776 
1537 -1.475890 
1190 -1.475899 
2533 -1.476098 
1436 -1.476460 
1428 -1.476625 
1186 -1.476817 
993 -1.477269 
2672 -1.477482 
1430 -1.478112 
2841 -1.478253 
2680 -1.478630 
2764 -1.478661 
1219 -1.479055 
1654 -1.479059 
1940 -1.479284 
1518 -1.480916 
945 -1.481160 
1383 -1.481403 
2733 -1.481648 
969 -1.481722 
1849 -1.482328 
879 -1.482898 
2671 -1.482968 
2302 -1.483345 
1850 -1.483791 
1548 -1.484177 
1804 -1.484243 
2800 -1.484284 
2653 -1.484309 
2230 -1.484381 
289 -1.484661 
955 -1.484729 
2736 -1.484974 
1438 -1.485043 
1606 -1.485169 
1550 -1.485271 
254 -1.485497 
2782 -1.485534 
2771 -1.485757 
2610 -1.486519 
1070 -1.486562 
1427 -1.486603 
2046 -1.487046 
1193 -1.487181 
2734 -1.487326 
1235 -1.487379 
1015 -1.488093 
1155 -1.488238 
2821 -1.488506 
1530 -1.488714 
2817 -1.488799 
1725 -1.489658 
1543 -1.489719 
1739 -1.489795 
2066 -1.489998 
1168 -1.490721 
1173 -1.490970 
1953 -1.491001 
2661 -1.491009 
2688 -1.491628 
1000 -1.491813 
2729 -1.491865 
1175 -1.492178 
2250 -1.492261 
1522 -1.492382 
2780 -1.493028 
1494 -1.493059 
644 -1.493278 
903 -1.493413 
1551 -1.493742 
1374 -1.494039 
967 -1.494260 
1172 -1.494548 
1830 -1.494613 
1950 -1.494807 
1442 -1.495332 
2820 -1.496039 
2783 -1.496202 
2723 -1.496325 
2720 -1.496390 
313 -1.496933 
327 -1.497203 
1114 -1.497204 
1711 -1.497498 
1164 -1.497677 
2700 -1.498053 
930 -1.498172 
1092 -1.498281 
1534 -1.498448 
1441 -1.498474 
1104 -1.498874 
1191 -1.498975 
2630 -1.499178 
1561 -1.499460 
1520 -1.499561 
2811 -1.499703 
1125 -1.500466 
2196 -1.500599 
2714 -1.500835 
2629 -1.500860 
951 -1.501016 
2279 -1.501040 
1544 -1.501138 
2797 -1.501149 
2777 -1.501170 
1923 -1.501511 
2585 -1.501529 
1429 -1.501556 
1423 -1.501710 
988 -1.502454 
819 -1.502819 
1139 -1.502932 
2776 -1.503725 
1206 -1.503729 
923 -1.503749 
878 -1.503801 
821 -1.503832 
332 -1.504350 
1216 -1.504373 
2809 -1.504454 
2627 -1.504971 
2785 -1.505026 
963 -1.505295 
987 -1.505296 
975 -1.505461 
1147 -1.505575 
2708 -1.505866 
1128 -1.506018 
318 -1.506114 
1434 -1.506763 
2646 -1.507006 
2285 -1.507194 
1446 -1.507475 
1196 -1.507619 
1683 -1.508074 
1211 -1.508084 
978 -1.508433 
2791 -1.508863 
2746 -1.508885 
2810 -1.508989 
1531 -1.509191 
2685 -1.509266 
1050 -1.509500 
1529 -1.509997 
2725 -1.510050 
2241 -1.510100 
1187 -1.510220 
1416 -1.510316 
2598 -1.510773 
1556 -1.511323 
2625 -1.511956 
1578 -1.512016 
1142 -1.512089 
2648 -1.512275 
284 -1.512867 
2827 -1.512950 
2601 -1.512965 
877 -1.513741 
1068 -1.513837 
1567 -1.514166 
2581 -1.514411 
303 -1.514645 
1369 -1.514891 
1452 -1.515391 
2055 -1.515611 
2681 -1.515934 
1381 -1.516662 
1426 -1.516801 
2580 -1.516950 
2765 -1.517613 
1420 -1.517723 
1199 -1.517992 
1832 -1.518328 
2645 -1.518528 
1154 -1.518677 
1214 -1.519229 
1714 -1.519600 
1938 -1.520772 
1167 -1.521013 
1039 -1.521111 
1203 -1.521158 
2755 -1.521228 
949 -1.521234 
979 -1.521485 
2263 -1.521999 
2638 -1.523670 
1471 -1.523950 
316 -1.523991 
1149 -1.524283 
343 -1.525214 
995 -1.525377 
1831 -1.525553 
2647 -1.525572 
280 -1.525770 
1003 -1.526223 
953 -1.526265 
1183 -1.526374 
2768 -1.526726 
902 -1.526880 
2650 -1.526897 
362 -1.527331 
941 -1.527416 
2840 -1.527573 
2694 -1.527739 
1028 -1.527813 
2687 -1.527925 
2759 -1.528457 
1743 -1.528823 
1130 -1.529044 
346 -1.529197 
1509 -1.529395 
1146 -1.529835 
1218 -1.530220 
1721 -1.530658 
2743 -1.530784 
1775 -1.530859 
1242 -1.530867 
1717 -1.530875 
337 -1.530955 
1408 -1.531437 
917 -1.531941 
1432 -1.532155 
1834 -1.532268 
1413 -1.532363 
1036 -1.532933 
2526 -1.533019 
1802 -1.533060 
2710 -1.533447 
1476 -1.533552 
2692 -1.534459 
2703 -1.534524 
1588 -1.534580 
2634 -1.534897 
907 -1.534978 
1955 -1.535455 
646 -1.535867 
1112 -1.535923 
1759 -1.536463 
1141 -1.537484 
971 -1.537562 
2266 -1.537950 
990 -1.537986 
1151 -1.538093 
308 -1.538380 
2659 -1.538449 
2617 -1.538466 
1210 -1.539141 
1742 -1.539179 
1572 -1.539415 
2670 -1.539580 
1096 -1.539804 
1594 -1.540308 
1239 -1.540497 
2583 -1.540790 
2718 -1.541106 
2497 -1.541712 
1177 -1.542368 
1666 -1.542394 
1655 -1.542551 
1487 -1.542715 
1584 -1.543442 
2796 -1.543614 
1410 -1.543662 
2291 -1.543870 
2836 -1.543912 
1758 -1.544095 
1637 -1.544117 
2613 -1.544961 
1033 -1.545068 
1539 -1.545121 
2286 -1.545203 
2749 -1.546756 
2758 -1.547281 
1715 -1.548006 
2760 -1.548203 
849 -1.548955 
1555 -1.549024 
1800 -1.549669 
1162 -1.549824 
2807 -1.549991 
2635 -1.550119 
1204 -1.550457 
2226 -1.550875 
1474 -1.551741 
1405 -1.552053 
1362 -1.552655 
2252 -1.553605 
2636 -1.554727 
1605 -1.555224 
330 -1.555258 
2620 -1.556206 
2696 -1.556440 
2747 -1.557495 
2312 -1.557525 
2194 -1.558361 
2829 -1.558687 
2664 -1.558773 
1774 -1.558897 
1479 -1.559008 
2589 -1.559045 
2773 -1.559096 
2719 -1.559219 
1227 -1.559569 
276 -1.559648 
2675 -1.559658 
1785 -1.559702 
2493 -1.560143 
2626 -1.560172 
1013 -1.560521 
1607 -1.560591 
2070 -1.562262 
2253 -1.562827 
1523 -1.563795 
1729 -1.564358 
918 -1.564394 
1760 -1.564398 
1499 -1.565264 
1682 -1.565300 
2623 -1.565380 
1819 -1.565467 
1751 -1.565649 
1393 -1.566035 
1665 -1.566662 
1699 -1.567368 
1820 -1.567678 
1669 -1.568034 
2274 -1.568137 
344 -1.568317 
1635 -1.568553 
2614 -1.568709 
2287 -1.568727 
2772 -1.569751 
1053 -1.569927 
1695 -1.570141 
1557 -1.570143 
2522 -1.570411 
647 -1.570451 
1610 -1.570990 
983 -1.571452 
1679 -1.572056 
1466 -1.572636 
1694 -1.573214 
1135 -1.573285 
900 -1.573303 
1593 -1.573349 
1502 -1.574649 
1030 -1.574690 
2488 -1.575213 
2616 -1.575352 
1541 -1.576488 
1132 -1.577278 
1406 -1.577294 
1777 -1.577486 
2472 -1.578305 
2535 -1.579599 
1075 -1.579730 
2761 -1.579855 
1670 -1.579919 
1639 -1.579976 
2457 -1.581365 
2082 -1.581521 
1220 -1.581549 
2092 -1.581827 
2242 -1.581874 
1515 -1.582171 
1684 -1.582863 
944 -1.582889 
2290 -1.583555 
1450 -1.583974 
1159 -1.585619 
2275 -1.585769 
2262 -1.588109 
1597 -1.588596 
1243 -1.588800 
1939 -1.588999 
2608 -1.589709 
1229 -1.590012 
816 -1.590500 
1349 -1.590757 
358 -1.591144 
2596 -1.592498 
1473 -1.592752 
1508 -1.593164 
957 -1.594060 
1460 -1.594265 
1395 -1.594334 
1788 -1.594447 
2707 -1.595008 
1496 -1.595125 
2691 -1.595145 
1586 -1.597761 
2748 -1.598014 
1619 -1.599560 
1657 -1.600439 
271 -1.600757 
2784 -1.601045 
2728 -1.601729 
1055 -1.601804 
2828 -1.603748 
1527 -1.604832 
2806 -1.605071 
1708 -1.605152 
1603 -1.605189 
961 -1.605427 
312 -1.605783 
2794 -1.606258 
1698 -1.606811 
1570 -1.607101 
1790 -1.607956 
973 -1.608100 
2238 -1.608986 
1915 -1.610575 
1004 -1.612218 
1576 -1.612476 
1596 -1.613162 
1020 -1.613362 
943 -1.613634 
881 -1.613702 
2513 -1.613936 
1088 -1.614781 
2492 -1.614959 
1215 -1.614990 
1166 -1.615247 
2795 -1.616034 
1495 -1.616431 
1237 -1.616707 
2676 -1.617337 
1469 -1.617653 
1516 -1.619473 
2475 -1.620476 
2518 -1.620714 
1409 -1.621416 
1926 -1.622418 
1387 -1.623384 
1361 -1.623912 
1336 -1.624307 
1089 -1.624548 
1581 -1.624576 
1207 -1.625037 
296 -1.626896 
2628 -1.628642 
1122 -1.629798 
2839 -1.630092 
270 -1.630219 
1625 -1.630891 
1624 -1.631005 
2587 -1.631695 
931 -1.631770 
1504 -1.632747 
1221 -1.632977 
1035 -1.633293 
1231 -1.633577 
1111 -1.636144 
306 -1.636737 
331 -1.636859 
1378 -1.637289 
1087 -1.638169 
2512 -1.638254 
1623 -1.639083 
1401 -1.639166 
290 -1.639568 
1656 -1.640116 
1828 -1.640597 
2735 -1.641363 
1924 -1.641475 
1744 -1.642928 
926 -1.644310 
2523 -1.644474 
1618 -1.645310 
1763 -1.646362 
605 -1.646377 
2543 -1.647772 
2600 -1.648468 
1815 -1.648562 
1398 -1.649353 
2803 -1.650672 
1837 -1.650967 
2508 -1.652770 
273 -1.653247 
1079 -1.654221 
363 -1.654339 
2045 -1.656446 
2586 -1.657372 
1046 -1.657721 
2737 -1.657807 
1633 -1.658482 
1456 -1.659661 
2459 -1.663567 
1935 -1.663770 
256 -1.664274 
2206 -1.666039 
1730 -1.666918 
1569 -1.667108 
1799 -1.668798 
2816 -1.670331 
2303 -1.670639 
360 -1.671776 
986 -1.672155 
1226 -1.672259 
2571 -1.673001 
1727 -1.675058 
1105 -1.678944 
1787 -1.679876 
1391 -1.679942 
2605 -1.681509 
2078 -1.681836 
1631 -1.682196 
933 -1.683505 
687 -1.684010 
2606 -1.685281 
1836 -1.686594 
2541 -1.688578 
2652 -1.689108 
1375 -1.690506 
2458 -1.690649 
1925 -1.695624 
2197 -1.697904 
321 -1.698092 
604 -1.698426 
1493 -1.699587 
1685 -1.701106 
2057 -1.701571 
1554 -1.701598 
2565 -1.701858 
334 -1.702758 
2542 -1.702770 
2562 -1.704582 
1755 -1.707724 
1073 -1.707745 
905 -1.708070 
1845 -1.708151 
1202 -1.708625 
1399 -1.709304 
1486 -1.712582 
338 -1.713825 
2537 -1.721503 
2658 -1.722729 
320 -1.723059 
1922 -1.723091 
1700 -1.723392 
295 -1.723862 
1716 -1.724700 
1192 -1.726156 
2067 -1.726639 
939 -1.728630 
1346 -1.730070 
1102 -1.730179 
347 -1.730892 
899 -1.735548 
686 -1.735894 
1745 -1.738333 
1113 -1.738773 
1353 -1.740289 
922 -1.740531 
874 -1.743126 
847 -1.744389 
281 -1.745021 
1002 -1.745288 
1464 -1.745598 
2517 -1.745987 
2563 -1.746284 
1328 -1.751058 
1005 -1.752733 
1612 -1.752804 
2588 -1.754976 
1693 -1.755001 
2080 -1.758354 
850 -1.759416 
962 -1.761445 
2081 -1.764279 
880 -1.765975 
2239 -1.767359 
1368 -1.767542 
391 -1.770671 
1066 -1.773704 
2501 -1.774508 
2307 -1.776350 
2546 -1.784873 
325 -1.785587 
390 -1.786456 
915 -1.791575 
2545 -1.792149 
1095 -1.792760 
2069 -1.793753 
1822 -1.795028 
2489 -1.797254 
898 -1.797882 
374 -1.799140 
1021 -1.801464 
2566 -1.806206 
1026 -1.810750 
1805 -1.811411 
2486 -1.811572 
1691 -1.814160 
252 -1.814576 
2568 -1.820327 
1798 -1.821125 
1343 -1.821147 
872 -1.821802 
2056 -1.823200 
1648 -1.830338 
2528 -1.831861 
1646 -1.832428 
1813 -1.834939 
2478 -1.835881 
2044 -1.840558 
341 -1.844405 
2311 -1.848748 
2068 -1.850855 
1838 -1.855831 
376 -1.859011 
2495 -1.860889 
1350 -1.861718 
890 -1.861734 
1358 -1.862536 
1366 -1.869406 
2548 -1.870084 
1037 -1.871101 
1640 -1.873284 
1019 -1.874668 
1389 -1.875918 
2477 -1.883187 
938 -1.884728 
375 -1.891513 
1826 -1.892438 
1017 -1.895336 
294 -1.896045 
2231 -1.898822 
1339 -1.902490 
956 -1.903585 
2536 -1.909880 
2314 -1.920613 
997 -1.925265 
1490 -1.925830 
1008 -1.928903 
820 -1.929094 
1792 -1.929213 
2079 -1.930530 
1385 -1.933950 
1342 -1.940899 
2487 -1.942886 
914 -1.945467 
2195 -1.948343 
1613 -1.948508 
2251 -1.949157 
1718 -1.953079 
1049 -1.959796 
2233 -1.963519 
2215 -1.966823 
1658 -1.981864 
1077 -1.984096 
2531 -1.985770 
1766 -1.994790 
2221 -1.995318 
2480 -1.995548 
603 -2.003013 
1678 -2.011332 
1768 -2.018410 
2207 -2.022279 
2227 -2.024292 
2595 -2.024343 
893 -2.025980 
348 -2.026195 
2448 -2.032815 
1707 -2.033278 
1843 -2.039036 
2507 -2.040788 
1732 -2.044498 
1672 -2.045974 
2209 -2.047552 
1097 -2.049149 
1753 -2.049269 
2576 -2.049983 
1706 -2.051990 
1103 -2.055963 
2815 -2.059623 
2245 -2.070699 
2208 -2.073797 
2219 -2.081334 
2244 -2.094572 
267 -2.102842 
2299 -2.105352 
2555 -2.128629 
1119 -2.131223 
1027 -2.139096 
1482 -2.147546 
1827 -2.152840 
2640 -2.164573 
1376 -2.179728 
1628 -2.181628 
846 -2.186402 
724 -2.189617 
266 -2.192410 
2268 -2.192767 
1335 -2.195119 
2232 -2.196216 
1738 -2.200669 
1778 -2.202630 
1057 -2.207168 
932 -2.208170 
2575 -2.210513 
1723 -2.216007 
1767 -2.220229 
353 -2.253040 
2468 -2.267857 
1673 -2.268174 
2220 -2.278369 
602 -2.280619 
1793 -2.287052 
359 -2.287898 
2551 -2.289412 
2256 -2.327786 
349 -2.335593 
1647 -2.349869 
2849 -2.396806 
2280 -2.420388 
1688 -2.429725 
1663 -2.442019 
1733 -2.449468 
1047 -2.520766 
2467 -2.541299 
649 -2.562863 
1067 -2.566703 
2556 -2.581214 
1783 -2.595089 
2292 -2.643985 
1808 -2.668339 
1748 -2.810348 
609 -2.842591 
