1446 1
342 3.270948 
1382 3.224713 
1227 3.216401 
1132 3.198934 
1345 3.073815 
976 3.050411 
585 2.958921 
375 2.902968 
602 2.893492 
1388 2.880187 
463 2.784765 
77 2.771857 
765 2.709001 
598 2.677599 
793 2.668166 
1023 2.651019 
1220 2.646930 
1439 2.645029 
209 2.644592 
1239 2.607794 
243 2.606621 
1006 2.575688 
506 2.566978 
1136 2.566701 
1116 2.537888 
489 2.516876 
367 2.508789 
207 2.508131 
1089 2.498611 
1115 2.489711 
1308 2.484535 
1079 2.481605 
338 2.475298 
871 2.471263 
878 2.467809 
1029 2.442290 
1218 2.441584 
331 2.427749 
987 2.419651 
575 2.412380 
1108 2.379859 
998 2.376351 
1273 2.373103 
494 2.371743 
522 2.356307 
1069 2.349004 
1142 2.314510 
1445 2.301366 
815 2.298937 
535 2.294840 
1401 2.293043 
182 2.291694 
125 2.280833 
1328 2.277415 
1131 2.264390 
642 2.261029 
470 2.258593 
317 2.256389 
1073 2.255995 
1262 2.251098 
345 2.239170 
555 2.238624 
1336 2.238354 
481 2.222364 
1349 2.222015 
927 2.213244 
916 2.212248 
935 2.212067 
1428 2.206683 
1443 2.205076 
707 2.204202 
1249 2.204050 
12 2.201474 
113 2.200095 
355 2.197834 
886 2.196600 
1188 2.193644 
212 2.191803 
0 2.186951 
959 2.171297 
422 2.170731 
593 2.168438 
578 2.166016 
759 2.163071 
195 2.161899 
284 2.158602 
719 2.151922 
862 2.150126 
1277 2.147394 
648 2.146307 
725 2.141475 
1322 2.138975 
970 2.135589 
1314 2.130818 
11 2.129269 
269 2.120083 
485 2.119916 
1269 2.116078 
557 2.112050 
109 2.109012 
120 2.107865 
1299 2.097262 
1365 2.093061 
750 2.092903 
1254 2.092787 
384 2.090142 
1418 2.079808 
37 2.073838 
1205 2.069934 
277 2.065914 
1097 2.051780 
905 2.048894 
659 2.047617 
17 2.045246 
309 2.044092 
174 2.041213 
90 2.040911 
753 2.039912 
1150 2.033147 
293 2.033055 
1432 2.032252 
1293 2.031570 
1085 2.028990 
745 2.028464 
846 2.023616 
776 2.021635 
145 2.018064 
942 2.017892 
1304 2.017641 
820 2.012394 
223 2.011933 
832 2.004074 
60 2.000371 
1189 2.000247 
1257 1.997163 
1367 1.996757 
569 1.996161 
1092 1.994590 
254 1.991571 
399 1.986538 
232 1.986243 
911 1.985301 
393 1.985108 
136 1.981497 
660 1.981492 
103 1.975159 
203 1.974863 
733 1.972556 
673 1.970461 
432 1.968729 
562 1.967347 
744 1.963103 
304 1.962152 
334 1.960394 
324 1.959976 
963 1.959408 
250 1.957753 
1041 1.955579 
1042 1.948291 
634 1.937149 
497 1.930367 
547 1.928986 
1179 1.926734 
761 1.926539 
865 1.926040 
830 1.924766 
52 1.920730 
217 1.920489 
32 1.919743 
236 1.919194 
501 1.918332 
291 1.915916 
1352 1.909740 
503 1.904040 
451 1.903047 
438 1.902502 
31 1.900020 
653 1.899444 
1215 1.895661 
1003 1.890970 
1433 1.890571 
59 1.888986 
715 1.887402 
1326 1.885702 
402 1.883114 
1056 1.877656 
1358 1.876602 
99 1.874476 
951 1.874317 
440 1.862499 
874 1.859814 
688 1.859689 
162 1.847993 
445 1.844914 
1425 1.843122 
1180 1.839388 
1012 1.835164 
937 1.831846 
66 1.831661 
1232 1.830756 
237 1.828175 
498 1.828105 
903 1.824983 
1240 1.824471 
474 1.819251 
1184 1.818327 
351 1.813533 
1285 1.809836 
836 1.808462 
199 1.804331 
1271 1.801554 
671 1.801390 
158 1.799379 
646 1.797670 
890 1.793401 
591 1.792289 
389 1.792070 
1413 1.786101 
1106 1.784244 
369 1.783783 
428 1.783693 
92 1.782166 
543 1.781589 
741 1.780419 
1301 1.778370 
1126 1.776866 
433 1.775724 
1054 1.775319 
218 1.772972 
796 1.771646 
1175 1.767039 
649 1.765704 
1103 1.764408 
128 1.763992 
1169 1.761407 
187 1.761315 
961 1.758389 
1387 1.758170 
818 1.756473 
413 1.755944 
1017 1.752372 
1172 1.752361 
807 1.746405 
24 1.743836 
1167 1.741765 
1047 1.736944 
678 1.734955 
29 1.732041 
661 1.728789 
606 1.724744 
1318 1.723436 
1394 1.722280 
165 1.721699 
623 1.717719 
518 1.716305 
775 1.716071 
80 1.715749 
1421 1.714047 
786 1.713943 
1230 1.712688 
693 1.712387 
441 1.711912 
298 1.711411 
1157 1.710111 
1027 1.705833 
723 1.704376 
1062 1.694630 
697 1.693821 
687 1.693510 
1162 1.692662 
637 1.692207 
550 1.690794 
321 1.690547 
857 1.687203 
1408 1.685387 
529 1.685119 
179 1.683488 
1203 1.682619 
1026 1.681778 
1159 1.681303 
983 1.681287 
700 1.680454 
1316 1.677209 
843 1.672515 
948 1.670917 
1396 1.668695 
656 1.668068 
1067 1.665944 
1145 1.665535 
150 1.665218 
1209 1.661530 
1359 1.660780 
691 1.660673 
1044 1.658939 
167 1.657191 
398 1.656205 
711 1.654887 
1265 1.653895 
630 1.653045 
702 1.652754 
141 1.652139 
289 1.651872 
1010 1.651333 
644 1.650725 
408 1.646570 
1332 1.641654 
337 1.638056 
980 1.637603 
91 1.636312 
539 1.635181 
1057 1.634177 
1151 1.633061 
154 1.631120 
44 1.630069 
739 1.628665 
169 1.626060 
7 1.625102 
1129 1.621799 
1377 1.621719 
1036 1.619992 
262 1.618438 
631 1.618158 
1300 1.617843 
1197 1.615772 
699 1.615726 
1258 1.614338 
266 1.608892 
73 1.605791 
313 1.603958 
1317 1.603011 
1280 1.597987 
889 1.595622 
41 1.595444 
570 1.588673 
419 1.587951 
639 1.587933 
1122 1.587596 
552 1.587017 
50 1.586737 
789 1.586564 
27 1.586432 
854 1.584398 
771 1.583919 
894 1.583825 
61 1.582418 
224 1.582042 
920 1.579058 
1406 1.576563 
783 1.575237 
682 1.573777 
556 1.572446 
1086 1.572035 
838 1.568175 
477 1.567465 
803 1.565778 
382 1.565016 
1193 1.563528 
409 1.562737 
221 1.562261 
1330 1.560236 
1315 1.559021 
1048 1.557787 
388 1.556139 
583 1.549971 
955 1.539656 
1287 1.537326 
245 1.537247 
530 1.535855 
797 1.534790 
1229 1.532594 
377 1.530588 
508 1.530525 
356 1.529738 
821 1.529662 
515 1.528791 
39 1.525963 
178 1.525419 
21 1.524235 
479 1.523439 
1291 1.523435 
708 1.522674 
592 1.521380 
541 1.520816 
1294 1.519972 
4 1.519287 
295 1.518381 
272 1.516567 
615 1.515489 
1081 1.514936 
1052 1.511670 
480 1.511102 
941 1.509811 
1176 1.508482 
1018 1.502811 
770 1.502688 
200 1.498028 
418 1.497663 
268 1.496587 
197 1.494091 
371 1.490409 
1080 1.489950 
680 1.489701 
618 1.486461 
407 1.486074 
119 1.482784 
446 1.482451 
1290 1.482054 
910 1.479484 
685 1.479172 
168 1.477091 
188 1.476869 
121 1.476030 
510 1.474769 
621 1.469300 
664 1.466875 
1202 1.466010 
769 1.462666 
163 1.462115 
263 1.460203 
572 1.460092 
1101 1.459173 
919 1.457667 
607 1.457642 
323 1.454969 
105 1.454923 
84 1.453520 
1335 1.453260 
722 1.451727 
1278 1.450437 
511 1.449923 
932 1.449276 
778 1.447711 
101 1.447306 
42 1.445738 
992 1.444991 
724 1.443362 
360 1.443134 
1107 1.442992 
75 1.442421 
827 1.439006 
524 1.438780 
624 1.438483 
226 1.436917 
312 1.435960 
513 1.435010 
8 1.432930 
148 1.432918 
264 1.431821 
1248 1.431025 
806 1.429142 
858 1.429014 
68 1.428456 
784 1.428396 
286 1.421800 
542 1.421724 
353 1.420198 
1342 1.417476 
1055 1.415419 
1124 1.413804 
788 1.411368 
679 1.410433 
536 1.405758 
152 1.403721 
1288 1.401796 
104 1.395430 
1266 1.390443 
794 1.385379 
430 1.378547 
227 1.373805 
1198 1.372862 
275 1.372858 
1060 1.372339 
567 1.368045 
376 1.365336 
170 1.364344 
808 1.361637 
731 1.359772 
82 1.354371 
156 1.347575 
1348 1.344511 
358 1.344496 
1267 1.338489 
938 1.335789 
58 1.335746 
280 1.334453 
311 1.333272 
880 1.328506 
473 1.327878 
426 1.325083 
1063 1.324861 
305 1.322208 
514 1.321755 
1369 1.321022 
798 1.321006 
712 1.320408 
1309 1.319717 
1362 1.316657 
900 1.316109 
411 1.315921 
527 1.315462 
189 1.313067 
94 1.312757 
301 1.312475 
281 1.308482 
184 1.305062 
3 1.298981 
456 1.298619 
1246 1.297499 
1168 1.292392 
847 1.286466 
928 1.284854 
43 1.283482 
273 1.282947 
297 1.282535 
1166 1.281772 
872 1.281582 
974 1.279193 
85 1.278417 
149 1.278173 
14 1.277422 
668 1.277126 
647 1.274943 
1245 1.274454 
488 1.272796 
33 1.270675 
812 1.270543 
257 1.265110 
332 1.262998 
809 1.262938 
406 1.262258 
1363 1.261031 
1165 1.258795 
944 1.258626 
18 1.254922 
1393 1.252816 
1091 1.252036 
181 1.251492 
282 1.251490 
368 1.251343 
469 1.249403 
344 1.247877 
1098 1.245856 
495 1.245447 
801 1.243992 
533 1.241061 
669 1.237464 
172 1.235991 
1282 1.235146 
677 1.234619 
1037 1.232299 
359 1.229989 
774 1.229649 
1242 1.228530 
516 1.224130 
1095 1.223635 
1194 1.221549 
762 1.219416 
126 1.218515 
523 1.218290 
658 1.216741 
1038 1.214621 
749 1.211148 
1419 1.205837 
758 1.202535 
25 1.199487 
1324 1.199228 
1392 1.198948 
1405 1.196103 
247 1.195547 
772 1.194779 
151 1.193465 
887 1.191673 
1371 1.191186 
87 1.190747 
1431 1.189107 
1420 1.188553 
817 1.188380 
548 1.188377 
1272 1.186816 
763 1.182263 
348 1.181463 
316 1.178341 
72 1.178234 
1305 1.177880 
48 1.175894 
816 1.172488 
581 1.172461 
265 1.171635 
947 1.170961 
736 1.164093 
696 1.153101 
416 1.152834 
1241 1.147831 
1263 1.147635 
300 1.144363 
913 1.142790 
362 1.141450 
814 1.141259 
973 1.139295 
244 1.137224 
922 1.128659 
1211 1.124815 
130 1.124697 
885 1.124523 
259 1.122988 
36 1.121872 
1147 1.119960 
49 1.118174 
1213 1.116007 
330 1.114575 
773 1.113879 
921 1.112689 
1083 1.111012 
51 1.105151 
507 1.103006 
902 1.102634 
1391 1.099245 
292 1.090645 
895 1.089016 
1400 1.088271 
701 1.085341 
839 1.084230 
379 1.083929 
279 1.080995 
613 1.078070 
787 1.073965 
940 1.071663 
811 1.054472 
153 1.053115 
394 1.046524 
397 1.046036 
956 1.041090 
954 1.040670 
670 1.040520 
665 1.038325 
115 1.037866 
582 1.036165 
757 1.034689 
1255 1.033874 
999 1.033202 
366 1.031829 
160 1.029011 
1039 1.027750 
666 1.026955 
1161 1.026729 
478 1.025710 
1031 1.025425 
1297 1.025231 
1181 1.022905 
1040 1.021832 
939 1.019695 
1327 1.019416 
378 1.017511 
1217 1.014832 
1109 1.014362 
363 1.010080 
6 1.009936 
450 1.008602 
580 1.006581 
1187 1.001814 
95 1.001134 
28 1.000048 
588 0.998626 
157 0.997766 
571 0.996218 
831 0.993799 
777 0.992931 
1210 0.991857 
261 0.991137 
1252 0.991062 
155 0.990545 
528 0.988573 
805 0.987904 
1402 0.986278 
675 0.984447 
1368 0.983414 
246 0.982260 
1274 0.973736 
1216 0.972031 
1065 0.971660 
1416 0.971383 
1013 0.969636 
1105 0.965992 
841 0.964522 
100 0.963546 
844 0.962483 
689 0.959564 
271 0.959030 
214 0.954778 
856 0.951489 
205 0.950529 
1207 0.945387 
461 0.940906 
1139 0.940319 
573 0.933384 
111 0.932128 
967 0.929290 
274 0.929108 
472 0.926704 
1118 0.925734 
1236 0.924970 
258 0.923950 
1190 0.921470 
288 0.921364 
1256 0.914996 
1051 0.912722 
70 0.911639 
868 0.905755 
242 0.905451 
63 0.904988 
622 0.899130 
590 0.898393 
453 0.893754 
826 0.888727 
1331 0.888170 
1009 0.886522 
850 0.879676 
194 0.879522 
1178 0.879333 
467 0.879214 
296 0.878207 
352 0.874483 
893 0.873440 
748 0.873236 
587 0.870997 
1004 0.870263 
1214 0.869506 
969 0.869391 
1426 0.866112 
1138 0.863587 
1325 0.862072 
228 0.861234 
785 0.859586 
1334 0.858823 
800 0.853603 
267 0.853153 
795 0.849396 
230 0.844756 
517 0.843492 
1153 0.840813 
1341 0.838481 
475 0.834050 
981 0.828076 
848 0.824209 
1075 0.823547 
328 0.822201 
147 0.820796 
706 0.820292 
1238 0.816691 
1112 0.814403 
1410 0.812384 
93 0.811970 
1077 0.804786 
1 0.803393 
47 0.800349 
958 0.799702 
1233 0.799694 
638 0.798065 
834 0.797920 
319 0.795341 
869 0.794720 
1378 0.794200 
676 0.791133 
620 0.790638 
968 0.790187 
531 0.788849 
829 0.786434 
936 0.780712 
385 0.776673 
78 0.774605 
1321 0.772341 
108 0.769606 
97 0.769467 
20 0.762501 
704 0.759007 
335 0.757590 
208 0.755660 
810 0.751403 
215 0.751065 
934 0.750620 
566 0.749605 
476 0.747135 
1104 0.745346 
603 0.743158 
1444 0.742236 
1053 0.741511 
255 0.738568 
459 0.737950 
35 0.737375 
643 0.733319 
898 0.732374 
185 0.724226 
143 0.724119 
764 0.723158 
1070 0.720291 
129 0.715939 
1351 0.715627 
1061 0.714746 
55 0.714611 
1043 0.714561 
159 0.709058 
1298 0.707949 
76 0.707600 
690 0.707154 
403 0.706211 
248 0.705097 
492 0.704914 
364 0.699013 
1429 0.697002 
333 0.695431 
1234 0.692668 
1244 0.689644 
965 0.683824 
437 0.682379 
904 0.680435 
213 0.678967 
198 0.678616 
1289 0.675662 
717 0.671393 
325 0.671161 
950 0.670994 
1005 0.669889 
1201 0.667328 
287 0.665506 
579 0.663163 
1222 0.645386 
1375 0.644927 
1099 0.643978 
1303 0.642639 
1058 0.641835 
732 0.637868 
238 0.632909 
204 0.632224 
1311 0.627408 
551 0.624899 
1384 0.623806 
54 0.621556 
532 0.616682 
1072 0.613258 
767 0.610061 
740 0.606204 
1119 0.605781 
471 0.604650 
386 0.600534 
840 0.589232 
855 0.582620 
1206 0.581463 
193 0.578534 
609 0.577160 
420 0.576984 
751 0.575172 
779 0.572866 
881 0.561970 
1337 0.561280 
926 0.560727 
16 0.555857 
435 0.555828 
118 0.550866 
1156 0.541470 
210 0.538697 
436 0.536567 
1381 0.535644 
931 0.534612 
876 0.534373 
57 0.532626 
1149 0.531456 
270 0.526120 
1140 0.523370 
835 0.521708 
177 0.521656 
859 0.520901 
595 0.516124 
1284 0.515957 
1319 0.515893 
1177 0.512424 
186 0.511185 
299 0.509676 
1020 0.509587 
464 0.508043 
303 0.506206 
222 0.504948 
824 0.504246 
122 0.500935 
760 0.497057 
404 0.495360 
1346 0.494669 
1154 0.493613 
594 0.489813 
1292 0.484786 
1078 0.484764 
1281 0.482223 
490 0.481755 
964 0.480812 
347 0.480205 
278 0.478213 
977 0.477390 
1221 0.477146 
196 0.472231 
1174 0.468489 
791 0.458756 
972 0.458208 
1135 0.448586 
861 0.448056 
1399 0.447705 
123 0.447513 
599 0.446646 
1302 0.446641 
891 0.445845 
64 0.440425 
414 0.439750 
496 0.437680 
225 0.431101 
346 0.426672 
640 0.415559 
1279 0.409475 
1333 0.408770 
870 0.406327 
1173 0.406092 
98 0.403612 
486 0.402792 
392 0.402575 
1296 0.395522 
1094 0.394888 
879 0.393972 
1016 0.392726 
1313 0.389562 
1144 0.386867 
1228 0.384539 
686 0.381113 
202 0.379384 
558 0.368956 
521 0.366415 
1117 0.359626 
381 0.358109 
933 0.355696 
1435 0.351079 
65 0.340573 
329 0.339572 
211 0.338080 
290 0.336517 
781 0.334436 
654 0.333360 
1096 0.330080 
979 0.328233 
1148 0.322892 
1224 0.319478 
635 0.318589 
993 0.316633 
600 0.315119 
996 0.311288 
867 0.310566 
1015 0.304164 
1270 0.303446 
1354 0.296570 
628 0.296158 
88 0.294727 
1084 0.289203 
442 0.284763 
40 0.282356 
460 0.278691 
448 0.277703 
912 0.273425 
206 0.268612 
1087 0.264504 
882 0.261183 
650 0.259592 
651 0.257510 
1088 0.256560 
1430 0.256379 
1170 0.254143 
553 0.242898 
1030 0.240896 
1264 0.239747 
1275 0.237127 
504 0.236498 
320 0.232414 
626 0.230638 
502 0.230437 
71 0.224852 
747 0.223152 
978 0.218299 
703 0.214777 
2 0.212015 
83 0.200159 
410 0.199166 
860 0.195918 
1414 0.194533 
190 0.187786 
127 0.185704 
1090 0.185142 
568 0.181861 
698 0.180964 
1226 0.173468 
949 0.171144 
1407 0.170976 
499 0.167019 
102 0.166173 
1340 0.164256 
1074 0.156584 
823 0.153886 
341 0.149162 
960 0.146281 
373 0.143083 
372 0.131710 
1022 0.124108 
756 0.121060 
146 0.115572 
512 0.110766 
1383 0.110359 
417 0.104565 
1397 0.104214 
657 0.100041 
340 0.097935 
505 0.092834 
1251 0.088474 
315 0.086702 
231 0.083602 
849 0.082198 
576 0.080598 
925 0.072074 
493 0.068403 
219 0.065633 
559 0.063347 
1192 0.063012 
574 0.062218 
138 0.061723 
611 0.061662 
608 0.059959 
15 0.055918 
792 0.052607 
1191 0.050446 
1225 0.049667 
1164 0.046059 
1219 0.043772 
1403 0.040967 
1127 0.036557 
663 0.034592 
1111 0.029748 
500 0.029551 
617 0.027725 
561 0.023792 
721 0.021629 
695 0.020951 
734 0.019772 
943 0.015697 
38 0.007117 
423 0.006674 
19 0.003087 
1350 0.000809 
985 -0.000173 
482 -0.010969 
509 -0.018784 
909 -0.020961 
586 -0.025189 
584 -0.030786 
26 -0.031681 
339 -0.037784 
365 -0.048733 
737 -0.051053 
307 -0.051449 
1364 -0.053145 
1186 -0.056969 
1411 -0.058131 
1438 -0.059366 
34 -0.061817 
1130 -0.064756 
457 -0.067827 
1390 -0.071207 
1133 -0.071434 
173 -0.073307 
343 -0.074747 
391 -0.077379 
1417 -0.082653 
336 -0.083332 
374 -0.085039 
1134 -0.092619 
837 -0.095725 
709 -0.096437 
234 -0.101162 
766 -0.103299 
1259 -0.103534 
112 -0.104808 
534 -0.109502 
380 -0.112084 
1261 -0.120195 
1002 -0.121316 
545 -0.122250 
241 -0.123367 
1344 -0.125025 
662 -0.141752 
468 -0.143335 
726 -0.144463 
986 -0.150082 
1268 -0.153704 
1137 -0.155225 
1007 -0.160000 
139 -0.166306 
166 -0.167754 
491 -0.168537 
768 -0.169562 
354 -0.176213 
713 -0.186224 
1028 -0.196616 
1183 -0.197128 
462 -0.203785 
1310 -0.210006 
326 -0.211796 
1355 -0.219491 
79 -0.228842 
1441 -0.234013 
370 -0.235316 
62 -0.245991 
1347 -0.267389 
896 -0.267894 
917 -0.269484 
1076 -0.279206 
565 -0.279264 
350 -0.281788 
537 -0.285263 
171 -0.297419 
1356 -0.306825 
601 -0.309736 
45 -0.312903 
1143 -0.317578 
1033 -0.323015 
884 -0.331753 
1160 -0.349726 
1437 -0.350040 
1389 -0.358754 
988 -0.372505 
239 -0.377793 
1237 -0.388942 
1434 -0.392946 
1024 -0.413029 
1380 -0.414564 
612 -0.428927 
1114 -0.450754 
1196 -0.464819 
161 -0.486772 
452 -0.491258 
1066 -0.528563 
10 -0.531462 
799 -0.538205 
1329 -0.563283 
813 -0.570982 
604 -0.606466 
1442 -0.634640 
1223 -0.636655 
1366 -0.663219 
755 -0.706515 
1339 -0.733729 
133 -0.776398 
180 -0.785670 
400 -0.813324 
431 -0.854726 
1295 -0.875936 
74 -0.902387 
1312 -0.911295 
946 -0.927377 
134 -0.957329 
746 -0.986322 
822 -0.990091 
253 -0.995311 
845 -1.001643 
124 -1.040075 
444 -1.057744 
1253 -1.065871 
310 -1.097719 
997 -1.113058 
240 -1.117105 
1320 -1.117197 
597 -1.122074 
434 -1.129277 
1361 -1.132295 
554 -1.141589 
619 -1.155648 
742 -1.163718 
877 -1.167710 
1128 -1.180218 
483 -1.180486 
1019 -1.186505 
752 -1.207522 
30 -1.220259 
819 -1.224898 
1059 -1.229638 
681 -1.230382 
906 -1.244939 
484 -1.255050 
1276 -1.260061 
192 -1.262974 
89 -1.276119 
220 -1.282405 
596 -1.286710 
875 -1.288595 
131 -1.309652 
1102 -1.313908 
641 -1.316760 
443 -1.323486 
1374 -1.325372 
110 -1.326400 
991 -1.331845 
982 -1.336067 
314 -1.343979 
1250 -1.345984 
425 -1.349491 
183 -1.358727 
1121 -1.362756 
285 -1.364937 
357 -1.365201 
1243 -1.371392 
216 -1.375389 
918 -1.375837 
361 -1.376254 
1386 -1.377679 
971 -1.381212 
563 -1.383870 
1231 -1.384949 
233 -1.389986 
260 -1.399475 
283 -1.410874 
396 -1.415250 
636 -1.427532 
1100 -1.442003 
1395 -1.445752 
318 -1.446535 
1357 -1.456199 
546 -1.459244 
142 -1.466960 
633 -1.470114 
727 -1.480395 
589 -1.482579 
718 -1.484638 
1068 -1.489821 
107 -1.493113 
716 -1.497168 
1422 -1.501921 
540 -1.507035 
804 -1.512879 
957 -1.515620 
1204 -1.522252 
201 -1.522449 
525 -1.524297 
1110 -1.526375 
1427 -1.531076 
1032 -1.531805 
730 -1.535135 
888 -1.546043 
908 -1.549227 
953 -1.551957 
308 -1.554456 
1082 -1.555132 
1260 -1.556133 
526 -1.564279 
447 -1.569561 
627 -1.574396 
1323 -1.579276 
705 -1.586867 
1307 -1.587129 
864 -1.592744 
1021 -1.597694 
1046 -1.600440 
1071 -1.605333 
873 -1.605649 
9 -1.610135 
176 -1.610635 
1306 -1.613406 
683 -1.624240 
56 -1.625336 
1415 -1.633597 
1440 -1.637537 
387 -1.641417 
780 -1.647074 
962 -1.660039 
412 -1.662218 
1376 -1.666015 
1158 -1.672811 
1182 -1.673118 
652 -1.674651 
1379 -1.675099 
175 -1.680359 
1093 -1.680746 
249 -1.692491 
684 -1.697282 
81 -1.698251 
86 -1.704879 
395 -1.717868 
1120 -1.722186 
674 -1.722930 
560 -1.724541 
828 -1.724967 
1011 -1.725059 
1436 -1.728488 
322 -1.731751 
1208 -1.732811 
424 -1.746673 
984 -1.747416 
13 -1.761170 
135 -1.772106 
1008 -1.775140 
164 -1.777246 
519 -1.790138 
549 -1.811908 
1113 -1.815289 
1283 -1.822913 
114 -1.824606 
294 -1.825595 
672 -1.825744 
251 -1.827347 
116 -1.832148 
252 -1.838703 
421 -1.846022 
5 -1.849440 
901 -1.853304 
892 -1.854646 
1385 -1.856400 
1125 -1.863462 
655 -1.864918 
729 -1.865908 
390 -1.867680 
1123 -1.875671 
455 -1.877245 
852 -1.880224 
952 -1.880668 
802 -1.886766 
645 -1.887487 
235 -1.890784 
728 -1.897360 
144 -1.897622 
710 -1.899554 
1000 -1.904608 
276 -1.905600 
415 -1.923074 
1001 -1.929092 
629 -1.944453 
1424 -1.949355 
106 -1.949511 
720 -1.953706 
117 -1.955603 
897 -1.956657 
743 -1.956924 
930 -1.957880 
714 -1.963723 
53 -1.964059 
915 -1.970309 
429 -1.978590 
1372 -1.984051 
1212 -1.984134 
577 -1.990006 
1141 -1.991992 
863 -1.992968 
1247 -1.993620 
1412 -1.999321 
1155 -2.004323 
140 -2.005389 
96 -2.006148 
1409 -2.016303 
22 -2.023692 
667 -2.025329 
1195 -2.042427 
1360 -2.043009 
1235 -2.047316 
1200 -2.048704 
538 -2.050749 
907 -2.051000 
1370 -2.052650 
1014 -2.059399 
614 -2.062540 
1423 -2.063058 
735 -2.065476 
605 -2.068169 
853 -2.076118 
782 -2.083224 
995 -2.083296 
1343 -2.086756 
924 -2.087804 
564 -2.089095 
405 -2.096620 
929 -2.096663 
1049 -2.102928 
945 -2.107478 
1185 -2.124871 
439 -2.125571 
923 -2.127023 
825 -2.127390 
632 -2.127722 
1338 -2.132841 
833 -2.134785 
487 -2.136417 
842 -2.148987 
899 -2.151496 
449 -2.179335 
1050 -2.180671 
1146 -2.180855 
1035 -2.183385 
1045 -2.188568 
1163 -2.188860 
427 -2.195806 
465 -2.196674 
866 -2.198899 
302 -2.210163 
738 -2.215254 
520 -2.217365 
1199 -2.217382 
349 -2.219170 
544 -2.231282 
692 -2.233514 
23 -2.240189 
401 -2.244193 
1064 -2.249560 
694 -2.262114 
790 -2.275296 
1404 -2.285741 
137 -2.290359 
994 -2.291099 
132 -2.329988 
616 -2.351295 
754 -2.382986 
69 -2.391920 
1034 -2.392536 
306 -2.419969 
914 -2.421417 
466 -2.437822 
1286 -2.442323 
990 -2.445486 
1025 -2.449430 
1398 -2.450709 
989 -2.461459 
327 -2.482539 
67 -2.490566 
1171 -2.573374 
625 -2.589141 
46 -2.593766 
975 -2.610118 
458 -2.622155 
1353 -2.666747 
883 -2.707854 
383 -2.770249 
1373 -2.772928 
966 -2.797255 
191 -2.851984 
1152 -2.855142 
229 -2.855387 
851 -2.982279 
256 -3.024200 
454 -3.068840 
610 -3.083121 
