3175 1
711 0.485925 
3115 0.485925 
2882 0.485925 
3122 0.485925 
309 0.485925 
2099 0.485925 
33 0.485925 
2044 0.485925 
1718 0.485925 
1694 0.485925 
656 0.485925 
2684 0.485157 
2304 0.485157 
2305 0.485157 
2306 0.485157 
2513 0.485157 
2514 0.485157 
2515 0.485157 
2629 0.485157 
2630 0.485157 
706 0.485157 
1127 0.485157 
1126 0.485157 
705 0.485157 
2686 0.485157 
2688 0.485157 
708 0.485157 
1125 0.485157 
2743 0.485157 
2844 0.485157 
709 0.485157 
2899 0.485157 
2967 0.485157 
3034 0.485157 
917 0.485157 
535 0.485157 
1476 0.485157 
1462 0.485157 
1605 0.485157 
1702 0.485157 
1557 0.485157 
763 0.485157 
766 0.485157 
1921 0.485157 
1922 0.485157 
1923 0.485157 
1924 0.485157 
1649 0.485157 
534 0.485157 
533 0.485157 
1925 0.485157 
1926 0.485157 
1928 0.485157 
1929 0.485157 
1983 0.485157 
1986 0.485157 
1521 0.485157 
704 0.485157 
916 0.485157 
918 0.485157 
271 0.477620 
101 0.477620 
129 0.477620 
164 0.477620 
200 0.477620 
232 0.477620 
300 0.477620 
30 0.477620 
62 0.477620 
1438 0.477620 
3116 0.476295 
1622 0.476295 
2773 0.476295 
3153 0.476295 
125 0.476295 
1716 0.476295 
1712 0.476295 
73 0.476295 
1873 0.468873 
698 0.468873 
2087 0.468873 
2965 0.468873 
699 0.468873 
2086 0.468873 
2088 0.468873 
700 0.468873 
2624 0.468873 
1555 0.468873 
2623 0.468873 
1872 0.468873 
1870 0.468873 
1868 0.468873 
3032 0.468873 
911 0.468873 
1915 0.468873 
2680 0.468873 
2300 0.468873 
2509 0.468873 
2299 0.468873 
910 0.468873 
2897 0.468873 
1700 0.468873 
2298 0.468873 
1647 0.468873 
2682 0.468873 
1916 0.468873 
2842 0.468873 
2678 0.468873 
1917 0.468873 
2508 0.468873 
2507 0.468873 
1120 0.468873 
1601 0.468873 
2737 0.468873 
1519 0.468873 
1474 0.468873 
912 0.468873 
1930 0.468873 
1458 0.468873 
1119 0.468873 
1121 0.468873 
1927 0.468873 
529 0.468873 
528 0.468873 
527 0.468873 
1108 0.445318 
1053 0.445318 
2441 0.445318 
1585 0.445318 
336 0.445318 
1398 0.445318 
3111 0.445318 
2496 0.445318 
3009 0.445318 
1424 0.445318 
320 0.445318 
11 0.445318 
1682 0.438878 
2018 0.438878 
2410 0.438878 
1593 0.438878 
1023 0.438878 
1024 0.438878 
1288 0.438878 
1286 0.438878 
2196 0.438878 
1835 0.438878 
1836 0.438878 
2195 0.438878 
1022 0.438878 
1230 0.438878 
1284 0.438878 
808 0.438878 
807 0.438878 
2875 0.438878 
632 0.438878 
1837 0.438878 
1633 0.438878 
3001 0.438878 
1229 0.438878 
1228 0.438878 
447 0.438878 
2816 0.438878 
631 0.438878 
448 0.438878 
449 0.438878 
3067 0.438878 
2020 0.438878 
809 0.438878 
2412 0.438878 
630 0.438878 
2411 0.438878 
2932 0.438878 
2197 0.438878 
1343 0.438878 
1554 0.438878 
2019 0.438878 
824 0.438065 
2829 0.438065 
3125 0.438065 
38 0.438065 
2936 0.438065 
1721 0.438065 
108 0.438065 
2267 0.438065 
2212 0.438065 
1415 0.438065 
77 0.438065 
312 0.438065 
879 0.438065 
2991 0.426892 
3170 0.426892 
1397 0.426892 
1567 0.426892 
997 0.426892 
3110 0.426892 
2385 0.426892 
1728 0.426892 
335 0.426892 
10 0.426892 
2771 0.426892 
2440 0.426892 
1052 0.426892 
1511 0.424005 
2192 0.424005 
2193 0.424005 
806 0.424005 
445 0.424005 
2194 0.424005 
2407 0.424005 
1632 0.424005 
1592 0.424005 
2408 0.424005 
2409 0.424005 
1832 0.424005 
1833 0.424005 
3066 0.424005 
446 0.424005 
1834 0.424005 
1281 0.424005 
1681 0.424005 
1020 0.424005 
628 0.424005 
1340 0.424005 
2015 0.424005 
2016 0.424005 
2017 0.424005 
1553 0.424005 
629 0.424005 
627 0.424005 
2931 0.424005 
1021 0.424005 
1285 0.424005 
2815 0.424005 
1019 0.424005 
2874 0.424005 
3000 0.424005 
1227 0.424005 
444 0.424005 
1283 0.424005 
1226 0.424005 
1225 0.424005 
804 0.424005 
805 0.424005 
1722 0.420996 
1459 0.420996 
4 0.420996 
1274 0.415121 
1478 0.415121 
14 0.415121 
1221 0.415121 
339 0.415121 
340 0.415121 
3167 0.415121 
1329 0.415121 
1276 0.415121 
1407 0.415121 
1639 0.415121 
1372 0.415121 
1374 0.415121 
3063 0.415121 
2762 0.415121 
1277 0.415121 
3095 0.415121 
2760 0.415121 
1658 0.393786 
1412 0.393786 
307 0.393786 
171 0.371082 
495 0.371082 
2258 0.371082 
2952 0.371082 
2831 0.371082 
869 0.371082 
1447 0.371082 
870 0.371082 
871 0.371082 
496 0.371082 
1884 0.371082 
1883 0.371082 
1882 0.371082 
2259 0.371082 
2261 0.371082 
494 0.371082 
241 0.371082 
3019 0.371082 
2466 0.371082 
2257 0.371082 
2467 0.371082 
2468 0.371082 
1080 0.371082 
1427 0.371082 
1079 0.371082 
1078 0.371082 
278 0.371082 
136 0.371082 
207 0.371082 
233 0.366934 
2043 0.359929 
308 0.359929 
600 0.359929 
32 0.359929 
1676 0.359929 
655 0.359929 
2864 0.359929 
3121 0.359929 
1988 0.359929 
724 0.355946 
726 0.355946 
987 0.355946 
929 0.355946 
2113 0.355946 
1137 0.355946 
1138 0.355946 
3038 0.355946 
1139 0.355946 
1482 0.355946 
1609 0.355946 
933 0.355946 
2755 0.355946 
932 0.355946 
930 0.355946 
2112 0.355946 
1653 0.355946 
725 0.355946 
2525 0.355946 
2905 0.355946 
1706 0.355946 
2526 0.355946 
2642 0.355946 
2641 0.355946 
1466 0.355946 
2696 0.355946 
2971 0.355946 
2698 0.355946 
2700 0.355946 
2114 0.355946 
928 0.355946 
1525 0.355946 
2527 0.355946 
1561 0.355946 
990 0.355946 
488 0.347227 
3101 0.347227 
1876 0.347227 
54 0.347227 
71 0.347227 
3119 0.347227 
548 0.347227 
2828 0.347227 
543 0.347227 
1881 0.347227 
493 0.347227 
1729 0.347227 
1388 0.347227 
1568 0.347227 
1931 0.347227 
1936 0.347227 
326 0.347227 
1713 0.347227 
2722 0.334536 
1263 0.334536 
480 0.334536 
1262 0.334536 
850 0.334536 
848 0.334536 
2827 0.334536 
1261 0.334536 
539 0.334536 
542 0.334536 
1317 0.334536 
849 0.334536 
2607 0.334536 
1695 0.334536 
1324 0.334536 
1321 0.334536 
1319 0.334536 
2236 0.334536 
3078 0.334536 
2237 0.334536 
2606 0.334536 
2238 0.334536 
2945 0.334536 
2661 0.334536 
485 0.334536 
484 0.334536 
2663 0.334536 
482 0.334536 
481 0.334536 
2667 0.334536 
2775 0.329597 
1735 0.329597 
3171 0.329597 
1386 0.329597 
347 0.329597 
1411 0.329597 
337 0.329109 
1442 0.329109 
1109 0.329109 
1603 0.329109 
1164 0.329109 
12 0.329109 
3112 0.329109 
2552 0.329109 
2497 0.329109 
3027 0.329109 
321 0.329109 
1399 0.329109 
2846 0.327141 
3120 0.327141 
549 0.327141 
3102 0.327141 
1992 0.327141 
599 0.327141 
1987 0.327141 
72 0.327141 
544 0.327141 
1384 0.327141 
1389 0.327141 
1714 0.327141 
89 0.327141 
1937 0.327141 
1932 0.327141 
69 0.327141 
3173 0.327141 
1586 0.327141 
3098 0.327141 
68 0.327141 
2772 0.327141 
1420 0.304076 
2216 0.304076 
3026 0.304076 
331 0.304076 
82 0.304076 
110 0.304076 
1159 0.304076 
3106 0.304076 
2547 0.304076 
317 0.304076 
828 0.304076 
250 0.304076 
1393 0.304076 
213 0.304076 
1104 0.304076 
2492 0.304076 
198 0.304076 
2161 0.304076 
181 0.304076 
2919 0.304076 
3130 0.304076 
773 0.304076 
43 0.304076 
145 0.304076 
1130 0.283486 
2103 0.283486 
536 0.283486 
2102 0.283486 
537 0.283486 
538 0.283486 
540 0.283486 
2101 0.283486 
541 0.283486 
920 0.283486 
1463 0.283486 
1128 0.283486 
2516 0.283486 
2517 0.283486 
598 0.283486 
2902 0.283486 
1522 0.283486 
2632 0.283486 
2633 0.283486 
1129 0.283486 
2518 0.283486 
2968 0.283486 
2691 0.283486 
2689 0.283486 
1606 0.283486 
2687 0.283486 
1703 0.283486 
714 0.283486 
715 0.283486 
1479 0.283486 
921 0.283486 
2307 0.283486 
2308 0.283486 
2309 0.283486 
595 0.283486 
1558 0.283486 
2746 0.283486 
2845 0.283486 
713 0.283486 
919 0.283486 
1650 0.283486 
3035 0.283486 
1760 0.279856 
260 0.279856 
51 0.279856 
1764 0.279856 
2733 0.279856 
21 0.279856 
2735 0.279856 
2781 0.279856 
3158 0.279856 
189 0.279856 
291 0.279856 
1345 0.279856 
153 0.279856 
3086 0.279856 
92 0.279856 
3140 0.279856 
223 0.279856 
1347 0.279856 
118 0.279856 
376 0.279856 
372 0.279856 
2757 0.271950 
3094 0.271950 
199 0.271950 
29 0.271950 
231 0.271950 
100 0.271950 
268 0.271950 
3166 0.271950 
128 0.271950 
61 0.271950 
1371 0.271950 
1369 0.271950 
299 0.271950 
2759 0.271950 
163 0.271950 
264 0.268886 
227 0.268886 
2785 0.268886 
193 0.268886 
3162 0.268886 
157 0.268886 
122 0.268886 
96 0.268886 
3090 0.268886 
392 0.268886 
1784 0.268886 
1780 0.268886 
295 0.268886 
1357 0.268886 
1359 0.268886 
3144 0.268886 
57 0.268886 
396 0.268886 
2745 0.268886 
2747 0.268886 
25 0.268886 
97 0.261537 
296 0.261537 
58 0.261537 
3145 0.261537 
397 0.261537 
401 0.261537 
3091 0.261537 
1785 0.261537 
1789 0.261537 
123 0.261537 
3163 0.261537 
228 0.261537 
26 0.261537 
2786 0.261537 
2750 0.261537 
2748 0.261537 
194 0.261537 
265 0.261537 
1362 0.261537 
1360 0.261537 
158 0.261537 
1748 0.256877 
749 0.256877 
1747 0.256877 
748 0.256877 
750 0.256877 
358 0.256877 
1746 0.256877 
1170 0.256877 
360 0.256877 
359 0.256877 
1535 0.256877 
2913 0.256877 
2557 0.256877 
2558 0.256877 
2559 0.256877 
1171 0.256877 
2982 0.256877 
1169 0.256877 
2613 0.256877 
1614 0.256877 
573 0.256877 
2856 0.256877 
2797 0.256877 
1574 0.256877 
1492 0.256877 
2136 0.256877 
572 0.256877 
571 0.256877 
963 0.256877 
1959 0.256877 
1960 0.256877 
1961 0.256877 
964 0.256877 
1663 0.256877 
2137 0.256877 
2138 0.256877 
965 0.256877 
3048 0.256877 
2351 0.256877 
2352 0.256877 
2353 0.256877 
305 0.251734 
2 0.251734 
2723 0.242429 
86 0.242429 
3082 0.242429 
3154 0.242429 
1335 0.242429 
1333 0.242429 
114 0.242429 
3114 0.242429 
149 0.242429 
356 0.242429 
352 0.242429 
3113 0.242429 
185 0.242429 
3136 0.242429 
219 0.242429 
2777 0.242429 
47 0.242429 
1740 0.242429 
1744 0.242429 
285 0.242429 
256 0.242429 
270 0.242429 
2721 0.242429 
2452 0.242352 
2947 0.242352 
2242 0.242352 
2243 0.242352 
2244 0.242352 
2451 0.242352 
2453 0.242352 
302 0.242352 
3014 0.242352 
273 0.242352 
131 0.242352 
103 0.242352 
854 0.242352 
855 0.242352 
856 0.242352 
236 0.242352 
1065 0.242352 
202 0.242352 
1064 0.242352 
166 0.242352 
1063 0.242352 
1808 0.242352 
1871 0.242352 
1874 0.242352 
1813 0.242352 
1812 0.242352 
1440 0.242352 
1806 0.242352 
64 0.242352 
1799 0.229353 
267 0.229353 
230 0.229353 
2756 0.229353 
2754 0.229353 
160 0.229353 
2788 0.229353 
99 0.229353 
1795 0.229353 
3093 0.229353 
298 0.229353 
196 0.229353 
127 0.229353 
28 0.229353 
3165 0.229353 
1368 0.229353 
407 0.229353 
411 0.229353 
3147 0.229353 
1366 0.229353 
60 0.229353 
55 0.225568 
155 0.225568 
3088 0.225568 
120 0.225568 
1774 0.225568 
94 0.225568 
2783 0.225568 
1770 0.225568 
3160 0.225568 
23 0.225568 
1353 0.225568 
1351 0.225568 
386 0.225568 
382 0.225568 
3142 0.225568 
293 0.225568 
262 0.225568 
2739 0.225568 
2741 0.225568 
225 0.225568 
191 0.225568 
1404 0.194505 
3174 0.194505 
269 0.194505 
192 0.177835 
263 0.177835 
3143 0.177835 
56 0.177835 
1775 0.177835 
1779 0.177835 
3089 0.177835 
294 0.177835 
2784 0.177835 
95 0.177835 
121 0.177835 
1356 0.177835 
1354 0.177835 
387 0.177835 
156 0.177835 
391 0.177835 
2742 0.177835 
3161 0.177835 
2744 0.177835 
226 0.177835 
24 0.177835 
2890 0.155985 
2278 0.155985 
2277 0.155985 
2065 0.155985 
889 0.155985 
2835 0.155985 
890 0.155985 
506 0.155985 
507 0.155985 
2479 0.155985 
1092 0.155985 
508 0.155985 
2066 0.155985 
3023 0.155985 
1894 0.155985 
1895 0.155985 
1896 0.155985 
2067 0.155985 
1431 0.155985 
175 0.155985 
245 0.155985 
1451 0.155985 
891 0.155985 
282 0.155985 
677 0.155985 
678 0.155985 
2279 0.155985 
2958 0.155985 
679 0.155985 
1091 0.155985 
1090 0.155985 
2478 0.155985 
211 0.155985 
2480 0.155985 
2922 0.154546 
2578 0.154546 
2165 0.154546 
2166 0.154546 
2167 0.154546 
1046 0.154546 
1043 0.154546 
1190 0.154546 
2989 0.154546 
1542 0.154546 
393 0.154546 
394 0.154546 
395 0.154546 
1502 0.154546 
1670 0.154546 
651 0.154546 
1623 0.154546 
1781 0.154546 
1782 0.154546 
1783 0.154546 
2634 0.154546 
597 0.154546 
596 0.154546 
594 0.154546 
593 0.154546 
592 0.154546 
2804 0.154546 
1581 0.154546 
2863 0.154546 
3055 0.154546 
984 0.154546 
985 0.154546 
986 0.154546 
988 0.154546 
989 0.154546 
2580 0.154546 
654 0.154546 
1191 0.154546 
1192 0.154546 
2579 0.154546 
777 0.154546 
778 0.154546 
779 0.154546 
215 0.152752 
601 0.141049 
1991 0.141049 
1990 0.141049 
1989 0.141049 
2581 0.141049 
2582 0.141049 
2583 0.141049 
3056 0.141049 
1788 0.141049 
2805 0.141049 
1787 0.141049 
399 0.141049 
602 0.141049 
2637 0.141049 
603 0.141049 
1786 0.141049 
1671 0.141049 
1624 0.141049 
1582 0.141049 
1503 0.141049 
1543 0.141049 
1193 0.141049 
398 0.141049 
400 0.141049 
2923 0.141049 
2383 0.141049 
2382 0.141049 
2381 0.141049 
2992 0.141049 
995 0.141049 
2170 0.141049 
2168 0.141049 
782 0.141049 
781 0.141049 
2866 0.141049 
2169 0.141049 
780 0.141049 
993 0.141049 
994 0.141049 
1195 0.141049 
1194 0.141049 
1514 0.130397 
16 0.130397 
2790 0.130397 
3152 0.130397 
3150 0.130397 
3149 0.130397 
3097 0.130397 
2768 0.130397 
1378 0.130397 
1380 0.130397 
1809 0.130397 
1381 0.130397 
1383 0.130397 
421 0.130397 
417 0.130397 
1805 0.130397 
1423 0.130397 
1675 0.130397 
2766 0.130397 
2769 0.130397 
1725 0.124807 
7 0.124807 
1513 0.124807 
1723 0.116459 
1477 0.116459 
5 0.116459 
1807 0.113045 
2001 0.113045 
2000 0.113045 
1587 0.113045 
1546 0.113045 
1674 0.113045 
1506 0.113045 
1803 0.113045 
1802 0.113045 
3059 0.113045 
1801 0.113045 
1627 0.113045 
2542 0.113045 
2646 0.113045 
2602 0.113045 
2599 0.113045 
2592 0.113045 
2808 0.113045 
2591 0.113045 
2590 0.113045 
1202 0.113045 
1203 0.113045 
2869 0.113045 
1204 0.113045 
2545 0.113045 
2544 0.113045 
2002 0.113045 
2540 0.113045 
2394 0.113045 
2926 0.113045 
2393 0.113045 
2392 0.113045 
1006 0.113045 
1005 0.113045 
1004 0.113045 
2995 0.113045 
2179 0.113045 
2178 0.113045 
2177 0.113045 
612 0.113045 
791 0.113045 
790 0.113045 
789 0.113045 
613 0.113045 
614 0.113045 
415 0.113045 
413 0.113045 
414 0.113045 
469 0.110590 
2226 0.110590 
2941 0.110590 
470 0.110590 
2047 0.110590 
2046 0.110590 
2045 0.110590 
1858 0.110590 
1857 0.110590 
468 0.110590 
2224 0.110590 
2225 0.110590 
838 0.110590 
2884 0.110590 
1051 0.110590 
1050 0.110590 
1049 0.110590 
2437 0.110590 
2438 0.110590 
2439 0.110590 
2823 0.110590 
1642 0.110590 
1305 0.110590 
1307 0.110590 
1309 0.110590 
1251 0.110590 
1250 0.110590 
1249 0.110590 
1364 0.110590 
1596 0.110590 
3010 0.110590 
659 0.110590 
658 0.110590 
657 0.110590 
1689 0.110590 
3074 0.110590 
836 0.110590 
837 0.110590 
1856 0.110590 
1495 0.107613 
1724 0.107613 
6 0.107613 
1441 0.105343 
3 0.105343 
1875 0.105343 
3118 0.105343 
2720 0.099259 
74 0.099259 
341 0.099259 
3081 0.099259 
2719 0.099259 
143 0.099259 
1403 0.099259 
1332 0.099259 
1640 0.099259 
1331 0.099259 
1717 0.099259 
1402 0.099259 
2519 0.091716 
2848 0.091716 
3036 0.091716 
547 0.091716 
2520 0.091716 
2521 0.091716 
1704 0.091716 
1464 0.091716 
1651 0.091716 
1935 0.091716 
2310 0.091716 
2311 0.091716 
2312 0.091716 
2108 0.091716 
2107 0.091716 
2106 0.091716 
2969 0.091716 
2903 0.091716 
1133 0.091716 
1934 0.091716 
1933 0.091716 
545 0.091716 
546 0.091716 
720 0.091716 
1131 0.091716 
1132 0.091716 
1480 0.091716 
1607 0.091716 
718 0.091716 
922 0.091716 
1523 0.091716 
2690 0.091716 
719 0.091716 
923 0.091716 
2692 0.091716 
2636 0.091716 
2635 0.091716 
1559 0.091716 
2694 0.091716 
2749 0.091716 
924 0.091716 
0 0.090534 
1409 0.090534 
1939 0.087035 
925 0.087035 
2111 0.087035 
2110 0.087035 
1560 0.087035 
2752 0.087035 
2904 0.087035 
722 0.087035 
2109 0.087035 
927 0.087035 
1938 0.087035 
2317 0.087035 
926 0.087035 
1940 0.087035 
2970 0.087035 
1481 0.087035 
1524 0.087035 
2313 0.087035 
2314 0.087035 
721 0.087035 
2315 0.087035 
1652 0.087035 
1705 0.087035 
1608 0.087035 
2524 0.087035 
2523 0.087035 
2522 0.087035 
723 0.087035 
3037 0.087035 
2639 0.087035 
2638 0.087035 
1465 0.087035 
552 0.087035 
551 0.087035 
550 0.087035 
1136 0.087035 
1135 0.087035 
1134 0.087035 
2693 0.087035 
2695 0.087035 
2697 0.087035 
2849 0.087035 
159 0.067413 
59 0.067413 
3092 0.067413 
195 0.067413 
27 0.067413 
98 0.067413 
1363 0.067413 
1790 0.067413 
1794 0.067413 
124 0.067413 
1365 0.067413 
3164 0.067413 
3146 0.067413 
2751 0.067413 
266 0.067413 
297 0.067413 
2787 0.067413 
229 0.067413 
406 0.067413 
402 0.067413 
2753 0.067413 
1188 0.059264 
1187 0.059264 
1189 0.059264 
2434 0.059264 
2431 0.059264 
2631 0.059264 
2862 0.059264 
776 0.059264 
2377 0.059264 
2376 0.059264 
2374 0.059264 
390 0.059264 
389 0.059264 
1501 0.059264 
388 0.059264 
2988 0.059264 
2577 0.059264 
1669 0.059264 
2576 0.059264 
2575 0.059264 
3054 0.059264 
1776 0.059264 
1777 0.059264 
1778 0.059264 
589 0.059264 
590 0.059264 
591 0.059264 
1620 0.059264 
981 0.059264 
982 0.059264 
1541 0.059264 
774 0.059264 
2369 0.059264 
983 0.059264 
2370 0.059264 
2371 0.059264 
2372 0.059264 
1580 0.059264 
2921 0.059264 
775 0.059264 
1981 0.059264 
1979 0.059264 
1978 0.059264 
1977 0.059264 
2803 0.059264 
2162 0.059264 
2163 0.059264 
2164 0.059264 
2373 0.059264 
3057 0.055703 
1504 0.055703 
2806 0.055703 
1672 0.055703 
2171 0.055703 
608 0.055703 
2584 0.055703 
1544 0.055703 
1583 0.055703 
2585 0.055703 
2586 0.055703 
2640 0.055703 
1196 0.055703 
1197 0.055703 
1198 0.055703 
1625 0.055703 
998 0.055703 
999 0.055703 
1000 0.055703 
606 0.055703 
2172 0.055703 
2924 0.055703 
2173 0.055703 
1996 0.055703 
1995 0.055703 
1994 0.055703 
2867 0.055703 
2386 0.055703 
2387 0.055703 
2388 0.055703 
405 0.055703 
404 0.055703 
403 0.055703 
2993 0.055703 
783 0.055703 
607 0.055703 
785 0.055703 
1793 0.055703 
1791 0.055703 
784 0.055703 
1792 0.055703 
2357 0.045191 
1616 0.045191 
756 0.045191 
1965 0.045191 
1966 0.045191 
1967 0.045191 
370 0.045191 
1576 0.045191 
2359 0.045191 
2358 0.045191 
1176 0.045191 
1537 0.045191 
2915 0.045191 
2142 0.045191 
2799 0.045191 
2143 0.045191 
2144 0.045191 
1497 0.045191 
971 0.045191 
1177 0.045191 
579 0.045191 
578 0.045191 
577 0.045191 
2563 0.045191 
1665 0.045191 
368 0.045191 
2984 0.045191 
2565 0.045191 
2564 0.045191 
970 0.045191 
969 0.045191 
1756 0.045191 
1757 0.045191 
1175 0.045191 
2619 0.045191 
2858 0.045191 
755 0.045191 
1758 0.045191 
754 0.045191 
3050 0.045191 
369 0.045191 
1118 0.036625 
908 0.036625 
1437 0.036625 
907 0.036625 
1457 0.036625 
909 0.036625 
2505 0.036625 
2084 0.036625 
2085 0.036625 
2964 0.036625 
2295 0.036625 
2296 0.036625 
2297 0.036625 
2896 0.036625 
2504 0.036625 
697 0.036625 
2506 0.036625 
2620 0.036625 
2621 0.036625 
2675 0.036625 
2677 0.036625 
2679 0.036625 
2734 0.036625 
1116 0.036625 
1518 0.036625 
696 0.036625 
695 0.036625 
1600 0.036625 
1646 0.036625 
1699 0.036625 
3031 0.036625 
1912 0.036625 
1913 0.036625 
1914 0.036625 
526 0.036625 
525 0.036625 
524 0.036625 
2841 0.036625 
1117 0.036625 
2083 0.036625 
287 0.035766 
1 0.035766 
1817 0.031048 
429 0.031048 
1733 0.031048 
1385 0.031048 
3117 0.031048 
1405 0.031048 
1532 0.031048 
2791 0.031048 
2792 0.031048 
324 0.031048 
1815 0.031048 
1814 0.031048 
426 0.031048 
1810 0.031048 
436 0.031048 
427 0.031048 
3099 0.031048 
345 0.031048 
1824 0.031048 
432 0.031048 
1820 0.031048 
35 0.031048 
431 0.031048 
2774 0.031048 
18 0.031048 
1693 0.031048 
422 0.031048 
2608 0.019095 
1621 0.019095 
2553 0.019095 
13 0.019095 
1220 0.019095 
1400 0.019095 
1165 0.019095 
322 0.019095 
338 0.019095 
3045 0.019095 
1460 0.019095 
2609 0.019095 
2024 0.018996 
1234 0.018996 
1635 0.018996 
1235 0.018996 
2416 0.018996 
2818 0.018996 
1843 0.018996 
1841 0.018996 
2025 0.018996 
2418 0.018996 
1349 0.018996 
2877 0.018996 
3003 0.018996 
2026 0.018996 
3069 0.018996 
2417 0.018996 
1292 0.018996 
2203 0.018996 
1236 0.018996 
2934 0.018996 
2202 0.018996 
2201 0.018996 
2205 0.018996 
636 0.018996 
813 0.018996 
453 0.018996 
637 0.018996 
1290 0.018996 
1684 0.018996 
1294 0.018996 
454 0.018996 
455 0.018996 
1030 0.018996 
814 0.018996 
638 0.018996 
815 0.018996 
1029 0.018996 
1842 0.018996 
1028 0.018996 
1252 0.011570 
1367 0.011570 
3011 0.011570 
2885 0.011570 
839 0.011570 
1597 0.011570 
2229 0.011570 
2228 0.011570 
664 0.011570 
2227 0.011570 
2942 0.011570 
1054 0.011570 
1055 0.011570 
1056 0.011570 
662 0.011570 
473 0.011570 
840 0.011570 
471 0.011570 
2824 0.011570 
1860 0.011570 
3075 0.011570 
472 0.011570 
2051 0.011570 
1861 0.011570 
1859 0.011570 
1312 0.011570 
1310 0.011570 
1308 0.011570 
2050 0.011570 
2442 0.011570 
2443 0.011570 
2444 0.011570 
1690 0.011570 
2052 0.011570 
841 0.011570 
1643 0.011570 
663 0.011570 
1254 0.011570 
1253 0.011570 
860 0.003377 
2949 0.003377 
2711 0.003377 
2712 0.003377 
2713 0.003377 
2457 0.003377 
66 0.003377 
1444 0.003377 
2458 0.003377 
2714 0.003377 
304 0.003377 
2767 0.003377 
238 0.003377 
3016 0.003377 
2459 0.003377 
861 0.003377 
2248 0.003377 
2249 0.003377 
2250 0.003377 
204 0.003377 
168 0.003377 
1069 0.003377 
133 0.003377 
1070 0.003377 
275 0.003377 
2710 0.003377 
862 0.003377 
1071 0.003377 
1010 -0.008135 
433 -0.008135 
2207 -0.008135 
2210 -0.008135 
1589 -0.008135 
1508 -0.008135 
434 -0.008135 
1213 -0.008135 
435 -0.008135 
1212 -0.008135 
1548 -0.008135 
1208 -0.008135 
1209 -0.008135 
2812 -0.008135 
2871 -0.008135 
2184 -0.008135 
1210 -0.008135 
2997 -0.008135 
618 -0.008135 
1011 -0.008135 
2185 -0.008135 
1012 -0.008135 
2183 -0.008135 
797 -0.008135 
796 -0.008135 
1629 -0.008135 
795 -0.008135 
3061 -0.008135 
1823 -0.008135 
2153 -0.008135 
2152 -0.008135 
2150 -0.008135 
2148 -0.008135 
2006 -0.008135 
2007 -0.008135 
2008 -0.008135 
2400 -0.008135 
2398 -0.008135 
2399 -0.008135 
620 -0.008135 
1678 -0.008135 
1267 -0.008135 
1822 -0.008135 
1270 -0.008135 
2928 -0.008135 
619 -0.008135 
1821 -0.008135 
1732 -0.010869 
2092 -0.010869 
3043 -0.010869 
344 -0.010869 
343 -0.010869 
342 -0.010869 
1530 -0.010869 
2129 -0.010869 
1731 -0.010869 
1730 -0.010869 
741 -0.010869 
1487 -0.010869 
2266 -0.010869 
2128 -0.010869 
562 -0.010869 
2127 -0.010869 
2794 -0.010869 
2094 -0.010869 
1660 -0.010869 
563 -0.010869 
2097 -0.010869 
2096 -0.010869 
564 -0.010869 
1214 -0.010869 
2263 -0.010869 
739 -0.010869 
2342 -0.010869 
2343 -0.010869 
2344 -0.010869 
955 -0.010869 
1611 -0.010869 
2209 -0.010869 
956 -0.010869 
2208 -0.010869 
1566 -0.010869 
2206 -0.010869 
2204 -0.010869 
1950 -0.010869 
2910 -0.010869 
740 -0.010869 
1951 -0.010869 
1952 -0.010869 
2853 -0.010869 
2979 -0.010869 
1152 -0.010869 
1153 -0.010869 
2151 -0.010869 
1154 -0.010869 
1211 -0.010869 
1571 -0.010869 
1156 -0.010869 
1471 -0.010869 
1157 -0.010869 
954 -0.010869 
2154 -0.010869 
2474 -0.017545 
280 -0.017545 
2473 -0.017545 
2472 -0.017545 
673 -0.017545 
883 -0.017545 
672 -0.017545 
882 -0.017545 
243 -0.017545 
671 -0.017545 
881 -0.017545 
2061 -0.017545 
2269 -0.017545 
500 -0.017545 
2833 -0.017545 
501 -0.017545 
502 -0.017545 
3021 -0.017545 
138 -0.017545 
1086 -0.017545 
209 -0.017545 
1085 -0.017545 
1084 -0.017545 
2956 -0.017545 
2888 -0.017545 
2271 -0.017545 
1888 -0.017545 
1889 -0.017545 
173 -0.017545 
1890 -0.017545 
2270 -0.017545 
2060 -0.017545 
1449 -0.017545 
1429 -0.017545 
2059 -0.017545 
176 -0.023284 
2155 -0.023284 
767 -0.023284 
2900 -0.023284 
310 -0.023284 
1413 -0.023284 
161 -0.023284 
712 -0.023284 
2793 -0.023284 
2100 -0.023284 
3123 -0.023284 
75 -0.023284 
34 -0.023284 
1719 -0.023284 
371 -0.024264 
2730 -0.024264 
50 -0.024264 
3139 -0.024264 
290 -0.024264 
3157 -0.024264 
152 -0.024264 
20 -0.024264 
2780 -0.024264 
222 -0.024264 
259 -0.024264 
2732 -0.024264 
91 -0.024264 
117 -0.024264 
188 -0.024264 
367 -0.024264 
1759 -0.024264 
1344 -0.024264 
1755 -0.024264 
1342 -0.024264 
3085 -0.024264 
2462 -0.025521 
2461 -0.025521 
169 -0.025521 
1425 -0.025521 
2950 -0.025521 
2460 -0.025521 
67 -0.025521 
3017 -0.025521 
863 -0.025521 
134 -0.025521 
1445 -0.025521 
1072 -0.025521 
2253 -0.025521 
2252 -0.025521 
1073 -0.025521 
864 -0.025521 
276 -0.025521 
205 -0.025521 
2251 -0.025521 
239 -0.025521 
865 -0.025521 
1074 -0.025521 
2039 -0.027881 
1575 -0.027881 
1985 -0.027881 
2561 -0.027881 
1494 -0.027881 
966 -0.027881 
2857 -0.027881 
365 -0.027881 
1984 -0.027881 
364 -0.027881 
967 -0.027881 
2141 -0.027881 
1493 -0.027881 
2140 -0.027881 
2139 -0.027881 
968 -0.027881 
1751 -0.027881 
363 -0.027881 
1752 -0.027881 
1753 -0.027881 
3049 -0.027881 
1664 -0.027881 
1172 -0.027881 
2560 -0.027881 
2562 -0.027881 
1982 -0.027881 
574 -0.027881 
575 -0.027881 
2355 -0.027881 
2354 -0.027881 
2798 -0.027881 
576 -0.027881 
2356 -0.027881 
2914 -0.027881 
1536 -0.027881 
1174 -0.027881 
1173 -0.027881 
751 -0.027881 
752 -0.027881 
2616 -0.027881 
1962 -0.027881 
2983 -0.027881 
1615 -0.027881 
1980 -0.027881 
1963 -0.027881 
753 -0.027881 
1964 -0.027881 
2042 -0.027881 
234 -0.034182 
217 -0.034182 
84 -0.034182 
254 -0.034182 
3132 -0.034182 
1271 -0.034182 
1216 -0.034182 
3151 -0.034182 
45 -0.034182 
3133 -0.034182 
147 -0.034182 
2659 -0.034182 
319 -0.034182 
1422 -0.034182 
1819 -0.034182 
183 -0.034182 
2604 -0.034182 
112 -0.034182 
3062 -0.034182 
37 -0.049615 
823 -0.049615 
1414 -0.049615 
76 -0.049615 
1720 -0.049615 
3124 -0.049615 
90 -0.049615 
2918 -0.049615 
179 -0.049615 
2156 -0.049615 
2811 -0.049615 
768 -0.049615 
2211 -0.049615 
311 -0.049615 
3103 -0.049615 
1919 -0.052536 
1122 -0.052536 
1123 -0.052536 
2301 -0.052536 
2302 -0.052536 
915 -0.052536 
2303 -0.052536 
1918 -0.052536 
1124 -0.052536 
2321 -0.052536 
2089 -0.052536 
2320 -0.052536 
2375 -0.052536 
2090 -0.052536 
2378 -0.052536 
2091 -0.052536 
2318 -0.052536 
2093 -0.052536 
2316 -0.052536 
1920 -0.052536 
530 -0.052536 
531 -0.052536 
532 -0.052536 
2627 -0.052536 
1461 -0.052536 
2898 -0.052536 
701 -0.052536 
2843 -0.052536 
2510 -0.052536 
1475 -0.052536 
1648 -0.052536 
702 -0.052536 
2740 -0.052536 
2966 -0.052536 
1556 -0.052536 
2685 -0.052536 
2683 -0.052536 
2511 -0.052536 
2681 -0.052536 
703 -0.052536 
3033 -0.052536 
2512 -0.052536 
1602 -0.052536 
2626 -0.052536 
1520 -0.052536 
1701 -0.052536 
913 -0.052536 
914 -0.052536 
976 -0.071200 
2570 -0.071200 
977 -0.071200 
2569 -0.071200 
2801 -0.071200 
1183 -0.071200 
1766 -0.071200 
1767 -0.071200 
1768 -0.071200 
2571 -0.071200 
1539 -0.071200 
1578 -0.071200 
2363 -0.071200 
2364 -0.071200 
2625 -0.071200 
2365 -0.071200 
1618 -0.071200 
583 -0.071200 
584 -0.071200 
585 -0.071200 
1971 -0.071200 
378 -0.071200 
379 -0.071200 
3052 -0.071200 
765 -0.071200 
764 -0.071200 
762 -0.071200 
2986 -0.071200 
761 -0.071200 
760 -0.071200 
1667 -0.071200 
1181 -0.071200 
1973 -0.071200 
1972 -0.071200 
380 -0.071200 
1182 -0.071200 
2917 -0.071200 
1499 -0.071200 
975 -0.071200 
822 -0.071200 
819 -0.071200 
2860 -0.071200 
1406 -0.075089 
1410 -0.075089 
1818 -0.085035 
53 -0.085035 
323 -0.085035 
3134 -0.085035 
1811 -0.085035 
36 -0.085035 
492 -0.085035 
1816 -0.085035 
1550 -0.085035 
3100 -0.085035 
1825 -0.085035 
1387 -0.085035 
423 -0.085035 
428 -0.085035 
430 -0.085035 
1880 -0.085035 
2770 -0.085035 
2810 -0.085035 
437 -0.085035 
487 -0.085035 
1711 -0.085035 
325 -0.085035 
65 -0.085552 
203 -0.085552 
1443 -0.085552 
167 -0.085552 
1066 -0.085552 
1067 -0.085552 
1068 -0.085552 
303 -0.085552 
2948 -0.085552 
3015 -0.085552 
132 -0.085552 
274 -0.085552 
859 -0.085552 
2456 -0.085552 
2455 -0.085552 
2454 -0.085552 
858 -0.085552 
237 -0.085552 
2764 -0.085552 
2245 -0.085552 
2246 -0.085552 
2247 -0.085552 
857 -0.085552 
459 -0.089679 
643 -0.089679 
1241 -0.089679 
1847 -0.089679 
1848 -0.089679 
1849 -0.089679 
1242 -0.089679 
2424 -0.089679 
1355 -0.089679 
2423 -0.089679 
3005 -0.089679 
2879 -0.089679 
2215 -0.089679 
2820 -0.089679 
460 -0.089679 
2422 -0.089679 
1035 -0.089679 
1036 -0.089679 
1034 -0.089679 
1686 -0.089679 
461 -0.089679 
825 -0.089679 
1300 -0.089679 
827 -0.089679 
826 -0.089679 
1298 -0.089679 
1637 -0.089679 
2213 -0.089679 
1296 -0.089679 
2214 -0.089679 
2938 -0.089679 
644 -0.089679 
3071 -0.089679 
2032 -0.089679 
2031 -0.089679 
2030 -0.089679 
642 -0.089679 
1240 -0.089679 
1448 -0.090212 
1885 -0.090212 
1887 -0.090212 
2832 -0.090212 
876 -0.090212 
208 -0.090212 
172 -0.090212 
877 -0.090212 
1886 -0.090212 
2887 -0.090212 
1081 -0.090212 
2953 -0.090212 
1428 -0.090212 
2058 -0.090212 
931 -0.090212 
2471 -0.090212 
872 -0.090212 
934 -0.090212 
670 -0.090212 
873 -0.090212 
874 -0.090212 
2056 -0.090212 
2057 -0.090212 
668 -0.090212 
669 -0.090212 
497 -0.090212 
499 -0.090212 
1082 -0.090212 
1083 -0.090212 
242 -0.090212 
137 -0.090212 
279 -0.090212 
2469 -0.090212 
3020 -0.090212 
2470 -0.090212 
498 -0.090212 
2055 -0.091877 
2886 -0.091877 
2054 -0.091877 
2053 -0.091877 
2230 -0.091877 
844 -0.091877 
843 -0.091877 
2231 -0.091877 
2445 -0.091877 
1311 -0.091877 
1313 -0.091877 
2446 -0.091877 
1315 -0.091877 
476 -0.091877 
475 -0.091877 
2447 -0.091877 
474 -0.091877 
2943 -0.091877 
3076 -0.091877 
1257 -0.091877 
1256 -0.091877 
1255 -0.091877 
3012 -0.091877 
1370 -0.091877 
1691 -0.091877 
842 -0.091877 
1057 -0.091877 
1058 -0.091877 
1059 -0.091877 
2232 -0.091877 
2825 -0.091877 
667 -0.091877 
1862 -0.091877 
1863 -0.091877 
1864 -0.091877 
1644 -0.091877 
666 -0.091877 
665 -0.091877 
272 -0.104782 
165 -0.104782 
2450 -0.104782 
235 -0.104782 
1439 -0.104782 
2449 -0.104782 
2448 -0.104782 
3013 -0.104782 
130 -0.104782 
102 -0.104782 
301 -0.104782 
63 -0.104782 
31 -0.104782 
1062 -0.104782 
1061 -0.104782 
1060 -0.104782 
201 -0.104782 
197 -0.139651 
107 -0.154300 
306 -0.154300 
1715 -0.154300 
70 -0.154300 
1604 -0.154300 
611 -0.156914 
1584 -0.156914 
1003 -0.156914 
1002 -0.156914 
1001 -0.156914 
610 -0.156914 
2319 -0.156914 
788 -0.156914 
2322 -0.156914 
787 -0.156914 
786 -0.156914 
410 -0.156914 
1505 -0.156914 
2994 -0.156914 
1999 -0.156914 
1998 -0.156914 
1997 -0.156914 
2589 -0.156914 
2807 -0.156914 
1798 -0.156914 
1796 -0.156914 
1200 -0.156914 
2868 -0.156914 
1797 -0.156914 
1199 -0.156914 
1626 -0.156914 
1201 -0.156914 
3058 -0.156914 
1673 -0.156914 
2389 -0.156914 
2390 -0.156914 
2391 -0.156914 
609 -0.156914 
2643 -0.156914 
409 -0.156914 
2587 -0.156914 
2175 -0.156914 
2174 -0.156914 
408 -0.156914 
2176 -0.156914 
1545 -0.156914 
2588 -0.156914 
2262 -0.156914 
2260 -0.156914 
2265 -0.156914 
2264 -0.156914 
2925 -0.156914 
2611 -0.157615 
1454 -0.157615 
517 -0.157615 
1105 -0.157615 
2494 -0.157615 
2495 -0.157615 
2670 -0.157615 
2612 -0.157615 
1515 -0.157615 
2668 -0.157615 
1905 -0.157615 
2666 -0.157615 
1434 -0.157615 
900 -0.157615 
2288 -0.157615 
2287 -0.157615 
2961 -0.157615 
2286 -0.157615 
899 -0.157615 
2493 -0.157615 
1107 -0.157615 
1106 -0.157615 
2074 -0.157615 
2075 -0.157615 
2076 -0.157615 
1903 -0.157615 
2725 -0.157615 
688 -0.157615 
687 -0.157615 
1904 -0.157615 
686 -0.157615 
515 -0.157615 
2838 -0.157615 
516 -0.157615 
1696 -0.157615 
898 -0.157615 
3028 -0.157615 
2893 -0.157615 
2487 -0.160182 
2429 -0.160182 
1039 -0.160182 
2430 -0.160182 
2939 -0.160182 
1037 -0.160182 
2219 -0.160182 
2821 -0.160182 
1038 -0.160182 
2428 -0.160182 
2880 -0.160182 
2427 -0.160182 
2426 -0.160182 
2425 -0.160182 
2490 -0.160182 
3072 -0.160182 
2220 -0.160182 
2218 -0.160182 
3006 -0.160182 
462 -0.160182 
463 -0.160182 
464 -0.160182 
2432 -0.160182 
2433 -0.160182 
1303 -0.160182 
1245 -0.160182 
2037 -0.160182 
1243 -0.160182 
830 -0.160182 
1358 -0.160182 
1299 -0.160182 
831 -0.160182 
1687 -0.160182 
1638 -0.160182 
1301 -0.160182 
2035 -0.160182 
1851 -0.160182 
2034 -0.160182 
2033 -0.160182 
1850 -0.160182 
646 -0.160182 
1852 -0.160182 
647 -0.160182 
645 -0.160182 
1244 -0.160182 
832 -0.160182 
1594 -0.160182 
3138 -0.177027 
2727 -0.177027 
3156 -0.177027 
221 -0.177027 
258 -0.177027 
116 -0.177027 
1339 -0.177027 
289 -0.177027 
366 -0.177027 
151 -0.177027 
2779 -0.177027 
1341 -0.177027 
49 -0.177027 
1754 -0.177027 
362 -0.177027 
3084 -0.177027 
19 -0.177027 
1750 -0.177027 
187 -0.177027 
88 -0.177027 
2729 -0.177027 
251 -0.179667 
3172 -0.179667 
680 -0.183092 
283 -0.183092 
1093 -0.183092 
246 -0.183092 
2482 -0.183092 
3024 -0.183092 
2485 -0.183092 
511 -0.183092 
510 -0.183092 
2483 -0.183092 
509 -0.183092 
2481 -0.183092 
2068 -0.183092 
2069 -0.183092 
2070 -0.183092 
2282 -0.183092 
2281 -0.183092 
2280 -0.183092 
1432 -0.183092 
893 -0.183092 
1452 -0.183092 
892 -0.183092 
2836 -0.183092 
894 -0.183092 
681 -0.183092 
1897 -0.183092 
2891 -0.183092 
1898 -0.183092 
1095 -0.183092 
1094 -0.183092 
682 -0.183092 
1899 -0.183092 
2959 -0.183092 
1334 -0.196548 
2187 -0.196548 
1013 -0.196548 
439 -0.196548 
440 -0.196548 
1509 -0.196548 
800 -0.196548 
799 -0.196548 
1828 -0.196548 
2186 -0.196548 
1630 -0.196548 
3064 -0.196548 
2188 -0.196548 
1279 -0.196548 
2813 -0.196548 
2872 -0.196548 
2998 -0.196548 
1679 -0.196548 
1014 -0.196548 
1275 -0.196548 
1015 -0.196548 
1590 -0.196548 
1551 -0.196548 
1218 -0.196548 
438 -0.196548 
1219 -0.196548 
2401 -0.196548 
2929 -0.196548 
2402 -0.196548 
2011 -0.196548 
2010 -0.196548 
2009 -0.196548 
2403 -0.196548 
622 -0.196548 
798 -0.196548 
1826 -0.196548 
621 -0.196548 
1827 -0.196548 
1217 -0.196548 
623 -0.196548 
1273 -0.196548 
3126 -0.227069 
104 -0.227069 
78 -0.227069 
880 -0.227069 
2323 -0.227069 
2847 -0.227069 
126 -0.227069 
604 -0.227069 
39 -0.227069 
1416 -0.227069 
313 -0.227069 
327 -0.227069 
2954 -0.227069 
935 -0.227069 
2268 -0.227069 
451 -0.240794 
450 -0.240794 
1346 -0.240794 
1838 -0.240794 
1839 -0.240794 
1291 -0.240794 
1231 -0.240794 
1634 -0.240794 
2876 -0.240794 
452 -0.240794 
1840 -0.240794 
2022 -0.240794 
1232 -0.240794 
1287 -0.240794 
2933 -0.240794 
810 -0.240794 
1233 -0.240794 
2021 -0.240794 
811 -0.240794 
812 -0.240794 
1289 -0.240794 
2023 -0.240794 
1027 -0.240794 
2415 -0.240794 
2817 -0.240794 
2414 -0.240794 
1025 -0.240794 
1026 -0.240794 
2413 -0.240794 
633 -0.240794 
1683 -0.240794 
3002 -0.240794 
635 -0.240794 
634 -0.240794 
2198 -0.240794 
2199 -0.240794 
3068 -0.240794 
2200 -0.240794 
2105 -0.241649 
1419 -0.241649 
142 -0.241649 
81 -0.241649 
3129 -0.241649 
109 -0.241649 
249 -0.241649 
178 -0.241649 
2491 -0.241649 
3105 -0.241649 
180 -0.241649 
1103 -0.241649 
1392 -0.241649 
330 -0.241649 
1048 -0.241649 
772 -0.241649 
2436 -0.241649 
717 -0.241649 
2901 -0.241649 
3008 -0.241649 
42 -0.241649 
2160 -0.241649 
316 -0.241649 
943 -0.242702 
2975 -0.242702 
1562 -0.242702 
944 -0.242702 
2325 -0.242702 
728 -0.242702 
2326 -0.242702 
2703 -0.242702 
2327 -0.242702 
2701 -0.242702 
938 -0.242702 
2332 -0.242702 
2330 -0.242702 
729 -0.242702 
3039 -0.242702 
2974 -0.242702 
1654 -0.242702 
2528 -0.242702 
937 -0.242702 
2529 -0.242702 
2530 -0.242702 
1467 -0.242702 
942 -0.242702 
2331 -0.242702 
1526 -0.242702 
2758 -0.242702 
939 -0.242702 
1140 -0.242702 
1707 -0.242702 
1142 -0.242702 
1483 -0.242702 
2906 -0.242702 
1141 -0.242702 
2117 -0.242702 
2116 -0.242702 
2115 -0.242702 
2645 -0.242702 
2699 -0.242702 
2644 -0.242702 
1610 -0.242702 
727 -0.242702 
1599 -0.247981 
2618 -0.247981 
693 -0.247981 
905 -0.247981 
2617 -0.247981 
2895 -0.247981 
2503 -0.247981 
904 -0.247981 
2963 -0.247981 
521 -0.247981 
522 -0.247981 
523 -0.247981 
2672 -0.247981 
694 -0.247981 
906 -0.247981 
2080 -0.247981 
2081 -0.247981 
2082 -0.247981 
2676 -0.247981 
1698 -0.247981 
2674 -0.247981 
1115 -0.247981 
692 -0.247981 
3030 -0.247981 
2731 -0.247981 
2501 -0.247981 
1436 -0.247981 
1113 -0.247981 
1114 -0.247981 
1456 -0.247981 
1517 -0.247981 
2502 -0.247981 
2292 -0.247981 
2293 -0.247981 
2294 -0.247981 
1911 -0.247981 
1910 -0.247981 
2840 -0.247981 
1909 -0.247981 
1097 -0.248294 
2038 -0.248294 
2098 -0.248294 
1158 -0.248294 
2036 -0.248294 
1155 -0.248294 
1098 -0.248294 
2892 -0.248294 
1096 -0.248294 
2283 -0.248294 
897 -0.248294 
247 -0.248294 
1453 -0.248294 
2095 -0.248294 
2040 -0.248294 
2041 -0.248294 
2837 -0.248294 
2284 -0.248294 
685 -0.248294 
1100 -0.248294 
1101 -0.248294 
2285 -0.248294 
683 -0.248294 
2073 -0.248294 
2072 -0.248294 
2071 -0.248294 
684 -0.248294 
1512 -0.248294 
1900 -0.248294 
895 -0.248294 
514 -0.248294 
2960 -0.248294 
1901 -0.248294 
3025 -0.248294 
896 -0.248294 
513 -0.248294 
1902 -0.248294 
512 -0.248294 
1433 -0.248294 
2944 -0.248463 
1645 -0.248463 
479 -0.248463 
847 -0.248463 
1692 -0.248463 
2235 -0.248463 
2234 -0.248463 
2233 -0.248463 
1318 -0.248463 
3077 -0.248463 
2596 -0.248463 
845 -0.248463 
846 -0.248463 
2655 -0.248463 
1259 -0.248463 
2656 -0.248463 
2826 -0.248463 
1866 -0.248463 
2657 -0.248463 
1314 -0.248463 
1867 -0.248463 
1316 -0.248463 
1869 -0.248463 
2598 -0.248463 
1260 -0.248463 
1865 -0.248463 
1373 -0.248463 
2600 -0.248463 
2601 -0.248463 
477 -0.248463 
478 -0.248463 
1258 -0.248463 
2272 -0.258495 
182 -0.258495 
2217 -0.258495 
216 -0.258495 
3131 -0.258495 
214 -0.258495 
2937 -0.258495 
318 -0.258495 
2548 -0.258495 
1394 -0.258495 
829 -0.258495 
884 -0.258495 
44 -0.258495 
146 -0.258495 
332 -0.258495 
83 -0.258495 
1421 -0.258495 
1215 -0.258495 
111 -0.258495 
3107 -0.258495 
2603 -0.258495 
1160 -0.258495 
3044 -0.258495 
253 -0.258495 
3104 -0.263101 
177 -0.263101 
992 -0.263101 
3128 -0.263101 
716 -0.263101 
315 -0.263101 
41 -0.263101 
1418 -0.263101 
162 -0.263101 
2104 -0.263101 
2049 -0.263101 
1047 -0.263101 
2380 -0.263101 
248 -0.263101 
106 -0.263101 
141 -0.263101 
2435 -0.263101 
2883 -0.263101 
2990 -0.263101 
1391 -0.263101 
661 -0.263101 
80 -0.263101 
329 -0.263101 
2537 -0.276009 
1379 -0.276009 
2909 -0.276009 
2538 -0.276009 
2654 -0.276009 
2653 -0.276009 
1486 -0.276009 
2652 -0.276009 
2539 -0.276009 
2541 -0.276009 
1565 -0.276009 
2978 -0.276009 
951 -0.276009 
952 -0.276009 
953 -0.276009 
738 -0.276009 
1659 -0.276009 
736 -0.276009 
737 -0.276009 
2852 -0.276009 
2339 -0.276009 
1949 -0.276009 
1326 -0.276009 
2340 -0.276009 
2341 -0.276009 
2126 -0.276009 
2125 -0.276009 
1325 -0.276009 
1948 -0.276009 
1529 -0.276009 
1470 -0.276009 
1947 -0.276009 
1323 -0.276009 
2124 -0.276009 
561 -0.276009 
560 -0.276009 
559 -0.276009 
1710 -0.276009 
1149 -0.276009 
1150 -0.276009 
1151 -0.276009 
3042 -0.276009 
1045 -0.291806 
3073 -0.291806 
465 -0.291806 
467 -0.291806 
1595 -0.291806 
466 -0.291806 
2940 -0.291806 
834 -0.291806 
833 -0.291806 
1853 -0.291806 
1854 -0.291806 
1855 -0.291806 
707 -0.291806 
710 -0.291806 
2221 -0.291806 
1306 -0.291806 
2222 -0.291806 
1641 -0.291806 
1304 -0.291806 
1302 -0.291806 
2223 -0.291806 
1099 -0.291806 
1041 -0.291806 
649 -0.291806 
1248 -0.291806 
1361 -0.291806 
650 -0.291806 
1247 -0.291806 
652 -0.291806 
1688 -0.291806 
1246 -0.291806 
1042 -0.291806 
835 -0.291806 
653 -0.291806 
3007 -0.291806 
2881 -0.291806 
1102 -0.291806 
2822 -0.291806 
648 -0.291806 
1044 -0.291806 
1040 -0.291806 
1591 -0.294959 
1018 -0.294959 
2190 -0.294959 
1278 -0.294959 
1680 -0.294959 
2191 -0.294959 
2999 -0.294959 
1017 -0.294959 
1552 -0.294959 
1016 -0.294959 
624 -0.294959 
625 -0.294959 
626 -0.294959 
2814 -0.294959 
441 -0.294959 
442 -0.294959 
443 -0.294959 
1631 -0.294959 
2873 -0.294959 
2189 -0.294959 
2406 -0.294959 
2405 -0.294959 
2404 -0.294959 
1224 -0.294959 
1223 -0.294959 
2012 -0.294959 
2930 -0.294959 
1222 -0.294959 
1282 -0.294959 
1337 -0.294959 
2013 -0.294959 
803 -0.294959 
802 -0.294959 
1829 -0.294959 
1280 -0.294959 
801 -0.294959 
1831 -0.294959 
1510 -0.294959 
2014 -0.294959 
1830 -0.294959 
3065 -0.294959 
144 -0.304703 
105 -0.304703 
605 -0.304703 
1390 -0.304703 
2048 -0.304703 
328 -0.304703 
2865 -0.304703 
212 -0.304703 
79 -0.304703 
936 -0.304703 
991 -0.304703 
40 -0.304703 
314 -0.304703 
140 -0.304703 
660 -0.304703 
2324 -0.304703 
1417 -0.304703 
3127 -0.304703 
2972 -0.304703 
1993 -0.304703 
2379 -0.304703 
3141 -0.327036 
292 -0.327036 
52 -0.327036 
154 -0.327036 
3159 -0.327036 
22 -0.327036 
190 -0.327036 
2782 -0.327036 
119 -0.327036 
1348 -0.327036 
1350 -0.327036 
2736 -0.327036 
2738 -0.327036 
261 -0.327036 
1765 -0.327036 
1769 -0.327036 
381 -0.327036 
93 -0.327036 
3087 -0.327036 
224 -0.327036 
377 -0.327036 
2650 -0.335049 
2651 -0.335049 
3041 -0.335049 
1376 -0.335049 
2649 -0.335049 
948 -0.335049 
556 -0.335049 
2534 -0.335049 
734 -0.335049 
2123 -0.335049 
2908 -0.335049 
2122 -0.335049 
2121 -0.335049 
2489 -0.335049 
2488 -0.335049 
2486 -0.335049 
2484 -0.335049 
1709 -0.335049 
733 -0.335049 
1485 -0.335049 
2535 -0.335049 
557 -0.335049 
558 -0.335049 
1944 -0.335049 
1945 -0.335049 
1946 -0.335049 
1146 -0.335049 
1528 -0.335049 
2336 -0.335049 
2337 -0.335049 
2338 -0.335049 
1656 -0.335049 
2705 -0.335049 
2707 -0.335049 
2708 -0.335049 
2851 -0.335049 
2709 -0.335049 
1469 -0.335049 
735 -0.335049 
2546 -0.335049 
950 -0.335049 
2536 -0.335049 
2977 -0.335049 
949 -0.335049 
1147 -0.335049 
2543 -0.335049 
1564 -0.335049 
1148 -0.335049 
821 -0.338412 
817 -0.338412 
2819 -0.338412 
820 -0.338412 
818 -0.338412 
2878 -0.338412 
1237 -0.338412 
458 -0.338412 
1297 -0.338412 
1295 -0.338412 
1293 -0.338412 
878 -0.338412 
456 -0.338412 
457 -0.338412 
875 -0.338412 
2419 -0.338412 
2420 -0.338412 
2421 -0.338412 
3070 -0.338412 
1031 -0.338412 
1032 -0.338412 
1033 -0.338412 
1685 -0.338412 
1352 -0.338412 
639 -0.338412 
640 -0.338412 
3004 -0.338412 
641 -0.338412 
1239 -0.338412 
2029 -0.338412 
2028 -0.338412 
2027 -0.338412 
2935 -0.338412 
1238 -0.338412 
1846 -0.338412 
1845 -0.338412 
1844 -0.338412 
1636 -0.338412 
816 -0.338412 
2360 -0.350196 
1180 -0.350196 
1968 -0.350196 
1761 -0.350196 
1178 -0.350196 
1762 -0.350196 
1538 -0.350196 
2361 -0.350196 
1763 -0.350196 
2859 -0.350196 
2362 -0.350196 
972 -0.350196 
580 -0.350196 
581 -0.350196 
3051 -0.350196 
582 -0.350196 
2566 -0.350196 
1577 -0.350196 
2916 -0.350196 
974 -0.350196 
2145 -0.350196 
2622 -0.350196 
1617 -0.350196 
1498 -0.350196 
2146 -0.350196 
2147 -0.350196 
2149 -0.350196 
2568 -0.350196 
2567 -0.350196 
1179 -0.350196 
757 -0.350196 
758 -0.350196 
373 -0.350196 
1969 -0.350196 
973 -0.350196 
375 -0.350196 
374 -0.350196 
759 -0.350196 
1970 -0.350196 
1666 -0.350196 
2800 -0.350196 
2985 -0.350196 
2181 -0.350510 
2005 -0.350510 
1507 -0.350510 
2004 -0.350510 
2182 -0.350510 
2180 -0.350510 
425 -0.350510 
2003 -0.350510 
2809 -0.350510 
792 -0.350510 
424 -0.350510 
483 -0.350510 
486 -0.350510 
2595 -0.350510 
2397 -0.350510 
1547 -0.350510 
2870 -0.350510 
615 -0.350510 
616 -0.350510 
617 -0.350510 
1677 -0.350510 
2996 -0.350510 
2593 -0.350510 
2594 -0.350510 
420 -0.350510 
2597 -0.350510 
1628 -0.350510 
1009 -0.350510 
1008 -0.350510 
1007 -0.350510 
1205 -0.350510 
2927 -0.350510 
1588 -0.350510 
1206 -0.350510 
2395 -0.350510 
794 -0.350510 
419 -0.350510 
418 -0.350510 
3060 -0.350510 
793 -0.350510 
1207 -0.350510 
2396 -0.350510 
1266 -0.376853 
853 -0.376853 
3079 -0.376853 
1264 -0.376853 
852 -0.376853 
1322 -0.376853 
1320 -0.376853 
851 -0.376853 
2946 -0.376853 
1269 -0.376853 
2241 -0.376853 
2240 -0.376853 
1268 -0.376853 
2239 -0.376853 
1265 -0.376853 
2920 -0.383235 
1619 -0.383235 
2861 -0.383235 
3053 -0.383235 
2987 -0.383235 
769 -0.383235 
770 -0.383235 
771 -0.383235 
1773 -0.383235 
587 -0.383235 
979 -0.383235 
2574 -0.383235 
588 -0.383235 
2573 -0.383235 
2572 -0.383235 
1186 -0.383235 
1185 -0.383235 
1184 -0.383235 
2158 -0.383235 
1772 -0.383235 
1668 -0.383235 
383 -0.383235 
1771 -0.383235 
384 -0.383235 
980 -0.383235 
385 -0.383235 
1540 -0.383235 
1974 -0.383235 
2802 -0.383235 
2368 -0.383235 
1500 -0.383235 
2159 -0.383235 
2367 -0.383235 
2366 -0.383235 
2157 -0.383235 
1579 -0.383235 
1976 -0.383235 
2628 -0.383235 
978 -0.383235 
1975 -0.383235 
586 -0.383235 
1328 -0.387599 
1734 -0.387599 
46 -0.387599 
1739 -0.387599 
1382 -0.387599 
351 -0.387599 
3135 -0.387599 
2716 -0.387599 
346 -0.387599 
2715 -0.387599 
2660 -0.387599 
284 -0.387599 
148 -0.387599 
255 -0.387599 
3080 -0.387599 
218 -0.387599 
2776 -0.387599 
184 -0.387599 
1272 -0.387599 
113 -0.387599 
1327 -0.387599 
252 -0.387599 
85 -0.387599 
15 -0.390243 
1408 -0.390243 
416 -0.390243 
3168 -0.390243 
1800 -0.390243 
3148 -0.390243 
3096 -0.390243 
1804 -0.390243 
1657 -0.390243 
412 -0.390243 
2765 -0.390243 
3169 -0.390243 
2789 -0.390243 
2763 -0.390243 
17 -0.390243 
1377 -0.390243 
1496 -0.390243 
1375 -0.390243 
150 -0.416110 
2662 -0.416110 
2664 -0.416110 
2665 -0.416110 
1745 -0.416110 
3137 -0.416110 
1330 -0.416110 
2658 -0.416110 
1401 -0.416110 
48 -0.416110 
1336 -0.416110 
3083 -0.416110 
1338 -0.416110 
87 -0.416110 
357 -0.416110 
361 -0.416110 
115 -0.416110 
1749 -0.416110 
186 -0.416110 
3155 -0.416110 
220 -0.416110 
2778 -0.416110 
2724 -0.416110 
2726 -0.416110 
286 -0.416110 
2718 -0.416110 
288 -0.416110 
257 -0.416110 
2717 -0.416110 
1906 -0.422901 
519 -0.422901 
2078 -0.422901 
2615 -0.422901 
2499 -0.422901 
2500 -0.422901 
691 -0.422901 
2614 -0.422901 
2079 -0.422901 
690 -0.422901 
689 -0.422901 
2077 -0.422901 
2839 -0.422901 
2962 -0.422901 
1907 -0.422901 
1908 -0.422901 
1455 -0.422901 
520 -0.422901 
903 -0.422901 
2291 -0.422901 
1112 -0.422901 
2289 -0.422901 
2669 -0.422901 
2290 -0.422901 
2728 -0.422901 
2671 -0.422901 
2673 -0.422901 
1435 -0.422901 
1111 -0.422901 
1110 -0.422901 
901 -0.422901 
3029 -0.422901 
1598 -0.422901 
902 -0.422901 
1697 -0.422901 
2498 -0.422901 
2894 -0.422901 
1516 -0.422901 
518 -0.422901 
946 -0.426841 
3040 -0.426841 
554 -0.426841 
555 -0.426841 
1468 -0.426841 
2761 -0.426841 
947 -0.426841 
730 -0.426841 
2533 -0.426841 
2532 -0.426841 
2118 -0.426841 
2531 -0.426841 
731 -0.426841 
1708 -0.426841 
945 -0.426841 
732 -0.426841 
2976 -0.426841 
2335 -0.426841 
2907 -0.426841 
2334 -0.426841 
2333 -0.426841 
1145 -0.426841 
2648 -0.426841 
2647 -0.426841 
1484 -0.426841 
2702 -0.426841 
2704 -0.426841 
2120 -0.426841 
1943 -0.426841 
1942 -0.426841 
1143 -0.426841 
1527 -0.426841 
2850 -0.426841 
1144 -0.426841 
553 -0.426841 
2706 -0.426841 
1655 -0.426841 
1941 -0.426841 
1563 -0.426841 
2119 -0.426841 
2955 -0.443980 
1726 -0.443980 
3108 -0.443980 
2328 -0.443980 
1531 -0.443980 
885 -0.443980 
8 -0.443980 
940 -0.443980 
1395 -0.443980 
2273 -0.443980 
333 -0.443980 
210 -0.444205 
2834 -0.444205 
244 -0.444205 
2062 -0.444205 
3022 -0.444205 
2063 -0.444205 
2064 -0.444205 
1893 -0.444205 
674 -0.444205 
1089 -0.444205 
2957 -0.444205 
281 -0.444205 
2889 -0.444205 
1450 -0.444205 
675 -0.444205 
174 -0.444205 
888 -0.444205 
503 -0.444205 
676 -0.444205 
504 -0.444205 
1892 -0.444205 
505 -0.444205 
1430 -0.444205 
1088 -0.444205 
1087 -0.444205 
886 -0.444205 
2276 -0.444205 
2275 -0.444205 
2274 -0.444205 
2475 -0.444205 
2476 -0.444205 
887 -0.444205 
2477 -0.444205 
139 -0.444205 
1891 -0.444205 
9 -0.451779 
996 -0.451779 
2329 -0.451779 
941 -0.451779 
2384 -0.451779 
1396 -0.451779 
334 -0.451779 
2973 -0.451779 
1549 -0.451779 
1727 -0.451779 
3109 -0.451779 
1878 -0.466347 
490 -0.466347 
1879 -0.466347 
866 -0.466347 
491 -0.466347 
2256 -0.466347 
1077 -0.466347 
2255 -0.466347 
1076 -0.466347 
2254 -0.466347 
1877 -0.466347 
1075 -0.466347 
170 -0.466347 
1446 -0.466347 
277 -0.466347 
3018 -0.466347 
2830 -0.466347 
206 -0.466347 
240 -0.466347 
1426 -0.466347 
2463 -0.466347 
868 -0.466347 
867 -0.466347 
2464 -0.466347 
2951 -0.466347 
2465 -0.466347 
135 -0.466347 
489 -0.466347 
2981 -0.482142 
1534 -0.482142 
2855 -0.482142 
962 -0.482142 
1570 -0.482142 
2554 -0.482142 
2555 -0.482142 
2556 -0.482142 
1662 -0.482142 
747 -0.482142 
745 -0.482142 
2610 -0.482142 
746 -0.482142 
2133 -0.482142 
2134 -0.482142 
1956 -0.482142 
1957 -0.482142 
1958 -0.482142 
1613 -0.482142 
2135 -0.482142 
354 -0.482142 
2912 -0.482142 
568 -0.482142 
1489 -0.482142 
2348 -0.482142 
2349 -0.482142 
2350 -0.482142 
569 -0.482142 
570 -0.482142 
3047 -0.482142 
1491 -0.482142 
2796 -0.482142 
1573 -0.482142 
1473 -0.482142 
1166 -0.482142 
1167 -0.482142 
1168 -0.482142 
1743 -0.482142 
1742 -0.482142 
1741 -0.482142 
960 -0.482142 
961 -0.482142 
355 -0.482142 
353 -0.482142 
1572 -0.483135 
2854 -0.483135 
2132 -0.483135 
2131 -0.483135 
2130 -0.483135 
1569 -0.483135 
1954 -0.483135 
1533 -0.483135 
1472 -0.483135 
2795 -0.483135 
1490 -0.483135 
1488 -0.483135 
2550 -0.483135 
2346 -0.483135 
2347 -0.483135 
3046 -0.483135 
567 -0.483135 
566 -0.483135 
565 -0.483135 
1161 -0.483135 
1162 -0.483135 
1163 -0.483135 
1738 -0.483135 
1737 -0.483135 
1736 -0.483135 
350 -0.483135 
2549 -0.483135 
2980 -0.483135 
2911 -0.483135 
2551 -0.483135 
349 -0.483135 
348 -0.483135 
1661 -0.483135 
2605 -0.483135 
1953 -0.483135 
2345 -0.483135 
1955 -0.483135 
1612 -0.483135 
957 -0.483135 
744 -0.483135 
958 -0.483135 
743 -0.483135 
742 -0.483135 
959 -0.483135 
