1518 1
0 -1.513045 
1 -2.480643 
2 -2.287073 
3 -2.065476 
4 -0.744149 
5 -2.118220 
6 0.024272 
7 -2.229162 
8 1.803548 
9 -1.672218 
10 -2.157498 
11 -1.653468 
12 -2.065476 
13 2.531712 
14 2.531712 
15 -1.368337 
16 3.081733 
17 -1.360864 
18 1.675804 
19 -1.291594 
20 -0.983152 
21 -1.955498 
22 -2.644478 
23 -1.681843 
24 -2.179935 
25 -1.263730 
26 -1.942323 
27 -1.471373 
28 -2.126969 
29 -0.803419 
30 -1.973163 
31 0.791129 
32 -1.072561 
33 1.294614 
34 2.531712 
35 1.165456 
36 -1.955498 
37 -1.079261 
38 1.917800 
39 -2.422348 
40 -0.291567 
41 -1.942323 
42 -1.751651 
43 -1.758412 
44 -2.135116 
45 -0.132033 
46 -1.471373 
47 -1.854341 
48 -1.353453 
49 1.238116 
50 1.645230 
51 -1.574872 
52 1.282909 
53 -1.309333 
54 -1.471373 
55 1.238116 
56 1.385714 
57 -2.119381 
58 1.165456 
59 1.551667 
60 1.359750 
61 -1.471373 
62 -1.456916 
63 -2.113110 
64 -1.271210 
65 2.015857 
66 -1.942323 
67 -1.627477 
68 -1.652411 
69 -1.531846 
70 -2.177937 
71 -1.066103 
72 -1.955498 
73 -1.731056 
74 -1.513045 
75 1.165456 
76 3.127526 
77 -2.737208 
78 -0.939970 
79 -1.986922 
80 2.645758 
81 -0.544518 
82 1.156532 
83 -0.976081 
84 -0.898988 
85 2.134672 
86 -1.854341 
87 -0.883854 
88 -1.645281 
89 -0.950317 
90 -2.378827 
91 -1.986922 
92 -2.065476 
93 -1.627477 
94 -1.473541 
95 1.676438 
96 -1.587584 
97 0.027323 
98 1.425911 
99 1.238116 
100 -1.531444 
101 1.357982 
102 -1.271210 
103 1.629135 
104 -2.534361 
105 1.378760 
106 -1.854341 
107 -1.460711 
108 -1.355685 
109 -1.652411 
110 -1.271210 
111 1.568173 
112 -1.317629 
113 -1.263126 
114 -1.955498 
115 -1.263126 
116 -0.803419 
117 -2.076572 
118 -2.169297 
119 -1.213959 
120 -2.097607 
121 -1.286423 
122 -0.739184 
123 -1.213959 
124 1.318021 
125 -1.766265 
126 -2.126969 
127 -2.179549 
128 -1.719499 
129 2.373242 
130 -2.135116 
131 -1.627477 
132 -0.978442 
133 -1.663550 
134 1.679733 
135 -1.590985 
136 -2.904167 
137 -1.511874 
138 -1.830305 
139 1.763103 
140 -0.698270 
141 -0.649744 
142 -1.326339 
143 -1.519932 
144 -0.250982 
145 -1.676049 
146 -1.263730 
147 -2.135116 
148 -1.714678 
149 -1.029339 
150 -1.884661 
151 -1.229350 
152 -1.053509 
153 -1.652411 
154 -1.986922 
155 -0.578376 
156 -0.463961 
157 1.318021 
158 2.217170 
159 -1.868736 
160 -1.627416 
161 -1.719499 
162 -0.357619 
163 2.113524 
164 -1.514501 
165 -0.880044 
166 1.371279 
167 1.425911 
168 -1.871168 
169 -1.627416 
170 1.286844 
171 -1.053509 
172 1.286844 
173 1.294614 
174 -0.733646 
175 -0.199099 
176 0.938632 
177 1.550104 
178 -1.806872 
179 -1.527898 
180 -1.761461 
181 -1.450223 
182 -1.955165 
183 -1.355685 
184 -1.082848 
185 -1.087128 
186 -0.465333 
187 1.286844 
188 -1.377261 
189 -1.590985 
190 -1.478950 
191 -1.244477 
192 -1.719499 
193 -1.652411 
194 -1.559999 
195 1.912546 
196 -1.455194 
197 -1.854341 
198 -2.086579 
199 1.378760 
200 -1.818657 
201 -1.405912 
202 -0.803419 
203 1.378760 
204 -1.586604 
205 -2.076785 
206 -1.826482 
207 -1.758412 
208 1.378760 
209 -1.617967 
210 -1.182338 
211 -2.126969 
212 0.408683 
213 -1.623786 
214 -1.559999 
215 -2.653343 
216 1.141499 
217 1.102184 
218 -1.547984 
219 1.102184 
220 1.359750 
221 -1.730756 
222 2.531712 
223 -0.934204 
224 0.995650 
225 -1.550050 
226 -1.971700 
227 -0.983374 
228 -1.627477 
229 -1.634583 
230 -1.568321 
231 1.359750 
232 1.482881 
233 1.294614 
234 -1.519932 
235 -1.023638 
236 -0.599730 
237 -1.263141 
238 1.498024 
239 -1.317629 
240 -1.383428 
241 -1.466584 
242 -1.672218 
243 -1.588461 
244 -1.718448 
245 1.645230 
246 1.645230 
247 -0.002451 
248 -1.758412 
249 -1.519932 
250 -1.317333 
251 -1.672218 
252 -1.768311 
253 -1.559999 
254 -1.368337 
255 -1.066775 
256 1.586671 
257 -1.513045 
258 1.102184 
259 1.645230 
260 -0.625561 
261 -0.142529 
262 -1.213959 
263 -1.368337 
264 1.192511 
265 -1.531444 
266 -0.739184 
267 -0.430838 
268 -1.734494 
269 0.938632 
270 -2.284161 
271 -1.824756 
272 -0.087062 
273 -1.945163 
274 -2.226780 
275 2.094359 
276 -0.128179 
277 -0.670917 
278 -0.883854 
279 -1.590985 
280 -2.119381 
281 -0.472064 
282 -1.448557 
283 -1.768311 
284 -0.934204 
285 -1.589940 
286 0.938632 
287 -0.337083 
288 -2.118220 
289 -1.613997 
290 -1.718448 
291 -1.036252 
292 1.711710 
293 -0.132047 
294 -1.340113 
295 -1.705329 
296 1.711710 
297 -2.018542 
298 -1.997865 
299 1.359750 
300 -2.075520 
301 -2.174661 
302 -1.665040 
303 -1.371243 
304 -0.002042 
305 -2.126969 
306 -1.567562 
307 -1.550814 
308 -1.412639 
309 -0.931954 
310 -0.969867 
311 1.715149 
312 2.134672 
313 1.565863 
314 1.176499 
315 -2.119381 
316 -1.317629 
317 -1.730756 
318 0.902013 
319 -0.883854 
320 -2.192866 
321 -1.764475 
322 -1.623786 
323 -1.519932 
324 -1.503303 
325 1.318021 
326 -1.344298 
327 -1.355685 
328 1.972378 
329 -2.174661 
330 -1.029339 
331 1.363018 
332 -1.621012 
333 -0.685772 
334 -0.722793 
335 -0.781776 
336 -2.174661 
337 -0.880044 
338 -1.775618 
339 -1.768311 
340 -1.244477 
341 -0.618086 
342 1.363018 
343 -1.804182 
344 1.182099 
345 -1.455194 
346 -1.516946 
347 -0.534748 
348 -1.617967 
349 -1.143882 
350 -2.038122 
351 -1.321065 
352 -1.731056 
353 -2.235549 
354 1.363018 
355 1.539083 
356 -1.742664 
357 -1.761461 
358 -1.366130 
359 -1.343725 
360 -1.263126 
361 1.317861 
362 -1.053509 
363 -0.522226 
364 -1.177086 
365 -1.634583 
366 2.137054 
367 1.517505 
368 -1.528003 
369 -1.836594 
370 -1.623786 
371 -1.731056 
372 -1.210620 
373 -1.371243 
374 -0.818924 
375 -1.674360 
376 -1.830305 
377 1.317861 
378 -1.645281 
379 -1.730756 
380 -1.742664 
381 0.109346 
382 1.371168 
383 1.648512 
384 1.508225 
385 1.425911 
386 1.282909 
387 1.425911 
388 1.371168 
389 -0.272272 
390 -1.729562 
391 -1.634583 
392 -1.503303 
393 -0.934204 
394 0.938632 
395 -1.180696 
396 -1.306595 
397 -1.961869 
398 1.423689 
399 1.192511 
400 -0.329743 
401 -1.385759 
402 0.902013 
403 1.674653 
404 -0.864291 
405 -1.638609 
406 -1.530359 
407 1.652956 
408 -1.766265 
409 1.456804 
410 -1.588461 
411 -0.822741 
412 -1.353453 
413 -1.385864 
414 -1.613997 
415 1.371168 
416 -1.645281 
417 -1.942323 
418 -1.961869 
419 2.217170 
420 -1.758412 
421 2.645758 
422 -1.622943 
423 -1.768225 
424 -1.110656 
425 1.551667 
426 0.500562 
427 1.317861 
428 -1.233834 
429 -0.465333 
430 1.056734 
431 -2.118220 
432 -1.627416 
433 -1.634583 
434 2.243632 
435 -1.742664 
436 -1.324057 
437 -1.340113 
438 -1.029339 
439 -1.286423 
440 -0.626944 
441 -1.008263 
442 1.833371 
443 -0.081506 
444 -0.593568 
445 -0.898988 
446 -1.008263 
447 -1.466584 
448 1.317861 
449 -0.670917 
450 1.568173 
451 -0.939970 
452 1.652956 
453 -1.580690 
454 0.902013 
455 -1.766265 
456 -1.353453 
457 -0.473840 
458 -1.961869 
459 -1.665949 
460 -1.008263 
461 -0.905682 
462 -1.588461 
463 -1.768311 
464 -1.580690 
465 1.711710 
466 1.652956 
467 -2.012006 
468 1.381763 
469 2.134672 
470 2.134672 
471 -1.568038 
472 -1.653468 
473 -1.244477 
474 -1.730756 
475 -1.406876 
476 -1.210620 
477 -1.766265 
478 -1.817017 
479 -1.525633 
480 -1.717666 
481 -1.142094 
482 -1.371243 
483 1.182099 
484 -1.210620 
485 -0.722793 
486 -1.157413 
487 -1.826482 
488 -1.580690 
489 -0.337083 
490 -1.586659 
491 1.874250 
492 1.199686 
493 1.192511 
494 -1.408624 
495 -0.393147 
496 1.192511 
497 -1.029339 
498 0.902013 
499 1.383678 
500 -1.943147 
501 -0.898988 
502 -1.627416 
503 -0.393147 
504 -1.589940 
505 -1.535129 
506 -0.626944 
507 -0.722356 
508 -0.939970 
509 -0.393147 
510 0.126996 
511 -1.066103 
512 -1.366130 
513 -0.596437 
514 -0.845393 
515 -1.420154 
516 -2.119381 
517 1.286844 
518 -1.263141 
519 -0.605151 
520 -0.148418 
521 1.141499 
522 -1.761461 
523 -0.866871 
524 -1.687729 
525 -1.633070 
526 -1.517925 
527 3.081733 
528 -2.378827 
529 -1.567562 
530 -1.525633 
531 -1.029016 
532 1.176499 
533 -1.172806 
534 -0.199099 
535 -1.087128 
536 -1.653468 
537 -0.909882 
538 1.255427 
539 1.176499 
540 -1.269679 
541 0.025103 
542 -1.613997 
543 -0.579752 
544 -1.761461 
545 1.165456 
546 -0.393147 
547 1.371168 
548 -1.653468 
549 -1.172806 
550 1.433531 
551 -1.454049 
552 -1.833040 
553 1.482881 
554 -1.583719 
555 0.667094 
556 -0.798172 
557 -2.076785 
558 -1.649396 
559 -0.701816 
560 -1.412639 
561 -0.750719 
562 -1.589940 
563 -1.425703 
564 1.456804 
565 -1.412639 
566 -1.567562 
567 -1.617967 
568 -1.775016 
569 -0.534748 
570 -0.240218 
571 -1.680210 
572 -1.255836 
573 1.756164 
574 1.676438 
575 -0.997113 
576 -1.031999 
577 0.449411 
578 -1.589940 
579 -1.105122 
580 -1.479854 
581 1.141499 
582 -1.612594 
583 0.025103 
584 -1.305490 
585 -0.666209 
586 -1.811462 
587 -1.450223 
588 1.803548 
589 -1.286423 
590 -1.225273 
591 -0.337083 
592 -0.739184 
593 -1.811462 
594 -0.326013 
595 -1.717666 
596 -1.830305 
597 -1.291594 
598 -1.920582 
599 2.113524 
600 -1.460711 
601 1.482881 
602 -1.356896 
603 -1.616001 
604 -1.460711 
605 -1.674360 
606 -1.811462 
607 -1.385864 
608 1.649269 
609 -0.298547 
610 -1.782981 
611 -0.756409 
612 -1.172806 
613 -1.613997 
614 -2.235549 
615 -1.385864 
616 2.113524 
617 -0.926457 
618 -1.157413 
619 -2.659360 
620 1.668680 
621 -2.235549 
622 -1.368337 
623 1.760001 
624 -1.852671 
625 -1.913695 
626 -0.437537 
627 -0.199099 
628 -1.888918 
629 -2.018542 
630 -1.144052 
631 -1.747809 
632 -1.630632 
633 -2.235549 
634 -0.808910 
635 -0.897956 
636 -1.144052 
637 -1.665040 
638 -1.755742 
639 -0.793155 
640 -1.520221 
641 -1.144052 
642 -1.366130 
643 -1.260993 
644 -1.379536 
645 -1.709817 
646 -1.911940 
647 -2.440934 
648 -1.383428 
649 -1.986922 
650 -1.503303 
651 -1.066775 
652 2.133523 
653 1.498920 
654 0.075327 
655 0.500562 
656 -0.781776 
657 -1.633070 
658 -2.179935 
659 -1.347145 
660 -1.299453 
661 -1.995048 
662 -1.531846 
663 -2.195661 
664 1.515915 
665 1.791224 
666 -1.263141 
667 -2.076785 
668 1.182099 
669 -1.157413 
670 1.977549 
671 -1.082212 
672 1.383678 
673 -1.309415 
674 -1.663777 
675 1.791224 
676 -1.269679 
677 -2.235235 
678 -1.513045 
679 -0.864291 
680 -1.355685 
681 -1.321065 
682 -1.406876 
683 1.756164 
684 -1.535129 
685 -0.998030 
686 -1.775016 
687 -1.326339 
688 -1.196302 
689 -1.657445 
690 -0.455358 
691 0.048476 
692 2.300394 
693 -1.535129 
694 -1.839483 
695 2.113524 
696 -1.503303 
697 -0.613267 
698 -1.535129 
699 -1.790102 
700 -1.466584 
701 -1.136893 
702 -0.934204 
703 -1.633070 
704 -1.530359 
705 -2.106980 
706 -1.663550 
707 -1.502039 
708 -0.159672 
709 -1.116960 
710 -2.151803 
711 -1.157413 
712 -1.782981 
713 -2.112259 
714 -1.701057 
715 -1.884204 
716 -2.417326 
717 -1.066103 
718 -0.199099 
719 -1.263141 
720 1.532452 
721 -1.213959 
722 -0.756409 
723 -1.263126 
724 -1.325798 
725 -2.086579 
726 -2.086579 
727 -1.347145 
728 -1.027147 
729 -0.722793 
730 -0.739184 
731 -2.086579 
732 -1.377261 
733 -0.146248 
734 -1.554938 
735 -1.295038 
736 -1.743108 
737 -1.647267 
738 -0.618086 
739 1.182099 
740 -1.066103 
741 0.024272 
742 -1.877077 
743 1.568173 
744 -1.588461 
745 -1.680210 
746 -1.506494 
747 -0.822741 
748 1.537989 
749 -1.559999 
750 -1.663550 
751 1.803548 
752 -1.719499 
753 -2.192866 
754 -2.076785 
755 1.568173 
756 -1.874821 
757 -1.296953 
758 -1.672795 
759 -0.872910 
760 -0.234672 
761 -1.908911 
762 -0.984172 
763 -0.625656 
764 1.704146 
765 -1.675739 
766 1.676438 
767 -0.898988 
768 -1.399193 
769 -1.531846 
770 -2.534361 
771 -2.217999 
772 -1.172806 
773 -0.976081 
774 1.546022 
775 -1.343725 
776 -2.287349 
777 -1.617967 
778 -0.722793 
779 -1.143882 
780 -1.466584 
781 -2.524420 
782 -1.366130 
783 1.563885 
784 1.675804 
785 -1.042628 
786 -1.517310 
787 -2.757711 
788 -1.868736 
789 -1.042628 
790 -0.522226 
791 -2.135116 
792 -1.663550 
793 -1.596367 
794 -2.378827 
795 -2.627526 
796 -1.516946 
797 -0.133323 
798 1.383678 
799 2.574844 
800 -0.618086 
801 -0.489612 
802 -1.364547 
803 -1.326339 
804 1.468558 
805 -0.969867 
806 1.546022 
807 -0.666209 
808 -1.713695 
809 1.579845 
810 -1.082212 
811 -1.518067 
812 -1.817958 
813 -1.169058 
814 -1.406876 
815 -2.192866 
816 -0.951400 
817 -2.378827 
818 -2.280117 
819 -0.465333 
820 1.141499 
821 -1.623885 
822 1.803548 
823 -1.649396 
824 -0.433689 
825 -2.372174 
826 1.456804 
827 -1.649850 
828 -0.864291 
829 -1.172383 
830 -0.962538 
831 1.791224 
832 -1.269679 
833 -1.995048 
834 -1.493940 
835 -1.528003 
836 -0.597415 
837 1.423689 
838 -1.531846 
839 -1.377261 
840 2.016080 
841 -1.665040 
842 -1.326339 
843 -0.045324 
844 -0.396068 
845 -1.611243 
846 -2.284161 
847 0.106946 
848 -1.096920 
849 -0.722356 
850 -1.309415 
851 -1.623885 
852 -0.722356 
853 -1.229350 
854 -0.897956 
855 -1.456916 
856 -1.577181 
857 -0.519912 
858 -0.146280 
859 -1.568038 
860 -2.089281 
861 -1.777297 
862 -1.340113 
863 -1.193731 
864 -1.877077 
865 -1.601905 
866 -1.271210 
867 -1.090602 
868 -2.627526 
869 -0.455670 
870 -0.817877 
871 1.756164 
872 -0.822741 
873 -1.699479 
874 -1.406876 
875 -2.239404 
876 -1.680210 
877 -0.465333 
878 -1.172383 
879 -0.195825 
880 -0.508323 
881 -2.644478 
882 0.120064 
883 -0.721376 
884 1.894158 
885 -1.325798 
886 -1.520221 
887 0.081591 
888 -1.718448 
889 1.498920 
890 -0.876026 
891 -2.209475 
892 -1.042628 
893 -1.491061 
894 -2.562245 
895 -1.008263 
896 -2.189254 
897 -2.192866 
898 -0.876026 
899 -0.803419 
900 1.586671 
901 -2.033654 
902 0.048476 
903 -1.978559 
904 -0.876026 
905 -1.082212 
906 0.106817 
907 -1.742664 
908 -1.574872 
909 1.715149 
910 -0.433396 
911 -0.550889 
912 -0.612440 
913 -1.705329 
914 -0.437803 
915 -1.377261 
916 -2.031284 
917 1.372392 
918 1.711710 
919 1.604409 
920 -0.909882 
921 -1.399193 
922 -0.522226 
923 -1.306595 
924 -1.293534 
925 -0.298547 
926 -1.877077 
927 0.500562 
928 -1.568038 
929 -0.566708 
930 1.715149 
931 -1.901594 
932 -1.460711 
933 -1.633070 
934 -1.531444 
935 -1.839483 
936 -1.665040 
937 -0.550889 
938 -1.385864 
939 1.542269 
940 -0.119297 
941 -1.817958 
942 -1.657445 
943 -2.118220 
944 -1.740327 
945 -1.605351 
946 -1.630632 
947 -2.108062 
948 -2.132061 
949 -2.627526 
950 -1.568038 
951 -1.244477 
952 1.215463 
953 -1.066227 
954 -0.053293 
955 -2.026421 
956 -1.240286 
957 -1.782981 
958 -1.645281 
959 -1.163474 
960 -2.534361 
961 -1.973163 
962 -2.106980 
963 2.049688 
964 -1.817958 
965 -0.883854 
966 -0.880044 
967 -0.534748 
968 -1.648815 
969 -1.383428 
970 -1.877077 
971 -1.248816 
972 1.433531 
973 -1.229350 
974 -1.530359 
975 0.046826 
976 0.712067 
977 -0.670917 
978 -2.217999 
979 -1.920582 
980 -1.796725 
981 -1.528003 
982 -1.605351 
983 -1.371243 
984 -1.566274 
985 -1.481268 
986 -0.822741 
987 -1.574872 
988 2.645546 
989 -1.087128 
990 -0.756409 
991 -1.811462 
992 -1.286423 
993 1.359496 
994 -2.106980 
995 2.425025 
996 -0.247600 
997 -0.594596 
998 1.542269 
999 -1.347145 
1000 -2.627526 
1001 -1.309415 
1002 -1.943147 
1003 -1.699479 
1004 -1.517648 
1005 -1.791050 
1006 -1.321065 
1007 1.176499 
1008 -1.955165 
1009 -0.689356 
1010 -1.255836 
1011 -1.755742 
1012 -1.279543 
1013 -1.279543 
1014 -1.782981 
1015 -0.170923 
1016 -1.042628 
1017 -1.340113 
1018 -1.255836 
1019 -1.310565 
1020 -2.108062 
1021 -1.531444 
1022 1.389971 
1023 -1.657445 
1024 -0.534748 
1025 -0.983152 
1026 -0.195825 
1027 1.282909 
1028 -1.516946 
1029 -0.880044 
1030 1.188284 
1031 -2.106980 
1032 1.675804 
1033 -0.258914 
1034 -1.680210 
1035 1.468558 
1036 0.120064 
1037 -1.072561 
1038 -1.554938 
1039 -1.530359 
1040 -1.783160 
1041 -0.195825 
1042 -1.945163 
1043 -0.793155 
1044 3.127526 
1045 -2.108598 
1046 -1.953588 
1047 -1.172383 
1048 1.763103 
1049 -1.731056 
1050 0.009264 
1051 1.381763 
1052 1.468558 
1053 -1.590985 
1054 -0.939970 
1055 1.675804 
1056 -1.882882 
1057 1.546022 
1058 -0.750719 
1059 -1.255836 
1060 1.188284 
1061 -0.909882 
1062 -1.888918 
1063 -2.322813 
1064 -0.808910 
1065 -2.046364 
1066 0.034905 
1067 -0.864291 
1068 -1.965419 
1069 -1.337012 
1070 -1.203753 
1071 1.456804 
1072 -0.385208 
1073 -2.174661 
1074 -1.589818 
1075 -0.087968 
1076 -1.531452 
1077 -1.455573 
1078 -0.750719 
1079 -0.474895 
1080 -2.480643 
1081 -0.962538 
1082 -0.931954 
1083 -0.864754 
1084 -0.871905 
1085 -1.467386 
1086 -0.491335 
1087 1.375571 
1088 1.197061 
1089 -1.269679 
1090 -2.031284 
1091 -1.888918 
1092 1.238116 
1093 -1.325798 
1094 -0.729311 
1095 -0.897956 
1096 -0.547092 
1097 -2.031284 
1098 0.816661 
1099 -0.897956 
1100 -1.528003 
1101 -0.670917 
1102 -2.108062 
1103 -1.325798 
1104 -1.309415 
1105 1.842178 
1106 -1.817938 
1107 -1.017582 
1108 1.188284 
1109 -0.050936 
1110 -2.037043 
1111 -1.420154 
1112 -1.248816 
1113 0.324027 
1114 -1.911940 
1115 -1.754248 
1116 -1.668773 
1117 -1.295038 
1118 -1.574872 
1119 1.465506 
1120 -1.248816 
1121 -0.003385 
1122 -0.873434 
1123 -1.911940 
1124 1.389971 
1125 0.106946 
1126 0.072313 
1127 -0.998030 
1128 -1.029186 
1129 -2.183540 
1130 -1.965419 
1131 1.294614 
1132 -1.321065 
1133 -2.284161 
1134 -1.229350 
1135 0.072295 
1136 -1.755742 
1137 -2.534361 
1138 -1.630632 
1139 -1.980126 
1140 -2.737208 
1141 1.537989 
1142 0.024272 
1143 -2.283425 
1144 -0.722356 
1145 -1.163474 
1146 1.304626 
1147 1.363018 
1148 -2.172880 
1149 -1.748247 
1150 -1.347145 
1151 -1.383428 
1152 -0.873434 
1153 -1.676049 
1154 0.067435 
1155 1.791224 
1156 -1.017582 
1157 -1.901679 
1158 -0.022786 
1159 -2.063887 
1160 -0.735943 
1161 1.827534 
1162 0.418136 
1163 -1.611243 
1164 -1.060033 
1165 1.389971 
1166 -0.473840 
1167 -2.239404 
1168 0.034905 
1169 -1.171818 
1170 -1.995048 
1171 -0.497875 
1172 -0.962538 
1173 -1.295038 
1174 1.205779 
1175 -0.756409 
1176 1.490584 
1177 -1.657445 
1178 -1.476979 
1179 -0.793155 
1180 1.356541 
1181 1.756164 
1182 -1.783160 
1183 -1.980126 
1184 -1.755742 
1185 1.604409 
1186 -0.087968 
1187 -1.717666 
1188 -0.147654 
1189 1.304626 
1190 -1.325658 
1191 -1.908911 
1192 1.199686 
1193 0.106946 
1194 -2.108062 
1195 -0.488500 
1196 -2.172880 
1197 -1.601905 
1198 -0.094432 
1199 1.635304 
1200 1.436476 
1201 -0.618086 
1202 -0.721376 
1203 -1.143882 
1204 1.050215 
1205 -0.969867 
1206 -1.516946 
1207 0.024272 
1208 -1.253380 
1209 -1.371912 
1210 0.359186 
1211 -1.817958 
1212 -1.932362 
1213 1.586671 
1214 -1.041506 
1215 -0.643991 
1216 -0.310723 
1217 1.356541 
1218 1.199686 
1219 0.049184 
1220 -1.978559 
1221 -2.119760 
1222 -1.717666 
1223 -1.502137 
1224 -1.524637 
1225 -1.364547 
1226 -1.806872 
1227 0.048476 
1228 -1.971700 
1229 -1.455194 
1230 -1.791050 
1231 -1.568321 
1232 -2.075520 
1233 0.112095 
1234 -1.172383 
1235 -1.734494 
1236 2.110955 
1237 1.894158 
1238 -1.514501 
1239 -2.179935 
1240 -1.605351 
1241 -0.578376 
1242 -1.701630 
1243 -1.932362 
1244 -2.075520 
1245 -1.668773 
1246 -1.566230 
1247 -0.578376 
1248 -2.480643 
1249 -0.666209 
1250 -0.486648 
1251 -1.438590 
1252 -0.860285 
1253 -1.567562 
1254 -1.888918 
1255 -1.306595 
1256 1.586671 
1257 -1.850400 
1258 -0.522226 
1259 -2.645998 
1260 -2.065476 
1261 -1.649396 
1262 -1.817017 
1263 -2.052109 
1264 -0.132632 
1265 -1.705329 
1266 -1.012537 
1267 -1.605351 
1268 1.156532 
1269 -2.653343 
1270 -1.082212 
1271 -1.275736 
1272 -1.783160 
1273 -0.547092 
1274 -1.116486 
1275 -2.038122 
1276 -2.480643 
1277 -2.031284 
1278 -2.653343 
1279 -0.020438 
1280 -1.306595 
1281 -2.239404 
1282 1.498024 
1283 -1.506494 
1284 2.411478 
1285 -1.479440 
1286 -0.020438 
1287 1.668680 
1288 1.318021 
1289 -0.195825 
1290 -1.707948 
1291 -1.263730 
1292 -1.353453 
1293 -2.086070 
1294 2.123796 
1295 0.500562 
1296 -1.967397 
1297 -1.852124 
1298 0.103098 
1299 -1.995048 
1300 -0.926457 
1301 -2.046364 
1302 1.715149 
1303 -1.668773 
1304 -1.455194 
1305 -1.196302 
1306 -1.972588 
1307 -1.458526 
1308 -1.116486 
1309 -1.775016 
1310 0.023860 
1311 -1.568321 
1312 -0.612440 
1313 -1.972588 
1314 1.102184 
1315 1.652956 
1316 0.103098 
1317 -1.972588 
1318 -1.972588 
1319 1.261910 
1320 -0.888675 
1321 2.732528 
1322 -0.793155 
1323 1.894158 
1324 -0.685772 
1325 -2.151803 
1326 -1.429499 
1327 -0.835935 
1328 -2.172880 
1329 -2.172880 
1330 -2.239404 
1331 -1.668773 
1332 1.465506 
1333 -1.356896 
1334 1.199686 
1335 -2.063887 
1336 -1.734494 
1337 2.718198 
1338 -2.531758 
1339 1.498920 
1340 -1.420154 
1341 1.565863 
1342 1.622636 
1343 -1.105122 
1344 -0.926457 
1345 -0.550889 
1346 -1.911940 
1347 1.668680 
1348 1.634216 
1349 -2.201545 
1350 -0.286222 
1351 -0.594596 
1352 -1.616001 
1353 -0.490081 
1354 1.465506 
1355 -0.199745 
1356 -1.649396 
1357 -1.554938 
1358 -2.130066 
1359 -1.143882 
1360 -1.547984 
1361 -1.943147 
1362 1.546022 
1363 -2.284161 
1364 1.668680 
1365 0.791129 
1366 0.995650 
1367 -1.300093 
1368 -0.547721 
1369 1.050215 
1370 3.634058 
1371 -1.806872 
1372 -0.298547 
1373 1.356541 
1374 0.103098 
1375 -1.295038 
1376 1.579845 
1377 2.021465 
1378 -0.723403 
1379 -1.961869 
1380 -1.269402 
1381 -2.033654 
1382 1.537989 
1383 -1.818592 
1384 -1.248816 
1385 -1.394851 
1386 1.537989 
1387 -1.577181 
1388 -0.119297 
1389 -1.196302 
1390 -0.962538 
1391 1.356541 
1392 -0.626944 
1393 -2.075520 
1394 -0.119297 
1395 -1.868736 
1396 1.282909 
1397 -2.179935 
1398 -0.723403 
1399 1.353729 
1400 -0.666209 
1401 -0.926457 
1402 -1.804182 
1403 -0.833820 
1404 -1.417975 
1405 -0.045324 
1406 2.373242 
1407 -1.438590 
1408 -2.653343 
1409 -1.144052 
1410 -2.948163 
1411 -1.305490 
1412 -1.262321 
1413 1.894158 
1414 -0.279271 
1415 1.261910 
1416 -1.196302 
1417 -2.132061 
1418 -1.438590 
1419 1.498920 
1420 -1.699479 
1421 -1.626747 
1422 -1.783160 
1423 -0.570881 
1424 -1.520221 
1425 -1.444272 
1426 -1.177086 
1427 -1.356896 
1428 -1.740327 
1429 1.465506 
1430 -1.412639 
1431 -1.071978 
1432 -0.087968 
1433 -1.754248 
1434 1.261910 
1435 1.385714 
1436 -1.630632 
1437 -0.132632 
1438 -2.038122 
1439 1.359496 
1440 -1.017582 
1441 -0.472064 
1442 -0.929042 
1443 -1.524637 
1444 -1.817017 
1445 -1.666468 
1446 1.050215 
1447 -0.337083 
1448 1.353729 
1449 0.048476 
1450 -0.735943 
1451 -0.291567 
1452 -1.554938 
1453 2.727396 
1454 1.579845 
1455 -1.317629 
1456 -2.645998 
1457 -2.508247 
1458 1.842178 
1459 1.468558 
1460 -2.081673 
1461 -1.341264 
1462 -2.322813 
1463 -1.623786 
1464 -1.525633 
1465 -0.750719 
1466 -1.277685 
1467 -1.908911 
1468 -0.087968 
1469 -1.210620 
1470 -1.566230 
1471 1.517908 
1472 -1.481268 
1473 -2.132061 
1474 1.482881 
1475 1.842178 
1476 -0.876026 
1477 1.383678 
1478 -1.116486 
1479 -1.666468 
1480 -2.189254 
1481 1.874250 
1482 -1.438590 
1483 -1.868736 
1484 -1.908911 
1485 1.188284 
1486 -1.663777 
1487 -0.788702 
1488 -1.580690 
1489 -1.672218 
1490 -0.081506 
1491 -1.182902 
1492 -0.298547 
1493 -1.666468 
1494 -0.547092 
1495 -1.147676 
1496 1.261910 
1497 -1.623885 
1498 -1.053509 
1499 1.372392 
1500 -1.826482 
1501 -1.830305 
1502 -0.810962 
1503 0.106946 
1504 -1.718448 
1505 -1.017582 
1506 1.814299 
1507 -0.983374 
1508 -0.878230 
1509 -1.420154 
1510 -2.737208 
1511 -0.081506 
1512 -2.230176 
1513 1.508225 
1514 -1.953588 
1515 -1.676049 
1516 -0.554974 
1517 -0.817877 
