2851 1
1488 4.028426 
2791 3.689762 
2779 3.602937 
1748 3.205730 
2803 3.070397 
2772 3.016868 
2849 3.011693 
2204 2.791101 
2784 2.775441 
1723 2.754064 
2484 2.724670 
2479 2.715668 
710 2.692319 
1667 2.653285 
449 2.615699 
2491 2.528482 
1843 2.485645 
525 2.457818 
505 2.450167 
1755 2.449329 
1787 2.443903 
1815 2.437880 
575 2.432577 
585 2.431221 
2464 2.421254 
1738 2.393053 
368 2.392742 
1695 2.387995 
453 2.380162 
890 2.374786 
2744 2.367143 
206 2.363371 
477 2.354724 
806 2.345259 
2815 2.340651 
949 2.336483 
413 2.333040 
2503 2.330828 
1770 2.311874 
479 2.293947 
2211 2.288869 
1830 2.285213 
190 2.284100 
191 2.284071 
393 2.282217 
369 2.268465 
584 2.268411 
947 2.266721 
497 2.251053 
574 2.249553 
2767 2.246565 
383 2.240156 
1688 2.232085 
441 2.230368 
481 2.219214 
207 2.215938 
1733 2.214584 
774 2.211827 
2745 2.200815 
382 2.197498 
2222 2.191859 
948 2.191465 
2216 2.190543 
180 2.190127 
2223 2.185457 
181 2.183596 
775 2.183332 
423 2.174338 
524 2.168532 
918 2.167756 
807 2.164991 
1732 2.164531 
1487 2.163928 
891 2.158446 
2816 2.153543 
507 2.148022 
496 2.139673 
223 2.137919 
439 2.134372 
421 2.117187 
634 2.115920 
742 2.110261 
2189 2.106861 
384 2.103173 
919 2.102189 
1808 2.097902 
2490 2.094205 
1480 2.092395 
568 2.089885 
1802 2.080450 
410 2.078671 
385 2.073632 
743 2.072144 
466 2.071044 
451 2.069932 
1920 2.063967 
2188 2.058364 
1481 2.056253 
1771 2.052492 
1739 2.047308 
635 2.042331 
2756 2.037118 
866 2.036311 
411 2.033399 
711 2.024377 
2235 2.019549 
494 2.016384 
839 2.015239 
412 2.012764 
2757 2.004998 
1831 1.995594 
1495 1.991591 
395 1.982871 
569 1.977758 
674 1.977712 
467 1.970559 
438 1.967260 
2474 1.964854 
2176 1.960989 
2792 1.959055 
2804 1.952105 
424 1.937820 
2502 1.932819 
553 1.931373 
1845 1.926126 
2234 1.924890 
905 1.922513 
2199 1.916680 
867 1.915294 
469 1.914118 
509 1.910049 
2827 1.906908 
174 1.900641 
508 1.897729 
675 1.893664 
495 1.891702 
480 1.890286 
1669 1.890067 
2210 1.889196 
552 1.886460 
777 1.885221 
440 1.882135 
2463 1.879266 
396 1.876664 
746 1.876264 
838 1.873987 
175 1.870062 
2828 1.858478 
2246 1.848311 
222 1.842588 
397 1.833087 
425 1.831062 
169 1.830899 
1853 1.829846 
970 1.829394 
929 1.827693 
2217 1.827673 
2785 1.824358 
1717 1.823305 
1837 1.814062 
1682 1.811881 
2473 1.809674 
2797 1.809329 
2768 1.804699 
1911 1.803705 
748 1.802765 
2331 1.799747 
2780 1.799428 
1494 1.797804 
747 1.793988 
1718 1.793842 
925 1.793302 
2796 1.792676 
2809 1.789978 
1724 1.788414 
1921 1.779607 
2469 1.776170 
852 1.765790 
776 1.761412 
946 1.759240 
1912 1.757911 
2247 1.756992 
452 1.752153 
1399 1.749971 
1486 1.748677 
597 1.748324 
491 1.745986 
2454 1.738080 
1836 1.729819 
1471 1.729388 
1479 1.725279 
2478 1.722138 
904 1.721903 
1716 1.720746 
2229 1.719402 
1918 1.712255 
522 1.711259 
2228 1.706802 
712 1.704377 
562 1.702487 
2200 1.702177 
1694 1.698146 
924 1.696566 
676 1.695534 
2227 1.695272 
2336 1.694498 
106 1.690760 
1708 1.690614 
519 1.687359 
637 1.687080 
2453 1.686812 
2434 1.684228 
1332 1.682415 
907 1.682031 
1731 1.681486 
2313 1.680791 
1819 1.680654 
1753 1.679953 
2335 1.679545 
926 1.674968 
2839 1.674128 
1408 1.673924 
2444 1.671495 
19 1.666910 
1265 1.666440 
2252 1.665450 
1269 1.665257 
1429 1.663023 
2215 1.663023 
2236 1.662859 
1803 1.662138 
2264 1.660173 
1452 1.659119 
2493 1.657099 
1861 1.656700 
2328 1.655620 
1725 1.655491 
1746 1.654932 
1671 1.653729 
1430 1.653705 
1832 1.653373 
43 1.652863 
550 1.650748 
752 1.650575 
2840 1.649515 
1474 1.649191 
1706 1.647905 
2492 1.647450 
2358 1.645103 
108 1.644822 
903 1.644503 
1696 1.642793 
2403 1.642426 
566 1.641585 
971 1.641511 
1317 1.640601 
780 1.639489 
1790 1.637546 
2337 1.636122 
2769 1.635658 
2847 1.633756 
137 1.633205 
1307 1.633194 
899 1.631439 
2260 1.630266 
179 1.629855 
158 1.629696 
73 1.629599 
2424 1.629589 
2326 1.629500 
1478 1.629246 
148 1.629219 
71 1.628341 
2373 1.628189 
786 1.627718 
2341 1.627624 
1329 1.626494 
153 1.625809 
2361 1.625657 
532 1.625562 
1493 1.624867 
1670 1.624765 
2284 1.624104 
523 1.621877 
2250 1.621780 
781 1.621370 
1804 1.620157 
133 1.618345 
897 1.618046 
45 1.618019 
1359 1.616143 
2408 1.615885 
127 1.615787 
808 1.615486 
1818 1.615481 
1715 1.614658 
1686 1.613043 
1395 1.610998 
365 1.610451 
1364 1.609774 
716 1.608257 
1381 1.607731 
2342 1.607233 
1340 1.606047 
159 1.605997 
1438 1.605905 
2410 1.605442 
1398 1.604613 
1333 1.603908 
881 1.603896 
1859 1.603845 
902 1.603684 
1821 1.602710 
38 1.602632 
2396 1.602287 
14 1.602192 
1427 1.602084 
31 1.600550 
2378 1.600282 
66 1.600264 
1758 1.599801 
1282 1.599515 
104 1.598874 
1869 1.598849 
2413 1.598794 
10 1.598667 
1376 1.597755 
74 1.597607 
2459 1.597412 
2270 1.596960 
1838 1.595848 
57 1.594595 
1391 1.594414 
1702 1.594143 
2821 1.593825 
2437 1.593799 
2277 1.593604 
2306 1.593559 
1289 1.593264 
1283 1.592666 
2253 1.592621 
1773 1.592491 
2230 1.592378 
2294 1.590964 
2271 1.590736 
78 1.590572 
787 1.590295 
595 1.589927 
1347 1.589771 
1297 1.589728 
1894 1.589342 
59 1.589147 
567 1.588963 
2203 1.588950 
2254 1.588650 
537 1.588556 
1892 1.588486 
1343 1.588111 
1865 1.587684 
2346 1.586796 
1255 1.586548 
683 1.585710 
1680 1.585220 
1349 1.585090 
2316 1.584941 
1451 1.584324 
2321 1.583723 
2205 1.583315 
2350 1.583251 
682 1.583118 
132 1.582225 
37 1.581463 
592 1.581027 
1322 1.580869 
1891 1.580668 
143 1.579374 
1287 1.578701 
1885 1.578651 
2265 1.578562 
1772 1.577962 
2393 1.577843 
5 1.577602 
814 1.577555 
1683 1.576772 
2423 1.576753 
1684 1.576717 
178 1.576477 
1355 1.576399 
2198 1.576398 
131 1.576284 
23 1.576272 
2258 1.576109 
1448 1.576036 
846 1.575319 
875 1.574182 
1310 1.574039 
2355 1.573824 
1250 1.573717 
2241 1.573694 
1276 1.573580 
52 1.573457 
2833 1.573044 
2289 1.572873 
2406 1.572831 
2427 1.572800 
130 1.572363 
2451 1.572234 
2440 1.571493 
1258 1.571461 
1472 1.571390 
124 1.571070 
1889 1.570730 
91 1.570505 
2359 1.570066 
1339 1.570047 
2281 1.569663 
2365 1.569510 
139 1.568848 
129 1.568678 
98 1.568225 
2291 1.568100 
2447 1.567465 
539 1.567138 
2431 1.566800 
1318 1.566249 
80 1.565835 
1324 1.565773 
892 1.565488 
1410 1.565323 
2407 1.565241 
136 1.565179 
1465 1.564650 
721 1.564633 
2308 1.564525 
2318 1.564234 
1420 1.563782 
576 1.563541 
11 1.563366 
118 1.562985 
1786 1.562762 
152 1.562463 
878 1.562384 
2404 1.561881 
1817 1.561880 
1846 1.561637 
809 1.561231 
1763 1.561085 
2290 1.560983 
1338 1.560679 
1294 1.560413 
141 1.560313 
534 1.559848 
1375 1.559352 
1298 1.558828 
32 1.557987 
1305 1.557587 
60 1.557069 
1754 1.556345 
2312 1.555046 
789 1.555042 
1868 1.554823 
1876 1.554655 
2366 1.553251 
1897 1.553210 
2370 1.552888 
2257 1.552562 
21 1.552019 
868 1.551834 
869 1.551803 
788 1.551543 
2390 1.551408 
2240 1.551043 
640 1.550950 
2224 1.550824 
95 1.550432 
1441 1.550306 
2332 1.550054 
167 1.550025 
1884 1.549022 
819 1.548885 
1709 1.548617 
720 1.548564 
754 1.548499 
677 1.548380 
2311 1.548244 
1262 1.548164 
1406 1.547510 
2416 1.547248 
2433 1.547061 
813 1.546948 
1247 1.546928 
1374 1.546842 
1303 1.546833 
849 1.546548 
1393 1.546177 
2381 1.545385 
1473 1.545246 
7 1.544541 
1392 1.544527 
2275 1.544497 
1762 1.544453 
2272 1.544410 
102 1.544394 
1416 1.544188 
3 1.544058 
1331 1.543653 
2371 1.543530 
784 1.543361 
155 1.543259 
521 1.542883 
1407 1.542731 
101 1.542715 
944 1.542713 
1328 1.542517 
582 1.542076 
1274 1.541997 
166 1.541885 
2420 1.541523 
1903 1.541131 
1377 1.541033 
2 1.540720 
1387 1.540504 
1864 1.540418 
2376 1.540359 
2385 1.540226 
2480 1.539789 
1847 1.539775 
1301 1.539491 
53 1.539186 
2333 1.539184 
27 1.539129 
2368 1.538751 
144 1.538579 
2305 1.538411 
817 1.538275 
2307 1.538027 
1346 1.537820 
1788 1.537632 
1403 1.537507 
1418 1.537053 
1462 1.536909 
2364 1.536707 
1467 1.536448 
1443 1.536348 
1432 1.536188 
99 1.536031 
1857 1.536000 
35 1.535426 
1875 1.535045 
1905 1.534700 
1363 1.534639 
1382 1.534599 
2418 1.534585 
2297 1.534500 
1463 1.534467 
1286 1.534174 
1273 1.533767 
1464 1.533280 
1890 1.532876 
1414 1.532848 
1848 1.532533 
77 1.531889 
2386 1.531678 
2441 1.531671 
2283 1.531586 
1311 1.531521 
1851 1.531463 
845 1.531167 
779 1.531038 
50 1.531026 
2439 1.531019 
1369 1.530953 
840 1.530874 
62 1.530596 
1459 1.530563 
906 1.530562 
560 1.530512 
2382 1.530305 
718 1.530023 
1855 1.529648 
1741 1.529473 
1326 1.529385 
2388 1.529339 
1314 1.529230 
88 1.529221 
82 1.529213 
841 1.528390 
2458 1.527899 
1880 1.527795 
2273 1.527025 
1740 1.526567 
192 1.526474 
643 1.525877 
1261 1.525132 
1257 1.524846 
76 1.524823 
13 1.524315 
719 1.524176 
46 1.523280 
161 1.523252 
1437 1.523192 
818 1.523141 
1434 1.522904 
2436 1.522857 
1268 1.522797 
2409 1.522772 
2394 1.522668 
70 1.522627 
92 1.522531 
1904 1.522421 
93 1.522275 
2397 1.521741 
17 1.521615 
1712 1.521608 
120 1.521583 
48 1.520932 
2259 1.520844 
1703 1.520787 
1279 1.520701 
67 1.520671 
1747 1.520361 
2383 1.520144 
583 1.519942 
2448 1.519912 
921 1.519839 
96 1.519584 
1858 1.519415 
848 1.519337 
1272 1.519310 
1874 1.518533 
81 1.518169 
1389 1.517869 
86 1.517743 
642 1.517659 
2467 1.517623 
1244 1.517126 
25 1.517076 
1440 1.516866 
1714 1.516829 
1879 1.516793 
2293 1.516673 
1913 1.516516 
589 1.516366 
1806 1.516183 
2379 1.515980 
1254 1.515733 
2389 1.515314 
1871 1.515300 
87 1.515292 
1321 1.515241 
2820 1.515203 
1348 1.514662 
1687 1.514501 
2428 1.514297 
1277 1.514268 
2351 1.514178 
146 1.514175 
1249 1.514127 
1362 1.513659 
1444 1.513164 
822 1.512795 
847 1.512784 
1856 1.512441 
920 1.512103 
112 1.512015 
2438 1.511909 
2345 1.511848 
41 1.511750 
2327 1.511647 
1419 1.511571 
1370 1.511300 
128 1.511196 
1852 1.510998 
49 1.510935 
2267 1.510502 
1919 1.510468 
1270 1.510384 
65 1.510199 
2372 1.509513 
1336 1.509273 
29 1.509015 
1361 1.508733 
2793 1.508682 
548 1.508595 
109 1.508454 
873 1.508341 
68 1.507905 
125 1.507845 
2430 1.507679 
1445 1.507626 
83 1.507541 
122 1.507207 
163 1.506982 
1881 1.506947 
1323 1.506911 
134 1.506809 
896 1.506408 
2443 1.506342 
2392 1.506234 
1699 1.506010 
2481 1.505932 
2249 1.505626 
51 1.505626 
157 1.505355 
1400 1.504081 
1431 1.503626 
2483 1.503598 
1251 1.503572 
1353 1.503477 
1412 1.503407 
757 1.503045 
2317 1.503020 
1302 1.502867 
2300 1.502311 
1901 1.502302 
2375 1.502173 
1422 1.501815 
755 1.501627 
1365 1.501499 
1356 1.501347 
2343 1.501156 
1379 1.500950 
2808 1.500938 
901 1.500724 
2285 1.500665 
2352 1.500239 
85 1.500216 
2347 1.499912 
783 1.499843 
2348 1.499485 
90 1.498903 
1246 1.498117 
30 1.497949 
1360 1.497335 
2296 1.497058 
2367 1.497053 
1450 1.496858 
756 1.496777 
2362 1.496730 
1384 1.496685 
1344 1.496615 
1878 1.496422 
596 1.496223 
111 1.496190 
1308 1.496129 
1729 1.495519 
1312 1.495088 
641 1.495086 
1350 1.494762 
1385 1.493395 
2212 1.492668 
1887 1.492441 
2263 1.492255 
2449 1.491987 
2314 1.491921 
55 1.491863 
1866 1.491744 
679 1.491734 
588 1.491460 
15 1.491202 
1470 1.491181 
851 1.491037 
923 1.490935 
1368 1.490758 
151 1.490655 
879 1.490557 
1710 1.490369 
1726 1.490112 
1304 1.489849 
8 1.489686 
2322 1.489612 
1290 1.489550 
1280 1.489470 
114 1.489370 
1373 1.489080 
1900 1.487885 
1469 1.487874 
1698 1.487588 
2262 1.487528 
1278 1.487009 
2846 1.486848 
2834 1.486821 
1896 1.486307 
927 1.486161 
1873 1.485900 
1372 1.485515 
2377 1.485514 
2282 1.485456 
1415 1.485445 
1426 1.485340 
1296 1.484842 
1313 1.484820 
1404 1.484552 
1895 1.484465 
2301 1.484446 
1354 1.484219 
2387 1.484168 
1341 1.484123 
872 1.484069 
2309 1.484005 
1319 1.483845 
2274 1.483801 
1446 1.483731 
63 1.483699 
1253 1.483273 
823 1.482183 
871 1.482013 
1291 1.481918 
1823 1.481768 
1711 1.481646 
1315 1.481216 
636 1.481072 
24 1.480627 
821 1.480525 
1345 1.480482 
47 1.480422 
1458 1.480299 
1730 1.480224 
1409 1.479952 
2402 1.479829 
107 1.479722 
1778 1.479673 
1805 1.479495 
2302 1.478654 
922 1.478345 
815 1.478303 
1907 1.477965 
1263 1.477420 
9 1.477334 
79 1.477060 
538 1.476932 
1266 1.476362 
2279 1.476354 
117 1.476124 
1439 1.475883 
880 1.475796 
2432 1.475767 
33 1.474983 
160 1.474715 
816 1.474622 
89 1.473526 
20 1.473114 
812 1.472831 
843 1.472582 
1351 1.472579 
54 1.472548 
535 1.472447 
1357 1.472227 
2269 1.472138 
1433 1.471824 
782 1.471824 
1252 1.471809 
2356 1.471375 
850 1.471244 
126 1.471193 
1466 1.471151 
536 1.470934 
1822 1.470878 
1756 1.470702 
1293 1.470656 
1882 1.470195 
790 1.470043 
564 1.469816 
1917 1.469568 
2384 1.468881 
2310 1.468672 
2295 1.468487 
598 1.468439 
2414 1.467651 
1761 1.467449 
97 1.467104 
1910 1.467092 
1867 1.466694 
680 1.466514 
150 1.465497 
2248 1.465441 
2303 1.465308 
2457 1.465221 
2810 1.465092 
2844 1.464949 
1421 1.464878 
1785 1.464773 
820 1.464431 
2468 1.463982 
2426 1.463666 
2299 1.463654 
551 1.463344 
115 1.463339 
1334 1.463304 
164 1.462519 
42 1.462473 
2442 1.462368 
1727 1.462250 
1388 1.462115 
2401 1.461753 
1281 1.461324 
1325 1.461286 
2446 1.461132 
100 1.460707 
2422 1.459841 
2239 1.459554 
2805 1.459405 
593 1.457996 
1352 1.457975 
6 1.457729 
2822 1.457672 
898 1.457470 
1259 1.457277 
1245 1.457249 
1457 1.456949 
2395 1.456343 
2369 1.456303 
2411 1.455958 
1906 1.455063 
44 1.454077 
565 1.453830 
2501 1.453794 
1386 1.453113 
791 1.452823 
149 1.452583 
1883 1.451805 
1898 1.451373 
140 1.450984 
2460 1.450955 
577 1.450791 
1449 1.450682 
2419 1.450475 
162 1.450452 
1908 1.450303 
1358 1.450264 
1461 1.450022 
1760 1.449715 
36 1.449516 
1860 1.449153 
1342 1.448839 
563 1.448648 
61 1.448586 
893 1.448556 
2251 1.448383 
874 1.448328 
1877 1.448145 
1834 1.447906 
1759 1.447710 
1378 1.447681 
26 1.447577 
2304 1.447282 
2841 1.447210 
1394 1.447175 
894 1.446598 
2398 1.446040 
1893 1.445784 
1685 1.445606 
591 1.445147 
116 1.445078 
2278 1.444508 
1367 1.444331 
1425 1.444040 
638 1.443768 
113 1.443084 
877 1.442461 
1454 1.442280 
1264 1.441969 
1757 1.441903 
1902 1.441890 
1371 1.441787 
1300 1.441709 
1292 1.441700 
594 1.441571 
561 1.441352 
1284 1.440815 
2325 1.440411 
2363 1.440411 
1401 1.440089 
1776 1.439674 
1260 1.439638 
1285 1.439456 
2462 1.439385 
1701 1.439376 
1447 1.439273 
2456 1.438757 
121 1.438637 
1886 1.438501 
1411 1.438236 
119 1.437825 
1850 1.437287 
1697 1.437006 
2412 1.436440 
533 1.435630 
1295 1.435317 
2470 1.435191 
22 1.434829 
1436 1.434654 
2349 1.434167 
2374 1.434010 
1899 1.433782 
1309 1.433682 
34 1.432577 
842 1.432494 
2417 1.431891 
1453 1.431666 
2817 1.431544 
749 1.431384 
1417 1.431064 
2391 1.430755 
853 1.430529 
147 1.430272 
75 1.430140 
1413 1.429819 
12 1.429471 
2399 1.429347 
1789 1.429010 
2330 1.428380 
193 1.427708 
753 1.427671 
1863 1.427456 
1693 1.427192 
145 1.425404 
1914 1.425380 
154 1.425269 
2400 1.424701 
64 1.424447 
194 1.424080 
2338 1.423827 
2288 1.423749 
844 1.423748 
599 1.422743 
2360 1.422665 
1366 1.422614 
1271 1.421319 
2266 1.421237 
2380 1.420316 
28 1.420216 
2429 1.420119 
1337 1.419888 
2202 1.419849 
2255 1.419659 
39 1.419558 
2353 1.418728 
123 1.418162 
1791 1.417862 
1870 1.417088 
1 1.417005 
811 1.416838 
876 1.416821 
56 1.416731 
2237 1.414975 
2315 1.414610 
2811 1.414237 
40 1.413921 
2261 1.413091 
1299 1.411329 
58 1.410892 
2832 1.410546 
1862 1.410166 
895 1.410134 
468 1.409817 
1468 1.409725 
2824 1.408974 
713 1.408595 
1456 1.408483 
578 1.408391 
1807 1.408301 
2354 1.407933 
2773 1.407661 
2286 1.407629 
1681 1.407462 
135 1.407316 
2242 1.406673 
1256 1.406453 
2320 1.406410 
928 1.405260 
2276 1.404900 
4 1.404831 
1442 1.404512 
110 1.404238 
2214 1.404107 
681 1.404042 
1841 1.403623 
590 1.403369 
2425 1.403159 
1424 1.402762 
1288 1.401785 
1833 1.401670 
1327 1.401303 
1390 1.399768 
1402 1.399252 
84 1.399144 
900 1.398609 
717 1.398599 
1380 1.398335 
426 1.398261 
1713 1.397829 
1397 1.397336 
2421 1.397008 
579 1.396803 
1915 1.396772 
2835 1.396577 
2823 1.396517 
2755 1.395855 
1306 1.395831 
1423 1.395216 
18 1.394549 
1455 1.393947 
1775 1.393825 
367 1.392822 
1842 1.392715 
2238 1.392526 
16 1.391757 
678 1.391014 
105 1.390662 
1742 1.389437 
1320 1.388492 
1800 1.388247 
1849 1.387755 
1872 1.387744 
1476 1.387433 
437 1.387130 
142 1.387117 
2836 1.386522 
1835 1.385910 
2781 1.385751 
2405 1.385459 
870 1.385014 
493 1.384885 
549 1.384712 
103 1.383627 
176 1.382152 
1383 1.381995 
69 1.381554 
94 1.380693 
1888 1.380537 
2323 1.380398 
1330 1.380240 
580 1.379693 
1435 1.379552 
195 1.378642 
1460 1.377962 
2482 1.376792 
714 1.376661 
810 1.375677 
1485 1.375360 
750 1.375350 
138 1.373660 
1275 1.372768 
1248 1.372639 
546 1.372015 
2298 1.371790 
177 1.371546 
2292 1.371105 
172 1.370659 
1743 1.370265 
1405 1.370232 
72 1.365904 
435 1.364731 
1774 1.364349 
2340 1.362916 
465 1.361704 
1744 1.361494 
2450 1.361237 
2819 1.361183 
2201 1.360999 
1668 1.358832 
2344 1.358815 
2798 1.358728 
2329 1.358435 
2226 1.358131 
2452 1.357870 
2287 1.356886 
1477 1.351766 
1316 1.351743 
945 1.350627 
673 1.350184 
1820 1.348393 
554 1.348382 
1335 1.347874 
2472 1.341904 
1267 1.340917 
2829 1.338914 
518 1.338654 
2494 1.338652 
2843 1.337727 
1396 1.337310 
785 1.337097 
2435 1.333675 
2770 1.333285 
1909 1.333168 
581 1.333041 
2842 1.332081 
1721 1.329300 
2845 1.329193 
1801 1.328473 
1777 1.327398 
1792 1.325431 
672 1.324309 
2818 1.321091 
2357 1.319901 
2848 1.318325 
2334 1.316897 
2244 1.316788 
751 1.316108 
156 1.315334 
2256 1.314531 
1728 1.311411 
208 1.309303 
1745 1.305377 
209 1.303649 
168 1.302413 
639 1.302007 
2783 1.301921 
2445 1.300453 
165 1.300308 
2830 1.298066 
2280 1.297868 
715 1.296438 
745 1.293918 
2825 1.293175 
2213 1.291759 
2268 1.288117 
399 1.287447 
2319 1.286418 
427 1.285274 
2339 1.283059 
2837 1.281698 
2415 1.279126 
2225 1.278328 
2471 1.277971 
1707 1.275049 
570 1.274500 
778 1.273715 
1700 1.270215 
2243 1.269882 
541 1.265945 
2461 1.264542 
1793 1.263474 
836 1.260518 
398 1.258007 
2807 1.254632 
1654 1.254350 
2831 1.253791 
173 1.250420 
2324 1.249535 
2743 1.248215 
1672 1.246272 
409 1.245061 
407 1.242839 
2838 1.231178 
520 1.230225 
2813 1.228984 
2795 1.226062 
171 1.225763 
0 1.218361 
2782 1.208036 
744 1.206165 
1722 1.196425 
547 1.193908 
864 1.192511 
2746 1.189883 
2514 1.180400 
1854 1.177631 
2806 1.175842 
1428 1.170617 
930 1.169615 
2231 1.167663 
1922 1.166688 
2466 1.163420 
2812 1.161931 
2799 1.157077 
2826 1.155708 
571 1.154901 
2191 1.152919 
2850 1.149637 
463 1.148736 
2771 1.142371 
2814 1.140452 
2218 1.136335 
1916 1.135146 
2455 1.129885 
1816 1.129545 
555 1.127706 
2190 1.118990 
2245 1.115438 
865 1.114659 
2794 1.111406 
1475 1.109852 
837 1.089401 
510 1.088412 
931 1.088267 
2758 1.074277 
2504 1.068022 
540 1.064774 
916 1.062047 
2192 1.058479 
379 1.054991 
2187 1.053907 
204 1.049265 
2734 1.048045 
2513 1.038075 
511 1.034453 
2786 1.022757 
221 1.021085 
1923 1.017199 
1673 1.016055 
1736 1.015132 
633 1.009828 
220 1.005807 
2232 0.998968 
381 0.993998 
632 0.986848 
1844 0.984880 
2800 0.967506 
601 0.966492 
2465 0.958970 
973 0.958828 
1840 0.955633 
1484 0.922246 
2733 0.916294 
1483 0.913241 
586 0.901256 
2500 0.896716 
600 0.893415 
170 0.889560 
2735 0.888657 
1737 0.886165 
1678 0.880349 
506 0.873871 
455 0.861980 
1769 0.860208 
1665 0.855338 
2233 0.849644 
1829 0.848903 
2477 0.848709 
2801 0.843129 
483 0.830464 
1828 0.825058 
942 0.818354 
917 0.816606 
2186 0.800420 
1768 0.796874 
2489 0.792538 
205 0.781536 
371 0.766023 
482 0.759206 
1492 0.745011 
587 0.741346 
454 0.737280 
1839 0.733877 
2802 0.721666 
2512 0.715564 
504 0.703298 
1679 0.698143 
2759 0.687367 
1482 0.678458 
370 0.678172 
2760 0.664721 
933 0.663953 
709 0.636826 
969 0.629269 
188 0.607501 
708 0.577866 
2219 0.572048 
951 0.566128 
2787 0.546735 
968 0.538968 
189 0.504416 
2175 0.489159 
741 0.472424 
527 0.457126 
1666 0.416297 
1652 0.413574 
972 0.407529 
2524 0.396579 
1813 0.336443 
804 0.326018 
943 0.318221 
950 0.306203 
490 0.290411 
1751 0.288107 
526 0.286168 
2523 0.213930 
478 0.208760 
2174 0.191708 
448 0.190344 
476 0.189883 
2206 0.185489 
2220 0.185149 
1656 0.176095 
2193 0.172605 
2221 0.164060 
1752 0.154937 
450 0.140162 
2488 0.134527 
2790 0.131361 
2476 0.119742 
2788 0.117762 
355 0.113033 
415 0.110790 
492 0.110596 
2789 0.109515 
354 0.108600 
2736 0.106169 
740 0.093059 
1502 0.090944 
1784 0.088911 
1783 0.086375 
1490 0.080989 
414 0.078615 
1657 0.074661 
2747 0.071599 
773 0.067538 
1798 0.052472 
1692 0.050196 
434 0.049682 
888 0.026819 
1655 0.023253 
462 0.019676 
1814 0.018116 
932 0.015674 
400 -0.001672 
2774 -0.012956 
2721 -0.015211 
436 -0.031772 
401 -0.038547 
805 -0.040412 
556 -0.050225 
2761 -0.054893 
772 -0.056471 
1501 -0.071473 
1658 -0.074061 
2162 -0.075398 
2511 -0.083827 
1489 -0.095547 
1500 -0.096527 
1491 -0.096773 
573 -0.098061 
380 -0.098629 
512 -0.102947 
464 -0.105017 
862 -0.107742 
2163 -0.148257 
420 -0.152242 
1691 -0.152564 
2722 -0.152805 
351 -0.164638 
557 -0.174815 
236 -0.179725 
513 -0.186202 
237 -0.198956 
834 -0.199168 
429 -0.201660 
387 -0.214708 
392 -0.216383 
2475 -0.219123 
406 -0.230084 
572 -0.236379 
2534 -0.244839 
1826 -0.268834 
835 -0.269580 
428 -0.298840 
457 -0.299573 
2177 -0.301808 
863 -0.339496 
630 -0.340167 
2723 -0.344322 
408 -0.354056 
670 -0.367248 
394 -0.368123 
2522 -0.386102 
889 -0.396921 
378 -0.403187 
1766 -0.407336 
1799 -0.409714 
2778 -0.419459 
631 -0.419719 
422 -0.425935 
485 -0.434706 
499 -0.434791 
2777 -0.446804 
1663 -0.470849 
1824 -0.475577 
203 -0.487937 
456 -0.490930 
671 -0.492447 
2209 -0.495172 
1719 -0.496310 
2150 -0.507029 
2776 -0.510464 
443 -0.526190 
2499 -0.531595 
2533 -0.532182 
1734 -0.535671 
1653 -0.560955 
498 -0.573411 
2510 -0.574444 
442 -0.596266 
1735 -0.603721 
2748 -0.611862 
2487 -0.623968 
219 -0.655403 
706 -0.660307 
484 -0.671089 
353 -0.682785 
1767 -0.694934 
356 -0.702182 
202 -0.706150 
357 -0.706557 
2208 -0.707536 
952 -0.715190 
2709 -0.718903 
2180 -0.720189 
707 -0.721977 
738 -0.724037 
373 -0.736991 
218 -0.743086 
183 -0.746668 
386 -0.747127 
2544 -0.758467 
2737 -0.770746 
2151 -0.776290 
2164 -0.782834 
966 -0.787772 
2532 -0.795265 
2207 -0.800297 
2775 -0.806481 
372 -0.807346 
186 -0.823636 
914 -0.830256 
2181 -0.831722 
953 -0.851494 
1720 -0.860684 
182 -0.874531 
350 -0.876324 
1650 -0.881405 
2699 -0.882752 
915 -0.890502 
1825 -0.898398 
2724 -0.902184 
1509 -0.926443 
1827 -0.941373 
739 -0.951754 
1749 -0.962673 
967 -0.985074 
2077 -0.991444 
2710 -0.994210 
2168 -1.003221 
187 -1.016338 
234 -1.020886 
471 -1.021872 
235 -1.025867 
1750 -1.041300 
2717 -1.041302 
2089 -1.046347 
529 -1.057383 
2498 -1.073504 
2705 -1.083817 
990 -1.088578 
1499 -1.097970 
1664 -1.111225 
528 -1.112017 
1508 -1.112845 
2716 -1.113162 
1639 -1.130018 
2101 -1.130460 
1651 -1.138509 
992 -1.138643 
2156 -1.141388 
2729 -1.144800 
993 -1.145779 
2157 -1.148017 
2564 -1.148062 
2138 -1.159306 
2749 -1.163964 
2687 -1.165695 
2169 -1.166922 
1552 -1.167606 
2076 -1.175338 
2485 -1.184760 
2179 -1.185294 
417 -1.185543 
2543 -1.186006 
2145 -1.188759 
470 -1.199697 
339 -1.203713 
2088 -1.203820 
2197 -1.210262 
2144 -1.211427 
542 -1.220156 
416 -1.224815 
1781 -1.225766 
1661 -1.234475 
770 -1.235397 
2704 -1.235728 
1635 -1.247150 
1637 -1.251536 
886 -1.254049 
2065 -1.254303 
2554 -1.255744 
2521 -1.257703 
2064 -1.257792 
1811 -1.276187 
1994 -1.278390 
2711 -1.279977 
2754 -1.283047 
2762 -1.285083 
2006 -1.287550 
2531 -1.287668 
2165 -1.288704 
445 -1.289444 
2538 -1.290634 
991 -1.297063 
543 -1.297934 
1782 -1.299724 
227 -1.300006 
997 -1.300999 
473 -1.302553 
2547 -1.302821 
2075 -1.303956 
2113 -1.304729 
361 -1.304767 
2152 -1.306905 
2542 -1.312865 
2700 -1.313707 
1947 -1.313973 
1507 -1.315048 
1982 -1.315066 
1926 -1.315104 
1568 -1.316222 
1966 -1.317681 
1995 -1.317710 
2706 -1.317931 
1046 -1.318286 
364 -1.318362 
2527 -1.320127 
2574 -1.320586 
2178 -1.322627 
908 -1.322770 
2578 -1.323862 
1516 -1.324268 
2766 -1.324278 
1571 -1.324657 
887 -1.327604 
1067 -1.328619 
1497 -1.328795 
2133 -1.329072 
2753 -1.329426 
1978 -1.329473 
2053 -1.331132 
2584 -1.332437 
2765 -1.333266 
1513 -1.335680 
956 -1.336151 
960 -1.337887 
1205 -1.338687 
1002 -1.338979 
2644 -1.339282 
1239 -1.342496 
333 -1.342504 
2553 -1.345266 
857 -1.346036 
291 -1.346417 
1976 -1.347337 
1972 -1.347700 
1243 -1.349047 
1647 -1.349679 
363 -1.349698 
1939 -1.349853 
696 -1.351170 
1958 -1.351467 
345 -1.352325 
2581 -1.352345 
298 -1.352510 
2718 -1.354989 
1532 -1.356744 
323 -1.357089 
1952 -1.357829 
2681 -1.359651 
2062 -1.360926 
229 -1.361127 
255 -1.361918 
2559 -1.363079 
828 -1.363601 
301 -1.363686 
1609 -1.365114 
1009 -1.365519 
1934 -1.365837 
1522 -1.366371 
2643 -1.368753 
2029 -1.369352 
2587 -1.369492 
294 -1.369789 
1704 -1.369844 
802 -1.370298 
983 -1.370566 
2730 -1.371013 
2082 -1.371389 
1980 -1.371521 
1970 -1.372188 
645 -1.372631 
366 -1.374379 
1047 -1.374484 
883 -1.375405 
1233 -1.376369 
825 -1.376614 
1014 -1.377047 
1553 -1.377059 
1123 -1.377256 
1547 -1.377256 
882 -1.377687 
2071 -1.378026 
1974 -1.378442 
1225 -1.378559 
1932 -1.380687 
2712 -1.381020 
2194 -1.383011 
1964 -1.383321 
2139 -1.383814 
1705 -1.384643 
2012 -1.385593 
1615 -1.385645 
977 -1.385708 
1156 -1.385810 
1194 -1.387556 
212 -1.388033 
766 -1.388319 
1118 -1.389829 
2677 -1.390357 
2655 -1.390452 
1962 -1.390603 
2143 -1.390684 
1996 -1.392429 
2045 -1.392618 
2100 -1.394465 
2112 -1.395057 
2696 -1.395989 
279 -1.396986 
2099 -1.397546 
664 -1.397572 
1053 -1.397945 
733 -1.398306 
2563 -1.398595 
2631 -1.398817 
1949 -1.399663 
610 -1.399705 
2591 -1.400068 
2548 -1.400395 
2125 -1.401068 
1083 -1.401736 
1546 -1.402688 
337 -1.402796 
910 -1.404284 
2728 -1.404321 
1538 -1.405788 
1524 -1.407186 
1550 -1.407284 
1953 -1.408695 
1213 -1.409017 
245 -1.409902 
2558 -1.410311 
2146 -1.410533 
360 -1.411081 
765 -1.411211 
254 -1.411450 
1195 -1.411940 
1061 -1.412469 
2604 -1.412520 
325 -1.412725 
185 -1.412791 
1018 -1.412804 
2602 -1.413909 
1646 -1.413928 
1941 -1.414080 
2611 -1.414187 
2519 -1.414723 
2069 -1.416245 
981 -1.416511 
2582 -1.416513 
305 -1.416757 
985 -1.417861 
2123 -1.417931 
1984 -1.418327 
1999 -1.418504 
1088 -1.418663 
2051 -1.418758 
1583 -1.419024 
1587 -1.419096 
1229 -1.419114 
1023 -1.419206 
1169 -1.419212 
2594 -1.419235 
1005 -1.419788 
1135 -1.420448 
1001 -1.420756 
1111 -1.420904 
1988 -1.421341 
665 -1.421426 
2567 -1.421711 
2518 -1.421789 
244 -1.422158 
2539 -1.422634 
213 -1.422642 
1027 -1.422763 
214 -1.423011 
2046 -1.423077 
1117 -1.423595 
2039 -1.423921 
2675 -1.424558 
2095 -1.424579 
1196 -1.424787 
1603 -1.424863 
346 -1.424895 
2132 -1.425151 
1565 -1.425471 
1147 -1.426037 
1933 -1.426210 
2070 -1.427397 
2007 -1.427490 
275 -1.427536 
264 -1.427552 
606 -1.427711 
1561 -1.427942 
1206 -1.428069 
1209 -1.428079 
1573 -1.428367 
1960 -1.428439 
605 -1.428568 
2087 -1.428623 
1948 -1.428926 
2108 -1.429153 
1179 -1.429245 
1618 -1.429264 
2486 -1.429493 
1616 -1.429960 
1622 -1.430002 
1138 -1.430434 
1187 -1.430580 
1938 -1.431710 
695 -1.431754 
2607 -1.432470 
231 -1.432555 
1021 -1.432768 
730 -1.432831 
1152 -1.433280 
1530 -1.434021 
1582 -1.434285 
1163 -1.434316 
961 -1.434367 
240 -1.434606 
1540 -1.434626 
2094 -1.434824 
292 -1.434945 
1987 -1.434990 
1175 -1.435006 
2632 -1.435134 
858 -1.435191 
2676 -1.435393 
697 -1.435544 
2668 -1.436600 
474 -1.437305 
1968 -1.437957 
1579 -1.438420 
1050 -1.438543 
688 -1.438694 
340 -1.438890 
2049 -1.440081 
2000 -1.440339 
1059 -1.440434 
341 -1.440734 
2131 -1.440899 
1931 -1.441020 
2063 -1.441289 
1536 -1.441390 
1040 -1.442496 
2613 -1.442565 
2106 -1.442600 
266 -1.442848 
1188 -1.443304 
1563 -1.443726 
1127 -1.444288 
854 -1.444427 
1576 -1.444459 
1534 -1.445764 
1624 -1.445975 
662 -1.446470 
986 -1.446988 
604 -1.447046 
1222 -1.447273 
226 -1.447662 
2034 -1.447920 
388 -1.448162 
1605 -1.448516 
1074 -1.448660 
856 -1.449387 
304 -1.449539 
1632 -1.449596 
1103 -1.449630 
326 -1.449636 
702 -1.449786 
1128 -1.449796 
2118 -1.450413 
316 -1.450766 
1613 -1.450780 
2057 -1.451123 
475 -1.451497 
1228 -1.451559 
1630 -1.451883 
1095 -1.451968 
1144 -1.452156 
2701 -1.452250 
1617 -1.452539 
654 -1.452733 
1217 -1.452769 
2021 -1.452774 
1989 -1.452816 
1946 -1.452871 
1124 -1.453747 
280 -1.454460 
1928 -1.454601 
2688 -1.454939 
196 -1.455096 
1173 -1.455309 
827 -1.455354 
1541 -1.455387 
2516 -1.455740 
2023 -1.455838 
685 -1.456316 
732 -1.456429 
1121 -1.456430 
656 -1.456710 
268 -1.456924 
647 -1.457299 
663 -1.457330 
728 -1.457487 
1588 -1.457781 
331 -1.458067 
1574 -1.458072 
2086 -1.458372 
2674 -1.458399 
1927 -1.458626 
1084 -1.458667 
293 -1.459145 
1060 -1.459502 
2517 -1.459834 
1054 -1.459953 
2083 -1.460256 
259 -1.460663 
1099 -1.460887 
2633 -1.460927 
302 -1.460959 
322 -1.461448 
2569 -1.461516 
761 -1.461526 
285 -1.461552 
722 -1.461770 
939 -1.461855 
2621 -1.462259 
246 -1.462614 
1051 -1.462615 
250 -1.462923 
793 -1.463047 
2661 -1.463222 
723 -1.464393 
2111 -1.464453 
760 -1.464466 
1628 -1.464535 
330 -1.464727 
2074 -1.464791 
1000 -1.465112 
1200 -1.465231 
1596 -1.465269 
1011 -1.465987 
2119 -1.466200 
2618 -1.466649 
1523 -1.467097 
799 -1.467439 
1190 -1.467794 
1519 -1.468166 
2009 -1.469096 
2018 -1.469196 
2579 -1.469608 
2134 -1.469900 
2596 -1.469925 
1986 -1.470059 
1940 -1.470143 
272 -1.470224 
1041 -1.470590 
1017 -1.470832 
282 -1.470949 
1601 -1.470954 
2590 -1.471008 
2764 -1.471329 
1598 -1.471995 
1165 -1.472106 
362 -1.472106 
299 -1.472143 
2672 -1.472145 
1578 -1.472196 
1167 -1.472337 
1184 -1.472466 
1149 -1.472481 
2680 -1.472481 
653 -1.472678 
1058 -1.472979 
1607 -1.473117 
311 -1.473286 
2022 -1.473355 
2505 -1.473502 
2683 -1.473550 
1514 -1.473879 
271 -1.474178 
1137 -1.474349 
1597 -1.474884 
2506 -1.475304 
1180 -1.475589 
2038 -1.476457 
1134 -1.476752 
2549 -1.476889 
1562 -1.477244 
764 -1.477360 
1223 -1.477595 
1227 -1.477801 
312 -1.477897 
2041 -1.477911 
2098 -1.478321 
251 -1.478420 
2623 -1.478494 
2605 -1.478526 
798 -1.478578 
1131 -1.478943 
1096 -1.479764 
284 -1.480459 
829 -1.480975 
278 -1.481351 
1033 -1.481537 
687 -1.481669 
1590 -1.482266 
1176 -1.482293 
347 -1.482313 
1214 -1.482879 
1531 -1.482952 
1154 -1.482995 
2658 -1.483003 
703 -1.483016 
2695 -1.483156 
1544 -1.483477 
1181 -1.483517 
270 -1.483595 
2669 -1.484525 
2507 -1.484736 
1525 -1.484845 
2601 -1.484986 
1071 -1.484995 
1085 -1.485129 
1140 -1.485420 
1020 -1.485433 
2690 -1.485634 
1232 -1.485921 
1518 -1.485985 
724 -1.486288 
1070 -1.486342 
2537 -1.486447 
243 -1.486471 
1092 -1.486864 
1039 -1.487011 
2024 -1.487462 
2059 -1.487493 
1142 -1.488007 
289 -1.488272 
2129 -1.489437 
1951 -1.489637 
734 -1.489893 
1170 -1.490029 
1171 -1.490158 
1235 -1.490999 
2047 -1.491417 
1098 -1.491493 
1119 -1.491951 
2097 -1.491998 
2649 -1.492313 
2665 -1.492484 
611 -1.492941 
318 -1.493101 
2093 -1.493119 
321 -1.493408 
2598 -1.493423 
1094 -1.493425 
2026 -1.493428 
335 -1.493796 
2752 -1.493977 
2120 -1.494107 
1614 -1.494460 
1097 -1.494471 
1809 -1.494805 
1528 -1.495210 
273 -1.495457 
2597 -1.495799 
281 -1.495844 
2626 -1.496434 
1125 -1.496695 
1012 -1.497228 
2019 -1.497506 
2032 -1.497701 
725 -1.497832 
650 -1.498209 
274 -1.498451 
2663 -1.498636 
2615 -1.498679 
2130 -1.498755 
2058 -1.498811 
1237 -1.498871 
2654 -1.499098 
2573 -1.499124 
283 -1.499285 
1178 -1.499526 
1575 -1.499799 
1629 -1.499821 
1593 -1.499994 
1108 -1.500109 
955 -1.500232 
938 -1.500741 
2599 -1.500891 
2630 -1.500921 
258 -1.501116 
1560 -1.501520 
1937 -1.501690 
726 -1.501741 
242 -1.502052 
2693 -1.502697 
2659 -1.502755 
1057 -1.503085 
1631 -1.503104 
1557 -1.503128 
2694 -1.503520 
2608 -1.503831 
1114 -1.503927 
1105 -1.503933 
1028 -1.504418 
1689 -1.504574 
2081 -1.504788 
1197 -1.505247 
2666 -1.505336 
1148 -1.505337 
2620 -1.505341 
963 -1.505495 
1990 -1.505762 
2551 -1.505835 
2641 -1.505908 
2603 -1.506173 
2568 -1.506223 
1240 -1.506252 
1113 -1.506293 
758 -1.506675 
2595 -1.506910 
1157 -1.507150 
651 -1.507239 
1645 -1.507425 
2552 -1.507502 
1019 -1.507687 
2740 -1.507722 
1602 -1.507992 
1055 -1.507992 
2634 -1.508224 
252 -1.508546 
1141 -1.508637 
2050 -1.508795 
771 -1.508873 
2052 -1.509337 
1007 -1.509378 
1166 -1.509581 
444 -1.509607 
2561 -1.509779 
501 -1.509821 
1077 -1.509821 
1954 -1.509922 
1068 -1.511025 
296 -1.511149 
1559 -1.511243 
2054 -1.511587 
1580 -1.511819 
1042 -1.511833 
1959 -1.511964 
2060 -1.512510 
1110 -1.512609 
2593 -1.512693 
999 -1.512726 
2667 -1.512727 
2042 -1.512787 
1625 -1.512917 
215 -1.512994 
2725 -1.513272 
287 -1.513608 
1543 -1.513643 
1556 -1.513653 
1626 -1.513674 
2027 -1.513700 
803 -1.513967 
1106 -1.514136 
2664 -1.514218 
1031 -1.514548 
652 -1.514558 
2562 -1.514799 
657 -1.515002 
2107 -1.515321 
1644 -1.515383 
260 -1.515501 
2647 -1.515580 
1115 -1.515623 
2662 -1.515947 
759 -1.516061 
328 -1.516365 
2015 -1.516551 
1075 -1.517867 
1192 -1.518139 
1104 -1.518230 
1242 -1.518336 
2651 -1.518970 
329 -1.519062 
1198 -1.519098 
2010 -1.519105 
2557 -1.519124 
1064 -1.519169 
1572 -1.519172 
2627 -1.519348 
2570 -1.519859 
2013 -1.519880 
1199 -1.520082 
2638 -1.520111 
2625 -1.520191 
228 -1.520578 
241 -1.520905 
2008 -1.520932 
303 -1.521017 
1185 -1.521322 
314 -1.521544 
2124 -1.521577 
1151 -1.522071 
1082 -1.522745 
957 -1.523070 
247 -1.523228 
502 -1.523378 
1008 -1.523487 
2170 -1.523503 
2656 -1.523995 
309 -1.524513 
1073 -1.524579 
2645 -1.524705 
2529 -1.525103 
2028 -1.526171 
1230 -1.526456 
332 -1.526635 
1120 -1.526654 
1129 -1.526827 
276 -1.527063 
334 -1.527387 
1109 -1.527508 
1216 -1.527909 
1215 -1.527957 
1925 -1.528064 
2121 -1.528344 
1143 -1.528524 
1087 -1.528565 
2642 -1.529126 
648 -1.529181 
2196 -1.529383 
261 -1.529388 
2014 -1.529574 
2037 -1.529714 
1219 -1.529787 
976 -1.530376 
1623 -1.530477 
797 -1.530560 
2025 -1.530624 
1515 -1.531017 
257 -1.531450 
1586 -1.531688 
2637 -1.531775 
288 -1.532169 
1620 -1.532293 
1024 -1.532373 
824 -1.532470 
855 -1.532493 
2715 -1.532528 
1526 -1.533432 
1567 -1.533440 
1172 -1.533555 
1944 -1.533610 
794 -1.533629 
389 -1.533653 
1069 -1.534474 
1929 -1.534827 
1177 -1.534963 
286 -1.535131 
2622 -1.535165 
2588 -1.535398 
297 -1.535647 
2713 -1.535846 
2671 -1.535900 
1107 -1.535906 
763 -1.536185 
2679 -1.536314 
1945 -1.536583 
2003 -1.536774 
699 -1.537108 
2040 -1.537115 
2035 -1.537135 
2682 -1.537225 
2650 -1.537279 
313 -1.537818 
1072 -1.537993 
2572 -1.538041 
609 -1.538223 
655 -1.538225 
1558 -1.538239 
911 -1.538546 
2628 -1.538882 
2612 -1.538999 
2619 -1.539230 
1942 -1.539642 
224 -1.539788 
1089 -1.539907 
1037 -1.539999 
2126 -1.540157 
2153 -1.540228 
616 -1.540257 
1010 -1.540330 
1965 -1.540832 
1130 -1.541151 
267 -1.541207 
1961 -1.541351 
735 -1.541745 
324 -1.541805 
230 -1.541890 
1101 -1.542299 
1956 -1.542711 
1035 -1.542742 
1036 -1.542749 
1078 -1.542773 
607 -1.542794 
2586 -1.543143 
310 -1.543900 
2610 -1.544301 
2639 -1.544463 
1621 -1.544486 
1224 -1.544692 
975 -1.544698 
692 -1.545036 
1100 -1.545069 
2550 -1.545180 
1997 -1.545481 
1048 -1.545502 
1591 -1.545635 
447 -1.545712 
2636 -1.545716 
1604 -1.545812 
1201 -1.545958 
1063 -1.545993 
2036 -1.546569 
1052 -1.546718 
1029 -1.546779 
884 -1.546833 
1102 -1.546849 
1191 -1.547216 
826 -1.547426 
1056 -1.547529 
684 -1.547771 
693 -1.548256 
1006 -1.548579 
1930 -1.548786 
1062 -1.548995 
1238 -1.549205 
2033 -1.549254 
689 -1.549590 
1592 -1.550348 
1584 -1.550447 
1203 -1.550574 
1043 -1.550745 
694 -1.550841 
2011 -1.551034 
1168 -1.551570 
1145 -1.551979 
998 -1.552270 
503 -1.552341 
1049 -1.552475 
2110 -1.553348 
1924 -1.553406 
2689 -1.553625 
1132 -1.553944 
2609 -1.554099 
1038 -1.554448 
2105 -1.554683 
762 -1.555319 
2660 -1.555605 
2117 -1.555630 
1566 -1.556431 
690 -1.556510 
197 -1.556746 
262 -1.556789 
2104 -1.557337 
1182 -1.557719 
1153 -1.557760 
984 -1.557970 
686 -1.558045 
198 -1.558141 
1527 -1.558418 
1116 -1.558515 
792 -1.558524 
1202 -1.558595 
1030 -1.558758 
2140 -1.558777 
1210 -1.558905 
2616 -1.558923 
2122 -1.559075 
1076 -1.559158 
1542 -1.559341 
1548 -1.560339 
659 -1.561148 
1079 -1.561287 
1973 -1.561290 
2585 -1.561417 
1212 -1.561785 
307 -1.562413 
1539 -1.562826 
1208 -1.562938 
1211 -1.563122 
1551 -1.563206 
1193 -1.563790 
1236 -1.563966 
1086 -1.564019 
2528 -1.564273 
1034 -1.564611 
987 -1.564893 
269 -1.565281 
727 -1.565407 
2158 -1.565836 
1133 -1.566118 
1611 -1.566930 
1161 -1.566971 
319 -1.567114 
1991 -1.567115 
2684 -1.567219 
1189 -1.567468 
327 -1.568277 
1950 -1.568574 
1003 -1.568624 
1220 -1.568759 
2577 -1.569001 
1160 -1.569024 
2141 -1.569551 
729 -1.569764 
320 -1.570294 
277 -1.570530 
2614 -1.570570 
1936 -1.570741 
608 -1.571227 
2115 -1.571758 
1595 -1.571785 
290 -1.571990 
2657 -1.572080 
646 -1.572438 
1090 -1.572500 
2580 -1.572948 
1589 -1.572974 
1564 -1.573093 
211 -1.573619 
1638 -1.573929 
1174 -1.574209 
1231 -1.574307 
2648 -1.574498 
1943 -1.575291 
1004 -1.576472 
1080 -1.576537 
2702 -1.576999 
1162 -1.577277 
2617 -1.577286 
253 -1.577609 
644 -1.577734 
1093 -1.578272 
265 -1.578350 
982 -1.578527 
1634 -1.578609 
2670 -1.578636 
1015 -1.579376 
1065 -1.579776 
691 -1.580158 
795 -1.580455 
2017 -1.581090 
980 -1.581608 
2629 -1.581897 
2742 -1.582520 
1969 -1.582602 
625 -1.582610 
1957 -1.583344 
2592 -1.583382 
1081 -1.583778 
2571 -1.583859 
1977 -1.583995 
2002 -1.584242 
1221 -1.584331 
1139 -1.584625 
1612 -1.584674 
2048 -1.584675 
2044 -1.584871 
1112 -1.585035 
2606 -1.585085 
2030 -1.585961 
649 -1.586064 
1545 -1.586468 
2072 -1.586528 
1183 -1.586672 
1506 -1.586792 
1521 -1.586798 
1016 -1.587412 
1207 -1.587831 
315 -1.588062 
2653 -1.588806 
2128 -1.591163 
1535 -1.591183 
620 -1.591782 
1126 -1.591970 
2685 -1.592069 
1159 -1.592206 
1608 -1.592287 
2031 -1.592384 
2495 -1.592569 
1643 -1.593295 
2084 -1.593495 
667 -1.593561 
2686 -1.594219 
1013 -1.594370 
2043 -1.595935 
300 -1.596886 
263 -1.597159 
2556 -1.597540 
1594 -1.597546 
2016 -1.597747 
1146 -1.598002 
1529 -1.598589 
698 -1.599066 
2020 -1.599604 
1985 -1.599680 
2096 -1.600456 
660 -1.600715 
2589 -1.601025 
1026 -1.601906 
2001 -1.601967 
1570 -1.603734 
2652 -1.603759 
308 -1.603868 
2068 -1.604508 
1533 -1.605559 
731 -1.606398 
1610 -1.606480 
1662 -1.607373 
2066 -1.607803 
500 -1.608260 
344 -1.608866 
317 -1.609115 
2004 -1.610309 
1585 -1.610534 
1032 -1.611733 
2691 -1.611826 
2116 -1.611871 
1577 -1.612161 
1045 -1.613295 
2560 -1.614814 
830 -1.614904 
1091 -1.615018 
796 -1.615224 
1537 -1.616071 
1164 -1.616169 
1549 -1.618152 
940 -1.619278 
1641 -1.619604 
2600 -1.619882 
2080 -1.620714 
2085 -1.620850 
256 -1.621466 
2673 -1.622994 
225 -1.623061 
1150 -1.623180 
1155 -1.624093 
1122 -1.624720 
612 -1.625244 
2635 -1.625423 
1581 -1.626586 
2155 -1.627046 
1627 -1.628225 
1066 -1.630485 
615 -1.630638 
295 -1.630949 
1935 -1.632566 
1619 -1.632690 
1677 -1.633349 
2142 -1.633719 
2497 -1.634066 
2073 -1.634915 
1992 -1.635957 
2583 -1.636278 
859 -1.636952 
2714 -1.637126 
2530 -1.637139 
1504 -1.638204 
701 -1.639540 
1136 -1.639580 
962 -1.639944 
1599 -1.640151 
2565 -1.641162 
624 -1.642716 
2546 -1.642723 
2102 -1.643707 
1998 -1.645456 
2646 -1.648464 
2092 -1.649276 
1512 -1.649605 
199 -1.650251 
1971 -1.650656 
306 -1.650795 
1569 -1.652338 
1606 -1.653154 
1022 -1.654524 
1963 -1.655197 
658 -1.655272 
336 -1.657246 
661 -1.657354 
700 -1.657709 
2576 -1.659127 
1983 -1.659531 
390 -1.659680 
2127 -1.661522 
1025 -1.661879 
2692 -1.663042 
618 -1.664591 
1517 -1.665632 
1993 -1.665937 
1600 -1.667344 
2741 -1.670286 
1981 -1.670422 
472 -1.670750 
1044 -1.672170 
517 -1.672715 
1505 -1.673108 
1218 -1.673366 
1158 -1.673490 
767 -1.673651 
1779 -1.674053 
1520 -1.674116 
1186 -1.674394 
2624 -1.674881 
2575 -1.676331 
2678 -1.676453 
2109 -1.679142 
2056 -1.679231 
2061 -1.681082 
1226 -1.681249 
419 -1.683368 
614 -1.683610 
1234 -1.684005 
1955 -1.684239 
1975 -1.686907 
937 -1.690028 
941 -1.690699 
1554 -1.691664 
1241 -1.691744 
2703 -1.696038 
2640 -1.696961 
2541 -1.698869 
619 -1.702400 
2526 -1.702466 
2185 -1.702905 
1979 -1.704815 
1690 -1.709282 
1794 -1.710586 
2137 -1.711790 
800 -1.712764 
2055 -1.713692 
1555 -1.715508 
2154 -1.716403 
623 -1.716438 
622 -1.721820 
831 -1.723737 
516 -1.725499 
2698 -1.730518 
248 -1.731347 
2090 -1.731762 
1204 -1.732087 
391 -1.732378 
1640 -1.733907 
1633 -1.736164 
2136 -1.737070 
909 -1.737432 
2114 -1.737451 
995 -1.740161 
2067 -1.742150 
2135 -1.744196 
996 -1.752027 
626 -1.754703 
1967 -1.756062 
2536 -1.756102 
2078 -1.761429 
2005 -1.762866 
544 -1.762946 
936 -1.766095 
2182 -1.766516 
617 -1.767194 
184 -1.767648 
343 -1.770422 
1648 -1.774729 
979 -1.777393 
1810 -1.779018 
2566 -1.779611 
768 -1.779887 
2525 -1.782053 
1795 -1.782506 
1498 -1.784170 
210 -1.785884 
621 -1.786272 
249 -1.799572 
2509 -1.802702 
801 -1.805896 
2697 -1.806141 
704 -1.807653 
627 -1.808472 
446 -1.817147 
974 -1.832107 
1642 -1.838722 
832 -1.839985 
488 -1.840049 
964 -1.843419 
2091 -1.845271 
2545 -1.856661 
2103 -1.859454 
545 -1.860247 
2079 -1.862706 
613 -1.872114 
603 -1.874314 
2726 -1.878816 
769 -1.881666 
1511 -1.890474 
959 -1.890562 
978 -1.899847 
558 -1.902522 
2750 -1.910810 
629 -1.912141 
994 -1.917137 
359 -1.937151 
954 -1.940331 
885 -1.962562 
2727 -1.962972 
666 -1.964053 
2173 -1.966693 
418 -1.969660 
988 -1.977505 
2167 -1.980840 
531 -1.988223 
1674 -1.989066 
2171 -1.999328 
989 -1.999539 
1676 -2.000224 
958 -2.000352 
405 -2.002542 
530 -2.004627 
1496 -2.006660 
1812 -2.011654 
375 -2.012892 
2159 -2.018637 
2147 -2.021754 
342 -2.021864 
489 -2.024879 
2149 -2.025475 
1510 -2.026064 
433 -2.032544 
860 -2.033103 
460 -2.033804 
1675 -2.047027 
338 -2.050772 
1796 -2.051705 
2148 -2.051712 
348 -2.062236 
404 -2.067805 
432 -2.071521 
2739 -2.098583 
200 -2.109556 
2161 -2.109901 
2555 -2.121195 
377 -2.123471 
461 -2.128980 
736 -2.131738 
2160 -2.146559 
912 -2.149433 
2184 -2.162068 
233 -2.163210 
376 -2.170243 
2731 -2.171062 
514 -2.176285 
431 -2.181573 
430 -2.188836 
403 -2.198488 
913 -2.209147 
935 -2.211409 
402 -2.212760 
2707 -2.214699 
2540 -2.218519 
232 -2.219594 
934 -2.227737 
2172 -2.246834 
1764 -2.250025 
1765 -2.256831 
515 -2.275427 
2738 -2.289402 
2751 -2.290657 
705 -2.304559 
668 -2.316093 
238 -2.323891 
2719 -2.324757 
216 -2.328600 
459 -2.328857 
217 -2.331783 
486 -2.333600 
559 -2.341247 
1660 -2.344361 
669 -2.347370 
2166 -2.347778 
602 -2.348191 
1797 -2.387560 
628 -2.393664 
487 -2.407885 
1649 -2.416130 
737 -2.438812 
1636 -2.439249 
458 -2.439412 
374 -2.440035 
965 -2.443704 
2195 -2.495711 
358 -2.527305 
239 -2.531949 
349 -2.563209 
201 -2.589763 
2183 -2.594538 
2496 -2.661348 
861 -2.725956 
2708 -2.769319 
833 -2.797624 
2732 -2.800480 
1780 -2.800882 
2515 -3.147618 
2763 -3.231519 
2508 -3.234297 
2720 -3.259023 
352 -3.450960 
2520 -3.510020 
2535 -3.710176 
1659 -4.017406 
1503 -4.096128 
