5962 1
4039 4.470079 
3015 4.225896 
5891 4.047062 
3279 4.042867 
1195 4.029797 
351 3.998792 
2219 3.882591 
2483 3.844598 
1459 3.743616 
2751 3.741783 
1991 3.709257 
3547 3.621526 
3811 3.502777 
311 3.501875 
2795 3.453747 
3771 3.435401 
1727 3.405934 
4079 3.325647 
1951 3.324724 
5379 3.314782 
5543 3.293343 
975 3.247822 
1871 3.230506 
755 3.221394 
1687 3.185171 
43 3.159995 
3691 3.134183 
2523 3.118771 
2259 3.099475 
5931 3.056132 
3507 3.031929 
627 3.026602 
391 2.987609 
5319 2.941261 
5511 2.929036 
5851 2.899505 
963 2.891554 
647 2.850201 
795 2.845788 
715 2.839189 
5407 2.806270 
3962 2.799684 
5339 2.792372 
2407 2.787329 
883 2.786210 
5211 2.751256 
2938 2.742496 
3470 2.742260 
5814 2.739392 
5279 2.685420 
5095 2.663411 
4459 2.652999 
2674 2.627881 
4770 2.623970 
3207 2.623365 
2675 2.619084 
1651 2.615498 
234 2.614473 
1914 2.614062 
1118 2.613087 
5959 2.608905 
3735 2.605200 
5015 2.598266 
2975 2.591130 
5055 2.588773 
4223 2.586293 
5960 2.585898 
3206 2.585652 
5163 2.582748 
1235 2.562268 
83 2.560170 
4339 2.553977 
4655 2.553389 
4290 2.550271 
4250 2.537433 
11 2.535570 
4379 2.534977 
1386 2.532860 
2183 2.530427 
5774 2.530176 
1387 2.525259 
4966 2.521451 
274 2.519004 
4615 2.517584 
4575 2.512134 
2339 2.510763 
4939 2.510361 
2447 2.503860 
4899 2.502762 
2406 2.500040 
3471 2.498399 
2142 2.495795 
1650 2.495675 
1499 2.495216 
5447 2.490104 
3055 2.490012 
10 2.487699 
587 2.483693 
1915 2.482401 
842 2.482013 
4210 2.479838 
3395 2.475092 
1119 2.474724 
4730 2.473613 
235 2.469429 
4002 2.466685 
5958 2.457412 
4419 2.451748 
1767 2.448870 
4926 2.443561 
1158 2.442877 
479 2.439574 
843 2.439089 
4263 2.436612 
2182 2.434687 
3734 2.433374 
4690 2.433240 
4811 2.426332 
3319 2.426050 
4183 2.425843 
4494 2.424920 
4446 2.424723 
783 2.421673 
4859 2.416643 
2939 2.414299 
559 2.412317 
1347 2.407437 
2446 2.406354 
5475 2.405098 
2143 2.403320 
5367 2.402759 
2861 2.400723 
614 2.398344 
4703 2.397294 
4663 2.396742 
5775 2.394544 
3663 2.394490 
1414 2.387249 
5135 2.384365 
5502 2.376472 
2862 2.368832 
275 2.363596 
5434 2.363245 
5170 2.354652 
4147 2.353091 
1415 2.352686 
1574 2.345276 
4487 2.340436 
194 2.337117 
4642 2.330995 
803 2.329726 
3235 2.324701 
2066 2.324450 
4887 2.319183 
923 2.313398 
4003 2.312802 
4534 2.312100 
4846 2.310930 
519 2.309906 
2715 2.308517 
4486 2.304053 
3234 2.300477 
687 2.297090 
1310 2.296309 
635 2.293997 
3166 2.292673 
1843 2.289925 
5291 2.287324 
1042 2.286084 
1431 2.280129 
3251 2.279984 
802 2.279934 
2031 2.276540 
5961 2.274890 
3167 2.273113 
1842 2.270546 
158 2.269092 
4170 2.264481 
4927 2.263126 
1041 2.262259 
4743 2.251739 
950 2.251660 
1159 2.245625 
5855 2.244992 
5123 2.239028 
2597 2.238450 
1803 2.230571 
5162 2.228969 
5815 2.228943 
3963 2.228709 
1573 2.221110 
5658 2.219240 
1346 2.218377 
2714 2.215734 
5854 2.215446 
815 2.214194 
4146 2.211754 
518 2.210905 
4535 2.209057 
674 2.208455 
5082 2.207215 
3250 2.204476 
5122 2.203741 
5583 2.201220 
4495 2.200631 
2978 2.192937 
5488 2.176000 
2327 2.169677 
1043 2.169429 
2107 2.169369 
3130 2.169106 
2338 2.169028 
4731 2.168041 
3662 2.163203 
428 2.163190 
5183 2.157339 
2326 2.156219 
3626 2.155925 
1611 2.155910 
5171 2.153697 
1309 2.152755 
5238 2.149069 
4406 2.144518 
2105 2.143634 
675 2.139848 
4771 2.139157 
3927 2.135075 
3129 2.130789 
5366 2.130157 
1955 2.128880 
118 2.128798 
5461 2.128416 
3885 2.128141 
1430 2.126809 
4291 2.126264 
3851 2.123087 
546 2.121945 
5659 2.116006 
5320 2.114674 
2598 2.112890 
2711 2.111235 
5474 2.111135 
157 2.109295 
5239 2.100466 
634 2.098389 
5448 2.098377 
5014 2.093600 
3967 2.093302 
5083 2.088974 
1610 2.088257 
1801 2.087808 
4967 2.084630 
5735 2.082414 
4507 2.082118 
159 2.082071 
2979 2.076160 
3623 2.075595 
478 2.075108 
3925 2.068594 
4251 2.065482 
648 2.062263 
2638 2.061383 
5489 2.059839 
1155 2.059117 
314 2.057780 
4628 2.052273 
315 2.052037 
3435 2.050545 
2599 2.049739 
4810 2.048169 
4601 2.047890 
4797 2.045321 
4303 2.044640 
2902 2.042145 
4886 2.041676 
1802 2.039732 
1083 2.038733 
4365 2.036295 
1691 2.034442 
5406 2.028328 
3775 2.028306 
4432 2.028013 
4366 2.027017 
46 2.026541 
2299 2.025656 
3511 2.025426 
5435 2.023830 
4325 2.023720 
3393 2.022902 
5657 2.020217 
742 2.020070 
1841 2.018913 
3430 2.016699 
3774 2.015651 
117 2.011080 
2371 2.010032 
5617 2.010026 
1007 2.008984 
5001 2.004855 
4317 2.004386 
3510 2.002234 
5737 1.997907 
3661 1.997078 
2106 1.996997 
2639 1.992305 
5894 1.992105 
1954 1.992076 
3283 1.990816 
2562 1.986221 
1311 1.985404 
4561 1.985036 
829 1.981920 
3586 1.981643 
924 1.979188 
3394 1.977301 
4994 1.977121 
796 1.976745 
5028 1.975139 
768 1.974426 
1081 1.971789 
3169 1.970201 
3131 1.969953 
4338 1.969564 
4392 1.969227 
49 1.968624 
1690 1.966487 
58 1.963669 
5738 1.959700 
2863 1.959032 
909 1.958960 
870 1.958578 
4119 1.955638 
5698 1.954481 
4824 1.951679 
4277 1.950450 
5618 1.949586 
3886 1.949005 
2488 1.947517 
2602 1.947161 
2223 1.947147 
2146 1.947029 
5619 1.944947 
5041 1.944037 
714 1.943739 
2369 1.941110 
2145 1.941104 
5697 1.940417 
4758 1.939678 
3433 1.934209 
197 1.933933 
5266 1.933366 
431 1.932480 
4574 1.929114 
4211 1.927751 
3358 1.927282 
3170 1.924626 
5734 1.924458 
2903 1.923265 
4691 1.922321 
4783 1.921753 
3621 1.920398 
869 1.919329 
1806 1.918726 
560 1.917269 
743 1.915999 
5042 1.914146 
2376 1.913420 
702 1.913276 
3431 1.912772 
1885 1.912733 
1463 1.911674 
2370 1.911646 
5198 1.909622 
1614 1.907882 
4643 1.907740 
1351 1.906941 
5476 1.906847 
4007 1.902762 
2781 1.899920 
1575 1.898306 
1509 1.898104 
1269 1.896616 
5777 1.896325 
3509 1.895949 
573 1.895087 
198 1.894339 
4171 1.889710 
3926 1.889533 
3933 1.888330 
5699 1.887149 
5292 1.886965 
5307 1.886314 
3171 1.885979 
1615 1.882430 
5437 1.879677 
2783 1.877942 
1886 1.877460 
922 1.876615 
911 1.876398 
4562 1.875029 
794 1.874267 
317 1.873365 
4352 1.873226 
3434 1.873207 
2411 1.871298 
1887 1.870784 
1625 1.869994 
2825 1.869161 
3356 1.868999 
2373 1.867592 
896 1.867147 
5739 1.866771 
4264 1.866187 
5002 1.864869 
532 1.864033 
3361 1.863413 
3622 1.861708 
3707 1.859799 
4156 1.859165 
4784 1.858165 
705 1.856098 
3549 1.856026 
1349 1.855548 
5210 1.854761 
2866 1.852602 
2224 1.851544 
4847 1.851472 
5268 1.851087 
1160 1.850196 
3705 1.849684 
5278 1.849318 
1464 1.848958 
586 1.848867 
3472 1.848640 
937 1.848349 
1897 1.848154 
119 1.847434 
5515 1.847148 
4407 1.846597 
3512 1.846227 
2070 1.845979 
2065 1.844077 
4043 1.843985 
3092 1.842997 
3021 1.842727 
2486 1.842539 
782 1.842459 
2880 1.842448 
1350 1.840748 
4169 1.840095 
816 1.837563 
1920 1.837171 
2754 1.836559 
1956 1.836338 
4588 1.834721 
4953 1.833791 
3930 1.833378 
3589 1.832731 
5895 1.830030 
4717 1.828920 
910 1.825456 
756 1.825095 
2755 1.822832 
4496 1.822191 
4378 1.821219 
506 1.820924 
4928 1.819761 
2637 1.819428 
5184 1.818812 
199 1.818699 
55 1.818696 
356 1.817316 
4371 1.816923 
195 1.816763 
52 1.816610 
588 1.815647 
856 1.814821 
4603 1.814584 
1917 1.812718 
1848 1.812564 
1656 1.812312 
3786 1.810278 
1480 1.809177 
1613 1.808481 
4089 1.808338 
3212 1.806624 
3587 1.806588 
5151 1.805678 
4042 1.805660 
5318 1.803887 
5819 1.803577 
3094 1.803364 
951 1.803083 
1578 1.802778 
2113 1.802732 
1478 1.802408 
1617 1.802388 
716 1.801610 
5487 1.800578 
1731 1.799697 
3812 1.799061 
19 1.798785 
1844 1.798034 
1126 1.797300 
4081 1.796903 
12 1.796808 
2796 1.796680 
2300 1.796434 
2498 1.796193 
3018 1.794615 
3141 1.793937 
3284 1.793735 
3479 1.793705 
744 1.793636 
2329 1.793633 
1536 1.792270 
3741 1.792032 
4798 1.791968 
354 1.791825 
3056 1.791823 
2264 1.791822 
1586 1.791261 
465 1.790711 
5672 1.790639 
2782 1.790535 
3372 1.790140 
2677 1.789934 
5592 1.789917 
983 1.789225 
2037 1.789197 
5395 1.789160 
5711 1.788274 
2941 1.788234 
2565 1.788022 
4521 1.788020 
3890 1.787833 
2040 1.787073 
986 1.787043 
5393 1.786649 
882 1.786258 
3134 1.783515 
5112 1.783285 
2613 1.783171 
4680 1.782361 
5353 1.782057 
1082 1.781980 
5779 1.781732 
3826 1.781585 
4838 1.781270 
4913 1.780985 
808 1.780747 
1084 1.779598 
2873 1.779139 
4552 1.778123 
5019 1.777472 
2390 1.776609 
2829 1.776243 
728 1.776083 
2945 1.775949 
5333 1.775512 
3298 1.774947 
3371 1.774901 
5043 1.774377 
3861 1.774230 
1357 1.774214 
166 1.773757 
2560 1.772212 
5306 1.772048 
491 1.771748 
600 1.771127 
126 1.770815 
2954 1.770189 
2501 1.770043 
200 1.769886 
2003 1.769690 
2905 1.769427 
4184 1.769405 
2826 1.768993 
1277 1.768536 
1021 1.768373 
1123 1.768120 
4929 1.766834 
2158 1.766541 
5661 1.766213 
3300 1.766035 
392 1.765782 
2108 1.765509 
2942 1.765346 
3335 1.764998 
5519 1.764457 
4979 1.764298 
2679 1.763088 
988 1.762817 
3755 1.762664 
1433 1.762607 
831 1.762168 
2084 1.761643 
1653 1.761534 
757 1.761225 
1053 1.761141 
5056 1.761003 
466 1.760965 
1654 1.760898 
1055 1.760615 
574 1.760513 
237 1.759955 
4157 1.759863 
3355 1.759815 
3552 1.758483 
5394 1.758126 
1996 1.757963 
1440 1.757942 
3790 1.757908 
2646 1.757512 
2843 1.757320 
1700 1.756973 
1768 1.756437 
3777 1.756124 
2409 1.755637 
989 1.755453 
2184 1.755135 
2990 1.754873 
1475 1.754782 
132 1.754511 
1622 1.754436 
393 1.754120 
4602 1.753995 
2487 1.753638 
3104 1.752566 
1517 1.752559 
3750 1.751580 
3739 1.751068 
3706 1.750918 
4563 1.750828 
5033 1.750562 
4473 1.750518 
4993 1.750212 
4200 1.750064 
5255 1.749970 
2119 1.749772 
4161 1.749757 
4447 1.749730 
321 1.749709 
3297 1.749557 
133 1.748653 
2114 1.748308 
2980 1.747833 
2079 1.747438 
3400 1.747275 
3669 1.746858 
2081 1.746840 
505 1.746619 
2609 1.746424 
3584 1.746350 
4237 1.746173 
4872 1.746144 
1196 1.745853 
5164 1.745607 
3178 1.745587 
129 1.745082 
3409 1.744754 
5420 1.744691 
5635 1.744681 
2422 1.744542 
3449 1.743998 
2194 1.743982 
2153 1.743875 
1199 1.742865 
2229 1.742026 
1024 1.741556 
884 1.741389 
3405 1.741350 
3792 1.741090 
820 1.740894 
2535 1.740794 
3264 1.740610 
2641 1.740463 
848 1.740022 
2899 1.740017 
885 1.739545 
2573 1.739212 
5172 1.739180 
3475 1.739137 
3486 1.739027 
1896 1.738786 
96 1.738586 
2110 1.738201 
2328 1.737658 
1469 1.737604 
3404 1.737253 
1773 1.736812 
844 1.736724 
3176 1.736666 
2260 1.736662 
3256 1.735754 
5331 1.735741 
468 1.735695 
2006 1.735683 
2526 1.735515 
4980 1.735346 
3664 1.735279 
3592 1.734792 
2001 1.734758 
701 1.734191 
936 1.733870 
2425 1.733244 
3780 1.733181 
5202 1.732964 
5072 1.732209 
3970 1.732142 
2908 1.731824 
3053 1.731785 
4536 1.731193 
3820 1.730833 
5149 1.730714 
3210 1.730579 
1274 1.730490 
1541 1.730210 
5704 1.730056 
3090 1.729748 
2805 1.729733 
3709 1.729599 
3692 1.729473 
3813 1.729430 
3437 1.729000 
2157 1.728443 
3708 1.728202 
4510 1.727657 
847 1.727510 
2453 1.727464 
3027 1.727428 
5173 1.727340 
3412 1.727069 
3814 1.726515 
120 1.725818 
897 1.725758 
601 1.725755 
4227 1.725195 
3136 1.725082 
1932 1.724718 
4900 1.724184 
4267 1.724141 
1389 1.724119 
5817 1.724070 
4396 1.724023 
1514 1.723797 
3237 1.723019 
3789 1.722902 
1552 1.722849 
4010 1.722652 
5408 1.722633 
1200 1.722318 
3965 1.722085 
5280 1.721877 
2297 1.721597 
1809 1.721528 
2717 1.721053 
4405 1.720927 
5410 1.720752 
1765 1.720732 
5084 1.720447 
1061 1.720120 
5124 1.719897 
5558 1.719826 
5860 1.719795 
2303 1.719563 
1418 1.719513 
3483 1.719139 
1662 1.718600 
1197 1.717895 
5747 1.717273 
1924 1.717138 
3325 1.716962 
4719 1.716778 
2451 1.716290 
2901 1.716035 
3630 1.715830 
2809 1.715642 
5342 1.715334 
2222 1.714941 
2418 1.714934 
2074 1.714806 
470 1.714801 
5397 1.714612 
1626 1.714521 
3024 1.714488 
3280 1.714183 
5281 1.713850 
1320 1.713718 
4013 1.713378 
2029 1.713334 
173 1.712705 
3213 1.712577 
804 1.712367 
1237 1.712328 
2495 1.711799 
2354 1.711777 
4876 1.711773 
3632 1.711402 
3776 1.711319 
5666 1.711272 
2533 1.711046 
4356 1.711042 
5150 1.710673 
3520 1.710443 
5748 1.710423 
482 1.709724 
1577 1.709670 
3738 1.709609 
1697 1.709183 
1502 1.709118 
238 1.709073 
1131 1.708332 
2680 1.708214 
3097 1.708063 
2868 1.707841 
1692 1.707147 
5110 1.706995 
3517 1.706836 
2004 1.706615 
1555 1.706163 
2871 1.705803 
3253 1.705771 
1968 1.705691 
4445 1.705524 
4721 1.705121 
283 1.705042 
1962 1.705038 
1046 1.704671 
4592 1.704661 
1207 1.704557 
2612 1.704373 
284 1.704272 
1891 1.704218 
2571 1.703986 
4576 1.703919 
3752 1.703720 
1736 1.703523 
1733 1.703344 
480 1.703273 
3236 1.702801 
5068 1.702783 
2910 1.702636 
2388 1.702446 
3366 1.702309 
5004 1.702159 
2147 1.702075 
5671 1.701477 
5199 1.701333 
25 1.701128 
1592 1.700678 
3823 1.700561 
3829 1.700483 
3590 1.699949 
3066 1.699641 
3326 1.699345 
3068 1.699221 
3060 1.698987 
691 1.698604 
1500 1.698492 
2784 1.698419 
5623 1.698415 
1015 1.698181 
2228 1.698122 
547 1.697835 
3557 1.697799 
2524 1.697724 
2834 1.697605 
1284 1.697472 
679 1.697030 
3899 1.696931 
832 1.696848 
1963 1.696523 
5380 1.696383 
2610 1.695958 
4330 1.695822 
94 1.695308 
2191 1.695089 
3373 1.695026 
4357 1.694732 
5740 1.694067 
2803 1.693915 
3398 1.693628 
2073 1.693614 
2536 1.693485 
3521 1.693365 
2951 1.693091 
1243 1.693019 
1582 1.692930 
4865 1.692666 
5212 1.692583 
2120 1.692531 
2528 1.692488 
2721 1.692401 
2188 1.692311 
1734 1.692144 
1663 1.692049 
3402 1.691913 
3065 1.691903 
1059 1.691684 
1845 1.691659 
2568 1.691503 
210 1.691235 
2461 1.691140 
3102 1.690886 
5527 1.690878 
4514 1.690815 
1872 1.690305 
2382 1.690121 
1764 1.689969 
1466 1.689715 
1588 1.689670 
2340 1.689335 
1097 1.689238 
1512 1.689068 
1012 1.689044 
206 1.689002 
2220 1.688671 
4172 1.688665 
1009 1.688656 
2080 1.688547 
4240 1.688535 
3061 1.688406 
1895 1.688275 
5136 1.687918 
123 1.687681 
1057 1.687638 
5006 1.687274 
209 1.687084 
3558 1.687067 
3668 1.687045 
4420 1.686881 
912 1.686728 
3666 1.686619 
5240 1.686406 
1993 1.686361 
2384 1.686073 
1356 1.685989 
2879 1.685970 
1967 1.685771 
4955 1.685474 
5555 1.685472 
4367 1.685417 
3293 1.684836 
2387 1.684703 
2991 1.684652 
2647 1.684170 
5370 1.684090 
2038 1.683988 
2757 1.683965 
245 1.683888 
1971 1.683211 
4049 1.683191 
1929 1.683139 
3262 1.682960 
1545 1.682781 
3818 1.682757 
949 1.682747 
276 1.682669 
5548 1.682668 
2611 1.682423 
4526 1.682382 
1172 1.682176 
5741 1.682040 
2904 1.681921 
5669 1.681890 
545 1.681753 
1088 1.681602 
2678 1.681503 
3095 1.681332 
5045 1.680814 
5229 1.680730 
90 1.680202 
1026 1.680167 
1122 1.680143 
2917 1.679763 
3337 1.679626 
1283 1.679604 
2687 1.679598 
1515 1.679368 
4704 1.679093 
2649 1.678829 
3821 1.678807 
5520 1.678802 
1505 1.678791 
2261 1.678627 
1589 1.678613 
3585 1.678612 
2420 1.678531 
1209 1.678488 
4912 1.678479 
1998 1.678461 
1236 1.678425 
807 1.678321 
2683 1.678084 
3556 1.678002 
1511 1.677824 
2538 1.677441 
3285 1.677317 
666 1.677144 
3740 1.677092 
1585 1.677046 
661 1.676913 
4448 1.676885 
3778 1.676157 
3368 1.675950 
316 1.675029 
4124 1.674827 
4968 1.674661 
2155 1.674617 
5228 1.674577 
3403 1.674551 
1888 1.674535 
4085 1.674319 
3442 1.674124 
3321 1.674003 
3519 1.673895 
639 1.673878 
4329 1.673748 
1973 1.673579 
5398 1.673427 
1054 1.673305 
3282 1.672900 
5522 1.672839 
5586 1.672365 
873 1.672286 
1016 1.672112 
1171 1.671639 
3773 1.671619 
2230 1.671554 
5293 1.671504 
507 1.671493 
3548 1.671391 
1550 1.671382 
4708 1.671309 
1281 1.670960 
1548 1.670623 
1049 1.670601 
3631 1.670596 
3362 1.670490 
4548 1.670156 
3978 1.670145 
3289 1.670036 
2842 1.670022 
5343 1.669969 
4540 1.669824 
3892 1.669697 
4860 1.669563 
3937 1.669436 
5629 1.669263 
3330 1.668745 
3447 1.668522 
806 1.668501 
2305 1.668433 
4668 1.668432 
857 1.668135 
3712 1.668109 
4577 1.668034 
3360 1.667962 
4747 1.667832 
5600 1.667775 
3850 1.667456 
240 1.667101 
1623 1.666835 
2828 1.666794 
4214 1.666743 
3211 1.666716 
3209 1.666508 
3596 1.666186 
2078 1.665958 
1208 1.665930 
2872 1.665892 
835 1.665646 
1392 1.665531 
1245 1.665501 
1933 1.665114 
5584 1.665064 
5667 1.665059 
4236 1.664903 
900 1.664766 
4833 1.664335 
5602 1.664054 
160 1.663913 
2839 1.663912 
3030 1.663900 
5044 1.663680 
652 1.663616 
1928 1.663610 
1873 1.663401 
2844 1.663374 
2448 1.663125 
3694 1.662677 
1927 1.662637 
3103 1.662419 
1417 1.662371 
5109 1.662028 
4125 1.661825 
1416 1.661816 
2898 1.661792 
2343 1.661623 
523 1.661597 
1995 1.661476 
2846 1.661362 
5462 1.661220 
2452 1.661135 
4197 1.661119 
5345 1.660807 
5701 1.660744 
5587 1.660699 
2372 1.660692 
3781 1.660064 
5201 1.659941 
3715 1.659330 
2265 1.659215 
2296 1.659111 
5633 1.659025 
2007 1.658923 
4050 1.658906 
169 1.658731 
4694 1.658660 
1576 1.658543 
1540 1.658496 
2606 1.658393 
3628 1.658201 
2943 1.658099 
1538 1.657983 
3737 1.657657 
1620 1.657590 
492 1.657305 
1354 1.656772 
5664 1.656767 
4916 1.656634 
2984 1.656531 
5565 1.656529 
2876 1.656528 
2493 1.656346 
5626 1.656254 
5517 1.656092 
1165 1.656027 
4877 1.655699 
3747 1.655697 
3976 1.655610 
1699 1.655531 
4186 1.655322 
1583 1.655066 
2845 1.654841 
86 1.654493 
1436 1.654311 
2944 1.654199 
4332 1.653934 
3867 1.653886 
3634 1.653865 
4734 1.653647 
1248 1.653388 
1497 1.653062 
2833 1.652879 
1992 1.652770 
2151 1.652650 
5636 1.652642 
2864 1.652394 
4254 1.652137 
1810 1.652016 
2304 1.652007 
5358 1.651996 
84 1.651958 
5787 1.651850 
4524 1.651827 
2032 1.651715 
4397 1.651464 
5784 1.651200 
4832 1.651056 
1442 1.650945 
861 1.650599 
665 1.650559 
3020 1.650055 
3338 1.650044 
59 1.650027 
4501 1.649896 
3817 1.649681 
4215 1.649614 
2033 1.649540 
4318 1.649364 
874 1.649139 
2413 1.649103 
1355 1.649044 
3854 1.648888 
2785 1.648871 
2563 1.648811 
1774 1.648188 
2756 1.647939 
2824 1.647894 
3324 1.647523 
4523 1.647173 
4213 1.646992 
3259 1.646846 
4677 1.646825 
3717 1.646689 
4048 1.646612 
4940 1.646587 
1173 1.646548 
1460 1.646382 
4409 1.646176 
5596 1.646030 
2046 1.646014 
4121 1.645991 
2953 1.645944 
2456 1.645821 
1546 1.645721 
4358 1.645540 
1591 1.645538 
1316 1.645492 
4383 1.645445 
280 1.645336 
4889 1.645075 
855 1.644888 
4512 1.644637 
241 1.644057 
3286 1.644050 
5005 1.643883 
4344 1.643797 
1025 1.643789 
4656 1.643596 
1461 1.643437 
4278 1.643284 
135 1.643094 
2266 1.643051 
5599 1.642999 
952 1.642721 
4692 1.642631 
3294 1.642519 
5003 1.642308 
4008 1.642083 
2719 1.642038 
1282 1.641774 
2644 1.641732 
2949 1.641658 
2987 1.641629 
5549 1.641573 
1198 1.641555 
1477 1.641337 
1730 1.641184 
4474 1.641142 
5242 1.641119 
4679 1.641027 
4522 1.640854 
860 1.640786 
164 1.640697 
1394 1.640676 
3443 1.640475 
3749 1.640320 
5823 1.640237 
5017 1.639762 
1547 1.639755 
1471 1.639540 
1936 1.639223 
2956 1.638996 
2827 1.638884 
3476 1.638801 
3966 1.638781 
4683 1.638779 
980 1.638677 
4341 1.638652 
4292 1.638350 
1812 1.638338 
3555 1.638073 
3444 1.637988 
1543 1.637895 
2464 1.637730 
2993 1.637710 
5214 1.637558 
830 1.637489 
2154 1.637483 
3482 1.637465 
1804 1.637428 
17 1.637353 
1319 1.637168 
5746 1.637092 
1893 1.636841 
1132 1.636826 
1285 1.636732 
4733 1.636720 
5071 1.636429 
3260 1.636312 
1695 1.636256 
4009 1.636220 
3550 1.636194 
3477 1.636108 
4969 1.636010 
2575 1.635876 
5782 1.635407 
2913 1.635389 
3711 1.635383 
5935 1.635337 
5857 1.635277 
2268 1.635134 
3624 1.635118 
3784 1.635044 
467 1.634861 
2758 1.634824 
1011 1.634805 
2463 1.634731 
3263 1.634402 
692 1.634295 
1925 1.634282 
2914 1.633839 
3594 1.633758 
3718 1.633629 
3473 1.633519 
2600 1.633391 
3889 1.632932 
3904 1.632789 
4878 1.632775 
1204 1.632531 
1137 1.632520 
1551 1.632416 
5267 1.632377 
171 1.632124 
4547 1.632069 
3367 1.631948 
3101 1.631759 
729 1.631745 
3895 1.631644 
2458 1.631600 
247 1.631377 
2412 1.631374 
1811 1.631316 
2877 1.631295 
5020 1.631194 
4497 1.631168 
3333 1.631110 
2919 1.631036 
2341 1.630930 
3827 1.630587 
1023 1.630235 
3559 1.630026 
4087 1.629977 
4354 1.629809 
1315 1.629796 
5197 1.629664 
2149 1.629503 
1164 1.629499 
2948 1.629445 
1058 1.629354 
5060 1.629306 
4761 1.629076 
3588 1.629039 
2684 1.628971 
3551 1.628964 
1969 1.628865 
2190 1.628850 
770 1.628595 
1246 1.628510 
1693 1.628080 
1503 1.628024 
964 1.627673 
688 1.627643 
3973 1.627399 
5744 1.627289 
1168 1.627157 
2604 1.626953 
4304 1.626939 
4252 1.626677 
5563 1.626636 
3028 1.626472 
3291 1.626364 
4408 1.626336 
1964 1.626170 
4564 1.626139 
2802 1.626025 
5553 1.625957 
1128 1.625859 
3332 1.625736 
508 1.625596 
5185 1.625473 
48 1.625464 
2427 1.625345 
172 1.625172 
3893 1.625069 
4004 1.624378 
1322 1.624301 
3288 1.623909 
2193 1.623722 
3936 1.623692 
277 1.623673 
3746 1.623557 
4954 1.623486 
4614 1.623477 
533 1.623363 
4525 1.623174 
2346 1.623144 
2042 1.623054 
2605 1.622847 
3695 1.622801 
2044 1.622775 
3514 1.622709 
2911 1.622627 
1314 1.622416 
1089 1.622372 
3329 1.622330 
3445 1.622286 
5513 1.622242 
1899 1.622189 
3331 1.622151 
5125 1.622147 
5073 1.622086 
1098 1.622071 
1506 1.622053 
3173 1.621908 
3408 1.621797 
1121 1.621638 
3783 1.621375 
1918 1.621126 
2150 1.621081 
2601 1.620923 
4084 1.620413 
1518 1.620209 
5381 1.620165 
3787 1.620109 
2416 1.619898 
1688 1.619828 
2192 1.619722 
5344 1.619721 
4617 1.619640 
469 1.619602 
5898 1.619420 
1135 1.619267 
5356 1.619189 
4319 1.619171 
3977 1.619156 
4605 1.619125 
5054 1.619118 
4162 1.619109 
2840 1.619105 
2350 1.618559 
2077 1.618431 
3863 1.618379 
2414 1.618254 
976 1.618056 
4915 1.617911 
5097 1.617872 
2118 1.617719 
3441 1.617678 
3671 1.617322 
2344 1.617215 
2386 1.616912 
1813 1.616834 
3089 1.616623 
4616 1.616499 
1474 1.616211 
1696 1.616183 
3252 1.615688 
2529 1.615628 
4565 1.615566 
4720 1.615404 
4862 1.615325 
3484 1.615222 
4293 1.615147 
1270 1.615140 
3670 1.615123 
2525 1.615092 
1063 1.615043 
5225 1.614726 
3856 1.614475 
4175 1.614041 
1439 1.613989 
1465 1.613859 
2492 1.613631 
1740 1.613381 
2450 1.613319 
5743 1.613312 
3397 1.613177 
2047 1.613006 
1093 1.612926 
3865 1.612581 
660 1.612255 
1468 1.612228 
3436 1.612181 
1472 1.612004 
1241 1.611766 
62 1.611522 
2539 1.611341 
5547 1.611248 
2045 1.610919 
4773 1.610876 
4604 1.610739 
5371 1.610735 
4888 1.610576 
4566 1.610574 
2685 1.610478 
1169 1.610212 
3257 1.610184 
4757 1.609743 
2870 1.609727 
5625 1.609516 
1549 1.609466 
3595 1.609426 
2075 1.609426 
548 1.609255 
4875 1.609254 
2869 1.609200 
2121 1.609128 
1051 1.608853 
2635 1.608842 
4537 1.608627 
2378 1.608589 
3439 1.608569 
3364 1.608549 
2485 1.608479 
1432 1.608452 
1660 1.608299 
2681 1.608235 
2566 1.607748 
3824 1.607724 
1935 1.607697 
4759 1.607540 
5639 1.607526 
3941 1.607517 
5594 1.607480 
22 1.607406 
4665 1.607392 
2034 1.607130 
3553 1.607080 
4735 1.607029 
5514 1.606896 
2383 1.606876 
1005 1.606745 
5526 1.606658 
1060 1.606326 
4343 1.606277 
3238 1.606266 
4368 1.606194 
2718 1.606072 
5252 1.605922 
2982 1.605868 
1930 1.605784 
2068 1.605772 
5824 1.605753 
3029 1.605748 
1849 1.605701 
1044 1.605700 
4149 1.605590 
3099 1.605537 
2532 1.605426 
2186 1.605412 
2994 1.605383 
2484 1.605339 
91 1.604809 
4904 1.604754 
3480 1.604572 
4849 1.604315 
3446 1.604277 
1317 1.604274 
4669 1.604261 
3665 1.604234 
3815 1.604136 
3744 1.603947 
4326 1.603863 
432 1.603852 
1539 1.603735 
21 1.603669 
1732 1.603557 
4903 1.603417 
56 1.603296 
5085 1.603293 
1616 1.602953 
2415 1.602857 
2808 1.602795 
161 1.602632 
3292 1.602456 
2798 1.602410 
1393 1.602238 
1438 1.602233 
244 1.602084 
2226 1.602053 
4461 1.602047 
1242 1.601749 
5137 1.601675 
4238 1.601590 
1739 1.601533 
521 1.601532 
3974 1.601455 
5598 1.601154 
5096 1.600759 
2379 1.600675 
2752 1.600670 
2195 1.600621 
2724 1.600477 
5706 1.600471 
3972 1.600385 
3969 1.600285 
1921 1.600183 
1095 1.600133 
1581 1.600006 
2640 1.599828 
2345 1.599501 
3481 1.599373 
4982 1.599350 
4116 1.599333 
1013 1.599229 
2462 1.599081 
5098 1.599054 
2410 1.598875 
1352 1.598821 
2112 1.598820 
4044 1.598610 
5528 1.598253 
1090 1.598223 
4850 1.598112 
965 1.597989 
5340 1.597868 
3597 1.597828 
4848 1.597679 
1134 1.597603 
2570 1.597341 
898 1.597336 
1019 1.597216 
2455 1.597088 
3399 1.596939 
2351 1.596839 
3135 1.596219 
2419 1.596149 
3317 1.596099 
1772 1.596054 
4120 1.595983 
4280 1.595977 
809 1.595899 
1814 1.595705 
4676 1.595500 
2716 1.595328 
2981 1.595230 
5622 1.595139 
2499 1.594986 
1391 1.594871 
4760 1.594728 
2835 1.594631 
4902 1.594574 
4369 1.594368 
320 1.594342 
1205 1.593766 
281 1.593739 
4475 1.593615 
1321 1.593512 
2028 1.593441 
1629 1.593316 
61 1.593253 
4863 1.593205 
2152 1.593091 
4174 1.593076 
5525 1.593058 
208 1.592993 
3554 1.592957 
3323 1.592756 
689 1.592676 
871 1.592452 
1701 1.592415 
4629 1.592414 
4012 1.592366 
3522 1.592335 
4825 1.592328 
355 1.592175 
2043 1.592119 
2720 1.591872 
5595 1.591789 
3857 1.591773 
4549 1.591667 
4225 1.591653 
3208 1.591481 
95 1.591245 
4707 1.591168 
5712 1.590979 
1659 1.590899 
5034 1.590652 
1167 1.590531 
2837 1.590338 
5384 1.589975 
2381 1.589974 
165 1.589950 
3365 1.589904 
5590 1.589559 
3629 1.589407 
1162 1.589183 
2035 1.589173 
5745 1.589075 
5032 1.588899 
2189 1.588874 
5630 1.588774 
3328 1.588373 
4460 1.588352 
1099 1.588256 
1017 1.587959 
5226 1.587944 
3940 1.587912 
5564 1.587864 
4890 1.587731 
664 1.586726 
3357 1.586464 
93 1.586322 
2002 1.586079 
3406 1.586051 
3751 1.586017 
2117 1.585829 
2491 1.585804 
2232 1.585663 
5200 1.585661 
3067 1.585578 
4462 1.585547 
2530 1.585325 
3322 1.585295 
5560 1.585230 
5174 1.585106 
1127 1.584972 
638 1.584936 
5780 1.584908 
3175 1.584722 
2806 1.584623 
3139 1.584592 
2572 1.584445 
2465 1.584384 
2807 1.584207 
2082 1.584188 
1889 1.584168 
1273 1.584072 
5589 1.583719 
985 1.583427 
4732 1.582978 
1008 1.582860 
1437 1.582508 
1664 1.582446 
5742 1.581955 
127 1.581946 
5750 1.581721 
2496 1.581562 
2460 1.581552 
3902 1.581531 
509 1.581464 
3518 1.581247 
5523 1.581117 
5662 1.580947 
4786 1.580873 
4189 1.580815 
2116 1.580654 
357 1.580481 
318 1.580428 
2989 1.580225 
3057 1.579979 
2836 1.579876 
170 1.579466 
2569 1.579344 
1313 1.579258 
2912 1.579174 
4852 1.579137 
2352 1.579058 
2380 1.578984 
4052 1.578963 
3105 1.578704 
1702 1.578600 
1777 1.578578 
2986 1.578408 
1965 1.578172 
4047 1.578103 
2348 1.578085 
3411 1.577896 
2424 1.577863 
2920 1.577439 
1657 1.577095 
1161 1.576938 
1587 1.576926 
2030 1.576771 
3560 1.576247 
497 1.575877 
5708 1.575679 
4342 1.575548 
1894 1.575511 
5359 1.575496 
2950 1.575487 
4695 1.575392 
3793 1.575062 
3887 1.575026 
3062 1.574874 
1079 1.574798 
1062 1.574422 
3858 1.574413 
5562 1.573861 
5700 1.573845 
5545 1.573812 
5557 1.573532 
2067 1.573403 
2838 1.573314 
5421 1.573256 
242 1.573246 
5627 1.573166 
2841 1.573125 
1358 1.572984 
4681 1.572717 
352 1.572707 
4198 1.572236 
3822 1.572183 
1170 1.572154 
1048 1.572079 
2603 1.571941 
5707 1.571809 
5709 1.571777 
3174 1.571624 
2298 1.571533 
2185 1.571461 
3593 1.571457 
5588 1.571448 
4122 1.571318 
5546 1.571130 
1553 1.571010 
817 1.570974 
3031 1.570962 
718 1.570943 
2072 1.570924 
822 1.570893 
3901 1.570649 
1462 1.570557 
5018 1.570490 
2263 1.570231 
3295 1.570034 
520 1.569902 
4995 1.569300 
5676 1.569034 
4812 1.568812 
2385 1.568809 
2417 1.568799 
3903 1.568749 
2036 1.568561 
4380 1.568078 
5820 1.568055 
4173 1.568042 
5332 1.567910 
4839 1.567628 
662 1.567608 
5552 1.567428 
4508 1.567386 
3440 1.567276 
3374 1.567130 
4666 1.567051 
2801 1.566965 
4393 1.566950 
4774 1.566828 
1166 1.566676 
1961 1.566662 
4851 1.566620 
2800 1.566264 
978 1.566079 
3096 1.566072 
1275 1.565664 
4772 1.565631 
4664 1.565605 
1580 1.565584 
5601 1.565436 
1846 1.565292 
3897 1.565246 
4662 1.564985 
678 1.564840 
5675 1.564662 
5215 1.564605 
4340 1.564571 
1508 1.564308 
1210 1.564256 
5057 1.564235 
1470 1.564144 
1628 1.564081 
5021 1.564019 
3753 1.563952 
3633 1.563927 
278 1.563679 
3137 1.563525 
1201 1.563457 
3138 1.563436 
3320 1.563435 
3852 1.563284 
3516 1.563256 
4696 1.563243 
5781 1.563027 
121 1.562991 
1280 1.562950 
388 1.562883 
5357 1.562863 
3745 1.562734 
1516 1.562624 
2830 1.562600 
4722 1.562476 
2459 1.562391 
1211 1.562309 
4498 1.562252 
4813 1.562248 
2302 1.562093 
163 1.562078 
5423 1.561969 
2650 1.561746 
5818 1.561705 
637 1.561666 
4943 1.561472 
2946 1.561236 
3093 1.560942 
1085 1.560904 
5703 1.560653 
703 1.560548 
51 1.560483 
5016 1.560367 
5597 1.560352 
2797 1.560186 
3849 1.560121 
3896 1.560071 
3396 1.560067 
3172 1.559596 
2076 1.559524 
2878 1.559287 
1919 1.559121 
3059 1.558779 
4509 1.558390 
4370 1.558174 
4709 1.558020 
2918 1.557913 
5518 1.557684 
4410 1.557487 
2648 1.557470 
1441 1.557346 
2976 1.556904 
128 1.556885 
3052 1.556865 
2607 1.556832 
4551 1.556808 
3336 1.556707 
2148 1.556607 
4800 1.556607 
3019 1.556445 
3508 1.556069 
2454 1.556019 
2875 1.555981 
2832 1.555910 
3370 1.555818 
1958 1.555721 
2008 1.555700 
279 1.555675 
4539 1.555501 
2883 1.555315 
3975 1.555308 
977 1.555259 
5561 1.555040 
3369 1.554843 
5069 1.554699 
5822 1.554639 
2457 1.554472 
5189 1.554346 
483 1.553977 
626 1.553852 
2804 1.553316 
4331 1.553289 
2882 1.552893 
4082 1.552681 
2722 1.552645 
5436 1.552562 
5305 1.552544 
1666 1.552435 
5354 1.552337 
3898 1.552316 
1728 1.552252 
2221 1.551940 
510 1.551911 
4382 1.551705 
1957 1.551566 
640 1.551556 
4196 1.551498 
1931 1.551472 
2992 1.551414 
3410 1.551026 
3830 1.550991 
1537 1.550061 
5521 1.549785 
1359 1.549777 
4046 1.549546 
3864 1.549484 
1444 1.549475 
4123 1.549426 
4591 1.549330 
207 1.549215 
704 1.549188 
5111 1.548980 
4657 1.548890 
1542 1.548883 
4423 1.548655 
676 1.548633 
1240 1.548472 
3098 1.548465 
2083 1.548307 
5582 1.548296 
2957 1.548129 
1086 1.548079 
1769 1.547911 
1092 1.547031 
4188 1.546952 
4328 1.546935 
136 1.546546 
2231 1.546407 
1847 1.545767 
4746 1.545647 
20 1.545398 
4538 1.545388 
3022 1.545303 
5896 1.545143 
4641 1.545042 
5673 1.544791 
1665 1.544728 
2069 1.544552 
4837 1.544551 
2010 1.544506 
4513 1.544482 
1276 1.544405 
1934 1.544194 
5713 1.543944 
201 1.543903 
4327 1.543858 
4176 1.543167 
5638 1.543023 
3513 1.542987 
2955 1.542848 
1738 1.542738 
1970 1.542663 
1233 1.542640 
4693 1.542593 
886 1.542510 
3281 1.542204 
1129 1.542063 
4981 1.541973 
4014 1.541929 
2349 1.541470 
3713 1.541388 
1892 1.541266 
1087 1.541134 
1994 1.540587 
205 1.540579 
4381 1.540116 
1534 1.540085 
243 1.539750 
1501 1.539749 
741 1.539669 
4040 1.539166 
3254 1.539034 
5632 1.538972 
131 1.538801 
5047 1.538640 
3900 1.538629 
1018 1.538559 
1554 1.538513 
1047 1.538466 
3515 1.538357 
1584 1.538184 
1997 1.538018 
3938 1.538007 
2225 1.537961 
3448 1.537892 
5265 1.537839 
3591 1.537475 
1952 1.537384 
4744 1.537274 
3714 1.537080 
1133 1.537063 
1091 1.536344 
1922 1.536186 
1130 1.535962 
4578 1.535926 
4836 1.535758 
3743 1.535505 
1808 1.535002 
1737 1.534907 
913 1.534604 
1694 1.534453 
3485 1.534442 
130 1.534293 
3862 1.534059 
2865 1.534045 
4266 1.534032 
731 1.533944 
833 1.533876 
805 1.533799 
3693 1.533472 
2983 1.533439 
124 1.533289 
430 1.533256 
282 1.533145 
1507 1.533000 
3100 1.532780 
2985 1.532112 
4670 1.531960 
2907 1.531783 
3258 1.531680 
3932 1.531521 
5631 1.531101 
3214 1.530839 
3782 1.530761 
4864 1.530696 
2643 1.530493 
2301 1.530462 
5670 1.530098 
3816 1.529751 
4163 1.529706 
4433 1.529693 
4917 1.529599 
2723 1.529547 
3719 1.528715 
4201 1.528512 
2375 1.528361 
1850 1.527981 
2682 1.527797 
987 1.527733 
5861 1.527085 
4421 1.527050 
3058 1.526922 
677 1.526683 
1094 1.526563 
1960 1.526440 
89 1.526258 
4873 1.526251 
1100 1.526234 
2574 1.525992 
2391 1.525770 
98 1.525617 
4126 1.525418 
2502 1.525123 
5821 1.525091 
4956 1.525077 
4682 1.525014 
5668 1.524830 
3177 1.524435 
99 1.524411 
5081 1.524150 
4891 1.523627 
4861 1.523591 
5859 1.523391 
1776 1.523241 
4436 1.523039 
3140 1.522838 
1125 1.522775 
4228 1.522670 
5029 1.522462 
3819 1.522421 
1770 1.522375 
1972 1.522150 
3866 1.522125 
1434 1.522089 
5187 1.521948 
3929 1.521424 
2567 1.521280 
4345 1.521156 
168 1.520942 
3132 1.520772 
3742 1.520724 
4667 1.520631 
4005 1.520501 
2449 1.519926 
239 1.519873 
3939 1.519777 
1959 1.519742 
3375 1.519506 
4224 1.519451 
727 1.519364 
5551 1.519339 
45 1.518846 
5637 1.518403 
2423 1.518372 
981 1.517702 
4088 1.517639 
4718 1.517339 
2156 1.516919 
4799 1.516885 
3290 1.516793 
4745 1.516747 
4226 1.516525 
4435 1.516206 
2269 1.516165 
3025 1.516049 
938 1.514863 
1999 1.514736 
1136 1.514258 
2428 1.514217 
3756 1.513125 
5591 1.513118 
3359 1.512787 
3523 1.512715 
5460 1.512338 
3859 1.512207 
572 1.512169 
1874 1.511704 
13 1.511672 
203 1.511390 
4212 1.511210 
1056 1.511111 
4500 1.511070 
4148 1.510724 
85 1.510543 
3853 1.510465 
5027 1.510452 
3860 1.509740 
5665 1.509720 
3935 1.509448 
4118 1.509173 
5241 1.509159 
1206 1.508991 
1476 1.508590 
1020 1.508479 
3142 1.508392 
845 1.508337 
4705 1.508300 
549 1.508070 
1278 1.507955 
5099 1.507835 
5383 1.507823 
5897 1.507762 
2867 1.507546 
5710 1.507443 
3828 1.507309 
5785 1.507229 
2916 1.507173 
3334 1.506597 
1807 1.506569 
1870 1.506233 
2421 1.506192 
872 1.506123 
3363 1.506112 
125 1.506030 
3063 1.505845 
1238 1.505224 
1006 1.504976 
5501 1.504796 
2347 1.504741 
2760 1.504715 
394 1.504708 
5934 1.504255 
1590 1.504039 
88 1.503756 
5086 1.503676 
5593 1.503673 
5254 1.503642 
2881 1.502889 
663 1.502497 
97 1.502446 
1851 1.502341 
1481 1.501766 
4835 1.501606 
2009 1.501591 
5224 1.501568 
4826 1.501539 
2831 1.501013 
3785 1.500979 
4422 1.500650 
818 1.500299 
1396 1.499975 
3716 1.499928 
3474 1.499911 
2071 1.499875 
493 1.499672 
5138 1.499486 
5544 1.498775 
1544 1.498426 
1272 1.498269 
3327 1.498196 
926 1.497814 
2576 1.497559 
1883 1.497372 
1050 1.497036 
5554 1.496998 
2187 1.496775 
3748 1.496763 
2564 1.496431 
4086 1.495962 
167 1.495527 
3627 1.495196 
2642 1.495175 
3401 1.495174 
925 1.494218 
3255 1.494174 
2494 1.493986 
5008 1.493575 
1022 1.493069 
3754 1.492911 
3407 1.492103 
4618 1.491890 
3438 1.491266 
4885 1.491172 
5058 1.490690 
769 1.490686 
5352 1.490563 
60 1.490358 
1619 1.490104 
4449 1.489676 
5581 1.489601 
4394 1.489453 
636 1.489311 
4305 1.488966 
5663 1.488947 
2561 1.488264 
1318 1.488054 
1966 1.487925 
2109 1.487760 
4015 1.487669 
1045 1.487645 
2426 1.487559 
821 1.487396 
3772 1.487291 
16 1.486814 
3179 1.486663 
979 1.486514 
834 1.486359 
2527 1.486119 
5674 1.486079 
5559 1.486039 
1805 1.485977 
4276 1.485536 
5786 1.485373 
4185 1.485017 
4550 1.484762 
4845 1.484587 
4117 1.484579 
2988 1.483520 
4160 1.483276 
1923 1.483266 
4706 1.483166 
2500 1.482767 
1926 1.482260 
47 1.482240 
496 1.481658 
495 1.481479 
3299 1.481464 
5369 1.481252 
2374 1.481192 
5346 1.481084 
1655 1.480425 
54 1.479892 
4644 1.479683 
1312 1.479442 
5858 1.479414 
2490 1.478754 
1703 1.478702 
4239 1.477282 
4952 1.477125 
395 1.477035 
3016 1.476615 
819 1.476081 
1174 1.475405 
1232 1.474481 
4942 1.474479 
2537 1.472459 
522 1.472362 
14 1.470929 
3240 1.470845 
2000 1.470458 
4083 1.470428 
246 1.470105 
134 1.469481 
4187 1.469193 
5411 1.469140 
4241 1.468565 
3478 1.468306 
3133 1.467971 
204 1.467524 
5556 1.467388 
5705 1.467055 
3316 1.466775 
23 1.466525 
2227 1.466203 
4511 1.465189 
3968 1.465097 
2041 1.464761 
562 1.464695 
2377 1.464664 
5188 1.464628 
494 1.464593 
5580 1.464232 
4199 1.463756 
1658 1.463411 
3934 1.462849 
536 1.462692 
2608 1.462131 
1473 1.461928 
1898 1.461475 
4834 1.461445 
3354 1.461410 
2039 1.461193 
1244 1.460993 
4279 1.459684 
92 1.459493 
4930 1.459176 
4006 1.458901 
4306 1.458722 
481 1.458609 
1771 1.458501 
5449 1.458495 
5621 1.458223 
3064 1.458222 
5070 1.457366 
2005 1.457360 
1203 1.456808 
4253 1.456779 
2915 1.456709 
1010 1.456518 
2952 1.456335 
4589 1.456259 
2531 1.456097 
1419 1.456045 
2111 1.456019 
5634 1.455967 
2909 1.455140 
653 1.454156 
5396 1.454082 
1443 1.454034 
4418 1.453869 
1247 1.453852 
4689 1.453846 
2874 1.453546 
5368 1.453425 
5227 1.453170 
5007 1.453131 
1579 1.451972 
2262 1.451589 
984 1.451185 
202 1.450789 
3971 1.450611 
2257 1.450105 
50 1.449984 
2256 1.449889 
4051 1.449557 
2761 1.449153 
4787 1.449118 
3848 1.448995 
2686 1.448785 
2489 1.448723 
5059 1.448661 
1052 1.448484 
1698 1.448483 
575 1.448468 
3216 1.448457 
4678 1.447733 
2115 1.447411 
1395 1.446994 
2306 1.446943 
3690 1.446851 
1504 1.446603 
3017 1.446229 
1390 1.445856 
4499 1.444950 
2497 1.444703 
4874 1.444582 
4045 1.443977 
5046 1.443973 
649 1.443488 
5253 1.443151 
4748 1.442725 
4553 1.441766 
4579 1.441535 
1096 1.441359 
3261 1.441147 
5749 1.440900 
717 1.440587 
80 1.439738 
1624 1.439677 
53 1.439670 
5422 1.439089 
5031 1.438840 
3791 1.438785 
5516 1.438654 
1618 1.438300 
40 1.437364 
899 1.437007 
1279 1.436681 
3931 1.435005 
5856 1.434338 
1429 1.434150 
1621 1.433877 
1496 1.433565 
5251 1.432767 
1729 1.432570 
3546 1.431423 
1353 1.430763 
3667 1.430490 
5424 1.429622 
887 1.429579 
18 1.428469 
1014 1.428113 
4355 1.427400 
5213 1.426605 
3855 1.426518 
5778 1.426283 
4384 1.425636 
4150 1.425458 
5585 1.424980 
4182 1.424345 
87 1.424031 
1234 1.423762 
5628 1.423748 
3788 1.423593 
1420 1.423593 
3301 1.423039 
2353 1.422992 
4265 1.422816 
4158 1.422653 
5550 1.422228 
162 1.421521 
4202 1.420799 
3625 1.420325 
5203 1.419468 
3894 1.419161 
1775 1.418639 
5108 1.416149 
5783 1.416076 
531 1.415642 
4631 1.415469 
429 1.414237 
3318 1.413886 
2906 1.413684 
5624 1.413577 
1124 1.412518 
122 1.412148 
81 1.411500 
3287 1.411088 
24 1.410913 
2330 1.410497 
4941 1.410116 
895 1.409339 
3825 1.408782 
1435 1.408307 
4914 1.407379 
1890 1.407271 
2947 1.406932 
5620 1.406821 
2634 1.406402 
1467 1.405578 
4654 1.404313 
5524 1.404008 
4858 1.400538 
5433 1.398059 
2799 1.397570 
390 1.397389 
4590 1.394974 
5341 1.394786 
2342 1.393609 
3215 1.392428 
57 1.392398 
3928 1.390577 
5237 1.390470 
3239 1.390072 
3091 1.390040 
690 1.389700 
358 1.389443 
5186 1.389334 
44 1.389309 
3888 1.389128 
3023 1.388699 
3296 1.388222 
3026 1.387866 
4159 1.387585 
1652 1.387054 
2534 1.386686 
939 1.385668 
1388 1.385405 
4527 1.385154 
846 1.384876 
5450 1.383871 
4434 1.383300 
730 1.382586 
3891 1.382359 
858 1.382215 
4395 1.381780 
5933 1.380381 
4011 1.379144 
982 1.378887 
4472 1.377355 
3736 1.373995 
2753 1.373621 
2389 1.373354 
4080 1.373057 
2645 1.372776 
1510 1.370682 
5660 1.368995 
5385 1.368450 
389 1.366081 
534 1.365922 
5702 1.365545 
5338 1.365311 
4488 1.365278 
3249 1.361110 
1916 1.360766 
4785 1.360581 
1202 1.359874 
1533 1.359221 
5223 1.359064 
535 1.359047 
1479 1.358283 
5294 1.358074 
613 1.356818 
319 1.356015 
1078 1.353755 
1513 1.352854 
3689 1.352030 
4901 1.351998 
2759 1.351753 
1004 1.350587 
1239 1.350286 
4209 1.349796 
651 1.349174 
5382 1.348305 
5121 1.346623 
271 1.346596 
1689 1.346205 
4041 1.346138 
5463 1.345666 
5932 1.345125 
1766 1.343544 
859 1.342344 
754 1.338767 
1661 1.338757 
4353 1.334802 
471 1.334735 
2521 1.334479 
1535 1.330223 
5355 1.328161 
82 1.320845 
5176 1.319132 
5409 1.317988 
650 1.316782 
1627 1.314704 
5372 1.314384 
561 1.313492 
1875 1.313410 
4630 1.313055 
4520 1.310899 
353 1.309197 
1735 1.304576 
1498 1.304213 
1163 1.301512 
484 1.300228 
5216 1.299759 
5512 1.296384 
2779 1.292880 
2267 1.288204 
5175 1.284721 
1953 1.280330 
5190 1.274791 
5177 1.268170 
4716 1.267356 
5030 1.254623 
973 1.253984 
5365 1.253213 
313 1.250550 
1869 1.249657 
3703 1.247227 
2793 1.246355 
2179 1.245196 
673 1.240373 
1271 1.238075 
781 1.234613 
2520 1.232317 
2940 1.228188 
4756 1.224240 
2325 1.218665 
3710 1.217768 
15 1.216994 
5893 1.213874 
4965 1.212769 
3999 1.209637 
4077 1.208857 
2712 1.205969 
2324 1.205109 
2522 1.199904 
5892 1.195099 
700 1.193902 
4351 1.191886 
5542 1.188062 
599 1.176813 
2443 1.176205 
312 1.175438 
4493 1.173366 
458 1.171077 
457 1.167325 
5816 1.164859 
4316 1.161395 
1156 1.156447 
2977 1.152031 
4823 1.151799 
3779 1.151709 
974 1.148580 
646 1.144795 
5540 1.141073 
4155 1.139030 
42 1.135925 
5928 1.129790 
4796 1.129395 
5094 1.121821 
5419 1.121768 
2713 1.120253 
2823 1.119659 
1726 1.113311 
4458 1.112643 
5541 1.109976 
2676 1.109273 
935 1.108090 
5264 1.107485 
828 1.092429 
5378 1.087619 
1120 1.086523 
3353 1.083516 
4078 1.082914 
4324 1.081899 
4587 1.071412 
4925 1.067531 
4560 1.064139 
3054 1.062741 
633 1.060981 
5392 1.058951 
4076 1.058358 
236 1.057498 
5148 1.053074 
4992 1.050693 
4144 1.049978 
1724 1.047485 
3808 1.046730 
801 1.045880 
41 1.043319 
5930 1.032607 
5446 1.032071 
1157 1.031205 
3248 1.028813 
4249 1.010978 
3469 1.008369 
2821 0.998766 
2408 0.989856 
2258 0.988207 
2559 0.982178 
3704 0.980942 
5000 0.976757 
4391 0.975761 
3809 0.973968 
5196 0.972680 
5929 0.971266 
1428 0.967052 
1725 0.962692 
4289 0.960274 
2780 0.945698 
5695 0.936534 
5161 0.935977 
4702 0.935014 
504 0.926040 
5134 0.923285 
686 0.920939 
558 0.914423 
5277 0.905112 
2445 0.896001 
4533 0.891138 
4431 0.890185 
272 0.888550 
4485 0.886599 
4831 0.879376 
2368 0.873294 
1989 0.867725 
464 0.866557 
4627 0.863849 
4769 0.854519 
4600 0.851235 
2794 0.851069 
5209 0.843488 
1990 0.836931 
4195 0.836852 
5852 0.830036 
2750 0.826666 
713 0.825873 
814 0.823182 
4145 0.821478 
5040 0.820800 
2180 0.817476 
1884 0.815471 
154 0.810889 
1458 0.809281 
4222 0.803927 
3964 0.784925 
962 0.784536 
1080 0.783594 
5304 0.782243 
5853 0.780179 
3432 0.779736 
2822 0.770517 
5169 0.768031 
517 0.765298 
2366 0.763587 
3810 0.762162 
2444 0.755493 
1988 0.743502 
5776 0.743378 
273 0.743221 
1911 0.742527 
908 0.738139 
3545 0.736301 
2367 0.735218 
3168 0.727125 
5694 0.726104 
477 0.724647 
2144 0.716685 
4898 0.713798 
5351 0.709370 
740 0.702255 
5473 0.699339 
5250 0.698736 
4729 0.690471 
4001 0.690196 
4675 0.688326 
4364 0.684482 
5067 0.682172 
4871 0.671618 
5811 0.665890 
348 0.664244 
2181 0.660996 
350 0.650286 
2557 0.649272 
5290 0.645577 
4809 0.633875 
196 0.632637 
841 0.619712 
5182 0.616762 
1612 0.610393 
1840 0.607803 
2294 0.603140 
5405 0.601419 
4000 0.598771 
349 0.587597 
585 0.580130 
5888 0.580113 
868 0.579523 
1001 0.577478 
3660 0.572042 
3544 0.564776 
1003 0.562254 
4742 0.558577 
2558 0.558353 
2900 0.555718 
3204 0.550377 
4573 0.550084 
5107 0.545734 
5236 0.545621 
4471 0.545028 
3733 0.544810 
5013 0.535695 
921 0.532867 
4168 0.519714 
1913 0.511342 
4115 0.511185 
1348 0.510786 
4782 0.510184 
4337 0.503829 
4377 0.503736 
5736 0.499361 
3392 0.498572 
4262 0.490426 
1194 0.485527 
2104 0.483815 
5956 0.479317 
1912 0.472756 
4844 0.471427 
155 0.466624 
3203 0.466569 
948 0.463925 
3278 0.456967 
3731 0.455893 
1002 0.453881 
3277 0.449681 
767 0.448140 
3012 0.447159 
5509 0.445569 
3732 0.439223 
3014 0.438156 
4978 0.436241 
2293 0.435663 
5500 0.434710 
1647 0.430573 
544 0.428294 
1385 0.425789 
2295 0.425338 
5889 0.424180 
4938 0.420297 
455 0.407579 
3013 0.406468 
5317 0.404604 
780 0.401384 
5263 0.394276 
3276 0.389091 
1192 0.378122 
3924 0.374613 
1193 0.372651 
5696 0.352022 
2027 0.350440 
3923 0.349810 
625 0.349257 
1456 0.346411 
659 0.341213 
156 0.333223 
612 0.329969 
5890 0.325571 
5813 0.322022 
3583 0.317774 
5579 0.316278 
1649 0.313622 
5957 0.312992 
2636 0.308549 
2102 0.307310 
5080 0.304068 
3467 0.297664 
1384 0.297383 
4302 0.295937 
3468 0.293869 
4444 0.293666 
4404 0.284155 
5654 0.283756 
881 0.282170 
5222 0.281051 
3922 0.279938 
4114 0.277918 
5812 0.275898 
4911 0.266091 
2748 0.265368 
1383 0.265046 
4715 0.263619 
4235 0.260360 
5656 0.255876 
4506 0.249557 
1308 0.247550 
456 0.243357 
4037 0.240399 
2749 0.238587 
2673 0.234694 
793 0.229030 
1648 0.210864 
2103 0.204806 
1763 0.202560 
4688 0.202177 
4275 0.192211 
5577 0.190283 
3205 0.182768 
854 0.182318 
5578 0.181716 
4113 0.181427 
632 0.179856 
1117 0.179852 
3128 0.174334 
5147 0.168425 
699 0.150506 
5510 0.126815 
4038 0.113186 
1457 0.112942 
5364 0.112051 
5053 0.103322 
4208 0.100386 
2482 0.096109 
3659 0.095393 
5120 0.094382 
231 0.090052 
2218 0.089607 
5391 0.086310 
4640 0.084984 
753 0.084004 
4613 0.081375 
4755 0.071097 
1839 0.069389 
5330 0.067429 
425 0.060021 
4951 0.057990 
4036 0.057222 
1838 0.055232 
463 0.040856 
1572 0.037032 
490 0.036692 
5655 0.028696 
571 0.028233 
4546 0.025580 
3127 0.022248 
2937 0.015067 
3847 0.012361 
530 0.008889 
79 -0.015305 
78 -0.040122 
9 -0.040634 
2935 -0.042161 
3658 -0.042438 
5195 -0.050614 
5276 -0.052993 
1495 -0.057579 
2672 -0.058654 
5432 -0.074222 
5303 -0.075973 
1116 -0.082725 
2936 -0.085836 
1307 -0.087235 
672 -0.092105 
77 -0.093370 
3126 -0.114579 
4350 -0.114783 
894 -0.115624 
5249 -0.116265 
3315 -0.116302 
2405 -0.132643 
503 -0.134786 
2217 -0.141203 
5459 -0.144120 
2671 -0.151907 
1686 -0.159791 
3845 -0.163047 
4857 -0.168464 
3050 -0.168629 
3391 -0.174895 
4586 -0.185964 
1115 -0.195287 
4248 -0.196325 
5771 -0.198990 
8 -0.199006 
4924 -0.201672 
2216 -0.203145 
2860 -0.203511 
726 -0.206632 
232 -0.211769 
4884 -0.213654 
1761 -0.216989 
712 -0.224829 
598 -0.233303 
1231 -0.233379 
2859 -0.248185 
1040 -0.252212 
645 -0.254129 
5377 -0.258521 
5160 -0.259137 
3770 -0.262209 
1306 -0.262474 
1950 -0.268350 
2026 -0.273313 
2791 -0.277538 
827 -0.278991 
4181 -0.280873 
3582 -0.285996 
4519 -0.289460 
1571 -0.299222 
2025 -0.299472 
1230 -0.310751 
3051 -0.313318 
739 -0.318765 
971 -0.326981 
476 -0.334104 
3390 -0.335409 
2480 -0.345688 
5486 -0.346626 
3959 -0.348062 
4492 -0.349953 
4323 -0.350715 
800 -0.351868 
3846 -0.353430 
1762 -0.357160 
5337 -0.362088 
5772 -0.372023 
961 -0.375087 
2596 -0.376513 
3581 -0.380150 
114 -0.399361 
5168 -0.401107 
1229 -0.403087 
233 -0.413072 
5418 -0.417157 
3506 -0.417459 
5093 -0.420606 
4991 -0.424697 
1570 -0.433284 
3688 -0.435665 
310 -0.435978 
308 -0.437624 
3313 -0.442003 
3882 -0.446992 
5026 -0.447624 
2777 -0.452493 
5066 -0.453539 
2481 -0.455386 
309 -0.458037 
115 -0.461174 
5133 -0.464660 
3049 -0.472722 
427 -0.481564 
5262 -0.484441 
2404 -0.485887 
5208 -0.486923 
2141 -0.489607 
3960 -0.490673 
1493 -0.496776 
2858 -0.498691 
1868 -0.500652 
5235 -0.511354 
4559 -0.513955 
4457 -0.514780 
5499 -0.520590 
2403 -0.520663 
4484 -0.523261 
2139 -0.525621 
1494 -0.528017 
5615 -0.529642 
1867 -0.537650 
1881 -0.540256 
4728 -0.540300 
5316 -0.546774 
426 -0.547484 
867 -0.548483 
779 -0.552083 
4142 -0.552209 
4288 -0.558202 
5350 -0.560932 
4795 -0.568419 
2792 -0.577204 
2778 -0.581365 
4964 -0.589931 
4626 -0.596726 
4661 -0.597517 
2255 -0.606867 
2323 -0.610493 
5537 -0.611541 
4417 -0.613696 
2254 -0.616147 
2253 -0.616326 
2519 -0.618539 
4221 -0.625300 
4154 -0.634586 
3961 -0.640998 
4315 -0.647065 
4390 -0.647772 
1343 -0.649298 
4143 -0.652290 
5773 -0.655375 
685 -0.655658 
516 -0.656055 
5926 -0.661614 
5404 -0.667905 
4897 -0.671127 
766 -0.671529 
5614 -0.679608 
5490 -0.684460 
2140 -0.685451 
4074 -0.689372 
3247 -0.691837 
3163 -0.699874 
4830 -0.700848 
1266 -0.703509 
5925 -0.708993 
2 -0.713762 
611 -0.717585 
631 -0.726120 
1 -0.741302 
840 -0.741987 
972 -0.745710 
5106 -0.749480 
1427 -0.756435 
3768 -0.756707 
2594 -0.760152 
191 -0.762827 
4073 -0.764468 
3314 -0.764631 
2895 -0.766640 
4999 -0.769793 
3 -0.772022 
557 -0.775134 
4653 -0.777348 
3883 -0.785728 
1882 -0.785800 
1038 -0.786464 
1948 -0.787873 
4075 -0.793123 
5691 -0.794125 
624 -0.797542 
5927 -0.805492 
584 -0.809187 
1607 -0.825882 
2631 -0.831021 
4194 -0.832289 
2595 -0.833419 
5363 -0.837439 
5181 -0.839490 
2322 -0.842894 
1267 -0.845916 
907 -0.847270 
1039 -0.847390 
5731 -0.848452 
4822 -0.850451 
934 -0.858327 
4870 -0.865677 
5302 -0.866491 
5507 -0.879156 
5538 -0.880968 
3769 -0.892267 
3702 -0.893461 
1531 -0.893669 
3246 -0.898547 
3701 -0.903902 
4768 -0.907639 
998 -0.916947 
386 -0.919114 
4111 -0.925988 
5491 -0.927496 
5289 -0.932639 
4701 -0.935648 
1413 -0.938488 
3919 -0.945680 
3687 -0.950646 
4599 -0.951708 
5472 -0.959584 
1530 -0.961557 
5445 -0.964197 
658 -0.964385 
385 -0.966680 
4363 -0.968981 
5390 -0.970226 
5848 -0.981026 
2710 -0.986943 
2974 -0.997364 
387 -1.001248 
3427 -1.004091 
1800 -1.005679 
752 -1.007166 
2337 -1.012548 
792 -1.024318 
5079 -1.030618 
2517 -1.037486 
5194 -1.041701 
462 -1.042960 
5275 -1.043507 
5849 -1.048389 
5651 -1.051806 
3275 -1.056529 
5039 -1.058070 
5119 -1.065928 
2291 -1.068484 
3087 -1.069462 
5885 -1.072985 
761 -1.074924 
1412 -1.078002 
2063 -1.083186 
4110 -1.085750 
2518 -1.097404 
5539 -1.103067 
3504 -1.109160 
4470 -1.112132 
999 -1.113110 
3233 -1.113877 
3724 -1.121542 
3543 -1.125174 
771 -1.135159 
5321 -1.142087 
623 -1.144936 
2062 -1.145430 
1685 -1.146526 
4937 -1.146529 
543 -1.155058 
1075 -1.157906 
2290 -1.159782 
4808 -1.160798 
3086 -1.163781 
1798 -1.173690 
347 -1.177883 
5146 -1.187007 
1609 -1.188485 
5403 -1.190960 
3620 -1.191060 
3842 -1.191252 
39 -1.195135 
4430 -1.195696 
192 -1.195935 
4532 -1.198197 
3306 -1.198919 
3232 -1.199053 
1227 -1.199211 
3801 -1.199324 
5207 -1.199449 
29 -1.203210 
346 -1.205149 
116 -1.205978 
5315 -1.207431 
4261 -1.209451 
3196 -1.210007 
475 -1.211271 
4827 -1.213323 
698 -1.214452 
5922 -1.215299 
1986 -1.216663 
5322 -1.220456 
75 -1.222833 
5295 -1.222905 
1862 -1.226282 
1446 -1.233258 
4136 -1.236297 
4639 -1.237845 
2928 -1.240608 
5329 -1.242136 
3429 -1.242941 
5159 -1.252383 
2786 -1.253142 
5431 -1.254271 
1987 -1.255117 
5167 -1.255302 
5296 -1.255406 
1684 -1.257714 
2099 -1.258461 
4674 -1.258511 
4234 -1.258639 
1449 -1.259546 
671 -1.263629 
3541 -1.265309 
1344 -1.268163 
5477 -1.269505 
5308 -1.270045 
748 -1.270775 
4403 -1.272336 
880 -1.272894 
3619 -1.273700 
758 -1.273817 
3350 -1.273847 
5451 -1.275481 
610 -1.275775 
4505 -1.276267 
2336 -1.276537 
3269 -1.278831 
2396 -1.279992 
3542 -1.283825 
1799 -1.284073 
1904 -1.286038 
5498 -1.288212 
454 -1.288240 
2510 -1.288694 
2356 -1.289314 
1949 -1.289775 
2550 -1.291355 
3165 -1.292370 
711 -1.292558 
5335 -1.293196 
301 -1.294060 
5234 -1.296357 
1901 -1.297471 
2554 -1.300607 
3505 -1.301915 
1426 -1.306110 
5886 -1.306839 
3496 -1.307553 
5680 -1.307670 
37 -1.309199 
5616 -1.311098 
1109 -1.312044 
4164 -1.314052 
3618 -1.314064 
1794 -1.314595 
993 -1.314752 
264 -1.315015 
2555 -1.316745 
448 -1.318284 
151 -1.318760 
1376 -1.324592 
5334 -1.325577 
2209 -1.325605 
1640 -1.326400 
4920 -1.329224 
30 -1.329557 
4502 -1.329829 
1941 -1.330204 
3153 -1.331023 
381 -1.331228 
1486 -1.332288 
2280 -1.336190 
70 -1.336359 
570 -1.336767 
3009 -1.336965 
4843 -1.337284 
3164 -1.337864 
5143 -1.339274 
3184 -1.339537 
5949 -1.339744 
415 -1.341075 
1721 -1.341662 
4977 -1.342715 
602 -1.343373 
991 -1.344630 
1717 -1.344779 
5877 -1.346590 
762 -1.349525 
5850 -1.350176 
4892 -1.351542 
1705 -1.352761 
947 -1.353718 
2172 -1.354565 
5012 -1.354945 
738 -1.355341 
5569 -1.356349 
3761 -1.357655 
5126 -1.357768 
5717 -1.358328 
1985 -1.359840 
5918 -1.360148 
5090 -1.360852 
4297 -1.362550 
1594 -1.363228 
5611 -1.363892 
1637 -1.363949 
4216 -1.365057 
2888 -1.366224 
3266 -1.366971 
5887 -1.367086 
759 -1.368063 
1600 -1.369333 
1745 -1.369469 
3156 -1.369581 
593 -1.369603 
4736 -1.369816 
7 -1.370767 
1526 -1.371671 
4910 -1.372548 
680 -1.373250 
1782 -1.373820 
4593 -1.374403 
1143 -1.374591 
5574 -1.374803 
4931 -1.374883 
4025 -1.374992 
4804 -1.376160 
3190 -1.376420 
1520 -1.376859 
2664 -1.378524 
603 -1.379324 
5285 -1.379404 
1294 -1.379618 
1345 -1.379925 
4336 -1.380404 
1378 -1.380913 
5845 -1.381773 
2544 -1.382553 
4963 -1.382648 
725 -1.383016 
5245 -1.383185 
1676 -1.383531 
5791 -1.383661 
2240 -1.388260 
417 -1.388387 
917 -1.388785 
1860 -1.389345 
2317 -1.390704 
3838 -1.391115 
5646 -1.391232 
1816 -1.391378 
772 -1.391971 
3005 -1.392572 
5399 -1.393329 
502 -1.393374 
553 -1.393833 
1608 -1.394001 
69 -1.394256 
5640 -1.394285 
1754 -1.394455 
4806 -1.394648 
681 -1.394703 
74 -1.395107 
4477 -1.395971 
4529 -1.397029 
5425 -1.397253 
453 -1.397725 
211 -1.397794 
2399 -1.397964 
4333 -1.399982 
3721 -1.400482 
5875 -1.400742 
2132 -1.401227 
2277 -1.401416 
4099 -1.401685 
1981 -1.401777 
2772 -1.402148 
4528 -1.402180 
4098 -1.402735 
2286 -1.402896 
489 -1.403559 
175 -1.403818 
418 -1.403870 
668 -1.404529 
5244 -1.405471 
4684 -1.405548 
1714 -1.405574 
5464 -1.405656 
5284 -1.406706 
875 -1.407469 
3805 -1.407506 
3241 -1.408334 
3070 -1.409542 
3144 -1.409584 
4530 -1.410085 
1303 -1.410400 
179 -1.410859 
1337 -1.411448 
181 -1.412020 
3199 -1.413699 
4840 -1.413870 
439 -1.414351 
1034 -1.414387 
109 -1.415857 
406 -1.416046 
2541 -1.416288 
515 -1.416350 
2855 -1.416680 
5270 -1.416840 
1742 -1.418073 
337 -1.420221 
3699 -1.421051 
1527 -1.421349 
693 -1.421709 
5721 -1.422312 
3696 -1.422623 
5535 -1.422794 
2159 -1.423263 
38 -1.423311 
565 -1.423736 
4749 -1.423939 
749 -1.424219 
994 -1.424664 
1154 -1.425691 
2540 -1.426156 
3219 -1.426410 
378 -1.426973 
438 -1.427312 
2667 -1.428065 
862 -1.428404 
3795 -1.429766 
1221 -1.430257 
3648 -1.430807 
591 -1.430889 
5269 -1.430972 
6 -1.431211 
2891 -1.431227 
411 -1.431450 
2740 -1.432019 
1217 -1.432941 
3537 -1.433021 
5940 -1.433176 
552 -1.433199 
1907 -1.433676 
2246 -1.434599 
5830 -1.434618 
589 -1.434667 
606 -1.435185 
2615 -1.435841 
5923 -1.435908 
1603 -1.436400 
4134 -1.436514 
345 -1.437117 
2169 -1.437224 
3069 -1.437377 
144 -1.437642 
2998 -1.438304 
5314 -1.438510 
4284 -1.438603 
4572 -1.438663 
1858 -1.438805 
799 -1.439282 
3989 -1.440502 
1490 -1.440751 
583 -1.440754 
1286 -1.440892 
2973 -1.441300 
2249 -1.441520 
3268 -1.441560 
5575 -1.441849 
5758 -1.441976 
1368 -1.442087 
4775 -1.442415 
1519 -1.442645 
101 -1.442765 
32 -1.443466 
4879 -1.443471 
4412 -1.444052 
5837 -1.444798 
3800 -1.445336 
4853 -1.446340 
4818 -1.446532 
592 -1.446846 
4028 -1.447353 
258 -1.447851 
4466 -1.447977 
4374 -1.447992 
4034 -1.448215 
298 -1.448637 
2811 -1.448654 
2309 -1.448795 
5946 -1.448866 
5761 -1.448892 
5440 -1.449785 
791 -1.449869 
3910 -1.451121 
3488 -1.451442 
2208 -1.452096 
957 -1.452189 
4983 -1.452318 
5678 -1.452379 
2122 -1.452754 
4424 -1.452792 
4480 -1.453194 
322 -1.453365 
706 -1.453871 
2968 -1.453980 
5883 -1.454018 
3042 -1.454053 
5115 -1.454386 
2814 -1.454479 
1421 -1.454527 
2245 -1.454798 
5841 -1.455026 
1643 -1.455084 
2764 -1.455466 
3004 -1.455600 
4698 -1.455729 
2018 -1.455841 
721 -1.456116 
734 -1.456397 
2504 -1.456477 
4334 -1.456908 
3386 -1.457144 
221 -1.458818 
4167 -1.459456 
4454 -1.459600 
1108 -1.459688 
3106 -1.459740 
4970 -1.460322 
1226 -1.461465 
4697 -1.461897 
5767 -1.461944 
4127 -1.462361 
2655 -1.462504 
3193 -1.462841 
4788 -1.462975 
4301 -1.463047 
4986 -1.463686 
137 -1.463817 
4058 -1.464127 
340 -1.464194 
5454 -1.464886 
4568 -1.465397 
5764 -1.465964 
5938 -1.466595 
2274 -1.466618 
4658 -1.466778 
374 -1.468019 
5955 -1.468105 
5727 -1.468396 
3344 -1.468755 
889 -1.468898 
955 -1.468956 
111 -1.469429 
2055 -1.469939 
107 -1.470705 
1028 -1.470914 
3082 -1.471128 
2012 -1.471224 
2972 -1.471275 
3905 -1.471353 
3636 -1.471479 
526 -1.472380 
212 -1.472381 
5217 -1.472973 
4741 -1.473025 
405 -1.473289 
838 -1.473645 
3310 -1.473786 
5282 -1.473823 
5805 -1.473836 
3187 -1.473980 
4805 -1.474312 
1329 -1.474333 
138 -1.475252 
1723 -1.475304 
1399 -1.475585 
2175 -1.475659 
3116 -1.475696 
2214 -1.476038 
2590 -1.476173 
4659 -1.476511 
2473 -1.476742 
1708 -1.477252 
5807 -1.477967 
1367 -1.478030 
2059 -1.478827 
927 -1.478889 
2507 -1.479533 
4065 -1.479618 
5325 -1.479662 
5882 -1.479683 
4204 -1.480326 
2064 -1.480679 
4229 -1.480953 
2848 -1.481018 
5324 -1.481030 
4137 -1.481085 
227 -1.481129 
3807 -1.481146 
1185 -1.481199 
226 -1.481444 
4481 -1.481604 
4070 -1.482260 
5114 -1.482601 
4029 -1.482655 
5362 -1.482798 
643 -1.483240 
4359 -1.483384 
5686 -1.484034 
5570 -1.484212 
4541 -1.484618 
3994 -1.484683 
3758 -1.485054 
4883 -1.485129 
5415 -1.485322 
435 -1.485521 
3952 -1.485569 
474 -1.485685 
1149 -1.486346 
295 -1.486774 
3993 -1.486809 
878 -1.487141 
4610 -1.487528 
1716 -1.487540 
485 -1.487705 
918 -1.487728 
2237 -1.488041 
2661 -1.488349 
3913 -1.488400 
2771 -1.488576 
1260 -1.489094 
5948 -1.489192 
2433 -1.489422 
5794 -1.489916 
4975 -1.490353 
3806 -1.490461 
4441 -1.490592 
224 -1.490832 
1219 -1.491089 
1144 -1.491107 
3609 -1.491588 
4095 -1.491636 
4372 -1.491748 
1876 -1.491781 
4607 -1.492165 
285 -1.492316 
2126 -1.492531 
5724 -1.492533 
5906 -1.492714 
2023 -1.492909 
2965 -1.492955 
1879 -1.493202 
4130 -1.494186 
5049 -1.494214 
4791 -1.494446 
3529 -1.494454 
3147 -1.494531 
4958 -1.494683 
2587 -1.495062 
3000 -1.495138 
849 -1.495256 
5297 -1.495611 
4933 -1.495708 
5910 -1.495775 
786 -1.495776 
3011 -1.495952 
1147 -1.496373 
2963 -1.496597 
774 -1.496977 
5009 -1.497290 
4101 -1.497341 
1758 -1.497598 
5035 -1.497704 
1255 -1.497932 
1258 -1.498237 
5218 -1.498292 
5947 -1.498310 
1107 -1.498370 
2689 -1.498827 
2847 -1.498912 
2701 -1.499350 
473 -1.499356 
5529 -1.499378 
4985 -1.499657 
990 -1.499669 
969 -1.500076 
3039 -1.500880 
1295 -1.500950 
5843 -1.501252 
3340 -1.502152 
5869 -1.502372 
4033 -1.502399 
3876 -1.502671 
3420 -1.502787 
2547 -1.503035 
1335 -1.503556 
3414 -1.503800 
5130 -1.504218 
174 -1.504277 
3076 -1.504341 
360 -1.504352 
967 -1.504477 
527 -1.504595 
1483 -1.505120 
1254 -1.505695 
5911 -1.505700 
3225 -1.505805 
3460 -1.505835 
4207 -1.505951 
5022 -1.506121 
2470 -1.506143 
4841 -1.506154 
5534 -1.506225 
141 -1.506815 
4019 -1.506858 
217 -1.506958 
5804 -1.506993 
3992 -1.507023 
3982 -1.507847 
2085 -1.507912 
4489 -1.507970 
1398 -1.508051 
5610 -1.508504 
3945 -1.508624 
720 -1.508755 
3798 -1.508786 
1634 -1.508820 
1759 -1.509086 
4648 -1.509319 
5798 -1.509337 
2472 -1.509359 
4946 -1.509515 
4711 -1.510105 
2363 -1.510319 
213 -1.510395 
1138 -1.510486 
5644 -1.510517 
367 -1.510524 
4762 -1.510527 
1101 -1.510816 
289 -1.511288 
5376 -1.511535 
143 -1.511841 
5048 -1.512031 
1035 -1.512091 
2964 -1.512284 
554 -1.512376 
1249 -1.512455 
2884 -1.512555 
5878 -1.512991 
5231 -1.513189 
4246 -1.513429 
2205 -1.513818 
3346 -1.513890 
5765 -1.513923 
3942 -1.513945 
4671 -1.514213 
1027 -1.514416 
4385 -1.514651 
2204 -1.514935 
4129 -1.515079 
1148 -1.515539 
941 -1.516005 
3075 -1.516045 
4283 -1.516160 
4710 -1.516240 
3949 -1.517347 
940 -1.517412 
1262 -1.517669 
4092 -1.517747 
3273 -1.517930 
2812 -1.517961 
2704 -1.518025 
3948 -1.518279 
5493 -1.518804 
1302 -1.518881 
1065 -1.519279 
5917 -1.519347 
3612 -1.519411 
450 -1.519469 
5941 -1.519809 
365 -1.519862 
4271 -1.519957 
4894 -1.520165 
5230 -1.520197 
409 -1.520773 
4443 -1.520782 
1556 -1.520787 
1184 -1.520849 
414 -1.520993 
5914 -1.521119 
5157 -1.521159 
104 -1.521575 
4814 -1.521621 
2017 -1.522553 
2089 -1.522717 
3981 -1.522805 
836 -1.522840 
4177 -1.523263 
5865 -1.523317 
2359 -1.523484 
2925 -1.523530 
4411 -1.523571 
5904 -1.523605 
5833 -1.523630 
837 -1.523867 
100 -1.523954 
3229 -1.524977 
2513 -1.525188 
823 -1.525421 
4765 -1.525464 
3274 -1.525651 
4064 -1.525825 
249 -1.525873 
3046 -1.526006 
1825 -1.526372 
2022 -1.526403 
3123 -1.526675 
811 -1.526702 
4646 -1.526822 
4245 -1.527902 
2430 -1.527958 
4555 -1.528088 
5438 -1.528091 
3764 -1.528163 
3987 -1.528179 
223 -1.528531 
4687 -1.528681 
5834 -1.528828 
3991 -1.528994 
4932 -1.529057 
5530 -1.529176 
5607 -1.529293 
5481 -1.529882 
1325 -1.529966 
2135 -1.530072 
719 -1.530245 
1338 -1.530300 
3720 -1.530661 
5074 -1.530704 
3678 -1.530775 
3458 -1.530875 
4685 -1.530954 
3641 -1.530991 
3497 -1.531067 
257 -1.531271 
402 -1.531328 
630 -1.531507 
3879 -1.531567 
3872 -1.531621 
4634 -1.531795 
4398 -1.531800 
4463 -1.531821 
5567 -1.531844 
915 -1.531882 
1323 -1.532066 
4091 -1.532145 
5788 -1.532265 
396 -1.532317 
2581 -1.532366 
442 -1.532369 
722 -1.532531 
3832 -1.532573 
4567 -1.532621 
4023 -1.532642 
5603 -1.532810 
3303 -1.532984 
2243 -1.533186 
3032 -1.533966 
4906 -1.534167 
4062 -1.534290 
3417 -1.534588 
5797 -1.534957 
5825 -1.535046 
447 -1.535104 
1835 -1.535355 
4650 -1.535655 
5103 -1.535705 
1855 -1.535786 
655 -1.535924 
4269 -1.536249 
2657 -1.536421 
64 -1.536595 
146 -1.536947 
2333 -1.536976 
147 -1.537291 
5413 -1.537402 
4974 -1.537850 
2271 -1.537986 
4581 -1.538169 
4133 -1.538229 
5153 -1.538516 
5441 -1.538636 
5867 -1.539107 
1748 -1.539227 
778 -1.539336 
1402 -1.539424 
4919 -1.539680 
5687 -1.539782 
2054 -1.539789 
4819 -1.539881 
850 -1.540161 
2697 -1.540179 
3382 -1.540494 
5374 -1.540914 
4867 -1.541004 
1785 -1.541452 
1563 -1.541463 
966 -1.541888 
5643 -1.541989 
5723 -1.542163 
2663 -1.542515 
3680 -1.542744 
581 -1.543067 
5492 -1.543076 
1222 -1.543178 
333 -1.543282 
760 -1.543298 
1261 -1.543309 
1372 -1.543373 
5061 -1.543426 
3908 -1.543623 
3843 -1.543951 
5221 -1.543995 
5795 -1.544018 
2331 -1.544067 
4311 -1.544296 
5839 -1.544356 
4815 -1.544965 
2927 -1.544990 
2196 -1.545133 
4725 -1.545895 
293 -1.545904 
564 -1.545975 
4594 -1.546128 
291 -1.546169 
1297 -1.546423 
5256 -1.547020 
5494 -1.547037 
397 -1.547183 
1566 -1.547411 
4723 -1.547416 
3906 -1.547522 
5870 -1.547632 
5154 -1.547729 
3915 -1.547752 
1593 -1.547846 
2166 -1.548061 
511 -1.548289 
4027 -1.548529 
1668 -1.548877 
3495 -1.548933 
578 -1.549040 
1856 -1.549127 
3110 -1.549258 
3122 -1.549355 
4178 -1.549648 
26 -1.549659 
2393 -1.549703 
2092 -1.549770 
5482 -1.549869 
788 -1.549979 
3682 -1.549985 
747 -1.550066 
328 -1.550073 
5426 -1.550091 
2314 -1.550137 
3875 -1.550138 
4453 -1.550634 
4750 -1.550694 
4570 -1.550969 
3873 -1.551124 
3148 -1.551126 
2160 -1.551269 
4259 -1.551680 
1485 -1.551939 
5605 -1.552111 
2319 -1.552223 
5468 -1.552405 
2996 -1.552695 
1831 -1.552702 
2618 -1.552792 
797 -1.552805 
2737 -1.553103 
5100 -1.553394 
3980 -1.553443 
2580 -1.553716 
4922 -1.553855 
3377 -1.553928 
4106 -1.553987 
5863 -1.554042 
343 -1.554094 
1176 -1.554101 
3033 -1.554324 
408 -1.554422 
4090 -1.554480 
1674 -1.554745 
2129 -1.554909 
1671 -1.555139 
3117 -1.555156 
3954 -1.555248 
5954 -1.555250 
3112 -1.555272 
4069 -1.555603 
3565 -1.555887 
1750 -1.555969 
3036 -1.556152 
2693 -1.556270 
4413 -1.556330 
524 -1.556582 
513 -1.556795 
4905 -1.556900 
3674 -1.556904 
4580 -1.557002 
4608 -1.557062 
498 -1.557163 
341 -1.557442 
2577 -1.557547 
1067 -1.557637 
3979 -1.557682 
4766 -1.557780 
3010 -1.557781 
103 -1.558240 
4854 -1.558244 
5847 -1.558350 
2627 -1.558441 
929 -1.558508 
4950 -1.558738 
4947 -1.558769 
5075 -1.558926 
486 -1.559038 
5258 -1.559310 
4776 -1.559594 
4104 -1.559604 
1250 -1.559736 
5802 -1.559765 
1400 -1.559918 
219 -1.560137 
2283 -1.560274 
5309 -1.560394 
4569 -1.560528 
3114 -1.560554 
4415 -1.560575 
338 -1.560577 
4282 -1.560740 
5156 -1.560750 
550 -1.560904 
4554 -1.561157 
2741 -1.561219 
4726 -1.561275 
1064 -1.561308 
5900 -1.561564 
813 -1.561678 
4285 -1.561765 
3227 -1.561890 
1631 -1.562082 
331 -1.562083 
2624 -1.562180 
1937 -1.562363 
363 -1.562853 
5566 -1.562949 
4881 -1.562955 
746 -1.563418 
5412 -1.563444 
5139 -1.563514 
1784 -1.563727 
376 -1.563808 
2086 -1.564200 
594 -1.564404 
3265 -1.564514 
785 -1.564908 
3456 -1.565154 
2239 -1.565354 
2362 -1.565398 
370 -1.565843 
4020 -1.565859 
3647 -1.565942 
1407 -1.565953 
2960 -1.565996 
5439 -1.566006 
2700 -1.566024 
5503 -1.566144 
694 -1.566258 
332 -1.566330 
5414 -1.566332 
1069 -1.566435 
4294 -1.566809 
5718 -1.567004 
2651 -1.567115 
1557 -1.567157 
5606 -1.567335 
4021 -1.567844 
3180 -1.567883 
4945 -1.568092 
3602 -1.568422 
512 -1.568561 
2051 -1.568857 
2851 -1.568909 
4243 -1.568948 
4987 -1.569019 
2584 -1.569199 
184 -1.569546 
5714 -1.569584 
5684 -1.569759 
810 -1.569913 
4714 -1.569914 
3492 -1.570163 
1215 -1.570193 
2093 -1.570204 
445 -1.570210 
2057 -1.570502 
2692 -1.570694 
2233 -1.570766 
4583 -1.570950 
4024 -1.571034 
3870 -1.571362 
5835 -1.571419 
618 -1.571562 
4921 -1.571822 
110 -1.572005 
2621 -1.572234 
3155 -1.572293 
5478 -1.572390 
3230 -1.572962 
1362 -1.573095 
954 -1.573201 
4258 -1.573202 
4651 -1.573298 
1404 -1.573359 
4455 -1.573525 
3986 -1.573600 
890 -1.573650 
4816 -1.573668 
369 -1.573788 
2163 -1.573930 
4298 -1.574381 
2206 -1.574523 
3835 -1.574635 
4071 -1.574718 
5800 -1.575122 
4017 -1.575205 
3159 -1.575551 
403 -1.575651 
1373 -1.575661 
252 -1.575801 
1289 -1.575909 
1632 -1.576051 
368 -1.576081 
1031 -1.576087 
2696 -1.576111 
1068 -1.576155 
617 -1.576241 
218 -1.576395 
4035 -1.576558 
300 -1.576681 
3150 -1.576767 
3654 -1.576815 
3189 -1.576931 
214 -1.577172 
4451 -1.577201 
1179 -1.577344 
3345 -1.577455 
2735 -1.577524 
2702 -1.577650 
4056 -1.577741 
3868 -1.577788 
1290 -1.577971 
2436 -1.578092 
2334 -1.578240 
186 -1.578247 
5480 -1.578263 
2922 -1.578314 
745 -1.578318 
2049 -1.578448 
3572 -1.578566 
5950 -1.578701 
3342 -1.579333 
2234 -1.579418 
1180 -1.579974 
1366 -1.580092 
1189 -1.580446 
1363 -1.580491 
3878 -1.580527 
1977 -1.580553 
2287 -1.580866 
1408 -1.580904 
877 -1.580927 
263 -1.580955 
4483 -1.580990 
288 -1.581014 
3877 -1.581021 
4754 -1.581079 
140 -1.581229 
3874 -1.581370 
1822 -1.581393 
5127 -1.581443 
5204 -1.581469 
1681 -1.581549 
3119 -1.581831 
3003 -1.581970 
3073 -1.581989 
576 -1.582148 
1877 -1.582152 
4256 -1.582297 
4093 -1.582360 
733 -1.582440 
735 -1.582493 
2311 -1.582576 
1212 -1.582626 
1783 -1.582796 
2995 -1.583177 
5479 -1.583327 
5762 -1.583619 
4296 -1.583903 
605 -1.583963 
2622 -1.584052 
4286 -1.584117 
3884 -1.584365 
4918 -1.584739 
902 -1.584780 
590 -1.584874 
851 -1.584897 
1374 -1.585774 
2931 -1.585865 
3561 -1.586151 
323 -1.586273 
433 -1.586345 
2201 -1.586365 
327 -1.586447 
2768 -1.586564 
5471 -1.586724 
5862 -1.586759 
5465 -1.586783 
3524 -1.586915 
3760 -1.587080 
412 -1.587214 
4257 -1.587702 
1369 -1.587892 
326 -1.588014 
1672 -1.588024 
2123 -1.588075 
3493 -1.588258 
4801 -1.588634 
1331 -1.588665 
2058 -1.589115 
251 -1.589198 
4105 -1.589219 
1523 -1.589277 
789 -1.589426 
4450 -1.589474 
551 -1.589576 
5087 -1.589619 
582 -1.589620 
260 -1.590025 
256 -1.590212 
1182 -1.590328 
362 -1.590390 
2203 -1.590561 
4515 -1.590565 
364 -1.590640 
1365 -1.590964 
5806 -1.590996 
1379 -1.591058 
3047 -1.591375 
5010 -1.591636 
616 -1.591729 
183 -1.592031 
1411 -1.592085 
1980 -1.592107 
4880 -1.592203 
2582 -1.592314 
5829 -1.592460 
525 -1.592553 
1788 -1.592709 
1751 -1.593145 
5155 -1.593262 
2770 -1.593405 
619 -1.593583 
707 -1.593632 
5720 -1.593639 
1821 -1.593955 
3451 -1.594288 
4347 -1.594440 
1741 -1.594672 
2688 -1.594742 
5243 -1.595160 
5647 -1.595344 
441 -1.595713 
5283 -1.595882 
1257 -1.596086 
5796 -1.596120 
2617 -1.596321 
4218 -1.596395 
1326 -1.596515 
4270 -1.596557 
5881 -1.596649 
5089 -1.596651 
5101 -1.596821 
371 -1.596941 
5939 -1.596949 
563 -1.597276 
5246 -1.597520 
5402 -1.597625 
1032 -1.597686 
1298 -1.597809 
4179 -1.597926 
4255 -1.597974 
1722 -1.598029 
5899 -1.598188 
4647 -1.598372 
2312 -1.598585 
2729 -1.598616 
2620 -1.598741 
3574 -1.598979 
4205 -1.599374 
4767 -1.599851 
514 -1.599952 
5905 -1.600031 
3078 -1.600117 
4059 -1.600209 
4778 -1.600438 
265 -1.600626 
642 -1.601168 
67 -1.601296 
5128 -1.601319 
2272 -1.601333 
3635 -1.601365 
4632 -1.601685 
5533 -1.601782 
4973 -1.601817 
3528 -1.601830 
2658 -1.602181 
1790 -1.602209 
1405 -1.602300 
1978 -1.602439 
2548 -1.602458 
3646 -1.602508 
1900 -1.602566 
3794 -1.602858 
5271 -1.602859 
4061 -1.602895 
4612 -1.603100 
1336 -1.603648 
2439 -1.603974 
1256 -1.603977 
1141 -1.604188 
4346 -1.604374 
303 -1.604658 
1360 -1.604823 
942 -1.604874 
4621 -1.604940 
436 -1.605006 
2095 -1.605114 
1753 -1.605137 
4803 -1.605531 
5831 -1.605625 
5050 -1.605657 
248 -1.605782 
1491 -1.605812 
3525 -1.605997 
3871 -1.606043 
2015 -1.606089 
944 -1.606228 
5532 -1.606319 
5715 -1.606455 
5166 -1.606565 
305 -1.606825 
622 -1.606964 
4611 -1.606991 
5142 -1.606997 
3947 -1.607194 
3869 -1.607242 
4609 -1.607589 
5763 -1.607656 
3181 -1.607730 
4055 -1.607738 
2013 -1.607776 
4479 -1.607937 
4935 -1.607962 
261 -1.607981 
4438 -1.608007 
4777 -1.608114 
5063 -1.608164 
3182 -1.608351 
2698 -1.608784 
5880 -1.608961 
615 -1.609055 
1524 -1.609110 
266 -1.609163 
2162 -1.609241 
3243 -1.609298 
5803 -1.609564 
4464 -1.609608 
5942 -1.609691 
444 -1.609937 
1599 -1.610012 
1287 -1.610133 
2545 -1.610174 
5609 -1.610198 
3600 -1.610235 
5726 -1.610432 
5826 -1.610437 
329 -1.610449 
1704 -1.610484 
3380 -1.610524 
953 -1.610541 
3604 -1.610711 
4543 -1.610775 
380 -1.610809 
5902 -1.610858 
539 -1.610877 
2197 -1.610909 
3378 -1.610924 
1939 -1.610926 
2726 -1.611272 
3143 -1.611403 
3681 -1.611478 
4622 -1.611573 
2614 -1.611583 
4190 -1.611704 
4779 -1.611813 
220 -1.612305 
4893 -1.612357 
1976 -1.612611 
2052 -1.612690 
4060 -1.612793 
4016 -1.612947 
566 -1.613124 
1296 -1.613130 
4425 -1.613759 
3797 -1.613815 
4764 -1.613891 
5909 -1.614088 
876 -1.614118 
4467 -1.614239 
3186 -1.614485 
286 -1.614522 
187 -1.614636 
3041 -1.614726 
3614 -1.614733 
3765 -1.614746 
2854 -1.614976 
2585 -1.615293 
5876 -1.615380 
5871 -1.615457 
3223 -1.615493 
5102 -1.615657 
5259 -1.615700 
2200 -1.615995 
5386 -1.616111 
5827 -1.616178 
253 -1.616265 
903 -1.616497 
449 -1.616571 
2773 -1.616684 
1975 -1.616712 
798 -1.616721 
3943 -1.616974 
1070 -1.617127 
5571 -1.617133 
3944 -1.617205 
1445 -1.617305 
3672 -1.617762 
3911 -1.617824 
682 -1.617955 
1104 -1.618023 
1779 -1.618191 
945 -1.618274 
4131 -1.618392 
2623 -1.618729 
2167 -1.618767 
1333 -1.618801 
4219 -1.618839 
382 -1.619076 
1635 -1.619189 
4307 -1.619273 
1251 -1.619292 
995 -1.619409 
3603 -1.620115 
1253 -1.620158 
604 -1.620242 
1675 -1.620521 
2165 -1.620627 
2921 -1.620635 
3536 -1.620743 
2310 -1.620854 
3413 -1.620945 
3606 -1.621050 
3339 -1.621059 
580 -1.621158 
2087 -1.621162 
1175 -1.621234 
4030 -1.621291 
1746 -1.621291 
2653 -1.621459 
422 -1.621711 
2313 -1.621870 
2958 -1.621970 
930 -1.622181 
1636 -1.622211 
3568 -1.622437 
916 -1.622719 
3423 -1.622925 
3651 -1.623015 
5298 -1.623039 
1852 -1.623289 
2652 -1.623475 
537 -1.623573 
5793 -1.623587 
2128 -1.623680 
4571 -1.623804 
3454 -1.623823 
3452 -1.624357 
1828 -1.624495 
3955 -1.624744 
2765 -1.624933 
5838 -1.625085 
3457 -1.625224 
4944 -1.625289 
3381 -1.625782 
2307 -1.626027 
1791 -1.626052 
1151 -1.626130 
863 -1.626258 
3034 -1.626318 
4727 -1.626682 
5756 -1.626693 
2395 -1.626903 
2133 -1.627137 
3111 -1.627264 
336 -1.627982 
1598 -1.628058 
1183 -1.628210 
3149 -1.628235 
5452 -1.628295 
27 -1.628415 
3074 -1.628420 
1946 -1.628439 
375 -1.628446 
4414 -1.628461 
2731 -1.628670 
399 -1.628887 
1181 -1.628896 
4018 -1.628948 
4476 -1.629001 
1150 -1.629144 
3043 -1.629172 
178 -1.629403 
5504 -1.629483 
5754 -1.629617 
3080 -1.629639 
4439 -1.629813 
2512 -1.629952 
3302 -1.630086 
790 -1.630185 
5873 -1.630194 
2315 -1.630230 
1299 -1.630326 
2469 -1.630539 
1216 -1.630561 
1819 -1.630689 
307 -1.630691 
3796 -1.630899 
4961 -1.631044 
1677 -1.631108 
2171 -1.631154 
5129 -1.631328 
1220 -1.631446 
958 -1.631500 
5373 -1.631604 
3837 -1.631740 
1177 -1.632025 
3220 -1.632116 
3757 -1.632155 
3494 -1.632526 
1712 -1.632556 
1361 -1.632632 
888 -1.632801 
2251 -1.632825 
5641 -1.632951 
2886 -1.633055 
1448 -1.633088 
1747 -1.633133 
4962 -1.633195 
5915 -1.633406 
4399 -1.633515 
5091 -1.633758 
5443 -1.633834 
1252 -1.634009 
5916 -1.634173 
2626 -1.634209 
5286 -1.634354 
1749 -1.634377 
2316 -1.634701 
1853 -1.634836 
255 -1.634903 
33 -1.634925 
1110 -1.635040 
5836 -1.635177 
443 -1.635411 
1484 -1.635770 
3570 -1.635795 
2466 -1.635894 
1377 -1.635940 
4855 -1.636040 
5913 -1.636227 
4094 -1.636284 
1292 -1.636867 
1834 -1.636908 
5901 -1.636988 
2694 -1.637237 
2355 -1.637335 
361 -1.637390 
4957 -1.637418 
5178 -1.637623 
66 -1.637740 
2591 -1.637792 
5051 -1.637806 
1288 -1.637947 
3535 -1.637990 
2739 -1.638088 
3108 -1.638258 
3038 -1.638422 
956 -1.638430 
3221 -1.638434 
3115 -1.638462 
3988 -1.638630 
879 -1.638727 
1454 -1.638905 
5840 -1.639074 
2578 -1.639173 
2733 -1.639464 
372 -1.639648 
3081 -1.639699 
423 -1.639707 
5903 -1.639835 
3831 -1.640214 
2279 -1.640397 
1559 -1.640529 
5311 -1.640919 
577 -1.641064 
5274 -1.641360 
2238 -1.641793 
3951 -1.641835 
2474 -1.642186 
2335 -1.642333 
4427 -1.642463 
2775 -1.642511 
5937 -1.642556 
3676 -1.642606 
2616 -1.642697 
708 -1.642726 
4281 -1.642836 
63 -1.643368 
5062 -1.643423 
1102 -1.643531 
330 -1.643752 
3566 -1.643963 
1597 -1.644112 
2885 -1.644393 
1223 -1.644476 
377 -1.644590 
2505 -1.644740 
3305 -1.645020 
3463 -1.645236 
3192 -1.645429 
2660 -1.645758 
2707 -1.645769 
667 -1.646202 
2130 -1.646215 
5326 -1.646269 
928 -1.646359 
2198 -1.646439 
3421 -1.647014 
3573 -1.647070 
2016 -1.647119 
3579 -1.647141 
1854 -1.647173 
4790 -1.647202 
1105 -1.647328 
1669 -1.647395 
2124 -1.647584 
5908 -1.647612 
2467 -1.647651 
3601 -1.648025 
5336 -1.648123 
185 -1.648322 
1596 -1.648514 
4242 -1.648544 
254 -1.648913 
3077 -1.648959 
3534 -1.648976 
1403 -1.649060 
4312 -1.649259 
1259 -1.649389 
4739 -1.649540 
1938 -1.649610 
2173 -1.649707 
4960 -1.649727 
4053 -1.649898 
2127 -1.650246 
3379 -1.650280 
3611 -1.650334 
5483 -1.650355 
4619 -1.650767 
299 -1.651229 
1706 -1.651274 
4138 -1.651353 
5866 -1.651557 
1218 -1.651680 
3418 -1.651840 
446 -1.652121 
4102 -1.652205 
4309 -1.652328 
373 -1.652366 
5141 -1.652450 
641 -1.652609 
3650 -1.653134 
1213 -1.653317 
5428 -1.653414 
180 -1.653511 
1786 -1.653885 
1567 -1.653935 
3455 -1.653982 
751 -1.654145 
5832 -1.654334 
5789 -1.654553 
1071 -1.654660 
4633 -1.654876 
1263 -1.655460 
1639 -1.655537 
3578 -1.655819 
4623 -1.655921 
3532 -1.655975 
1334 -1.656248 
3640 -1.656528 
5677 -1.656620 
3562 -1.657032 
3677 -1.657394 
2088 -1.657404 
1146 -1.657405 
5752 -1.657498 
342 -1.657503 
4274 -1.657521 
1339 -1.657544 
4763 -1.657804 
3500 -1.658244 
2970 -1.658443 
5469 -1.658613 
1558 -1.658697 
1560 -1.659013 
1859 -1.659141 
5919 -1.659443 
1030 -1.659585 
3984 -1.660123 
2691 -1.660249 
3450 -1.660257 
2930 -1.660318 
1330 -1.660872 
2666 -1.661143 
335 -1.661221 
4066 -1.661304 
297 -1.661432 
1482 -1.661770 
5846 -1.661785 
4067 -1.661819 
3639 -1.662348 
959 -1.662557 
2819 -1.662617 
2091 -1.662674 
1190 -1.662871 
1667 -1.662954 
4107 -1.662976 
2131 -1.663056 
5944 -1.663173 
1823 -1.663242 
4247 -1.663447 
3309 -1.663948 
1713 -1.663956 
2471 -1.663974 
5257 -1.664322 
2690 -1.664356 
5467 -1.664413 
434 -1.664490 
3598 -1.664573 
287 -1.664767 
4635 -1.665142 
3607 -1.665705 
2308 -1.665719 
5753 -1.665736 
3491 -1.665753 
3231 -1.665847 
4308 -1.666270 
5920 -1.666398 
3644 -1.666462 
1139 -1.666501 
440 -1.666646 
4203 -1.666652 
4400 -1.666778 
709 -1.666806 
4022 -1.667099 
3642 -1.667183 
4295 -1.667418 
3002 -1.667552 
2929 -1.667596 
2734 -1.667670 
1375 -1.668055 
4103 -1.668103 
2202 -1.668204 
3222 -1.668219 
1709 -1.668245 
3045 -1.668373 
3995 -1.668576 
1787 -1.668617 
2048 -1.668653 
2161 -1.668677 
149 -1.668982 
3158 -1.669500 
4724 -1.669604 
2966 -1.669825 
2736 -1.669925 
3195 -1.670231 
2432 -1.670368 
2235 -1.670466 
359 -1.670833 
177 -1.671250 
400 -1.671383 
3649 -1.671443 
1857 -1.671525 
1755 -1.671561 
3376 -1.671876 
2630 -1.672268 
5936 -1.672513 
3037 -1.672537 
2284 -1.672729 
4959 -1.672991 
3001 -1.673549 
2924 -1.673932 
1327 -1.674091 
2923 -1.674617 
5206 -1.674641 
2515 -1.674869 
3311 -1.674954 
1409 -1.675070 
324 -1.675090 
2278 -1.675684 
765 -1.675762 
5799 -1.676003 
3605 -1.676039 
2503 -1.676107 
1827 -1.676128 
4268 -1.676179 
4054 -1.676224 
3157 -1.676297 
914 -1.676561 
5755 -1.676581 
2170 -1.676890 
1140 -1.676896 
5131 -1.677051 
5531 -1.677207 
4376 -1.677263 
188 -1.677268 
4191 -1.677466 
1178 -1.677701 
1778 -1.677864 
3191 -1.677874 
1103 -1.677906 
891 -1.678152 
2213 -1.678364 
1829 -1.678401 
2766 -1.678424 
1328 -1.678960 
1562 -1.679151 
2818 -1.679189 
68 -1.679279 
538 -1.679313 
2849 -1.679497 
1145 -1.679849 
4310 -1.679943 
4135 -1.679963 
3990 -1.680523 
2999 -1.680898 
5751 -1.681008 
542 -1.681176 
1670 -1.681373 
1789 -1.681988 
5757 -1.682033 
2586 -1.682035 
4802 -1.682115 
2392 -1.682156 
4882 -1.682243 
105 -1.682508 
1406 -1.682575 
5430 -1.682730 
3527 -1.682791 
2434 -1.682846 
294 -1.683143 
3351 -1.683170 
4984 -1.683280 
1324 -1.683582 
2241 -1.684084 
579 -1.684155 
5681 -1.684323 
5347 -1.684330 
5323 -1.684473 
1905 -1.684877 
4375 -1.684881 
3564 -1.685093 
3224 -1.685542 
3107 -1.685738 
2090 -1.685772 
4606 -1.686015 
2730 -1.686129 
5864 -1.686185 
607 -1.686290 
1291 -1.686314 
259 -1.686360 
3151 -1.686481 
3643 -1.686909 
3118 -1.687191 
2056 -1.687286 
106 -1.687414 
4452 -1.687625 
775 -1.687945 
4649 -1.688250 
3416 -1.688426 
3916 -1.689600 
4128 -1.689659 
5247 -1.690003 
2549 -1.690051 
2619 -1.690503 
3914 -1.690607 
4231 -1.690735 
901 -1.690759 
4738 -1.690909 
2429 -1.691098 
4620 -1.691360 
2360 -1.691759 
2275 -1.691930 
3226 -1.691954 
182 -1.692000 
5375 -1.692013 
5943 -1.692205 
2695 -1.692540 
3698 -1.692591 
2098 -1.692621 
1453 -1.692738 
4426 -1.692757 
5688 -1.693090 
5470 -1.693198 
3917 -1.693814 
992 -1.693880 
4287 -1.694343 
4542 -1.694477 
5036 -1.694520 
2168 -1.695174 
5272 -1.695349 
2011 -1.695425 
3383 -1.695642 
773 -1.695908 
2971 -1.696065 
4595 -1.696143 
5113 -1.696167 
695 -1.696972 
2767 -1.697211 
3953 -1.697778 
2250 -1.698154 
2579 -1.698261 
5868 -1.698769 
3599 -1.699004 
1940 -1.699245 
4386 -1.699348 
5872 -1.699518 
1944 -1.699586 
5088 -1.700092 
3539 -1.700220 
4100 -1.700309 
644 -1.700577 
2019 -1.700903 
2896 -1.700935 
2511 -1.701090 
334 -1.701097 
3985 -1.701196 
4582 -1.701495 
3907 -1.702017 
3415 -1.702116 
3645 -1.702171 
710 -1.702657 
4437 -1.703082 
3571 -1.703306 
2285 -1.704031 
4972 -1.704047 
3533 -1.704173 
2962 -1.704280 
3270 -1.704293 
2959 -1.704466 
3419 -1.704574 
1332 -1.704865 
5140 -1.704970 
5719 -1.705237 
1682 -1.705872 
4895 -1.705930 
3194 -1.705980 
4244 -1.706551 
1370 -1.706598 
292 -1.706777 
3912 -1.706847 
2659 -1.707085 
784 -1.707182 
4478 -1.707417 
3343 -1.707512 
2244 -1.707906 
5683 -1.707962 
3655 -1.708177 
4490 -1.708227 
4068 -1.708315 
4230 -1.708382 
4217 -1.708577 
2435 -1.708929 
5760 -1.708967 
487 -1.709107 
540 -1.709431 
4990 -1.709613 
732 -1.709655 
1830 -1.709751 
1817 -1.710156 
2743 -1.710180 
4151 -1.710435 
5453 -1.710464 
5645 -1.710773 
3228 -1.710802 
3490 -1.710912 
1680 -1.711121 
1142 -1.711160 
1106 -1.711558 
3453 -1.711844 
4751 -1.712409 
3530 -1.712541 
437 -1.712835 
290 -1.713211 
4165 -1.713360 
2281 -1.713677 
2164 -1.713738 
5828 -1.714007 
1214 -1.714594 
4907 -1.714611 
1630 -1.714985 
4 -1.715003 
2276 -1.715319 
2509 -1.715415 
5682 -1.715783 
2468 -1.715898 
1489 -1.715947 
5685 -1.716030 
3836 -1.716055 
1974 -1.716167 
2926 -1.716259 
5844 -1.716271 
2589 -1.716842 
3569 -1.717360 
1710 -1.717440 
4699 -1.718219 
3152 -1.718230 
1641 -1.718485 
5907 -1.718525 
1364 -1.718665 
3341 -1.719425 
2021 -1.719648 
1861 -1.719755 
1820 -1.720106 
4063 -1.720203 
2725 -1.720674 
267 -1.720876 
2656 -1.721195 
451 -1.721388 
5327 -1.721535 
2583 -1.721708 
1633 -1.722240 
3610 -1.722347 
2853 -1.722376 
4465 -1.722637 
4440 -1.723146 
3183 -1.723956 
5117 -1.724218 
5792 -1.724592 
1152 -1.725057 
1371 -1.725163 
4491 -1.725328 
4387 -1.725854 
2703 -1.726196 
4934 -1.726242 
3146 -1.726342 
383 -1.726869 
1029 -1.726961 
2478 -1.727003 
5801 -1.727038 
3531 -1.727451 
2094 -1.727869 
2850 -1.728048 
2199 -1.728074 
4057 -1.728556 
2727 -1.729639 
3079 -1.729758 
4139 -1.729845 
2961 -1.730415 
2134 -1.730910 
2543 -1.730937 
2050 -1.731070 
1111 -1.731156 
3197 -1.731699 
2774 -1.732450 
3145 -1.732694 
2889 -1.732708 
1401 -1.732854 
142 -1.733405 
5766 -1.733652 
2625 -1.733890 
2437 -1.734535 
4789 -1.734772 
943 -1.735404 
4866 -1.735468 
2357 -1.735506 
1525 -1.735741 
3762 -1.735970 
5400 -1.736177 
4781 -1.736470 
1824 -1.736593 
5679 -1.736602 
3109 -1.736830 
225 -1.736852 
3766 -1.737158 
296 -1.737419 
3834 -1.737577 
5312 -1.737648 
2738 -1.738025 
1793 -1.738991 
3503 -1.739327 
2479 -1.739334 
1300 -1.740128 
1606 -1.740359 
1673 -1.740514 
3638 -1.740681 
1744 -1.740707 
4737 -1.740997 
2762 -1.741036 
5650 -1.741700 
1521 -1.742036 
65 -1.742264 
3946 -1.742951 
839 -1.742954 
5716 -1.743000 
5649 -1.743463 
931 -1.743579 
4373 -1.743671 
222 -1.743778 
4096 -1.743778 
621 -1.745265 
5725 -1.745592 
4097 -1.746113 
3983 -1.746124 
2053 -1.746857 
5604 -1.747044 
2477 -1.747437 
2662 -1.747446 
2887 -1.747725 
4401 -1.748070 
2273 -1.748071 
3035 -1.748256 
5945 -1.748353 
597 -1.748475 
3422 -1.748611 
5874 -1.748962 
4132 -1.749116 
1945 -1.749194 
3113 -1.749547 
5165 -1.749995 
1826 -1.750303 
3799 -1.750357 
2813 -1.750364 
339 -1.751557 
4299 -1.751979 
461 -1.752189 
5023 -1.752347 
1781 -1.752480 
629 -1.752485 
3384 -1.752697 
2096 -1.752754 
1795 -1.752967 
5642 -1.753124 
1678 -1.753198 
2732 -1.753343 
3575 -1.753521 
1711 -1.753799 
366 -1.753856 
2431 -1.753888 
620 -1.754270 
71 -1.754298 
1186 -1.754316 
1642 -1.754345 
3040 -1.754660 
5842 -1.755424 
3502 -1.755662 
1301 -1.755730 
4442 -1.756207 
1943 -1.757290 
2728 -1.757336 
3997 -1.759326 
3675 -1.759508 
5466 -1.760388 
5287 -1.760454 
2174 -1.760554 
5152 -1.760994 
5912 -1.761046 
3304 -1.761564 
3538 -1.761717 
499 -1.762301 
2969 -1.762596 
150 -1.762741 
5076 -1.762982 
5038 -1.763229 
3763 -1.763599 
3462 -1.763883 
1718 -1.765020 
4031 -1.765104 
1719 -1.765383 
421 -1.765437 
1602 -1.765686 
145 -1.766927 
1815 -1.767795 
5568 -1.768930 
3487 -1.769006 
787 -1.769047 
683 -1.769457 
1455 -1.769687 
1878 -1.769797 
325 -1.770020 
3767 -1.770219 
262 -1.770540 
3347 -1.770655 
3459 -1.770789 
3501 -1.770839 
5205 -1.770982 
404 -1.771225 
3950 -1.771508 
4335 -1.772427 
1561 -1.773174 
1066 -1.773209 
2810 -1.773271 
5313 -1.774337 
2282 -1.775249 
5401 -1.775995 
2997 -1.776952 
4482 -1.777215 
1942 -1.777455 
1187 -1.777551 
306 -1.778006 
654 -1.779040 
2270 -1.779269 
250 -1.779414 
4026 -1.780105 
472 -1.780227 
3679 -1.780681 
3387 -1.780779 
5442 -1.780926 
5387 -1.781248 
669 -1.781249 
1752 -1.781506 
2014 -1.781636 
2394 -1.782158 
3217 -1.782725 
4971 -1.782865 
3071 -1.782904 
2763 -1.783527 
2789 -1.784284 
3577 -1.784371 
595 -1.784405 
5689 -1.784428 
2892 -1.784509 
1565 -1.784536 
1638 -1.784709 
4322 -1.786137 
3637 -1.786979 
1983 -1.787100 
1225 -1.787299 
1743 -1.787309 
2514 -1.787311 
2248 -1.788505 
3154 -1.788812 
3461 -1.789133 
1423 -1.789154 
3608 -1.789390 
3006 -1.789752 
4652 -1.790532 
1902 -1.790640 
398 -1.790709 
3803 -1.790771 
5077 -1.791029 
2815 -1.791299 
5951 -1.791414 
3499 -1.791416 
1818 -1.791453 
3072 -1.791538 
1780 -1.791856 
2207 -1.791899 
4923 -1.792342 
2654 -1.792422 
3697 -1.792476 
215 -1.792702 
2242 -1.792807 
4996 -1.792928 
1979 -1.793036 
216 -1.793588 
3198 -1.794862 
1601 -1.794905 
5455 -1.795013 
3218 -1.795082 
567 -1.795228 
3385 -1.795511 
304 -1.795642 
302 -1.795739 
416 -1.795988 
866 -1.796590 
2967 -1.796704 
723 -1.797055 
3489 -1.797111 
5116 -1.798283 
2742 -1.798302 
4817 -1.798345 
2706 -1.798367 
3613 -1.798535 
2236 -1.798882 
2665 -1.799229 
3526 -1.799637 
3044 -1.799696 
2787 -1.800500 
3185 -1.800878 
5722 -1.800990 
5732 -1.801202 
139 -1.801768 
4206 -1.801973 
2852 -1.802080 
2508 -1.802597 
2705 -1.802615 
3723 -1.803662 
5495 -1.804187 
5118 -1.804504 
2769 -1.805530 
5879 -1.805926 
1522 -1.806936 
2332 -1.807228 
3759 -1.807359 
4531 -1.807424 
102 -1.807634 
5648 -1.807833 
1397 -1.807865 
3909 -1.808859 
1410 -1.809294 
4638 -1.809390 
1707 -1.810185 
3727 -1.810591 
2747 -1.810956 
2745 -1.811271 
1792 -1.813155 
3563 -1.813805 
1947 -1.813853 
5790 -1.814119 
4645 -1.814651 
4598 -1.814778 
5011 -1.815831 
3802 -1.815966 
2125 -1.816021 
401 -1.816103 
3833 -1.816324 
2097 -1.816875 
5733 -1.817321 
2358 -1.817471 
4518 -1.817824 
1906 -1.818658 
5608 -1.820705 
3567 -1.821624 
2247 -1.823154 
4557 -1.823541 
5052 -1.823570 
5458 -1.826249 
1033 -1.828458 
3673 -1.829329 
176 -1.829510 
3839 -1.829639 
4597 -1.829962 
3188 -1.830379 
3722 -1.832111 
2506 -1.832138 
2699 -1.833517 
4320 -1.834084 
3615 -1.835240 
3426 -1.835936 
2397 -1.836750 
5427 -1.838584 
4636 -1.839385 
776 -1.839577 
2708 -1.839590 
4637 -1.840946 
2438 -1.841358 
826 -1.841631 
3267 -1.843729 
5299 -1.844363 
2215 -1.844745 
3725 -1.844910 
5759 -1.848213 
2542 -1.848326 
1191 -1.848921 
3308 -1.849184 
2318 -1.849633 
1756 -1.849654 
2211 -1.850815 
5361 -1.851733 
1451 -1.851956 
3498 -1.852368 
3841 -1.852375 
4362 -1.853214 
1074 -1.854294 
3918 -1.854340 
5310 -1.854631 
864 -1.855109 
4361 -1.855172 
5078 -1.856566 
853 -1.857031 
4997 -1.857343 
4503 -1.859195 
3684 -1.859830 
3083 -1.859913 
1757 -1.859944 
5273 -1.861546 
4517 -1.861853 
5 -1.862026 
670 -1.863113 
1422 -1.863489 
4360 -1.864352 
1604 -1.865397 
1112 -1.865764 
2137 -1.866905 
5158 -1.867406 
3121 -1.868755 
1679 -1.869265 
2361 -1.869706 
407 -1.869874 
906 -1.870648 
946 -1.870966 
3957 -1.871024 
5219 -1.871047 
379 -1.871579 
3996 -1.871796 
5808 -1.871921 
2442 -1.873790 
3161 -1.873931 
3307 -1.874233 
148 -1.877740 
5690 -1.878374 
1224 -1.878639 
920 -1.879601 
3120 -1.881051 
5768 -1.881712 
4792 -1.882838 
3428 -1.884027 
1293 -1.884300 
904 -1.885201 
5360 -1.887223 
3242 -1.887788 
1595 -1.888431 
5065 -1.888907 
1715 -1.889141 
2476 -1.889152 
228 -1.889632 
4794 -1.890004 
529 -1.890036 
736 -1.891165 
4402 -1.891509 
4998 -1.891614 
2894 -1.891837 
3683 -1.891901 
35 -1.892375 
5728 -1.894237 
4596 -1.896124 
2890 -1.897820 
4793 -1.898463 
268 -1.898797 
4272 -1.901443 
4686 -1.901964 
1982 -1.902537 
5572 -1.904408 
2210 -1.904568 
2893 -1.904916 
1866 -1.905515 
750 -1.906225 
555 -1.908621 
1342 -1.908757 
5301 -1.910506 
2629 -1.911110 
893 -1.911620 
1487 -1.915041 
1865 -1.916311 
4180 -1.916825 
73 -1.916969 
919 -1.917237 
2402 -1.918263 
5429 -1.918506 
960 -1.919555 
1903 -1.920027 
5921 -1.920058 
410 -1.921563 
2746 -1.922272 
5730 -1.925061 
5179 -1.925635 
2546 -1.926541 
5232 -1.926794 
1340 -1.926826 
3920 -1.927372 
1488 -1.927467 
2932 -1.928103 
108 -1.928107 
3956 -1.928545 
3730 -1.928879 
3686 -1.930158 
5505 -1.930276 
3160 -1.930292 
4988 -1.931468 
2398 -1.931941 
541 -1.931995 
4545 -1.933008 
4807 -1.933761 
2551 -1.935709 
5037 -1.938396 
2212 -1.940014 
3726 -1.940059 
193 -1.941296 
2553 -1.941325 
1072 -1.941980 
1863 -1.942186 
2475 -1.942357 
5506 -1.943645 
2670 -1.944848 
5485 -1.945195 
4516 -1.945580 
3162 -1.947869 
1832 -1.948268 
5191 -1.950166 
1833 -1.953663 
72 -1.957060 
5092 -1.957453 
1683 -1.960391 
270 -1.960548 
4153 -1.961601 
3576 -1.963588 
4558 -1.964932 
2709 -1.965667 
3271 -1.966082 
1450 -1.966346 
2788 -1.967069 
3007 -1.967707 
5193 -1.968023 
2588 -1.968556 
4856 -1.968609 
4556 -1.969694 
1341 -1.969901 
2401 -1.970201 
5457 -1.971636 
3202 -1.979727 
4314 -1.979930 
569 -1.979988 
1153 -1.981176 
4660 -1.981228 
3653 -1.981304 
5349 -1.984410 
3424 -1.984757 
4989 -1.988849 
3124 -1.989663 
419 -1.990118 
2020 -1.990888 
4908 -1.991984 
1564 -1.993141 
5770 -1.993817 
5261 -2.000601 
2628 -2.003444 
2669 -2.004484 
3466 -2.009099 
4948 -2.009294 
2816 -2.009953 
2441 -2.010402 
500 -2.012118 
5496 -2.012552 
556 -2.012746 
1605 -2.015037 
1077 -2.016658 
1076 -2.018193 
1114 -2.018859 
4321 -2.019807 
824 -2.023441 
4456 -2.025779 
3652 -2.025984 
2176 -2.029238 
905 -2.031089 
656 -2.031203 
269 -2.034210 
609 -2.035505 
1447 -2.036100 
4166 -2.037164 
5952 -2.037225 
5693 -2.043957 
189 -2.044155 
1382 -2.044339 
4428 -2.045449 
5456 -2.045682 
608 -2.046200 
2632 -2.047480 
5417 -2.047567 
628 -2.048001 
4108 -2.049759 
2177 -2.050683 
2136 -2.053154 
825 -2.058208 
5953 -2.058468 
5573 -2.060027 
1645 -2.060122 
5729 -2.060261 
4585 -2.061554 
2288 -2.064997 
970 -2.068464 
413 -2.069696 
2552 -2.072320 
2178 -2.072746 
3840 -2.073261 
865 -2.073843 
2440 -2.074652 
420 -2.077407 
5769 -2.079855 
4313 -2.082531 
4752 -2.089063 
3729 -2.090956 
4109 -2.093440 
4842 -2.093657 
5389 -2.094822 
1864 -2.097104 
4416 -2.098359 
5497 -2.099099 
4672 -2.101449 
2289 -2.101465 
1073 -2.109561 
4712 -2.111630 
230 -2.113405 
4220 -2.116846 
996 -2.119831 
4821 -2.120434 
2400 -2.123500 
31 -2.123819 
1380 -2.125068 
190 -2.126579 
2138 -2.127383 
3349 -2.130616 
34 -2.136304 
697 -2.137367 
1646 -2.138808 
229 -2.138880 
4468 -2.141322 
3425 -2.141539 
4949 -2.145278 
4700 -2.145547 
5809 -2.146138 
1381 -2.156281 
2933 -2.160599 
3084 -2.163048 
3201 -2.163903 
5024 -2.164684 
3348 -2.164757 
2744 -2.170289 
4232 -2.172501 
2320 -2.174225 
2790 -2.179617 
4936 -2.185672 
3464 -2.186395 
1644 -2.187641 
1908 -2.188923 
3352 -2.189604 
4713 -2.190548 
3088 -2.192853 
932 -2.193532 
3685 -2.194222 
1910 -2.195995 
5444 -2.197173 
4828 -2.200312 
777 -2.201740 
2668 -2.206485 
4273 -2.209397 
5508 -2.214417 
696 -2.214796 
3200 -2.218320 
4349 -2.219907 
4140 -2.221889 
4740 -2.225606 
4260 -2.230290 
737 -2.238387 
4192 -2.238889 
1909 -2.241831 
4868 -2.244069 
4032 -2.247528 
4624 -2.248502 
997 -2.250154 
4896 -2.254420 
2934 -2.256308 
501 -2.256721 
1265 -2.256869 
3244 -2.257549 
3465 -2.257845 
2817 -2.259840 
763 -2.262146 
5025 -2.267335 
684 -2.269194 
2856 -2.281731 
1268 -2.284590 
3728 -2.286742 
1425 -2.288975 
5233 -2.289797 
2592 -2.297225 
4348 -2.298677 
4753 -2.305879 
3617 -2.312732 
968 -2.314930 
4673 -2.321999 
1528 -2.329131 
3616 -2.337715 
2365 -2.345641 
1568 -2.347708 
1452 -2.348839 
3958 -2.352329 
2061 -2.353693 
2897 -2.356287 
5105 -2.356409 
3880 -2.358444 
5810 -2.364300 
4152 -2.369180 
4909 -2.370977 
4389 -2.372827 
4780 -2.373170 
3998 -2.379539 
2060 -2.381491 
933 -2.384320 
1797 -2.385539 
1113 -2.385681 
5144 -2.390932 
4388 -2.394532 
3085 -2.401453 
1836 -2.401493 
4829 -2.407225 
812 -2.407587 
5132 -2.421205 
113 -2.422591 
4233 -2.423461 
4429 -2.428220 
1424 -2.429512 
568 -2.434405 
5652 -2.435246 
1796 -2.444151 
5612 -2.445651 
3389 -2.447457 
1037 -2.451489 
5613 -2.452194 
4869 -2.462598 
4469 -2.465988 
2100 -2.470933 
5192 -2.479140 
657 -2.480331 
5104 -2.482624 
5288 -2.483001 
1188 -2.483966 
4300 -2.487114 
5145 -2.492040 
1264 -2.496088 
852 -2.503078 
1304 -2.506586 
4193 -2.506932 
4544 -2.508092 
4820 -2.514590 
1837 -2.518864 
3245 -2.521720 
3657 -2.526653 
2593 -2.526702 
4625 -2.530040 
2633 -2.532418 
152 -2.538251 
112 -2.552916 
1305 -2.553447 
153 -2.556869 
5180 -2.558656 
3881 -2.563627 
1529 -2.566804 
3272 -2.595057 
4504 -2.595880 
892 -2.604424 
4584 -2.605451 
1532 -2.608090 
1036 -2.613660 
460 -2.627745 
3008 -2.634324 
4976 -2.639531 
2364 -2.642444 
2321 -2.647762 
3656 -2.653437 
5484 -2.658608 
0 -2.674041 
4141 -2.678019 
5388 -2.686484 
2101 -2.690813 
5300 -2.693505 
3388 -2.706289 
5884 -2.715032 
5692 -2.720605 
28 -2.730265 
5653 -2.741700 
5348 -2.744443 
528 -2.748292 
5416 -2.752868 
5260 -2.790967 
488 -2.802170 
459 -2.831560 
1569 -2.832844 
36 -2.850206 
1720 -2.872812 
724 -2.879410 
5220 -2.891134 
2857 -2.900347 
596 -2.901207 
344 -2.933628 
5248 -2.954765 
1984 -2.956623 
764 -2.982793 
5328 -2.993427 
3804 -3.028416 
5064 -3.031185 
2820 -3.090485 
3125 -3.096386 
3921 -3.151220 
452 -3.189806 
3540 -3.190115 
384 -3.384187 
3700 -3.387039 
1880 -3.432035 
5536 -3.539580 
2516 -3.587011 
2776 -3.709619 
2556 -3.721911 
424 -3.726004 
1000 -3.734646 
2292 -3.848896 
4112 -3.864999 
4072 -3.925838 
2252 -3.944268 
2024 -3.958370 
5924 -4.015154 
5576 -4.043182 
1492 -4.100804 
76 -4.102506 
3580 -4.111092 
3312 -4.133537 
1228 -4.168906 
1760 -4.213733 
3844 -4.220326 
3048 -4.376010 
