958 1
0 -3.266401 
1 -3.428855 
2 -3.310579 
3 -2.456459 
4 -1.210891 
5 -1.825304 
6 -1.490190 
7 -1.066603 
8 -2.326393 
9 -0.437233 
10 -1.152668 
11 -1.808863 
12 0.462672 
13 -1.428697 
14 -1.681135 
15 -1.585686 
16 -1.158821 
17 -0.956655 
18 -1.288991 
19 -0.261962 
20 -1.755608 
21 -0.890318 
22 -2.055724 
23 -1.560261 
24 -1.054662 
25 -0.332271 
26 -0.838400 
27 -0.089532 
28 -1.092784 
29 -0.411456 
30 -1.196072 
31 -1.265010 
32 0.294377 
33 -0.299130 
34 -0.007313 
35 -1.495110 
36 -1.242591 
37 0.770270 
38 -0.024101 
39 0.052578 
40 -0.032046 
41 -0.389954 
42 -1.910703 
43 -0.406490 
44 0.054614 
45 0.207858 
46 -0.382081 
47 0.050208 
48 -1.237586 
49 -1.458371 
50 -1.075115 
51 -1.209321 
52 -0.274264 
53 -1.127471 
54 -0.566467 
55 -0.279318 
56 -1.319054 
57 -0.381469 
58 -1.260408 
59 -1.218059 
60 -0.745314 
61 -0.349338 
62 -0.557491 
63 -1.572055 
64 -0.944557 
65 0.460800 
66 -0.443503 
67 -1.269285 
68 -1.406604 
69 -0.371291 
70 -0.881930 
71 -1.692121 
72 0.580839 
73 0.207888 
74 -0.151021 
75 0.108473 
76 0.499751 
77 -0.356079 
78 -0.919941 
79 -0.184193 
80 0.304795 
81 -0.543454 
82 -1.083155 
83 -1.197652 
84 -0.228412 
85 -1.462218 
86 -1.706683 
87 -0.944186 
88 -0.208932 
89 -1.486286 
90 -0.683884 
91 -0.759483 
92 -0.783667 
93 -0.913652 
94 0.171787 
95 -0.580134 
96 0.111258 
97 0.235977 
98 -0.281219 
99 -0.929875 
100 0.459874 
101 0.864008 
102 -0.178830 
103 0.278650 
104 0.570607 
105 -1.584373 
106 0.339819 
107 -1.217402 
108 -1.418853 
109 -0.218785 
110 -0.180926 
111 -0.306265 
112 0.218039 
113 -0.320965 
114 -1.142156 
115 0.207915 
116 0.132760 
117 -0.295207 
118 -0.724664 
119 -0.739564 
120 0.442516 
121 -0.677737 
122 0.688636 
123 0.436689 
124 0.837782 
125 -0.733426 
126 0.637564 
127 -0.437225 
128 0.009034 
129 -0.656089 
130 -1.193565 
131 -0.030598 
132 0.451335 
133 -0.823555 
134 0.464979 
135 -0.395886 
136 0.892166 
137 -0.204880 
138 -0.889110 
139 -1.384248 
140 -0.897813 
141 -0.011971 
142 -1.029529 
143 0.079552 
144 -1.075257 
145 -0.809732 
146 0.416952 
147 -0.695142 
148 -1.072130 
149 -1.720776 
150 -1.533714 
151 -1.166102 
152 -0.980784 
153 0.383145 
154 -0.951985 
155 -1.219546 
156 -1.277704 
157 -0.706544 
158 -0.773921 
159 -0.625152 
160 -0.009747 
161 -1.053201 
162 0.046390 
163 -1.078736 
164 2.307205 
165 -1.400735 
166 -1.140764 
167 -0.139148 
168 0.323778 
169 -0.782059 
170 -1.513425 
171 -1.421387 
172 -1.138219 
173 -1.056918 
174 -1.515275 
175 -0.256486 
176 0.206469 
177 -0.753308 
178 0.595055 
179 0.148328 
180 -0.339638 
181 -1.393004 
182 -0.002246 
183 0.209818 
184 -0.734613 
185 -1.341963 
186 -0.256784 
187 0.299841 
188 -0.752703 
189 -0.383784 
190 -1.031355 
191 -1.126427 
192 -0.273597 
193 -1.062554 
194 -1.267142 
195 0.623178 
196 0.529929 
197 0.053119 
198 0.779302 
199 0.073526 
200 0.009143 
201 -0.397063 
202 -0.530910 
203 -1.523499 
204 -0.274745 
205 -0.572101 
206 -1.378196 
207 -0.037071 
208 -1.186186 
209 -0.505009 
210 -1.676489 
211 0.196346 
212 -1.397743 
213 -0.544325 
214 -0.251264 
215 -1.508843 
216 -1.498096 
217 -0.981078 
218 0.154082 
219 -1.361915 
220 -0.123457 
221 -1.663285 
222 -0.498224 
223 -0.562974 
224 0.668135 
225 0.390546 
226 -0.132892 
227 -1.276049 
228 -1.465162 
229 -1.982464 
230 -1.248220 
231 -0.060607 
232 -0.376129 
233 -0.274887 
234 0.210000 
235 -0.492080 
236 0.533035 
237 -1.132199 
238 0.527013 
239 -1.617061 
240 -0.888438 
241 -1.213381 
242 -0.212084 
243 -1.757949 
244 -0.050624 
245 -0.781772 
246 0.070640 
247 -0.352178 
248 -1.284974 
249 -1.415239 
250 -0.469806 
251 -0.555001 
252 -1.324645 
253 -1.281752 
254 -1.121852 
255 0.557410 
256 1.022311 
257 0.979638 
258 0.899157 
259 -1.282502 
260 0.181602 
261 -0.441328 
262 -1.123494 
263 0.177151 
264 -0.147574 
265 -0.396996 
266 -0.366829 
267 0.865671 
268 0.994474 
269 0.800732 
270 0.105628 
271 0.319563 
272 0.280946 
273 0.489527 
274 1.058986 
275 0.343541 
276 0.282803 
277 -0.827843 
278 -0.668141 
279 0.343642 
280 -0.778086 
281 -0.814392 
282 -0.869096 
283 -0.808082 
284 -0.578178 
285 -0.572778 
286 -0.957157 
287 0.091671 
288 -0.918825 
289 -0.124957 
290 -0.858267 
291 -1.704417 
292 -0.228412 
293 -0.228412 
294 0.339819 
295 -1.217402 
296 -1.462218 
297 -0.944186 
298 -1.462218 
299 0.570607 
300 0.339819 
301 -1.217402 
302 -1.418853 
303 -1.584373 
304 -0.944186 
305 -0.783667 
306 -1.418853 
307 -1.584373 
308 -1.486286 
309 -0.759483 
310 -0.208932 
311 -0.180926 
312 -1.486286 
313 -0.180926 
314 0.171787 
315 0.171787 
316 -0.759483 
317 -0.306265 
318 0.218039 
319 -0.320965 
320 -0.218785 
321 -0.306265 
322 -0.783667 
323 -1.399363 
324 -1.142156 
325 0.207915 
326 0.218039 
327 -0.320965 
328 -0.913652 
329 -0.580134 
330 -0.365814 
331 0.132760 
332 -0.295207 
333 -0.580134 
334 -0.295207 
335 -0.724664 
336 -0.739564 
337 -0.739564 
338 0.442516 
339 0.111258 
340 0.442516 
341 -0.677737 
342 -0.281219 
343 -0.281219 
344 0.459874 
345 0.864008 
346 0.570607 
347 -0.178830 
348 -0.929875 
349 0.459874 
350 0.278650 
351 0.688636 
352 0.436689 
353 0.837782 
354 -0.178830 
355 0.837782 
356 -1.264965 
357 -0.364193 
358 -0.168896 
359 -0.733426 
360 0.637564 
361 -0.437225 
362 0.688636 
363 -0.371847 
364 0.637564 
365 -0.735281 
366 0.009034 
367 -1.407406 
368 -1.142156 
369 0.207915 
370 0.009034 
371 -1.250723 
372 -0.733426 
373 0.049956 
374 -0.656089 
375 -1.129835 
376 -0.922589 
377 -1.558787 
378 -0.891377 
379 -1.193565 
380 -0.030598 
381 -0.218785 
382 -0.948997 
383 -1.809283 
384 -0.333845 
385 0.132760 
386 -0.724664 
387 -1.661044 
388 -1.626737 
389 -0.646901 
390 -1.255814 
391 0.451335 
392 -1.065122 
393 0.451335 
394 -0.823555 
395 0.892166 
396 -0.527196 
397 -0.223538 
398 -0.823555 
399 0.464979 
400 -0.395886 
401 -0.394972 
402 -1.179232 
403 -0.030598 
404 -0.204880 
405 -0.311578 
406 -0.841308 
407 -0.450792 
408 0.892166 
409 -0.889110 
410 -1.113380 
411 -0.711697 
412 -1.166988 
413 -0.889110 
414 -0.446951 
415 -1.326519 
416 -0.180806 
417 -2.017055 
418 2.485001 
419 -0.897813 
420 -1.384248 
421 -0.677737 
422 -0.897813 
423 -1.384248 
424 0.436689 
425 -0.671052 
426 -0.437225 
427 -0.011971 
428 -0.556389 
429 -0.423475 
430 -0.212810 
431 -0.011971 
432 -1.029529 
433 -1.029529 
434 -1.984852 
435 -0.167917 
436 -1.771233 
437 0.079552 
438 -0.695142 
439 -0.656089 
440 0.079552 
441 -0.695142 
442 -1.720776 
443 -1.072130 
444 0.237227 
445 -1.075257 
446 -0.809732 
447 0.416952 
448 -1.193565 
449 -1.092722 
450 -1.166102 
451 -0.964455 
452 -1.072130 
453 -1.533714 
454 -1.999965 
455 -1.166102 
456 -0.980784 
457 -0.204880 
458 -0.443300 
459 0.464979 
460 -0.554615 
461 -0.577584 
462 0.383145 
463 -0.845337 
464 -0.395886 
465 0.383145 
466 -1.219546 
467 -0.264707 
468 -0.669693 
469 -0.706544 
470 -1.277704 
471 0.163102 
472 -1.219546 
473 -0.025336 
474 0.056027 
475 -0.951985 
476 0.329122 
477 -0.980784 
478 -0.625152 
479 -0.951985 
480 -1.428561 
481 -1.439302 
482 -1.325899 
483 -1.238541 
484 -1.277704 
485 -1.336982 
486 -1.103041 
487 -0.809732 
488 0.416952 
489 -1.053201 
490 -1.445249 
491 -0.142503 
492 -0.616824 
493 -1.053201 
494 -0.009747 
495 -0.143894 
496 -0.766098 
497 -1.680003 
498 -0.009747 
499 -1.075257 
500 -1.400735 
501 2.307205 
502 0.046390 
503 -1.078736 
504 0.022312 
505 -1.826893 
506 0.046390 
507 -1.400735 
508 2.307205 
509 -1.140764 
510 -0.496886 
511 -0.894861 
512 0.182373 
513 -1.111851 
514 -1.140764 
515 -0.139148 
516 -1.720776 
517 -1.704693 
518 -0.713499 
519 -0.665444 
520 0.323778 
521 -0.782059 
522 -1.533714 
523 -0.782059 
524 -1.756994 
525 -1.117180 
526 -0.652366 
527 -1.513425 
528 -1.138219 
529 -0.649707 
530 -1.513425 
531 -1.421387 
532 -1.267288 
533 -1.138219 
534 -0.106459 
535 -1.421562 
536 -1.056918 
537 -0.625152 
538 -0.653270 
539 -1.056918 
540 -0.468072 
541 -0.773921 
542 -0.706544 
543 -0.610923 
544 -2.069335 
545 -0.538140 
546 -0.773921 
547 -1.541948 
548 -0.357338 
549 -1.521294 
550 -0.339638 
551 0.323778 
552 -0.139148 
553 0.595055 
554 0.148328 
555 -1.356320 
556 -1.393004 
557 -1.078736 
558 -0.961704 
559 -1.393004 
560 -0.002246 
561 0.036361 
562 -0.544858 
563 0.017689 
564 -0.940141 
565 -0.002246 
566 0.209818 
567 -0.734613 
568 -1.341963 
569 0.299841 
570 -0.256784 
571 -1.883722 
572 -0.256784 
573 -1.341963 
574 -1.691625 
575 -1.829505 
576 -0.408176 
577 0.299841 
578 -1.318804 
579 -0.752703 
580 0.595055 
581 -0.052173 
582 0.148328 
583 -0.339638 
584 -1.031355 
585 -1.031353 
586 -1.031355 
587 -0.722683 
588 -2.026150 
589 -1.421387 
590 -1.515275 
591 -0.459794 
592 -0.973482 
593 -0.273597 
594 0.206469 
595 -1.062554 
596 -1.515275 
597 -1.507793 
598 -1.358126 
599 -0.256486 
600 0.206469 
601 -0.256486 
602 -0.753308 
603 -0.289182 
604 -0.753308 
605 -0.273597 
606 -1.062554 
607 -1.267142 
608 -1.113880 
609 -1.267142 
610 -0.239614 
611 -0.752703 
612 0.073526 
613 0.009143 
614 -0.383784 
615 -1.126427 
616 -0.338856 
617 -0.383784 
618 -0.295795 
619 -1.126427 
620 -0.397063 
621 -0.530910 
622 -0.236049 
623 -0.572101 
624 0.209818 
625 -1.579047 
626 -1.638321 
627 -0.397063 
628 -0.530910 
629 -1.523499 
630 -0.274745 
631 -0.734613 
632 -1.378196 
633 -1.118728 
634 -1.186699 
635 -1.438647 
636 -0.572101 
637 -1.186186 
638 -1.010456 
639 -1.230165 
640 -0.413241 
641 -1.523499 
642 -0.274745 
643 -0.037071 
644 -0.669470 
645 -0.532079 
646 -1.340315 
647 -1.584920 
648 -1.315790 
649 -0.505009 
650 -1.378196 
651 -0.745128 
652 -0.664437 
653 -1.558443 
654 -0.197531 
655 -0.505009 
656 -1.676489 
657 0.073526 
658 0.009143 
659 -1.274387 
660 -0.461393 
661 0.196346 
662 0.053119 
663 -1.970671 
664 -0.141853 
665 -0.925668 
666 0.053119 
667 0.623178 
668 -0.853715 
669 0.623178 
670 -1.001190 
671 0.529929 
672 0.779302 
673 -0.877349 
674 0.529929 
675 -1.118378 
676 0.019896 
677 0.085156 
678 0.779302 
679 0.591690 
680 0.205246 
681 0.196346 
682 -1.504452 
683 -1.297918 
684 -1.676489 
685 -1.397743 
686 -0.544325 
687 -0.498224 
688 -0.544325 
689 -1.082946 
690 -1.079286 
691 -0.251264 
692 -1.508843 
693 -1.735963 
694 -1.065606 
695 -1.744038 
696 -0.251264 
697 -1.508843 
698 -1.498096 
699 -0.037071 
700 -1.498096 
701 -0.981078 
702 -0.288286 
703 -0.690779 
704 0.160952 
705 -1.186186 
706 -1.149788 
707 -1.521866 
708 -1.755384 
709 -0.747719 
710 -0.981078 
711 0.154082 
712 -1.361915 
713 -0.123457 
714 -0.750174 
715 -1.361915 
716 -1.982464 
717 -1.443008 
718 -0.123457 
719 -1.027365 
720 -1.663285 
721 -1.397743 
722 -0.143750 
723 -1.149120 
724 -0.649135 
725 -1.663285 
726 -0.498224 
727 -0.572034 
728 -0.423978 
729 0.210000 
730 -0.492080 
731 0.668135 
732 -0.562974 
733 -0.132892 
734 -2.076280 
735 -0.562974 
736 0.668135 
737 0.390546 
738 -0.596211 
739 0.390546 
740 -0.132892 
741 0.154082 
742 -1.402802 
743 -1.982464 
744 -0.195045 
745 -0.865545 
746 -1.132199 
747 -1.276049 
748 -0.642872 
749 -2.264331 
750 -0.567677 
751 -1.100301 
752 -0.918744 
753 -1.424905 
754 -1.518943 
755 -1.248220 
756 -0.060607 
757 -1.248220 
758 -0.060607 
759 0.210000 
760 -1.757949 
761 -0.492080 
762 -0.825177 
763 -0.201896 
764 -0.238264 
765 0.533035 
766 -1.132199 
767 -0.781772 
768 0.140093 
769 0.533035 
770 -0.068666 
771 -1.719528 
772 0.527013 
773 -1.276049 
774 -1.465162 
775 -2.310690 
776 -1.460424 
777 0.527013 
778 -1.617061 
779 -0.376129 
780 -1.465162 
781 -1.453220 
782 -1.617061 
783 -0.888438 
784 -1.689598 
785 -0.376129 
786 -0.936420 
787 -1.707041 
788 -0.156721 
789 -0.274887 
790 -1.221791 
791 -0.888438 
792 -1.213381 
793 -0.274887 
794 -0.310716 
795 -1.213381 
796 -0.212084 
797 -0.700170 
798 -1.324645 
799 -1.757949 
800 -0.050624 
801 -1.281752 
802 0.160380 
803 -1.390958 
804 -0.050624 
805 -0.781772 
806 -0.521047 
807 -0.661379 
808 0.070640 
809 0.557410 
810 -0.399213 
811 0.070640 
812 -1.910717 
813 -0.150859 
814 -0.352178 
815 -1.284974 
816 -1.700658 
817 -0.352178 
818 -1.284974 
819 -0.493965 
820 -1.285424 
821 -1.415239 
822 -0.212084 
823 -0.961535 
824 -1.415239 
825 -0.469806 
826 -0.555001 
827 -0.469806 
828 -0.555001 
829 -1.324645 
830 -1.281752 
831 -1.996396 
832 0.557410 
833 -0.353228 
834 -0.961538 
835 -0.147574 
836 -1.121852 
837 -1.085922 
838 -1.121852 
839 -1.040134 
840 -0.567236 
841 -0.869097 
842 0.979638 
843 0.899157 
844 -0.665585 
845 -0.697476 
846 0.899157 
847 -1.282502 
848 -1.282502 
849 -0.671381 
850 -0.303748 
851 -2.325891 
852 0.181602 
853 -0.441328 
854 -1.340793 
855 -0.441328 
856 -1.123494 
857 -1.123494 
858 0.177151 
859 -0.147574 
860 -1.644681 
861 -1.339887 
862 0.177151 
863 -1.491690 
864 -1.374835 
865 -1.764909 
866 1.022311 
867 0.979638 
868 1.022311 
869 0.387660 
870 0.004399 
871 0.003304 
872 -0.396996 
873 -0.366829 
874 -1.071945 
875 -0.366829 
876 0.865671 
877 -0.416544 
878 0.865671 
879 0.994474 
880 0.105628 
881 0.994474 
882 0.181602 
883 -1.646230 
884 0.597698 
885 0.800732 
886 1.058986 
887 -1.270682 
888 -0.396996 
889 -0.107700 
890 -1.521492 
891 0.067607 
892 0.319563 
893 -0.966319 
894 -0.633572 
895 0.319563 
896 -0.228694 
897 0.052771 
898 0.105628 
899 0.280946 
900 0.800732 
901 -0.678080 
902 -0.260609 
903 1.058986 
904 -0.249404 
905 0.280946 
906 0.489527 
907 0.019043 
908 -0.778086 
909 -0.668141 
910 0.489527 
911 0.282803 
912 0.343541 
913 0.302811 
914 -0.778086 
915 -0.668141 
916 -0.827843 
917 0.282803 
918 0.343541 
919 -1.287738 
920 -1.306142 
921 -0.827843 
922 -1.163360 
923 -0.862427 
924 -1.614621 
925 -1.130389 
926 0.343642 
927 -1.630455 
928 0.343642 
929 0.314335 
930 -0.814392 
931 -0.808082 
932 -0.869096 
933 -0.814392 
934 -0.808082 
935 -0.869096 
936 -0.578178 
937 -1.084962 
938 -0.578178 
939 -0.572778 
940 -0.455887 
941 -0.572778 
942 -0.957157 
943 -0.957157 
944 0.091671 
945 -0.918825 
946 0.091671 
947 -0.918825 
948 -0.124957 
949 -1.704417 
950 -0.124957 
951 -0.791646 
952 -1.704417 
953 -0.858267 
954 -1.362877 
955 -1.597233 
956 -0.858267 
957 -1.064458 
