2851 1
2273 0.497868 
2295 0.497868 
1682 0.497868 
1841 0.497868 
2276 0.497868 
442 0.497868 
2275 0.497868 
2296 0.497868 
2274 0.497868 
2297 0.497868 
1707 0.497868 
2298 0.497868 
2299 0.497868 
1842 0.497868 
2272 0.497868 
1835 0.497868 
2300 0.497868 
1834 0.497868 
1833 0.497868 
1832 0.497868 
1831 0.497868 
1830 0.497868 
992 0.497868 
2306 0.497868 
1829 0.497868 
1828 0.497868 
1848 0.497868 
215 0.497868 
219 0.497868 
228 0.497868 
229 0.497868 
231 0.497868 
232 0.497868 
955 0.497868 
1075 0.497868 
1850 0.497868 
1849 0.497868 
2283 0.497868 
2284 0.497868 
2264 0.497868 
2285 0.497868 
2286 0.497868 
2287 0.497868 
1847 0.497868 
1846 0.497868 
1091 0.497868 
2288 0.497868 
2289 0.497868 
1845 0.497868 
1844 0.497868 
1843 0.497868 
2277 0.497868 
2330 0.497868 
625 0.497868 
637 0.497868 
2307 0.497868 
2308 0.497868 
2309 0.497868 
2310 0.497868 
2311 0.497868 
1818 0.497868 
1817 0.497868 
1816 0.497868 
1815 0.497868 
2329 0.497868 
799 0.497868 
2260 0.497868 
2265 0.497868 
2318 0.497868 
2263 0.497868 
2319 0.497868 
2262 0.497868 
2261 0.497868 
2320 0.497868 
2321 0.497868 
2317 0.497868 
723 0.493565 
412 0.493565 
725 0.493565 
1693 0.493565 
727 0.493565 
1927 0.493565 
831 0.493565 
1043 0.493565 
871 0.493565 
650 0.493565 
925 0.493565 
362 0.493565 
636 0.493565 
760 0.493565 
631 0.493565 
998 0.493565 
500 0.493565 
1000 0.493565 
816 0.481452 
437 0.481452 
1666 0.481452 
1111 0.481452 
896 0.481452 
390 0.481452 
463 0.481452 
343 0.481452 
1727 0.481452 
691 0.481452 
1786 0.481452 
739 0.481452 
155 0.466341 
1151 0.466341 
156 0.466341 
1164 0.466341 
1174 0.466341 
372 0.466341 
154 0.466341 
1667 0.466341 
941 0.466341 
525 0.466341 
843 0.466341 
504 0.466341 
140 0.466341 
1153 0.466341 
144 0.466341 
1176 0.466341 
183 0.466341 
1059 0.466341 
486 0.466341 
172 0.466341 
171 0.466341 
1149 0.466341 
552 0.466341 
169 0.466341 
168 0.466341 
422 0.466341 
774 0.466341 
1945 0.466341 
1946 0.466341 
827 0.453237 
1929 0.453237 
1072 0.453237 
796 0.453237 
793 0.453237 
1930 0.453237 
1931 0.453237 
1932 0.453237 
826 0.453237 
795 0.453237 
856 0.453237 
216 0.453237 
824 0.453237 
439 0.453237 
854 0.453237 
882 0.453237 
884 0.453237 
855 0.453237 
989 0.453237 
825 0.453237 
857 0.453237 
1704 0.453237 
952 0.453237 
908 0.453237 
910 0.453237 
428 0.444672 
483 0.444340 
1140 0.444340 
878 0.444340 
196 0.444340 
200 0.444340 
771 0.444340 
211 0.444340 
419 0.444340 
1098 0.444340 
369 0.444340 
549 0.444340 
938 0.444340 
838 0.444340 
1056 0.444340 
889 0.444340 
2494 0.439406 
2469 0.439406 
2501 0.439406 
2502 0.439406 
2503 0.439406 
2504 0.439406 
2512 0.439406 
2513 0.439406 
2514 0.439406 
2522 0.439406 
907 0.439406 
2523 0.439406 
2524 0.439406 
2493 0.439406 
2492 0.439406 
2491 0.439406 
2484 0.439406 
2483 0.439406 
2482 0.439406 
2480 0.439406 
2474 0.439406 
2473 0.439406 
2472 0.439406 
881 0.439406 
880 0.439406 
2470 0.439406 
554 0.424075 
1557 0.424075 
776 0.424075 
943 0.424075 
1527 0.424075 
1525 0.424075 
320 0.424075 
527 0.424075 
845 0.424075 
1155 0.424075 
506 0.424075 
374 0.424075 
424 0.424075 
488 0.424075 
1674 0.424075 
1061 0.424075 
1642 0.423617 
1671 0.423617 
1670 0.423617 
1669 0.423617 
1067 0.423617 
1658 0.423617 
1657 0.423617 
1191 0.423617 
1655 0.423617 
1654 0.423617 
1643 0.423617 
1087 0.423617 
1656 0.423617 
1190 0.423617 
195 0.423617 
1189 0.423617 
191 0.423617 
190 0.423617 
1628 0.423617 
1181 0.423617 
167 0.423617 
1069 0.423617 
179 0.423617 
1685 0.423617 
1672 0.423617 
1686 0.423617 
207 0.423617 
789 0.423617 
1071 0.423617 
988 0.423617 
1698 0.423617 
205 0.423617 
158 0.410121 
1049 0.410121 
1084 0.410121 
633 0.410121 
761 0.410121 
1051 0.410121 
1940 0.410121 
1047 0.410121 
1068 0.410121 
414 0.410121 
1029 0.410121 
652 0.410121 
873 0.410121 
1086 0.410121 
927 0.410121 
1093 0.410121 
478 0.410121 
1695 0.410121 
502 0.410121 
729 0.410121 
833 0.410121 
364 0.410121 
174 0.410121 
1939 0.410121 
970 0.403524 
673 0.403524 
309 0.403524 
36 0.403524 
38 0.403524 
451 0.403524 
40 0.403524 
1649 0.403524 
48 0.403524 
39 0.403524 
540 0.403524 
52 0.403524 
1825 0.403524 
715 0.403524 
25 0.403524 
27 0.403524 
16 0.403524 
1571 0.403524 
24 0.403524 
21 0.403524 
259 0.403524 
804 0.403524 
1769 0.403524 
1898 0.402770 
1888 0.402770 
1722 0.402770 
1545 0.402770 
1544 0.402770 
1543 0.402770 
1781 0.402770 
1565 0.402770 
811 0.402770 
977 0.402770 
1899 0.402770 
385 0.402770 
1552 0.402770 
1551 0.402770 
1889 0.402770 
1550 0.402770 
734 0.402770 
1891 0.402770 
1661 0.402770 
1548 0.402770 
1547 0.402770 
1892 0.402770 
1546 0.402770 
1561 0.402770 
300 0.402770 
1885 0.402770 
680 0.402770 
1873 0.402770 
1542 0.402770 
1540 0.402770 
1562 0.402770 
1538 0.402770 
1893 0.402770 
1894 0.402770 
1875 0.402770 
1884 0.402770 
1886 0.402770 
1887 0.402770 
1578 0.402770 
1878 0.402770 
1880 0.402770 
1881 0.402770 
458 0.402770 
1883 0.402770 
1882 0.402770 
1563 0.402770 
2428 0.389267 
1022 0.389267 
566 0.389267 
2417 0.389267 
2427 0.389267 
2418 0.389267 
750 0.389267 
518 0.389267 
2408 0.389267 
2419 0.389267 
1797 0.389267 
863 0.389267 
2407 0.389267 
476 0.389267 
1605 0.389267 
788 0.389267 
616 0.389267 
720 0.389267 
2437 0.389267 
2438 0.389267 
919 0.389267 
659 0.389267 
1630 0.389267 
336 0.389267 
701 0.389267 
983 0.384872 
982 0.384872 
2396 0.384872 
2397 0.384872 
2398 0.384872 
2368 0.384872 
985 0.384872 
626 0.384872 
2395 0.384872 
2399 0.384872 
2367 0.384872 
2366 0.384872 
2346 0.384872 
638 0.384872 
767 0.384872 
2365 0.384872 
642 0.384872 
2335 0.384872 
2356 0.384872 
443 0.384872 
2355 0.384872 
2336 0.384872 
2345 0.384872 
577 0.384872 
594 0.384872 
576 0.384872 
575 0.384872 
578 0.384872 
579 0.384872 
2378 0.384872 
574 0.384872 
588 0.384872 
589 0.384872 
591 0.384872 
592 0.384872 
2379 0.384872 
2377 0.384872 
2380 0.384872 
2369 0.384872 
2326 0.384872 
800 0.384872 
595 0.384872 
596 0.384872 
2385 0.384872 
2386 0.384872 
2387 0.384872 
2325 0.384872 
2376 0.384872 
993 0.384872 
2388 0.384872 
2389 0.384872 
2375 0.384872 
959 0.384872 
962 0.384872 
1683 0.384872 
961 0.384872 
407 0.384872 
935 0.384872 
1076 0.384872 
1353 0.369304 
1355 0.369304 
1352 0.369304 
1351 0.369304 
1350 0.369304 
1349 0.369304 
1348 0.369304 
1347 0.369304 
1346 0.369304 
1345 0.369304 
1039 0.369304 
1343 0.369304 
1342 0.369304 
1341 0.369304 
1340 0.369304 
1361 0.369304 
1369 0.369304 
1368 0.369304 
1367 0.369304 
1374 0.369304 
1375 0.369304 
1364 0.369304 
1376 0.369304 
1362 0.369304 
967 0.369304 
712 0.369304 
537 0.369304 
1360 0.369304 
1359 0.369304 
1357 0.369304 
1356 0.369304 
1383 0.369304 
1344 0.369304 
1354 0.369304 
1329 0.369304 
670 0.369304 
1766 0.369304 
1321 0.369304 
1327 0.369304 
1328 0.369304 
1339 0.369304 
1330 0.369304 
1813 0.369304 
1333 0.369304 
1334 0.369304 
448 0.369304 
1335 0.369304 
1336 0.369304 
1337 0.369304 
147 0.369304 
1338 0.369304 
301 0.369304 
1646 0.369304 
245 0.369304 
573 0.366291 
655 0.366291 
1079 0.366291 
1740 0.366291 
1125 0.366291 
62 0.366291 
1014 0.366291 
764 0.366291 
351 0.366291 
398 0.366291 
1137 0.366291 
904 0.366291 
747 0.366291 
2440 0.360148 
608 0.360148 
2461 0.360148 
319 0.360148 
361 0.360148 
2451 0.360148 
2429 0.360148 
2430 0.360148 
757 0.360148 
756 0.360148 
791 0.360148 
931 0.350174 
888 0.350174 
837 0.350174 
418 0.350174 
610 0.350174 
548 0.350174 
368 0.350174 
1097 0.350174 
1055 0.350174 
770 0.350174 
1139 0.350174 
189 0.350174 
482 0.350174 
877 0.350174 
932 0.343313 
933 0.343313 
2490 0.343313 
2499 0.343313 
2489 0.343313 
2507 0.343313 
956 0.343313 
2517 0.343313 
2518 0.343313 
2508 0.343313 
1275 0.341763 
870 0.341763 
1197 0.341763 
1304 0.341763 
999 0.341763 
1305 0.341763 
726 0.341763 
1310 0.341763 
1216 0.341763 
1271 0.341763 
997 0.341763 
1274 0.341763 
1199 0.341763 
1206 0.341763 
1311 0.341763 
924 0.341763 
1273 0.341763 
1214 0.341763 
1208 0.341763 
411 0.341763 
1272 0.341763 
1950 0.341763 
1280 0.341763 
1281 0.341763 
1282 0.341763 
1283 0.341763 
1284 0.341763 
1285 0.341763 
1286 0.341763 
1287 0.341763 
1279 0.341763 
1288 0.341763 
1289 0.341763 
1290 0.341763 
1291 0.341763 
1949 0.341763 
1292 0.341763 
1303 0.341763 
649 0.341763 
1293 0.341763 
1278 0.341763 
1294 0.341763 
1295 0.341763 
1296 0.341763 
1277 0.341763 
1297 0.341763 
1298 0.341763 
1276 0.341763 
1299 0.341763 
1301 0.341763 
1692 0.341763 
1302 0.341763 
630 0.341763 
1268 0.341763 
1042 0.341763 
830 0.341763 
1270 0.341763 
1253 0.341763 
1269 0.341763 
1262 0.341763 
1263 0.341763 
1255 0.341763 
1249 0.341763 
1258 0.341763 
1267 0.341763 
1266 0.341763 
499 0.341763 
1256 0.341763 
1265 0.341763 
1257 0.341763 
1264 0.341763 
1260 0.341763 
1261 0.341763 
1011 0.316423 
1134 0.316423 
1591 0.316423 
395 0.316423 
901 0.316423 
379 0.316423 
468 0.316423 
1737 0.316423 
821 0.316423 
570 0.316423 
1122 0.316423 
744 0.316423 
348 0.316423 
1731 0.309720 
1687 0.309720 
1733 0.309720 
214 0.309720 
1748 0.309720 
1673 0.309720 
1747 0.309720 
1090 0.309720 
1688 0.309720 
1714 0.309720 
1681 0.309720 
991 0.309720 
1716 0.309720 
1706 0.309720 
1732 0.309720 
1702 0.309720 
1701 0.309720 
441 0.309720 
230 0.309720 
954 0.309720 
1684 0.309720 
1718 0.309720 
218 0.309720 
1703 0.309720 
1762 0.309720 
1717 0.309720 
1074 0.309720 
624 0.309720 
798 0.309720 
978 0.290430 
2331 0.290430 
2350 0.290430 
2341 0.290430 
601 0.290430 
68 0.283522 
581 0.283522 
1742 0.283522 
1081 0.283522 
1016 0.283522 
766 0.283522 
80 0.283522 
934 0.283522 
353 0.283522 
1127 0.283522 
400 0.283522 
912 0.283522 
64 0.283522 
1163 0.276723 
306 0.276723 
979 0.276723 
1186 0.276723 
841 0.276723 
1178 0.276723 
318 0.276723 
1788 0.267028 
421 0.267028 
773 0.267028 
840 0.267028 
524 0.267028 
1119 0.267028 
940 0.267028 
891 0.267028 
1106 0.267028 
1162 0.267028 
551 0.267028 
1152 0.267028 
485 0.267028 
371 0.267028 
1058 0.267028 
225 0.259144 
700 0.259144 
517 0.259144 
224 0.259144 
1629 0.259144 
862 0.259144 
1796 0.259144 
226 0.259144 
475 0.259144 
787 0.259144 
253 0.259144 
238 0.259144 
749 0.259144 
242 0.259144 
241 0.259144 
239 0.259144 
658 0.259144 
1021 0.259144 
333 0.259144 
615 0.259144 
334 0.259144 
335 0.259144 
1604 0.259144 
565 0.259144 
210 0.259144 
429 0.238529 
569 0.235438 
743 0.235438 
1115 0.235438 
820 0.235438 
1010 0.235438 
378 0.235438 
467 0.235438 
1736 0.235438 
394 0.235438 
1590 0.235438 
347 0.235438 
900 0.235438 
1416 0.229749 
1411 0.229749 
449 0.229749 
1405 0.229749 
262 0.229749 
1410 0.229749 
1418 0.229749 
1406 0.229749 
1421 0.229749 
1414 0.229749 
1417 0.229749 
236 0.229749 
1415 0.229749 
1407 0.229749 
1420 0.229749 
1413 0.229749 
1408 0.229749 
1419 0.229749 
1409 0.229749 
1412 0.229749 
1422 0.229749 
1767 0.229749 
160 0.229749 
302 0.229749 
1647 0.229749 
538 0.229749 
1436 0.229749 
968 0.229749 
1431 0.229749 
713 0.229749 
1430 0.229749 
1385 0.229749 
1429 0.229749 
1040 0.229749 
1428 0.229749 
1427 0.229749 
671 0.229749 
1404 0.229749 
1423 0.229749 
1814 0.229749 
1402 0.229749 
1401 0.229749 
246 0.229749 
1400 0.229749 
1424 0.229749 
1399 0.229749 
248 0.229749 
250 0.229749 
1398 0.229749 
1425 0.229749 
1389 0.229749 
851 0.213858 
782 0.213858 
949 0.213858 
512 0.213858 
494 0.213858 
328 0.213858 
622 0.213858 
560 0.213858 
220 0.213858 
208 0.213858 
204 0.213858 
1680 0.213858 
533 0.213858 
1982 0.182597 
2011 0.182597 
2012 0.182597 
2013 0.182597 
1986 0.182597 
1985 0.182597 
2014 0.182597 
1984 0.182597 
1983 0.182597 
1987 0.182597 
446 0.182597 
1971 0.182597 
1970 0.182597 
710 0.182597 
668 0.182597 
1969 0.182597 
1968 0.182597 
2008 0.182597 
1988 0.182597 
535 0.182597 
1994 0.182597 
2010 0.182597 
1995 0.182597 
2009 0.182597 
1996 0.182597 
1997 0.182597 
1998 0.182597 
1999 0.182597 
2000 0.182597 
2001 0.182597 
2002 0.182597 
2006 0.182597 
2007 0.182597 
1966 0.182597 
1720 0.182597 
1037 0.182597 
133 0.182597 
1764 0.182597 
1644 0.182597 
1811 0.182597 
1958 0.182597 
1959 0.182597 
1960 0.182597 
1961 0.182597 
1962 0.182597 
1963 0.182597 
1964 0.182597 
1965 0.182597 
1967 0.182597 
2734 0.175735 
15 0.175735 
10 0.175735 
7 0.175735 
2721 0.175735 
2722 0.175735 
4 0.175735 
2733 0.175735 
454 0.175735 
30 0.175735 
1772 0.175735 
33 0.175735 
45 0.175735 
58 0.175735 
61 0.175735 
73 0.175735 
973 0.175735 
1652 0.175735 
1574 0.175735 
286 0.175735 
2743 0.175735 
543 0.175735 
676 0.175735 
807 0.175735 
427 0.162738 
212 0.154421 
847 0.154421 
508 0.154421 
529 0.154421 
1167 0.154421 
556 0.154421 
618 0.154421 
324 0.154421 
945 0.154421 
778 0.154421 
490 0.154421 
227 0.154421 
240 0.154421 
243 0.154421 
255 0.154421 
1676 0.154421 
555 0.145100 
777 0.145100 
846 0.145100 
944 0.145100 
528 0.145100 
722 0.145100 
1166 0.145100 
1675 0.145100 
323 0.145100 
684 0.145100 
617 0.145100 
1062 0.145100 
686 0.145100 
645 0.145100 
647 0.145100 
1925 0.145100 
489 0.145100 
507 0.145100 
585 0.144008 
86 0.144008 
91 0.144008 
356 0.144008 
92 0.144008 
916 0.144008 
1020 0.144008 
42 0.144008 
404 0.144008 
313 0.144008 
98 0.144008 
99 0.144008 
101 0.144008 
113 0.144008 
102 0.144008 
84 0.144008 
85 0.144008 
46 0.144008 
79 0.144008 
74 0.144008 
57 0.144008 
964 0.144008 
70 0.144008 
1851 0.132090 
1838 0.132090 
1793 0.132090 
2209 0.132090 
2210 0.132090 
2254 0.132090 
2222 0.132090 
2211 0.132090 
2212 0.132090 
1808 0.132090 
1807 0.132090 
2227 0.132090 
2223 0.132090 
2224 0.132090 
2253 0.132090 
1837 0.132090 
2226 0.132090 
2205 0.132090 
2225 0.132090 
2257 0.132090 
2256 0.132090 
1823 0.132090 
2216 0.132090 
2215 0.132090 
2214 0.132090 
2255 0.132090 
2213 0.132090 
2230 0.132090 
2217 0.132090 
1821 0.132090 
1820 0.132090 
2221 0.132090 
2258 0.132090 
1836 0.132090 
2229 0.132090 
1819 0.132090 
2218 0.132090 
1822 0.132090 
2219 0.132090 
2259 0.132090 
2220 0.132090 
2231 0.132090 
2228 0.132090 
2147 0.132090 
2162 0.132090 
2188 0.132090 
2161 0.132090 
2189 0.132090 
2160 0.132090 
2159 0.132090 
2149 0.132090 
2148 0.132090 
2238 0.132090 
2190 0.132090 
2191 0.132090 
2192 0.132090 
2239 0.132090 
2240 0.132090 
2241 0.132090 
1804 0.132090 
2242 0.132090 
2163 0.132090 
1129 0.132090 
2164 0.132090 
2171 0.132090 
2172 0.132090 
2173 0.132090 
2174 0.132090 
2175 0.132090 
2176 0.132090 
2183 0.132090 
2184 0.132090 
2185 0.132090 
2237 0.132090 
2236 0.132090 
2186 0.132090 
2234 0.132090 
1853 0.132090 
2252 0.132090 
2232 0.132090 
2233 0.132090 
2208 0.132090 
2207 0.132090 
2251 0.132090 
2206 0.132090 
2187 0.132090 
2204 0.132090 
2250 0.132090 
2203 0.132090 
2202 0.132090 
2201 0.132090 
2200 0.132090 
1852 0.132090 
2249 0.132090 
2235 0.132090 
2248 0.132090 
2199 0.132090 
2198 0.132090 
2247 0.132090 
2197 0.132090 
2196 0.132090 
2195 0.132090 
2246 0.132090 
2245 0.132090 
2194 0.132090 
2193 0.132090 
2244 0.132090 
2243 0.132090 
2270 0.132090 
2304 0.132090 
2268 0.132090 
2293 0.132090 
2280 0.132090 
2269 0.132090 
2303 0.132090 
2316 0.132090 
2301 0.132090 
311 0.132090 
2290 0.132090 
2271 0.132090 
2302 0.132090 
2292 0.132090 
77 0.132090 
2279 0.132090 
2278 0.132090 
2291 0.132090 
2281 0.132090 
914 0.132090 
402 0.132090 
1018 0.132090 
2267 0.132090 
2282 0.132090 
583 0.132090 
2315 0.132090 
2266 0.132090 
2305 0.132090 
355 0.132090 
2294 0.132090 
1198 0.110496 
1761 0.110496 
1763 0.110496 
202 0.110496 
1188 0.110496 
1947 0.110496 
2560 0.110496 
1196 0.110496 
1083 0.110496 
1777 0.110496 
1948 0.110496 
1792 0.110496 
1759 0.110496 
1175 0.110496 
1177 0.110496 
1165 0.110496 
842 0.110496 
1746 0.110496 
1179 0.110496 
1005 0.110496 
1778 0.110496 
182 0.110496 
186 0.110496 
1063 0.110496 
986 0.110496 
197 0.110496 
1979 0.105810 
545 0.105810 
1981 0.105810 
1972 0.105810 
298 0.105810 
809 0.105810 
1973 0.105810 
1980 0.105810 
1976 0.105810 
1989 0.105810 
1978 0.105810 
1977 0.105810 
1779 0.105810 
1974 0.105810 
1975 0.105810 
1990 0.105810 
678 0.105810 
2041 0.105810 
2040 0.105810 
2039 0.105810 
2029 0.105810 
2028 0.105810 
456 0.105810 
2027 0.105810 
2017 0.105810 
732 0.105810 
2016 0.105810 
2015 0.105810 
975 0.105810 
1576 0.105810 
383 0.105810 
2005 0.105810 
2004 0.105810 
1559 0.105810 
2003 0.105810 
1993 0.105810 
1992 0.105810 
1991 0.105810 
1659 0.105810 
850 0.103450 
493 0.103450 
511 0.103450 
532 0.103450 
1679 0.103450 
327 0.103450 
621 0.103450 
1003 0.103450 
948 0.103450 
2520 0.103450 
781 0.103450 
559 0.103450 
2531 0.103450 
2541 0.103450 
2343 0.086161 
2361 0.086161 
2342 0.086161 
2362 0.086161 
2340 0.086161 
2363 0.086161 
2364 0.086161 
2334 0.086161 
1840 0.086161 
2344 0.086161 
2322 0.086161 
2360 0.086161 
2359 0.086161 
2354 0.086161 
1019 0.086161 
2351 0.086161 
2353 0.086161 
2352 0.086161 
598 0.086161 
2384 0.086161 
2312 0.086161 
2313 0.086161 
2314 0.086161 
2383 0.086161 
90 0.086161 
2382 0.086161 
584 0.086161 
597 0.086161 
2333 0.086161 
599 0.086161 
2374 0.086161 
2373 0.086161 
2372 0.086161 
2370 0.086161 
78 0.086161 
2323 0.086161 
2324 0.086161 
2332 0.086161 
1935 0.086161 
984 0.086161 
1006 0.086161 
963 0.086161 
937 0.086161 
1004 0.086161 
915 0.086161 
1936 0.086161 
312 0.086161 
403 0.086161 
1027 0.084152 
1001 0.084152 
651 0.084152 
413 0.084152 
759 0.084152 
1694 0.084152 
832 0.084152 
1066 0.084152 
1050 0.084152 
926 0.084152 
165 0.084152 
1092 0.084152 
164 0.084152 
163 0.084152 
501 0.084152 
632 0.084152 
728 0.084152 
363 0.084152 
148 0.084152 
872 0.084152 
2568 0.078245 
161 0.078245 
672 0.078245 
1768 0.078245 
969 0.078245 
2579 0.078245 
2578 0.078245 
1570 0.078245 
2577 0.078245 
1116 0.078245 
2567 0.078245 
714 0.078245 
539 0.078245 
258 0.078245 
1648 0.078245 
1824 0.078245 
303 0.078245 
450 0.078245 
1696 0.073658 
634 0.073658 
415 0.073658 
1041 0.073658 
175 0.073658 
1052 0.073658 
653 0.073658 
928 0.073658 
834 0.073658 
159 0.073658 
1094 0.073658 
479 0.073658 
879 0.073658 
874 0.073658 
365 0.073658 
1307 0.072994 
1306 0.072994 
1325 0.072994 
1638 0.072994 
667 0.072994 
1300 0.072994 
709 0.072994 
1625 0.072994 
1036 0.072994 
1624 0.072994 
1623 0.072994 
1309 0.072994 
445 0.072994 
1758 0.072994 
1719 0.072994 
132 0.072994 
1332 0.072994 
1331 0.072994 
1326 0.072994 
1324 0.072994 
1323 0.072994 
1810 0.072994 
1320 0.072994 
1308 0.072994 
1312 0.072994 
1313 0.072994 
1314 0.072994 
1315 0.072994 
1316 0.072994 
1317 0.072994 
1318 0.072994 
1319 0.072994 
1322 0.072994 
567 0.038333 
1588 0.038333 
345 0.038333 
376 0.038333 
465 0.038333 
392 0.038333 
1026 0.038333 
898 0.038333 
1113 0.038333 
818 0.038333 
1008 0.038333 
1734 0.038333 
741 0.038333 
139 0.037102 
121 0.037102 
107 0.037102 
125 0.037102 
138 0.037102 
137 0.037102 
110 0.037102 
135 0.037102 
134 0.037102 
358 0.037102 
111 0.037102 
315 0.037102 
106 0.037102 
123 0.037102 
406 0.037102 
122 0.037102 
149 0.037102 
694 0.037102 
587 0.037102 
150 0.037102 
108 0.037102 
151 0.037102 
96 0.037102 
350 -0.029283 
1013 -0.029283 
1135 -0.029283 
746 -0.029283 
381 -0.029283 
1739 -0.029283 
397 -0.029283 
829 -0.029283 
572 -0.029283 
470 -0.029283 
1593 -0.029283 
1595 -0.029283 
903 -0.029283 
1124 -0.029283 
1610 -0.029283 
1580 -0.029283 
173 -0.031144 
775 -0.031144 
185 -0.031144 
145 -0.031144 
423 -0.031144 
170 -0.031144 
157 -0.031144 
487 -0.031144 
505 -0.031144 
553 -0.031144 
526 -0.031144 
942 -0.031144 
844 -0.031144 
1154 -0.031144 
1060 -0.031144 
142 -0.031144 
373 -0.031144 
1668 -0.031144 
2441 -0.037540 
682 -0.037540 
471 -0.037540 
2400 -0.037540 
316 -0.037540 
359 -0.037540 
2394 -0.037540 
2393 -0.037540 
2392 -0.037540 
2431 -0.037540 
2402 -0.037540 
2403 -0.037540 
2404 -0.037540 
2409 -0.037540 
2412 -0.037540 
2424 -0.037540 
2413 -0.037540 
2423 -0.037540 
2414 -0.037540 
2420 -0.037540 
2422 -0.037540 
606 -0.037540 
695 -0.037540 
643 -0.037540 
721 -0.037540 
2067 -0.059509 
1558 -0.059509 
1790 -0.059509 
455 -0.059509 
287 -0.059509 
544 -0.059509 
2080 -0.059509 
2079 -0.059509 
2078 -0.059509 
2068 -0.059509 
808 -0.059509 
2066 -0.059509 
2054 -0.059509 
2042 -0.059509 
731 -0.059509 
2030 -0.059509 
1775 -0.059509 
2018 -0.059509 
1774 -0.059509 
1773 -0.059509 
382 -0.059509 
1760 -0.059509 
1575 -0.059509 
974 -0.059509 
1653 -0.059509 
677 -0.059509 
1928 -0.060029 
329 -0.060029 
783 -0.060029 
623 -0.060029 
513 -0.060029 
792 -0.060029 
495 -0.060029 
794 -0.060029 
696 -0.060029 
950 -0.060029 
534 -0.060029 
858 -0.060029 
561 -0.060029 
611 -0.060029 
758 -0.060029 
1073 -0.061817 
2421 -0.061817 
1104 -0.061817 
217 -0.061817 
1942 -0.061817 
1941 -0.061817 
1705 -0.061817 
990 -0.061817 
683 -0.061817 
440 -0.061817 
2391 -0.061817 
2401 -0.061817 
953 -0.061817 
641 -0.061817 
797 -0.061817 
1120 -0.061817 
1089 -0.061817 
590 -0.061817 
1118 -0.061817 
2410 -0.061817 
2411 -0.061817 
209 -0.068130 
699 -0.068130 
861 -0.068130 
657 -0.068130 
332 -0.068130 
614 -0.068130 
1603 -0.068130 
516 -0.068130 
474 -0.068130 
1795 -0.068130 
564 -0.068130 
221 -0.068130 
222 -0.068130 
223 -0.068130 
233 -0.068130 
234 -0.068130 
786 -0.068130 
235 -0.068130 
237 -0.068130 
249 -0.068130 
1252 -0.071506 
892 -0.071506 
681 -0.071506 
735 -0.071506 
1107 -0.071506 
1662 -0.071506 
1251 -0.071506 
1782 -0.071506 
1250 -0.071506 
1248 -0.071506 
1259 -0.071506 
1584 -0.071506 
1254 -0.071506 
1247 -0.071506 
1246 -0.071506 
1245 -0.071506 
1244 -0.071506 
1723 -0.071506 
386 -0.071506 
812 -0.071506 
459 -0.071506 
2511 -0.086146 
609 -0.086146 
957 -0.086146 
492 -0.086146 
558 -0.086146 
947 -0.086146 
510 -0.086146 
2521 -0.086146 
849 -0.086146 
620 -0.086146 
326 -0.086146 
780 -0.086146 
1678 -0.086146 
531 -0.086146 
2500 -0.086146 
75 -0.091651 
127 -0.091651 
405 -0.091651 
129 -0.091651 
103 -0.091651 
100 -0.091651 
314 -0.091651 
72 -0.091651 
115 -0.091651 
114 -0.091651 
586 -0.091651 
917 -0.091651 
117 -0.091651 
965 -0.091651 
112 -0.091651 
87 -0.091651 
357 -0.091651 
693 -0.091651 
44 -0.091651 
47 -0.091651 
88 -0.091651 
116 -0.091651 
89 -0.091651 
59 -0.091651 
1641 -0.092642 
1634 -0.092642 
1639 -0.092642 
1032 -0.092642 
119 -0.092642 
1640 -0.092642 
1626 -0.092642 
1801 -0.092642 
1619 -0.092642 
1614 -0.092642 
663 -0.092642 
522 -0.092642 
705 -0.092642 
1710 -0.092642 
754 -0.092642 
867 -0.092642 
340 -0.092642 
1754 -0.092642 
1592 -0.099035 
396 -0.099035 
828 -0.099035 
571 -0.099035 
469 -0.099035 
1121 -0.099035 
1579 -0.099035 
1123 -0.099035 
1944 -0.099035 
349 -0.099035 
1609 -0.099035 
1150 -0.099035 
745 -0.099035 
1012 -0.099035 
1136 -0.099035 
1148 -0.099035 
380 -0.099035 
902 -0.099035 
1738 -0.099035 
1943 -0.099035 
897 -0.108216 
740 -0.108216 
692 -0.108216 
391 -0.108216 
438 -0.108216 
1728 -0.108216 
344 -0.108216 
817 -0.108216 
1112 -0.108216 
375 -0.108216 
104 -0.108216 
464 -0.108216 
425 -0.117532 
462 -0.123640 
738 -0.123640 
436 -0.123640 
1785 -0.123640 
895 -0.123640 
389 -0.123640 
1110 -0.123640 
1726 -0.123640 
1587 -0.123640 
815 -0.123640 
690 -0.123640 
1665 -0.123640 
193 -0.126574 
416 -0.126574 
909 -0.126574 
929 -0.126574 
498 -0.126574 
654 -0.126574 
886 -0.126574 
1095 -0.126574 
1053 -0.126574 
875 -0.126574 
480 -0.126574 
366 -0.126574 
1697 -0.126574 
835 -0.126574 
635 -0.126574 
177 -0.126574 
181 -0.126574 
162 -0.126574 
568 -0.131852 
1046 -0.131852 
742 -0.131852 
1048 -0.131852 
393 -0.131852 
1938 -0.131852 
346 -0.131852 
466 -0.131852 
1028 -0.131852 
1735 -0.131852 
1114 -0.131852 
377 -0.131852 
1009 -0.131852 
899 -0.131852 
819 -0.131852 
1589 -0.131852 
1937 -0.131852 
1711 -0.133561 
1620 -0.133561 
1627 -0.133561 
1033 -0.133561 
1635 -0.133561 
868 -0.133561 
1802 -0.133561 
664 -0.133561 
1615 -0.133561 
755 -0.133561 
1612 -0.133561 
136 -0.133561 
1549 -0.133561 
124 -0.133561 
1553 -0.133561 
341 -0.133561 
120 -0.133561 
1564 -0.133561 
1566 -0.133561 
1567 -0.133561 
1568 -0.133561 
1581 -0.133561 
1582 -0.133561 
1583 -0.133561 
706 -0.133561 
1594 -0.133561 
1596 -0.133561 
1597 -0.133561 
1598 -0.133561 
523 -0.133561 
1755 -0.133561 
1611 -0.133561 
1613 -0.133561 
1438 -0.148638 
951 -0.148638 
431 -0.148638 
1432 -0.148638 
430 -0.167517 
1213 -0.172970 
2646 -0.172970 
2645 -0.172970 
860 -0.172970 
331 -0.172970 
473 -0.172970 
497 -0.172970 
515 -0.172970 
563 -0.172970 
613 -0.172970 
698 -0.172970 
785 -0.172970 
2668 -0.172970 
1212 -0.172970 
1205 -0.172970 
1204 -0.172970 
1203 -0.172970 
1202 -0.172970 
1195 -0.172970 
1194 -0.172970 
1193 -0.172970 
1192 -0.172970 
1185 -0.172970 
1184 -0.172970 
2657 -0.172970 
2656 -0.172970 
2658 -0.172970 
2647 -0.172970 
2655 -0.172970 
1602 -0.172970 
1794 -0.172970 
2667 -0.172970 
399 -0.186783 
656 -0.186783 
580 -0.186783 
748 -0.186783 
1015 -0.186783 
1126 -0.186783 
352 -0.186783 
905 -0.186783 
1741 -0.186783 
63 -0.186783 
765 -0.186783 
1080 -0.186783 
1159 -0.194176 
1078 -0.194176 
1750 -0.194176 
2633 -0.194176 
2632 -0.194176 
2631 -0.194176 
1157 -0.194176 
1160 -0.194176 
2665 -0.194176 
2666 -0.194176 
2630 -0.194176 
995 -0.194176 
2629 -0.194176 
1161 -0.194176 
2596 -0.194176 
2628 -0.194176 
1168 -0.194176 
1169 -0.194176 
2624 -0.194176 
2623 -0.194176 
1170 -0.194176 
1171 -0.194176 
2636 -0.194176 
1130 -0.194176 
1117 -0.194176 
1131 -0.194176 
1132 -0.194176 
1133 -0.194176 
2644 -0.194176 
2643 -0.194176 
2642 -0.194176 
2648 -0.194176 
2641 -0.194176 
2652 -0.194176 
2653 -0.194176 
2640 -0.194176 
2664 -0.194176 
2654 -0.194176 
1142 -0.194176 
1143 -0.194176 
1144 -0.194176 
1145 -0.194176 
1146 -0.194176 
1147 -0.194176 
1156 -0.194176 
2635 -0.194176 
1158 -0.194176 
922 -0.194176 
2634 -0.194176 
2595 -0.194176 
718 -0.194176 
2607 -0.194176 
640 -0.194176 
628 -0.194176 
2606 -0.194176 
409 -0.194176 
2597 -0.194176 
2622 -0.194176 
2605 -0.194176 
2598 -0.194176 
2601 -0.194176 
1690 -0.194176 
2591 -0.194176 
2590 -0.194176 
2599 -0.194176 
2589 -0.194176 
2588 -0.194176 
2587 -0.194176 
2580 -0.194176 
2585 -0.194176 
2586 -0.194176 
2600 -0.194176 
2621 -0.194176 
2616 -0.194176 
2617 -0.194176 
2618 -0.194176 
802 -0.194176 
2619 -0.194176 
1183 -0.194176 
2612 -0.194176 
2611 -0.194176 
2610 -0.194176 
1182 -0.194176 
2609 -0.194176 
1173 -0.194176 
1172 -0.194176 
2608 -0.194176 
2620 -0.194176 
143 -0.212912 
1730 -0.212912 
128 -0.212912 
131 -0.212912 
1715 -0.212912 
1622 -0.212912 
1809 -0.212912 
1757 -0.212912 
1713 -0.212912 
1035 -0.212912 
1637 -0.212912 
503 -0.212912 
1700 -0.212912 
666 -0.212912 
708 -0.212912 
763 -0.212912 
2446 -0.251097 
906 -0.251097 
2498 -0.251097 
2497 -0.251097 
2488 -0.251097 
2487 -0.251097 
2479 -0.251097 
2476 -0.251097 
2475 -0.251097 
2466 -0.251097 
2465 -0.251097 
2456 -0.251097 
2455 -0.251097 
2445 -0.251097 
1827 -0.261619 
1 -0.261619 
1651 -0.261619 
717 -0.261619 
56 -0.261619 
60 -0.261619 
675 -0.261619 
542 -0.261619 
71 -0.261619 
453 -0.261619 
29 -0.261619 
31 -0.261619 
8 -0.261619 
9 -0.261619 
28 -0.261619 
11 -0.261619 
13 -0.261619 
1573 -0.261619 
273 -0.261619 
0 -0.261619 
3 -0.261619 
43 -0.261619 
6 -0.261619 
1771 -0.261619 
5 -0.261619 
32 -0.261619 
972 -0.261619 
2 -0.261619 
806 -0.261619 
275 -0.265727 
278 -0.265727 
274 -0.265727 
1515 -0.265727 
1516 -0.265727 
1517 -0.265727 
1518 -0.265727 
1519 -0.265727 
276 -0.265727 
277 -0.265727 
1506 -0.265727 
279 -0.265727 
1514 -0.265727 
1513 -0.265727 
1512 -0.265727 
1511 -0.265727 
1510 -0.265727 
1509 -0.265727 
1508 -0.265727 
1507 -0.265727 
1502 -0.265727 
1532 -0.265727 
265 -0.265727 
264 -0.265727 
263 -0.265727 
261 -0.265727 
260 -0.265727 
1539 -0.265727 
1537 -0.265727 
1535 -0.265727 
251 -0.265727 
1534 -0.265727 
1533 -0.265727 
1520 -0.265727 
247 -0.265727 
1531 -0.265727 
1530 -0.265727 
1529 -0.265727 
1528 -0.265727 
1526 -0.265727 
1524 -0.265727 
1523 -0.265727 
1522 -0.265727 
1521 -0.265727 
307 -0.265727 
289 -0.265727 
290 -0.265727 
1482 -0.265727 
291 -0.265727 
292 -0.265727 
293 -0.265727 
994 -0.265727 
304 -0.265727 
305 -0.265727 
1504 -0.265727 
321 -0.265727 
408 -0.265727 
1689 -0.265727 
444 -0.265727 
627 -0.265727 
639 -0.265727 
1749 -0.265727 
801 -0.265727 
1488 -0.265727 
1505 -0.265727 
1503 -0.265727 
768 -0.265727 
1501 -0.265727 
1500 -0.265727 
1499 -0.265727 
1498 -0.265727 
1497 -0.265727 
1495 -0.265727 
1494 -0.265727 
1496 -0.265727 
1077 -0.265727 
288 -0.265727 
1489 -0.265727 
1490 -0.265727 
1491 -0.265727 
784 -0.270145 
697 -0.270145 
330 -0.270145 
612 -0.270145 
562 -0.270145 
514 -0.270145 
496 -0.270145 
472 -0.270145 
859 -0.270145 
1101 -0.270145 
921 -0.270145 
2594 -0.270145 
2554 -0.270145 
2561 -0.270145 
2562 -0.270145 
2563 -0.270145 
2564 -0.270145 
2570 -0.270145 
2571 -0.270145 
2572 -0.270145 
2573 -0.270145 
2627 -0.270145 
2574 -0.270145 
2593 -0.270145 
2581 -0.270145 
2582 -0.270145 
2592 -0.270145 
1601 -0.270145 
2583 -0.270145 
2584 -0.270145 
2614 -0.270145 
2615 -0.270145 
2604 -0.270145 
2625 -0.270145 
2603 -0.270145 
2613 -0.270145 
2532 -0.270145 
2533 -0.270145 
2553 -0.270145 
2626 -0.270145 
2534 -0.270145 
2542 -0.270145 
2543 -0.270145 
2544 -0.270145 
2551 -0.270145 
2552 -0.270145 
2602 -0.270145 
1783 -0.273137 
813 -0.273137 
1663 -0.273137 
1108 -0.273137 
434 -0.273137 
460 -0.273137 
1585 -0.273137 
736 -0.273137 
1724 -0.273137 
387 -0.273137 
893 -0.273137 
688 -0.273137 
2471 -0.285738 
2460 -0.285738 
2462 -0.285738 
2463 -0.285738 
2464 -0.285738 
823 -0.285738 
2452 -0.285738 
2481 -0.285738 
853 -0.285738 
2454 -0.285738 
2453 -0.285738 
2450 -0.285738 
2449 -0.285738 
2444 -0.285738 
2443 -0.285738 
2442 -0.285738 
822 -0.285738 
2434 -0.285738 
2432 -0.285738 
2433 -0.285738 
1600 -0.285738 
2390 -0.303510 
2381 -0.303510 
593 -0.303510 
2371 -0.303510 
433 -0.303510 
1560 -0.316747 
1874 -0.316747 
1876 -0.316747 
1877 -0.316747 
1879 -0.316747 
810 -0.316747 
1577 -0.316747 
733 -0.316747 
384 -0.316747 
1855 -0.316747 
679 -0.316747 
976 -0.316747 
1536 -0.316747 
546 -0.316747 
1541 -0.316747 
457 -0.316747 
1861 -0.316747 
1854 -0.316747 
1856 -0.316747 
1857 -0.316747 
1858 -0.316747 
299 -0.316747 
1780 -0.316747 
1859 -0.316747 
1660 -0.316747 
1860 -0.316747 
1872 -0.316747 
1862 -0.316747 
1863 -0.316747 
1865 -0.316747 
1871 -0.316747 
1870 -0.316747 
1869 -0.316747 
1868 -0.316747 
1867 -0.316747 
1866 -0.316747 
1864 -0.316747 
55 -0.319145 
18 -0.319145 
34 -0.319145 
35 -0.319145 
67 -0.319145 
66 -0.319145 
50 -0.319145 
541 -0.319145 
730 -0.319145 
54 -0.319145 
37 -0.319145 
1826 -0.319145 
716 -0.319145 
65 -0.319145 
51 -0.319145 
41 -0.319145 
805 -0.319145 
49 -0.319145 
674 -0.319145 
971 -0.319145 
1770 -0.319145 
53 -0.319145 
19 -0.319145 
1650 -0.319145 
12 -0.319145 
26 -0.319145 
1572 -0.319145 
272 -0.319145 
14 -0.319145 
23 -0.319145 
452 -0.319145 
22 -0.319145 
20 -0.319145 
17 -0.319145 
2154 -0.353957 
2155 -0.353957 
2156 -0.353957 
2157 -0.353957 
2158 -0.353957 
1721 -0.353957 
2047 -0.353957 
2046 -0.353957 
2045 -0.353957 
2044 -0.353957 
2043 -0.353957 
2169 -0.353957 
2165 -0.353957 
2166 -0.353957 
2167 -0.353957 
2168 -0.353957 
2136 -0.353957 
2144 -0.353957 
2140 -0.353957 
2137 -0.353957 
2138 -0.353957 
2139 -0.353957 
2056 -0.353957 
2141 -0.353957 
2142 -0.353957 
2143 -0.353957 
2153 -0.353957 
2145 -0.353957 
2146 -0.353957 
536 -0.353957 
2048 -0.353957 
2150 -0.353957 
2151 -0.353957 
2152 -0.353957 
2020 -0.353957 
2031 -0.353957 
2026 -0.353957 
2025 -0.353957 
2024 -0.353957 
2023 -0.353957 
1765 -0.353957 
2022 -0.353957 
2021 -0.353957 
2032 -0.353957 
2019 -0.353957 
1645 -0.353957 
146 -0.353957 
966 -0.353957 
244 -0.353957 
1812 -0.353957 
1038 -0.353957 
2170 -0.353957 
711 -0.353957 
2033 -0.353957 
2034 -0.353957 
2035 -0.353957 
2036 -0.353957 
2182 -0.353957 
2181 -0.353957 
2180 -0.353957 
2179 -0.353957 
2178 -0.353957 
2177 -0.353957 
2037 -0.353957 
669 -0.353957 
2038 -0.353957 
447 -0.353957 
2087 -0.353957 
2077 -0.353957 
2051 -0.353957 
2050 -0.353957 
2049 -0.353957 
2081 -0.353957 
2082 -0.353957 
2083 -0.353957 
2084 -0.353957 
2085 -0.353957 
2086 -0.353957 
2076 -0.353957 
2088 -0.353957 
2089 -0.353957 
2090 -0.353957 
2091 -0.353957 
2092 -0.353957 
2135 -0.353957 
2094 -0.353957 
2095 -0.353957 
2096 -0.353957 
2055 -0.353957 
2057 -0.353957 
2058 -0.353957 
2059 -0.353957 
2060 -0.353957 
2061 -0.353957 
2062 -0.353957 
2063 -0.353957 
2064 -0.353957 
2065 -0.353957 
2093 -0.353957 
2053 -0.353957 
2052 -0.353957 
2069 -0.353957 
2070 -0.353957 
2071 -0.353957 
2072 -0.353957 
2073 -0.353957 
2074 -0.353957 
2075 -0.353957 
2124 -0.353957 
2114 -0.353957 
2115 -0.353957 
2097 -0.353957 
2117 -0.353957 
2118 -0.353957 
2119 -0.353957 
2120 -0.353957 
2121 -0.353957 
2122 -0.353957 
2123 -0.353957 
2116 -0.353957 
2125 -0.353957 
2126 -0.353957 
2127 -0.353957 
2128 -0.353957 
2129 -0.353957 
2130 -0.353957 
2131 -0.353957 
2132 -0.353957 
2133 -0.353957 
2134 -0.353957 
2109 -0.353957 
2104 -0.353957 
2105 -0.353957 
2106 -0.353957 
2103 -0.353957 
2102 -0.353957 
2107 -0.353957 
2108 -0.353957 
2101 -0.353957 
2110 -0.353957 
2100 -0.353957 
2099 -0.353957 
2111 -0.353957 
2098 -0.353957 
2113 -0.353957 
2112 -0.353957 
662 -0.358891 
1031 -0.358891 
704 -0.358891 
521 -0.358891 
866 -0.358891 
118 -0.358891 
1806 -0.358891 
339 -0.358891 
1805 -0.358891 
753 -0.358891 
1800 -0.358891 
1791 -0.358891 
1633 -0.358891 
1709 -0.358891 
1789 -0.358891 
1776 -0.358891 
1753 -0.358891 
1618 -0.358891 
1608 -0.358891 
76 -0.363919 
1017 -0.363919 
1088 -0.363919 
401 -0.363919 
960 -0.363919 
958 -0.363919 
936 -0.363919 
354 -0.363919 
913 -0.363919 
1933 -0.363919 
1934 -0.363919 
1102 -0.363919 
582 -0.363919 
1103 -0.363919 
1105 -0.363919 
1745 -0.363919 
1743 -0.363919 
1744 -0.363919 
1128 -0.363919 
2679 -0.384884 
1453 -0.384884 
2680 -0.384884 
2681 -0.384884 
1456 -0.384884 
2699 -0.384884 
2698 -0.384884 
2682 -0.384884 
2683 -0.384884 
2684 -0.384884 
2685 -0.384884 
2697 -0.384884 
2669 -0.384884 
2678 -0.384884 
1459 -0.384884 
2700 -0.384884 
1461 -0.384884 
2677 -0.384884 
1218 -0.384884 
2676 -0.384884 
1464 -0.384884 
2675 -0.384884 
2674 -0.384884 
2673 -0.384884 
2672 -0.384884 
2671 -0.384884 
1469 -0.384884 
2670 -0.384884 
1445 -0.384884 
2695 -0.384884 
1426 -0.384884 
1433 -0.384884 
1434 -0.384884 
1435 -0.384884 
1437 -0.384884 
1439 -0.384884 
2694 -0.384884 
1440 -0.384884 
1441 -0.384884 
2693 -0.384884 
1442 -0.384884 
1443 -0.384884 
1444 -0.384884 
1452 -0.384884 
2692 -0.384884 
2701 -0.384884 
2691 -0.384884 
1446 -0.384884 
1448 -0.384884 
1450 -0.384884 
2690 -0.384884 
2689 -0.384884 
2688 -0.384884 
2687 -0.384884 
2686 -0.384884 
1451 -0.384884 
2696 -0.384884 
2650 -0.384884 
2761 -0.384884 
2762 -0.384884 
2763 -0.384884 
2764 -0.384884 
2765 -0.384884 
2766 -0.384884 
2772 -0.384884 
2773 -0.384884 
2774 -0.384884 
2775 -0.384884 
2776 -0.384884 
203 -0.384884 
199 -0.384884 
2777 -0.384884 
2760 -0.384884 
2649 -0.384884 
187 -0.384884 
184 -0.384884 
2778 -0.384884 
2784 -0.384884 
2785 -0.384884 
2786 -0.384884 
2787 -0.384884 
2788 -0.384884 
2789 -0.384884 
2637 -0.384884 
2638 -0.384884 
2639 -0.384884 
2790 -0.384884 
2741 -0.384884 
2662 -0.384884 
2661 -0.384884 
2737 -0.384884 
1956 -0.384884 
1955 -0.384884 
1954 -0.384884 
1953 -0.384884 
1952 -0.384884 
1951 -0.384884 
2660 -0.384884 
2659 -0.384884 
2738 -0.384884 
2739 -0.384884 
2740 -0.384884 
2663 -0.384884 
2742 -0.384884 
2746 -0.384884 
2747 -0.384884 
2748 -0.384884 
2749 -0.384884 
2750 -0.384884 
2651 -0.384884 
2751 -0.384884 
2752 -0.384884 
2753 -0.384884 
2754 -0.384884 
2758 -0.384884 
2759 -0.384884 
987 -0.384884 
2729 -0.384884 
1232 -0.384884 
2730 -0.384884 
2717 -0.384884 
2731 -0.384884 
1231 -0.384884 
1230 -0.384884 
1229 -0.384884 
1228 -0.384884 
2718 -0.384884 
2716 -0.384884 
1227 -0.384884 
2732 -0.384884 
1007 -0.384884 
2715 -0.384884 
2714 -0.384884 
2713 -0.384884 
2712 -0.384884 
1225 -0.384884 
1235 -0.384884 
1243 -0.384884 
2720 -0.384884 
1242 -0.384884 
1241 -0.384884 
1240 -0.384884 
1239 -0.384884 
1238 -0.384884 
1237 -0.384884 
1236 -0.384884 
1226 -0.384884 
2723 -0.384884 
2719 -0.384884 
1234 -0.384884 
2724 -0.384884 
2725 -0.384884 
2726 -0.384884 
2727 -0.384884 
2728 -0.384884 
1233 -0.384884 
1207 -0.384884 
2735 -0.384884 
1224 -0.384884 
1220 -0.384884 
2736 -0.384884 
1180 -0.384884 
2708 -0.384884 
2707 -0.384884 
1187 -0.384884 
2706 -0.384884 
1200 -0.384884 
1201 -0.384884 
1221 -0.384884 
1209 -0.384884 
1210 -0.384884 
1211 -0.384884 
2705 -0.384884 
2704 -0.384884 
2703 -0.384884 
1215 -0.384884 
2702 -0.384884 
1217 -0.384884 
1219 -0.384884 
1222 -0.384884 
1070 -0.384884 
2709 -0.384884 
2710 -0.384884 
1085 -0.384884 
2711 -0.384884 
1223 -0.384884 
1023 -0.402622 
1606 -0.402622 
1569 -0.402622 
1798 -0.402622 
1556 -0.402622 
1394 -0.402622 
206 -0.402622 
1555 -0.402622 
194 -0.402622 
1554 -0.402622 
864 -0.402622 
178 -0.402622 
1616 -0.402622 
166 -0.402622 
153 -0.402622 
152 -0.402622 
918 -0.402622 
920 -0.402622 
1631 -0.402622 
1392 -0.402622 
1386 -0.402622 
519 -0.402622 
1387 -0.402622 
751 -0.402622 
1388 -0.402622 
1390 -0.402622 
1370 -0.402622 
1395 -0.402622 
1371 -0.402622 
1391 -0.402622 
337 -0.402622 
1403 -0.402622 
1365 -0.402622 
1366 -0.402622 
1396 -0.402622 
660 -0.402622 
1397 -0.402622 
1380 -0.402622 
1363 -0.402622 
1382 -0.402622 
702 -0.402622 
1384 -0.402622 
1381 -0.402622 
1372 -0.402622 
1379 -0.402622 
1378 -0.402622 
1358 -0.402622 
477 -0.402622 
1377 -0.402622 
1373 -0.402622 
1393 -0.402622 
1457 -0.405154 
432 -0.405154 
1449 -0.405154 
1447 -0.405154 
1458 -0.405154 
1460 -0.405154 
1454 -0.405154 
1455 -0.405154 
1472 -0.405154 
1465 -0.405154 
1476 -0.405154 
1475 -0.405154 
1474 -0.405154 
1480 -0.405154 
1473 -0.405154 
1481 -0.405154 
1483 -0.405154 
1484 -0.405154 
1485 -0.405154 
1479 -0.405154 
1486 -0.405154 
1471 -0.405154 
1470 -0.405154 
1487 -0.405154 
1492 -0.405154 
1477 -0.405154 
1493 -0.405154 
1463 -0.405154 
1462 -0.405154 
1466 -0.405154 
1467 -0.405154 
1478 -0.405154 
1468 -0.405154 
939 -0.422154 
370 -0.422154 
1787 -0.422154 
484 -0.422154 
420 -0.422154 
213 -0.422154 
1057 -0.422154 
201 -0.422154 
198 -0.422154 
772 -0.422154 
839 -0.422154 
550 -0.422154 
1141 -0.422154 
1099 -0.422154 
890 -0.422154 
2555 -0.428208 
2558 -0.428208 
2556 -0.428208 
2557 -0.428208 
2530 -0.428208 
2559 -0.428208 
1100 -0.428208 
1064 -0.428208 
1024 -0.428208 
2565 -0.428208 
2566 -0.428208 
2569 -0.428208 
1025 -0.428208 
2575 -0.428208 
2576 -0.428208 
1045 -0.428208 
1044 -0.428208 
2545 -0.428208 
2525 -0.428208 
2539 -0.428208 
2536 -0.428208 
2540 -0.428208 
1065 -0.428208 
2535 -0.428208 
2526 -0.428208 
2546 -0.428208 
2547 -0.428208 
2548 -0.428208 
1082 -0.428208 
2549 -0.428208 
2550 -0.428208 
2529 -0.428208 
2477 -0.434255 
852 -0.434255 
322 -0.434255 
1599 -0.434255 
2459 -0.434255 
2478 -0.434255 
2467 -0.434255 
2468 -0.434255 
685 -0.439965 
1109 -0.439965 
1725 -0.439965 
1784 -0.439965 
1664 -0.439965 
687 -0.439965 
724 -0.439965 
461 -0.439965 
1586 -0.439965 
435 -0.439965 
814 -0.439965 
388 -0.439965 
1926 -0.439965 
737 -0.439965 
689 -0.439965 
894 -0.439965 
1636 -0.446212 
1699 -0.446212 
126 -0.446212 
342 -0.446212 
1712 -0.446212 
762 -0.446212 
1729 -0.446212 
665 -0.446212 
1756 -0.446212 
1803 -0.446212 
1034 -0.446212 
130 -0.446212 
141 -0.446212 
707 -0.446212 
1621 -0.446212 
2515 -0.450839 
2528 -0.450839 
2538 -0.450839 
2510 -0.450839 
2509 -0.450839 
980 -0.450839 
981 -0.450839 
2506 -0.450839 
1002 -0.450839 
2505 -0.450839 
2496 -0.450839 
2495 -0.450839 
2486 -0.450839 
2485 -0.450839 
2527 -0.450839 
2516 -0.450839 
2537 -0.450839 
2519 -0.450839 
491 -0.452142 
619 -0.452142 
109 -0.452142 
1677 -0.452142 
97 -0.452142 
848 -0.452142 
95 -0.452142 
94 -0.452142 
557 -0.452142 
779 -0.452142 
325 -0.452142 
93 -0.452142 
946 -0.452142 
509 -0.452142 
83 -0.452142 
82 -0.452142 
530 -0.452142 
81 -0.452142 
69 -0.452142 
2328 -0.458533 
2338 -0.458533 
865 -0.458533 
1030 -0.458533 
1799 -0.458533 
1632 -0.458533 
1752 -0.458533 
1617 -0.458533 
1607 -0.458533 
1839 -0.458533 
752 -0.458533 
2327 -0.458533 
1708 -0.458533 
2337 -0.458533 
2339 -0.458533 
520 -0.458533 
105 -0.458533 
703 -0.458533 
600 -0.458533 
2347 -0.458533 
2348 -0.458533 
2349 -0.458533 
2357 -0.458533 
2358 -0.458533 
661 -0.458533 
338 -0.458533 
426 -0.463333 
2795 -0.464216 
2791 -0.464216 
2792 -0.464216 
2793 -0.464216 
2794 -0.464216 
1691 -0.464216 
2796 -0.464216 
2771 -0.464216 
1908 -0.464216 
1907 -0.464216 
1906 -0.464216 
1905 -0.464216 
1904 -0.464216 
1903 -0.464216 
1902 -0.464216 
1901 -0.464216 
2767 -0.464216 
2768 -0.464216 
2769 -0.464216 
2770 -0.464216 
1751 -0.464216 
1900 -0.464216 
1897 -0.464216 
1896 -0.464216 
1895 -0.464216 
1890 -0.464216 
2779 -0.464216 
2780 -0.464216 
2781 -0.464216 
2782 -0.464216 
2783 -0.464216 
2799 -0.464216 
2838 -0.464216 
2825 -0.464216 
2826 -0.464216 
2827 -0.464216 
2828 -0.464216 
2829 -0.464216 
2830 -0.464216 
2831 -0.464216 
2832 -0.464216 
2833 -0.464216 
2834 -0.464216 
2835 -0.464216 
2836 -0.464216 
2837 -0.464216 
2824 -0.464216 
2839 -0.464216 
2840 -0.464216 
2841 -0.464216 
2842 -0.464216 
2843 -0.464216 
2844 -0.464216 
2845 -0.464216 
2846 -0.464216 
2847 -0.464216 
2848 -0.464216 
2849 -0.464216 
2850 -0.464216 
2811 -0.464216 
2798 -0.464216 
1916 -0.464216 
2800 -0.464216 
2801 -0.464216 
2802 -0.464216 
2803 -0.464216 
2804 -0.464216 
2805 -0.464216 
2806 -0.464216 
2807 -0.464216 
2808 -0.464216 
2809 -0.464216 
2810 -0.464216 
2797 -0.464216 
2812 -0.464216 
2813 -0.464216 
2814 -0.464216 
2815 -0.464216 
2816 -0.464216 
2817 -0.464216 
2818 -0.464216 
2819 -0.464216 
2820 -0.464216 
2821 -0.464216 
2822 -0.464216 
2823 -0.464216 
604 -0.464216 
295 -0.464216 
296 -0.464216 
297 -0.464216 
308 -0.464216 
310 -0.464216 
410 -0.464216 
602 -0.464216 
603 -0.464216 
294 -0.464216 
605 -0.464216 
629 -0.464216 
644 -0.464216 
646 -0.464216 
648 -0.464216 
719 -0.464216 
803 -0.464216 
270 -0.464216 
252 -0.464216 
254 -0.464216 
256 -0.464216 
257 -0.464216 
266 -0.464216 
267 -0.464216 
268 -0.464216 
269 -0.464216 
2757 -0.464216 
271 -0.464216 
280 -0.464216 
281 -0.464216 
282 -0.464216 
283 -0.464216 
284 -0.464216 
285 -0.464216 
2745 -0.464216 
1910 -0.464216 
1911 -0.464216 
1912 -0.464216 
1913 -0.464216 
1914 -0.464216 
1915 -0.464216 
1917 -0.464216 
1918 -0.464216 
2755 -0.464216 
1957 -0.464216 
1924 -0.464216 
1923 -0.464216 
1922 -0.464216 
1921 -0.464216 
1920 -0.464216 
1919 -0.464216 
2744 -0.464216 
869 -0.464216 
1909 -0.464216 
996 -0.464216 
2756 -0.464216 
923 -0.464216 
930 -0.476223 
176 -0.476223 
769 -0.476223 
876 -0.476223 
883 -0.476223 
885 -0.476223 
887 -0.476223 
180 -0.476223 
1138 -0.476223 
911 -0.476223 
1096 -0.476223 
836 -0.476223 
547 -0.476223 
481 -0.476223 
188 -0.476223 
192 -0.476223 
367 -0.476223 
1054 -0.476223 
417 -0.476223 
2448 -0.494828 
2458 -0.494828 
2457 -0.494828 
317 -0.494828 
2447 -0.494828 
2439 -0.494828 
2436 -0.494828 
2435 -0.494828 
360 -0.494828 
2426 -0.494828 
2425 -0.494828 
2416 -0.494828 
2415 -0.494828 
2406 -0.494828 
2405 -0.494828 
607 -0.494828 
790 -0.494828 
