2132 1
0 2.354057 
1 -0.438612 
2 -1.269552 
3 -0.091027 
4 -1.790722 
5 -0.800694 
6 0.528638 
7 -2.363931 
8 -1.716856 
9 -0.571667 
10 0.711727 
11 -2.379870 
12 -2.502502 
13 -1.584179 
14 -0.159711 
15 1.044738 
16 -1.890930 
17 -1.636709 
18 -1.350138 
19 -0.777806 
20 0.064524 
21 1.132206 
22 -1.974475 
23 -2.034599 
24 -2.234267 
25 -1.826528 
26 -0.906799 
27 0.475337 
28 1.228232 
29 -1.548362 
30 -1.582901 
31 -1.774427 
32 -2.414684 
33 -1.726407 
34 -0.699784 
35 0.585946 
36 1.846274 
37 -0.987709 
38 -1.347420 
39 -1.869383 
40 -1.901998 
41 -1.977169 
42 -1.323461 
43 -0.526382 
44 0.959923 
45 2.718860 
46 0.664627 
47 -0.154128 
48 -0.748337 
49 -1.459150 
50 -1.897853 
51 -1.714524 
52 -1.866868 
53 -0.486913 
54 1.063755 
55 2.125592 
56 2.114785 
57 1.748761 
58 0.305627 
59 -1.447011 
60 -1.514505 
61 -1.654265 
62 -1.797636 
63 -1.170505 
64 0.173003 
65 0.488488 
66 0.972272 
67 2.897598 
68 2.726440 
69 0.993866 
70 -0.333028 
71 -1.300916 
72 -1.429238 
73 -1.901596 
74 -1.655102 
75 -0.881539 
76 -0.604476 
77 0.005090 
78 0.749847 
79 3.087335 
80 2.665207 
81 1.378759 
82 0.545277 
83 -0.275435 
84 -0.995406 
85 -1.384899 
86 -1.935336 
87 -1.540560 
88 -2.921185 
89 -1.326540 
90 -0.268113 
91 0.679886 
92 1.449575 
93 1.896554 
94 1.445780 
95 0.839462 
96 0.524429 
97 -0.705476 
98 -1.563624 
99 -2.747746 
100 -1.852193 
101 -1.671896 
102 -1.366812 
103 -0.947672 
104 -0.627783 
105 0.467684 
106 1.668435 
107 2.473291 
108 2.590028 
109 1.508190 
110 0.792903 
111 0.118523 
112 -0.495927 
113 -1.105504 
114 -1.878066 
115 -2.075790 
116 -2.341029 
117 -1.706523 
118 -1.078336 
119 -0.295038 
120 0.271287 
121 1.537761 
122 1.564252 
123 1.914611 
124 2.817141 
125 1.364051 
126 0.581240 
127 -0.127431 
128 -1.065042 
129 -1.393556 
130 -1.685978 
131 -1.777659 
132 -2.265517 
133 -1.791889 
134 -1.165306 
135 -0.163490 
136 0.814885 
137 1.802208 
138 1.612476 
139 1.616055 
140 2.006647 
141 1.890158 
142 1.291836 
143 0.523764 
144 -0.479418 
145 -1.237801 
146 -1.809893 
147 -2.033977 
148 -1.957517 
149 -1.707846 
150 -1.388633 
151 -0.678359 
152 0.352561 
153 1.348471 
154 1.966805 
155 1.786387 
156 1.478071 
157 1.491046 
158 1.533993 
159 1.289967 
160 1.699602 
161 0.122989 
162 -1.327856 
163 -2.247363 
164 -1.544276 
165 -1.559415 
166 -1.507783 
167 -1.194860 
168 -1.599647 
169 -0.190004 
170 1.215832 
171 2.298285 
172 1.477441 
173 1.510864 
174 1.451921 
175 1.430696 
176 1.802351 
177 1.796152 
178 1.540230 
179 0.671721 
180 -0.299313 
181 -1.113787 
182 -1.778571 
183 -2.188353 
184 -1.943695 
185 -1.746110 
186 -1.297553 
187 -0.681151 
188 0.359966 
189 1.344176 
190 1.976850 
191 1.826546 
192 1.513105 
193 1.382551 
194 1.293895 
195 1.546259 
196 1.914274 
197 1.859591 
198 1.303371 
199 0.430344 
200 -0.348136 
201 -1.210202 
202 -1.792072 
203 -2.143980 
204 -2.065108 
205 -1.810932 
206 -1.224413 
207 -0.419259 
208 0.622153 
209 1.723814 
210 2.463476 
211 0.071757 
212 1.127599 
213 0.861899 
214 1.710799 
215 2.140314 
216 0.942017 
217 1.568186 
218 1.799412 
219 1.564281 
220 0.760525 
221 1.493001 
222 1.794848 
223 1.715570 
224 2.163964 
225 0.637539 
226 1.500727 
227 1.576898 
228 2.163227 
229 1.818844 
230 1.107558 
231 0.213434 
232 1.757383 
233 1.620634 
234 1.303951 
235 1.103074 
236 0.669020 
237 0.008994 
238 -0.620999 
239 2.882335 
240 2.319078 
241 1.503394 
242 1.010968 
243 0.340223 
244 -0.367542 
245 -0.960281 
246 -0.948747 
247 2.640822 
248 2.249223 
249 1.619803 
250 0.993400 
251 0.243419 
252 -0.726307 
253 -1.600426 
254 -2.187197 
255 -1.418205 
256 1.590469 
257 1.789840 
258 1.633144 
259 0.981658 
260 0.859879 
261 -0.375249 
262 -1.800010 
263 -2.355640 
264 -1.791801 
265 -0.780679 
266 1.482164 
267 1.942367 
268 2.286586 
269 1.790123 
270 0.936993 
271 0.050409 
272 -1.100573 
273 -1.791522 
274 -1.952236 
275 -1.291198 
276 -0.155257 
277 1.292168 
278 1.660750 
279 2.023564 
280 2.389316 
281 1.622841 
282 0.664059 
283 -0.626943 
284 -1.499325 
285 -1.833425 
286 -1.677276 
287 -0.959160 
288 -0.115710 
289 1.284241 
290 1.762154 
291 2.053529 
292 2.377307 
293 1.675758 
294 0.795631 
295 -0.255925 
296 -1.023272 
297 -1.572286 
298 -1.761803 
299 -1.554665 
300 -1.438322 
301 -0.235457 
302 1.432748 
303 2.267494 
304 1.567139 
305 1.527073 
306 1.802594 
307 0.855135 
308 0.191539 
309 -1.027405 
310 -1.860827 
311 -2.287174 
312 -2.072128 
313 -1.851209 
314 -1.279996 
315 -0.393009 
316 1.232047 
317 1.422595 
318 1.561944 
319 1.689408 
320 2.565225 
321 1.528197 
322 0.610249 
323 -0.455122 
324 -1.015795 
325 -1.525328 
326 -1.796232 
327 -1.652768 
328 -2.381457 
329 -1.053371 
330 -0.410466 
331 1.813451 
332 1.152837 
333 1.512486 
334 1.762672 
335 1.401790 
336 2.767761 
337 1.032350 
338 -0.218938 
339 -1.143934 
340 -1.279426 
341 -1.441963 
342 -1.620472 
343 -1.459409 
344 -1.986810 
345 -1.080156 
346 -0.595135 
347 2.050445 
348 1.415420 
349 1.414860 
350 1.402165 
351 1.569670 
352 2.804357 
353 1.278140 
354 0.224510 
355 -0.757103 
356 -1.088348 
357 -1.424196 
358 -1.688650 
359 -1.654568 
360 -2.238329 
361 -1.572780 
362 -1.244554 
363 -0.922146 
364 1.451687 
365 1.503491 
366 1.477007 
367 1.338055 
368 1.890229 
369 1.777821 
370 1.445255 
371 0.326953 
372 -0.531074 
373 -1.248538 
374 -1.829250 
375 -2.179990 
376 -1.703331 
377 -1.545568 
378 -1.357453 
379 -1.210629 
380 -1.255827 
381 -1.231028 
382 1.851816 
383 1.632122 
384 1.473858 
385 1.359185 
386 1.406096 
387 1.637397 
388 2.331770 
389 1.383837 
390 -0.103215 
391 -1.542929 
392 -1.352766 
393 -1.600834 
394 -1.514307 
395 -1.570953 
396 -1.586185 
397 -1.590192 
398 -1.388954 
399 -1.436680 
400 -1.666664 
401 1.596710 
402 1.400571 
403 1.319444 
404 1.422857 
405 1.451084 
406 1.517070 
407 1.471554 
408 2.104063 
409 0.564805 
410 -1.080209 
411 -1.927536 
412 -1.407166 
413 -1.514520 
414 -1.541716 
415 -1.434677 
416 -1.486556 
417 -1.506377 
418 -1.420672 
419 -1.488303 
420 -2.835083 
421 -0.123312 
422 -0.029867 
423 -1.233890 
424 0.506402 
425 -1.468336 
426 -2.666997 
427 0.358039 
428 -0.854479 
429 -1.781174 
430 -2.298401 
431 -0.077946 
432 -0.677838 
433 -1.311576 
434 -1.842188 
435 -1.817356 
436 -0.784333 
437 -1.073649 
438 -1.658869 
439 -2.314692 
440 -1.908041 
441 -2.025538 
442 -0.795756 
443 -0.884774 
444 -1.064969 
445 -1.232679 
446 -1.584710 
447 -2.015129 
448 -2.966648 
449 -0.624893 
450 -0.609117 
451 -0.770249 
452 -1.001069 
453 -1.278248 
454 -1.601544 
455 -1.820285 
456 -3.212709 
457 -0.327933 
458 -0.205849 
459 -0.351272 
460 -0.925663 
461 -1.312498 
462 -1.651848 
463 -1.936966 
464 -1.941758 
465 -2.284850 
466 0.094190 
467 0.284955 
468 0.487447 
469 -0.457291 
470 -1.607583 
471 -2.760195 
472 -1.297188 
473 -1.388838 
474 -1.342753 
475 -1.669883 
476 1.076023 
477 1.889039 
478 2.125976 
479 0.768106 
480 -0.159622 
481 -1.155672 
482 -1.774382 
483 -2.265415 
484 -1.735766 
485 -1.606769 
486 -1.746033 
487 0.293527 
488 1.941039 
489 1.986547 
490 1.344667 
491 0.279599 
492 -0.710387 
493 -1.285747 
494 -1.780719 
495 -1.938569 
496 -1.563764 
497 -1.820478 
498 -1.768314 
499 0.405768 
500 1.422041 
501 2.004455 
502 1.662391 
503 0.800557 
504 -0.177888 
505 -0.988402 
506 -1.813963 
507 -2.364384 
508 -1.327031 
509 -1.274958 
510 -1.550696 
511 -1.588830 
512 0.888655 
513 1.184659 
514 1.803533 
515 1.884533 
516 2.023382 
517 0.856069 
518 -0.804959 
519 -2.018820 
520 -1.590205 
521 -1.507576 
522 -1.381908 
523 -1.514483 
524 -1.875407 
525 -2.175565 
526 0.147277 
527 0.995173 
528 1.444716 
529 1.694947 
530 1.599743 
531 1.229660 
532 0.468696 
533 -0.984119 
534 -2.013726 
535 -2.081816 
536 -1.157076 
537 -1.353828 
538 -1.564918 
539 -1.893540 
540 -2.651615 
541 -0.506108 
542 0.579069 
543 1.368299 
544 1.530009 
545 1.705281 
546 1.703931 
547 1.052802 
548 0.871848 
549 -1.144818 
550 -1.909005 
551 -1.717338 
552 -0.549523 
553 -1.060416 
554 -1.735349 
555 -2.157115 
556 -2.721117 
557 -1.069996 
558 -0.202761 
559 0.963497 
560 1.142646 
561 1.486725 
562 1.806461 
563 1.580225 
564 2.673000 
565 1.380507 
566 0.228687 
567 0.606554 
568 0.754079 
569 -0.325519 
570 -1.607448 
571 -2.580060 
572 -1.755129 
573 -1.762820 
574 -1.573739 
575 -0.813036 
576 0.713479 
577 1.024413 
578 1.614314 
579 2.453293 
580 2.058312 
581 1.654120 
582 1.103710 
583 0.710977 
584 2.375530 
585 1.638607 
586 1.182163 
587 -0.482198 
588 -0.773148 
589 -1.408667 
590 -1.801425 
591 -1.816530 
592 -2.711207 
593 -1.359729 
594 -0.698501 
595 -0.001214 
596 0.503820 
597 1.030363 
598 1.850835 
599 2.084204 
600 1.809653 
601 1.319044 
602 1.361969 
603 1.450487 
604 2.593807 
605 0.991997 
606 -0.330594 
607 -1.437201 
608 -1.033679 
609 -1.376332 
610 -1.630724 
611 -1.800125 
612 -2.621391 
613 -1.475150 
614 -0.890417 
615 -0.171779 
616 0.191795 
617 1.130069 
618 1.978290 
619 1.971301 
620 1.456237 
621 1.381668 
622 1.442192 
623 1.538457 
624 2.777115 
625 0.848160 
626 -0.235707 
627 -1.170313 
628 -1.429106 
629 -1.805525 
630 -1.893837 
631 -0.678852 
632 -1.569249 
633 -1.108678 
634 -1.813642 
635 -1.484751 
636 -1.322806 
637 -1.860935 
638 -1.457990 
639 -1.255775 
640 -1.428847 
641 -1.618196 
642 -1.435447 
643 -1.400060 
644 -1.294288 
645 -1.234235 
646 -1.848971 
647 -1.513106 
648 -1.779569 
649 -1.641241 
650 -1.481894 
651 -1.360078 
652 -2.281019 
653 -1.587900 
654 -0.997672 
655 -0.894687 
656 -0.548181 
657 -0.629821 
658 -0.782907 
659 -2.814826 
660 -2.439106 
661 -1.591535 
662 -0.871506 
663 -0.281184 
664 0.531921 
665 0.182050 
666 -0.304341 
667 -3.013189 
668 -2.460871 
669 -1.519207 
670 -0.711868 
671 0.117908 
672 2.087363 
673 1.934634 
674 1.178865 
675 -0.182315 
676 -1.811430 
677 -1.738468 
678 -1.504296 
679 -0.497918 
680 0.345110 
681 1.365416 
682 2.056582 
683 1.685566 
684 0.642560 
685 -0.435455 
686 -2.053456 
687 -2.091780 
688 -2.390630 
689 -1.023715 
690 0.176955 
691 1.584636 
692 2.015252 
693 2.032765 
694 1.109453 
695 0.243756 
696 -0.643869 
697 -1.847791 
698 -1.793140 
699 -1.395780 
700 -1.525478 
701 0.073098 
702 1.559750 
703 2.252964 
704 2.861800 
705 1.187197 
706 0.463896 
707 -0.436798 
708 -0.831706 
709 -1.992321 
710 -1.658221 
711 -1.260996 
712 -1.465559 
713 -0.206817 
714 1.100475 
715 2.498005 
716 2.861893 
717 1.187935 
718 0.348581 
719 -0.332125 
720 -0.868491 
721 -1.185740 
722 -2.097793 
723 -1.471194 
724 -2.802778 
725 -1.416101 
726 -0.495878 
727 1.063316 
728 1.738503 
729 1.968582 
730 1.357839 
731 0.325164 
732 -0.508339 
733 -1.080273 
734 -1.835775 
735 -2.313406 
736 -2.236159 
737 -1.465654 
738 -1.137363 
739 -0.644730 
740 -0.367175 
741 0.661944 
742 1.690457 
743 2.478635 
744 2.167898 
745 0.653005 
746 -0.762221 
747 -2.060577 
748 -1.384598 
749 -1.278909 
750 -1.419522 
751 -1.758724 
752 -2.602849 
753 -1.613361 
754 -0.852066 
755 -0.172223 
756 0.684797 
757 1.359020 
758 2.196311 
759 1.443301 
760 0.918389 
761 -0.493291 
762 -1.576512 
763 -2.552888 
764 -1.590184 
765 -1.444840 
766 -1.273953 
767 -1.597819 
768 -2.302951 
769 -1.851083 
770 -0.973939 
771 -0.102944 
772 0.870811 
773 1.402468 
774 1.850183 
775 1.805391 
776 1.531026 
777 -0.024783 
778 -1.453512 
779 -2.239352 
780 -1.764469 
781 -1.712132 
782 -1.273111 
783 -1.229378 
784 -1.884103 
785 -1.605753 
786 -1.779648 
787 -0.565504 
788 0.532401 
789 1.188838 
790 1.725347 
791 2.047984 
792 2.441216 
793 1.504759 
794 0.487809 
795 -1.089596 
796 -1.478439 
797 -1.666929 
798 -1.525636 
799 -1.403100 
800 -1.484227 
801 -0.767568 
802 -1.947937 
803 -1.731050 
804 -1.426669 
805 -0.468257 
806 1.152550 
807 2.357928 
808 1.511634 
809 1.622486 
810 1.463298 
811 1.306138 
812 0.950208 
813 -0.323919 
814 -1.641553 
815 -2.437343 
816 -1.939521 
817 -1.737589 
818 -1.322259 
819 -0.776957 
820 0.298065 
821 -2.519964 
822 -1.587574 
823 -0.614432 
824 0.338261 
825 1.074548 
826 1.827327 
827 2.181622 
828 1.820291 
829 1.624810 
830 1.457622 
831 0.896811 
832 -0.066677 
833 -0.602177 
834 -1.709865 
835 -2.557792 
836 -2.355813 
837 -1.701963 
838 -1.019127 
839 -0.218744 
840 0.988267 
841 -0.967047 
842 -2.284680 
843 -1.710898 
844 -1.598479 
845 -1.471151 
846 -1.524452 
847 -1.399945 
848 -1.429685 
849 -1.583072 
850 -1.694060 
851 -1.275727 
852 -1.277328 
853 -1.346161 
854 -1.544448 
855 -1.693365 
856 -1.032510 
857 -1.372241 
858 -1.598949 
859 -2.023751 
860 -1.796428 
861 -2.142656 
862 -0.577280 
863 -1.048081 
864 -1.206682 
865 -1.371523 
866 -1.557848 
867 -1.669140 
868 -2.482724 
869 -0.662666 
870 -1.053062 
871 -1.429898 
872 -1.343190 
873 -1.417186 
874 -1.469173 
875 -1.586692 
876 -2.216433 
877 -0.775701 
878 -1.244251 
879 -1.713669 
880 -1.413707 
881 -1.392264 
882 -1.489296 
883 -1.434793 
884 -2.181663 
885 -1.296602 
886 -1.060872 
887 -1.441662 
888 -1.384352 
889 -1.540336 
890 -1.546473 
891 -1.499764 
892 -2.121439 
893 -1.829620 
894 -1.204173 
895 -0.450697 
896 -1.550735 
897 -1.408766 
898 -1.521503 
899 -1.653946 
900 -1.412998 
901 -1.536861 
902 -1.509322 
903 -1.465289 
904 -2.104577 
905 -0.885282 
906 0.592590 
907 -2.074043 
908 -1.505953 
909 -1.492651 
910 -1.497558 
911 -1.442153 
912 -1.397989 
913 -1.420818 
914 -1.550716 
915 -1.475497 
916 -1.386852 
917 0.016526 
918 1.554594 
919 -2.298764 
920 -1.595994 
921 -1.536536 
922 -1.426730 
923 -1.345307 
924 -1.354156 
925 -1.433090 
926 -1.503356 
927 -1.565471 
928 -2.336381 
929 -1.091271 
930 0.477561 
931 1.861882 
932 -1.670404 
933 -1.353786 
934 -1.488446 
935 -1.372010 
936 -1.424685 
937 -1.442463 
938 -1.539051 
939 -1.468550 
940 -1.755353 
941 -1.789528 
942 -1.620389 
943 -0.719455 
944 0.303884 
945 1.544051 
946 -1.886309 
947 -1.871075 
948 -1.452469 
949 -1.493489 
950 -1.472424 
951 -1.527379 
952 -1.406101 
953 -1.410092 
954 -1.451677 
955 -1.644217 
956 -2.364046 
957 -1.858646 
958 -0.707684 
959 0.597484 
960 1.087535 
961 -1.486312 
962 -1.656298 
963 -1.908748 
964 -1.465065 
965 -1.488298 
966 -1.533461 
967 -1.491269 
968 -1.471501 
969 -1.381268 
970 -1.418096 
971 -1.539425 
972 -2.839537 
973 -1.248680 
974 -0.475199 
975 0.594215 
976 1.535344 
977 -1.248417 
978 -1.350402 
979 -2.139166 
980 -1.160952 
981 -1.468354 
982 -1.645177 
983 -1.638320 
984 -1.745802 
985 -1.366327 
986 -1.359035 
987 -1.445663 
988 -2.356099 
989 -1.685224 
990 -1.149703 
991 -0.232976 
992 0.727087 
993 3.011217 
994 0.310892 
995 0.101749 
996 -0.376334 
997 -1.024296 
998 -1.681115 
999 -2.571237 
1000 -1.499482 
1001 -1.636253 
1002 -1.414124 
1003 -1.285141 
1004 -1.454740 
1005 -1.467660 
1006 -1.607313 
1007 -1.341606 
1008 -1.479207 
1009 -0.092773 
1010 1.038297 
1011 2.515619 
1012 1.951900 
1013 2.075474 
1014 1.399092 
1015 0.060633 
1016 -0.337334 
1017 -1.140392 
1018 -1.701650 
1019 -2.252794 
1020 -1.674278 
1021 -1.472382 
1022 -1.346479 
1023 -1.349700 
1024 -1.755659 
1025 -1.799526 
1026 -1.464720 
1027 -0.888790 
1028 0.387822 
1029 1.509308 
1030 2.258798 
1031 1.415720 
1032 1.990298 
1033 1.900668 
1034 1.348539 
1035 0.504248 
1036 -0.612726 
1037 -1.383829 
1038 -1.787650 
1039 -2.014074 
1040 -1.629968 
1041 -1.559662 
1042 -1.345707 
1043 -1.365270 
1044 -1.956528 
1045 -1.856107 
1046 -1.356167 
1047 -0.628061 
1048 0.220086 
1049 1.371422 
1050 1.876736 
1051 1.945573 
1052 1.537961 
1053 1.444546 
1054 1.391167 
1055 1.544436 
1056 2.062421 
1057 1.851166 
1058 1.277557 
1059 0.249477 
1060 -0.683634 
1061 -1.474223 
1062 -1.791871 
1063 -1.897820 
1064 -2.242088 
1065 -1.751370 
1066 -1.154425 
1067 -0.095851 
1068 0.916036 
1069 1.571122 
1070 1.770623 
1071 1.634972 
1072 1.387184 
1073 1.488243 
1074 1.456738 
1075 1.497527 
1076 2.466506 
1077 1.382674 
1078 -0.010524 
1079 -1.321117 
1080 -1.241582 
1081 -1.513109 
1082 -1.621936 
1083 -1.615064 
1084 -2.359508 
1085 -1.046647 
1086 0.591525 
1087 1.767276 
1088 1.509316 
1089 1.351765 
1090 1.317476 
1091 1.558191 
1092 2.170234 
1093 1.775516 
1094 1.230725 
1095 0.523089 
1096 -0.182928 
1097 -0.906168 
1098 -1.725214 
1099 -2.358440 
1100 -2.386537 
1101 -1.651780 
1102 -1.082215 
1103 -0.201212 
1104 0.430631 
1105 1.768429 
1106 1.587932 
1107 1.668349 
1108 1.899572 
1109 1.770019 
1110 1.306750 
1111 0.691848 
1112 0.573298 
1113 -0.494225 
1114 -1.275047 
1115 -2.817366 
1116 -2.229544 
1117 -1.635402 
1118 -1.002203 
1119 -0.546212 
1120 0.118832 
1121 1.750379 
1122 1.677639 
1123 1.672543 
1124 1.986489 
1125 1.706703 
1126 1.252640 
1127 0.780212 
1128 0.631741 
1129 -0.436341 
1130 -1.496611 
1131 -2.625775 
1132 -2.588176 
1133 -1.576177 
1134 -0.977300 
1135 -0.303770 
1136 1.434668 
1137 1.501671 
1138 1.368403 
1139 1.297801 
1140 2.402259 
1141 1.728372 
1142 1.068435 
1143 0.365947 
1144 -0.202664 
1145 -1.339403 
1146 -2.035406 
1147 -1.838867 
1148 -0.893590 
1149 -0.346721 
1150 1.972438 
1151 2.179832 
1152 1.517789 
1153 1.600865 
1154 1.513631 
1155 1.376733 
1156 1.993659 
1157 0.804248 
1158 -0.691997 
1159 -2.104305 
1160 -1.620535 
1161 -1.287795 
1162 -0.588908 
1163 2.247431 
1164 1.584668 
1165 1.490378 
1166 1.381315 
1167 1.324616 
1168 2.244069 
1169 1.855299 
1170 0.872405 
1171 -0.428444 
1172 -1.248021 
1173 -1.149640 
1174 -0.532653 
1175 2.619401 
1176 1.633751 
1177 1.456552 
1178 1.310971 
1179 1.383610 
1180 2.211321 
1181 1.825362 
1182 1.130184 
1183 0.194219 
1184 -0.115184 
1185 -0.154767 
1186 2.034439 
1187 2.187308 
1188 1.510197 
1189 1.497820 
1190 1.425556 
1191 1.429450 
1192 2.429604 
1193 1.626510 
1194 0.927539 
1195 0.294781 
1196 1.482088 
1197 1.450378 
1198 1.474405 
1199 1.533276 
1200 1.822469 
1201 1.762014 
1202 1.546296 
1203 0.697999 
1204 -0.544237 
1205 -1.277712 
1206 -2.018496 
1207 -1.952508 
1208 -1.495779 
1209 -1.487715 
1210 -1.499240 
1211 -1.396679 
1212 -1.310595 
1213 -1.548083 
1214 -1.535402 
1215 1.493418 
1216 1.313968 
1217 1.390724 
1218 1.509876 
1219 1.525785 
1220 2.777902 
1221 1.315163 
1222 0.001285 
1223 -1.020077 
1224 -1.017817 
1225 -1.501308 
1226 -1.648073 
1227 -1.647959 
1228 -1.458058 
1229 -1.452829 
1230 -1.439027 
1231 -1.546944 
1232 -1.559259 
1233 1.483467 
1234 1.248322 
1235 1.512185 
1236 2.088153 
1237 1.822605 
1238 1.146167 
1239 0.415348 
1240 -0.282084 
1241 -1.083288 
1242 -1.820342 
1243 -2.336501 
1244 -1.661460 
1245 -1.541027 
1246 -1.368563 
1247 -1.321055 
1248 -1.453692 
1249 -1.616555 
1250 1.542647 
1251 1.300346 
1252 1.823217 
1253 1.722094 
1254 1.383131 
1255 0.801342 
1256 0.195295 
1257 -0.827992 
1258 -1.718546 
1259 -2.514257 
1260 -1.656801 
1261 -1.519352 
1262 -1.356994 
1263 -1.348116 
1264 -1.577479 
1265 -1.481068 
1266 1.441544 
1267 1.396243 
1268 2.065862 
1269 1.711079 
1270 1.327974 
1271 0.595453 
1272 -0.211256 
1273 -1.117241 
1274 -1.938967 
1275 -2.115400 
1276 -1.563134 
1277 -1.449109 
1278 -1.530900 
1279 -1.366812 
1280 -1.454679 
1281 1.369531 
1282 1.403749 
1283 1.635619 
1284 2.474829 
1285 1.564914 
1286 0.243313 
1287 -1.085764 
1288 -1.290168 
1289 -1.644014 
1290 -1.641560 
1291 -1.454298 
1292 -1.375606 
1293 -1.524823 
1294 -1.516550 
1295 1.441822 
1296 1.817577 
1297 1.754582 
1298 1.482107 
1299 0.695783 
1300 -0.453123 
1301 -1.191365 
1302 -1.888943 
1303 -2.042426 
1304 -1.443626 
1305 -1.420051 
1306 -1.404943 
1307 -1.610533 
1308 1.750535 
1309 1.592018 
1310 1.476303 
1311 1.072637 
1312 0.377227 
1313 -1.004783 
1314 -1.840861 
1315 -2.283829 
1316 -1.513517 
1317 -1.333314 
1318 -1.325588 
1319 -1.625442 
1320 1.820389 
1321 1.820645 
1322 1.413329 
1323 0.752695 
1324 -0.350972 
1325 -1.320660 
1326 -1.858982 
1327 -2.030698 
1328 -1.540635 
1329 -1.628778 
1330 -1.907657 
1331 1.035409 
1332 2.353440 
1333 1.516073 
1334 0.330496 
1335 -0.865410 
1336 -1.463612 
1337 -1.526333 
1338 -1.741454 
1339 -1.492415 
1340 -0.940709 
1341 -1.846899 
1342 -1.780144 
1343 -1.346421 
1344 -1.357871 
1345 -0.538077 
1346 0.734172 
1347 2.714872 
1348 1.240952 
1349 1.307734 
1350 1.493166 
1351 1.827457 
1352 2.148080 
1353 1.641969 
1354 1.128016 
1355 0.601886 
1356 -0.324931 
1357 -0.995661 
1358 -1.966271 
1359 -2.206057 
1360 -1.992800 
1361 -1.612932 
1362 -1.224780 
1363 -0.906226 
1364 -1.087469 
1365 0.495503 
1366 1.376266 
1367 2.553503 
1368 0.707896 
1369 1.324065 
1370 1.719880 
1371 1.894132 
1372 2.689240 
1373 1.451207 
1374 0.790455 
1375 0.215992 
1376 -0.053235 
1377 -0.276284 
1378 -2.232429 
1379 -2.105973 
1380 -2.471572 
1381 -1.693139 
1382 -0.958634 
1383 -0.338257 
1384 -0.288939 
1385 0.603473 
1386 1.486927 
1387 2.741322 
1388 1.508045 
1389 1.576614 
1390 1.495695 
1391 1.246092 
1392 1.158186 
1393 0.583653 
1394 0.283228 
1395 -2.883609 
1396 -1.926674 
1397 -1.572110 
1398 -1.404283 
1399 -0.934182 
1400 -2.597314 
1401 -0.709870 
1402 0.480415 
1403 1.643700 
1404 1.160896 
1405 1.534887 
1406 1.632565 
1407 1.656468 
1408 1.826822 
1409 1.207815 
1410 1.001956 
1411 -1.865043 
1412 -1.649348 
1413 -1.496124 
1414 -1.497200 
1415 -1.485693 
1416 -2.497919 
1417 -1.477859 
1418 0.026486 
1419 1.034695 
1420 1.139880 
1421 1.413087 
1422 1.783967 
1423 1.845847 
1424 1.592463 
1425 1.529948 
1426 -1.469062 
1427 -1.454785 
1428 -1.374884 
1429 -1.527620 
1430 -1.562805 
1431 -1.490875 
1432 -2.802897 
1433 -0.898326 
1434 -0.075709 
1435 0.453910 
1436 0.748776 
1437 1.394029 
1438 1.992097 
1439 1.708777 
1440 -1.216713 
1441 -1.331517 
1442 -1.546574 
1443 -1.780910 
1444 -1.879985 
1445 -1.644820 
1446 -1.467032 
1447 -1.189039 
1448 -2.280042 
1449 -0.905548 
1450 0.505913 
1451 1.656963 
1452 1.244049 
1453 -1.140607 
1454 -1.572835 
1455 -1.927136 
1456 -1.623833 
1457 -1.582437 
1458 -1.370787 
1459 -1.244726 
1460 -2.075389 
1461 -2.060229 
1462 -1.112803 
1463 -0.291687 
1464 0.407127 
1465 -1.467038 
1466 -1.760178 
1467 -1.935225 
1468 -1.593444 
1469 -1.638145 
1470 -1.401496 
1471 -1.279752 
1472 -2.591733 
1473 -1.573182 
1474 -1.007929 
1475 -0.406046 
1476 -1.160193 
1477 -1.405945 
1478 -1.618972 
1479 -1.623024 
1480 -1.941468 
1481 -1.381373 
1482 -1.364276 
1483 -1.420035 
1484 -2.474621 
1485 -1.620090 
1486 -1.216361 
1487 -0.045239 
1488 0.845318 
1489 1.006734 
1490 1.778351 
1491 2.082789 
1492 1.754086 
1493 1.529502 
1494 1.474543 
1495 1.068289 
1496 1.485857 
1497 0.035347 
1498 -1.158554 
1499 -2.545234 
1500 -1.962751 
1501 -1.805915 
1502 -1.237558 
1503 -0.642291 
1504 0.412089 
1505 0.681211 
1506 1.515298 
1507 2.666379 
1508 1.217462 
1509 1.525861 
1510 1.462872 
1511 1.591197 
1512 2.058968 
1513 1.623241 
1514 1.368700 
1515 0.735723 
1516 -0.026818 
1517 -0.851209 
1518 -1.477931 
1519 -2.697932 
1520 -2.405057 
1521 -1.127321 
1522 -0.053644 
1523 1.692086 
1524 1.291815 
1525 1.449616 
1526 1.464300 
1527 1.652781 
1528 1.452024 
1529 1.448072 
1530 1.491232 
1531 1.437535 
1532 2.913147 
1533 1.227951 
1534 0.316286 
1535 -0.647834 
1536 -1.765582 
1537 -1.887707 
1538 -1.598092 
1539 -0.551155 
1540 1.724121 
1541 1.520846 
1542 1.384157 
1543 1.307985 
1544 1.376042 
1545 1.465452 
1546 1.513722 
1547 1.607331 
1548 2.094981 
1549 1.951642 
1550 1.101250 
1551 0.298374 
1552 -0.385958 
1553 -2.117258 
1554 -1.931499 
1555 -1.407652 
1556 1.624918 
1557 1.489848 
1558 1.348760 
1559 1.258208 
1560 1.343656 
1561 1.451025 
1562 1.458894 
1563 1.573599 
1564 2.048032 
1565 1.814611 
1566 1.212979 
1567 0.525394 
1568 0.342687 
1569 -0.524792 
1570 -0.317562 
1571 3.005111 
1572 1.779092 
1573 1.437920 
1574 1.302477 
1575 1.317569 
1576 1.334296 
1577 1.421667 
1578 1.456295 
1579 1.513217 
1580 2.094781 
1581 1.771766 
1582 1.222957 
1583 0.731345 
1584 0.534701 
1585 1.947908 
1586 1.575334 
1587 1.419231 
1588 1.524241 
1589 1.435177 
1590 1.467570 
1591 1.516611 
1592 1.619295 
1593 1.442254 
1594 1.577176 
1595 1.314233 
1596 1.153296 
1597 1.079779 
1598 1.847569 
1599 1.758437 
1600 1.377561 
1601 1.403554 
1602 1.551324 
1603 1.681798 
1604 1.496339 
1605 1.511786 
1606 1.451888 
1607 1.405030 
1608 1.507737 
1609 1.343045 
1610 1.684422 
1611 1.446517 
1612 1.264793 
1613 1.374659 
1614 1.518432 
1615 1.662516 
1616 1.641004 
1617 1.514135 
1618 1.255754 
1619 1.489915 
1620 1.376608 
1621 1.588830 
1622 1.506989 
1623 1.392266 
1624 1.434624 
1625 1.456556 
1626 1.436335 
1627 1.506365 
1628 1.496497 
1629 1.622101 
1630 1.491779 
1631 1.199126 
1632 2.004611 
1633 1.858595 
1634 1.199353 
1635 0.484769 
1636 -0.330576 
1637 -1.009825 
1638 -1.826492 
1639 -2.346988 
1640 -1.556726 
1641 -1.435895 
1642 -1.444358 
1643 -1.465712 
1644 -2.305279 
1645 -1.696138 
1646 -1.170473 
1647 -0.466082 
1648 0.320911 
1649 1.095270 
1650 2.047000 
1651 1.950840 
1652 2.891473 
1653 1.305291 
1654 0.572506 
1655 -0.317575 
1656 -0.773654 
1657 -1.677919 
1658 -1.829203 
1659 -1.544591 
1660 -1.475304 
1661 -1.444700 
1662 -1.448839 
1663 -1.574241 
1664 -2.663253 
1665 -1.290595 
1666 -0.118476 
1667 0.987403 
1668 1.626487 
1669 1.671254 
1670 1.431464 
1671 0.976742 
1672 0.736418 
1673 -0.785522 
1674 -1.705532 
1675 -2.423102 
1676 -1.883482 
1677 -1.599131 
1678 -1.345090 
1679 -1.283040 
1680 -1.464354 
1681 -1.838910 
1682 -1.985113 
1683 -0.827262 
1684 0.424178 
1685 1.973229 
1686 1.726228 
1687 1.403202 
1688 1.962605 
1689 0.625917 
1690 -0.862378 
1691 -2.098248 
1692 -2.154789 
1693 -1.783841 
1694 -1.060816 
1695 -0.731969 
1696 -0.592134 
1697 -1.563110 
1698 -2.139006 
1699 -1.450145 
1700 -0.130365 
1701 1.882110 
1702 1.749895 
1703 1.457225 
1704 2.033130 
1705 0.581939 
1706 -1.025220 
1707 -2.018435 
1708 -2.770793 
1709 -1.069489 
1710 0.201425 
1711 0.310735 
1712 0.169952 
1713 -1.840446 
1714 -2.192650 
1715 -1.040733 
1716 1.641709 
1717 1.590436 
1718 1.665730 
1719 0.982451 
1720 1.071596 
1721 -1.307519 
1722 -2.254723 
1723 -0.769520 
1724 1.139982 
1725 2.060771 
1726 1.924320 
1727 0.131915 
1728 -0.569647 
1729 -0.324929 
1730 2.156593 
1731 2.010818 
1732 2.925107 
1733 1.246287 
1734 0.145206 
1735 -0.309965 
1736 0.182762 
1737 0.872566 
1738 1.985245 
1739 2.190930 
1740 0.768989 
1741 0.191166 
1742 0.262013 
1743 3.147464 
1744 2.499270 
1745 1.508858 
1746 0.712161 
1747 0.463725 
1748 0.523630 
1749 0.981670 
1750 1.982226 
1751 2.081879 
1752 1.455836 
1753 0.822602 
1754 0.682871 
1755 2.540197 
1756 2.212226 
1757 1.341048 
1758 1.176505 
1759 0.974313 
1760 1.310876 
1761 1.331654 
1762 1.686004 
1763 1.563760 
1764 1.176082 
1765 1.003856 
1766 1.851722 
1767 1.643271 
1768 1.515185 
1769 1.508546 
1770 1.421335 
1771 1.655228 
1772 1.469529 
1773 1.613368 
1774 1.519825 
1775 1.287212 
1776 1.781875 
1777 1.358200 
1778 1.661384 
1779 1.014329 
1780 1.585985 
1781 2.094064 
1782 0.713128 
1783 1.357655 
1784 1.753878 
1785 2.175942 
1786 0.580810 
1787 1.070811 
1788 1.395088 
1789 1.813073 
1790 1.912071 
1791 0.287050 
1792 1.259401 
1793 1.409180 
1794 1.477636 
1795 1.610759 
1796 1.969376 
1797 0.503537 
1798 1.329719 
1799 1.918349 
1800 1.484349 
1801 1.480675 
1802 1.470721 
1803 1.362792 
1804 0.236979 
1805 1.181092 
1806 1.916902 
1807 1.991808 
1808 1.473122 
1809 1.494936 
1810 1.353044 
1811 1.456984 
1812 0.467970 
1813 1.011225 
1814 1.865438 
1815 2.100714 
1816 1.648705 
1817 1.430540 
1818 1.444097 
1819 1.367163 
1820 2.298046 
1821 0.557594 
1822 1.043658 
1823 1.664375 
1824 1.545639 
1825 1.555964 
1826 1.515044 
1827 1.339715 
1828 1.243509 
1829 1.276156 
1830 1.203892 
1831 -1.990564 
1832 -1.437229 
1833 -1.648695 
1834 -1.474678 
1835 -1.359996 
1836 -1.770440 
1837 -1.388118 
1838 -1.254532 
1839 -1.493152 
1840 -1.787899 
1841 -1.489762 
1842 -1.326652 
1843 -1.368440 
1844 -1.386255 
1845 -1.710603 
1846 -1.454686 
1847 -1.296717 
1848 -1.478896 
1849 -1.479671 
1850 -1.590265 
1851 -1.473287 
1852 -1.607833 
1853 -1.559329 
1854 -1.415253 
1855 -1.314464 
1856 -1.292769 
1857 -1.302485 
1858 -1.119392 
1859 -2.084295 
1860 -1.728123 
1861 -1.525444 
1862 -1.380138 
1863 -1.305074 
1864 -1.490706 
1865 -1.168347 
1866 -0.867472 
1867 -2.237173 
1868 -1.581929 
1869 -1.401789 
1870 -1.410735 
1871 -1.603239 
1872 -2.362424 
1873 -1.516627 
1874 -0.920992 
1875 -1.006263 
1876 -1.709598 
1877 -1.791964 
1878 -1.396660 
1879 -1.318354 
1880 -1.617690 
1881 -1.761729 
1882 -1.425078 
1883 -1.137829 
1884 -1.731771 
1885 -1.878778 
1886 -1.815115 
1887 -0.482484 
1888 0.234966 
1889 0.565624 
1890 1.084749 
1891 2.829746 
1892 0.895381 
1893 1.143543 
1894 1.776601 
1895 1.980566 
1896 1.301603 
1897 1.291952 
1898 1.427134 
1899 1.910292 
1900 1.962842 
1901 1.202866 
1902 1.243143 
1903 1.427327 
1904 1.345305 
1905 1.626976 
1906 1.693705 
1907 0.962798 
1908 1.259961 
1909 1.352531 
1910 1.494908 
1911 1.816477 
1912 1.885857 
1913 2.072234 
1914 0.549772 
1915 0.915572 
1916 1.077029 
1917 1.502404 
1918 1.575231 
1919 1.721354 
1920 2.126760 
1921 2.013941 
1922 0.106423 
1923 0.595211 
1924 1.299279 
1925 1.659166 
1926 1.666600 
1927 1.553682 
1928 1.301805 
1929 1.802119 
1930 1.831447 
1931 -0.582474 
1932 -0.143023 
1933 1.055788 
1934 1.826154 
1935 2.147993 
1936 1.020588 
1937 1.129333 
1938 1.538162 
1939 2.102943 
1940 2.114544 
1941 1.169812 
1942 0.918661 
1943 1.623219 
1944 0.643424 
1945 1.722976 
1946 2.431856 
1947 0.052498 
1948 1.164157 
1949 1.725044 
1950 2.156405 
1951 0.233086 
1952 0.810924 
1953 1.274894 
1954 1.794533 
1955 1.750688 
1956 0.755415 
1957 1.210017 
1958 1.716666 
1959 2.115681 
1960 1.734702 
1961 1.942391 
1962 0.967318 
1963 1.049784 
1964 1.199450 
1965 1.417442 
1966 1.554868 
1967 1.665645 
1968 1.966044 
1969 1.300549 
1970 1.280267 
1971 1.321543 
1972 1.276068 
1973 1.441601 
1974 1.363448 
1975 1.673321 
1976 2.022610 
1977 1.289929 
1978 1.319878 
1979 1.303199 
1980 1.370286 
1981 1.418287 
1982 1.552998 
1983 1.551895 
1984 1.624601 
1985 1.683981 
1986 1.188203 
1987 1.160073 
1988 1.434696 
1989 1.395218 
1990 1.554267 
1991 1.543423 
1992 1.371323 
1993 1.403099 
1994 1.382343 
1995 1.495632 
1996 1.872934 
1997 1.138062 
1998 1.962330 
1999 0.830691 
2000 1.624628 
2001 2.347133 
2002 0.475196 
2003 1.186252 
2004 1.896550 
2005 2.319479 
2006 0.160986 
2007 0.756473 
2008 1.271235 
2009 1.746247 
2010 2.079409 
2011 0.145292 
2012 0.754385 
2013 1.181427 
2014 1.609986 
2015 2.201398 
2016 2.696491 
2017 0.529992 
2018 0.904380 
2019 1.325180 
2020 1.205232 
2021 1.347352 
2022 1.577495 
2023 1.592578 
2024 1.132128 
2025 1.199840 
2026 1.849764 
2027 1.933104 
2028 1.335746 
2029 1.471820 
2030 1.314640 
2031 1.572658 
2032 1.368497 
2033 1.266402 
2034 1.616533 
2035 1.772102 
2036 1.423691 
2037 1.387094 
2038 1.450237 
2039 1.603049 
2040 2.004539 
2041 1.167739 
2042 1.313632 
2043 1.471658 
2044 1.463608 
2045 1.434541 
2046 1.439837 
2047 1.492871 
2048 1.299494 
2049 1.300970 
2050 1.628236 
2051 1.415653 
2052 1.639972 
2053 1.622180 
2054 1.280686 
2055 1.331223 
2056 1.238117 
2057 1.358766 
2058 1.632766 
2059 1.459272 
2060 2.098953 
2061 1.612206 
2062 1.165392 
2063 1.143682 
2064 1.046105 
2065 1.409372 
2066 1.587221 
2067 1.859774 
2068 2.109186 
2069 1.604046 
2070 1.374873 
2071 0.138595 
2072 -0.651733 
2073 -2.440593 
2074 1.195414 
2075 1.056759 
2076 1.661180 
2077 1.754741 
2078 1.190341 
2079 1.285483 
2080 1.036360 
2081 1.839414 
2082 1.287240 
2083 1.945437 
2084 1.472668 
2085 1.558412 
2086 1.569891 
2087 1.409090 
2088 1.385846 
2089 1.561388 
2090 1.535539 
2091 1.478690 
2092 1.374865 
2093 1.485555 
2094 1.525960 
2095 1.469839 
2096 1.470685 
2097 1.424142 
2098 1.520573 
2099 1.430007 
2100 1.359995 
2101 1.385640 
2102 1.351116 
2103 1.612697 
2104 2.023575 
2105 1.388056 
2106 0.996357 
2107 -1.599146 
2108 -0.571288 
2109 -0.170112 
2110 2.459803 
2111 1.590939 
2112 1.958261 
2113 2.172245 
2114 0.838827 
2115 0.142247 
2116 -0.245570 
2117 -0.471248 
2118 -2.012048 
2119 1.978785 
2120 1.453294 
2121 1.380920 
2122 1.727363 
2123 0.965232 
2124 0.505897 
2125 -0.045194 
2126 2.802518 
2127 -0.456510 
2128 -1.414320 
2129 1.920891 
2130 1.197769 
2131 1.269137 
