1446 1
0 0.201340 
1 0.454481 
2 0.477019 
3 0.446455 
4 -0.362583 
5 -0.162675 
6 -0.060687 
7 0.461636 
8 -0.381606 
9 0.320981 
10 0.312739 
11 -0.273589 
12 -0.425511 
13 -0.162675 
14 0.454481 
15 0.312739 
16 0.028169 
17 -0.335556 
18 -0.425511 
19 0.320981 
20 -0.209318 
21 0.403121 
22 0.320981 
23 -0.141153 
24 0.117521 
25 -0.060687 
26 -0.333585 
27 0.233546 
28 0.335097 
29 -0.315634 
30 -0.232853 
31 0.170509 
32 0.335097 
33 -0.456970 
34 0.247852 
35 -0.162715 
36 0.104773 
37 0.222962 
38 -0.255430 
39 -0.359031 
40 0.363037 
41 0.454481 
42 0.454481 
43 -0.250976 
44 -0.094348 
45 0.494055 
46 0.370641 
47 -0.125958 
48 -0.255430 
49 0.085552 
50 0.035084 
51 -0.255430 
52 0.201340 
53 -0.211262 
54 0.201340 
55 -0.251645 
56 -0.162675 
57 -0.094348 
58 0.035084 
59 -0.162715 
60 -0.255430 
61 0.117521 
62 0.147333 
63 0.335097 
64 0.028169 
65 -0.162715 
66 -0.083269 
67 -0.251747 
68 0.035084 
69 0.028169 
70 0.035149 
71 0.466942 
72 0.493413 
73 -0.392169 
74 -0.360438 
75 -0.251645 
76 -0.480339 
77 -0.273589 
78 -0.092322 
79 0.466942 
80 0.437722 
81 -0.480339 
82 0.146774 
83 -0.360438 
84 0.413505 
85 -0.251645 
86 -0.360438 
87 0.112185 
88 0.323419 
89 -0.209318 
90 -0.273589 
91 -0.255430 
92 0.316877 
93 -0.013612 
94 0.493413 
95 0.316877 
96 -0.209318 
97 -0.105740 
98 0.314882 
99 -0.255430 
100 -0.004576 
101 -0.315634 
102 0.461345 
103 0.414126 
104 0.207658 
105 0.109160 
106 0.084047 
107 0.074535 
108 0.207658 
109 0.437722 
110 0.112185 
111 -0.251747 
112 -0.332236 
113 -0.392169 
114 -0.066339 
115 0.104773 
116 0.000055 
117 -0.083269 
118 0.161210 
119 0.117521 
120 0.137110 
121 0.316877 
122 0.493413 
123 -0.434240 
124 -0.021251 
125 -0.190630 
126 0.363037 
127 0.323419 
128 0.117521 
129 0.196297 
130 0.437722 
131 0.366968 
132 -0.294995 
133 0.074535 
134 0.074535 
135 0.000055 
136 0.041373 
137 0.316877 
138 0.068829 
139 -0.083269 
140 -0.162675 
141 0.104773 
142 -0.020289 
143 0.366005 
144 0.313007 
145 0.147333 
146 0.338833 
147 0.062303 
148 0.082128 
149 -0.096578 
150 0.161210 
151 -0.443843 
152 -0.066339 
153 -0.370432 
154 -0.060687 
155 0.299749 
156 -0.404735 
157 0.316877 
158 0.137110 
159 -0.167230 
160 0.390277 
161 -0.192128 
162 0.414126 
163 0.323419 
164 0.096403 
165 0.047805 
166 -0.068068 
167 0.082128 
168 0.446455 
169 0.025033 
170 0.117521 
171 0.340827 
172 0.466942 
173 -0.251747 
174 -0.256948 
175 -0.020289 
176 0.000055 
177 0.466942 
178 0.340827 
179 -0.212645 
180 0.314882 
181 0.147333 
182 -0.251747 
183 0.366005 
184 0.149932 
185 0.104646 
186 -0.249819 
187 -0.392169 
188 0.117521 
189 0.096403 
190 -0.232853 
191 -0.209318 
192 -0.162675 
193 -0.428475 
194 0.376298 
195 0.077480 
196 0.196297 
197 -0.212645 
198 -0.212645 
199 -0.232853 
200 -0.190630 
201 -0.021251 
202 -0.273570 
203 -0.013612 
204 -0.428475 
205 0.262880 
206 -0.094348 
207 0.262880 
208 0.201340 
209 -0.256948 
210 0.282867 
211 0.035084 
212 -0.332236 
213 -0.096578 
214 0.149932 
215 0.117521 
216 -0.294995 
217 0.262880 
218 -0.021251 
219 -0.426033 
220 0.201340 
221 0.313007 
222 0.149932 
223 0.047805 
224 -0.428475 
225 -0.438193 
226 -0.108797 
227 -0.256948 
228 -0.145335 
229 -0.066339 
230 0.222962 
231 0.313007 
232 0.414126 
233 -0.426033 
234 -0.083269 
235 0.473255 
236 -0.167230 
237 0.028169 
238 0.415690 
239 -0.426033 
240 0.466942 
241 -0.211721 
242 -0.426033 
243 0.290908 
244 0.117521 
245 -0.012845 
246 -0.489275 
247 -0.096578 
248 0.084047 
249 0.390277 
250 0.363037 
251 0.366968 
252 -0.108797 
253 0.096403 
254 0.335097 
255 0.074535 
256 -0.162675 
257 -0.371695 
258 -0.370432 
259 -0.021878 
260 0.293688 
261 -0.013612 
262 -0.443843 
263 -0.314443 
264 -0.066339 
265 -0.249819 
266 -0.250403 
267 0.126650 
268 0.041373 
269 0.041373 
270 -0.211721 
271 -0.190630 
272 0.335966 
273 -0.447143 
274 0.461636 
275 -0.004576 
276 0.454481 
277 -0.314443 
278 -0.381606 
279 0.443057 
280 -0.428475 
281 0.376298 
282 0.338833 
283 0.035084 
284 -0.486590 
285 -0.249819 
286 -0.015018 
287 0.443057 
288 0.082128 
289 0.082128 
290 0.000055 
291 0.443057 
292 0.104773 
293 0.233588 
294 -0.370432 
295 0.147333 
296 -0.428475 
297 0.137110 
298 -0.004576 
299 0.299749 
300 -0.489275 
301 -0.250403 
302 0.035084 
303 0.025033 
304 -0.425511 
305 0.366968 
306 0.429263 
307 0.454481 
308 0.233588 
309 0.461636 
310 0.366968 
311 0.201340 
312 -0.250976 
313 0.085552 
314 0.047805 
315 0.415690 
316 0.233588 
317 0.262880 
318 0.035084 
319 0.117521 
320 -0.162715 
321 0.247852 
322 0.440635 
323 -0.425511 
324 0.477019 
325 -0.021878 
326 -0.015018 
327 0.233588 
328 -0.054315 
329 0.366005 
330 -0.489275 
331 -0.096578 
332 0.413505 
333 -0.486590 
334 0.444467 
335 0.413505 
336 -0.232853 
337 0.366968 
338 0.041373 
339 -0.212645 
340 -0.489275 
341 0.385647 
342 -0.232853 
343 -0.060687 
344 -0.012845 
345 0.201340 
346 -0.315634 
347 -0.108797 
348 0.335097 
349 0.473255 
350 -0.004576 
351 -0.251645 
352 -0.280571 
353 0.413505 
354 0.109160 
355 -0.273589 
356 -0.251645 
357 -0.229180 
358 0.323419 
359 -0.315634 
360 0.035149 
361 -0.162675 
362 0.109350 
363 0.443057 
364 0.126650 
365 0.233546 
366 -0.142846 
367 0.290908 
368 -0.370432 
369 -0.021878 
370 -0.360438 
371 -0.015018 
372 -0.021251 
373 -0.021878 
374 0.370641 
375 0.282867 
376 -0.256948 
377 0.035149 
378 -0.315634 
379 -0.060687 
380 0.390277 
381 -0.094348 
382 0.077480 
383 -0.229968 
384 -0.443843 
385 -0.325171 
386 0.035149 
387 0.366968 
388 -0.125958 
389 -0.109959 
390 -0.145335 
391 -0.020289 
392 0.262880 
393 -0.232853 
394 0.440635 
395 0.473255 
396 0.104773 
397 0.085552 
398 0.247852 
399 -0.489911 
400 -0.251747 
401 0.104773 
402 -0.125958 
403 0.161210 
404 0.170509 
405 0.293688 
406 -0.068068 
407 -0.125958 
408 0.414126 
409 0.335966 
410 0.137110 
411 -0.325171 
412 0.494055 
413 -0.021878 
414 0.262880 
415 -0.229180 
416 -0.013612 
417 -0.021251 
418 0.413505 
419 -0.012845 
420 -0.141153 
421 0.161210 
422 -0.015018 
423 0.096403 
424 -0.229180 
425 0.201340 
426 -0.142846 
427 0.068829 
428 -0.443843 
429 0.376298 
430 -0.229968 
431 0.085552 
432 -0.489275 
433 -0.015018 
434 -0.346910 
435 0.444467 
436 0.416795 
437 0.494055 
438 0.035149 
439 0.147333 
440 0.313007 
441 -0.229968 
442 -0.335556 
443 0.104773 
444 0.366005 
445 -0.212645 
446 -0.060687 
447 0.415690 
448 -0.066339 
449 -0.332236 
450 -0.360438 
451 0.082128 
452 -0.229968 
453 -0.012845 
454 -0.066339 
455 0.161210 
456 0.376298 
457 -0.346910 
458 0.233588 
459 0.293688 
460 0.109350 
461 0.161210 
462 0.454481 
463 -0.486590 
464 -0.229968 
465 0.293688 
466 -0.360438 
467 -0.486590 
468 0.084047 
469 -0.013612 
470 0.376298 
471 -0.145335 
472 0.222046 
473 0.085552 
474 -0.054315 
475 0.222046 
476 -0.438193 
477 0.494055 
478 0.247852 
479 -0.010609 
480 -0.013612 
481 0.494055 
482 0.109160 
483 -0.370432 
484 0.314882 
485 -0.251645 
486 0.473255 
487 0.390277 
488 -0.209318 
489 0.047805 
490 0.028169 
491 -0.456970 
492 0.222046 
493 -0.486590 
494 0.370641 
495 0.137110 
496 -0.125958 
497 0.403121 
498 -0.141153 
499 -0.211721 
500 0.366005 
501 -0.438193 
502 -0.229180 
503 -0.314443 
504 -0.371695 
505 -0.315634 
506 0.320981 
507 -0.108797 
508 -0.092322 
509 -0.232853 
510 -0.273570 
511 0.149932 
512 0.413505 
513 -0.021251 
514 0.074535 
515 0.403121 
516 0.499343 
517 -0.294995 
518 0.314882 
519 0.061737 
520 -0.335556 
521 0.313007 
522 0.473255 
523 -0.426033 
524 -0.367224 
525 -0.108797 
526 -0.054315 
527 -0.229968 
528 0.072299 
529 -0.211262 
530 -0.012845 
531 0.444467 
532 -0.480339 
533 -0.209318 
534 -0.145335 
535 -0.162715 
536 -0.335556 
537 -0.392169 
538 -0.192128 
539 0.370641 
540 -0.142846 
541 0.196297 
542 -0.489911 
543 0.416795 
544 -0.359031 
545 -0.249819 
546 0.338833 
547 0.444467 
548 -0.434240 
549 -0.438193 
550 0.233588 
551 -0.280571 
552 -0.211721 
553 0.454481 
554 -0.486590 
555 0.357652 
556 -0.105740 
557 -0.404735 
558 0.084047 
559 0.493413 
560 0.068829 
561 -0.443843 
562 0.335097 
563 -0.020289 
564 -0.489275 
565 0.233588 
566 0.335966 
567 -0.381606 
568 0.335097 
569 -0.273589 
570 -0.360438 
571 0.416795 
572 0.025033 
573 0.222962 
574 0.270828 
575 0.437722 
576 0.112185 
577 0.440635 
578 -0.096578 
579 0.149932 
580 0.403121 
581 0.416795 
582 0.109350 
583 0.222046 
584 0.323419 
585 -0.167230 
586 0.499343 
587 -0.211721 
588 0.320981 
589 0.061737 
590 0.403121 
591 -0.021878 
592 0.084047 
593 -0.054315 
594 0.028169 
595 0.385647 
596 0.061737 
597 -0.438193 
598 -0.109959 
599 -0.209318 
600 0.413505 
601 -0.226364 
602 0.335966 
603 -0.142846 
604 0.313007 
605 -0.010609 
606 -0.211262 
607 -0.054315 
608 -0.141153 
609 0.109160 
610 0.104646 
611 -0.426033 
612 -0.212645 
613 -0.167230 
614 0.170509 
615 0.299749 
616 0.222046 
617 0.170509 
618 0.035084 
619 -0.370432 
620 0.446455 
621 -0.109959 
622 -0.489275 
623 -0.249819 
624 -0.209318 
625 0.068829 
626 0.499343 
627 0.338833 
628 0.493413 
629 0.000055 
630 0.335097 
631 -0.109959 
632 -0.346910 
633 -0.167230 
634 -0.068068 
635 -0.332236 
636 -0.108797 
637 0.454481 
638 0.293688 
639 0.147333 
640 -0.013612 
641 0.170509 
642 0.096403 
643 0.366968 
644 0.363037 
645 0.035149 
646 0.379868 
647 0.072299 
648 0.444467 
649 -0.020289 
650 0.093186 
651 -0.229180 
652 -0.332236 
653 -0.335556 
654 -0.192128 
655 0.370641 
656 -0.209318 
657 0.018667 
658 -0.367224 
659 0.320981 
660 0.290908 
661 0.493413 
662 -0.346910 
663 -0.370432 
664 0.320981 
665 -0.251747 
666 -0.346910 
667 -0.314443 
668 -0.255430 
669 0.493413 
670 -0.096578 
671 -0.094348 
672 0.312739 
673 0.085552 
674 -0.346910 
675 0.020133 
676 0.473255 
677 -0.108797 
678 0.493413 
679 -0.083269 
680 -0.314443 
681 0.493413 
682 0.028169 
683 0.149932 
684 0.466942 
685 -0.255430 
686 -0.255430 
687 -0.367224 
688 0.047805 
689 0.028169 
690 -0.142846 
691 0.376298 
692 0.320981 
693 0.379868 
694 -0.250403 
695 0.096403 
696 0.379868 
697 0.109350 
698 0.262880 
699 0.028169 
700 -0.012845 
701 0.379868 
702 -0.004576 
703 -0.092322 
704 0.082128 
705 0.437722 
706 -0.054315 
707 0.147333 
708 -0.359031 
709 0.146774 
710 -0.381606 
711 -0.232853 
712 0.338833 
713 0.316877 
714 -0.314443 
715 -0.426033 
716 -0.125958 
717 0.437722 
718 -0.054315 
719 -0.443843 
720 0.312739 
721 -0.192128 
722 0.466942 
723 0.390277 
724 -0.162675 
725 -0.273570 
726 0.077480 
727 0.262880 
728 0.109160 
729 -0.004576 
730 0.109160 
731 0.440635 
732 -0.256948 
733 -0.211262 
734 -0.346910 
735 -0.054315 
736 0.379868 
737 0.312739 
738 0.494055 
739 -0.211262 
740 0.196297 
741 0.109160 
742 0.117521 
743 -0.346910 
744 -0.333585 
745 -0.333585 
746 -0.280571 
747 -0.226364 
748 -0.250976 
749 -0.013612 
750 0.161210 
751 0.196297 
752 0.149932 
753 0.376298 
754 0.415690 
755 0.499343 
756 -0.456970 
757 -0.096578 
758 -0.211262 
759 0.161210 
760 -0.315634 
761 -0.489911 
762 0.461636 
763 0.222046 
764 -0.333585 
765 -0.489911 
766 -0.480339 
767 0.335097 
768 0.440635 
769 -0.362583 
770 -0.273589 
771 0.085552 
772 -0.229968 
773 0.025033 
774 0.161210 
775 -0.359031 
776 0.137110 
777 0.415690 
778 0.096403 
779 0.018667 
780 0.466942 
781 -0.145335 
782 0.201340 
783 0.085552 
784 0.072299 
785 0.104646 
786 -0.428475 
787 0.112185 
788 0.499343 
789 0.247852 
790 -0.054315 
791 0.207658 
792 -0.489911 
793 -0.212645 
794 0.062929 
795 0.477019 
796 0.085552 
797 -0.212645 
798 0.290908 
799 0.366968 
800 0.147333 
801 -0.404735 
802 -0.211262 
803 -0.125958 
804 0.429263 
805 -0.094348 
806 -0.016916 
807 0.149932 
808 0.041373 
809 -0.256948 
810 0.440635 
811 0.376298 
812 0.062929 
813 0.196297 
814 -0.489911 
815 -0.273570 
816 0.061737 
817 0.477019 
818 -0.142846 
819 0.000055 
820 0.477019 
821 0.461345 
822 -0.372843 
823 -0.367224 
824 0.020133 
825 -0.426033 
826 -0.428475 
827 -0.426033 
828 0.366968 
829 0.147333 
830 -0.142846 
831 0.093186 
832 -0.362583 
833 0.082128 
834 0.093186 
835 -0.010609 
836 -0.251645 
837 0.196297 
838 -0.362583 
839 -0.109959 
840 -0.066339 
841 -0.333585 
842 -0.360438 
843 0.072299 
844 0.018667 
845 -0.346910 
846 0.363037 
847 0.366005 
848 0.262880 
849 -0.016916 
850 0.109160 
851 0.170509 
852 0.104646 
853 -0.426033 
854 -0.333585 
855 0.461345 
856 0.443057 
857 -0.456970 
858 -0.362583 
859 0.320981 
860 -0.372843 
861 0.074535 
862 -0.105740 
863 -0.426033 
864 0.084047 
865 -0.404735 
866 -0.325171 
867 0.270828 
868 0.104646 
869 -0.332236 
870 -0.060687 
871 -0.016916 
872 -0.167230 
873 0.414126 
874 0.061737 
875 -0.060687 
876 0.429263 
877 -0.371695 
878 -0.489911 
879 -0.447143 
880 0.290908 
881 -0.083269 
882 -0.447143 
883 -0.425511 
884 0.201340 
885 -0.251645 
886 -0.083269 
887 -0.372843 
888 0.494055 
889 0.047805 
890 0.247852 
891 -0.013612 
892 -0.162675 
893 0.247852 
894 -0.015018 
895 0.062929 
896 0.062929 
897 -0.360438 
898 0.096403 
899 0.443057 
900 -0.066339 
901 0.104646 
902 0.390277 
903 -0.443843 
904 -0.456970 
905 0.247852 
906 0.207658 
907 -0.381606 
908 -0.486590 
909 0.312739 
910 -0.021251 
911 0.207658 
912 -0.294995 
913 -0.251645 
914 0.290908 
915 -0.372843 
916 -0.203768 
917 0.201340 
918 0.443057 
919 0.126650 
920 0.072299 
921 -0.105740 
922 -0.010609 
923 0.446455 
924 0.440635 
925 -0.370432 
926 -0.251747 
927 0.112185 
928 0.357652 
929 -0.489911 
930 0.000055 
931 0.018667 
932 0.109350 
933 0.312739 
934 -0.456970 
935 0.385647 
936 -0.428475 
937 -0.249819 
938 -0.209318 
939 0.320981 
940 0.379868 
941 0.041373 
942 -0.162715 
943 0.074535 
944 -0.229180 
945 -0.068068 
946 -0.190630 
947 0.323419 
948 -0.251747 
949 -0.249819 
950 0.018667 
951 0.303631 
952 0.494055 
953 -0.381606 
954 -0.251747 
955 -0.443843 
956 0.335097 
957 -0.425511 
958 0.207658 
959 -0.367224 
960 -0.226364 
961 0.461345 
962 0.170509 
963 -0.060687 
964 0.096403 
965 0.461345 
966 -0.083269 
967 -0.486590 
968 0.207658 
969 0.323419 
970 0.146774 
971 -0.480339 
972 0.233546 
973 0.314882 
974 -0.012845 
975 0.137110 
976 0.379868 
977 0.323419 
978 -0.335556 
979 0.473255 
980 -0.162715 
981 -0.108797 
982 -0.367224 
983 -0.428475 
984 0.062303 
985 0.313007 
986 -0.249819 
987 0.161210 
988 -0.083269 
989 -0.371695 
990 -0.486590 
991 0.477019 
992 0.112185 
993 0.170509 
994 0.000055 
995 0.020133 
996 0.062303 
997 -0.367224 
998 0.335097 
999 -0.083269 
1000 -0.060687 
1001 -0.068068 
1002 0.062929 
1003 -0.145335 
1004 -0.229180 
1005 -0.226364 
1006 -0.249819 
1007 -0.016916 
1008 0.366968 
1009 -0.280571 
1010 -0.190630 
1011 -0.480339 
1012 0.146774 
1013 0.415690 
1014 0.222046 
1015 -0.425511 
1016 -0.211721 
1017 0.233588 
1018 0.338833 
1019 0.414126 
1020 0.247852 
1021 0.104646 
1022 0.270828 
1023 0.403121 
1024 -0.360438 
1025 0.035084 
1026 -0.162715 
1027 -0.280571 
1028 0.444467 
1029 -0.109959 
1030 -0.192128 
1031 0.366968 
1032 0.437722 
1033 0.429263 
1034 -0.489911 
1035 0.437722 
1036 -0.162715 
1037 -0.273570 
1038 0.047805 
1039 0.047805 
1040 -0.443843 
1041 -0.190630 
1042 -0.232853 
1043 -0.438193 
1044 0.270828 
1045 -0.068068 
1046 0.084047 
1047 0.335966 
1048 -0.280571 
1049 0.461345 
1050 0.282867 
1051 -0.425511 
1052 0.313007 
1053 0.112185 
1054 0.385647 
1055 -0.256948 
1056 -0.325171 
1057 0.035084 
1058 -0.092322 
1059 -0.021251 
1060 0.020133 
1061 0.323419 
1062 0.126650 
1063 -0.162715 
1064 0.414126 
1065 0.061737 
1066 0.072299 
1067 -0.229180 
1068 -0.280571 
1069 -0.392169 
1070 0.461345 
1071 -0.280571 
1072 0.068829 
1073 -0.004576 
1074 -0.367224 
1075 -0.273570 
1076 0.222962 
1077 0.466942 
1078 -0.108797 
1079 -0.229180 
1080 -0.443843 
1081 0.262880 
1082 0.084047 
1083 -0.162715 
1084 0.170509 
1085 0.340827 
1086 0.041373 
1087 0.440635 
1088 -0.211721 
1089 -0.404735 
1090 -0.203768 
1091 -0.333585 
1092 0.335097 
1093 0.062929 
1094 -0.054315 
1095 0.062929 
1096 0.147333 
1097 0.077480 
1098 -0.004576 
1099 -0.359031 
1100 -0.226364 
1101 -0.066339 
1102 -0.020289 
1103 0.262880 
1104 0.335966 
1105 0.293688 
1106 0.413505 
1107 0.363037 
1108 -0.229968 
1109 -0.489275 
1110 -0.333585 
1111 0.414126 
1112 0.201340 
1113 0.499343 
1114 -0.109959 
1115 0.290908 
1116 -0.489911 
1117 0.018667 
1118 0.149932 
1119 0.061737 
1120 0.429263 
1121 0.000055 
1122 0.061737 
1123 -0.489911 
1124 -0.109959 
1125 -0.489911 
1126 -0.489275 
1127 -0.229180 
1128 -0.226364 
1129 -0.092322 
1130 0.222046 
1131 -0.162715 
1132 0.385647 
1133 0.084047 
1134 0.126650 
1135 0.340827 
1136 0.290908 
1137 -0.314443 
1138 0.323419 
1139 0.403121 
1140 0.018667 
1141 0.440635 
1142 -0.109959 
1143 0.440635 
1144 0.454481 
1145 -0.212645 
1146 0.473255 
1147 -0.021251 
1148 0.443057 
1149 0.357652 
1150 -0.066339 
1151 -0.092322 
1152 0.293688 
1153 -0.250976 
1154 -0.229968 
1155 0.429263 
1156 0.112185 
1157 -0.021878 
1158 -0.068068 
1159 -0.211721 
1160 0.020133 
1161 0.035149 
1162 0.357652 
1163 0.415690 
1164 0.370641 
1165 -0.021251 
1166 0.415690 
1167 0.379868 
1168 -0.255430 
1169 -0.362583 
1170 -0.190630 
1171 0.000055 
1172 -0.212645 
1173 0.313007 
1174 0.415690 
1175 0.429263 
1176 -0.015018 
1177 -0.229968 
1178 0.072299 
1179 0.385647 
1180 0.233588 
1181 -0.105740 
1182 0.062303 
1183 0.084047 
1184 -0.371695 
1185 0.018667 
1186 0.466942 
1187 -0.211721 
1188 -0.335556 
1189 -0.273589 
1190 -0.362583 
1191 0.443057 
1192 -0.325171 
1193 0.473255 
1194 0.146774 
1195 -0.381606 
1196 0.493413 
1197 0.282867 
1198 0.028169 
1199 -0.226364 
1200 -0.294995 
1201 0.403121 
1202 -0.021251 
1203 -0.015018 
1204 0.146774 
1205 0.379868 
1206 0.473255 
1207 -0.092322 
1208 -0.370432 
1209 -0.132645 
1210 -0.167230 
1211 -0.251747 
1212 -0.068068 
1213 0.363037 
1214 0.370641 
1215 0.366005 
1216 -0.203768 
1217 -0.249819 
1218 -0.212645 
1219 -0.145335 
1220 0.149932 
1221 0.494055 
1222 0.222046 
1223 0.499343 
1224 -0.203768 
1225 -0.083269 
1226 0.477019 
1227 -0.068068 
1228 -0.489275 
1229 0.357652 
1230 0.379868 
1231 -0.280571 
1232 0.061737 
1233 0.446794 
1234 -0.203768 
1235 -0.434240 
1236 0.000055 
1237 -0.192128 
1238 0.047805 
1239 0.104773 
1240 -0.333585 
1241 0.077480 
1242 0.035149 
1243 -0.192128 
1244 0.104773 
1245 -0.480339 
1246 0.025033 
1247 -0.211262 
1248 -0.145335 
1249 0.201340 
1250 -0.314443 
1251 -0.362583 
1252 -0.016916 
1253 0.499343 
1254 0.461636 
1255 0.363037 
1256 -0.425511 
1257 -0.486590 
1258 -0.251645 
1259 -0.372843 
1260 0.018667 
1261 -0.372843 
1262 -0.203768 
1263 0.335966 
1264 0.062303 
1265 0.262880 
1266 -0.211262 
1267 -0.094348 
1268 0.366968 
1269 0.338833 
1270 -0.392169 
1271 0.363037 
1272 0.335966 
1273 0.335966 
1274 -0.325171 
1275 0.222046 
1276 0.074535 
1277 -0.020289 
1278 -0.335556 
1279 -0.486590 
1280 -0.145335 
1281 -0.408761 
1282 -0.142846 
1283 0.068829 
1284 -0.372843 
1285 0.085552 
1286 0.061737 
1287 0.357652 
1288 -0.203768 
1289 -0.250403 
1290 0.499343 
1291 0.335097 
1292 -0.367224 
1293 0.299749 
1294 0.149932 
1295 -0.132645 
1296 0.499343 
1297 -0.434240 
1298 0.020133 
1299 -0.250403 
1300 0.068829 
1301 0.303631 
1302 0.072299 
1303 -0.456970 
1304 -0.426033 
1305 -0.392169 
1306 -0.249819 
1307 -0.314443 
1308 0.290908 
1309 0.062929 
1310 0.385647 
1311 -0.249819 
1312 -0.083269 
1313 -0.108797 
1314 -0.066339 
1315 -0.447143 
1316 -0.167230 
1317 0.062303 
1318 -0.212645 
1319 -0.362583 
1320 -0.480339 
1321 -0.167230 
1322 0.062303 
1323 0.146774 
1324 0.104773 
1325 0.112185 
1326 0.357652 
1327 0.299749 
1328 0.376298 
1329 0.207658 
1330 0.370641 
1331 -0.092322 
1332 0.262880 
1333 0.313007 
1334 0.117521 
1335 -0.108797 
1336 -0.332236 
1337 -0.092322 
1338 -0.167230 
1339 -0.434240 
1340 -0.167230 
1341 -0.096578 
1342 0.137110 
1343 -0.480339 
1344 0.390277 
1345 0.170509 
1346 0.020133 
1347 0.415690 
1348 -0.325171 
1349 0.461636 
1350 0.338833 
1351 0.293688 
1352 0.068829 
1353 0.233588 
1354 0.461345 
1355 0.137110 
1356 -0.480339 
1357 -0.083269 
1358 -0.325171 
1359 -0.092322 
1360 -0.294995 
1361 0.499343 
1362 0.299749 
1363 0.477019 
1364 -0.020289 
1365 -0.333585 
1366 0.109160 
1367 0.149932 
1368 0.068829 
1369 0.340827 
1370 0.413505 
1371 -0.456970 
1372 -0.314443 
1373 -0.192128 
1374 -0.192128 
1375 -0.020289 
1376 0.370641 
1377 -0.360438 
1378 0.000055 
1379 -0.294995 
1380 -0.162675 
1381 0.385647 
1382 -0.203768 
1383 0.444467 
1384 0.068829 
1385 0.104773 
1386 -0.020289 
1387 0.376298 
1388 0.370641 
1389 -0.314443 
1390 0.437722 
1391 0.077480 
1392 0.146774 
1393 -0.096578 
1394 -0.249819 
1395 -0.332236 
1396 0.414126 
1397 -0.362583 
1398 -0.480339 
1399 -0.273570 
1400 0.437722 
1401 0.379868 
1402 -0.456970 
1403 0.137110 
1404 -0.314443 
1405 0.117521 
1406 0.444467 
1407 -0.020289 
1408 0.316877 
1409 0.146774 
1410 0.018667 
1411 -0.371695 
1412 0.293688 
1413 -0.367224 
1414 -0.456970 
1415 0.340827 
1416 -0.333585 
1417 -0.016916 
1418 0.072299 
1419 -0.142846 
1420 0.109160 
1421 0.207658 
1422 -0.332236 
1423 -0.021878 
1424 0.370641 
1425 -0.015018 
1426 0.149932 
1427 0.072299 
1428 0.444467 
1429 -0.438193 
1430 0.093186 
1431 -0.335556 
1432 -0.092322 
1433 0.461636 
1434 0.414126 
1435 0.233546 
1436 0.499343 
1437 -0.203768 
1438 0.477019 
1439 -0.325171 
1440 0.072299 
1441 0.093186 
1442 -0.426033 
1443 -0.096578 
1444 0.366968 
1445 0.062303 
