1440 1
581 0.495680 
257 0.495680 
309 0.495680 
417 0.495680 
418 0.495680 
440 0.495680 
1203 0.495680 
1195 0.495680 
579 0.495680 
1204 0.495680 
582 0.495680 
1140 0.495680 
1137 0.495680 
1096 0.495680 
1049 0.495680 
96 0.495680 
0 0.495680 
909 0.495680 
1 0.495680 
2 0.495680 
191 0.495680 
190 0.495680 
192 0.495680 
1384 0.495680 
1389 0.495680 
1196 0.475016 
9 0.475016 
119 0.475016 
8 0.475016 
590 0.475016 
1141 0.475016 
107 0.475016 
105 0.475016 
1100 0.475016 
1409 0.475016 
1054 0.475016 
184 0.475016 
695 0.475016 
702 0.475016 
703 0.475016 
704 0.475016 
1201 0.475016 
1329 0.475016 
1278 0.475016 
334 0.475016 
345 0.475016 
362 0.475016 
363 0.475016 
407 0.475016 
408 0.475016 
413 0.475016 
1200 0.475016 
1202 0.475016 
774 0.457194 
1084 0.457194 
238 0.457194 
333 0.432989 
220 0.432989 
881 0.432989 
782 0.432989 
768 0.432989 
756 0.432989 
176 0.432989 
328 0.432989 
214 0.432989 
169 0.432989 
206 0.432989 
213 0.432989 
385 0.432989 
611 0.432989 
616 0.432989 
409 0.432989 
617 0.432989 
1420 0.432989 
1139 0.432989 
1122 0.432989 
1115 0.432989 
1160 0.432989 
1167 0.432989 
1027 0.432989 
1211 0.432989 
970 0.432989 
952 0.432989 
942 0.432989 
1212 0.432989 
1213 0.432989 
1255 0.432989 
1333 0.432989 
501 0.432877 
626 0.432877 
893 0.432877 
1375 0.432877 
1152 0.432877 
1372 0.432877 
1153 0.432877 
1365 0.432877 
1187 0.432877 
1193 0.432877 
1332 0.432877 
366 0.432877 
438 0.432877 
216 0.432877 
32 0.432877 
31 0.432877 
30 0.432877 
1326 0.432877 
1318 0.432877 
1315 0.432877 
401 0.432877 
1214 0.432877 
628 0.432877 
894 0.432877 
882 0.432877 
880 0.432877 
877 0.432877 
875 0.432877 
863 0.432877 
808 0.432877 
801 0.432877 
788 0.432877 
787 0.432877 
1015 0.432877 
627 0.432877 
691 0.432877 
692 0.432877 
1045 0.432877 
698 0.432877 
690 0.432877 
217 0.408034 
1154 0.408034 
279 0.408034 
148 0.408034 
246 0.408034 
245 0.408034 
1324 0.408034 
569 0.408034 
661 0.408034 
917 0.408034 
635 0.408034 
208 0.408034 
207 0.408034 
77 0.408034 
76 0.408034 
75 0.408034 
1426 0.408034 
1261 0.408034 
1216 0.408034 
1215 0.408034 
395 0.408034 
920 0.408034 
780 0.408034 
568 0.408034 
1207 0.408034 
1005 0.408034 
428 0.408034 
1208 0.408034 
422 0.408034 
423 0.408034 
424 0.408034 
720 0.385780 
1309 0.385780 
1359 0.385780 
986 0.385780 
974 0.385780 
721 0.385780 
722 0.385780 
608 0.385780 
577 0.371512 
1229 0.371512 
669 0.371512 
359 0.371512 
864 0.371512 
1044 0.368269 
1371 0.368269 
271 0.368269 
304 0.368269 
1191 0.368269 
1136 0.368269 
1127 0.368269 
1074 0.368269 
978 0.368269 
187 0.368269 
977 0.368269 
584 0.368269 
873 0.368269 
583 0.368269 
904 0.368269 
578 0.368269 
954 0.367310 
598 0.367310 
1294 0.367310 
727 0.367310 
1069 0.367310 
250 0.351191 
1302 0.351191 
1303 0.351191 
1307 0.351191 
38 0.351191 
244 0.351191 
243 0.351191 
242 0.351191 
241 0.351191 
240 0.351191 
12 0.351191 
116 0.351191 
36 0.351191 
37 0.351191 
638 0.351191 
530 0.351191 
504 0.351191 
1072 0.351191 
1081 0.351191 
998 0.351191 
997 0.351191 
993 0.351191 
991 0.351191 
735 0.351191 
841 0.351191 
947 0.351191 
1391 0.351191 
10 0.351191 
11 0.351191 
829 0.349301 
439 0.349301 
415 0.349301 
1124 0.349301 
39 0.339868 
1076 0.339868 
1077 0.339868 
1090 0.339868 
1390 0.339868 
341 0.339868 
378 0.339868 
27 0.339868 
26 0.339868 
25 0.339868 
1381 0.339868 
254 0.339868 
377 0.339868 
398 0.339868 
1395 0.339868 
1396 0.339868 
218 0.339868 
65 0.339868 
981 0.339868 
66 0.339868 
67 0.339868 
821 0.339868 
485 0.339868 
503 0.339868 
726 0.339868 
548 0.339868 
167 0.339868 
252 0.339868 
157 0.339868 
251 0.339868 
253 0.339868 
188 0.334334 
754 0.334334 
659 0.334334 
126 0.332331 
308 0.332331 
230 0.332331 
231 0.332331 
1408 0.332331 
1407 0.332331 
394 0.332331 
15 0.332331 
16 0.332331 
17 0.332331 
155 0.332331 
1111 0.332331 
1119 0.332331 
355 0.332331 
1151 0.332331 
232 0.332331 
700 0.332331 
567 0.332331 
566 0.332331 
565 0.332331 
600 0.332331 
602 0.332331 
561 0.332331 
542 0.332331 
541 0.332331 
540 0.332331 
1411 0.332331 
1429 0.332331 
509 0.332331 
508 0.332331 
750 0.332331 
752 0.332331 
856 0.332331 
857 0.332331 
940 0.332331 
1378 0.332331 
1377 0.332331 
859 0.298153 
517 0.298153 
1224 0.298153 
624 0.298153 
354 0.298153 
108 0.297414 
145 0.271400 
1292 0.271400 
203 0.271400 
202 0.271400 
201 0.271400 
1357 0.271400 
200 0.271400 
319 0.271400 
1179 0.271400 
790 0.271400 
1358 0.271400 
1288 0.271400 
1287 0.271400 
729 0.271400 
1236 0.271400 
738 0.271400 
1271 0.271400 
276 0.271400 
946 0.271400 
301 0.271400 
435 0.271400 
204 0.271400 
962 0.271400 
71 0.271400 
72 0.271400 
73 0.271400 
1020 0.271400 
549 0.271400 
898 0.271400 
1235 0.271400 
436 0.266312 
1246 0.266312 
1275 0.266312 
791 0.266312 
803 0.266312 
766 0.266312 
494 0.266312 
523 0.266312 
950 0.266312 
739 0.266312 
185 0.266312 
1253 0.266312 
118 0.266312 
117 0.266312 
589 0.266312 
1257 0.266312 
305 0.266312 
1047 0.266312 
1021 0.266312 
146 0.266312 
1308 0.266312 
1313 0.266312 
1298 0.266312 
1314 0.266312 
280 0.266312 
1184 0.266312 
1003 0.266312 
682 0.266312 
1002 0.266312 
324 0.266312 
524 0.266312 
1258 0.266312 
715 0.266312 
963 0.264879 
1362 0.264879 
1337 0.264879 
392 0.264879 
1270 0.264879 
1342 0.264879 
1011 0.264879 
728 0.264879 
1231 0.264879 
115 0.264879 
622 0.264879 
623 0.264879 
642 0.264879 
1293 0.264879 
660 0.264879 
689 0.264879 
431 0.264879 
730 0.264879 
731 0.264879 
489 0.264879 
786 0.264879 
74 0.264879 
275 0.264879 
1343 0.264879 
945 0.264879 
1230 0.264879 
1228 0.264879 
1227 0.264879 
300 0.264879 
1367 0.264879 
1169 0.264879 
347 0.264879 
348 0.264879 
1368 0.264879 
382 0.264879 
314 0.264879 
737 0.228850 
923 0.228850 
1279 0.228850 
796 0.228850 
835 0.228850 
837 0.228850 
1412 0.228850 
843 0.228850 
870 0.228850 
361 0.228850 
913 0.228850 
1102 0.228850 
451 0.228850 
1040 0.228850 
312 0.228850 
205 0.228850 
1305 0.228850 
1301 0.228850 
606 0.228850 
559 0.228850 
558 0.228850 
621 0.228850 
1312 0.228850 
93 0.228850 
313 0.228850 
316 0.228850 
317 0.228850 
102 0.228850 
101 0.228850 
100 0.228850 
94 0.228850 
1058 0.228850 
1057 0.228850 
990 0.228850 
182 0.205585 
1267 0.205585 
183 0.205585 
1145 0.205585 
106 0.205585 
7 0.205585 
29 0.205585 
658 0.205585 
1277 0.205585 
1268 0.205585 
6 0.205585 
181 0.205585 
28 0.205585 
1405 0.205585 
1064 0.205585 
1404 0.205585 
5 0.205585 
129 0.205585 
987 0.205585 
988 0.205585 
339 0.205585 
1403 0.205585 
701 0.205585 
1101 0.205585 
1414 0.205585 
696 0.205585 
343 0.205585 
496 0.205585 
591 0.205585 
495 0.205585 
931 0.205585 
346 0.205585 
1334 0.205585 
1319 0.169662 
989 0.169662 
1165 0.169662 
634 0.169662 
139 0.169662 
258 0.169662 
374 0.140402 
1249 0.140402 
609 0.140402 
884 0.140402 
824 0.140402 
655 0.133718 
934 0.133718 
459 0.133718 
919 0.133718 
1259 0.133718 
410 0.105990 
1099 0.105990 
804 0.105990 
349 0.105990 
1037 0.105965 
1038 0.105965 
166 0.105965 
1245 0.105965 
99 0.105965 
222 0.105965 
1170 0.105965 
1007 0.105965 
170 0.105965 
171 0.105965 
1032 0.105965 
172 0.105965 
1171 0.105965 
1028 0.105965 
221 0.105965 
1172 0.105965 
1008 0.105965 
1173 0.105965 
175 0.105965 
404 0.105965 
610 0.105965 
615 0.105965 
443 0.105965 
866 0.105965 
1243 0.105965 
960 0.105965 
1242 0.105965 
1241 0.105965 
792 0.105965 
1134 0.105965 
1106 0.105965 
783 0.105965 
444 0.105965 
442 0.105965 
755 0.105965 
380 0.105965 
1416 0.105965 
1156 0.105965 
223 0.105965 
799 0.089807 
1094 0.089807 
1374 0.089807 
1373 0.089807 
441 0.089807 
344 0.089807 
684 0.058656 
944 0.058656 
764 0.058656 
789 0.058656 
1349 0.054039 
724 0.054039 
723 0.054039 
603 0.054039 
1304 0.054039 
1244 0.054039 
985 0.054039 
964 0.054039 
1062 0.053880 
1092 0.053880 
1439 0.053880 
1221 0.053880 
1087 0.053880 
925 0.053880 
932 0.053880 
1438 0.053880 
933 0.053880 
1093 0.053880 
1283 0.053880 
643 0.053880 
1265 0.053880 
1282 0.053880 
1168 0.053880 
1159 0.053880 
713 0.053880 
781 0.053880 
1430 0.053880 
1182 0.053880 
1183 0.053880 
647 0.053880 
1320 0.053880 
1322 0.053880 
1437 0.053880 
636 0.053880 
1063 0.053880 
54 0.053880 
1006 0.053880 
1217 0.053880 
1220 0.053880 
1321 0.053880 
197 0.053880 
284 0.053880 
291 0.053880 
332 0.053880 
153 0.053880 
396 0.053880 
255 0.053880 
154 0.053880 
397 0.053880 
429 0.053880 
198 0.053880 
1266 0.053267 
256 0.053267 
1428 0.053267 
151 0.053267 
430 0.053267 
1226 0.053267 
641 0.053267 
1317 0.053267 
926 0.053267 
1431 0.053267 
449 0.053267 
388 0.053267 
1248 0.053267 
1247 0.053267 
289 0.053267 
714 0.053267 
387 0.053267 
383 0.053267 
1233 0.053267 
1232 0.053267 
150 0.053267 
296 0.053267 
883 0.053267 
872 0.053267 
1222 0.053267 
1223 0.053267 
1225 0.053267 
53 0.053267 
51 0.053267 
52 0.053267 
1435 0.053267 
1164 0.053267 
1436 0.053267 
1010 0.053267 
785 0.053267 
152 0.053267 
369 0.049317 
604 0.049317 
879 0.049317 
819 0.049317 
1239 0.049317 
924 0.030535 
474 0.030535 
969 0.030535 
656 0.030535 
1284 0.030535 
1079 0.024667 
228 0.024667 
1162 0.008426 
765 0.008426 
850 0.008426 
286 0.008426 
707 0.008426 
1290 0.008426 
479 0.008426 
1048 0.008426 
586 0.008426 
902 0.008426 
705 0.008426 
1163 0.008426 
907 0.008426 
706 0.008426 
903 0.008426 
226 0.008426 
112 0.008426 
956 0.008426 
550 0.008426 
111 0.008426 
110 0.008426 
1019 0.008426 
1281 0.008426 
825 0.008426 
331 0.008426 
227 0.008426 
547 0.008426 
927 0.008426 
1030 0.008426 
1158 0.008426 
470 0.008426 
937 0.008426 
1199 0.008426 
469 0.008426 
928 0.008426 
1157 0.003539 
310 0.003539 
770 0.003539 
89 0.003539 
1113 0.003539 
476 0.003539 
1112 0.003539 
1383 0.003539 
123 0.003539 
826 0.003539 
1382 0.003539 
812 0.003539 
471 0.003539 
1379 0.003539 
465 0.003539 
477 0.003539 
478 0.003539 
855 0.003539 
335 0.003539 
468 0.003539 
467 0.003539 
466 0.003539 
961 0.003539 
918 0.003539 
124 0.003539 
1024 0.003539 
1264 0.003539 
1427 0.003539 
1018 0.003539 
1017 0.003539 
1013 0.003539 
1031 0.003539 
1432 0.003539 
1433 0.003539 
1285 0.003539 
267 0.003539 
593 0.003539 
265 0.003539 
1291 0.003539 
528 0.003539 
580 0.003539 
529 0.003539 
949 0.002348 
699 0.002348 
794 0.002348 
1029 0.002348 
1176 0.002348 
268 0.002348 
219 0.002348 
1352 -0.017603 
1061 -0.017603 
575 -0.017603 
83 -0.017603 
1341 -0.017603 
1351 -0.017603 
1180 -0.017603 
488 -0.017603 
421 -0.017603 
1067 -0.017603 
968 -0.017603 
810 -0.017603 
84 -0.017603 
85 -0.017603 
487 -0.017603 
1335 -0.017603 
668 -0.017603 
667 -0.017603 
1056 -0.017603 
320 -0.017603 
911 -0.017603 
375 -0.017603 
853 -0.017603 
852 -0.017603 
1346 -0.017603 
905 -0.017603 
646 -0.017603 
512 -0.017603 
842 -0.017603 
511 -0.017603 
510 -0.017603 
1350 -0.017603 
992 -0.017603 
772 -0.017603 
1364 -0.020409 
1344 -0.020409 
1125 -0.020409 
613 -0.020409 
979 -0.020409 
1310 -0.020409 
50 -0.054568 
1348 -0.054568 
1347 -0.054568 
878 -0.054568 
975 -0.054568 
815 -0.054568 
1356 -0.054568 
1380 -0.054568 
445 -0.054568 
915 -0.054568 
867 -0.054568 
868 -0.054568 
1363 -0.054568 
1066 -0.054568 
381 -0.054568 
1075 -0.054568 
1073 -0.054568 
1185 -0.054568 
666 -0.054568 
49 -0.054568 
48 -0.054568 
264 -0.054568 
710 -0.054568 
325 -0.054568 
263 -0.054568 
1237 -0.054568 
1238 -0.054568 
262 -0.054568 
1123 -0.055127 
368 -0.055127 
95 -0.055127 
518 -0.055127 
736 -0.055127 
1086 -0.055127 
97 -0.055127 
372 -0.055127 
846 -0.055127 
367 -0.055127 
4 -0.055127 
282 -0.055127 
481 -0.055127 
482 -0.055127 
483 -0.055127 
1000 -0.055127 
3 -0.055127 
273 -0.055127 
272 -0.055127 
384 -0.078080 
1401 -0.078080 
1095 -0.078080 
1400 -0.078080 
1105 -0.078080 
180 -0.078080 
595 -0.078080 
597 -0.078080 
1339 -0.078080 
935 -0.078080 
1419 -0.078080 
652 -0.078080 
653 -0.078080 
657 -0.078080 
1402 -0.078080 
174 -0.078080 
164 -0.078080 
135 -0.078080 
1146 -0.078080 
173 -0.078080 
298 -0.078080 
163 -0.078080 
1406 -0.078080 
745 -0.078080 
492 -0.078080 
1109 -0.078080 
342 -0.078080 
753 -0.078080 
350 -0.078080 
491 -0.078080 
493 -0.078080 
1128 -0.081535 
899 -0.081535 
62 -0.081535 
546 -0.081535 
1133 -0.081535 
592 -0.081535 
1135 -0.081535 
1059 -0.081535 
178 -0.081535 
1190 -0.081535 
1039 -0.081535 
1132 -0.081535 
270 -0.081535 
299 -0.081535 
61 -0.081535 
60 -0.081535 
805 -0.102109 
890 -0.102109 
891 -0.102109 
144 -0.102109 
892 -0.102109 
1366 -0.102109 
697 -0.102109 
895 -0.102109 
876 -0.102109 
448 -0.102109 
1327 -0.102109 
807 -0.102109 
338 -0.102109 
447 -0.102109 
484 -0.102109 
1046 -0.102109 
405 -0.102109 
290 -0.102109 
43 -0.102109 
1331 -0.102109 
1325 -0.102109 
798 -0.102109 
44 -0.102109 
143 -0.102109 
1376 -0.102109 
515 -0.102109 
1016 -0.102109 
337 -0.102109 
370 -0.102109 
177 -0.102109 
1117 -0.102109 
1118 -0.102109 
862 -0.102109 
640 -0.102109 
1166 -0.108314 
260 -0.108314 
888 -0.108314 
889 -0.108314 
994 -0.108314 
644 -0.108314 
639 -0.108314 
1398 -0.108314 
149 -0.108314 
1399 -0.108314 
1108 -0.117833 
605 -0.117833 
966 -0.117833 
607 -0.117833 
1043 -0.117833 
114 -0.117833 
113 -0.117833 
450 -0.117833 
1274 -0.117833 
620 -0.117833 
973 -0.117833 
795 -0.117833 
1300 -0.117833 
1417 -0.117833 
1422 -0.117833 
767 -0.117833 
1036 -0.117833 
648 -0.117833 
189 -0.117833 
373 -0.117833 
193 -0.117833 
360 -0.117833 
194 -0.117833 
719 -0.117833 
718 -0.117833 
103 -0.117833 
104 -0.117833 
1103 -0.117833 
717 -0.117833 
838 -0.117833 
675 -0.117833 
865 -0.117833 
671 -0.117833 
1296 -0.117833 
1107 -0.117833 
1413 -0.117833 
831 -0.117833 
315 -0.117833 
318 -0.117833 
1198 -0.120156 
1114 -0.120156 
851 -0.120156 
475 -0.120156 
412 -0.120156 
1110 -0.120156 
351 -0.120156 
1197 -0.120156 
136 -0.120156 
19 -0.120156 
160 -0.120156 
1150 -0.120156 
596 -0.120156 
1424 -0.120156 
24 -0.120156 
234 -0.120156 
389 -0.120156 
233 -0.120156 
292 -0.120156 
1240 -0.120156 
1410 -0.120156 
293 -0.120156 
531 -0.120156 
297 -0.120156 
490 -0.120156 
162 -0.120156 
936 -0.120156 
161 -0.120156 
18 -0.120156 
543 -0.120156 
544 -0.120156 
125 -0.120156 
746 -0.120156 
23 -0.120156 
779 -0.143306 
274 -0.143306 
1089 -0.143306 
147 -0.156309 
1340 -0.156309 
137 -0.156309 
1060 -0.156309 
138 -0.156309 
1065 -0.156309 
376 -0.156309 
1078 -0.156309 
1088 -0.156309 
321 -0.156309 
1181 -0.156309 
576 -0.156309 
906 -0.156309 
958 -0.156309 
426 -0.156309 
957 -0.156309 
1355 -0.156309 
921 -0.156309 
967 -0.156309 
662 -0.156309 
663 -0.156309 
665 -0.156309 
80 -0.156309 
81 -0.156309 
82 -0.156309 
847 -0.156309 
811 -0.156309 
1387 -0.156309 
1388 -0.156309 
130 -0.192445 
287 -0.192445 
1051 -0.192445 
545 -0.192445 
277 -0.192445 
554 -0.192445 
741 -0.192445 
131 -0.192445 
63 -0.192445 
64 -0.192445 
588 -0.192445 
132 -0.192445 
914 -0.221064 
379 -0.221064 
874 -0.221064 
1254 -0.221064 
614 -0.221064 
259 -0.226645 
239 -0.226645 
283 -0.226645 
849 -0.226645 
98 -0.226645 
1130 -0.226645 
999 -0.226645 
984 -0.227261 
1126 -0.227261 
1394 -0.227261 
629 -0.227261 
939 -0.227261 
452 -0.227261 
453 -0.227261 
454 -0.227261 
1311 -0.227261 
78 -0.259682 
693 -0.259682 
215 -0.259682 
557 -0.259682 
79 -0.259682 
996 -0.259682 
500 -0.259682 
91 -0.259682 
694 -0.259682 
871 -0.259682 
1299 -0.259682 
827 -0.259682 
828 -0.259682 
1316 -0.259682 
33 -0.259682 
34 -0.259682 
365 -0.259682 
35 -0.259682 
836 -0.259682 
800 -0.259682 
625 -0.259682 
92 -0.259682 
393 -0.259682 
1323 -0.259682 
1306 -0.259682 
1041 -0.259682 
556 -0.259682 
90 -0.259682 
742 -0.259682 
555 -0.259682 
400 -0.259682 
1188 -0.294723 
402 -0.294723 
1120 -0.294723 
303 -0.294723 
505 -0.294723 
861 -0.294723 
506 -0.294723 
307 -0.294723 
507 -0.294723 
156 -0.294723 
1415 -0.294723 
1155 -0.294723 
399 -0.294723 
356 -0.294723 
302 -0.294723 
751 -0.294723 
1174 -0.294723 
224 -0.294723 
165 -0.294723 
941 -0.294723 
594 -0.294723 
403 -0.294723 
1177 -0.294723 
1129 -0.294723 
1178 -0.294723 
1434 -0.294723 
601 -0.294723 
1104 -0.304468 
411 -0.304468 
809 -0.304468 
434 -0.304468 
1397 -0.308906 
769 -0.308906 
247 -0.308906 
1116 -0.308906 
427 -0.308906 
229 -0.308906 
278 -0.308906 
249 -0.308906 
248 -0.308906 
844 -0.308906 
959 -0.308906 
158 -0.331602 
599 -0.348440 
1234 -0.348440 
814 -0.348440 
869 -0.348440 
364 -0.348440 
777 -0.351419 
1250 -0.351419 
1252 -0.351419 
743 -0.351419 
281 -0.351419 
778 -0.351419 
1272 -0.351419 
1273 -0.351419 
1025 -0.351419 
521 -0.351419 
757 -0.351419 
619 -0.351419 
951 -0.351419 
758 -0.351419 
1276 -0.351419 
762 -0.351419 
771 -0.351419 
612 -0.351419 
763 -0.351419 
358 -0.351419 
357 -0.351419 
464 -0.351419 
306 -0.351419 
520 -0.351419 
463 -0.351419 
1189 -0.351419 
1297 -0.351419 
473 -0.351419 
522 -0.351419 
186 -0.351419 
455 -0.351419 
840 -0.351419 
802 -0.351419 
329 -0.351419 
514 -0.369003 
1192 -0.369003 
42 -0.369003 
41 -0.369003 
295 -0.369003 
40 -0.369003 
1143 -0.369003 
516 -0.369003 
109 -0.369003 
645 -0.369003 
513 -0.369003 
1345 -0.369003 
1370 -0.369003 
371 -0.369003 
1330 -0.369003 
1353 -0.369003 
353 -0.369003 
406 -0.369003 
1336 -0.369003 
806 -0.369003 
352 -0.369003 
797 -0.369003 
922 -0.369003 
1354 -0.369003 
1097 -0.369003 
1050 -0.369003 
432 -0.369003 
912 -0.369003 
433 -0.369003 
910 -0.369003 
142 -0.369003 
437 -0.369003 
896 -0.369003 
1098 -0.369003 
141 -0.369003 
1055 -0.369003 
140 -0.369003 
773 -0.369003 
56 -0.371459 
57 -0.371459 
1210 -0.371459 
419 -0.371459 
391 -0.371459 
58 -0.371459 
631 -0.371459 
1425 -0.371459 
1260 -0.371459 
651 -0.371459 
537 -0.371459 
683 -0.371459 
458 -0.371459 
536 -0.371459 
59 -0.371459 
535 -0.371459 
457 -0.371459 
901 -0.371459 
1205 -0.371459 
1147 -0.371459 
995 -0.371459 
1142 -0.371459 
1148 -0.371459 
1149 -0.371459 
236 -0.371459 
199 -0.371459 
196 -0.371459 
734 -0.371459 
1206 -0.371459 
761 -0.371459 
733 -0.371459 
55 -0.371459 
732 -0.371459 
1289 -0.383207 
564 -0.383207 
712 -0.383207 
929 -0.383207 
1009 -0.383207 
570 -0.408054 
572 -0.408054 
533 -0.408054 
21 -0.408054 
571 -0.408054 
340 -0.408054 
980 -0.408054 
70 -0.408054 
420 -0.408054 
14 -0.408054 
972 -0.408054 
425 -0.408054 
22 -0.408054 
930 -0.408054 
68 -0.408054 
1338 -0.408054 
13 -0.408054 
69 -0.408054 
1071 -0.408054 
820 -0.408054 
817 -0.408054 
832 -0.408054 
725 -0.408054 
833 -0.408054 
20 -0.408054 
1328 -0.408054 
499 -0.408054 
1085 -0.408054 
498 -0.408054 
1369 -0.408054 
1386 -0.408054 
486 -0.408054 
1361 -0.408054 
685 -0.408054 
532 -0.408054 
681 -0.408054 
1393 -0.408054 
497 -0.408054 
1392 -0.408054 
816 -0.430723 
818 -0.430723 
982 -0.430723 
574 -0.430723 
46 -0.430723 
573 -0.430723 
326 -0.430723 
45 -0.430723 
976 -0.430723 
1385 -0.430723 
386 -0.430723 
47 -0.430723 
916 -0.430723 
1360 -0.430723 
672 -0.430723 
673 -0.430723 
674 -0.430723 
680 -0.430723 
1068 -0.430723 
1070 -0.430723 
686 -0.430723 
687 -0.430723 
822 -0.430723 
688 -0.430723 
1080 -0.430723 
1082 -0.430723 
1083 -0.430723 
1218 -0.430723 
858 -0.430723 
446 -0.430723 
711 -0.430723 
823 -0.430723 
168 -0.432204 
237 -0.432204 
854 -0.432204 
1186 -0.432204 
269 -0.432204 
1034 -0.432204 
1131 -0.432204 
1138 -0.432204 
1014 -0.432204 
294 -0.432204 
288 -0.432204 
709 -0.436893 
1042 -0.436893 
708 -0.436893 
1004 -0.436893 
1022 -0.436893 
1023 -0.436893 
1026 -0.436893 
1033 -0.436893 
679 -0.436893 
845 -0.436893 
744 -0.436893 
128 -0.436893 
127 -0.436893 
776 -0.436893 
955 -0.436893 
225 -0.436893 
938 -0.436893 
908 -0.436893 
456 -0.436893 
460 -0.436893 
813 -0.436893 
461 -0.436893 
462 -0.436893 
472 -0.436893 
1194 -0.436893 
1262 -0.436893 
285 -0.436893 
1251 -0.436893 
1263 -0.436893 
553 -0.436893 
322 -0.436893 
323 -0.436893 
327 -0.436893 
330 -0.436893 
552 -0.436893 
551 -0.436893 
1280 -0.436893 
585 -0.436893 
759 -0.441616 
664 -0.441616 
784 -0.441616 
834 -0.445889 
416 -0.445889 
534 -0.445889 
1209 -0.445889 
678 -0.451351 
1295 -0.451351 
86 -0.451351 
793 -0.451351 
121 -0.451351 
122 -0.451351 
120 -0.451351 
830 -0.451351 
560 -0.451351 
87 -0.451351 
88 -0.451351 
618 -0.451351 
775 -0.451351 
525 -0.451351 
526 -0.451351 
1423 -0.451351 
670 -0.451351 
527 -0.451351 
676 -0.451351 
677 -0.451351 
1012 -0.451351 
266 -0.451351 
1286 -0.451351 
1269 -0.451351 
311 -0.451351 
336 -0.451351 
1053 -0.451351 
1052 -0.451351 
1035 -0.451351 
983 -0.451351 
965 -0.451351 
860 -0.451351 
480 -0.457871 
637 -0.457871 
633 -0.457871 
632 -0.457871 
1091 -0.457871 
1001 -0.457871 
519 -0.457871 
134 -0.457871 
133 -0.457871 
740 -0.457871 
747 -0.457871 
748 -0.457871 
897 -0.457871 
943 -0.457871 
948 -0.457871 
953 -0.457871 
502 -0.472500 
587 -0.472500 
1219 -0.472500 
839 -0.472500 
209 -0.478512 
649 -0.478512 
654 -0.478512 
159 -0.478512 
1175 -0.478512 
885 -0.478512 
887 -0.478512 
261 -0.478512 
886 -0.478512 
749 -0.478512 
1256 -0.484484 
562 -0.484484 
212 -0.484484 
630 -0.484484 
563 -0.484484 
848 -0.484484 
210 -0.484484 
1161 -0.484484 
235 -0.484484 
900 -0.484484 
971 -0.484484 
760 -0.484484 
195 -0.484484 
414 -0.484484 
716 -0.484484 
211 -0.484484 
390 -0.484484 
539 -0.484484 
1121 -0.484484 
179 -0.484484 
1144 -0.484484 
650 -0.484484 
1418 -0.484484 
538 -0.484484 
1421 -0.484484 
