2048 1
0 0.020781 
1 -1.980955 
2 -1.964404 
3 -1.270224 
4 1.762090 
5 1.410137 
6 1.949751 
7 -1.033312 
8 -2.335087 
9 0.100619 
10 0.786223 
11 2.022544 
12 2.452963 
13 -2.064018 
14 -0.153424 
15 -0.073738 
16 0.652913 
17 -1.157560 
18 1.978827 
19 2.020818 
20 0.929596 
21 1.807830 
22 2.043695 
23 1.503440 
24 -2.460365 
25 1.002580 
26 -1.326150 
27 -1.361606 
28 -1.323336 
29 -1.780586 
30 -1.245445 
31 -1.899968 
32 -1.241051 
33 -1.789045 
34 -1.516317 
35 -1.431720 
36 -1.732802 
37 -0.826175 
38 -1.962885 
39 1.415494 
40 1.802131 
41 1.571693 
42 1.822354 
43 0.579044 
44 -0.010606 
45 -0.395436 
46 2.372721 
47 1.979883 
48 1.459111 
49 2.468400 
50 -0.852051 
51 -1.168895 
52 -1.566840 
53 -1.647945 
54 -1.582320 
55 -1.439688 
56 -1.628448 
57 -1.273007 
58 1.365033 
59 -1.947533 
60 -0.170292 
61 1.846343 
62 2.012852 
63 1.589681 
64 -0.936174 
65 -1.797751 
66 -1.800269 
67 -1.413363 
68 -2.074573 
69 0.003965 
70 1.217146 
71 2.041144 
72 1.211947 
73 2.261454 
74 -1.483269 
75 -1.002708 
76 0.231938 
77 -1.408029 
78 2.373980 
79 1.479657 
80 -1.900644 
81 -1.494660 
82 -1.200314 
83 -1.569403 
84 1.220810 
85 0.689510 
86 1.956471 
87 2.010249 
88 1.506975 
89 2.170795 
90 1.627752 
91 -0.439944 
92 -1.746033 
93 0.353962 
94 1.451815 
95 2.169566 
96 1.382073 
97 -0.256069 
98 -1.880437 
99 -2.135805 
100 -1.606272 
101 -1.502039 
102 -2.232603 
103 -0.594357 
104 1.421270 
105 1.829834 
106 2.126477 
107 -0.398342 
108 -0.039955 
109 1.888871 
110 1.903181 
111 -1.511433 
112 1.706047 
113 2.081861 
114 1.631397 
115 -0.423183 
116 -0.998954 
117 -1.918215 
118 -1.775664 
119 -1.271667 
120 -1.309182 
121 -1.271930 
122 -1.786909 
123 -1.579819 
124 -1.462355 
125 -1.382230 
126 -1.309445 
127 -2.017155 
128 -1.519761 
129 -1.611033 
130 -1.796204 
131 -1.256956 
132 -1.439689 
133 -1.543117 
134 -1.449187 
135 -1.582409 
136 -1.769226 
137 -1.437357 
138 -1.778644 
139 -0.845437 
140 0.245503 
141 -2.762582 
142 -1.511507 
143 -0.793454 
144 0.311848 
145 0.894523 
146 -1.641955 
147 -2.495852 
148 -2.050808 
149 -1.904696 
150 -1.627467 
151 0.305975 
152 -0.725223 
153 -0.282290 
154 1.425474 
155 2.746280 
156 1.959876 
157 1.860580 
158 0.750922 
159 1.375877 
160 1.759821 
161 0.971981 
162 0.528024 
163 2.452045 
164 1.424122 
165 1.585226 
166 1.595119 
167 1.352704 
168 1.504235 
169 1.391758 
170 1.471644 
171 1.616828 
172 1.331282 
173 1.877324 
174 1.234046 
175 1.552313 
176 2.474225 
177 1.660004 
178 1.013617 
179 -0.832450 
180 1.733269 
181 1.467940 
182 1.226966 
183 1.766030 
184 1.717084 
185 1.456515 
186 1.418711 
187 1.447861 
188 1.725603 
189 1.674173 
190 1.963659 
191 0.344868 
192 1.075323 
193 1.686916 
194 1.752553 
195 1.382263 
196 1.539139 
197 -1.063331 
198 -1.364694 
199 2.344751 
200 -1.395026 
201 -1.742002 
202 -1.330192 
203 -1.713644 
204 -1.962575 
205 -1.797262 
206 -1.173928 
207 -1.228908 
208 0.854882 
209 -0.271027 
210 -1.731578 
211 -2.543131 
212 -1.135113 
213 -1.618320 
214 -1.630887 
215 -1.477007 
216 -1.660740 
217 -1.182884 
218 -1.377216 
219 -1.835599 
220 -1.572801 
221 -1.695472 
222 -1.419850 
223 -1.407274 
224 -1.608986 
225 -1.575119 
226 -1.453483 
227 -1.486890 
228 -1.441541 
229 -1.549466 
230 -1.678198 
231 -1.414598 
232 0.129515 
233 0.998862 
234 0.972700 
235 -3.079722 
236 -2.120123 
237 -1.827939 
238 0.050808 
239 -1.343289 
240 -1.300830 
241 -1.785702 
242 0.605800 
243 -2.221567 
244 -1.699500 
245 -1.597406 
246 -1.950844 
247 -0.942747 
248 2.177975 
249 0.622592 
250 0.198854 
251 2.093983 
252 1.771280 
253 2.478297 
254 0.406538 
255 0.104039 
256 -0.451620 
257 -0.917541 
258 1.512523 
259 2.507554 
260 -3.071924 
261 -0.603229 
262 -1.070007 
263 -0.320236 
264 -0.860315 
265 -1.328888 
266 -2.037328 
267 -1.514580 
268 -1.352085 
269 -1.553291 
270 -1.575684 
271 -1.615898 
272 -2.307948 
273 0.912922 
274 0.145966 
275 2.056746 
276 -2.047159 
277 -2.206941 
278 0.416306 
279 0.950141 
280 1.567790 
281 1.317262 
282 1.574370 
283 1.748052 
284 1.577872 
285 1.727609 
286 1.314063 
287 1.459095 
288 1.466379 
289 1.406202 
290 1.617786 
291 1.600704 
292 1.678017 
293 1.665725 
294 1.401685 
295 1.446068 
296 1.589834 
297 2.118397 
298 -1.030107 
299 -1.692575 
300 -1.536277 
301 -0.408454 
302 -1.980841 
303 -1.825797 
304 -1.915142 
305 -2.033345 
306 -0.164955 
307 -1.382546 
308 1.862985 
309 1.637128 
310 1.644974 
311 0.673297 
312 1.966720 
313 2.295414 
314 0.564804 
315 0.929548 
316 -0.368672 
317 -2.942117 
318 1.057890 
319 0.312527 
320 -1.629010 
321 -1.543488 
322 -1.839060 
323 -1.105397 
324 -1.493095 
325 -1.536068 
326 -1.188188 
327 -1.793310 
328 -1.578684 
329 -1.645047 
330 -1.504383 
331 -1.349435 
332 1.276139 
333 1.776257 
334 2.230941 
335 0.896794 
336 -0.072100 
337 1.762429 
338 2.718535 
339 -0.013293 
340 -1.609735 
341 -1.375554 
342 1.137590 
343 2.323469 
344 1.274114 
345 1.518163 
346 1.781402 
347 1.451950 
348 1.497112 
349 1.666669 
350 1.347426 
351 1.533215 
352 1.503081 
353 1.344243 
354 1.689952 
355 1.589097 
356 1.581886 
357 1.549810 
358 1.389316 
359 1.460126 
360 1.558203 
361 1.956576 
362 1.132743 
363 1.426491 
364 1.523623 
365 1.761097 
366 1.429736 
367 1.445060 
368 1.498645 
369 1.325834 
370 -0.880475 
371 2.469159 
372 -0.035263 
373 1.006761 
374 2.289754 
375 1.920830 
376 1.696763 
377 1.359399 
378 1.394634 
379 1.637425 
380 1.590426 
381 1.345530 
382 1.580025 
383 1.422444 
384 1.642098 
385 1.484716 
386 1.604572 
387 1.300162 
388 3.079034 
389 -0.936786 
390 -0.546611 
391 -0.054780 
392 0.371380 
393 -1.799098 
394 -1.837808 
395 -1.526530 
396 -1.644452 
397 -1.646008 
398 -1.441553 
399 -1.548160 
400 -1.481954 
401 -1.472145 
402 -1.380704 
403 -1.788765 
404 -1.403695 
405 -1.705679 
406 -1.418096 
407 -1.563917 
408 -1.496322 
409 -1.528829 
410 -1.600192 
411 -1.615047 
412 -1.757451 
413 -1.077439 
414 -1.730296 
415 -1.569706 
416 -1.856948 
417 -1.464995 
418 -1.459040 
419 1.950171 
420 1.403556 
421 -0.006930 
422 2.030805 
423 2.010592 
424 1.850030 
425 1.441669 
426 1.321598 
427 1.426740 
428 1.794479 
429 1.661707 
430 1.521696 
431 1.057161 
432 2.079199 
433 1.895756 
434 0.059525 
435 1.517308 
436 1.419379 
437 0.470992 
438 1.290383 
439 -2.608532 
440 -1.417148 
441 -1.750593 
442 -1.682299 
443 -1.374057 
444 -1.615574 
445 -1.726950 
446 -1.877136 
447 -0.625991 
448 -1.388686 
449 0.449363 
450 0.816695 
451 -2.917900 
452 1.127196 
453 1.708554 
454 1.692645 
455 1.707317 
456 1.420709 
457 1.409788 
458 1.624830 
459 1.521524 
460 0.552240 
461 1.038154 
462 1.868192 
463 2.270549 
464 0.176236 
465 -1.867733 
466 -2.457251 
467 -0.623076 
468 -0.420632 
469 1.638828 
470 1.618134 
471 2.165760 
472 2.242080 
473 1.811434 
474 0.760307 
475 0.780130 
476 -1.625566 
477 -1.505785 
478 -1.220312 
479 -1.744311 
480 -1.238027 
481 -1.302568 
482 -1.416364 
483 -2.043323 
484 -1.750718 
485 -1.526245 
486 -1.420080 
487 -1.385398 
488 -1.496948 
489 -1.472407 
490 -1.394939 
491 -1.663350 
492 -2.331163 
493 -1.673224 
494 -1.062569 
495 0.725216 
496 2.791992 
497 1.810218 
498 0.388553 
499 0.366056 
500 0.797133 
501 1.489876 
502 2.367527 
503 1.137401 
504 -0.023006 
505 -0.446260 
506 -2.296866 
507 -2.111533 
508 -2.125956 
509 -1.551476 
510 -1.190144 
511 -0.962465 
512 -1.386899 
513 -1.509340 
514 -1.379724 
515 -1.586264 
516 -1.648289 
517 -1.504116 
518 -1.477353 
519 -1.514996 
520 -1.535138 
521 -1.514302 
522 -1.608364 
523 -1.451982 
524 -1.258131 
525 -1.444247 
526 -1.663968 
527 -1.551308 
528 -1.786012 
529 -1.617688 
530 -1.370331 
531 -1.236335 
532 -1.294431 
533 -1.362255 
534 -1.694345 
535 -1.714784 
536 -1.447403 
537 -1.526702 
538 -1.887530 
539 -1.107547 
540 -1.416776 
541 -1.876413 
542 -1.247615 
543 -1.495522 
544 -1.263617 
545 -1.790781 
546 -1.655171 
547 -1.303302 
548 -1.471480 
549 -1.169849 
550 -1.628943 
551 -1.613613 
552 -1.536879 
553 -1.468333 
554 -1.325731 
555 -1.680225 
556 -1.397162 
557 -1.562377 
558 -1.473628 
559 -1.551663 
560 -1.346553 
561 -1.598172 
562 -1.328355 
563 -1.685597 
564 -1.398881 
565 -1.233189 
566 -1.824768 
567 -1.542314 
568 -1.473220 
569 -1.358003 
570 -1.342592 
571 -1.699981 
572 -1.472794 
573 -1.671279 
574 -1.436679 
575 -1.345608 
576 -1.574018 
577 -2.518491 
578 -1.436117 
579 -0.361198 
580 -2.640923 
581 -1.604183 
582 -0.576219 
583 -0.905459 
584 0.244565 
585 1.380471 
586 -0.317311 
587 -2.998697 
588 -0.429358 
589 -1.141824 
590 -1.992470 
591 -2.139482 
592 -1.579706 
593 -1.505822 
594 -1.515306 
595 -1.181885 
596 -1.870497 
597 -1.386152 
598 -1.554994 
599 -1.047270 
600 -2.087643 
601 -1.174533 
602 -1.254934 
603 -1.662263 
604 -2.310774 
605 -0.755978 
606 -1.062107 
607 -1.754798 
608 -1.113544 
609 0.681034 
610 1.349597 
611 2.610714 
612 -1.061678 
613 -2.799917 
614 0.231996 
615 1.447674 
616 1.318677 
617 2.493996 
618 1.602388 
619 0.454186 
620 1.661815 
621 1.197613 
622 1.610926 
623 1.461397 
624 1.326341 
625 2.164927 
626 1.282376 
627 1.327734 
628 2.308164 
629 0.967820 
630 1.413269 
631 1.674846 
632 0.335763 
633 0.998340 
634 2.092079 
635 2.115184 
636 2.001067 
637 0.868114 
638 1.368995 
639 1.795016 
640 0.656169 
641 2.350106 
642 0.501748 
643 1.833246 
644 1.733344 
645 1.509495 
646 1.310450 
647 1.504531 
648 1.728467 
649 1.415222 
650 1.497471 
651 1.400228 
652 1.424970 
653 1.556556 
654 1.480505 
655 1.460311 
656 1.570899 
657 1.666419 
658 1.302239 
659 1.431356 
660 1.643751 
661 1.495774 
662 1.268504 
663 1.709978 
664 1.568813 
665 1.544044 
666 1.617527 
667 1.324634 
668 1.361195 
669 1.647321 
670 1.753015 
671 1.357104 
672 1.568873 
673 1.517428 
674 1.505280 
675 1.562569 
676 1.494005 
677 1.406912 
678 1.815139 
679 1.244347 
680 1.437560 
681 1.282501 
682 1.645554 
683 1.690578 
684 1.521702 
685 1.671139 
686 1.042083 
687 1.611495 
688 1.635373 
689 1.399975 
690 1.374196 
691 1.541802 
692 1.693090 
693 1.518012 
694 1.958899 
695 0.942603 
696 0.938037 
697 1.066029 
698 1.718084 
699 2.279860 
700 2.525536 
701 1.839372 
702 0.496254 
703 -0.068349 
704 0.159955 
705 -0.370349 
706 1.893457 
707 -2.685998 
708 -0.948081 
709 -1.136363 
710 -1.440114 
711 -2.440943 
712 -1.964026 
713 -0.874360 
714 -1.827044 
715 -1.456925 
716 1.983543 
717 -0.659483 
718 -0.464061 
719 2.550520 
720 0.833083 
721 0.673709 
722 1.909455 
723 2.244093 
724 1.931260 
725 1.297578 
726 1.593066 
727 1.326005 
728 1.303409 
729 1.679821 
730 1.593048 
731 1.435522 
732 1.471692 
733 1.433840 
734 1.494459 
735 1.633467 
736 1.481941 
737 1.856027 
738 1.203976 
739 1.468996 
740 1.517677 
741 1.526814 
742 1.509330 
743 1.504496 
744 1.732038 
745 1.336285 
746 1.438031 
747 1.517795 
748 2.019265 
749 1.526853 
750 1.065004 
751 1.396541 
752 1.303775 
753 1.489467 
754 1.597372 
755 1.584239 
756 1.534118 
757 1.687831 
758 1.423378 
759 1.270802 
760 1.735164 
761 1.282769 
762 1.562153 
763 1.451084 
764 1.972243 
765 1.934058 
766 1.037906 
767 1.056710 
768 1.547862 
769 1.650530 
770 1.613019 
771 1.301786 
772 1.605959 
773 1.560192 
774 1.499847 
775 1.600015 
776 1.547394 
777 1.436941 
778 1.742399 
779 1.333760 
780 1.624123 
781 1.573126 
782 1.390901 
783 1.416878 
784 2.556512 
785 -0.303580 
786 0.999778 
787 1.726279 
788 -0.168766 
789 -1.810862 
790 -1.786432 
791 -1.722566 
792 -2.384650 
793 -1.545499 
794 -0.754136 
795 1.351189 
796 0.047928 
797 2.416190 
798 1.730894 
799 1.023762 
800 1.253885 
801 0.991442 
802 -0.820229 
803 -2.800709 
804 -1.186317 
805 -0.555363 
806 -1.738546 
807 -2.262849 
808 -1.832839 
809 -1.332631 
810 -1.569501 
811 -1.261991 
812 -1.555746 
813 -1.673816 
814 -1.339411 
815 -1.498769 
816 -1.556839 
817 -1.591695 
818 -1.110329 
819 -1.703813 
820 -1.804879 
821 -1.125488 
822 -1.451248 
823 -1.689182 
824 -1.340630 
825 -1.645972 
826 -1.681783 
827 -1.224093 
828 -1.874994 
829 -2.237684 
830 -0.482246 
831 -1.096208 
832 -0.928603 
833 -1.499709 
834 -2.326930 
835 -1.249033 
836 -1.640421 
837 -1.507334 
838 -1.361224 
839 -1.535735 
840 -1.562841 
841 -1.385922 
842 -1.705495 
843 -1.411229 
844 -1.641940 
845 -1.551363 
846 -1.316591 
847 -1.496159 
848 -1.612901 
849 -1.469438 
850 -1.845032 
851 -1.194803 
852 -1.476462 
853 -1.504653 
854 -1.411343 
855 -1.741186 
856 -1.712284 
857 -1.312896 
858 -1.591093 
859 -1.314493 
860 -1.410500 
861 -1.417234 
862 -1.764091 
863 -1.505205 
864 -1.560230 
865 -1.531854 
866 -1.511323 
867 -1.640299 
868 -1.399214 
869 -1.249500 
870 -1.478058 
871 -1.919848 
872 -1.488063 
873 -1.355482 
874 -1.747715 
875 -1.442883 
876 -1.451730 
877 -1.350459 
878 -1.578297 
879 -1.766995 
880 -1.712870 
881 -1.633410 
882 -1.418963 
883 -1.383881 
884 -1.582112 
885 -1.376764 
886 -1.442691 
887 -1.527400 
888 -1.432693 
889 -1.512974 
890 -1.630348 
891 -1.506880 
892 -1.486348 
893 -1.648198 
894 -1.362335 
895 -1.542661 
896 -1.369011 
897 -1.604672 
898 -1.586356 
899 -1.470812 
900 -1.730407 
901 -1.481082 
902 -1.485924 
903 -1.372891 
904 -1.800015 
905 -1.355474 
906 -1.504427 
907 -1.271646 
908 -1.464584 
909 -1.405568 
910 -1.252132 
911 -1.887081 
912 -1.497105 
913 -1.395790 
914 -1.489135 
915 -1.613150 
916 -1.440980 
917 -1.483577 
918 -1.684166 
919 -1.530007 
920 -1.525185 
921 -1.553545 
922 -1.431507 
923 -1.494088 
924 -1.488306 
925 -1.164177 
926 -1.403700 
927 -1.893156 
928 -1.298267 
929 0.540873 
930 -2.145181 
931 -2.007777 
932 -2.773012 
933 -1.253705 
934 0.117146 
935 1.025060 
936 -0.492166 
937 -0.853269 
938 -2.000345 
939 -2.257853 
940 -1.376173 
941 -1.581563 
942 -1.429633 
943 -1.641878 
944 -1.735546 
945 -1.305341 
946 -1.286177 
947 -1.733867 
948 -2.018634 
949 -1.136762 
950 -1.874835 
951 -0.925495 
952 -0.652371 
953 -1.256074 
954 -1.715450 
955 -2.299193 
956 -1.886062 
957 -1.463184 
958 -1.405218 
959 -1.191883 
960 -1.217744 
961 -1.807554 
962 -1.420731 
963 -1.764348 
964 -1.968688 
965 -2.432433 
966 -0.256560 
967 0.053832 
968 1.299067 
969 2.034635 
970 2.132875 
971 1.008240 
972 -0.470367 
973 -1.566927 
974 -2.275604 
975 -1.520648 
976 -1.824843 
977 -1.966469 
978 -1.526832 
979 -0.677595 
980 0.274867 
981 -1.357924 
982 -2.575342 
983 -1.528219 
984 -3.245532 
985 -0.967332 
986 0.082134 
987 0.683616 
988 1.596081 
989 2.353825 
990 1.375754 
991 0.739154 
992 0.601021 
993 2.004639 
994 0.948423 
995 2.215794 
996 1.997098 
997 1.360240 
998 1.699008 
999 0.790069 
1000 1.589162 
1001 1.356587 
1002 0.851472 
1003 2.481231 
1004 1.311542 
1005 1.207122 
1006 1.461869 
1007 2.053890 
1008 2.378839 
1009 1.596267 
1010 0.385174 
1011 1.230046 
1012 2.879930 
1013 1.533790 
1014 0.271437 
1015 0.312821 
1016 0.685388 
1017 1.621261 
1018 1.940801 
1019 1.863742 
1020 1.035274 
1021 -0.446596 
1022 -1.874885 
1023 -2.533201 
1024 -2.704754 
1025 -0.173625 
1026 1.569976 
1027 0.697873 
1028 1.731338 
1029 2.024192 
1030 1.119630 
1031 1.269202 
1032 1.180300 
1033 1.666508 
1034 1.484750 
1035 1.580467 
1036 1.797726 
1037 1.707154 
1038 1.158849 
1039 1.461617 
1040 1.611324 
1041 0.507842 
1042 -1.262094 
1043 2.338417 
1044 1.956889 
1045 2.043097 
1046 1.293456 
1047 0.349699 
1048 2.367409 
1049 -1.687899 
1050 0.209718 
1051 -1.111539 
1052 -1.485905 
1053 -1.508278 
1054 -1.407286 
1055 -1.997560 
1056 -1.566284 
1057 -1.710241 
1058 -1.373932 
1059 -1.469684 
1060 -1.136567 
1061 -1.126830 
1062 -2.065674 
1063 -1.515213 
1064 -1.941946 
1065 -1.678619 
1066 -1.213606 
1067 -1.150159 
1068 -1.458355 
1069 -2.138507 
1070 -1.349188 
1071 -1.018757 
1072 -0.049029 
1073 2.799197 
1074 0.816191 
1075 -1.483246 
1076 -2.523396 
1077 -1.401017 
1078 -1.092768 
1079 -0.837581 
1080 -0.888222 
1081 -0.894061 
1082 -1.839754 
1083 -2.257685 
1084 -1.107702 
1085 -1.652920 
1086 -1.681858 
1087 -1.487832 
1088 -1.489514 
1089 -1.726187 
1090 -1.564445 
1091 -1.279070 
1092 -1.537203 
1093 -1.568205 
1094 -1.673146 
1095 -1.194212 
1096 -1.738890 
1097 -0.264458 
1098 -1.658527 
1099 -2.197875 
1100 -2.043953 
1101 -1.494004 
1102 -1.652472 
1103 -0.791377 
1104 -1.043996 
1105 -1.479474 
1106 -1.961949 
1107 -1.556642 
1108 -1.033076 
1109 -1.654457 
1110 -1.506312 
1111 -1.729035 
1112 -1.653716 
1113 -1.371809 
1114 -1.647683 
1115 -1.304436 
1116 -1.677037 
1117 -1.683117 
1118 -1.499559 
1119 -1.082326 
1120 -0.311852 
1121 -1.649571 
1122 -1.677374 
1123 -2.043787 
1124 -1.773852 
1125 -0.421954 
1126 1.312848 
1127 2.443972 
1128 1.477830 
1129 2.044778 
1130 1.166014 
1131 -1.772336 
1132 -2.008178 
1133 -2.330819 
1134 -0.713379 
1135 -0.237795 
1136 1.342413 
1137 1.592118 
1138 1.778309 
1139 1.335421 
1140 1.653381 
1141 0.917312 
1142 1.970006 
1143 1.630881 
1144 1.336556 
1145 1.647311 
1146 1.742694 
1147 1.417303 
1148 1.357110 
1149 1.601858 
1150 1.645108 
1151 1.431996 
1152 1.380618 
1153 1.654516 
1154 1.551949 
1155 1.463265 
1156 1.307901 
1157 1.447167 
1158 1.534847 
1159 1.662298 
1160 1.503757 
1161 1.591204 
1162 2.061780 
1163 0.662864 
1164 1.358996 
1165 2.835227 
1166 1.001200 
1167 0.180977 
1168 -0.714451 
1169 -2.751167 
1170 -1.286146 
1171 0.025752 
1172 1.463065 
1173 -1.595411 
1174 -1.712892 
1175 -1.760276 
1176 -1.646512 
1177 -0.100608 
1178 1.270261 
1179 2.431822 
1180 1.380077 
1181 2.064294 
1182 1.839803 
1183 0.713589 
1184 -0.585932 
1185 -1.542612 
1186 -1.673953 
1187 -2.005517 
1188 -1.544436 
1189 -1.574000 
1190 -1.876501 
1191 -1.245074 
1192 -2.100382 
1193 -0.732295 
1194 -1.722376 
1195 -1.457153 
1196 -1.196285 
1197 1.280741 
1198 1.630358 
1199 2.090973 
1200 1.601692 
1201 0.182211 
1202 -1.547271 
1203 -2.324012 
1204 -2.536659 
1205 -0.331015 
1206 -1.490294 
1207 -1.344534 
1208 -1.952050 
1209 -1.870578 
1210 -0.499335 
1211 -1.370532 
1212 -1.445198 
1213 -1.451002 
1214 -1.745136 
1215 -1.371640 
1216 -1.693631 
1217 -1.127699 
1218 -2.020366 
1219 -1.209488 
1220 -0.739108 
1221 -1.460968 
1222 -2.893228 
1223 0.834794 
1224 1.579607 
1225 2.450906 
1226 1.529342 
1227 0.538015 
1228 1.292885 
1229 -2.255468 
1230 1.016180 
1231 1.776504 
1232 1.446813 
1233 1.666881 
1234 1.861454 
1235 1.252169 
1236 1.745579 
1237 1.189347 
1238 2.100919 
1239 1.011881 
1240 1.326619 
1241 1.102500 
1242 1.957862 
1243 1.954304 
1244 2.544266 
1245 1.436678 
1246 1.610159 
1247 0.687266 
1248 1.242781 
1249 0.962750 
1250 1.648365 
1251 2.151516 
1252 1.623068 
1253 1.587900 
1254 1.421855 
1255 1.305392 
1256 1.340804 
1257 1.390185 
1258 1.509746 
1259 1.823259 
1260 1.536126 
1261 1.747741 
1262 1.542276 
1263 1.163431 
1264 1.672716 
1265 0.884147 
1266 1.697887 
1267 1.894438 
1268 3.154708 
1269 0.869106 
1270 -0.701496 
1271 -1.040011 
1272 -2.327352 
1273 -0.603761 
1274 1.618660 
1275 1.657848 
1276 1.399650 
1277 1.966014 
1278 2.075585 
1279 0.642771 
1280 -0.360884 
1281 -1.582217 
1282 -1.457261 
1283 -2.320783 
1284 -1.943047 
1285 -1.121989 
1286 -1.261647 
1287 -1.811713 
1288 -1.498761 
1289 -1.865623 
1290 -1.454264 
1291 -1.286057 
1292 -1.420655 
1293 -1.385522 
1294 -1.487944 
1295 -1.750757 
1296 -1.362111 
1297 -1.678343 
1298 -1.631088 
1299 -1.404578 
1300 -1.532402 
1301 -1.265255 
1302 -1.873512 
1303 -1.577059 
1304 -1.516057 
1305 -0.979459 
1306 -1.698834 
1307 -1.767599 
1308 -1.394132 
1309 -1.478981 
1310 -1.238239 
1311 -1.885524 
1312 -1.520961 
1313 -1.819247 
1314 -1.394796 
1315 -1.304251 
1316 -1.623184 
1317 -1.568713 
1318 -1.329539 
1319 -1.481137 
1320 -1.919521 
1321 -1.438686 
1322 -1.276653 
1323 -1.445524 
1324 -1.625178 
1325 -1.801966 
1326 -1.489921 
1327 -1.082904 
1328 0.696230 
1329 1.643554 
1330 2.111721 
1331 1.670967 
1332 0.246461 
1333 -1.136097 
1334 -2.247928 
1335 -1.872374 
1336 -2.475238 
1337 -1.557987 
1338 -1.200915 
1339 0.672896 
1340 -0.522329 
1341 -1.996289 
1342 -2.307510 
1343 -0.794224 
1344 1.303642 
1345 0.945929 
1346 1.315766 
1347 2.487997 
1348 0.326165 
1349 1.863676 
1350 1.673545 
1351 1.729598 
1352 1.562873 
1353 1.506119 
1354 1.601222 
1355 1.174690 
1356 1.556085 
1357 2.602705 
1358 0.884994 
1359 -1.127494 
1360 -1.696466 
1361 -2.389370 
1362 -0.123978 
1363 1.411080 
1364 0.795329 
1365 -0.355278 
1366 -1.434452 
1367 -2.929650 
1368 -2.418554 
1369 -2.043553 
1370 0.102049 
1371 0.218650 
1372 1.151687 
1373 1.894243 
1374 1.271184 
1375 1.837111 
1376 1.435610 
1377 1.492344 
1378 1.512984 
1379 1.591278 
1380 1.452526 
1381 1.269965 
1382 1.987346 
1383 1.263310 
1384 1.509648 
1385 1.414574 
1386 1.721683 
1387 1.452387 
1388 1.581403 
1389 1.697687 
1390 1.313848 
1391 1.588222 
1392 1.434740 
1393 1.387258 
1394 1.518929 
1395 1.765282 
1396 1.695250 
1397 1.352100 
1398 1.462973 
1399 1.536458 
1400 1.513877 
1401 1.523894 
1402 1.561407 
1403 1.569796 
1404 1.532612 
1405 1.555508 
1406 1.356750 
1407 1.553411 
1408 1.439663 
1409 1.768774 
1410 1.546049 
1411 1.267805 
1412 1.622301 
1413 1.500271 
1414 1.551776 
1415 1.329002 
1416 1.538655 
1417 1.503334 
1418 1.602667 
1419 1.378528 
1420 1.420100 
1421 1.710888 
1422 1.267865 
1423 1.619609 
1424 1.439086 
1425 1.527169 
1426 1.511545 
1427 1.581880 
1428 1.563827 
1429 1.457851 
1430 1.538397 
1431 1.408909 
1432 1.698454 
1433 1.299216 
1434 1.519705 
1435 1.412603 
1436 1.854500 
1437 1.516236 
1438 1.330964 
1439 1.400974 
1440 1.327980 
1441 1.718375 
1442 1.467031 
1443 1.581909 
1444 1.718774 
1445 1.547466 
1446 1.462959 
1447 1.302195 
1448 1.778096 
1449 1.372507 
1450 1.527549 
1451 1.573468 
1452 1.380961 
1453 1.402829 
1454 1.696456 
1455 1.494938 
1456 1.232927 
1457 1.667752 
1458 1.192130 
1459 1.859117 
1460 1.407198 
1461 1.394975 
1462 1.505069 
1463 1.598670 
1464 1.389005 
1465 1.447605 
1466 1.527281 
1467 1.599467 
1468 1.670860 
1469 1.208471 
1470 1.537713 
1471 1.735808 
1472 -2.085725 
1473 -1.696327 
1474 1.182164 
1475 -1.778877 
1476 -1.322375 
1477 -1.692184 
1478 -1.363068 
1479 -1.816685 
1480 -2.550088 
1481 -0.706881 
1482 -1.371578 
1483 -1.164587 
1484 -0.592935 
1485 0.487660 
1486 0.372788 
1487 3.207983 
1488 2.929752 
1489 1.206562 
1490 0.681749 
1491 0.430586 
1492 -0.145418 
1493 0.799850 
1494 1.948750 
1495 2.405245 
1496 1.762160 
1497 1.721172 
1498 1.043555 
1499 1.423193 
1500 1.564881 
1501 1.921008 
1502 1.291169 
1503 1.397520 
1504 1.439267 
1505 1.171435 
1506 1.805171 
1507 1.758388 
1508 1.423607 
1509 1.421666 
1510 1.852539 
1511 1.522849 
1512 1.522888 
1513 1.482363 
1514 1.550114 
1515 1.577432 
1516 1.884245 
1517 1.304777 
1518 1.245522 
1519 1.587331 
1520 1.327410 
1521 1.563389 
1522 1.567762 
1523 1.491494 
1524 1.712330 
1525 1.519772 
1526 1.538133 
1527 1.282591 
1528 1.327492 
1529 1.299421 
1530 1.742804 
1531 1.722955 
1532 1.650046 
1533 1.327368 
1534 1.912530 
1535 1.109082 
1536 1.470098 
1537 1.023322 
1538 1.837852 
1539 1.712924 
1540 1.651809 
1541 1.758592 
1542 1.478403 
1543 1.179155 
1544 2.024990 
1545 1.196818 
1546 1.810868 
1547 1.128744 
1548 1.238249 
1549 1.353528 
1550 1.407899 
1551 2.067855 
1552 1.815744 
1553 2.090401 
1554 0.764158 
1555 1.422412 
1556 -1.665695 
1557 -1.434534 
1558 -0.470989 
1559 -2.245043 
1560 -2.058815 
1561 -2.363867 
1562 -0.358571 
1563 0.190940 
1564 1.395694 
1565 2.665047 
1566 1.226128 
1567 -0.404187 
1568 -0.849979 
1569 -1.085317 
1570 -2.022954 
1571 -1.893964 
1572 -1.815190 
1573 -1.373668 
1574 -1.798677 
1575 -0.969930 
1576 -1.671485 
1577 -1.443920 
1578 -1.451873 
1579 -1.516679 
1580 -1.661291 
1581 -1.355522 
1582 -1.405947 
1583 -1.658517 
1584 -1.363567 
1585 -1.590679 
1586 -1.613053 
1587 -1.388425 
1588 -1.446518 
1589 -1.552703 
1590 -1.478617 
1591 -1.448574 
1592 -1.486028 
1593 -1.374894 
1594 -1.573480 
1595 -1.493470 
1596 -1.388563 
1597 -1.590055 
1598 -1.556345 
1599 -1.514517 
1600 -1.345373 
1601 -1.215255 
1602 -1.779021 
1603 -1.588223 
1604 -1.618266 
1605 -1.523320 
1606 -1.161221 
1607 -1.670120 
1608 -1.384108 
1609 -1.656825 
1610 -1.399919 
1611 -1.644384 
1612 -1.544271 
1613 -1.662831 
1614 -1.507362 
1615 -1.403574 
1616 -1.471005 
1617 -2.027781 
1618 -1.150972 
1619 -1.244048 
1620 -1.534013 
1621 -1.567375 
1622 -1.443126 
1623 -1.513308 
1624 -1.284008 
1625 -1.477819 
1626 -1.761799 
1627 -1.491920 
1628 -1.012839 
1629 -1.273892 
1630 -1.599541 
1631 -2.067749 
1632 -0.898369 
1633 -2.099395 
1634 -1.457878 
1635 -1.699237 
1636 -1.564930 
1637 -1.821979 
1638 -1.624864 
1639 -1.152735 
1640 -0.703805 
1641 -1.096664 
1642 -0.837049 
1643 -2.976979 
1644 -1.308069 
1645 -1.513250 
1646 -1.499749 
1647 -1.605923 
1648 -1.261725 
1649 -1.796266 
1650 -1.528506 
1651 -1.354076 
1652 -1.579041 
1653 -1.593641 
1654 -1.730621 
1655 -1.223983 
1656 -0.456857 
1657 -1.257118 
1658 -1.631139 
1659 -2.272044 
1660 -2.188179 
1661 -2.320401 
1662 0.553204 
1663 -0.018810 
1664 2.109119 
1665 0.693729 
1666 1.489640 
1667 1.651895 
1668 0.363560 
1669 1.064840 
1670 1.500728 
1671 2.673783 
1672 1.034039 
1673 1.214872 
1674 1.716987 
1675 1.995900 
1676 1.072747 
1677 1.654314 
1678 1.179613 
1679 2.037161 
1680 1.362022 
1681 1.630910 
1682 1.462582 
1683 1.442565 
1684 1.581920 
1685 1.484689 
1686 1.426920 
1687 1.509628 
1688 1.701278 
1689 1.254782 
1690 1.788877 
1691 1.235082 
1692 1.536610 
1693 1.644518 
1694 1.316707 
1695 1.528926 
1696 1.415623 
1697 1.523913 
1698 1.606765 
1699 1.497767 
1700 1.408657 
1701 1.438239 
1702 1.689868 
1703 1.562284 
1704 1.808264 
1705 1.480646 
1706 1.451047 
1707 1.227798 
1708 1.595085 
1709 1.596133 
1710 1.108676 
1711 1.621997 
1712 1.562108 
1713 1.740101 
1714 1.381504 
1715 1.421528 
1716 1.471949 
1717 1.701580 
1718 1.355525 
1719 1.542386 
1720 1.975304 
1721 1.569301 
1722 0.873906 
1723 1.521268 
1724 2.073153 
1725 1.242591 
1726 1.257705 
1727 1.741634 
1728 1.333940 
1729 1.605552 
1730 1.751270 
1731 1.404683 
1732 1.414597 
1733 1.647244 
1734 1.382324 
1735 1.573436 
1736 1.381526 
1737 0.895503 
1738 1.587464 
1739 2.206902 
1740 1.939069 
1741 1.154972 
1742 1.487568 
1743 1.300386 
1744 1.564835 
1745 1.114881 
1746 1.443265 
1747 1.888986 
1748 0.279293 
1749 2.066833 
1750 2.415496 
1751 -0.735165 
1752 1.822957 
1753 -0.322899 
1754 -1.638425 
1755 -2.194046 
1756 1.368818 
1757 0.430112 
1758 -2.527822 
1759 -1.506331 
1760 -1.549477 
1761 -1.609318 
1762 -1.671925 
1763 -1.239656 
1764 -0.547567 
1765 -2.298090 
1766 -2.153033 
1767 -0.586236 
1768 1.662295 
1769 1.017979 
1770 -0.928469 
1771 -2.521051 
1772 -0.459476 
1773 1.979032 
1774 1.273493 
1775 2.041318 
1776 2.933859 
1777 1.278630 
1778 0.071039 
1779 -0.790920 
1780 -0.637084 
1781 -2.231571 
1782 -1.756841 
1783 -1.333824 
1784 -0.139218 
1785 1.400499 
1786 0.557454 
1787 2.870573 
1788 3.043792 
1789 0.077951 
1790 0.271898 
1791 0.989528 
1792 1.646318 
1793 2.261048 
1794 1.555651 
1795 0.669016 
1796 1.832398 
1797 1.498435 
1798 1.548646 
1799 1.010110 
1800 1.807050 
1801 1.493519 
1802 1.513421 
1803 1.268329 
1804 1.701676 
1805 1.042066 
1806 1.641366 
1807 1.721823 
1808 1.473890 
1809 1.734910 
1810 1.294428 
1811 1.574076 
1812 1.718241 
1813 1.650017 
1814 1.386628 
1815 1.185125 
1816 1.513233 
1817 1.569219 
1818 1.572878 
1819 1.290450 
1820 1.500563 
1821 1.474378 
1822 1.289015 
1823 1.712051 
1824 1.488122 
1825 1.599654 
1826 1.340867 
1827 1.537685 
1828 1.458706 
1829 1.765034 
1830 1.649073 
1831 1.102640 
1832 1.248557 
1833 1.343557 
1834 1.360456 
1835 2.009986 
1836 1.606809 
1837 1.361250 
1838 1.741187 
1839 1.238257 
1840 1.610622 
1841 1.725971 
1842 1.336277 
1843 1.484048 
1844 2.071074 
1845 1.374707 
1846 1.358696 
1847 1.299353 
1848 1.445553 
1849 1.201071 
1850 1.850515 
1851 1.511175 
1852 1.458892 
1853 1.553692 
1854 1.477970 
1855 1.483943 
1856 1.248675 
1857 2.642804 
1858 1.721003 
1859 -0.161429 
1860 0.930367 
1861 -0.514263 
1862 -2.284552 
1863 -2.232689 
1864 -1.777401 
1865 -1.862323 
1866 -1.494257 
1867 -0.656221 
1868 -1.628945 
1869 -1.269433 
1870 -1.629855 
1871 -1.446068 
1872 -1.971259 
1873 -1.737558 
1874 -1.161922 
1875 -1.253507 
1876 -1.342864 
1877 -2.796489 
1878 1.356786 
1879 0.326610 
1880 1.818262 
1881 1.999475 
1882 1.409063 
1883 0.676183 
1884 1.008550 
1885 1.840216 
1886 1.466177 
1887 1.855465 
1888 1.422079 
1889 1.799850 
1890 1.728686 
1891 0.856896 
1892 0.978990 
1893 -0.274841 
1894 2.121732 
1895 2.317981 
1896 1.890676 
1897 1.312582 
1898 -1.051983 
1899 -2.152064 
1900 0.414036 
1901 -0.902038 
1902 -2.368956 
1903 -1.915286 
1904 -1.393778 
1905 -1.957345 
1906 -1.364969 
1907 -1.257237 
1908 -1.857343 
1909 -2.457748 
1910 -0.894297 
1911 -0.382356 
1912 2.347069 
1913 1.857908 
1914 1.229125 
1915 0.394428 
1916 -2.322660 
1917 -2.001162 
1918 -1.021961 
1919 -0.731834 
1920 -0.868395 
1921 -1.952915 
1922 -1.447626 
1923 -1.829193 
1924 -1.592059 
1925 -1.812309 
1926 -1.645346 
1927 -1.169083 
1928 -1.591458 
1929 -1.754458 
1930 -1.421418 
1931 -1.437547 
1932 -1.547458 
1933 -1.508639 
1934 -1.406505 
1935 -1.541470 
1936 -1.439565 
1937 -1.526414 
1938 -1.330065 
1939 -1.618581 
1940 -1.307125 
1941 -1.408557 
1942 -1.616056 
1943 -1.700846 
1944 -1.666237 
1945 -1.357883 
1946 -1.472446 
1947 -1.490909 
1948 -1.471098 
1949 -1.476291 
1950 -1.529681 
1951 -1.633492 
1952 -1.378197 
1953 -1.474208 
1954 -1.842336 
1955 -1.322186 
1956 -1.563139 
1957 -1.579190 
1958 -1.713271 
1959 -1.253025 
1960 -1.408064 
1961 -1.523553 
1962 -1.457609 
1963 -1.742650 
1964 -1.292011 
1965 -1.520192 
1966 -1.514952 
1967 -1.651178 
1968 -1.649771 
1969 -1.669304 
1970 -1.166146 
1971 -1.509508 
1972 -1.603370 
1973 -1.594411 
1974 -1.470248 
1975 -1.343221 
1976 -1.401025 
1977 -1.340360 
1978 -1.551682 
1979 -1.665702 
1980 -1.620768 
1981 -1.664296 
1982 -1.593793 
1983 -1.205749 
1984 -1.130836 
1985 -0.411088 
1986 -1.906227 
1987 -2.338373 
1988 -2.404664 
1989 -0.332864 
1990 1.303462 
1991 1.619371 
1992 1.149022 
1993 -0.667715 
1994 -1.904361 
1995 -2.216426 
1996 -0.983367 
1997 -1.639145 
1998 -1.270986 
1999 -2.055643 
2000 -1.736964 
2001 -2.487261 
2002 -0.969039 
2003 -0.200348 
2004 -2.080585 
2005 -1.299476 
2006 0.121529 
2007 1.960912 
2008 1.863862 
2009 2.300656 
2010 1.113697 
2011 0.704590 
2012 1.408208 
2013 1.784989 
2014 1.372914 
2015 1.519786 
2016 1.806695 
2017 2.625310 
2018 0.650238 
2019 0.231465 
2020 2.620920 
2021 -0.936391 
2022 0.631791 
2023 -1.725545 
2024 -1.055693 
2025 -1.234432 
2026 -1.713009 
2027 -2.014975 
2028 -1.939002 
2029 -1.398823 
2030 -1.746216 
2031 -0.971323 
2032 -1.474629 
2033 -1.660926 
2034 -1.455011 
2035 -1.368828 
2036 -1.392424 
2037 -1.409610 
2038 -1.562493 
2039 -1.604171 
2040 -1.345033 
2041 -1.669709 
2042 -1.655683 
2043 -1.405120 
2044 -1.849531 
2045 -1.469705 
2046 -1.387246 
2047 -1.259846 
