1446 1
509 0.499249 
1199 0.499249 
884 0.499249 
65 0.499249 
1216 0.499249 
1218 0.499249 
863 0.499249 
896 0.499249 
782 0.499249 
30 0.499249 
1253 0.499249 
709 0.499249 
656 0.499249 
1182 0.499249 
1323 0.499249 
445 0.499249 
97 0.499249 
425 0.499249 
1057 0.499249 
1145 0.499249 
46 0.499249 
144 0.499249 
1443 0.499249 
45 0.477190 
907 0.477190 
920 0.477190 
952 0.477190 
1019 0.477190 
888 0.477190 
843 0.477190 
753 0.477190 
543 0.477190 
528 0.477190 
485 0.477190 
429 0.477190 
394 0.477190 
358 0.477190 
353 0.477190 
281 0.477190 
216 0.477190 
1435 0.477190 
1379 0.477190 
1360 0.477190 
195 0.464144 
551 0.464144 
1085 0.464144 
723 0.464144 
1180 0.464144 
841 0.462111 
461 0.462111 
455 0.462111 
1212 0.462111 
10 0.462111 
1183 0.462111 
912 0.462111 
421 0.462111 
1250 0.462111 
1416 0.462111 
118 0.462111 
1137 0.462111 
242 0.462111 
1141 0.462111 
240 0.459989 
1123 0.459989 
178 0.459989 
524 0.459989 
1339 0.459989 
1430 0.459989 
365 0.459989 
286 0.459989 
433 0.459989 
1369 0.459989 
354 0.459989 
1408 0.459989 
959 0.459989 
1233 0.459989 
1219 0.459989 
1248 0.459989 
917 0.459989 
834 0.459989 
1003 0.459989 
1150 0.459989 
993 0.458087 
356 0.458087 
1362 0.458087 
1176 0.458087 
894 0.458087 
1425 0.458087 
1205 0.458087 
864 0.458087 
177 0.458087 
133 0.458087 
477 0.458087 
826 0.458087 
633 0.458087 
603 0.458087 
548 0.458087 
1281 0.458087 
534 0.458087 
1293 0.458087 
518 0.458087 
512 0.458087 
1107 0.436019 
732 0.436019 
1098 0.436019 
1093 0.436019 
1147 0.436019 
1029 0.436019 
150 0.436019 
1135 0.436019 
1022 0.436019 
272 0.436019 
800 0.436019 
1258 0.436019 
342 0.436019 
1267 0.436019 
367 0.436019 
389 0.436019 
1179 0.436019 
413 0.436019 
839 0.436019 
1 0.436019 
882 0.436019 
446 0.436019 
1308 0.436019 
14 0.436019 
41 0.436019 
42 0.436019 
1054 0.435751 
691 0.435751 
689 0.435751 
267 0.435751 
693 0.435751 
736 0.435751 
791 0.435751 
1328 0.435751 
831 0.435751 
515 0.435751 
1132 0.435751 
935 0.435751 
470 0.435751 
1397 0.435751 
1239 0.435751 
955 0.435751 
1230 0.435751 
362 0.435260 
932 0.435260 
808 0.435260 
785 0.435260 
1324 0.434644 
1225 0.434644 
962 0.434644 
409 0.434644 
37 0.434644 
560 0.434644 
1095 0.434644 
851 0.434644 
138 0.434644 
644 0.434644 
1213 0.434644 
1072 0.434644 
665 0.434644 
674 0.434644 
686 0.434644 
1084 0.434644 
1193 0.429704 
1195 0.429704 
1063 0.429704 
1200 0.429704 
1146 0.429704 
35 0.429704 
1047 0.429704 
1027 0.429704 
497 0.429704 
500 0.429704 
1365 0.429704 
522 0.429704 
602 0.429704 
1310 0.429704 
1307 0.429704 
714 0.429704 
1284 0.429704 
744 0.429704 
757 0.429704 
860 0.429704 
576 0.425783 
209 0.425783 
403 0.425783 
1438 0.425783 
27 0.425783 
154 0.425783 
652 0.418872 
215 0.418872 
1043 0.418872 
1235 0.418872 
1372 0.418872 
613 0.418872 
869 0.418872 
635 0.418872 
770 0.418872 
106 0.418872 
397 0.418645 
180 0.418645 
381 0.418645 
1174 0.418645 
474 0.418645 
1166 0.418645 
1013 0.418645 
1163 0.418645 
847 0.406888 
496 0.406888 
156 0.406888 
1269 0.406888 
170 0.391724 
599 0.391724 
624 0.391724 
24 0.391724 
488 0.391724 
188 0.391724 
119 0.391724 
376 0.391724 
393 0.377048 
161 0.377048 
833 0.377048 
199 0.377048 
1289 0.377048 
5 0.377048 
1088 0.377048 
202 0.377048 
283 0.377048 
318 0.377048 
13 0.377048 
256 0.377048 
56 0.377048 
1025 0.377048 
460 0.377048 
309 0.377048 
411 0.377048 
985 0.377048 
1374 0.377048 
302 0.377048 
1373 0.377048 
1243 0.377048 
1214 0.377048 
521 0.377048 
1321 0.366327 
114 0.366327 
629 0.366327 
761 0.366327 
1414 0.366327 
448 0.366327 
87 0.366327 
581 0.366327 
290 0.366327 
856 0.366327 
229 0.366327 
1173 0.366327 
819 0.366327 
930 0.366327 
936 0.366327 
947 0.366327 
198 0.366327 
1245 0.341937 
1380 0.341937 
218 0.341937 
479 0.341937 
627 0.341937 
493 0.341937 
898 0.341937 
363 0.341937 
908 0.341937 
291 0.341937 
1343 0.341937 
1345 0.341937 
554 0.341937 
668 0.341937 
803 0.341937 
40 0.341937 
1320 0.341937 
250 0.341937 
402 0.341937 
1184 0.341937 
846 0.341937 
76 0.341937 
388 0.341937 
1259 0.335802 
444 0.335802 
328 0.335802 
9 0.335802 
1115 0.335802 
951 0.335802 
22 0.335802 
1192 0.335802 
1061 0.335802 
1224 0.335802 
1018 0.335802 
434 0.335802 
859 0.335802 
1317 0.335802 
123 0.335802 
19 0.335802 
1301 0.335802 
660 0.335802 
1270 0.335802 
1322 0.335802 
1251 0.335802 
805 0.335802 
877 0.335802 
798 0.335802 
580 0.335802 
590 0.335802 
585 0.335802 
929 0.335802 
368 0.332065 
126 0.332065 
1255 0.332065 
788 0.332065 
840 0.332065 
1290 0.332065 
1294 0.332065 
1203 0.332065 
852 0.332065 
440 0.332065 
442 0.332065 
1041 0.332065 
1040 0.332065 
638 0.332065 
969 0.332065 
868 0.332065 
895 0.332065 
605 0.332065 
900 0.332065 
264 0.332065 
200 0.332065 
125 0.332065 
221 0.332065 
271 0.332065 
325 0.328368 
1129 0.319924 
1432 0.319924 
1116 0.319924 
399 0.319924 
155 0.319924 
1327 0.319924 
765 0.319924 
1073 0.319924 
1359 0.319924 
152 0.319924 
824 0.301923 
588 0.301923 
1125 0.301923 
371 0.301923 
503 0.301923 
1079 0.301923 
983 0.301923 
845 0.301923 
1094 0.301923 
323 0.301923 
887 0.301923 
829 0.301923 
837 0.301923 
321 0.301923 
197 0.301923 
972 0.301923 
673 0.301923 
1368 0.301923 
1026 0.301923 
510 0.301923 
335 0.301923 
347 0.301923 
1318 0.301923 
338 0.301923 
738 0.301923 
822 0.301923 
1033 0.301923 
189 0.301923 
535 0.300475 
49 0.300475 
921 0.300475 
539 0.300475 
555 0.300475 
1162 0.300475 
874 0.300475 
928 0.300475 
648 0.300475 
997 0.300475 
823 0.300475 
1229 0.300475 
1122 0.300475 
982 0.300475 
1074 0.300475 
727 0.300475 
1197 0.300475 
17 0.300475 
168 0.300475 
334 0.300475 
1103 0.298226 
212 0.298226 
452 0.298226 
337 0.298226 
1319 0.298226 
769 0.298226 
257 0.298226 
1155 0.298226 
1336 0.298226 
1120 0.298226 
471 0.293915 
34 0.293915 
432 0.293915 
330 0.293915 
1296 0.293915 
989 0.293915 
374 0.293915 
913 0.293915 
422 0.293915 
1032 0.293915 
43 0.293915 
589 0.293915 
1191 0.293915 
1333 0.293915 
1148 0.293915 
880 0.282295 
979 0.282295 
469 0.282295 
1272 0.282295 
506 0.282295 
865 0.282295 
702 0.282295 
50 0.282295 
68 0.282295 
708 0.282295 
1049 0.282295 
1263 0.282295 
618 0.282295 
1273 0.282295 
891 0.282295 
659 0.282295 
355 0.282295 
1089 0.282295 
428 0.282295 
418 0.282295 
1104 0.282295 
640 0.282295 
697 0.282295 
58 0.282295 
1329 0.279471 
700 0.279471 
319 0.279471 
1097 0.279471 
795 0.279471 
1266 0.279471 
210 0.279471 
55 0.279471 
324 0.279471 
351 0.279471 
85 0.279471 
758 0.279471 
817 0.279471 
858 0.279471 
1370 0.279471 
75 0.279471 
48 0.257479 
487 0.257479 
91 0.257479 
720 0.257479 
695 0.257479 
1291 0.257479 
1042 0.257479 
504 0.257479 
1246 0.257479 
669 0.257479 
572 0.257479 
1151 0.257479 
568 0.257479 
38 0.257479 
51 0.257479 
7 0.257479 
557 0.257479 
1009 0.257479 
1342 0.257479 
410 0.257479 
630 0.257479 
778 0.257479 
975 0.257479 
1108 0.257479 
438 0.253808 
360 0.253808 
1261 0.253808 
312 0.253808 
525 0.253029 
331 0.253029 
23 0.253029 
636 0.253029 
359 0.253029 
223 0.253029 
1078 0.253029 
346 0.253029 
1238 0.253029 
99 0.253029 
677 0.253029 
341 0.253029 
1378 0.253029 
901 0.253029 
241 0.253029 
1409 0.253029 
595 0.253029 
601 0.253029 
165 0.253029 
29 0.253029 
1402 0.246943 
224 0.246943 
756 0.246943 
818 0.246943 
151 0.246943 
903 0.246943 
304 0.246943 
820 0.246943 
1004 0.239414 
1124 0.239414 
631 0.239414 
135 0.239414 
1171 0.239414 
1111 0.239414 
621 0.239414 
116 0.239414 
136 0.239414 
1064 0.239414 
658 0.239414 
876 0.239414 
604 0.239414 
1391 0.239414 
279 0.239414 
192 0.239414 
1051 0.239414 
1204 0.239414 
502 0.239414 
873 0.239414 
269 0.239414 
268 0.239414 
924 0.233360 
18 0.233360 
593 0.233360 
12 0.233360 
696 0.233360 
1234 0.233360 
1001 0.233360 
562 0.233360 
642 0.233360 
1090 0.233360 
827 0.233360 
1143 0.233360 
1139 0.233360 
813 0.233360 
1262 0.233360 
1271 0.233360 
533 0.233360 
1240 0.228286 
760 0.228286 
204 0.228286 
682 0.228286 
94 0.228286 
303 0.228286 
148 0.228286 
301 0.228286 
238 0.228286 
1427 0.228286 
1172 0.228286 
594 0.228286 
1338 0.228286 
1110 0.228286 
72 0.228286 
1424 0.228286 
710 0.228286 
934 0.228286 
122 0.228286 
564 0.228286 
664 0.228286 
678 0.228286 
1393 0.228286 
82 0.228286 
558 0.228286 
26 0.228286 
1382 0.220401 
1210 0.220401 
369 0.220401 
1211 0.220401 
1012 0.220401 
948 0.220401 
973 0.220401 
1420 0.220401 
606 0.220401 
938 0.220401 
1157 0.220401 
926 0.220401 
373 0.220401 
566 0.220401 
1288 0.220401 
1221 0.220401 
617 0.220401 
380 0.220401 
1175 0.220401 
916 0.220401 
954 0.220401 
153 0.214612 
639 0.214612 
1075 0.214612 
436 0.214612 
1292 0.214612 
70 0.214612 
232 0.214612 
1287 0.214612 
377 0.214612 
262 0.214612 
1196 0.214612 
294 0.214612 
719 0.214612 
1326 0.214612 
1396 0.214612 
386 0.214612 
162 0.214612 
857 0.214612 
1161 0.214612 
977 0.214612 
258 0.214612 
408 0.214612 
31 0.205561 
1371 0.205561 
861 0.205561 
491 0.205561 
990 0.205561 
1303 0.205561 
1386 0.205561 
1005 0.205561 
933 0.200304 
703 0.200304 
1052 0.200304 
248 0.200304 
484 0.200304 
992 0.200304 
1256 0.200304 
663 0.200304 
883 0.200304 
468 0.200304 
467 0.200304 
412 0.200304 
296 0.200304 
1101 0.200304 
957 0.200304 
98 0.200304 
1356 0.196393 
734 0.196393 
1011 0.196393 
176 0.196393 
378 0.196393 
511 0.196393 
329 0.196393 
1133 0.196393 
1149 0.196393 
1046 0.196393 
1058 0.196393 
1297 0.196393 
287 0.196393 
786 0.196393 
632 0.196393 
473 0.196393 
183 0.196393 
1068 0.196393 
971 0.196393 
766 0.196393 
458 0.196393 
457 0.196393 
182 0.195707 
111 0.195707 
737 0.195707 
453 0.195707 
672 0.195707 
173 0.195707 
67 0.195707 
596 0.195707 
1278 0.184628 
16 0.184628 
797 0.184628 
64 0.184628 
69 0.184628 
899 0.184628 
553 0.184628 
569 0.184628 
574 0.184628 
1431 0.184628 
490 0.184628 
582 0.184628 
608 0.184628 
1188 0.184628 
612 0.184628 
169 0.184628 
462 0.184628 
339 0.184628 
1344 0.184628 
1144 0.184628 
276 0.184628 
653 0.184628 
904 0.184628 
1220 0.183711 
741 0.183711 
105 0.183711 
544 0.183711 
1265 0.183711 
547 0.183711 
1099 0.183711 
1428 0.183711 
1325 0.183711 
486 0.183711 
787 0.183711 
927 0.183711 
794 0.151680 
1377 0.151680 
1002 0.151680 
340 0.151680 
220 0.151680 
1399 0.151680 
1190 0.151680 
1226 0.151680 
561 0.129425 
713 0.129425 
835 0.129425 
1413 0.129425 
15 0.129425 
777 0.128280 
963 0.128280 
1038 0.128280 
280 0.128280 
6 0.128280 
754 0.128280 
372 0.128280 
447 0.128280 
315 0.128280 
1403 0.124589 
1067 0.124589 
1315 0.124589 
1105 0.124589 
646 0.124589 
1351 0.124589 
1006 0.124589 
940 0.124589 
879 0.124589 
976 0.124589 
1439 0.124589 
385 0.117691 
313 0.117691 
398 0.117691 
431 0.117691 
1056 0.117691 
866 0.117691 
1285 0.117691 
988 0.117691 
577 0.094033 
1419 0.094033 
830 0.094033 
1347 0.094033 
556 0.094033 
1282 0.094033 
625 0.094033 
1181 0.094033 
704 0.092957 
1207 0.092957 
84 0.092957 
914 0.092957 
508 0.092957 
1406 0.092957 
1400 0.092957 
332 0.092957 
600 0.084253 
233 0.084176 
465 0.084176 
401 0.084176 
226 0.084176 
449 0.084176 
252 0.084176 
1286 0.084176 
507 0.084176 
396 0.046431 
1134 0.046431 
2 0.046431 
234 0.046431 
443 0.046431 
637 0.046431 
1357 0.046431 
966 0.046431 
1363 0.046431 
991 0.046431 
1010 0.046431 
1385 0.046431 
519 0.046431 
121 0.046431 
1312 0.046431 
1045 0.046431 
157 0.046431 
92 0.046431 
1407 0.046431 
95 0.046431 
1106 0.046431 
245 0.029711 
1160 0.029711 
995 0.029711 
1167 0.029711 
1254 0.029711 
20 0.029711 
60 0.029711 
191 0.029711 
278 0.029711 
598 0.029711 
1401 0.029711 
726 0.029711 
110 0.029711 
716 0.029711 
1433 0.029711 
96 0.029711 
89 0.029711 
344 0.029711 
1283 0.029711 
320 0.029711 
261 0.029711 
1298 0.029711 
685 0.029711 
670 0.029711 
101 0.029711 
274 0.029711 
584 0.014836 
844 0.014836 
3 0.014836 
967 0.014836 
1117 0.014836 
619 0.014836 
626 0.014836 
931 0.014836 
925 0.014836 
1415 0.014836 
483 0.014836 
499 0.014836 
1275 0.014836 
213 0.014836 
578 0.014836 
237 0.014251 
439 0.014251 
965 0.014251 
1350 0.014251 
814 0.014251 
885 0.014251 
623 0.014251 
39 0.014251 
949 0.014251 
451 0.014251 
675 0.014251 
893 0.014251 
167 0.014251 
915 0.014251 
1387 0.014251 
666 0.014251 
288 0.014251 
775 0.014251 
1346 0.014251 
423 0.014251 
289 0.014251 
937 0.014251 
1071 0.004605 
1024 0.004605 
227 0.004605 
620 0.004605 
939 0.004605 
953 0.004605 
1442 0.004605 
1441 0.004605 
1231 0.004605 
842 0.004605 
193 0.004605 
746 0.004605 
853 0.004605 
275 0.004605 
185 0.004605 
1158 0.004605 
1168 0.004605 
100 0.004605 
466 0.004605 
1341 0.004605 
897 0.004605 
616 0.004605 
825 0.004605 
1411 -0.007886 
523 -0.007886 
1417 -0.007886 
1034 -0.007886 
517 -0.007886 
441 -0.007886 
1398 -0.007886 
1366 -0.007886 
1304 -0.007886 
307 -0.007886 
243 -0.007886 
1189 -0.007886 
1227 -0.007886 
1007 -0.007886 
81 -0.007886 
11 -0.007886 
784 -0.007886 
724 -0.007886 
77 -0.007886 
90 -0.007886 
715 -0.007886 
634 -0.007886 
609 -0.044093 
231 -0.044093 
179 -0.044093 
611 -0.044093 
219 -0.044093 
482 -0.044093 
728 -0.044093 
730 -0.044093 
1300 -0.045913 
140 -0.045913 
78 -0.045913 
960 -0.045913 
295 -0.045913 
1215 -0.045913 
1331 -0.045913 
395 -0.045913 
62 -0.045913 
464 -0.045913 
266 -0.045913 
1384 -0.045913 
645 -0.045913 
145 -0.045913 
181 -0.045913 
404 -0.045913 
892 -0.045913 
361 -0.045913 
1337 -0.045913 
416 -0.045913 
47 -0.045913 
379 -0.045913 
1127 -0.045913 
364 -0.045913 
74 -0.045971 
454 -0.045971 
540 -0.045971 
83 -0.045971 
370 -0.045971 
426 -0.045971 
86 -0.045971 
690 -0.045971 
284 -0.050313 
1070 -0.050313 
384 -0.050313 
239 -0.050313 
392 -0.050313 
1279 -0.050313 
333 -0.050313 
821 -0.050313 
225 -0.061817 
867 -0.061817 
1330 -0.061817 
505 -0.061817 
946 -0.061817 
529 -0.066834 
783 -0.066834 
132 -0.066834 
579 -0.066834 
102 -0.066834 
804 -0.066834 
306 -0.066834 
1153 -0.066834 
297 -0.066834 
1021 -0.066834 
733 -0.066834 
790 -0.066834 
712 -0.066834 
25 -0.066834 
610 -0.066834 
1355 -0.066834 
699 -0.066834 
945 -0.066834 
159 -0.066834 
573 -0.072315 
103 -0.072315 
762 -0.072315 
305 -0.078685 
251 -0.078685 
563 -0.078685 
1444 -0.078685 
175 -0.078685 
391 -0.078685 
387 -0.078685 
142 -0.078685 
501 -0.082614 
59 -0.082614 
424 -0.082614 
415 -0.082614 
1036 -0.082614 
651 -0.082614 
1236 -0.082614 
1080 -0.082614 
456 -0.082614 
357 -0.082614 
614 -0.082614 
994 -0.082614 
476 -0.082614 
597 -0.082614 
980 -0.082614 
481 -0.082614 
1121 -0.082614 
541 -0.091528 
117 -0.091528 
66 -0.091528 
881 -0.091528 
139 -0.091528 
740 -0.091528 
129 -0.091528 
751 -0.091528 
1352 -0.095151 
1274 -0.095151 
1348 -0.095151 
571 -0.095151 
400 -0.095151 
1316 -0.095151 
537 -0.095151 
236 -0.095151 
1358 -0.095151 
203 -0.101790 
1421 -0.101790 
1276 -0.101790 
450 -0.101790 
1055 -0.101790 
748 -0.101790 
222 -0.101790 
968 -0.101790 
282 -0.101790 
974 -0.101790 
943 -0.101790 
255 -0.101790 
1198 -0.101790 
771 -0.101790 
906 -0.101790 
1367 -0.101790 
174 -0.101790 
676 -0.101790 
836 -0.101790 
683 -0.101790 
472 -0.123281 
763 -0.123281 
890 -0.123281 
1361 -0.123281 
587 -0.123281 
166 -0.123281 
1436 -0.123281 
583 -0.123281 
871 -0.123281 
905 -0.123281 
1039 -0.123281 
492 -0.123281 
910 -0.123281 
789 -0.123281 
909 -0.123281 
755 -0.123281 
550 -0.157291 
316 -0.157291 
293 -0.157291 
1017 -0.157291 
1410 -0.158955 
247 -0.158955 
1119 -0.158955 
1392 -0.158955 
1232 -0.158955 
816 -0.158955 
1194 -0.158955 
1140 -0.158955 
1394 -0.158955 
970 -0.158955 
779 -0.176290 
679 -0.176290 
1020 -0.176290 
1069 -0.176290 
1037 -0.176290 
999 -0.176290 
886 -0.176290 
1332 -0.176290 
73 -0.176290 
187 -0.176290 
657 -0.176290 
717 -0.176290 
1076 -0.176290 
113 -0.176290 
143 -0.176290 
1081 -0.176290 
348 -0.176290 
1185 -0.176290 
944 -0.176290 
298 -0.202902 
130 -0.202902 
300 -0.202902 
1434 -0.202902 
956 -0.202902 
815 -0.202902 
725 -0.202902 
160 -0.202902 
1268 -0.202902 
1156 -0.202902 
902 -0.202902 
80 -0.202902 
310 -0.202902 
109 -0.202902 
1349 -0.202902 
254 -0.202902 
655 -0.202902 
480 -0.202902 
575 -0.202902 
1091 -0.202902 
1092 -0.202902 
661 -0.202902 
273 -0.202902 
998 -0.202902 
249 -0.202902 
131 -0.202902 
79 -0.208880 
71 -0.208880 
1311 -0.208880 
742 -0.208880 
1395 -0.208880 
1048 -0.208880 
292 -0.208880 
172 -0.208880 
112 -0.208880 
1062 -0.208880 
1077 -0.208880 
1353 -0.208880 
919 -0.208880 
1241 -0.208880 
128 -0.208880 
1422 -0.208880 
61 -0.208880 
692 -0.208880 
244 -0.208880 
1178 -0.210851 
1418 -0.210851 
134 -0.210851 
1426 -0.210851 
1388 -0.210851 
1445 -0.210851 
1050 -0.210851 
44 -0.210851 
494 -0.210851 
647 -0.210851 
93 -0.210851 
671 -0.210851 
1086 -0.210851 
698 -0.210851 
414 -0.210851 
807 -0.210851 
810 -0.210851 
211 -0.210851 
848 -0.210851 
57 -0.210851 
52 -0.262118 
774 -0.262118 
832 -0.262118 
838 -0.262118 
54 -0.262118 
4 -0.262118 
345 -0.262118 
0 -0.262118 
889 -0.265050 
1154 -0.265050 
383 -0.265050 
793 -0.265050 
407 -0.265050 
1059 -0.265050 
107 -0.265050 
1264 -0.265050 
705 -0.265050 
1142 -0.265050 
489 -0.265050 
1390 -0.265050 
527 -0.265050 
124 -0.265050 
513 -0.265050 
688 -0.265050 
662 -0.265050 
115 -0.265783 
141 -0.265783 
707 -0.265783 
1096 -0.265783 
36 -0.265783 
435 -0.265783 
531 -0.265783 
1244 -0.265783 
923 -0.276631 
1237 -0.276631 
526 -0.276631 
1314 -0.276631 
743 -0.276631 
735 -0.276631 
718 -0.276631 
1334 -0.276631 
33 -0.276631 
1405 -0.276631 
196 -0.276631 
570 -0.276631 
406 -0.280073 
711 -0.280073 
591 -0.280073 
984 -0.280073 
259 -0.280073 
811 -0.320017 
549 -0.320017 
366 -0.320017 
1249 -0.320017 
417 -0.320017 
120 -0.320017 
390 -0.320017 
1177 -0.320017 
158 -0.320017 
201 -0.320017 
208 -0.320017 
430 -0.320017 
776 -0.320017 
311 -0.320017 
772 -0.320017 
958 -0.320017 
1112 -0.320017 
514 -0.320017 
545 -0.346745 
265 -0.346745 
849 -0.346745 
812 -0.346745 
1309 -0.346745 
186 -0.346745 
285 -0.346745 
622 -0.346745 
149 -0.358248 
854 -0.358248 
981 -0.358248 
1257 -0.358248 
764 -0.358248 
1222 -0.358248 
463 -0.358248 
1313 -0.358248 
745 -0.358248 
1114 -0.358248 
1169 -0.358248 
1277 -0.358248 
1087 -0.358248 
567 -0.358248 
1280 -0.358248 
382 -0.358248 
950 -0.358248 
649 -0.358248 
552 -0.363291 
828 -0.363291 
1031 -0.363291 
459 -0.363291 
752 -0.363291 
1412 -0.363291 
799 -0.363291 
1260 -0.363291 
536 -0.363291 
650 -0.363291 
1016 -0.363291 
918 -0.363291 
1128 -0.363291 
520 -0.363291 
1164 -0.363291 
978 -0.363291 
1014 -0.363291 
1130 -0.363291 
731 -0.363291 
806 -0.364789 
299 -0.364789 
530 -0.364789 
1209 -0.364789 
1295 -0.364789 
516 -0.364789 
1113 -0.364789 
147 -0.364789 
1302 -0.364789 
478 -0.364789 
586 -0.364789 
750 -0.364789 
1305 -0.364789 
137 -0.364789 
171 -0.364789 
1223 -0.364789 
1252 -0.364789 
872 -0.364789 
875 -0.364789 
878 -0.364789 
1375 -0.364789 
405 -0.380950 
260 -0.380950 
214 -0.380950 
1152 -0.380950 
184 -0.380950 
1118 -0.380950 
427 -0.380950 
206 -0.380950 
1340 -0.390672 
1364 -0.390672 
802 -0.390672 
498 -0.390672 
1247 -0.390672 
1376 -0.390672 
475 -0.390672 
1035 -0.390672 
420 -0.390672 
53 -0.390672 
1102 -0.390672 
1066 -0.404521 
1389 -0.404521 
194 -0.404521 
1060 -0.404521 
855 -0.404521 
1354 -0.404521 
1335 -0.404521 
1440 -0.404521 
532 -0.412979 
419 -0.412979 
773 -0.412979 
1109 -0.444855 
538 -0.444855 
1082 -0.444855 
1170 -0.444855 
1126 -0.444855 
104 -0.444855 
1030 -0.444855 
986 -0.444855 
850 -0.444855 
246 -0.444855 
1053 -0.444855 
1217 -0.444855 
792 -0.444855 
1306 -0.444855 
721 -0.444855 
694 -0.455388 
1437 -0.455388 
375 -0.455388 
559 -0.476375 
88 -0.476375 
8 -0.476375 
1138 -0.476375 
628 -0.476375 
641 -0.476375 
1429 -0.476375 
941 -0.476375 
230 -0.476375 
922 -0.476375 
1242 -0.476375 
1028 -0.476375 
681 -0.476375 
1423 -0.476375 
163 -0.476375 
127 -0.476375 
1383 -0.476375 
326 -0.478539 
108 -0.478539 
322 -0.478539 
350 -0.478539 
1159 -0.478539 
336 -0.478539 
1015 -0.478539 
1228 -0.478539 
607 -0.478539 
911 -0.478539 
643 -0.478539 
768 -0.478539 
1187 -0.478539 
270 -0.478539 
207 -0.482428 
217 -0.482428 
317 -0.482428 
263 -0.482428 
205 -0.482428 
592 -0.482428 
277 -0.482428 
680 -0.482428 
862 -0.485871 
495 -0.485871 
767 -0.485871 
780 -0.485871 
801 -0.485871 
809 -0.485871 
1044 -0.485871 
28 -0.485871 
542 -0.485871 
63 -0.485871 
21 -0.485871 
1023 -0.485871 
996 -0.485871 
1136 -0.485871 
32 -0.485871 
684 -0.485871 
701 -0.485871 
706 -0.485871 
1065 -0.485871 
722 -0.485871 
1186 -0.485871 
729 -0.485871 
942 -0.487120 
1206 -0.487120 
1083 -0.487120 
235 -0.487120 
1202 -0.487120 
1201 -0.487120 
1165 -0.487120 
796 -0.487120 
1131 -0.487120 
781 -0.487120 
314 -0.487120 
1208 -0.487120 
352 -0.487120 
687 -0.487120 
349 -0.487120 
1299 -0.487120 
759 -0.487120 
870 -0.490842 
565 -0.490842 
343 -0.490842 
961 -0.490842 
964 -0.490842 
1008 -0.490842 
327 -0.490842 
1000 -0.490842 
987 -0.490842 
1381 -0.490842 
228 -0.490842 
164 -0.490842 
615 -0.490842 
146 -0.490842 
253 -0.490842 
437 -0.490842 
667 -0.490842 
1100 -0.490842 
190 -0.490842 
1404 -0.490842 
546 -0.490842 
654 -0.490842 
308 -0.490842 
749 -0.490842 
747 -0.490842 
739 -0.490842 
