3175 1
0 1.910218 
1 1.630890 
2 1.543850 
3 1.627068 
4 1.631902 
5 1.637742 
6 1.699629 
7 1.719310 
8 1.609334 
9 1.687725 
10 1.583581 
11 1.680371 
12 1.865563 
13 1.947465 
14 1.967568 
15 0.697917 
16 -1.536596 
17 -2.013453 
18 1.519865 
19 1.888374 
20 1.577471 
21 1.542940 
22 1.675981 
23 1.669655 
24 1.580043 
25 1.597519 
26 1.583185 
27 1.650897 
28 1.601791 
29 1.641104 
30 1.750139 
31 1.625679 
32 1.894999 
33 1.472495 
34 -0.868410 
35 -2.343709 
36 0.496931 
37 1.964628 
38 2.126605 
39 1.899096 
40 1.580715 
41 1.642092 
42 1.601248 
43 1.663819 
44 1.583766 
45 1.599847 
46 1.584342 
47 1.626048 
48 1.511792 
49 1.594732 
50 1.522222 
51 1.701916 
52 1.646113 
53 -1.973079 
54 -2.460791 
55 0.415291 
56 1.728108 
57 1.751240 
58 1.638473 
59 1.494697 
60 1.637825 
61 1.679219 
62 1.685351 
63 1.554511 
64 1.534923 
65 1.568120 
66 1.576146 
67 1.599449 
68 1.828605 
69 1.939012 
70 1.806570 
71 0.484301 
72 -2.633091 
73 -1.558970 
74 0.060373 
75 1.554103 
76 1.655642 
77 1.599038 
78 1.486060 
79 1.387904 
80 1.514834 
81 1.648194 
82 1.538414 
83 1.522898 
84 1.500032 
85 1.606568 
86 1.552065 
87 1.514178 
88 1.519638 
89 1.380497 
90 -1.447732 
91 -1.747984 
92 -1.801261 
93 -0.224861 
94 1.266360 
95 2.985380 
96 1.697753 
97 1.548675 
98 1.512742 
99 1.418015 
100 1.602069 
101 1.602357 
102 1.483585 
103 1.431984 
104 1.533225 
105 1.559506 
106 1.451176 
107 1.661974 
108 -1.426558 
109 -1.645723 
110 -1.671334 
111 -1.395607 
112 -0.856072 
113 0.754972 
114 1.980964 
115 2.760944 
116 1.980519 
117 1.540513 
118 1.425425 
119 1.673460 
120 1.580778 
121 1.617791 
122 1.447094 
123 1.461444 
124 1.451559 
125 1.705386 
126 -1.556775 
127 -1.539729 
128 -1.686938 
129 -1.800973 
130 -1.936209 
131 -1.516310 
132 -0.062658 
133 1.709926 
134 2.767652 
135 1.607682 
136 0.147611 
137 0.217913 
138 1.532784 
139 3.391252 
140 1.807235 
141 1.634654 
142 1.525534 
143 1.549048 
144 -1.709310 
145 -1.523938 
146 -1.650044 
147 -1.600354 
148 -1.848008 
149 -1.874293 
150 -1.817817 
151 -1.352646 
152 -0.487350 
153 -0.051103 
154 -1.822976 
155 -3.085704 
156 -1.298812 
157 0.855797 
158 2.277209 
159 2.412549 
160 1.681612 
161 1.620934 
162 -1.611333 
163 -1.737090 
164 -1.657969 
165 -1.549409 
166 -1.653224 
167 -1.563047 
168 -1.639493 
169 -1.844129 
170 -1.803275 
171 -1.617244 
172 -1.646260 
173 -1.972812 
174 -1.868842 
175 -1.377883 
176 -0.002363 
177 1.534057 
178 2.089146 
179 2.271058 
180 -0.295451 
181 -1.753065 
182 -2.061535 
183 -1.915028 
184 -1.584860 
185 -1.583645 
186 -1.615032 
187 -1.657209 
188 -1.619990 
189 -1.620276 
190 -1.606830 
191 -1.536481 
192 -1.927871 
193 -2.276745 
194 -1.374472 
195 -0.354540 
196 1.051683 
197 3.314597 
198 1.477607 
199 -0.176309 
200 -1.249192 
201 -1.788142 
202 -1.732730 
203 -1.478330 
204 -1.564985 
205 -1.586438 
206 -1.578598 
207 -1.451399 
208 -1.614307 
209 -1.584509 
210 -1.550031 
211 -1.522287 
212 -2.886219 
213 -1.866527 
214 -0.737382 
215 0.518677 
216 2.967030 
217 1.290595 
218 -0.120440 
219 -1.510476 
220 -1.632539 
221 -1.452539 
222 -1.435814 
223 -1.544605 
224 -1.480279 
225 -1.568230 
226 -1.565576 
227 -1.472070 
228 -1.552066 
229 -1.576757 
230 -1.454317 
231 -1.559798 
232 -1.641875 
233 -0.873967 
234 1.709044 
235 1.869521 
236 1.314357 
237 -0.181258 
238 -1.629020 
239 -2.904418 
240 -1.518960 
241 -1.514365 
242 -1.486723 
243 -1.590949 
244 -1.569520 
245 -1.602726 
246 -1.498793 
247 -1.553656 
248 -1.583931 
249 -1.573454 
250 -1.597719 
251 -1.509817 
252 1.715112 
253 1.822939 
254 1.831506 
255 1.032591 
256 -0.630052 
257 -2.027826 
258 -2.021632 
259 -1.732941 
260 -1.682526 
261 -1.536724 
262 -1.566474 
263 -1.573761 
264 -1.573044 
265 -1.608310 
266 -1.557849 
267 -1.594367 
268 -1.490472 
269 -1.596100 
270 1.639228 
271 1.758922 
272 2.142588 
273 2.220163 
274 1.094861 
275 -1.376292 
276 -1.897339 
277 -1.603574 
278 -1.438210 
279 -1.571921 
280 -1.584586 
281 -1.620381 
282 -1.666352 
283 -1.560379 
284 -1.640208 
285 -1.601316 
286 -1.617876 
287 -1.599483 
288 1.669572 
289 1.615948 
290 1.523497 
291 1.674481 
292 1.884900 
293 0.118598 
294 -1.927226 
295 -2.123366 
296 -1.655750 
297 -1.558544 
298 -1.579913 
299 -1.610433 
300 -1.580331 
301 -1.635004 
302 -1.661052 
303 -1.558959 
304 -1.616724 
305 -1.552545 
306 1.644168 
307 1.558686 
308 1.715089 
309 1.737025 
310 2.110790 
311 1.262775 
312 -1.319614 
313 -1.959465 
314 -1.786976 
315 -1.678831 
316 -1.511885 
317 -1.581809 
318 -1.658112 
319 -1.661707 
320 -1.489828 
321 -1.488709 
322 -1.583197 
323 -1.687390 
324 2.251631 
325 0.884098 
326 -0.650285 
327 -2.436056 
328 -1.589294 
329 -1.435630 
330 -1.489480 
331 -1.563372 
332 -2.075979 
333 -0.715615 
334 0.728848 
335 2.670574 
336 1.702683 
337 1.418469 
338 1.476244 
339 1.557753 
340 1.565246 
341 1.670992 
342 1.500549 
343 1.387290 
344 1.589232 
345 1.607139 
346 1.462781 
347 1.477046 
348 1.552473 
349 1.602763 
350 1.444762 
351 1.581690 
352 1.663815 
353 1.519244 
354 1.469990 
355 1.579322 
356 1.532604 
357 1.604492 
358 1.531407 
359 1.520314 
360 1.581463 
361 1.542364 
362 1.552665 
363 1.564054 
364 1.560178 
365 1.522313 
366 1.630885 
367 1.460501 
368 1.537310 
369 1.463917 
370 1.602966 
371 1.477701 
372 1.528051 
373 1.456684 
374 1.566261 
375 1.468601 
376 1.525113 
377 1.589814 
378 1.545183 
379 1.507926 
380 1.548349 
381 1.518343 
382 1.510970 
383 1.605550 
384 1.475817 
385 1.515719 
386 1.601736 
387 1.559124 
388 1.518420 
389 1.463612 
390 1.497051 
391 1.575909 
392 1.651721 
393 1.570409 
394 1.405977 
395 1.500440 
396 1.530651 
397 1.465539 
398 1.531958 
399 1.557114 
400 1.550680 
401 1.548129 
402 1.586633 
403 1.456208 
404 1.527732 
405 1.455675 
406 1.538350 
407 1.628021 
408 1.684587 
409 1.332585 
410 1.386783 
411 1.533395 
412 1.920890 
413 1.363328 
414 1.617973 
415 1.249549 
416 2.562985 
417 1.887287 
418 -0.561501 
419 0.811083 
420 0.111485 
421 1.491403 
422 -0.150621 
423 -3.230308 
424 -1.370368 
425 -2.220677 
426 -1.005571 
427 -1.941747 
428 -1.841978 
429 -1.134432 
430 -1.593454 
431 -1.401276 
432 -1.716406 
433 1.759653 
434 1.367288 
435 1.525322 
436 1.472459 
437 1.271259 
438 1.628076 
439 1.929256 
440 1.850844 
441 1.429130 
442 1.490043 
443 1.293166 
444 1.633286 
445 1.419815 
446 1.514824 
447 1.583036 
448 1.610512 
449 1.550549 
450 1.480056 
451 1.528667 
452 1.517775 
453 1.549072 
454 1.506085 
455 1.543379 
456 1.565183 
457 1.525619 
458 1.537775 
459 1.628501 
460 1.598604 
461 1.554932 
462 1.556420 
463 1.505555 
464 1.619898 
465 1.538846 
466 1.489383 
467 1.479626 
468 1.587381 
469 1.615369 
470 1.508105 
471 1.489703 
472 1.461133 
473 1.504889 
474 1.448327 
475 1.655025 
476 1.512889 
477 1.541660 
478 1.459563 
479 1.419341 
480 0.805216 
481 2.615675 
482 1.064149 
483 -1.918579 
484 0.154013 
485 -0.643026 
486 -1.701973 
487 -2.700079 
488 -3.544537 
489 0.913426 
490 -0.444858 
491 0.102644 
492 0.649183 
493 -0.303759 
494 3.650244 
495 1.109364 
496 1.267485 
497 1.182623 
498 1.847491 
499 1.521738 
500 1.451036 
501 1.528115 
502 1.583455 
503 1.464784 
504 1.580229 
505 1.560081 
506 1.483425 
507 1.554487 
508 1.503840 
509 1.553345 
510 1.547117 
511 1.551100 
512 1.594497 
513 1.626733 
514 1.447756 
515 1.563136 
516 1.488470 
517 1.552684 
518 1.660500 
519 1.452701 
520 1.562660 
521 1.571436 
522 1.530253 
523 1.579557 
524 1.518295 
525 1.604293 
526 1.472644 
527 1.565490 
528 1.405872 
529 1.594897 
530 1.640966 
531 1.552060 
532 1.491472 
533 1.546936 
534 1.424527 
535 1.427241 
536 1.837406 
537 1.801024 
538 1.804458 
539 -0.047345 
540 2.006853 
541 0.610532 
542 -0.070656 
543 -2.621074 
544 -0.986224 
545 -0.741561 
546 -2.670416 
547 -1.501808 
548 -1.335076 
549 -2.672786 
550 1.390738 
551 -0.931542 
552 0.336810 
553 2.432452 
554 1.515378 
555 1.806194 
556 1.411806 
557 1.543734 
558 1.477152 
559 1.393313 
560 1.742460 
561 1.578970 
562 1.335906 
563 1.311186 
564 1.555588 
565 1.636028 
566 1.386458 
567 1.549861 
568 1.477132 
569 1.536135 
570 1.548241 
571 1.466479 
572 1.486462 
573 1.526785 
574 1.517990 
575 1.539905 
576 1.513440 
577 1.572031 
578 1.571007 
579 1.530140 
580 1.658807 
581 1.593028 
582 1.544779 
583 1.509030 
584 1.568196 
585 1.627526 
586 1.512753 
587 1.480928 
588 1.520477 
589 1.558517 
590 1.564110 
591 1.521302 
592 1.781765 
593 1.513160 
594 1.568055 
595 1.201517 
596 2.768222 
597 1.663689 
598 1.372736 
599 -0.169787 
600 0.674839 
601 -1.792534 
602 -1.819320 
603 -1.585469 
604 -1.890070 
605 -1.597909 
606 -0.571462 
607 -1.436825 
608 -2.790528 
609 1.733750 
610 -1.659435 
611 0.038458 
612 1.864987 
613 0.786924 
614 1.125704 
615 2.437950 
616 1.370855 
617 1.345110 
618 1.293744 
619 1.677055 
620 1.631745 
621 1.413066 
622 1.458496 
623 1.508326 
624 1.522669 
625 1.536739 
626 1.551777 
627 1.587832 
628 1.442249 
629 1.439803 
630 1.591094 
631 1.708187 
632 1.571791 
633 1.513697 
634 1.539205 
635 1.537463 
636 1.536269 
637 1.489861 
638 1.537748 
639 1.583900 
640 1.649058 
641 1.530929 
642 1.525367 
643 1.557013 
644 1.561455 
645 1.594905 
646 1.484279 
647 1.560948 
648 1.458075 
649 1.447689 
650 1.547502 
651 1.706782 
652 1.663042 
653 1.684228 
654 1.743273 
655 1.190289 
656 1.480177 
657 -1.760886 
658 -1.428675 
659 -1.564704 
660 -1.394449 
661 -1.274786 
662 -1.753887 
663 -1.566265 
664 -1.870353 
665 -1.133399 
666 -1.728699 
667 -1.414967 
668 0.829886 
669 -2.023944 
670 -0.702746 
671 2.786381 
672 0.415510 
673 1.087574 
674 2.356449 
675 2.134514 
676 1.443948 
677 1.354988 
678 1.648801 
679 1.577628 
680 1.550215 
681 1.558340 
682 1.592611 
683 1.462149 
684 1.703595 
685 1.509865 
686 1.559338 
687 1.477722 
688 1.408427 
689 1.566393 
690 1.549641 
691 1.660076 
692 1.515477 
693 1.596071 
694 1.536927 
695 1.396829 
696 1.665163 
697 1.631716 
698 1.376770 
699 1.474823 
700 1.583897 
701 1.552498 
702 1.527022 
703 1.552620 
704 1.428691 
705 1.505716 
706 1.543176 
707 1.730907 
708 1.400673 
709 1.486809 
710 1.616899 
711 1.561788 
712 1.793580 
713 -1.436087 
714 -1.365322 
715 -1.566292 
716 -1.606833 
717 -1.488565 
718 -1.592699 
719 -1.595735 
720 -1.492008 
721 -1.482801 
722 -1.428814 
723 -1.443399 
724 -1.294295 
725 -2.460013 
726 -1.778692 
727 -0.140458 
728 -3.143862 
729 -1.343377 
730 1.587913 
731 -0.809145 
732 0.156038 
733 3.201338 
734 1.157594 
735 1.446861 
736 1.348070 
737 1.584985 
738 1.476047 
739 1.348988 
740 2.097595 
741 1.649050 
742 1.064070 
743 1.187656 
744 2.097394 
745 2.256314 
746 1.428030 
747 1.474636 
748 1.868070 
749 1.180582 
750 1.233123 
751 2.020380 
752 1.549732 
753 1.450663 
754 1.263494 
755 1.635024 
756 1.757748 
757 1.422387 
758 1.374758 
759 1.464270 
760 1.571752 
761 1.627255 
762 1.489324 
763 1.573556 
764 1.438414 
765 1.485472 
766 1.466350 
767 1.657815 
768 1.655993 
769 -1.390590 
770 -1.650502 
771 -1.487891 
772 -1.619022 
773 -1.633959 
774 -1.500606 
775 -1.404912 
776 -1.496466 
777 -1.626039 
778 -1.480023 
779 -1.475242 
780 -1.614274 
781 -1.424310 
782 -1.445434 
783 -1.607705 
784 -1.743359 
785 -1.528907 
786 -0.937854 
787 -1.717473 
788 -2.529397 
789 0.858751 
790 -2.088538 
791 -0.803317 
792 2.110636 
793 -0.004866 
794 0.867744 
795 2.475557 
796 2.181201 
797 2.190413 
798 0.778520 
799 1.283159 
800 -0.119577 
801 -0.495895 
802 -1.568800 
803 -2.875362 
804 0.767538 
805 -1.784881 
806 -0.854464 
807 2.742320 
808 0.213687 
809 0.944504 
810 2.550878 
811 2.060745 
812 1.485568 
813 1.297535 
814 1.692344 
815 1.416467 
816 1.532838 
817 1.503770 
818 1.451205 
819 1.537415 
820 1.496475 
821 1.573519 
822 1.495129 
823 1.647787 
824 1.441927 
825 -1.482892 
826 -1.664181 
827 -1.487990 
828 -1.617296 
829 -1.538739 
830 -1.417728 
831 -1.490611 
832 -1.661744 
833 -1.497534 
834 -1.473838 
835 -1.557717 
836 -1.451648 
837 -1.547720 
838 -1.515568 
839 -1.628571 
840 -1.257581 
841 -1.400093 
842 -1.780032 
843 -1.542604 
844 -1.693376 
845 -1.073047 
846 -1.629260 
847 -1.553425 
848 -0.592717 
849 -2.842100 
850 -1.921305 
851 0.141984 
852 -2.735958 
853 -1.680111 
854 -0.534332 
855 -1.602210 
856 -1.247798 
857 -1.498652 
858 -1.379771 
859 -2.190640 
860 -1.169563 
861 -2.041629 
862 -1.874781 
863 -0.021579 
864 -2.906689 
865 -1.252778 
866 1.533601 
867 -0.559984 
868 0.248501 
869 2.748143 
870 1.194167 
871 1.671604 
872 1.313800 
873 1.606448 
874 1.550702 
875 1.322908 
876 1.614004 
877 1.651752 
878 1.317775 
879 1.294398 
880 1.813478 
881 -1.871902 
882 -1.233588 
883 -1.483208 
884 -1.392895 
885 -1.033196 
886 -1.779320 
887 -1.933742 
888 -1.673033 
889 -1.334034 
890 -1.434625 
891 -1.382986 
892 -1.537891 
893 -1.480908 
894 -1.594174 
895 -1.507218 
896 -1.537796 
897 -1.558673 
898 -1.623300 
899 -1.531041 
900 -1.538647 
901 -1.666309 
902 -1.393059 
903 -1.425766 
904 -1.870430 
905 -1.300712 
906 -1.448270 
907 -1.623000 
908 -1.699677 
909 -1.620707 
910 -1.221369 
911 -1.529618 
912 -1.509185 
913 -1.693347 
914 -1.466136 
915 -1.442947 
916 -1.713801 
917 -1.260014 
918 -1.238218 
919 -1.628969 
920 -1.630160 
921 -1.569989 
922 -0.817890 
923 -1.770285 
924 -2.651085 
925 1.279241 
926 -1.832746 
927 -0.456474 
928 1.867491 
929 0.589970 
930 0.975968 
931 2.480083 
932 1.399083 
933 1.396650 
934 1.842495 
935 1.341222 
936 2.981112 
937 -1.373174 
938 0.852241 
939 -0.162435 
940 -0.626494 
941 0.776094 
942 -3.171968 
943 -1.489723 
944 -1.273227 
945 -1.439871 
946 -1.703380 
947 -1.532203 
948 -1.582762 
949 -1.532802 
950 -1.480897 
951 -1.443124 
952 -1.579782 
953 -1.607086 
954 -1.446333 
955 -1.487052 
956 -1.553438 
957 -1.472764 
958 -1.573142 
959 -1.586981 
960 -1.598720 
961 -1.522742 
962 -1.600144 
963 -1.534292 
964 -1.596391 
965 -1.443075 
966 -1.466527 
967 -1.517161 
968 -1.589491 
969 -1.512121 
970 -1.577993 
971 -1.505461 
972 -1.474041 
973 -1.518767 
974 -1.447169 
975 -1.782978 
976 -1.234456 
977 -1.376233 
978 -1.787144 
979 -1.482742 
980 -1.866520 
981 -0.981264 
982 -1.802861 
983 -1.328101 
984 0.465157 
985 -2.500454 
986 -1.012655 
987 2.600906 
988 -0.054476 
989 0.475400 
990 1.257739 
991 3.105918 
992 1.807590 
993 0.670513 
994 2.314986 
995 1.277785 
996 1.266974 
997 2.876456 
998 -1.170745 
999 0.906919 
1000 -0.083417 
1001 -2.850457 
1002 -1.088056 
1003 -1.641009 
1004 -1.474696 
1005 -1.572477 
1006 -1.507385 
1007 -1.352184 
1008 -1.652384 
1009 -1.581453 
1010 -1.465017 
1011 -1.320489 
1012 -1.313888 
1013 -1.561287 
1014 -1.584111 
1015 -1.704378 
1016 -1.511684 
1017 -1.588425 
1018 -1.521187 
1019 -1.504701 
1020 -1.564741 
1021 -1.505848 
1022 -1.528371 
1023 -1.521592 
1024 -1.550028 
1025 -1.525273 
1026 -1.593921 
1027 -1.482898 
1028 -1.634432 
1029 -1.572492 
1030 -1.627705 
1031 -1.495752 
1032 -1.512149 
1033 -1.508776 
1034 -1.651455 
1035 -1.503899 
1036 -1.415077 
1037 -1.628126 
1038 -1.459372 
1039 -1.523890 
1040 -1.781912 
1041 -1.981994 
1042 -1.844657 
1043 -0.245308 
1044 -2.432332 
1045 -1.402366 
1046 -0.774255 
1047 2.129832 
1048 0.289333 
1049 1.677367 
1050 1.853078 
1051 1.732324 
1052 1.929549 
1053 1.654643 
1054 0.782240 
1055 1.465283 
1056 2.584941 
1057 -2.023568 
1058 1.621387 
1059 -0.282159 
1060 -1.813841 
1061 -1.137519 
1062 -1.502994 
1063 -1.896440 
1064 -1.719503 
1065 -1.705463 
1066 -1.248853 
1067 -1.484332 
1068 -1.654749 
1069 -1.550654 
1070 -1.482970 
1071 -1.526611 
1072 -1.595212 
1073 -1.491087 
1074 -1.513941 
1075 -1.635718 
1076 -1.534239 
1077 -1.534908 
1078 -1.553181 
1079 -1.511833 
1080 -1.621427 
1081 -1.438559 
1082 -1.480379 
1083 -1.531267 
1084 -1.508995 
1085 -1.602962 
1086 -1.560855 
1087 -1.561481 
1088 -1.522543 
1089 -1.531419 
1090 -1.553022 
1091 -1.625530 
1092 -1.544978 
1093 -1.599267 
1094 -1.517183 
1095 -1.580731 
1096 -1.710518 
1097 -1.424015 
1098 -1.633895 
1099 -1.337081 
1100 -2.434802 
1101 -1.834496 
1102 -1.473693 
1103 -0.325193 
1104 -0.953095 
1105 1.776281 
1106 1.409900 
1107 1.839553 
1108 1.416842 
1109 1.174172 
1110 1.517538 
1111 1.681047 
1112 2.647268 
1113 0.564784 
1114 1.885996 
1115 0.937960 
1116 -0.983005 
1117 0.424669 
1118 -0.247435 
1119 -3.943196 
1120 -0.818520 
1121 -1.275445 
1122 -1.757213 
1123 -1.969236 
1124 -1.795473 
1125 -1.421140 
1126 -1.429983 
1127 -1.324028 
1128 -1.507998 
1129 -1.491193 
1130 -1.635628 
1131 -1.526350 
1132 -1.593621 
1133 -1.523375 
1134 -1.461387 
1135 -1.557505 
1136 -1.574920 
1137 -1.530259 
1138 -1.537142 
1139 -1.476160 
1140 -1.520220 
1141 -1.516860 
1142 -1.497367 
1143 -1.607685 
1144 -1.456623 
1145 -1.556490 
1146 -1.558741 
1147 -1.618659 
1148 -1.520181 
1149 -1.509165 
1150 -1.553759 
1151 -1.545555 
1152 -1.499840 
1153 -1.512085 
1154 -1.407807 
1155 -1.722292 
1156 -1.538304 
1157 -1.648912 
1158 -1.566366 
1159 -1.437456 
1160 -1.429614 
1161 1.660589 
1162 1.470035 
1163 1.544407 
1164 1.415043 
1165 1.314638 
1166 1.869239 
1167 1.465773 
1168 1.537244 
1169 1.546369 
1170 1.592444 
1171 1.451225 
1172 0.845128 
1173 2.409019 
1174 1.560390 
1175 -1.885724 
1176 0.241200 
1177 -0.773666 
1178 -2.773483 
1179 -1.837624 
1180 -1.618312 
1181 -1.314446 
1182 -1.576878 
1183 -1.308772 
1184 -1.524938 
1185 -1.523051 
1186 -1.474325 
1187 -1.593343 
1188 -1.474908 
1189 -1.493042 
1190 -1.543725 
1191 -1.638336 
1192 -1.619705 
1193 -1.511015 
1194 -1.474548 
1195 -1.522048 
1196 -1.553379 
1197 -1.557481 
1198 -1.515119 
1199 -1.601736 
1200 -1.520603 
1201 -1.496632 
1202 -1.474992 
1203 -1.554368 
1204 -1.458789 
1205 -1.543978 
1206 -1.529585 
1207 -1.530802 
1208 -1.514027 
1209 -1.651675 
1210 -1.376078 
1211 -1.511415 
1212 -1.551361 
1213 -1.514405 
1214 -1.470851 
1215 -1.576949 
1216 -1.477660 
1217 1.555071 
1218 1.574859 
1219 1.507987 
1220 1.469075 
1221 1.608495 
1222 1.472760 
1223 1.454163 
1224 1.324090 
1225 1.536074 
1226 1.336997 
1227 1.631297 
1228 1.747645 
1229 2.041555 
1230 1.777383 
1231 -0.088657 
1232 1.617376 
1233 0.534330 
1234 -3.190842 
1235 -0.648971 
1236 -1.040812 
1237 -1.578863 
1238 -1.580127 
1239 -1.702536 
1240 -1.465817 
1241 -1.597751 
1242 -1.493048 
1243 -1.409413 
1244 -1.629003 
1245 -1.483689 
1246 -1.622504 
1247 -1.478820 
1248 -1.481936 
1249 -1.531712 
1250 -1.590164 
1251 -1.476921 
1252 -1.515179 
1253 -1.543930 
1254 -1.434109 
1255 -1.557266 
1256 -1.480777 
1257 -1.532437 
1258 -1.529561 
1259 -1.475485 
1260 -1.547054 
1261 -1.513516 
1262 -1.400071 
1263 -1.555605 
1264 -1.536134 
1265 -1.482751 
1266 -1.530166 
1267 -1.511945 
1268 -1.595324 
1269 -1.520004 
1270 -1.481473 
1271 -1.388598 
1272 -1.527003 
1273 1.477825 
1274 1.575988 
1275 1.532967 
1276 1.577571 
1277 1.494945 
1278 1.463675 
1279 1.531307 
1280 1.538580 
1281 1.433668 
1282 1.479668 
1283 1.646539 
1284 1.773998 
1285 1.425829 
1286 1.730678 
1287 1.093554 
1288 2.695731 
1289 1.654989 
1290 -1.360645 
1291 0.680427 
1292 -0.400505 
1293 -2.168580 
1294 -1.312592 
1295 -1.906514 
1296 -1.558665 
1297 -1.624827 
1298 -1.436529 
1299 -1.342763 
1300 -1.573900 
1301 -1.527469 
1302 -1.476172 
1303 -1.514262 
1304 -1.508965 
1305 -1.530232 
1306 -1.508727 
1307 -1.512053 
1308 -1.622166 
1309 -1.468630 
1310 -1.391065 
1311 -1.592077 
1312 -1.483821 
1313 -1.537768 
1314 -1.612262 
1315 -1.440795 
1316 -1.550669 
1317 -1.509295 
1318 -1.558823 
1319 -1.426367 
1320 -1.601609 
1321 -1.500492 
1322 -1.430735 
1323 -1.545411 
1324 -1.412906 
1325 -1.526988 
1326 -1.585671 
1327 -1.451064 
1328 -1.412463 
1329 1.534787 
1330 1.557107 
1331 1.549008 
1332 1.660177 
1333 1.495131 
1334 1.533134 
1335 1.429499 
1336 1.348710 
1337 1.623482 
1338 1.583023 
1339 1.513977 
1340 1.360355 
1341 1.378738 
1342 1.647181 
1343 1.600283 
1344 2.607865 
1345 1.838831 
1346 0.056338 
1347 1.043991 
1348 0.197299 
1349 -3.268747 
1350 -0.336105 
1351 -1.774694 
1352 -1.486290 
1353 -1.506932 
1354 -1.472412 
1355 -1.480233 
1356 -1.596391 
1357 -1.566893 
1358 -1.500286 
1359 -1.454319 
1360 -1.595345 
1361 -1.537748 
1362 -1.583896 
1363 -1.552316 
1364 -1.529150 
1365 -1.476494 
1366 -1.628661 
1367 -1.620103 
1368 -1.524520 
1369 -1.550303 
1370 -1.599015 
1371 -1.559924 
1372 -1.552452 
1373 -1.607280 
1374 -1.526363 
1375 -1.583703 
1376 -1.456456 
1377 -1.668470 
1378 -1.505098 
1379 -1.691540 
1380 -1.441117 
1381 -1.316443 
1382 -1.678378 
1383 -1.645370 
1384 -2.136330 
1385 1.339760 
1386 2.016920 
1387 0.266778 
1388 -1.494670 
1389 -1.748076 
1390 -1.302840 
1391 -1.200129 
1392 -2.126959 
1393 -2.181604 
1394 -1.374888 
1395 -0.067729 
1396 1.426308 
1397 1.802844 
1398 1.296844 
1399 1.305819 
1400 1.581307 
1401 1.549377 
1402 1.549087 
1403 1.492192 
1404 1.437495 
1405 -1.348949 
1406 1.883520 
1407 1.550494 
1408 1.658809 
1409 1.646161 
1410 1.600508 
1411 1.659841 
1412 1.673471 
1413 1.626596 
1414 1.585020 
1415 1.583510 
1416 1.567235 
1417 1.571290 
1418 1.503052 
1419 1.742729 
1420 2.014963 
1421 0.710444 
1422 -1.436422 
1423 -2.338353 
1424 1.571479 
1425 1.825656 
1426 1.593974 
1427 1.543514 
1428 1.644295 
1429 1.574583 
1430 1.628093 
1431 1.658731 
1432 1.491636 
1433 1.611303 
1434 1.595243 
1435 1.672903 
1436 1.723036 
1437 1.726218 
1438 1.818676 
1439 1.377805 
1440 -0.814231 
1441 -2.672684 
1442 0.654605 
1443 2.176161 
1444 1.787969 
1445 1.550843 
1446 1.634922 
1447 1.543207 
1448 1.646023 
1449 1.646286 
1450 1.613031 
1451 1.516645 
1452 1.647119 
1453 1.625839 
1454 1.600589 
1455 1.654931 
1456 2.109690 
1457 2.302591 
1458 1.186686 
1459 -1.610059 
1460 -1.699119 
1461 0.354803 
1462 2.092796 
1463 2.292916 
1464 1.720317 
1465 1.467917 
1466 1.565234 
1467 1.589682 
1468 1.557631 
1469 1.593645 
1470 1.593969 
1471 1.604571 
1472 1.456322 
1473 1.510879 
1474 1.593666 
1475 1.613145 
1476 1.763738 
1477 0.484248 
1478 -2.622275 
1479 -1.210981 
1480 0.051958 
1481 1.210881 
1482 2.107903 
1483 2.482047 
1484 1.608108 
1485 1.562259 
1486 1.533708 
1487 1.653830 
1488 1.517630 
1489 1.588676 
1490 1.611122 
1491 1.525026 
1492 1.601747 
1493 1.580961 
1494 1.749583 
1495 1.354637 
1496 -1.933653 
1497 -2.421952 
1498 -1.255603 
1499 -0.139062 
1500 0.727359 
1501 1.626581 
1502 1.996178 
1503 1.791433 
1504 1.532283 
1505 1.551867 
1506 1.655979 
1507 1.627748 
1508 1.619838 
1509 1.501899 
1510 1.588602 
1511 1.517414 
1512 1.542859 
1513 1.706100 
1514 -1.355966 
1515 -1.599282 
1516 -2.895679 
1517 -1.884220 
1518 -0.770213 
1519 0.599233 
1520 1.339658 
1521 1.770143 
1522 1.695860 
1523 1.409069 
1524 1.200562 
1525 1.508582 
1526 1.804718 
1527 1.862591 
1528 1.543705 
1529 1.557292 
1530 1.501489 
1531 1.620192 
1532 -1.503609 
1533 -1.455872 
1534 -1.495609 
1535 -1.709299 
1536 -2.755195 
1537 -1.814165 
1538 -0.163238 
1539 1.470691 
1540 3.112751 
1541 1.660302 
1542 0.010271 
1543 0.165586 
1544 1.158047 
1545 1.979802 
1546 1.863925 
1547 1.657418 
1548 1.573396 
1549 1.607095 
1550 -1.671067 
1551 -1.532851 
1552 -1.592098 
1553 -1.601533 
1554 -1.612275 
1555 -1.709413 
1556 -3.165038 
1557 -1.702282 
1558 -0.425963 
1559 -0.202261 
1560 -1.706325 
1561 -2.801960 
1562 -1.528371 
1563 1.027391 
1564 1.793703 
1565 1.791983 
1566 1.610318 
1567 1.569237 
1568 -1.565385 
1569 -1.800053 
1570 -1.664775 
1571 -1.624938 
1572 -1.497027 
1573 -1.505955 
1574 -1.713047 
1575 -1.813209 
1576 -1.766210 
1577 -1.639218 
1578 -1.712091 
1579 -1.806181 
1580 -2.466542 
1581 -1.746535 
1582 0.197993 
1583 1.810487 
1584 1.984980 
1585 2.171296 
1586 -0.347219 
1587 -1.711992 
1588 -1.906781 
1589 -1.568665 
1590 -1.538258 
1591 -1.484371 
1592 -1.513698 
1593 -1.559040 
1594 -1.581297 
1595 -1.737932 
1596 -1.568501 
1597 -1.442567 
1598 -1.533268 
1599 -1.855331 
1600 -2.066891 
1601 -0.298787 
1602 0.849672 
1603 2.637868 
1604 1.186340 
1605 -0.246458 
1606 -1.521501 
1607 -3.195168 
1608 -1.667683 
1609 -1.487862 
1610 -1.567515 
1611 -1.542789 
1612 -1.534309 
1613 -1.666053 
1614 -1.554548 
1615 -1.487821 
1616 -1.509970 
1617 -1.560382 
1618 -1.662936 
1619 -1.490712 
1620 -0.811390 
1621 0.456529 
1622 3.464212 
1623 1.264139 
1624 -0.037055 
1625 -1.306842 
1626 -2.249984 
1627 -2.097124 
1628 -1.561363 
1629 -1.531582 
1630 -1.630764 
1631 -1.519593 
1632 -1.687597 
1633 -1.579713 
1634 -1.574497 
1635 -1.464697 
1636 -1.679540 
1637 -1.903634 
1638 -1.745820 
1639 -0.785036 
1640 2.210545 
1641 2.383169 
1642 1.060921 
1643 -0.273395 
1644 -1.320243 
1645 -1.717518 
1646 -1.532255 
1647 -1.546216 
1648 -1.584349 
1649 -1.501921 
1650 -1.575625 
1651 -1.561942 
1652 -1.612978 
1653 -1.509140 
1654 -1.580418 
1655 -1.469629 
1656 -1.556535 
1657 -1.465575 
1658 1.509832 
1659 1.640713 
1660 2.514537 
1661 1.157554 
1662 -0.514046 
1663 -2.003351 
1664 -1.788917 
1665 -1.528172 
1666 -1.513470 
1667 -1.562195 
1668 -1.616981 
1669 -1.626422 
1670 -1.595539 
1671 -1.594846 
1672 -1.594294 
1673 -1.576437 
1674 -1.545959 
1675 -1.619987 
1676 1.597689 
1677 1.588246 
1678 1.689341 
1679 1.681838 
1680 1.060021 
1681 -1.474378 
1682 -2.367309 
1683 -1.983827 
1684 -1.544909 
1685 -1.555477 
1686 -1.587839 
1687 -1.671661 
1688 -1.595624 
1689 -1.659509 
1690 -1.596792 
1691 -1.638589 
1692 -1.673348 
1693 -1.691956 
1694 1.717034 
1695 1.565437 
1696 1.868971 
1697 2.099793 
1698 1.941699 
1699 0.213459 
1700 -1.885744 
1701 -1.811157 
1702 -1.616230 
1703 -1.493466 
1704 -1.590217 
1705 -1.685826 
1706 -1.619904 
1707 -1.598151 
1708 -1.575604 
1709 -1.568530 
1710 -1.687110 
1711 -1.606869 
1712 1.691793 
1713 1.611116 
1714 1.518402 
1715 1.721233 
1716 2.216000 
1717 1.341104 
1718 -1.305465 
1719 -2.162905 
1720 -1.650257 
1721 -1.480900 
1722 -1.606229 
1723 -1.613570 
1724 -1.598936 
1725 -1.619026 
1726 -1.574710 
1727 -1.659849 
1728 -1.487040 
1729 -1.731998 
1730 1.457651 
1731 1.502438 
1732 1.507634 
1733 1.559622 
1734 1.475383 
1735 1.548912 
1736 1.599867 
1737 1.542974 
1738 1.565228 
1739 1.492407 
1740 1.698729 
1741 1.525006 
1742 1.526753 
1743 1.486865 
1744 1.569274 
1745 1.578845 
1746 1.546581 
1747 1.512004 
1748 1.516333 
1749 1.649723 
1750 1.534526 
1751 1.500908 
1752 1.483271 
1753 1.589671 
1754 1.485472 
1755 1.593699 
1756 1.576717 
1757 1.476732 
1758 1.584595 
1759 1.537642 
1760 1.523468 
1761 1.436616 
1762 1.568881 
1763 1.525652 
1764 1.696200 
1765 1.534889 
1766 1.480018 
1767 1.456082 
1768 1.596300 
1769 1.537020 
1770 1.566415 
1771 1.555956 
1772 1.536906 
1773 1.599268 
1774 1.465593 
1775 1.510975 
1776 1.580927 
1777 1.610578 
1778 1.497613 
1779 1.490981 
1780 1.550810 
1781 1.538092 
1782 1.506904 
1783 1.545281 
1784 1.519918 
1785 1.497688 
1786 1.533777 
1787 1.605814 
1788 1.463967 
1789 1.494798 
1790 1.578769 
1791 1.451110 
1792 1.418108 
1793 1.466773 
1794 1.545299 
1795 1.564084 
1796 1.630553 
1797 1.407903 
1798 1.380643 
1799 1.594427 
1800 1.844493 
1801 1.365250 
1802 1.567542 
1803 1.359221 
1804 2.532613 
1805 1.924564 
1806 -0.539545 
1807 0.792505 
1808 0.107989 
1809 1.335214 
1810 -0.011046 
1811 -3.225672 
1812 -1.242474 
1813 -2.130525 
1814 -0.958453 
1815 -2.030448 
1816 -1.763197 
1817 -1.080783 
1818 -1.590870 
1819 -1.491221 
1820 -1.676727 
1821 1.859685 
1822 1.429573 
1823 1.414346 
1824 1.411904 
1825 1.311789 
1826 1.574051 
1827 1.907169 
1828 1.778965 
1829 1.411800 
1830 1.355723 
1831 1.398762 
1832 1.552030 
1833 1.417506 
1834 1.521562 
1835 1.619596 
1836 1.473739 
1837 1.523213 
1838 1.670507 
1839 1.479954 
1840 1.526946 
1841 1.579420 
1842 1.526579 
1843 1.521276 
1844 1.592425 
1845 1.538587 
1846 1.453582 
1847 1.557190 
1848 1.526126 
1849 1.525501 
1850 1.602173 
1851 1.429119 
1852 1.537273 
1853 1.628837 
1854 1.428285 
1855 1.548648 
1856 1.653520 
1857 1.463666 
1858 1.538200 
1859 1.571098 
1860 1.533534 
1861 1.520973 
1862 1.601792 
1863 1.538236 
1864 1.444229 
1865 1.463308 
1866 1.496397 
1867 1.460734 
1868 0.854107 
1869 2.812324 
1870 1.064794 
1871 -1.738327 
1872 0.263782 
1873 -0.544247 
1874 -1.477584 
1875 -2.958704 
1876 -3.600068 
1877 0.868749 
1878 -0.483466 
1879 0.119369 
1880 0.626023 
1881 -0.404108 
1882 3.722932 
1883 1.071225 
1884 1.302376 
1885 1.360001 
1886 1.624225 
1887 1.615681 
1888 1.395505 
1889 1.470173 
1890 1.639054 
1891 1.579302 
1892 1.548881 
1893 1.646877 
1894 1.505037 
1895 1.546234 
1896 1.513425 
1897 1.488048 
1898 1.595795 
1899 1.519941 
1900 1.487167 
1901 1.551394 
1902 1.487192 
1903 1.655623 
1904 1.478250 
1905 1.537426 
1906 1.528606 
1907 1.501760 
1908 1.512218 
1909 1.526564 
1910 1.567861 
1911 1.569584 
1912 1.529762 
1913 1.545030 
1914 1.632828 
1915 1.516348 
1916 1.518957 
1917 1.450553 
1918 1.569188 
1919 1.597835 
1920 1.551708 
1921 1.460858 
1922 1.462438 
1923 1.500621 
1924 1.840200 
1925 1.698746 
1926 1.841428 
1927 0.024310 
1928 1.914546 
1929 0.661639 
1930 -0.125224 
1931 -2.621976 
1932 -0.731903 
1933 -0.825266 
1934 -2.682776 
1935 -1.538580 
1936 -1.408101 
1937 -2.651757 
1938 1.332990 
1939 -0.901427 
1940 0.245022 
1941 2.455427 
1942 1.442169 
1943 1.834593 
1944 1.411851 
1945 1.642443 
1946 1.433030 
1947 1.444415 
1948 1.572925 
1949 1.607181 
1950 1.408986 
1951 1.379974 
1952 1.549830 
1953 1.691109 
1954 1.512033 
1955 1.431369 
1956 1.426213 
1957 1.607914 
1958 1.596035 
1959 1.499656 
1960 1.517516 
1961 1.533883 
1962 1.453306 
1963 1.614220 
1964 1.522649 
1965 1.542245 
1966 1.488724 
1967 1.575111 
1968 1.474275 
1969 1.566398 
1970 1.540795 
1971 1.463861 
1972 1.549391 
1973 1.502633 
1974 1.617943 
1975 1.463337 
1976 1.529186 
1977 1.513016 
1978 1.494486 
1979 1.564811 
1980 1.720880 
1981 1.488660 
1982 1.609661 
1983 1.317341 
1984 2.558681 
1985 1.838508 
1986 1.519791 
1987 -0.271614 
1988 0.647707 
1989 -1.912489 
1990 -1.630638 
1991 -1.528409 
1992 -2.101446 
1993 -1.316552 
1994 -0.552910 
1995 -1.449819 
1996 -2.833207 
1997 1.762574 
1998 -1.703858 
1999 -0.021044 
2000 1.812754 
2001 0.898842 
2002 1.238950 
2003 2.391501 
2004 1.405638 
2005 1.503314 
2006 1.293516 
2007 1.705849 
2008 1.649451 
2009 1.408025 
2010 1.553455 
2011 1.499880 
2012 1.526634 
2013 1.459780 
2014 1.650313 
2015 1.501052 
2016 1.398402 
2017 1.519716 
2018 1.592582 
2019 1.594765 
2020 1.627472 
2021 1.432611 
2022 1.549573 
2023 1.526764 
2024 1.578536 
2025 1.521756 
2026 1.554272 
2027 1.499860 
2028 1.579130 
2029 1.492491 
2030 1.592363 
2031 1.498522 
2032 1.503009 
2033 1.569418 
2034 1.583674 
2035 1.520951 
2036 1.433076 
2037 1.441910 
2038 1.435680 
2039 1.661706 
2040 1.586673 
2041 1.717710 
2042 1.736858 
2043 1.128030 
2044 1.341596 
2045 -1.645563 
2046 -1.408187 
2047 -1.507510 
2048 -1.448267 
2049 -1.256108 
2050 -1.705967 
2051 -1.562224 
2052 -1.894634 
2053 -0.998313 
2054 -1.880875 
2055 -1.414250 
2056 0.906349 
2057 -2.002202 
2058 -0.787771 
2059 2.815454 
2060 0.168513 
2061 1.025935 
2062 2.557949 
2063 2.050627 
2064 1.402831 
2065 1.368880 
2066 1.675975 
2067 1.614671 
2068 1.552285 
2069 1.573094 
2070 1.546734 
2071 1.404667 
2072 1.596158 
2073 1.627922 
2074 1.571267 
2075 1.412967 
2076 1.362226 
2077 1.605201 
2078 1.602501 
2079 1.647368 
2080 1.574451 
2081 1.538583 
2082 1.522276 
2083 1.554529 
2084 1.634412 
2085 1.595869 
2086 1.461542 
2087 1.404075 
2088 1.575890 
2089 1.573686 
2090 1.579712 
2091 1.549204 
2092 1.598667 
2093 1.467393 
2094 1.558035 
2095 1.668045 
2096 1.436199 
2097 1.504026 
2098 1.672981 
2099 1.573040 
2100 1.745402 
2101 -1.500236 
2102 -1.431717 
2103 -1.498392 
2104 -1.424666 
2105 -1.515218 
2106 -1.624192 
2107 -1.492873 
2108 -1.377326 
2109 -1.519338 
2110 -1.476998 
2111 -1.611580 
2112 -1.258833 
2113 -2.353673 
2114 -1.807695 
2115 -0.082428 
2116 -3.143824 
2117 -1.205102 
2118 1.611108 
2119 -0.727466 
2120 0.267226 
2121 3.344120 
2122 1.046251 
2123 1.416342 
2124 1.404573 
2125 1.558776 
2126 1.466022 
2127 1.249168 
2128 1.820747 
2129 1.802683 
2130 1.217824 
2131 1.200932 
2132 1.940387 
2133 2.428434 
2134 1.422272 
2135 1.563110 
2136 1.746663 
2137 1.001852 
2138 1.184680 
2139 2.343224 
2140 1.335451 
2141 1.537695 
2142 1.277212 
2143 1.693282 
2144 1.663018 
2145 1.588455 
2146 1.439168 
2147 1.511158 
2148 1.512469 
2149 1.607283 
2150 1.559888 
2151 1.541321 
2152 1.412027 
2153 1.473750 
2154 1.551940 
2155 1.669139 
2156 1.607907 
2157 -1.472450 
2158 -1.568785 
2159 -1.521567 
2160 -1.553977 
2161 -1.566675 
2162 -1.473416 
2163 -1.531987 
2164 -1.433036 
2165 -1.530254 
2166 -1.507079 
2167 -1.572967 
2168 -1.514343 
2169 -1.468392 
2170 -1.589988 
2171 -1.409739 
2172 -1.669103 
2173 -1.631363 
2174 -0.802408 
2175 -1.723885 
2176 -2.651033 
2177 0.879854 
2178 -1.941370 
2179 -0.712551 
2180 2.062102 
2181 -0.061519 
2182 0.785152 
2183 2.489487 
2184 2.090494 
2185 2.197421 
2186 0.807749 
2187 1.327349 
2188 -0.293849 
2189 -0.423075 
2190 -1.599988 
2191 -2.850150 
2192 0.681161 
2193 -1.724897 
2194 -0.920310 
2195 2.943344 
2196 0.234061 
2197 0.819128 
2198 2.489220 
2199 2.116227 
2200 1.465173 
2201 1.248608 
2202 1.614781 
2203 1.549524 
2204 1.588018 
2205 1.645394 
2206 1.416603 
2207 1.538503 
2208 1.547456 
2209 1.547501 
2210 1.476297 
2211 1.597630 
2212 1.274561 
2213 -1.644292 
2214 -1.619420 
2215 -1.566252 
2216 -1.667776 
2217 -1.578849 
2218 -1.449764 
2219 -1.379967 
2220 -1.555447 
2221 -1.473418 
2222 -1.478586 
2223 -1.566018 
2224 -1.489200 
2225 -1.464654 
2226 -1.478207 
2227 -1.666491 
2228 -1.349810 
2229 -1.477699 
2230 -1.716233 
2231 -1.486141 
2232 -1.569378 
2233 -1.274762 
2234 -1.656050 
2235 -1.609191 
2236 -0.949326 
2237 -2.519089 
2238 -2.201664 
2239 0.028419 
2240 -2.781853 
2241 -1.996171 
2242 -0.523421 
2243 -1.759104 
2244 -1.254032 
2245 -1.414961 
2246 -1.270550 
2247 -2.291050 
2248 -1.004882 
2249 -2.368546 
2250 -1.846511 
2251 -0.077370 
2252 -3.117179 
2253 -1.057491 
2254 1.533793 
2255 -0.679453 
2256 0.268192 
2257 3.006923 
2258 1.203018 
2259 1.512157 
2260 1.519263 
2261 1.587925 
2262 1.434490 
2263 1.356389 
2264 1.658382 
2265 1.544152 
2266 1.482300 
2267 1.241739 
2268 1.778047 
2269 -2.020405 
2270 -1.211995 
2271 -1.441805 
2272 -1.429577 
2273 -1.066831 
2274 -1.721616 
2275 -2.053991 
2276 -1.644411 
2277 -1.450032 
2278 -1.448851 
2279 -1.454603 
2280 -1.638824 
2281 -1.548785 
2282 -1.522128 
2283 -1.505883 
2284 -1.630938 
2285 -1.487272 
2286 -1.559284 
2287 -1.523744 
2288 -1.550150 
2289 -1.645340 
2290 -1.496089 
2291 -1.397995 
2292 -1.627581 
2293 -1.487813 
2294 -1.555775 
2295 -1.301867 
2296 -1.612915 
2297 -1.558546 
2298 -1.082588 
2299 -1.685251 
2300 -1.490980 
2301 -1.650976 
2302 -1.440436 
2303 -1.481614 
2304 -1.680019 
2305 -1.304703 
2306 -1.191918 
2307 -1.714854 
2308 -1.657145 
2309 -1.717748 
2310 -0.673934 
2311 -1.700037 
2312 -2.645836 
2313 1.428583 
2314 -1.890506 
2315 -0.523247 
2316 1.850689 
2317 0.657984 
2318 0.946610 
2319 2.454203 
2320 1.272168 
2321 1.464723 
2322 1.846344 
2323 1.347422 
2324 3.000157 
2325 -1.308138 
2326 0.791262 
2327 -0.245382 
2328 -0.758998 
2329 0.722603 
2330 -3.144404 
2331 -1.518055 
2332 -1.286924 
2333 -1.471241 
2334 -1.702742 
2335 -1.543320 
2336 -1.452780 
2337 -1.698613 
2338 -1.528650 
2339 -1.400987 
2340 -1.551825 
2341 -1.571195 
2342 -1.535949 
2343 -1.473641 
2344 -1.665954 
2345 -1.348787 
2346 -1.559160 
2347 -1.587739 
2348 -1.439550 
2349 -1.555539 
2350 -1.484187 
2351 -1.597806 
2352 -1.557729 
2353 -1.513875 
2354 -1.544094 
2355 -1.466582 
2356 -1.630044 
2357 -1.550323 
2358 -1.584050 
2359 -1.447814 
2360 -1.388569 
2361 -1.513387 
2362 -1.442634 
2363 -1.684427 
2364 -1.310775 
2365 -1.451106 
2366 -1.693381 
2367 -1.455357 
2368 -1.873755 
2369 -0.898178 
2370 -1.877506 
2371 -1.242016 
2372 0.468502 
2373 -2.499028 
2374 -1.067018 
2375 2.573773 
2376 -0.058914 
2377 0.487708 
2378 1.095784 
2379 3.381985 
2380 1.722806 
2381 0.545226 
2382 2.519023 
2383 1.101999 
2384 1.278719 
2385 3.064227 
2386 -1.069245 
2387 0.642040 
2388 -0.039410 
2389 -3.060175 
2390 -1.102180 
2391 -1.545837 
2392 -1.527276 
2393 -1.455313 
2394 -1.497936 
2395 -1.413113 
2396 -1.627833 
2397 -1.665893 
2398 -1.448257 
2399 -1.308666 
2400 -1.459989 
2401 -1.546352 
2402 -1.535200 
2403 -1.690870 
2404 -1.491883 
2405 -1.637052 
2406 -1.543471 
2407 -1.527459 
2408 -1.545626 
2409 -1.550652 
2410 -1.497493 
2411 -1.572114 
2412 -1.586777 
2413 -1.458898 
2414 -1.589194 
2415 -1.507923 
2416 -1.538249 
2417 -1.552430 
2418 -1.517606 
2419 -1.559439 
2420 -1.463131 
2421 -1.575974 
2422 -1.633081 
2423 -1.467698 
2424 -1.294868 
2425 -1.669101 
2426 -1.423213 
2427 -1.570879 
2428 -1.384066 
2429 -2.127900 
2430 -1.933027 
2431 -0.132015 
2432 -2.444106 
2433 -1.387531 
2434 -0.656920 
2435 2.003755 
2436 0.373302 
2437 1.770921 
2438 1.789435 
2439 1.744532 
2440 1.898627 
2441 1.669685 
2442 0.786911 
2443 1.569647 
2444 2.731700 
2445 -2.028468 
2446 1.513530 
2447 -0.131033 
2448 -1.899931 
2449 -1.148387 
2450 -1.408056 
2451 -1.868643 
2452 -1.734776 
2453 -1.760438 
2454 -1.120336 
2455 -1.427709 
2456 -1.647027 
2457 -1.560455 
2458 -1.450890 
2459 -1.516558 
2460 -1.488436 
2461 -1.571746 
2462 -1.501050 
2463 -1.571606 
2464 -1.502872 
2465 -1.575734 
2466 -1.506899 
2467 -1.506616 
2468 -1.565207 
2469 -1.505074 
2470 -1.537228 
2471 -1.581025 
2472 -1.500851 
2473 -1.499560 
2474 -1.511247 
2475 -1.504991 
2476 -1.594660 
2477 -1.556461 
2478 -1.547768 
2479 -1.491576 
2480 -1.560761 
2481 -1.538008 
2482 -1.579158 
2483 -1.473315 
2484 -1.603333 
2485 -1.453961 
2486 -1.549065 
2487 -1.429495 
2488 -2.050554 
2489 -1.798412 
2490 -1.737218 
2491 -0.448327 
2492 -1.040989 
2493 1.821995 
2494 1.496604 
2495 1.650013 
2496 1.424508 
2497 1.276641 
2498 1.386383 
2499 1.628712 
2500 2.684927 
2501 0.579984 
2502 1.853392 
2503 1.065799 
2504 -1.090631 
2505 0.619213 
2506 -0.145497 
2507 -3.780958 
2508 -0.869293 
2509 -1.415088 
2510 -1.759728 
2511 -2.002501 
2512 -1.770524 
2513 -1.377886 
2514 -1.433516 
2515 -1.388033 
2516 -1.530002 
2517 -1.549376 
2518 -1.479943 
2519 -1.659175 
2520 -1.405968 
2521 -1.591699 
2522 -1.520381 
2523 -1.612988 
2524 -1.603385 
2525 -1.556893 
2526 -1.467915 
2527 -1.570805 
2528 -1.624573 
2529 -1.487767 
2530 -1.458205 
2531 -1.591767 
2532 -1.471363 
2533 -1.538223 
2534 -1.605917 
2535 -1.536566 
2536 -1.566721 
2537 -1.547482 
2538 -1.486298 
2539 -1.559006 
2540 -1.505117 
2541 -1.470915 
2542 -1.512385 
2543 -1.644206 
2544 -1.461712 
2545 -1.758340 
2546 -1.713261 
2547 -1.299612 
2548 -1.425616 
2549 1.527093 
2550 1.498898 
2551 1.552079 
2552 1.409499 
2553 1.332968 
2554 1.742927 
2555 1.391969 
2556 1.488128 
2557 1.366780 
2558 1.605834 
2559 1.460702 
2560 0.904405 
2561 2.474872 
2562 1.357500 
2563 -2.007886 
2564 0.197425 
2565 -0.864487 
2566 -2.651615 
2567 -1.825812 
2568 -1.586788 
2569 -1.376683 
2570 -1.512712 
2571 -1.459929 
2572 -1.489751 
2573 -1.465286 
2574 -1.571329 
2575 -1.613783 
2576 -1.506123 
2577 -1.530582 
2578 -1.544348 
2579 -1.531140 
2580 -1.467880 
2581 -1.622790 
2582 -1.442000 
2583 -1.531851 
2584 -1.523736 
2585 -1.511197 
2586 -1.427256 
2587 -1.566996 
2588 -1.432358 
2589 -1.565534 
2590 -1.652534 
2591 -1.530611 
2592 -1.544430 
2593 -1.507083 
2594 -1.523350 
2595 -1.417821 
2596 -1.500501 
2597 -1.466542 
2598 -1.495490 
2599 -1.619460 
2600 -1.573701 
2601 -1.475020 
2602 -1.530539 
2603 -1.429708 
2604 -1.499904 
2605 1.515961 
2606 1.610572 
2607 1.578704 
2608 1.540860 
2609 1.626855 
2610 1.571136 
2611 1.455452 
2612 1.353240 
2613 1.687652 
2614 1.292307 
2615 1.565360 
2616 1.806014 
2617 1.929170 
2618 1.871132 
2619 -0.222666 
2620 2.008615 
2621 0.652096 
2622 -2.765913 
2623 -0.791128 
2624 -1.130450 
2625 -1.522311 
2626 -1.528296 
2627 -1.734430 
2628 -1.448766 
2629 -1.700032 
2630 -1.470722 
2631 -1.499850 
2632 -1.583505 
2633 -1.440701 
2634 -1.674653 
2635 -1.610626 
2636 -1.592425 
2637 -1.496902 
2638 -1.586619 
2639 -1.467551 
2640 -1.501675 
2641 -1.531021 
2642 -1.548821 
2643 -1.533049 
2644 -1.602749 
2645 -1.500484 
2646 -1.504084 
2647 -1.510393 
2648 -1.641508 
2649 -1.496608 
2650 -1.516969 
2651 -1.480627 
2652 -1.567436 
2653 -1.575321 
2654 -1.580939 
2655 -1.398531 
2656 -1.630096 
2657 -1.618956 
2658 -1.475618 
2659 -1.473911 
2660 -1.557089 
2661 1.512934 
2662 1.497529 
2663 1.546280 
2664 1.558172 
2665 1.559717 
2666 1.410518 
2667 1.547231 
2668 1.434085 
2669 1.539138 
2670 1.559259 
2671 1.550447 
2672 1.767993 
2673 1.504411 
2674 1.576517 
2675 0.907820 
2676 2.972512 
2677 1.563210 
2678 -1.214323 
2679 0.507033 
2680 -0.346029 
2681 -2.264268 
2682 -1.109104 
2683 -1.894786 
2684 -1.408271 
2685 -1.571012 
2686 -1.464542 
2687 -1.427950 
2688 -1.563341 
2689 -1.430300 
2690 -1.550422 
2691 -1.500442 
2692 -1.511525 
2693 -1.642192 
2694 -1.532257 
2695 -1.411717 
2696 -1.550886 
2697 -1.466288 
2698 -1.558287 
2699 -1.491776 
2700 -1.480874 
2701 -1.439575 
2702 -1.596532 
2703 -1.570922 
2704 -1.503407 
2705 -1.597124 
2706 -1.392157 
2707 -1.535083 
2708 -1.511572 
2709 -1.611009 
2710 -1.493940 
2711 -1.495983 
2712 -1.480008 
2713 -1.478559 
2714 -1.445597 
2715 -1.611626 
2716 -1.452641 
2717 1.486489 
2718 1.515830 
2719 1.757286 
2720 1.640163 
2721 1.554962 
2722 1.613036 
2723 1.311535 
2724 1.365364 
2725 1.547854 
2726 1.633186 
2727 1.476342 
2728 1.591575 
2729 1.308702 
2730 1.506453 
2731 1.657588 
2732 2.090375 
2733 1.986291 
2734 0.111803 
2735 1.372947 
2736 0.333058 
2737 -2.618150 
2738 -0.531071 
2739 -2.074847 
2740 -1.506505 
2741 -1.742424 
2742 -1.414475 
2743 -1.292946 
2744 -1.645718 
2745 -1.480885 
2746 -1.536615 
2747 -1.493116 
2748 -1.559075 
2749 -1.590666 
2750 -1.487700 
2751 -1.556873 
2752 -1.539467 
2753 -1.446575 
2754 -1.564870 
2755 -1.626224 
2756 -1.554550 
2757 -1.525598 
2758 -1.568847 
2759 -1.509720 
2760 -1.485300 
2761 -1.596479 
2762 -1.549385 
2763 -1.540135 
2764 -1.572692 
2765 -1.487821 
2766 -1.491405 
2767 -1.624750 
2768 -1.251613 
2769 -1.400352 
2770 -1.650486 
2771 -1.622215 
2772 -1.829976 
2773 1.450267 
2774 -1.316829 
2775 1.491863 
2776 1.608158 
2777 1.498990 
2778 1.552751 
2779 1.509394 
2780 1.521251 
2781 1.624860 
2782 1.520134 
2783 1.582427 
2784 1.603962 
2785 1.566707 
2786 1.586515 
2787 1.574372 
2788 2.524621 
2789 2.005136 
2790 0.400222 
2791 -1.213218 
2792 -1.762847 
2793 1.304942 
2794 1.652302 
2795 1.474318 
2796 1.519391 
2797 1.588905 
2798 1.520664 
2799 1.572798 
2800 1.523410 
2801 1.516741 
2802 1.599273 
2803 1.567199 
2804 1.506529 
2805 1.451280 
2806 1.484099 
2807 1.623709 
2808 1.768033 
2809 -0.489142 
2810 -3.086927 
2811 0.319594 
2812 1.499585 
2813 1.760734 
2814 1.587728 
2815 1.569254 
2816 1.633589 
2817 1.677511 
2818 1.522326 
2819 1.494801 
2820 1.560835 
2821 1.620771 
2822 1.604823 
2823 1.595106 
2824 1.734738 
2825 1.914948 
2826 1.835184 
2827 1.113185 
2828 -1.588830 
2829 -2.148775 
2830 0.302226 
2831 2.662980 
2832 1.738721 
2833 1.661376 
2834 1.547292 
2835 1.526275 
2836 1.587962 
2837 1.553361 
2838 1.572028 
2839 1.654146 
2840 1.662969 
2841 1.565274 
2842 1.583084 
2843 1.600786 
2844 1.768034 
2845 1.839716 
2846 0.870371 
2847 -2.066877 
2848 -1.940885 
2849 -0.108603 
2850 1.920091 
2851 2.359921 
2852 1.812617 
2853 1.608723 
2854 1.518212 
2855 1.546318 
2856 1.658194 
2857 1.633457 
2858 1.613989 
2859 1.695116 
2860 1.579910 
2861 1.602855 
2862 1.650103 
2863 1.733414 
2864 1.642265 
2865 -1.702606 
2866 -1.997731 
2867 -1.626406 
2868 -0.341042 
2869 1.409206 
2870 2.214243 
2871 2.292151 
2872 1.567922 
2873 1.607150 
2874 1.565593 
2875 1.696391 
2876 1.641317 
2877 1.664497 
2878 1.668062 
2879 1.517756 
2880 1.538107 
2881 1.585231 
2882 1.653560 
2883 -1.437728 
2884 -2.011851 
2885 -2.136403 
2886 -1.481260 
2887 -0.615137 
2888 0.446994 
2889 1.430396 
2890 2.244101 
2891 2.074890 
2892 1.498819 
2893 1.279798 
2894 1.581285 
2895 2.267161 
2896 1.627999 
2897 1.615826 
2898 1.448350 
2899 1.542452 
2900 1.655934 
2901 -1.553612 
2902 -1.451990 
2903 -1.504167 
2904 -2.560822 
2905 -2.117619 
2906 -1.124686 
2907 -0.275977 
2908 1.328603 
2909 3.271215 
2910 1.138486 
2911 -0.059262 
2912 -0.060603 
2913 0.936495 
2914 2.327646 
2915 2.383518 
2916 1.594019 
2917 1.486701 
2918 1.620180 
2919 -1.554873 
2920 -1.520162 
2921 -1.584309 
2922 -1.504467 
2923 -1.554641 
2924 -2.920675 
2925 -1.846226 
2926 -0.956321 
2927 -0.056970 
2928 0.128412 
2929 -1.520321 
2930 -3.140931 
2931 -1.166622 
2932 0.540219 
2933 1.530863 
2934 2.138656 
2935 1.945147 
2936 1.563784 
2937 -1.373033 
2938 -1.813594 
2939 -1.607745 
2940 -1.522265 
2941 -1.449008 
2942 -1.467431 
2943 -1.647704 
2944 -1.707167 
2945 -1.830087 
2946 -1.741660 
2947 -1.654307 
2948 -2.046485 
2949 -2.168603 
2950 -1.605341 
2951 0.170401 
2952 1.492866 
2953 2.078032 
2954 2.234441 
2955 -0.391295 
2956 -1.578466 
2957 -1.921996 
2958 -1.586789 
2959 -1.492097 
2960 -1.584774 
2961 -1.605438 
2962 -1.570102 
2963 -1.624516 
2964 -1.579889 
2965 -1.570853 
2966 -1.529024 
2967 -1.659197 
2968 -2.599362 
2969 -1.964753 
2970 -0.915005 
2971 1.276269 
2972 2.462103 
2973 1.841181 
2974 -0.190533 
2975 -2.079969 
2976 -1.796655 
2977 -1.662052 
2978 -1.547912 
2979 -1.450917 
2980 -1.582891 
2981 -1.564564 
2982 -1.664162 
2983 -1.577542 
2984 -1.524163 
2985 -1.406508 
2986 -1.640620 
2987 -1.812014 
2988 -2.109497 
2989 -1.315232 
2990 0.995620 
2991 2.412318 
2992 1.766410 
2993 -0.084613 
2994 -1.932237 
2995 -2.340325 
2996 -1.654596 
2997 -1.590100 
2998 -1.572518 
2999 -1.638124 
3000 -1.627476 
3001 -1.655182 
3002 -1.587171 
3003 -1.581679 
3004 -1.517586 
3005 -1.564623 
3006 -1.765170 
3007 -1.721140 
3008 -0.889760 
3009 2.097438 
3010 2.302334 
3011 0.925380 
3012 -0.246430 
3013 -1.203898 
3014 -2.489976 
3015 -1.964175 
3016 -1.503772 
3017 -1.626677 
3018 -1.555493 
3019 -1.591585 
3020 -1.571248 
3021 -1.524775 
3022 -1.503702 
3023 -1.641228 
3024 -1.538977 
3025 -1.607151 
3026 -1.507632 
3027 1.582111 
3028 2.668720 
3029 2.105651 
3030 0.846678 
3031 -0.327754 
3032 -1.348369 
3033 -1.716215 
3034 -1.420358 
3035 -1.627545 
3036 -1.543362 
3037 -1.530888 
3038 -1.553565 
3039 -1.595404 
3040 -1.581272 
3041 -1.552578 
3042 -1.592342 
3043 -1.563500 
3044 -1.478227 
3045 1.602288 
3046 1.517779 
3047 1.628600 
3048 2.273736 
3049 0.566536 
3050 -0.737014 
3051 -2.468396 
3052 -1.567764 
3053 -1.519703 
3054 -1.435039 
3055 -1.610724 
3056 -1.592029 
3057 -1.460101 
3058 -1.502885 
3059 -1.595326 
3060 -1.574685 
3061 -1.571178 
3062 -1.509503 
3063 1.627164 
3064 1.513884 
3065 1.639789 
3066 1.785931 
3067 1.255062 
3068 -0.019246 
3069 -1.493747 
3070 -2.300860 
3071 -1.855019 
3072 -1.629267 
3073 -1.589549 
3074 -1.547055 
3075 -1.610312 
3076 -1.643963 
3077 -1.584009 
3078 -1.546175 
3079 -1.583066 
3080 -1.633974 
3081 1.652136 
3082 1.643555 
3083 1.536732 
3084 2.107773 
3085 2.299910 
3086 1.144014 
3087 -1.392137 
3088 -1.892533 
3089 -1.606706 
3090 -1.527465 
3091 -1.406413 
3092 -1.567942 
3093 -1.582656 
3094 -1.658927 
3095 -1.584681 
3096 -1.608493 
3097 -1.542471 
3098 -1.952188 
3099 1.514648 
3100 1.034528 
3101 -1.018234 
3102 -2.181205 
3103 -2.134934 
3104 -1.510887 
3105 -1.558776 
3106 -1.754044 
3107 -1.627161 
3108 -1.110680 
3109 1.279868 
3110 2.234353 
3111 2.048177 
3112 1.652501 
3113 1.432929 
3114 1.626058 
3115 1.667014 
3116 1.384339 
3117 -1.156567 
3118 -1.883280 
3119 -2.016256 
3120 -0.750799 
3121 1.106477 
3122 2.187489 
3123 2.287741 
3124 1.354075 
3125 1.211265 
3126 1.406765 
3127 2.005425 
3128 2.091164 
3129 0.163181 
3130 -1.621343 
3131 -2.142789 
3132 -1.424023 
3133 -1.378823 
3134 -1.898940 
3135 1.537292 
3136 1.563050 
3137 1.604046 
3138 1.592015 
3139 1.662096 
3140 1.620475 
3141 1.652737 
3142 1.507593 
3143 1.490511 
3144 1.655981 
3145 1.541035 
3146 1.496124 
3147 1.470101 
3148 2.337705 
3149 1.249019 
3150 -0.307431 
3151 -1.795836 
3152 -1.496666 
3153 1.728165 
3154 1.554234 
3155 1.505830 
3156 1.870178 
3157 2.206643 
3158 1.469086 
3159 -0.218628 
3160 -1.530116 
3161 -1.559078 
3162 -1.513802 
3163 -1.610903 
3164 -1.586722 
3165 -1.581746 
3166 -1.623013 
3167 -1.439698 
3168 -1.500617 
3169 -1.429746 
3170 -1.618141 
3171 1.640787 
3172 -0.827820 
3173 -3.785617 
3174 1.095602 
