2395 1
1586 0.473757 
1499 0.473757 
1500 0.473757 
63 0.473757 
712 0.473757 
1893 0.473757 
589 0.473757 
602 0.473757 
601 0.473757 
1585 0.473757 
2186 0.448382 
1217 0.448382 
1737 0.448382 
2165 0.448382 
1738 0.448382 
2166 0.448382 
1449 0.448382 
1450 0.448382 
883 0.448382 
854 0.448382 
853 0.448382 
2051 0.448382 
1644 0.448382 
909 0.448382 
2052 0.448382 
541 0.448382 
2075 0.442577 
1456 0.442577 
1571 0.442577 
1570 0.442577 
2196 0.442577 
73 0.442577 
1045 0.442577 
290 0.442577 
1046 0.442577 
1178 0.442577 
1455 0.442577 
1748 0.442577 
547 0.442577 
944 0.442577 
1747 0.442577 
9 0.442577 
1730 0.442577 
2023 0.442577 
34 0.442577 
548 0.442577 
408 0.439839 
87 0.439839 
1348 0.439839 
2262 0.439839 
246 0.439839 
1117 0.439839 
431 0.439839 
2261 0.439839 
245 0.439839 
1790 0.439839 
1286 0.439839 
165 0.439839 
1289 0.439839 
184 0.439839 
1795 0.439839 
1796 0.439839 
219 0.439839 
2289 0.439839 
1285 0.439839 
269 0.439839 
1331 0.439839 
1332 0.439839 
327 0.439839 
2290 0.439839 
335 0.439839 
832 0.439839 
792 0.439839 
794 0.439839 
1601 0.439839 
1600 0.439839 
1863 0.439839 
1935 0.439839 
1602 0.439839 
1866 0.439839 
1613 0.439839 
837 0.439839 
1936 0.439839 
1614 0.439839 
644 0.439839 
998 0.439839 
955 0.439839 
906 0.439839 
956 0.439839 
760 0.422056 
224 0.422056 
919 0.422056 
916 0.422056 
148 0.422056 
915 0.422056 
1939 0.400598 
688 0.400598 
2187 0.400598 
250 0.400598 
2301 0.400598 
1940 0.400598 
200 0.400598 
1953 0.400598 
1954 0.400598 
2013 0.400598 
1343 0.400598 
498 0.400598 
1364 0.400598 
1363 0.400598 
495 0.400598 
1615 0.400598 
1344 0.400598 
434 0.400598 
520 0.400598 
417 0.400598 
561 0.400598 
2266 0.400598 
687 0.400598 
382 0.400598 
996 0.400598 
995 0.400598 
2190 0.400598 
2296 0.400598 
1616 0.400598 
2189 0.400598 
2302 0.400598 
685 0.400598 
266 0.400598 
8 0.400598 
1824 0.400598 
42 0.400598 
110 0.400598 
1864 0.400598 
21 0.400598 
1760 0.399463 
2109 0.399463 
169 0.399463 
476 0.399463 
377 0.399463 
1060 0.399463 
980 0.399463 
1826 0.399463 
1825 0.399463 
1764 0.399463 
2034 0.399463 
470 0.399463 
458 0.399463 
1757 0.399463 
1472 0.399463 
1074 0.399463 
198 0.399463 
1937 0.399463 
1938 0.399463 
1415 0.399463 
1942 0.399463 
1541 0.399463 
1542 0.399463 
1772 0.399463 
805 0.399463 
1822 0.399463 
1390 0.399463 
19 0.399463 
305 0.399463 
1387 0.399463 
307 0.399463 
1488 0.399463 
1821 0.399463 
1487 0.399463 
54 0.399463 
514 0.399463 
259 0.399463 
1771 0.399463 
2031 0.399463 
2176 0.399463 
2175 0.399463 
926 0.399463 
529 0.399463 
2110 0.399463 
225 0.399463 
111 0.390297 
1880 0.390297 
1879 0.390297 
2280 0.390297 
1523 0.390297 
1230 0.390297 
384 0.390297 
1524 0.390297 
1229 0.390297 
2281 0.390297 
1235 0.390297 
217 0.390297 
1889 0.390297 
1360 0.390297 
841 0.390297 
842 0.390297 
838 0.390297 
902 0.390297 
1209 0.390297 
566 0.390297 
2317 0.390297 
44 0.390297 
263 0.390297 
1562 0.390297 
2318 0.390297 
1561 0.390297 
501 0.390297 
1359 0.390297 
427 0.390297 
1556 0.390297 
188 0.390297 
2006 0.390297 
2320 0.390297 
2342 0.390297 
686 0.390297 
701 0.390297 
2249 0.390297 
444 0.390297 
261 0.377606 
1717 0.377606 
2145 0.377606 
291 0.377606 
710 0.377606 
1718 0.377606 
16 0.377606 
521 0.377606 
2098 0.377606 
2209 0.377606 
2097 0.377606 
2212 0.377606 
2214 0.377606 
1044 0.377606 
1047 0.377606 
1564 0.377606 
1563 0.377606 
524 0.377606 
22 0.377606 
513 0.377606 
705 0.377606 
709 0.377606 
908 0.377606 
1252 0.377606 
984 0.377606 
983 0.377606 
393 0.377606 
1658 0.377606 
1516 0.377606 
180 0.377606 
1468 0.377606 
185 0.377606 
175 0.377606 
176 0.377606 
183 0.377606 
131 0.377606 
1471 0.377606 
907 0.377606 
181 0.377606 
1039 0.372055 
289 0.372055 
2050 0.360009 
1735 0.360009 
1736 0.360009 
2049 0.360009 
1216 0.360009 
536 0.360009 
535 0.360009 
216 0.360009 
1336 0.360009 
2167 0.360009 
2168 0.360009 
839 0.360009 
877 0.360009 
28 0.360009 
840 0.360009 
1642 0.360009 
2096 0.360009 
2095 0.360009 
904 0.360009 
903 0.360009 
729 0.315968 
485 0.315968 
727 0.315968 
728 0.315968 
1485 0.315968 
1007 0.315968 
730 0.315968 
1097 0.315968 
56 0.315968 
1529 0.315968 
669 0.315968 
1486 0.315968 
2330 0.315968 
1792 0.315968 
438 0.315968 
421 0.315968 
1309 0.315968 
1310 0.315968 
420 0.315968 
419 0.315968 
25 0.315968 
1543 0.315968 
2329 0.315968 
579 0.315968 
2222 0.315968 
2221 0.315968 
1131 0.313292 
1132 0.313292 
2022 0.313292 
925 0.313292 
2066 0.313292 
546 0.313292 
545 0.313292 
1454 0.313292 
1550 0.313292 
2193 0.313292 
1745 0.313292 
2194 0.313292 
60 0.313292 
1043 0.313292 
1453 0.313292 
1659 0.313292 
1551 0.313292 
2339 0.303551 
1388 0.303551 
459 0.303551 
689 0.303551 
1546 0.303551 
1204 0.303551 
875 0.303551 
2340 0.303551 
402 0.303551 
401 0.303551 
878 0.303551 
1275 0.303551 
1103 0.303551 
2345 0.303551 
204 0.303551 
500 0.303551 
2232 0.303551 
212 0.303551 
1875 0.303551 
2227 0.303551 
890 0.303551 
1847 0.303551 
2346 0.303551 
1272 0.303551 
2229 0.303551 
938 0.303551 
937 0.303551 
1801 0.303551 
1848 0.303551 
1876 0.303551 
2148 0.284802 
635 0.284802 
1280 0.284802 
2102 0.284802 
1031 0.284802 
735 0.284802 
379 0.284802 
2238 0.284802 
2237 0.284802 
917 0.284802 
1594 0.284802 
1430 0.284802 
1593 0.284802 
405 0.284802 
168 0.284802 
286 0.284802 
474 0.284802 
285 0.284802 
418 0.284802 
1032 0.284802 
83 0.284802 
1720 0.284802 
869 0.284802 
1719 0.284802 
918 0.284802 
2381 0.284802 
1279 0.284802 
1694 0.284802 
2101 0.284802 
1521 0.284802 
362 0.284802 
1424 0.284802 
1423 0.284802 
134 0.284802 
1664 0.284802 
1612 0.284802 
1663 0.284802 
739 0.284802 
738 0.284802 
1429 0.284802 
1403 0.276056 
306 0.276056 
1527 0.276056 
608 0.276056 
628 0.276056 
172 0.276056 
607 0.276056 
1722 0.276056 
1809 0.276056 
627 0.276056 
624 0.276056 
1080 0.276056 
2103 0.276056 
1409 0.276056 
467 0.276056 
466 0.276056 
1079 0.276056 
1078 0.276056 
66 0.276056 
604 0.276056 
193 0.276056 
1566 0.276056 
1404 0.276056 
1762 0.276056 
1814 0.276056 
852 0.276056 
2104 0.276056 
78 0.276056 
808 0.276056 
1565 0.276056 
921 0.276056 
1656 0.276056 
1655 0.276056 
1761 0.276056 
922 0.276056 
1077 0.276056 
2155 0.276056 
1810 0.276056 
603 0.276056 
1086 0.276056 
477 0.276056 
68 0.276056 
49 0.262671 
1981 0.262671 
80 0.262671 
1470 0.262671 
2246 0.262671 
2245 0.262671 
36 0.262671 
2079 0.262671 
1828 0.262671 
2080 0.262671 
1827 0.262671 
1469 0.262671 
1052 0.262671 
550 0.262671 
2087 0.262671 
1791 0.262671 
571 0.262671 
572 0.262671 
1982 0.262671 
329 0.262671 
294 0.262671 
413 0.262671 
411 0.262671 
1293 0.262671 
2141 0.262671 
2295 0.262671 
855 0.262671 
1300 0.262671 
1345 0.262671 
1122 0.262671 
2142 0.262671 
1121 0.262671 
1670 0.262671 
834 0.262671 
1669 0.262671 
856 0.262671 
186 0.262671 
1296 0.262671 
2251 0.262671 
1186 0.262671 
1185 0.262671 
1306 0.262671 
1165 0.262671 
1305 0.262671 
1794 0.262671 
1609 0.244507 
1852 0.244507 
1259 0.244507 
1258 0.244507 
849 0.244507 
366 0.244507 
114 0.244507 
1610 0.244507 
1925 0.244507 
504 0.244507 
1851 0.244507 
1220 0.244507 
2004 0.244507 
1462 0.244507 
1926 0.244507 
539 0.244507 
540 0.244507 
894 0.244507 
2154 0.244507 
2153 0.244507 
1497 0.244507 
143 0.244507 
844 0.244507 
629 0.244507 
2003 0.244507 
378 0.244507 
394 0.244507 
843 0.244507 
2183 0.244507 
714 0.244507 
2260 0.244507 
122 0.244507 
202 0.244507 
1196 0.244507 
867 0.244507 
711 0.244507 
692 0.244507 
2259 0.244507 
2178 0.244507 
691 0.244507 
1195 0.244507 
12 0.244507 
206 0.244507 
2011 0.240629 
828 0.240629 
46 0.240629 
1442 0.240629 
793 0.240629 
1441 0.240629 
790 0.240629 
478 0.240629 
1752 0.240629 
1631 0.240629 
2119 0.240629 
2376 0.240629 
559 0.240629 
560 0.240629 
2012 0.240629 
565 0.240629 
473 0.240629 
568 0.240629 
1164 0.240629 
103 0.240629 
79 0.240629 
626 0.240629 
625 0.240629 
1161 0.240629 
684 0.240629 
1746 0.240629 
350 0.240629 
680 0.240629 
1337 0.240629 
1688 0.240629 
768 0.240629 
1426 0.240629 
673 0.240629 
41 0.240629 
1372 0.240629 
683 0.240629 
1751 0.240629 
2375 0.240629 
1338 0.240629 
1433 0.240629 
162 0.240629 
1290 0.239069 
812 0.239069 
2070 0.239069 
676 0.239069 
1707 0.239069 
1708 0.239069 
675 0.239069 
2069 0.239069 
1963 0.239069 
992 0.239069 
1967 0.239069 
1968 0.239069 
859 0.239069 
648 0.239069 
1628 0.239069 
1627 0.239069 
1021 0.211937 
1452 0.202183 
2263 0.202183 
544 0.202183 
543 0.202183 
912 0.202183 
1266 0.202183 
2063 0.202183 
2191 0.202183 
1029 0.202183 
1030 0.202183 
32 0.202183 
2192 0.202183 
1451 0.202183 
1042 0.202183 
1742 0.202183 
1647 0.202183 
1041 0.202183 
2264 0.202183 
1741 0.202183 
827 0.200213 
830 0.200213 
831 0.200213 
1789 0.200213 
3 0.200213 
630 0.200213 
806 0.200213 
1444 0.200213 
1443 0.200213 
1969 0.200213 
1436 0.200213 
1435 0.200213 
1970 0.200213 
2014 0.200213 
1000 0.200213 
997 0.200213 
39 0.200213 
707 0.200213 
1231 0.200213 
1665 0.200213 
121 0.200213 
182 0.200213 
173 0.200213 
1100 0.200213 
1199 0.200213 
81 0.200213 
1200 0.200213 
1763 0.200213 
1673 0.200213 
1766 0.200213 
1099 0.200213 
2377 0.200213 
1786 0.200213 
1693 0.200213 
2378 0.200213 
268 0.200213 
1676 0.200213 
1384 0.200213 
436 0.167770 
412 0.167770 
2315 0.167770 
2124 0.167770 
1284 0.167770 
1058 0.167770 
1057 0.167770 
1276 0.167770 
2188 0.167770 
403 0.167770 
1964 0.167770 
1340 0.167770 
1919 0.167770 
303 0.167770 
2297 0.167770 
1283 0.167770 
273 0.167770 
2298 0.167770 
1920 0.167770 
1303 0.167770 
1788 0.167770 
1555 0.167770 
1401 0.167770 
1402 0.167770 
330 0.167770 
1787 0.167770 
1304 0.167770 
351 0.167770 
1010 0.167770 
1339 0.167770 
439 0.167770 
1357 0.167770 
2312 0.167770 
2123 0.167770 
1865 0.167770 
1006 0.167770 
435 0.167770 
1358 0.167770 
361 0.167770 
433 0.167770 
829 0.159043 
1173 0.159043 
1623 0.159043 
1950 0.159043 
2366 0.159043 
582 0.159043 
762 0.159043 
761 0.159043 
1697 0.159043 
147 0.159043 
1949 0.159043 
526 0.159043 
970 0.159043 
1698 0.159043 
2057 0.159043 
2058 0.159043 
2393 0.159043 
314 0.154608 
2164 0.154608 
2163 0.154608 
2067 0.154608 
835 0.154608 
901 0.154608 
2048 0.154608 
2047 0.154608 
533 0.154608 
873 0.154608 
1299 0.154608 
1025 0.154608 
1732 0.154608 
1731 0.154608 
836 0.154608 
1636 0.154608 
654 0.154382 
662 0.154382 
2279 0.154382 
798 0.154382 
797 0.154382 
661 0.154382 
192 0.154382 
191 0.154382 
1755 0.154382 
1803 0.154382 
321 0.154382 
1598 0.154382 
653 0.154382 
1756 0.154382 
1611 0.154382 
1805 0.154382 
2065 0.154382 
2061 0.154382 
2064 0.154382 
95 0.154382 
2374 0.154382 
1414 0.154382 
442 0.154382 
1643 0.154382 
108 0.154382 
682 0.154382 
681 0.154382 
1872 0.154382 
2373 0.154382 
2313 0.154382 
2130 0.154382 
1640 0.154382 
2314 0.154382 
1639 0.154382 
86 0.154382 
846 0.154382 
2322 0.154382 
1806 0.154382 
2129 0.154382 
1559 0.154382 
1560 0.154382 
2128 0.145725 
48 0.145725 
772 0.145725 
771 0.145725 
2 0.145725 
2127 0.145725 
146 0.145725 
151 0.145725 
316 0.145725 
1134 0.145725 
203 0.145725 
1137 0.145725 
1699 0.145725 
2361 0.145725 
1146 0.145725 
1700 0.145725 
1798 0.145725 
2362 0.145725 
2352 0.145725 
1797 0.145725 
1924 0.145725 
1530 0.145725 
741 0.145725 
1098 0.145725 
2272 0.145725 
1557 0.145725 
462 0.145725 
1923 0.145725 
483 0.145725 
486 0.145725 
1869 0.145725 
337 0.145725 
506 0.145725 
1558 0.145725 
511 0.145725 
512 0.145725 
1406 0.145725 
1405 0.145725 
574 0.145725 
2091 0.145725 
2092 0.145725 
756 0.145725 
2200 0.137564 
1482 0.137564 
132 0.137564 
133 0.137564 
1689 0.137564 
860 0.137564 
987 0.137564 
988 0.137564 
569 0.137564 
2204 0.137564 
2199 0.137564 
23 0.137564 
1782 0.137564 
2316 0.137564 
491 0.137564 
2197 0.137564 
481 0.137564 
1375 0.137564 
1481 0.137564 
1091 0.137564 
2210 0.137564 
1376 0.137564 
387 0.137564 
731 0.137564 
732 0.137564 
1084 0.135688 
370 0.135688 
105 0.135688 
311 0.135688 
310 0.135688 
666 0.135688 
1202 0.135688 
117 0.135688 
665 0.135688 
99 0.135688 
100 0.135688 
1083 0.135688 
1849 0.133738 
1758 0.133738 
913 0.133738 
487 0.133738 
914 0.133738 
238 0.133738 
1334 0.133738 
1476 0.133738 
2111 0.133738 
1850 0.133738 
1475 0.133738 
220 0.133738 
1347 0.133738 
2305 0.133738 
2306 0.133738 
1333 0.133738 
1087 0.133738 
1088 0.133738 
391 0.133738 
1167 0.133738 
1170 0.133738 
1015 0.133738 
1349 0.133738 
981 0.133738 
20 0.133738 
1350 0.133738 
352 0.133738 
951 0.133738 
910 0.133738 
1247 0.133738 
562 0.133738 
532 0.131230 
2135 0.131230 
2134 0.131230 
1901 0.131230 
642 0.131230 
1986 0.131230 
333 0.131230 
2131 0.131230 
641 0.131230 
1288 0.131230 
1128 0.131230 
1287 0.131230 
1465 0.131230 
2242 0.131230 
1119 0.131230 
349 0.131230 
409 0.131230 
2146 0.131230 
1159 0.131230 
14 0.131230 
2143 0.131230 
452 0.131230 
2311 0.131230 
1490 0.131230 
1489 0.131230 
1674 0.131230 
946 0.131230 
531 0.131230 
2241 0.131230 
2117 0.131230 
1120 0.131230 
519 0.131230 
518 0.131230 
515 0.131230 
7 0.131230 
507 0.131230 
1291 0.131230 
1902 0.131230 
358 0.131230 
237 0.131230 
1129 0.131230 
492 0.131230 
1130 0.131230 
989 0.118743 
990 0.118743 
1244 0.118743 
2201 0.118743 
1101 0.118743 
1243 0.118743 
496 0.118743 
55 0.118743 
102 0.118743 
1947 0.118743 
368 0.118743 
1948 0.118743 
672 0.118743 
671 0.118743 
2158 0.118743 
1793 0.118743 
2202 0.118743 
1856 0.118743 
2332 0.118743 
1492 0.118743 
1491 0.118743 
534 0.118743 
1531 0.118743 
585 0.118743 
586 0.118743 
557 0.118743 
1855 0.118743 
29 0.118743 
2223 0.118743 
254 0.118743 
1532 0.118743 
1934 0.118743 
2224 0.118743 
2331 0.118743 
2072 0.117049 
1417 0.117049 
455 0.117049 
977 0.117049 
978 0.117049 
1222 0.117049 
1418 0.117049 
2179 0.117049 
257 0.117049 
1993 0.117049 
1714 0.117049 
1407 0.117049 
1381 0.117049 
1382 0.117049 
256 0.117049 
1385 0.117049 
1193 0.117049 
164 0.117049 
322 0.117049 
1214 0.117049 
2182 0.117049 
376 0.117049 
1408 0.117049 
260 0.117049 
463 0.117049 
109 0.117049 
1637 0.117049 
1638 0.117049 
364 0.117049 
2151 0.117049 
339 0.117049 
791 0.117049 
1652 0.117049 
2068 0.117049 
2136 0.117049 
1114 0.117049 
1464 0.117049 
1994 0.117049 
1651 0.117049 
2071 0.117049 
1463 0.117049 
1113 0.117049 
446 0.117049 
1641 0.117049 
1713 0.117049 
1512 0.117049 
1511 0.117049 
1898 0.107810 
1504 0.107810 
1153 0.107810 
1590 0.107810 
1503 0.107810 
736 0.107810 
1589 0.107810 
645 0.107810 
810 0.107504 
399 0.107504 
1399 0.107504 
1753 0.107504 
167 0.107504 
1932 0.107504 
1911 0.107504 
809 0.107504 
933 0.107504 
1319 0.107504 
1320 0.107504 
2235 0.107504 
2228 0.107504 
302 0.107504 
253 0.107504 
1329 0.107504 
230 0.107504 
2062 0.107504 
1107 0.107504 
799 0.107504 
982 0.107504 
2028 0.107504 
2121 0.107504 
2184 0.107504 
2122 0.107504 
979 0.107504 
1552 0.107504 
1278 0.107504 
1104 0.107504 
1270 0.107504 
2025 0.107504 
258 0.107504 
800 0.107504 
1891 0.107504 
1862 0.107504 
1861 0.107504 
974 0.107504 
1277 0.107504 
1785 0.107504 
1094 0.100053 
1004 0.100053 
270 0.100053 
315 0.100053 
1362 0.100053 
1093 0.100053 
484 0.100053 
493 0.100053 
494 0.100053 
1361 0.100053 
1005 0.100053 
1228 0.100053 
1520 0.100053 
1519 0.100053 
1227 0.100053 
2185 0.100053 
698 0.100053 
697 0.100053 
116 0.100053 
663 0.100053 
2152 0.100053 
1783 0.100053 
365 0.100053 
848 0.100053 
6 0.100053 
1960 0.100053 
1483 0.100053 
1484 0.100053 
851 0.100053 
2319 0.100053 
1194 0.100053 
2211 0.100053 
2323 0.100053 
847 0.100053 
2324 0.100053 
1952 0.078013 
1273 0.078013 
1274 0.078013 
1705 0.078013 
1951 0.078013 
850 0.078013 
789 0.078013 
583 0.078013 
2059 0.078013 
971 0.078013 
265 0.078013 
1933 0.078013 
2060 0.078013 
659 0.078013 
1626 0.078013 
2355 0.077899 
1597 0.077899 
1930 0.077899 
1929 0.077899 
252 0.077899 
2017 0.077899 
2018 0.077899 
2367 0.077899 
1668 0.077899 
2356 0.077899 
1667 0.077899 
1162 0.077899 
748 0.077899 
744 0.077899 
400 0.072030 
1680 0.072030 
319 0.072030 
320 0.072030 
1679 0.072030 
155 0.072030 
1 0.072030 
0 0.072030 
2010 0.072030 
1271 0.072030 
67 0.072030 
69 0.072030 
2372 0.072030 
2371 0.072030 
144 0.072030 
1322 0.072030 
2009 0.072030 
236 0.072030 
1733 0.072030 
1726 0.072030 
1725 0.072030 
1313 0.072030 
1314 0.072030 
1712 0.072030 
1321 0.072030 
1105 0.072030 
1416 0.072030 
893 0.072030 
469 0.072030 
422 0.072030 
767 0.072030 
2271 0.072030 
479 0.072030 
482 0.072030 
1439 0.072030 
1440 0.072030 
1106 0.072030 
640 0.072030 
822 0.072030 
605 0.072030 
606 0.072030 
639 0.072030 
1108 0.072030 
2016 0.070212 
2351 0.070212 
737 0.070212 
2015 0.070212 
1592 0.070212 
1927 0.070212 
1928 0.070212 
1506 0.070212 
1505 0.070212 
1157 0.070212 
655 0.070212 
150 0.046092 
619 0.046092 
1765 0.046092 
158 0.046092 
160 0.046092 
190 0.046092 
1298 0.046092 
616 0.046092 
1574 0.046092 
609 0.046092 
1297 0.046092 
207 0.046092 
781 0.046092 
892 0.046092 
889 0.046092 
1843 0.046092 
885 0.046092 
1840 0.046092 
884 0.046092 
935 0.046092 
936 0.046092 
782 0.046092 
651 0.046092 
70 0.046092 
2157 0.046092 
1813 0.046092 
764 0.046092 
763 0.046092 
2106 0.046092 
92 0.046092 
1533 0.046092 
670 0.046092 
2267 0.046092 
414 0.046092 
2256 0.046092 
2255 0.046092 
1661 0.046092 
1662 0.046092 
973 0.042569 
407 0.042569 
104 0.042569 
1281 0.042569 
1282 0.042569 
674 0.042569 
428 0.042569 
1632 0.042569 
1174 0.042569 
356 0.042569 
1175 0.042569 
357 0.042569 
1176 0.042569 
1177 0.042569 
355 0.042569 
1179 0.042569 
1931 0.042569 
342 0.034959 
1232 0.034959 
2044 0.034959 
1909 0.034959 
2300 0.034959 
1092 0.034959 
1233 0.034959 
1678 0.034959 
323 0.034959 
1145 0.034959 
77 0.034959 
1998 0.034959 
71 0.034959 
1997 0.034959 
1910 0.034959 
381 0.034959 
325 0.034959 
312 0.034959 
313 0.034959 
1109 0.034959 
1110 0.034959 
1498 0.034959 
817 0.034959 
818 0.034959 
1775 0.034959 
1352 0.034959 
622 0.034959 
621 0.034959 
1351 0.034959 
2247 0.034959 
179 0.034959 
1568 0.034959 
1677 0.034959 
2248 0.034959 
610 0.034959 
1778 0.034959 
1567 0.034959 
2310 0.034959 
2309 0.034959 
437 0.034959 
2326 0.034959 
1579 0.034959 
1580 0.034959 
2043 0.034959 
1085 0.034959 
1587 0.032901 
1896 0.032901 
1501 0.032901 
1502 0.032901 
623 0.032901 
1138 0.032901 
713 0.032901 
1588 0.032901 
2268 0.032901 
1818 0.032308 
1817 0.032308 
1729 0.032308 
927 0.032308 
1975 0.032308 
1578 0.032308 
1466 0.032308 
326 0.032308 
857 0.032308 
406 0.032308 
2073 0.032308 
2074 0.032308 
15 0.032308 
2240 0.032308 
965 0.032308 
966 0.032308 
13 0.032308 
195 0.032308 
347 0.032308 
2288 0.032308 
152 0.032308 
2161 0.032308 
1160 0.032308 
2162 0.032308 
1156 0.032308 
2140 0.032308 
537 0.032308 
898 0.032308 
97 0.032308 
928 0.032308 
931 0.032308 
932 0.032308 
508 0.032308 
858 0.032308 
2239 0.032308 
2118 0.032308 
2113 0.032308 
1115 0.032308 
2114 0.032308 
505 0.032308 
1781 0.029098 
1365 0.029098 
1776 0.029098 
2282 0.029098 
443 0.029098 
1874 0.029098 
1366 0.029098 
2077 0.029098 
1356 0.029098 
1355 0.029098 
1784 0.029098 
2076 0.029098 
1421 0.029098 
2132 0.029098 
281 0.029098 
934 0.029098 
1892 0.029098 
1431 0.029098 
1428 0.029098 
1427 0.029098 
1422 0.029098 
2177 0.029098 
1420 0.029098 
1419 0.029098 
231 0.029098 
328 0.029098 
178 0.029098 
1769 0.029098 
1770 0.029098 
445 0.029098 
472 0.029098 
460 0.029098 
1808 0.029098 
581 0.029098 
584 0.029098 
1807 0.029098 
1569 0.029098 
1219 0.029098 
457 0.029098 
53 0.029098 
2217 0.003843 
156 0.003843 
1155 0.003843 
2230 0.003843 
360 0.003843 
1053 0.003843 
1158 0.003843 
1054 0.003843 
35 0.003843 
2218 0.003843 
2088 0.003843 
293 0.003843 
346 0.003843 
1836 0.003843 
1459 0.003843 
1743 0.003843 
1460 0.003843 
1181 0.003843 
416 0.003843 
11 0.003843 
1835 0.003843 
1324 0.003843 
962 0.003843 
551 0.003843 
552 0.003843 
1823 -0.039905 
2038 -0.039905 
299 -0.039905 
1624 -0.039905 
274 -0.039905 
769 -0.039905 
1009 -0.039905 
770 -0.039905 
201 -0.039905 
1621 -0.039905 
199 -0.039905 
1622 -0.039905 
1508 -0.039905 
2387 -0.039905 
1507 -0.039905 
2388 -0.039905 
1008 -0.039905 
1625 -0.039905 
1012 -0.039905 
1062 -0.039905 
874 -0.039905 
1645 -0.039905 
1646 -0.039905 
871 -0.039905 
1076 -0.039905 
1075 -0.039905 
1990 -0.039905 
1071 -0.039905 
870 -0.039905 
2019 -0.039905 
138 -0.039905 
101 -0.039905 
866 -0.039905 
2026 -0.039905 
1989 -0.039905 
276 -0.039905 
275 -0.039905 
865 -0.039905 
2033 -0.039905 
1966 -0.039905 
295 -0.039905 
1061 -0.039905 
1370 -0.039905 
1369 -0.039905 
1703 -0.039905 
1704 -0.039905 
1055 -0.039905 
1056 -0.039905 
1059 -0.039905 
292 -0.057811 
969 -0.057811 
284 -0.057811 
251 -0.057811 
1961 -0.057811 
1962 -0.057811 
2112 -0.057811 
2139 -0.057811 
2005 -0.057811 
149 -0.057811 
749 -0.057811 
742 -0.057811 
1048 -0.057811 
140 -0.057811 
2274 -0.057811 
1154 -0.057811 
62 -0.057811 
242 -0.057811 
2273 -0.057811 
1143 -0.057811 
1553 -0.057811 
1554 -0.057811 
1125 -0.057811 
1126 -0.057811 
1139 -0.057811 
1140 -0.057811 
345 -0.057811 
972 -0.057811 
1184 -0.057811 
1183 -0.057811 
196 -0.057811 
334 -0.057811 
595 -0.057811 
596 -0.057811 
567 -0.109874 
617 -0.109874 
1583 -0.109874 
1525 -0.109874 
1584 -0.109874 
430 -0.109874 
296 -0.109874 
1575 -0.109874 
1666 -0.109874 
708 -0.109874 
719 -0.109874 
517 -0.109874 
475 -0.109874 
620 -0.109874 
1526 -0.109874 
784 -0.109874 
1260 -0.109874 
783 -0.109874 
2284 -0.109874 
618 -0.109874 
271 -0.109874 
1002 -0.109874 
1013 -0.109874 
1014 -0.109874 
1001 -0.109874 
159 -0.109874 
1410 -0.109874 
1740 -0.109874 
1739 -0.109874 
2347 -0.109874 
1886 -0.109874 
2348 -0.109874 
1102 -0.109874 
1335 -0.109874 
1885 -0.109874 
75 -0.109874 
74 -0.109874 
2383 -0.109874 
45 -0.109874 
2384 -0.109874 
1608 -0.194514 
91 -0.194514 
1607 -0.194514 
527 -0.194514 
2041 -0.194514 
2042 -0.194514 
759 -0.194514 
2392 -0.194514 
1946 -0.194514 
1169 -0.194514 
2363 -0.194514 
1945 -0.194514 
2364 -0.194514 
1692 -0.194514 
863 -0.194514 
262 -0.194514 
825 -0.197283 
1024 -0.197283 
2160 -0.197283 
2159 -0.197283 
872 -0.197283 
2055 -0.197283 
1295 -0.197283 
1727 -0.197283 
2045 -0.197283 
1728 -0.197283 
1267 -0.197283 
2046 -0.197283 
1633 -0.197283 
826 -0.197283 
891 -0.197283 
591 -0.202817 
724 -0.202817 
2270 -0.202817 
723 -0.202817 
2269 -0.202817 
592 -0.202817 
72 -0.202817 
130 -0.202817 
129 -0.202817 
594 -0.202817 
1123 -0.202817 
1124 -0.202817 
1959 -0.202817 
488 -0.202817 
456 -0.202817 
939 -0.202817 
58 -0.202817 
59 -0.202817 
2082 -0.202817 
796 -0.202817 
795 -0.202817 
1681 -0.202817 
1684 -0.202817 
2341 -0.202817 
166 -0.202817 
331 -0.202817 
1394 -0.202817 
1393 -0.202817 
5 -0.202817 
1617 -0.202817 
1386 -0.202817 
2094 -0.202817 
1618 -0.202817 
2081 -0.202817 
1383 -0.202817 
1467 -0.204401 
1211 -0.204401 
929 -0.204401 
1215 -0.204401 
2203 -0.204401 
2205 -0.204401 
1218 -0.204401 
2206 -0.204401 
895 -0.204401 
1715 -0.204401 
1198 -0.204401 
920 -0.204401 
1246 -0.204401 
1245 -0.204401 
896 -0.204401 
1238 -0.204401 
1237 -0.204401 
367 -0.204401 
390 -0.204401 
2349 -0.204401 
229 -0.204401 
373 -0.204401 
2170 -0.204401 
2169 -0.204401 
154 -0.204401 
1391 -0.204401 
930 -0.204401 
1392 -0.204401 
1514 -0.204401 
1513 -0.204401 
776 -0.204401 
2156 -0.204401 
1400 -0.204401 
2144 -0.204401 
1654 -0.204401 
1653 -0.204401 
2350 -0.204401 
115 -0.204401 
696 -0.204401 
695 -0.204401 
2195 -0.204401 
1995 -0.204401 
1996 -0.204401 
1716 -0.204401 
461 -0.204401 
341 -0.217558 
344 -0.217558 
1853 -0.217558 
480 -0.217558 
4 -0.217558 
2308 -0.217558 
2307 -0.217558 
1773 -0.217558 
489 -0.217558 
490 -0.217558 
1774 -0.217558 
1854 -0.217558 
1089 -0.217558 
1180 -0.217558 
1144 -0.217558 
985 -0.217558 
1301 -0.217558 
2198 -0.217558 
986 -0.217558 
1302 -0.217558 
1090 -0.217558 
1311 -0.217558 
1312 -0.217558 
1354 -0.217558 
1149 -0.217558 
1353 -0.217558 
563 -0.217558 
1150 -0.217558 
1151 -0.217558 
1479 -0.217558 
1152 -0.217558 
1480 -0.217558 
1022 -0.232603 
1019 -0.232603 
2283 -0.232603 
975 -0.232603 
255 -0.232603 
1380 -0.232603 
1395 -0.232603 
280 -0.232603 
2286 -0.232603 
2287 -0.232603 
2344 -0.232603 
343 -0.232603 
1883 -0.232603 
1682 -0.232603 
2343 -0.232603 
1687 -0.232603 
1690 -0.232603 
2291 -0.232603 
2292 -0.232603 
426 -0.232603 
2325 -0.232603 
1373 -0.232603 
1582 -0.232603 
1368 -0.232603 
1234 -0.232603 
1581 -0.232603 
1374 -0.232603 
1367 -0.232603 
516 -0.232603 
1040 -0.232603 
128 -0.232603 
976 -0.232603 
448 -0.232603 
1379 -0.232603 
432 -0.232603 
429 -0.232603 
704 -0.232603 
703 -0.242449 
52 -0.242449 
706 -0.242449 
715 -0.242449 
528 -0.242449 
573 -0.242449 
716 -0.242449 
215 -0.242449 
24 -0.242449 
119 -0.242449 
120 -0.242449 
525 -0.242449 
2090 -0.263627 
1965 -0.263627 
694 -0.263627 
1971 -0.263627 
693 -0.263627 
2089 -0.263627 
1294 -0.263627 
813 -0.263627 
1629 -0.263627 
1630 -0.263627 
993 -0.263627 
1723 -0.263627 
649 -0.263627 
1724 -0.263627 
868 -0.263627 
923 -0.266257 
1142 -0.266257 
924 -0.266257 
1884 -0.266257 
1873 -0.266257 
227 -0.266257 
98 -0.266257 
2120 -0.266257 
211 -0.266257 
2105 -0.266257 
228 -0.266257 
1148 -0.266257 
1147 -0.266257 
959 -0.266257 
960 -0.266257 
1744 -0.266257 
247 -0.266257 
1881 -0.266257 
887 -0.266257 
1780 -0.266257 
1779 -0.266257 
1846 -0.266257 
1845 -0.266257 
664 -0.266257 
667 -0.266257 
668 -0.266257 
1918 -0.266257 
1917 -0.266257 
1549 -0.266257 
1859 -0.266257 
2181 -0.266257 
1860 -0.266257 
1907 -0.266257 
786 -0.266257 
803 -0.266257 
161 -0.266257 
804 -0.266257 
340 -0.266257 
807 -0.266257 
888 -0.266257 
171 -0.266257 
2100 -0.266257 
174 -0.266257 
1397 -0.266257 
1398 -0.266257 
2294 -0.275227 
125 -0.275227 
1878 -0.275227 
2353 -0.275227 
210 -0.275227 
1877 -0.275227 
2354 -0.275227 
588 -0.275227 
1425 -0.275227 
371 -0.275227 
372 -0.275227 
722 -0.275227 
721 -0.275227 
396 -0.275227 
1545 -0.275227 
441 -0.275227 
1844 -0.275227 
636 -0.275227 
1522 -0.275227 
587 -0.275227 
1591 -0.275227 
1207 -0.275227 
1208 -0.275227 
1257 -0.275227 
564 -0.275227 
522 -0.275227 
558 -0.275227 
1261 -0.275227 
1515 -0.275227 
1172 -0.275227 
785 -0.275227 
40 -0.275227 
43 -0.275227 
1171 -0.275227 
1517 -0.275227 
2008 -0.275227 
2007 -0.275227 
2293 -0.275227 
942 -0.275227 
941 -0.275227 
886 -0.275227 
82 -0.275227 
1136 -0.301821 
90 -0.301821 
1135 -0.301821 
1133 -0.301821 
248 -0.301821 
1205 -0.301821 
1166 -0.301821 
1068 -0.301821 
338 -0.301821 
214 -0.301821 
282 -0.301821 
336 -0.301821 
650 -0.301821 
647 -0.301821 
1023 -0.301821 
1026 -0.301821 
141 -0.301821 
1067 -0.301821 
1956 -0.302231 
1955 -0.302231 
819 -0.302231 
1895 -0.302231 
38 -0.302231 
820 -0.302231 
2180 -0.302231 
1829 -0.302231 
1830 -0.302231 
775 -0.302231 
774 -0.302231 
773 -0.302231 
740 -0.302231 
823 -0.302231 
1187 -0.302231 
1837 -0.302231 
1544 -0.302231 
1188 -0.302231 
656 -0.302231 
593 -0.302231 
576 -0.302231 
575 -0.302231 
554 -0.302231 
824 -0.302231 
136 -0.302231 
1777 -0.302231 
153 -0.302231 
189 -0.302231 
1799 -0.302231 
999 -0.302231 
1802 -0.302231 
1804 -0.302231 
94 -0.302231 
233 -0.302231 
1957 -0.302231 
1894 -0.302231 
61 -0.302231 
845 -0.302231 
267 -0.302231 
1958 -0.302231 
2116 -0.302231 
2115 -0.302231 
2133 -0.305839 
2389 -0.305839 
2390 -0.305839 
2391 -0.305839 
1977 -0.305839 
2394 -0.305839 
1978 -0.305839 
1992 -0.305839 
2213 -0.305839 
2054 -0.305839 
2215 -0.305839 
2216 -0.305839 
1976 -0.305839 
1991 -0.305839 
1239 -0.305839 
1649 -0.305839 
1256 -0.305839 
1255 -0.305839 
1250 -0.305839 
1249 -0.305839 
1635 -0.305839 
1221 -0.305839 
1240 -0.305839 
1650 -0.305839 
385 -0.305839 
1236 -0.305839 
1711 -0.305839 
1224 -0.305839 
1634 -0.305839 
1223 -0.305839 
395 -0.305839 
1510 -0.305839 
317 -0.305839 
1434 -0.305839 
106 -0.305839 
1095 -0.305839 
354 -0.305839 
1509 -0.305839 
279 -0.305839 
1191 -0.305839 
1020 -0.305839 
1192 -0.305839 
777 -0.305839 
778 -0.305839 
1141 -0.311506 
2032 -0.311506 
304 -0.311506 
1212 -0.311506 
1073 -0.311506 
2037 -0.311506 
578 -0.311506 
2303 -0.311506 
1263 -0.311506 
1264 -0.311506 
2304 -0.311506 
1536 -0.311506 
1535 -0.311506 
1534 -0.311506 
264 -0.311506 
142 -0.311506 
1411 -0.311506 
1412 -0.311506 
1413 -0.311506 
1437 -0.311506 
1438 -0.311506 
348 -0.311506 
816 -0.311506 
815 -0.311506 
468 -0.311506 
752 -0.311506 
751 -0.311506 
471 -0.311506 
50 -0.311506 
1721 -0.311506 
1710 -0.311506 
1709 -0.311506 
397 -0.311506 
991 -0.311506 
994 -0.311506 
2365 -0.311506 
2368 -0.311506 
353 -0.311506 
374 -0.311506 
2369 -0.311506 
523 -0.311506 
2358 -0.317572 
2357 -0.317572 
1163 -0.317572 
1599 -0.317572 
1941 -0.317572 
745 -0.317572 
755 -0.317572 
2020 -0.317572 
2370 -0.317572 
1683 -0.317572 
205 -0.344197 
464 -0.344197 
720 -0.344197 
465 -0.344197 
590 -0.344197 
218 -0.344197 
726 -0.344197 
600 -0.344197 
725 -0.344197 
1432 -0.344197 
2126 -0.344197 
1064 -0.344197 
298 -0.344197 
2285 -0.344197 
1201 -0.344197 
1018 -0.344197 
1017 -0.344197 
404 -0.344197 
2125 -0.344197 
2138 -0.344197 
2029 -0.344197 
905 -0.344197 
880 -0.344197 
2024 -0.344197 
879 -0.344197 
2021 -0.344197 
876 -0.344197 
2137 -0.344197 
126 -0.344197 
1888 -0.344197 
64 -0.344197 
1572 -0.344197 
1548 -0.344197 
1838 -0.344197 
1547 -0.344197 
1811 -0.344197 
1833 -0.344197 
1834 -0.344197 
1812 -0.344197 
57 -0.344197 
634 -0.348417 
638 -0.348417 
1890 -0.348417 
637 -0.348417 
85 -0.348417 
2107 -0.348417 
2108 -0.348417 
1887 -0.348417 
1323 -0.348417 
84 -0.348417 
2173 -0.348417 
1596 -0.348417 
2277 -0.348417 
1326 -0.348417 
1539 -0.348417 
1595 -0.348417 
2278 -0.348417 
1540 -0.348417 
380 -0.348417 
1049 -0.348417 
1036 -0.348417 
530 -0.348417 
288 -0.348417 
1870 -0.348417 
660 -0.348417 
26 -0.348417 
1867 -0.348417 
1816 -0.348417 
1819 -0.348417 
1871 -0.348417 
1820 -0.348417 
1050 -0.348417 
1768 -0.348417 
1767 -0.348417 
1325 -0.348417 
1225 -0.348417 
440 -0.348417 
27 -0.348417 
1815 -0.348417 
222 -0.348417 
1226 -0.348417 
425 -0.348417 
226 -0.348417 
1882 -0.348417 
633 -0.348417 
2174 -0.348417 
1868 -0.348417 
1606 -0.354849 
2359 -0.354849 
1168 -0.354849 
2035 -0.354849 
2036 -0.354849 
1605 -0.354849 
2360 -0.354849 
1685 -0.354849 
1686 -0.354849 
1943 -0.354849 
1944 -0.354849 
758 -0.354849 
757 -0.354849 
145 -0.354849 
862 -0.354849 
2382 -0.354849 
2335 -0.366742 
453 -0.366742 
679 -0.366742 
1858 -0.366742 
1800 -0.366742 
881 -0.366742 
882 -0.366742 
743 -0.366742 
497 -0.366742 
746 -0.366742 
398 -0.366742 
2171 -0.366742 
2172 -0.366742 
375 -0.366742 
2336 -0.366742 
1396 -0.366742 
2225 -0.366742 
2226 -0.366742 
1377 -0.366742 
137 -0.366742 
1857 -0.366742 
1537 -0.366742 
1262 -0.366742 
1538 -0.366742 
2219 -0.366742 
1378 -0.366742 
213 -0.366742 
1494 -0.366742 
1493 -0.366742 
1213 -0.366742 
1197 -0.366742 
2333 -0.366742 
2334 -0.366742 
451 -0.388803 
112 -0.388803 
699 -0.388803 
1913 -0.388803 
597 -0.388803 
1016 -0.388803 
278 -0.388803 
277 -0.388803 
1518 -0.388803 
658 -0.388803 
386 -0.388803 
388 -0.388803 
33 -0.388803 
657 -0.388803 
2000 -0.388803 
1999 -0.388803 
223 -0.388803 
235 -0.388803 
940 -0.388803 
415 -0.388803 
542 -0.388803 
1914 -0.388803 
945 -0.388803 
690 -0.388803 
700 -0.388803 
598 -0.388803 
2252 -0.388803 
1972 -0.388803 
208 -0.388803 
1648 -0.388803 
187 -0.388803 
209 -0.388803 
1903 -0.388803 
1900 -0.388803 
450 -0.388803 
833 -0.388803 
1897 -0.388803 
1657 -0.388803 
2258 -0.388803 
1242 -0.388803 
1241 -0.388803 
2257 -0.388803 
449 -0.396087 
897 -0.396087 
2002 -0.396087 
611 -0.396087 
2254 -0.396087 
2327 -0.396087 
900 -0.396087 
2253 -0.396087 
612 -0.396087 
2328 -0.396087 
899 -0.396087 
702 -0.396087 
2039 -0.396087 
2040 -0.396087 
1922 -0.396087 
1921 -0.396087 
93 -0.396087 
718 -0.396087 
309 -0.396087 
717 -0.396087 
953 -0.396087 
1081 -0.396087 
1082 -0.396087 
1660 -0.396087 
1116 -0.396087 
1210 -0.396087 
1206 -0.396087 
1203 -0.396087 
652 -0.396087 
1603 -0.396087 
954 -0.396087 
961 -0.396087 
389 -0.396087 
2001 -0.396087 
244 -0.396087 
287 -0.396087 
1254 -0.396087 
1253 -0.396087 
1251 -0.396087 
124 -0.396087 
369 -0.396087 
1035 -0.396087 
1248 -0.396087 
118 -0.396087 
1604 -0.396087 
30 -0.401529 
538 -0.401529 
363 -0.401529 
1317 -0.401529 
1672 -0.401529 
1671 -0.401529 
1096 -0.401529 
2299 -0.401529 
1127 -0.401529 
1189 -0.401529 
1190 -0.401529 
2056 -0.401529 
2053 -0.401529 
123 -0.401529 
283 -0.401529 
788 -0.401529 
1318 -0.401529 
1330 -0.401529 
1341 -0.401529 
1342 -0.401529 
1371 -0.401529 
1984 -0.401529 
1983 -0.401529 
1478 -0.401529 
1477 -0.401529 
163 -0.401529 
2083 -0.401529 
31 -0.401529 
447 -0.401529 
423 -0.401529 
2147 -0.401529 
2275 -0.401529 
2276 -0.401529 
2086 -0.401529 
2085 -0.401529 
2084 -0.401529 
2149 -0.401529 
2150 -0.401529 
787 -0.401529 
1899 -0.401529 
332 -0.401529 
318 -0.401529 
308 -0.401529 
10 -0.418423 
1842 -0.418423 
194 -0.418423 
556 -0.418423 
555 -0.418423 
37 -0.418423 
424 -0.418423 
234 -0.418423 
499 -0.418423 
502 -0.418423 
297 -0.418423 
2236 -0.418423 
503 -0.418423 
96 -0.418423 
1841 -0.418423 
1346 -0.418423 
967 -0.418423 
1011 -0.418423 
2099 -0.418423 
943 -0.418423 
1474 -0.418423 
1065 -0.418423 
1066 -0.418423 
1473 -0.418423 
1754 -0.418423 
1973 -0.435668 
861 -0.435668 
864 -0.435668 
1974 -0.435668 
949 -0.435668 
1445 -0.435668 
1389 -0.435668 
1985 -0.435668 
301 -0.435668 
950 -0.435668 
1988 -0.435668 
1446 -0.435668 
392 -0.435668 
964 -0.435668 
239 -0.435668 
1003 -0.435668 
1027 -0.435668 
383 -0.435668 
1028 -0.435668 
241 -0.435668 
272 -0.435668 
2027 -0.435668 
300 -0.435668 
1069 -0.435668 
1070 -0.435668 
1072 -0.435668 
1706 -0.435668 
631 -0.435668 
632 -0.435668 
1696 -0.435668 
1695 -0.435668 
1906 -0.435668 
65 -0.435668 
747 -0.435668 
750 -0.435668 
753 -0.435668 
2380 -0.435668 
2379 -0.435668 
135 -0.435668 
197 -0.435668 
139 -0.435668 
754 -0.435668 
1268 -0.450517 
76 -0.450517 
1759 -0.450517 
2386 -0.450517 
243 -0.450517 
249 -0.450517 
1269 -0.450517 
1265 -0.450517 
1702 -0.450517 
2030 -0.450517 
1112 -0.450517 
1912 -0.450517 
2385 -0.450517 
1701 -0.450517 
1448 -0.450517 
1915 -0.450517 
1916 -0.450517 
232 -0.450517 
1620 -0.450517 
1619 -0.450517 
1577 -0.450517 
221 -0.450517 
1576 -0.450517 
1980 -0.450517 
1979 -0.450517 
1573 -0.450517 
157 -0.450517 
170 -0.450517 
1447 -0.450517 
811 -0.450517 
958 -0.450517 
957 -0.450517 
968 -0.450517 
1033 -0.450517 
911 -0.450517 
1034 -0.450517 
814 -0.450517 
1037 -0.450517 
802 -0.450517 
801 -0.450517 
1038 -0.450517 
780 -0.450517 
779 -0.450517 
766 -0.450517 
1111 -0.450517 
765 -0.450517 
324 -0.450517 
127 -0.451269 
1457 -0.451269 
1458 -0.451269 
549 -0.451269 
2207 -0.451269 
1734 -0.451269 
952 -0.451269 
1051 -0.451269 
2078 -0.451269 
2220 -0.451269 
1832 -0.451269 
1316 -0.451269 
1831 -0.451269 
1315 -0.451269 
2208 -0.451269 
1063 -0.454261 
1461 -0.454261 
177 -0.454261 
107 -0.454261 
963 -0.454261 
17 -0.454261 
2233 -0.454261 
2234 -0.454261 
509 -0.454261 
113 -0.454261 
18 -0.454261 
510 -0.454261 
2231 -0.454261 
1839 -0.454261 
821 -0.454261 
2093 -0.454261 
553 -0.454261 
1327 -0.454261 
1328 -0.454261 
1749 -0.454261 
1750 -0.454261 
599 -0.465518 
1118 -0.465518 
615 -0.492362 
643 -0.492362 
614 -0.492362 
947 -0.492362 
948 -0.492362 
51 -0.492362 
613 -0.492362 
410 -0.492362 
2265 -0.492362 
1987 -0.492362 
47 -0.492362 
2321 -0.492362 
240 -0.492362 
1308 -0.492362 
570 -0.492362 
577 -0.492362 
1307 -0.492362 
1292 -0.492362 
580 -0.492362 
359 -0.492362 
1182 -0.492362 
1908 -0.492362 
2243 -0.492362 
734 -0.492362 
733 -0.492362 
2244 -0.492362 
678 -0.492362 
677 -0.492362 
1496 -0.492362 
1495 -0.492362 
454 -0.492362 
2250 -0.492362 
1528 -0.492362 
2338 -0.492362 
1905 -0.492362 
1904 -0.492362 
89 -0.492362 
1675 -0.492362 
1691 -0.492362 
2337 -0.492362 
88 -0.492362 
646 -0.492362 
