5041 1
5040 3.337263 
16 3.237973 
35 3.224393 
4548 3.179567 
7 3.164097 
4573 3.150534 
5031 3.113430 
5012 3.095923 
4905 3.062165 
83 3.039618 
4933 3.033780 
4946 3.019502 
4149 2.993662 
4041 2.960921 
4889 2.953604 
4310 2.952739 
4749 2.929438 
2658 2.903628 
4446 2.893831 
4461 2.892531 
711 2.891222 
1311 2.881503 
1620 2.878639 
4744 2.857345 
126 2.856868 
298 2.851718 
4378 2.850120 
46 2.848183 
1319 2.842786 
3938 2.828235 
4733 2.819677 
1100 2.811281 
3400 2.805799 
5003 2.798848 
4170 2.794268 
1001 2.791853 
3841 2.790343 
2754 2.786149 
4257 2.781076 
1633 2.780603 
4920 2.779574 
3917 2.776685 
3661 2.770616 
3862 2.769583 
4476 2.764820 
4976 2.757519 
3286 2.752949 
142 2.746535 
137 2.746079 
4968 2.744693 
4019 2.742959 
4544 2.741343 
486 2.740616 
3719 2.738831 
4924 2.738750 
2694 2.735758 
2018 2.733095 
4066 2.732224 
494 2.730090 
4299 2.729958 
1218 2.728143 
465 2.712725 
4644 2.708050 
334 2.707921 
4584 2.707427 
4027 2.705715 
4321 2.703700 
4846 2.698858 
4912 2.694595 
3385 2.694559 
4431 2.686574 
505 2.684654 
2770 2.683161 
5026 2.682393 
4527 2.678479 
3050 2.675093 
1997 2.673524 
1006 2.672853 
4274 2.672320 
3034 2.667444 
4823 2.663925 
4393 2.662745 
4335 2.659495 
2710 2.658099 
92 2.654280 
4723 2.649913 
3989 2.648649 
1882 2.646946 
62 2.639798 
721 2.636638 
3883 2.629349 
3522 2.628028 
4552 2.622253 
1646 2.621154 
3045 2.619564 
3710 2.619023 
96 2.617496 
4128 2.616434 
4191 2.615276 
764 2.615014 
3959 2.614814 
4959 2.614761 
3769 2.610761 
4630 2.606912 
834 2.600932 
3020 2.599372 
4987 2.597308 
4537 2.596200 
868 2.595250 
3418 2.594185 
3676 2.594050 
2957 2.593371 
454 2.590432 
149 2.588939 
4032 2.586991 
4771 2.585393 
4704 2.579721 
4408 2.579562 
4303 2.579495 
2584 2.569036 
1377 2.567634 
3101 2.564677 
781 2.557823 
1027 2.557363 
2974 2.553701 
3896 2.553336 
3583 2.552296 
2935 2.550779 
1671 2.543911 
3405 2.542181 
972 2.542148 
3606 2.537638 
4286 2.534107 
1657 2.532044 
3061 2.530230 
910 2.530119 
5017 2.528949 
3341 2.526629 
1037 2.525917 
2103 2.524870 
3075 2.523551 
4964 2.519686 
67 2.519100 
4759 2.518864 
2380 2.518363 
4781 2.516313 
2643 2.516035 
1752 2.510911 
74 2.508281 
4532 2.507368 
4083 2.507218 
2318 2.499716 
4955 2.498679 
2602 2.495905 
2366 2.493108 
3325 2.492659 
223 2.492535 
3156 2.488850 
2994 2.488814 
519 2.487554 
118 2.486778 
309 2.476572 
289 2.476365 
3179 2.473525 
4896 2.472922 
394 2.472443 
4005 2.471623 
4031 2.467903 
4992 2.464090 
4740 2.455723 
4662 2.454671 
2403 2.454614 
4055 2.453027 
2343 2.451827 
734 2.451575 
3807 2.448360 
4861 2.447189 
4883 2.446332 
3024 2.443398 
1981 2.443126 
1239 2.437345 
4875 2.436727 
3820 2.433065 
2030 2.431862 
1642 2.429247 
30 2.427691 
4991 2.426899 
4000 2.425505 
3430 2.424339 
4204 2.423646 
4050 2.423358 
615 2.423287 
1142 2.423208 
1937 2.423081 
889 2.422947 
2832 2.420515 
351 2.420043 
1516 2.413646 
4776 2.412559 
4304 2.411911 
105 2.411806 
592 2.406372 
55 2.401029 
1197 2.400843 
319 2.400193 
716 2.397530 
3039 2.396025 
645 2.391011 
425 2.386147 
2724 2.385667 
3375 2.382094 
4291 2.381892 
1015 2.379762 
4835 2.379356 
855 2.376888 
2687 2.376735 
1362 2.375472 
4871 2.375122 
3263 2.373872 
3483 2.371983 
2851 2.363060 
21 2.360880 
4856 2.357882 
3444 2.355576 
3757 2.349666 
2788 2.347947 
4999 2.347829 
660 2.347667 
3735 2.346922 
2720 2.346915 
4494 2.346778 
1295 2.345562 
630 2.343046 
2328 2.342701 
3121 2.341713 
3787 2.340548 
4635 2.338645 
3747 2.338620 
2916 2.336589 
3541 2.335063 
4097 2.331246 
1775 2.331075 
1697 2.331060 
1314 2.327118 
1285 2.326174 
2044 2.324773 
3824 2.320250 
3694 2.319756 
2284 2.317766 
3244 2.315904 
1121 2.315392 
3435 2.309926 
743 2.309877 
1987 2.308138 
1594 2.308085 
4612 2.307461 
963 2.304979 
1087 2.303439 
1652 2.302194 
2085 2.300329 
5008 2.299779 
3056 2.297165 
3803 2.295928 
4508 2.295794 
3743 2.294890 
3138 2.291247 
43 2.289898 
4893 2.287780 
1455 2.283827 
275 2.281212 
271 2.280760 
4617 2.280338 
1921 2.275596 
3564 2.271611 
2355 2.269984 
4092 2.268982 
3 2.267981 
1049 2.267429 
1307 2.264215 
728 2.261105 
926 2.260882 
2302 2.260231 
3500 2.258683 
2168 2.258575 
562 2.253195 
3463 2.249773 
5039 2.249683 
1163 2.247540 
2035 2.241939 
4331 2.241084 
1269 2.239906 
323 2.236073 
4695 2.235361 
2500 2.233054 
3087 2.228527 
2187 2.228127 
4563 2.226445 
1976 2.224718 
1432 2.220665 
1299 2.218977 
131 2.218696 
181 2.217621 
5035 2.212401 
3391 2.211244 
3307 2.208297 
2004 2.207804 
1971 2.206438 
232 2.206236 
1859 2.205602 
3371 2.203672 
4240 2.203066 
4807 2.198614 
3359 2.195839 
4728 2.194108 
4499 2.193551 
4792 2.193101 
4112 2.187337 
3728 2.182215 
4851 2.181329 
171 2.180154 
1967 2.180024 
678 2.177554 
2736 2.177401 
1611 2.176728 
2340 2.176273 
1903 2.176167 
945 2.173695 
577 2.171425 
4316 2.168983 
87 2.164067 
959 2.161442 
3071 2.159276 
4900 2.155685 
1067 2.154983 
1559 2.151014 
4015 2.150680 
251 2.149175 
2703 2.148184 
2519 2.146610 
3304 2.146323 
4360 2.146266 
1328 2.145375 
1840 2.144966 
3699 2.140815 
3624 2.140111 
4224 2.135371 
3397 2.134741 
1419 2.132888 
2419 2.130276 
192 2.129584 
3448 2.126879 
2307 2.125252 
2339 2.124377 
1392 2.122894 
3467 2.121510 
283 2.113820 
4347 2.112203 
256 2.111807 
499 2.111184 
1683 2.110515 
2048 2.110147 
4600 2.110097 
1988 2.107959 
814 2.107076 
2704 2.104026 
1414 2.103360 
3466 2.102719 
3724 2.101922 
448 2.100780 
1579 2.100479 
438 2.100159 
246 2.098193 
479 2.097082 
4679 2.096269 
3320 2.095739 
4243 2.095540 
3972 2.087591 
293 2.086725 
1543 2.085355 
408 2.084433 
3723 2.082416 
3752 2.079342 
500 2.076704 
1176 2.076695 
1955 2.076425 
145 2.073887 
303 2.073861 
3011 2.069733 
111 2.067924 
4676 2.067087 
2371 2.066790 
3143 2.066413 
420 2.066226 
4082 2.066181 
3040 2.063419 
261 2.063321 
1280 2.062847 
2344 2.058184 
4667 2.057904 
544 2.057524 
4795 2.056931 
3645 2.056575 
2009 2.055460 
1347 2.055237 
664 2.054626 
3806 2.052476 
2809 2.052388 
3680 2.052370 
4603 2.052209 
1739 2.049537 
4363 2.047081 
3116 2.046910 
2248 2.046881 
4767 2.035178 
2271 2.034494 
363 2.034055 
4804 2.033969 
2715 2.032302 
3380 2.029347 
176 2.028234 
1023 2.026205 
207 2.025303 
2308 2.013053 
2672 2.011483 
1332 2.011208 
1032 2.010662 
4315 2.009585 
2229 2.006516 
2775 2.005027 
1010 2.004369 
3055 2.003247 
4036 2.000895 
2607 2.000725 
5007 1.998806 
4588 1.998675 
2682 1.997456 
2370 1.997380 
1717 1.996045 
3555 1.995545 
799 1.995062 
752 1.994398 
159 1.993247 
930 1.992376 
2907 1.992206 
4754 1.991561 
443 1.991493 
819 1.991066 
2653 1.989303 
3160 1.988459 
1916 1.986210 
2623 1.983063 
2439 1.982919 
3640 1.982828 
2064 1.982401 
132 1.980684 
1271 1.978912 
4498 1.971685 
3975 1.970314 
2893 1.969707 
1651 1.968734 
1900 1.968543 
1575 1.968037 
682 1.967861 
419 1.967234 
2436 1.966788 
1667 1.965685 
167 1.964964 
3272 1.964457 
988 1.962611 
2676 1.960397 
2952 1.958700 
996 1.958144 
1127 1.956375 
4262 1.955698 
1397 1.954444 
2561 1.952941 
2620 1.952668 
997 1.951386 
4770 1.948814 
4874 1.947643 
1503 1.946483 
3008 1.946382 
4852 1.945763 
113 1.942284 
2528 1.942277 
1436 1.942222 
1323 1.941574 
3700 1.940648 
4344 1.939115 
1638 1.937946 
3202 1.937675 
3356 1.936253 
1497 1.935632 
2542 1.934725 
4892 1.934064 
2491 1.933639 
683 1.931669 
3410 1.930660 
2458 1.930607 
3698 1.929444 
414 1.928742 
1252 1.926960 
1478 1.926898 
4317 1.926752 
4719 1.926529 
2675 1.926303 
991 1.926275 
3784 1.925906 
755 1.924936 
1712 1.924404 
4729 1.923809 
1952 1.921743 
2126 1.918074 
2251 1.917585 
4666 1.917098 
2159 1.916887 
3587 1.915600 
583 1.913650 
768 1.913527 
4692 1.912742 
1734 1.912302 
4583 1.911623 
940 1.909161 
4557 1.908963 
1083 1.908719 
3753 1.907973 
4164 1.907571 
2080 1.906962 
531 1.906591 
204 1.906109 
2870 1.905945 
4523 1.905465 
2791 1.902724 
471 1.900542 
1542 1.900478 
4115 1.899772 
2639 1.897954 
2399 1.897228 
388 1.897179 
1868 1.896974 
1798 1.894724 
4901 1.894632 
695 1.894537 
2210 1.893969 
170 1.892722 
473 1.889840 
1476 1.885026 
895 1.884901 
3235 1.882559 
2874 1.882258 
1255 1.881989 
2979 1.878901 
4037 1.878647 
4058 1.876703 
346 1.875454 
528 1.874905 
305 1.873846 
304 1.873132 
3969 1.872616 
4227 1.872565 
3142 1.872296 
4705 1.872252 
274 1.872159 
1950 1.871628 
796 1.871592 
1472 1.870234 
3188 1.870009 
3517 1.869352 
2112 1.868234 
1136 1.866124 
3392 1.863849 
3560 1.863205 
3151 1.863136 
1322 1.863084 
3354 1.863061 
2449 1.862911 
692 1.862537 
2575 1.861720 
2384 1.861266 
1180 1.860382 
2196 1.860053 
2081 1.859662 
1876 1.859570 
941 1.858905 
2238 1.856590 
3546 1.856270 
4939 1.855090 
2823 1.854303 
112 1.852304 
2496 1.851454 
2811 1.851192 
2582 1.850832 
5021 1.849441 
2739 1.849014 
110 1.848164 
1784 1.847784 
3821 1.847322 
2456 1.847192 
3543 1.846893 
931 1.846579 
2242 1.845955 
4208 1.845843 
2523 1.844980 
2076 1.844941 
3808 1.844851 
2067 1.844649 
4132 1.843957 
1738 1.843796 
2944 1.843573 
4154 1.840790 
3221 1.840751 
144 1.840246 
4940 1.839334 
2688 1.838046 
4372 1.838011 
4158 1.837888 
4560 1.836779 
2477 1.834739 
1498 1.834469 
2865 1.834354 
1213 1.833952 
2375 1.833330 
1578 1.833296 
4511 1.833014 
1994 1.832708 
3439 1.830537 
4938 1.830141 
2570 1.828628 
3509 1.828426 
3773 1.828068 
2105 1.827386 
1713 1.827276 
2860 1.827200 
3280 1.826874 
1826 1.826770 
3395 1.826607 
3900 1.826164 
4060 1.825798 
3666 1.825685 
2350 1.825591 
1238 1.822642 
1344 1.821821 
4830 1.821609 
1831 1.819420 
4314 1.819119 
328 1.819119 
651 1.818970 
50 1.818190 
3958 1.816828 
3641 1.816503 
3922 1.816033 
3480 1.815949 
376 1.815497 
4088 1.815489 
1360 1.815133 
3592 1.814752 
3376 1.814423 
2416 1.814261 
4606 1.813829 
4155 1.813813 
1356 1.813418 
379 1.811675 
1624 1.806904 
4855 1.806442 
4697 1.805717 
3281 1.805577 
222 1.804728 
2457 1.804611 
4022 1.803530 
939 1.803486 
2741 1.803372 
3478 1.801878 
2378 1.801569 
3445 1.801377 
4268 1.800920 
4639 1.800843 
4832 1.800613 
3230 1.800309 
2379 1.799616 
3343 1.799463 
3414 1.798997 
3277 1.798649 
1275 1.798445 
3955 1.797221 
4798 1.796491 
738 1.796015 
4981 1.795135 
4129 1.794422 
4585 1.793861 
1130 1.793062 
3926 1.792951 
2782 1.792907 
2648 1.792299 
2721 1.791675 
3013 1.791353 
3155 1.791351 
2776 1.791141 
156 1.790348 
3705 1.790260 
2953 1.789863 
2719 1.789562 
4061 1.789425 
3627 1.788990 
3782 1.788945 
3313 1.788471 
3997 1.787677 
201 1.787322 
4266 1.785554 
3547 1.784775 
2231 1.784535 
1747 1.784271 
1817 1.783740 
69 1.783690 
904 1.783397 
1383 1.782892 
3819 1.782232 
1033 1.782071 
4880 1.780871 
2611 1.780702 
4797 1.780202 
3076 1.779834 
1123 1.779333 
3117 1.779313 
4369 1.778845 
647 1.778752 
5006 1.778401 
1469 1.777335 
1608 1.776976 
257 1.776062 
1133 1.774594 
2333 1.772264 
2013 1.772243 
3413 1.772068 
1680 1.771402 
352 1.771162 
2268 1.770882 
4703 1.770208 
1939 1.769760 
2381 1.769162 
39 1.769109 
4436 1.768653 
1592 1.768577 
1427 1.767933 
3850 1.767752 
2306 1.767153 
4118 1.766930 
322 1.766459 
4230 1.766393 
758 1.766096 
4503 1.765531 
3929 1.765410 
2980 1.764874 
442 1.764339 
1837 1.764128 
1614 1.763801 
3600 1.763663 
4342 1.763643 
3107 1.763576 
4238 1.763165 
1538 1.762818 
4724 1.762365 
68 1.761987 
1279 1.761547 
2742 1.761511 
1249 1.761211 
3932 1.760899 
2902 1.760397 
4480 1.759774 
2749 1.758972 
3995 1.758711 
4263 1.758322 
1970 1.757737 
2201 1.757589 
325 1.756805 
1511 1.756261 
829 1.755992 
4578 1.755501 
11 1.755232 
1750 1.755139 
2563 1.754915 
2230 1.754913 
382 1.754814 
2007 1.754555 
1165 1.754405 
993 1.753962 
2533 1.753249 
624 1.753018 
521 1.752999 
2036 1.752970 
2697 1.752475 
4292 1.752130 
2486 1.751878 
1298 1.751812 
4161 1.750408 
3550 1.750316 
783 1.749946 
177 1.749373 
3847 1.749334 
3082 1.748727 
2274 1.748357 
1877 1.748009 
891 1.747880 
357 1.747682 
4466 1.747619 
1353 1.747579 
4941 1.747376 
3268 1.746586 
4366 1.746330 
444 1.745925 
757 1.745208 
4269 1.744950 
1701 1.744787 
1324 1.744525 
1203 1.744283 
2818 1.744120 
3019 1.743630 
1329 1.743198 
4441 1.742929 
2606 1.742578 
994 1.742395 
2414 1.742120 
4403 1.741757 
818 1.741611 
280 1.741588 
12 1.741536 
4505 1.741279 
4093 1.740827 
1514 1.739228 
501 1.739197 
2652 1.739166 
130 1.739125 
3629 1.738572 
582 1.738300 
4471 1.738280 
4399 1.737405 
4965 1.737018 
4433 1.736917 
2951 1.736795 
590 1.736618 
659 1.736169 
384 1.735977 
3241 1.735669 
1972 1.735385 
2677 1.735294 
617 1.734960 
2145 1.734687 
2245 1.734488 
1457 1.734300 
490 1.734227 
3779 1.733867 
229 1.733735 
1418 1.733398 
235 1.732601 
3933 1.732540 
1673 1.732418 
3513 1.732324 
4265 1.731063 
3309 1.730595 
3193 1.730391 
3319 1.730035 
1055 1.729794 
1058 1.729595 
579 1.729404 
1873 1.729177 
2578 1.729138 
3436 1.728395 
1946 1.728097 
684 1.726971 
3505 1.726929 
962 1.726358 
2990 1.726206 
9 1.725689 
3157 1.725586 
3084 1.725395 
1499 1.724733 
1477 1.724541 
2855 1.724382 
4341 1.724365 
4772 1.724141 
828 1.723982 
1699 1.723432 
154 1.723068 
4193 1.722579 
3558 1.722551 
1386 1.722467 
4290 1.722181 
3856 1.720945 
3144 1.720349 
4822 1.720327 
2978 1.719923 
4398 1.719136 
864 1.719068 
4205 1.718864 
1703 1.718813 
4440 1.718797 
1349 1.718324 
1159 1.718266 
1464 1.717826 
525 1.717773 
2014 1.717631 
3239 1.717546 
1140 1.716545 
198 1.716391 
737 1.716371 
4582 1.715843 
2941 1.715782 
4373 1.715234 
4294 1.715187 
4642 1.715083 
2413 1.714915 
1917 1.714793 
4406 1.714530 
1388 1.714248 
2479 1.713877 
1708 1.713655 
1244 1.713458 
4668 1.713318 
1943 1.713318 
2117 1.712968 
25 1.712801 
4850 1.712216 
1991 1.711687 
1780 1.711378 
2829 1.711304 
2815 1.711040 
2154 1.711021 
3853 1.710904 
1588 1.710180 
2445 1.709271 
2617 1.709262 
3994 1.709236 
277 1.709103 
2614 1.708541 
1678 1.708199 
3468 1.707820 
1945 1.707473 
4722 1.706983 
1909 1.706824 
1350 1.706289 
133 1.706238 
1086 1.706006 
2989 1.705529 
4579 1.705310 
1743 1.705301 
1031 1.705219 
3879 1.704999 
4802 1.704587 
4611 1.704275 
3185 1.704044 
1949 1.703572 
2854 1.703293 
1202 1.703158 
4829 1.702715 
4605 1.702525 
3374 1.702331 
3669 1.702121 
628 1.701854 
4237 1.701514 
4506 1.701039 
2273 1.700794 
3815 1.700593 
3597 1.700383 
553 1.700300 
3970 1.700152 
4673 1.699606 
787 1.699438 
1789 1.699428 
4409 1.699019 
2856 1.698102 
2405 1.698002 
550 1.697958 
1174 1.697657 
4056 1.697371 
4467 1.695593 
1677 1.694963 
4435 1.694902 
4079 1.694811 
487 1.694034 
1064 1.693619 
2073 1.693560 
3077 1.693269 
329 1.692845 
2191 1.692609 
3960 1.692528 
1430 1.691697 
2746 1.691484 
3350 1.691471 
3751 1.691236 
146 1.690633 
851 1.690464 
3639 1.690221 
255 1.689353 
1382 1.689217 
1581 1.688755 
1864 1.688296 
1672 1.688166 
1126 1.686894 
625 1.686295 
4982 1.685728 
197 1.685598 
2069 1.685580 
470 1.685485 
1212 1.685262 
2774 1.684714 
2109 1.683849 
1554 1.683839 
3479 1.683099 
3147 1.682996 
4229 1.682631 
689 1.681845 
3184 1.681749 
3154 1.681612 
905 1.681423 
4202 1.680816 
3083 1.680726 
4117 1.680427 
4739 1.680227 
2313 1.680215 
1544 1.679869 
4708 1.679695 
4337 1.679101 
2452 1.679054 
1098 1.678015 
3353 1.677995 
547 1.677784 
3633 1.677589 
3106 1.677451 
1168 1.677292 
3110 1.676835 
1830 1.676525 
2748 1.676070 
3189 1.675465 
2897 1.675437 
3601 1.675433 
1556 1.675157 
898 1.674991 
3115 1.674615 
1423 1.673804 
4921 1.673422 
820 1.673380 
195 1.673028 
3562 1.672318 
4674 1.672047 
3349 1.672012 
4613 1.671818 
3846 1.671817 
4365 1.671211 
2750 1.670617 
14 1.670099 
3345 1.669939 
1502 1.669851 
1796 1.669762 
4126 1.669675 
2207 1.669124 
2814 1.668564 
3589 1.668040 
1206 1.667933 
2164 1.667887 
3182 1.667639 
1706 1.667607 
3999 1.667449 
2618 1.667173 
1051 1.667137 
2647 1.666512 
1819 1.666359 
3746 1.666136 
489 1.665978 
1473 1.665196 
1420 1.665190 
3225 1.664817 
2913 1.664695 
1785 1.664603 
2450 1.664472 
3857 1.663956 
2529 1.663805 
1241 1.663290 
4698 1.663193 
4634 1.663111 
558 1.662776 
2149 1.662429 
713 1.662366 
1199 1.662305 
3308 1.662268 
2314 1.661171 
2288 1.660793 
1054 1.660468 
3675 1.660364 
2861 1.660359 
2070 1.659783 
3503 1.659216 
3593 1.659011 
4020 1.658976 
2246 1.658929 
587 1.658820 
2698 1.658750 
2986 1.658438 
556 1.658313 
649 1.657601 
292 1.657429 
1880 1.656863 
2441 1.656645 
1906 1.655686 
4203 1.655052 
3895 1.654301 
2937 1.654199 
717 1.654181 
389 1.654093 
4824 1.654073 
4370 1.653687 
1618 1.653474 
894 1.653325 
3018 1.653240 
66 1.653172 
3105 1.652565 
4825 1.652516 
413 1.652365 
4876 1.652327 
4645 1.651601 
2786 1.650572 
2234 1.650274 
2579 1.649461 
1553 1.649389 
2684 1.649380 
1507 1.649364 
872 1.649219 
3961 1.648788 
3442 1.648785 
2104 1.648492 
252 1.648369 
1639 1.647736 
3923 1.647693 
2108 1.647046 
1089 1.647013 
793 1.646823 
3347 1.646798 
4777 1.646674 
3321 1.646473 
421 1.646388 
857 1.646187 
3748 1.646057 
1431 1.645647 
2480 1.645528 
1177 1.645018 
2197 1.644327 
1973 1.644209 
1585 1.644171 
3223 1.644041 
1460 1.643879 
1834 1.643771 
1300 1.643459 
202 1.643208 
1137 1.643036 
1915 1.642974 
225 1.642937 
4470 1.642629 
4123 1.642423 
1619 1.642399 
3991 1.642341 
4608 1.641902 
3884 1.641748 
2040 1.641427 
2910 1.641387 
3674 1.641112 
1912 1.640842 
1781 1.640532 
560 1.640478 
2034 1.640444 
976 1.640256 
360 1.640191 
4427 1.639582 
2334 1.638532 
863 1.638366 
3273 1.638333 
2160 1.638193 
1835 1.637811 
3736 1.637550 
786 1.637063 
2810 1.637062 
4531 1.636829 
2208 1.636692 
291 1.636368 
4558 1.636271 
2453 1.636233 
1391 1.635629 
2282 1.635343 
4233 1.635053 
5034 1.634435 
4474 1.634211 
3262 1.633835 
2442 1.633834 
1028 1.633696 
1354 1.633514 
4165 1.633365 
4958 1.632491 
411 1.632352 
968 1.631745 
526 1.631644 
3852 1.631579 
3014 1.631035 
2615 1.630886 
3894 1.630652 
4878 1.629918 
4899 1.629712 
4187 1.629656 
3927 1.628801 
2826 1.627794 
906 1.627295 
1461 1.626381 
3591 1.626004 
2583 1.625537 
1062 1.625481 
5022 1.625288 
1711 1.625025 
4801 1.624935 
1942 1.624802 
557 1.624581 
230 1.624295 
2107 1.624236 
3818 1.624051 
2988 1.623956 
1792 1.623937 
2165 1.623872 
250 1.623497 
4996 1.623016 
1740 1.622845 
586 1.621912 
859 1.621649 
1095 1.621645 
3474 1.621546 
3234 1.620926 
1550 1.620835 
2444 1.620791 
3604 1.620549 
449 1.620421 
3224 1.620111 
2827 1.619649 
1092 1.619288 
3775 1.619278 
932 1.619076 
3888 1.618924 
3506 1.618157 
970 1.618097 
4091 1.617242 
1393 1.617234 
1104 1.616978 
2120 1.616588 
3777 1.616365 
2564 1.616196 
2700 1.616125 
2039 1.615793 
1061 1.615374 
4609 1.615023 
2866 1.614531 
2787 1.614269 
2372 1.613607 
3630 1.613448 
4085 1.613081 
1647 1.612585 
4127 1.612570 
3667 1.612513 
901 1.612415 
3722 1.612218 
3054 1.612216 
3266 1.611793 
650 1.611765 
619 1.611389 
1613 1.611302 
655 1.611301 
3112 1.611272 
3183 1.611254 
2285 1.611096 
1167 1.610837 
2195 1.610341 
1510 1.610317 
4529 1.609576 
491 1.609387 
2495 1.609376 
1277 1.607952 
1456 1.607676 
1209 1.607387 
2490 1.607136 
2940 1.606995 
3346 1.606905 
4402 1.606743 
3516 1.606423 
1993 1.605821 
2190 1.605569 
2527 1.605519 
3238 1.605399 
3783 1.604991 
4196 1.604908 
2830 1.604827 
2494 1.604776 
4368 1.604672 
3809 1.604498 
715 1.604064 
866 1.603545 
2193 1.603375 
1250 1.603306 
51 1.603206 
3812 1.603088 
4636 1.603085 
658 1.602881 
4190 1.602502 
2608 1.602269 
2352 1.602148 
3229 1.601758 
2235 1.601303 
554 1.601054 
3964 1.600893 
1506 1.600182 
3559 1.600092 
2982 1.599747 
2713 1.599356 
4160 1.599354 
2745 1.599338 
620 1.599331 
1862 1.598912 
4199 1.598750 
392 1.598663 
1790 1.598260 
498 1.598213 
2411 1.597809 
1281 1.597693 
790 1.597492 
2043 1.597280 
1547 1.597174 
3322 1.597094 
4430 1.596947 
350 1.596879 
3816 1.596638 
908 1.596496 
3598 1.595641 
897 1.594992 
731 1.594819 
2162 1.594515 
1865 1.594485 
3472 1.594191 
2147 1.594042 
1580 1.593526 
1590 1.593240 
2283 1.593081 
1905 1.592680 
2312 1.592096 
654 1.591606 
2204 1.591231 
3109 1.591096 
3396 1.590629 
3930 1.590524 
2525 1.590466 
3885 1.590395 
2524 1.590388 
2785 1.590253 
1465 1.590184 
1274 1.590122 
1751 1.589935 
2943 1.589039 
3081 1.588829 
358 1.588817 
3194 1.588738 
4671 1.588635 
1327 1.588556 
1838 1.588542 
4555 1.587493 
1240 1.587186 
3774 1.586919 
4192 1.586195 
381 1.586176 
3588 1.585933 
825 1.585572 
3200 1.585426 
1302 1.585094 
2454 1.585004 
826 1.584980 
2540 1.584810 
2649 1.584598 
3518 1.584239 
2277 1.583395 
3038 1.583367 
2985 1.582708 
2857 1.582667 
3469 1.582184 
1088 1.581982 
495 1.581285 
5036 1.580728 
2911 1.580395 
2072 1.580284 
4121 1.580282 
794 1.579759 
4984 1.579565 
3636 1.579516 
2124 1.579076 
4404 1.578694 
4502 1.578364 
3381 1.578233 
3602 1.578036 
1304 1.577984 
4500 1.577915 
4533 1.577883 
2492 1.577051 
3549 1.576294 
3265 1.576109 
3556 1.575569 
965 1.575362 
2714 1.574833 
2871 1.574805 
2773 1.574804 
1053 1.574783 
324 1.574117 
2487 1.573513 
3858 1.573033 
2534 1.572998 
4643 1.572629 
2948 1.572257 
1941 1.571843 
3197 1.570798 
1869 1.570239 
4919 1.570017 
278 1.569866 
1702 1.569026 
3242 1.568981 
2068 1.568579 
4018 1.567763 
2569 1.567540 
2243 1.567533 
3928 1.567464 
2859 1.567082 
4648 1.566693 
4084 1.566584 
4857 1.566509 
762 1.566353 
1470 1.565654 
4162 1.565610 
1011 1.565579 
3440 1.565569 
2347 1.565308 
690 1.565142 
964 1.565098 
3267 1.564355 
789 1.564218 
3231 1.563719 
4917 1.563668 
2408 1.563441 
23 1.563332 
1009 1.563271 
153 1.563025 
2912 1.562881 
4528 1.562104 
2642 1.561722 
4725 1.561321 
1515 1.561073 
1171 1.560878 
3269 1.560855 
2118 1.560831 
3443 1.559494 
2833 1.559492 
596 1.559158 
1096 1.559013 
4195 1.558961 
3551 1.558804 
3897 1.558684 
1679 1.558605 
1589 1.558588 
3477 1.558021 
3706 1.557114 
1132 1.556824 
2954 1.556434 
2205 1.556391 
1820 1.556390 
390 1.556383 
4918 1.556187 
621 1.556182 
4407 1.556158 
614 1.555989 
1872 1.555834 
2276 1.555735 
37 1.555635 
3074 1.555531 
1795 1.554888 
2908 1.554795 
2783 1.554763 
2718 1.554362 
902 1.553556 
1836 1.553511 
3148 1.553410 
3316 1.553354 
760 1.553300 
1211 1.553297 
3377 1.553279 
740 1.553272 
4087 1.553077 
732 1.552947 
2079 1.552925 
2003 1.552481 
3632 1.552258 
4339 1.551378 
1459 1.551160 
3113 1.550915 
3730 1.550772 
4472 1.550627 
1825 1.550413 
4543 1.550388 
173 1.549312 
2936 1.549261 
2404 1.549116 
4727 1.549074 
4773 1.548598 
2566 1.547844 
2186 1.547757 
1616 1.547340 
3725 1.547088 
2580 1.546829 
2817 1.546073 
549 1.545568 
2906 1.545559 
3041 1.545251 
2155 1.544803 
1977 1.544544 
763 1.543741 
3196 1.542948 
691 1.542616 
301 1.542570 
1818 1.542438 
3181 1.542119 
3282 1.541410 
2822 1.541371 
2977 1.540984 
3514 1.540936 
4756 1.540692 
2824 1.540526 
934 1.540390 
1705 1.539137 
2522 1.539119 
2327 1.538877 
175 1.538727 
2189 1.538474 
795 1.538356 
1057 1.537761 
4995 1.537733 
4401 1.537409 
1797 1.537291 
4307 1.537279 
3585 1.537163 
4054 1.537027 
2872 1.536970 
3778 1.536797 
1246 1.536545 
2497 1.536504 
3704 1.536502 
967 1.536453 
3012 1.536073 
1172 1.536031 
276 1.535749 
4477 1.534980 
2200 1.534759 
1670 1.533959 
2483 1.533471 
172 1.532471 
4475 1.532364 
424 1.532290 
2536 1.531628 
2440 1.531238 
1243 1.530989 
1653 1.530937 
1205 1.530601 
3227 1.530527 
2279 1.530090 
4962 1.529239 
2042 1.528784 
854 1.528458 
4743 1.528229 
1131 1.528072 
3851 1.527821 
518 1.527728 
3781 1.527429 
1777 1.526786 
3310 1.525841 
2233 1.525680 
1707 1.525585 
386 1.525473 
1162 1.524818 
1793 1.524346 
4437 1.524231 
4159 1.524224 
2163 1.523879 
3057 1.523830 
88 1.523740 
3596 1.523736 
1821 1.522876 
3508 1.522246 
4465 1.521939 
3628 1.521888 
1778 1.521881 
1301 1.521589 
937 1.521403 
2111 1.520815 
1858 1.520707 
2901 1.519880 
70 1.518530 
1823 1.517461 
1357 1.517353 
4670 1.517307 
1029 1.516980 
3504 1.516840 
3554 1.516750 
446 1.516587 
2567 1.516524 
4702 1.516456 
36 1.516152 
2903 1.515463 
504 1.514797 
2538 1.514540 
1841 1.514345 
2482 1.514249 
2169 1.514190 
2645 1.514165 
1099 1.513970 
2850 1.513789 
2153 1.513594 
2619 1.513359 
4827 1.512808 
2819 1.512709 
3245 1.512093 
2945 1.511655 
86 1.511426 
3845 1.511087 
4700 1.511075 
1433 1.511029 
3882 1.510825 
4960 1.509899 
1387 1.509641 
354 1.509284 
1586 1.508948 
2331 1.507964 
3966 1.507797 
1551 1.507532 
1546 1.507299 
227 1.506929 
8 1.506869 
4438 1.506096 
4640 1.506084 
1379 1.506034 
2150 1.505916 
3849 1.504646 
2146 1.502978 
151 1.502873 
1748 1.502847 
1649 1.502847 
832 1.502598 
3887 1.501899 
2485 1.501792 
2237 1.501719 
765 1.501683 
935 1.501024 
3201 1.500926 
4124 1.500714 
2605 1.500496 
2644 1.500396 
2410 1.499951 
4526 1.499670 
3520 1.499308 
1059 1.498922 
5009 1.498759 
3892 1.498523 
3771 1.498407 
2280 1.498314 
687 1.498273 
791 1.497438 
3192 1.497205 
2407 1.496319 
3637 1.495928 
2752 1.495881 
3187 1.495836 
3317 1.495545 
47 1.495158 
2574 1.494490 
3118 1.494448 
3921 1.494202 
2779 1.493999 
1584 1.493995 
3545 1.493724 
1201 1.493417 
1861 1.492905 
3271 1.492601 
2116 1.492538 
3642 1.492356 
3891 1.492273 
3240 1.492245 
3811 1.491864 
523 1.491802 
2831 1.491677 
136 1.490476 
63 1.490412 
26 1.490090 
1468 1.489904 
3152 1.489737 
3278 1.489673 
3021 1.489596 
2532 1.489289 
4234 1.488833 
4819 1.487944 
1650 1.487759 
1091 1.487753 
28 1.487475 
3471 1.486320 
1389 1.486098 
2046 1.486013 
3312 1.485797 
4397 1.485688 
4469 1.485484 
2336 1.485389 
1998 1.485342 
2610 1.484708 
1385 1.484556 
3732 1.484461 
1282 1.484136 
1512 1.483990 
823 1.483622 
1910 1.483535 
1863 1.483396 
1904 1.483358 
2501 1.482995 
1867 1.482857 
3749 1.482458 
1208 1.482454 
3993 1.482438 
520 1.482125 
2075 1.481855 
830 1.481783 
3222 1.481395 
1273 1.481350 
2873 1.480171 
3434 1.480111 
2778 1.479908 
2562 1.479862 
548 1.479621 
2747 1.479438 
2914 1.479184 
3236 1.478749 
2209 1.478276 
2813 1.478187 
4089 1.478088 
1548 1.478047 
2192 1.477687 
3670 1.477577 
2356 1.477525 
1827 1.477423 
2539 1.477094 
899 1.477088 
93 1.476298 
1788 1.476286 
860 1.476260 
4638 1.475958 
2121 1.475618 
900 1.475081 
2939 1.474975 
3198 1.474222 
622 1.474117 
3111 1.473953 
591 1.473698 
1744 1.473253 
4001 1.472351 
827 1.472075 
1709 1.472022 
593 1.471842 
2896 1.471613 
2828 1.471400 
2917 1.470469 
3284 1.469668 
2949 1.468992 
2158 1.468940 
3510 1.468682 
3677 1.468523 
686 1.468444 
4336 1.468017 
474 1.467894 
3702 1.467440 
3382 1.467070 
2125 1.466230 
3854 1.465905 
1505 1.465386 
856 1.465083 
4775 1.464835 
2895 1.464270 
2045 1.463705 
1164 1.463413 
515 1.463023 
89 1.462564 
2148 1.462414 
4412 1.462139 
2899 1.462134 
2541 1.461622 
1424 1.461573 
2349 1.461061 
4334 1.460646 
942 1.460492 
1776 1.460286 
2446 1.460123 
13 1.459873 
2402 1.459872 
2239 1.459450 
3963 1.459317 
1134 1.459220 
1874 1.457559 
1426 1.457093 
1463 1.457045 
653 1.456896 
356 1.456636 
4395 1.456450 
2202 1.456236 
822 1.455461 
1583 1.455446 
552 1.455339 
1675 1.455185 
2481 1.455048 
3141 1.454774 
4064 1.454154 
2082 1.453708 
3925 1.453601 
3042 1.453142 
2123 1.452482 
3671 1.451889 
1832 1.451496 
1992 1.450890 
2898 1.450802 
1175 1.450628 
1621 1.450343 
1358 1.449523 
1756 1.449522 
302 1.449087 
4755 1.448704 
1555 1.448340 
224 1.447936 
2571 1.447864 
3276 1.447661 
2478 1.446770 
2864 1.446412 
2012 1.446011 
2310 1.445839 
4035 1.445640 
1913 1.445038 
4168 1.443478 
3512 1.442950 
4200 1.442781 
3967 1.442579 
1549 1.442166 
588 1.441677 
1774 1.439963 
1235 1.439932 
2699 1.439677 
4157 1.439604 
2113 1.439515 
299 1.439409 
1007 1.439401 
3199 1.439346 
1794 1.438095 
785 1.437956 
1908 1.437714 
936 1.437256 
3379 1.437133 
1742 1.436761 
4877 1.436389 
3843 1.436186 
2983 1.435453 
3053 1.435300 
27 1.434261 
355 1.433762 
869 1.433509 
1207 1.432389 
1944 1.431004 
2576 1.430825 
2537 1.430302 
127 1.430188 
1214 1.430158 
200 1.429954 
1783 1.429760 
1975 1.428805 
2716 1.428779 
739 1.428133 
1210 1.427480 
1063 1.426731 
2641 1.426259 
2573 1.426131 
447 1.425614 
2010 1.425177 
2612 1.423279 
3814 1.423037 
3433 1.422727 
2987 1.422668 
1000 1.422221 
626 1.418940 
4235 1.418763 
3279 1.418502 
1746 1.418369 
2947 1.418324 
561 1.418082 
2894 1.417411 
3314 1.417348 
1034 1.417068 
4021 1.416969 
1753 1.416285 
2275 1.415446 
4803 1.415148 
3672 1.414731 
788 1.414679 
155 1.414506 
1978 1.414136 
616 1.413663 
3890 1.413080 
2448 1.413049 
2992 1.412854 
661 1.412706 
3515 1.412551 
4272 1.411733 
4024 1.411525 
1822 1.411130 
893 1.410637 
1204 1.410323 
3051 1.410015 
1918 1.409696 
1714 1.408500 
3542 1.408301 
1779 1.407929 
387 1.407853 
152 1.407359 
3146 1.406661 
4963 1.406534 
1517 1.406200 
896 1.405826 
1428 1.404602 
2077 1.403850 
824 1.403692 
2852 1.402925 
3475 1.402714 
3408 1.402675 
4442 1.401837 
973 1.401172 
3695 1.400962 
784 1.399809 
1394 1.398492 
3720 1.397835 
4364 1.397784 
49 1.397618 
4753 1.396885 
1467 1.396567 
712 1.396369 
1326 1.395649 
3401 1.395559 
611 1.395177 
326 1.394378 
4675 1.393019 
2521 1.392467 
3965 1.392400 
903 1.390633 
2074 1.389249 
4942 1.388837 
2348 1.388658 
38 1.388194 
2518 1.387821 
3044 1.387545 
527 1.387183 
1612 1.385365 
585 1.384373 
3348 1.384226 
3919 1.383913 
91 1.383250 
1012 1.383175 
1501 1.382691 
2033 1.382584 
4937 1.382481 
867 1.382321 
226 1.380915 
1656 1.380648 
10 1.380618 
862 1.380253 
662 1.380167 
5005 1.380030 
2498 1.379674 
2853 1.379648 
416 1.378478 
452 1.377948 
1878 1.377075 
2151 1.377015 
2309 1.376709 
3718 1.376451 
3226 1.375470 
3046 1.375207 
2317 1.375189 
685 1.375075 
3996 1.374949 
1248 1.374242 
1138 1.374045 
3665 1.373843 
1520 1.373485 
3584 1.372481 
2415 1.372132 
3860 1.372132 
445 1.371553 
1161 1.370272 
330 1.369005 
1178 1.368395 
3668 1.367896 
1125 1.367466 
2678 1.367059 
2868 1.365722 
2338 1.364017 
383 1.363993 
4374 1.363967 
1247 1.363683 
439 1.362381 
1173 1.361082 
4267 1.360973 
3635 1.360953 
2654 1.360668 
385 1.359763 
1422 1.359753 
2166 1.359698 
2199 1.359414 
3934 1.359138 
3079 1.358753 
3243 1.358527 
4961 1.357584 
249 1.357434 
4849 1.356792 
1654 1.356538 
5020 1.355809 
4270 1.355768 
3703 1.355630 
1839 1.355446 
143 1.355233 
4295 1.354954 
3409 1.354870 
1911 1.354709 
759 1.354554 
861 1.354533 
4062 1.353087 
3232 1.352759 
2565 1.352296 
1434 1.351834 
4028 1.351268 
3016 1.351102 
1641 1.350832 
3416 1.350622 
2646 1.350224 
472 1.350000 
15 1.349665 
1242 1.349650 
1474 1.349406 
1504 1.349366 
3590 1.349057 
4166 1.348983 
2616 1.348890 
1828 1.348755 
581 1.348741 
4432 1.348735 
1429 1.348259 
2816 1.348236 
2781 1.348134 
2305 1.347533 
2863 1.346931 
4232 1.346159 
253 1.345864 
3351 1.345187 
2241 1.344854 
2211 1.344675 
2188 1.344648 
656 1.344532 
1355 1.344169 
3473 1.343968 
219 1.343845 
1508 1.343595 
3727 1.343488 
2984 1.343053 
1026 1.342798 
3701 1.342677 
3599 1.342628 
1129 1.342043 
3813 1.342027 
1330 1.340927 
4343 1.340429 
254 1.340379 
353 1.338545 
1216 1.338181 
817 1.338090 
1312 1.338039 
971 1.338022 
2862 1.337637 
2038 1.336280 
969 1.335570 
2335 1.335541 
2114 1.335463 
3150 1.335328 
3663 1.333177 
4796 1.333126 
652 1.332994 
2681 1.332686 
3103 1.332492 
2946 1.332472 
2820 1.332208 
2244 1.332144 
308 1.331530 
3355 1.331518 
3638 1.331420 
174 1.331285 
1169 1.330936 
2122 1.330776 
415 1.330544 
1875 1.330519 
199 1.330208 
4696 1.330137 
1466 1.329726 
2281 1.329178 
714 1.329026 
3108 1.328659 
2236 1.327675 
2406 1.327374 
2484 1.327315 
2680 1.326701 
1860 1.326662 
3563 1.326471 
2351 1.326238 
2008 1.326042 
4858 1.324828 
4507 1.324225 
2156 1.324027 
1093 1.323460 
3998 1.323375 
1101 1.322790 
2915 1.322697 
418 1.322455 
2115 1.321701 
594 1.321456 
4376 1.321347 
2869 1.320797 
24 1.319813 
4577 1.319722 
546 1.319475 
4120 1.319330 
2693 1.318888 
3936 1.318557 
1094 1.316797 
258 1.316537 
1056 1.316217 
1170 1.315381 
2374 1.315164 
2194 1.315159 
584 1.315099 
2489 1.315027 
231 1.314946 
1587 1.314348 
1518 1.313597 
2037 1.312958 
1458 1.312474 
488 1.312366 
693 1.311221 
90 1.310894 
2900 1.309807 
3178 1.309459 
623 1.309168 
1276 1.309097 
1352 1.309010 
1128 1.308606 
1787 1.308240 
4264 1.308103 
3446 1.307863 
858 1.307776 
1833 1.307609 
1425 1.307387 
2821 1.304258 
688 1.303714 
2981 1.303132 
476 1.302744 
4239 1.302302 
3412 1.301094 
228 1.300852 
524 1.300311 
2650 1.300305 
1166 1.300115 
1135 1.299825 
3275 1.299571 
2157 1.299439 
410 1.298892 
3594 1.298776 
4983 1.298315 
2311 1.297947 
2376 1.297604 
2443 1.297121 
2110 1.296863 
2572 1.296309 
1871 1.295730 
85 1.295702 
2777 1.295460 
4122 1.294708 
2651 1.294312 
3754 1.294307 
1737 1.294169 
3233 1.293653 
2247 1.293229 
2743 1.293163 
2499 1.292693 
3817 1.292690 
3631 1.292339 
3180 1.291280 
4002 1.290238 
4979 1.290207 
2784 1.290206 
929 1.289393 
3552 1.288807 
4915 1.288659 
3673 1.288314 
4198 1.288095 
2975 1.287803 
4153 1.287641 
2367 1.287469 
306 1.287439 
2780 1.287301 
4300 1.286115 
1036 1.285850 
933 1.284888 
3889 1.284795 
2613 1.284760 
4197 1.284531 
4228 1.284361 
1509 1.283711 
865 1.282984 
618 1.282712 
1829 1.282132 
2206 1.280554 
4559 1.280553 
29 1.280547 
1577 1.280121 
4116 1.279945 
2530 1.279391 
551 1.279382 
3507 1.279019 
4313 1.278554 
422 1.278276 
1582 1.277763 
1384 1.277679 
3438 1.277263 
3756 1.276835 
3344 1.276073 
589 1.274762 
1462 1.274712 
2825 1.274696 
3634 1.274559 
1824 1.274220 
1381 1.273093 
332 1.272817 
710 1.271689 
1704 1.271629 
1637 1.271607 
2167 1.271535 
761 1.270502 
1951 1.270322 
2161 1.270068 
1321 1.269694 
48 1.269687 
2950 1.269533 
2455 1.268784 
1786 1.268184 
2526 1.267973 
3848 1.267945 
4059 1.267866 
3470 1.267578 
5013 1.267520 
1351 1.267516 
4831 1.267457 
2041 1.267095 
2240 1.266979 
3318 1.266637 
2740 1.266329 
1996 1.266290 
1948 1.265925 
4547 1.264675 
1090 1.264427 
3971 1.263914 
2493 1.263281 
2198 1.263066 
3822 1.263003 
2119 1.262834 
4669 1.262735 
966 1.262471 
3203 1.262305 
1947 1.262238 
821 1.261910 
295 1.261905 
3810 1.261860 
2938 1.261754 
2744 1.261693 
3441 1.261469 
1348 1.261383 
2078 1.261371 
4607 1.261228 
4231 1.260854 
3352 1.259493 
3595 1.258861 
5033 1.258374 
2203 1.258267 
3190 1.257669 
4746 1.257525 
5023 1.256214 
2867 1.255572 
2683 1.255529 
2345 1.255322 
3404 1.255283 
555 1.255239 
3855 1.255036 
5019 1.254019 
3114 1.253735 
2303 1.253587 
522 1.253556 
150 1.252787 
1969 1.252623 
3237 1.251908 
2152 1.251416 
2909 1.251363 
2412 1.250940 
2956 1.250614 
4444 1.250388 
469 1.250311 
3893 1.250194 
3058 1.249733 
1471 1.249353 
502 1.248978 
3776 1.248858 
657 1.248255 
3557 1.247426 
927 1.247201 
3931 1.246917 
2278 1.246852 
4053 1.246346 
3060 1.246000 
1907 1.245979 
3626 1.245636 
1060 1.243804 
2609 1.242869 
1245 1.242839 
1421 1.242738 
2858 1.242623 
1870 1.242534 
578 1.242218 
1016 1.242097 
3195 1.241971 
450 1.240893 
3270 1.240123 
3311 1.239565 
1593 1.239089 
1552 1.238927 
992 1.238233 
117 1.237767 
4473 1.237761 
529 1.237671 
114 1.236200 
2695 1.235653 
2272 1.235645 
3049 1.235445 
4911 1.234948 
2717 1.234946 
792 1.233767 
417 1.233300 
2332 1.232882 
3437 1.232768 
3553 1.232600 
2401 1.232200 
2905 1.231848 
4504 1.230601 
3386 1.230488 
3149 1.230287 
4604 1.229688 
2535 1.229445 
1914 1.228807 
3220 1.227606 
1303 1.227453 
853 1.227225 
178 1.227176 
1278 1.226638 
4094 1.225894 
3476 1.225635 
22 1.225488 
380 1.225015 
327 1.224598 
3228 1.224572 
1866 1.223958 
1710 1.222145 
1974 1.220933 
290 1.220789 
4530 1.220514 
3274 1.220276 
4320 1.219232 
4194 1.219210 
1050 1.218671 
2942 1.218369 
3968 1.217778 
995 1.217064 
681 1.216609 
3548 1.215730 
4119 1.214595 
3062 1.212429 
1097 1.212357 
2993 1.212291 
294 1.212077 
1640 1.211050 
938 1.210179 
134 1.209920 
4311 1.209689 
3502 1.209122 
3664 1.209056 
4338 1.208533 
4778 1.207608 
3411 1.206927 
4201 1.206793 
3780 1.206759 
441 1.206724 
2016 1.206242 
1791 1.206081 
359 1.205959 
467 1.205463 
3037 1.205150 
2 1.203701 
1297 1.203355 
3398 1.203319 
2875 1.203251 
4156 1.203174 
2904 1.202749 
2409 1.202286 
3962 1.202100 
497 1.201218 
2520 1.201116 
3191 1.200418 
3315 1.199611 
3678 1.199235 
1749 1.199103 
3886 1.198867 
4057 1.198192 
1674 1.198055 
1741 1.197742 
797 1.197417 
412 1.196305 
109 1.196162 
1782 1.195309 
1745 1.194941 
3145 1.194609 
2531 1.194331 
3153 1.194313 
909 1.194068 
1065 1.193689 
3378 1.193363 
196 1.193246 
4367 1.192952 
2071 1.192672 
2568 1.192356 
4614 1.192282 
1251 1.192061 
203 1.191383 
2447 1.191376 
5030 1.190564 
4497 1.190543 
3186 1.190307 
2373 1.189051 
1541 1.188235 
2577 1.186631 
4641 1.186227 
3697 1.184667 
2329 1.183526 
831 1.183486 
2696 1.183451 
478 1.183283 
4090 1.182400 
1380 1.180871 
3033 1.180630 
1545 1.180277 
4439 1.180076 
3017 1.179978 
3709 1.179971 
2581 1.179759 
378 1.179477 
3102 1.178327 
1940 1.178054 
4086 1.177269 
4125 1.176717 
4975 1.176323 
1634 1.175871 
4405 1.175739 
4236 1.175243 
2751 1.174778 
2369 1.173790 
279 1.172510 
42 1.172282 
2488 1.171768 
423 1.171554 
4745 1.168162 
4434 1.168087 
3465 1.166978 
4610 1.166922 
1198 1.166619 
321 1.165882 
4151 1.165467 
3519 1.164434 
2286 1.163182 
1799 1.162867 
4261 1.162798 
1591 1.162203 
4665 1.161872 
361 1.161726 
1014 1.161367 
1417 1.160590 
393 1.160457 
5002 1.160155 
1754 1.159340 
5024 1.159018 
3264 1.158510 
3750 1.158119 
707 1.158058 
3772 1.158042 
3415 1.157850 
116 1.157804 
72 1.157320 
4501 1.156476 
307 1.155782 
3898 1.155162 
3603 1.155152 
4891 1.155093 
1920 1.152808 
440 1.152534 
1513 1.152221 
1085 1.152215 
73 1.150903 
3511 1.150728 
1816 1.150549 
1390 1.150514 
2451 1.150384 
180 1.149817 
4259 1.149699 
3078 1.149397 
52 1.148784 
2015 1.148598 
1253 1.148511 
41 1.147989 
4463 1.145650 
1557 1.144247 
3924 1.143960 
4580 1.143726 
1313 1.143371 
5010 1.141656 
1617 1.141287 
4854 1.140763 
1284 1.140760 
730 1.140474 
475 1.139095 
2232 1.138602 
2066 1.138023 
1698 1.137947 
816 1.137817 
2084 1.136743 
2892 1.136478 
4853 1.134892 
3007 1.134141 
2709 1.132907 
870 1.132588 
2476 1.131975 
766 1.131966 
135 1.131652 
2812 1.130902 
106 1.130700 
1645 1.130085 
4206 1.128838 
3394 1.128549 
4340 1.127510 
84 1.127471 
3086 1.126619 
3586 1.126171 
1682 1.124834 
477 1.124675 
1024 1.124289 
4371 1.124023 
4672 1.122993 
54 1.120009 
944 1.118801 
1325 1.117090 
4534 1.116993 
741 1.116572 
2671 1.114364 
107 1.114348 
4828 1.112810 
1539 1.112539 
4800 1.111345 
1615 1.111017 
466 1.110173 
3726 1.109274 
4633 1.108711 
613 1.108226 
4296 1.107738 
3009 1.107477 
4400 1.107143 
4289 1.106471 
1315 1.106191 
3561 1.105220 
1200 1.105172 
4163 1.104964 
4318 1.104618 
4468 1.104359 
2377 1.104356 
3721 1.102337 
2144 1.102272 
1122 1.100764 
40 1.100246 
4581 1.099608 
1716 1.099526 
1359 1.098424 
4038 1.098274 
2337 1.096738 
347 1.096726 
718 1.095957 
4980 1.095775 
4916 1.094702 
815 1.094630 
2127 1.093726 
1320 1.091536 
4293 1.091421 
4752 1.090292 
3708 1.089339 
4576 1.088113 
4751 1.086855 
1676 1.085450 
1318 1.083212 
3158 1.082422 
1305 1.082081 
974 1.079671 
1179 1.077966 
2656 1.076207 
4701 1.074677 
1475 1.072785 
727 1.072460 
349 1.071433 
3731 1.070324 
928 1.069818 
4556 1.069248 
281 1.068831 
4726 1.067993 
756 1.067174 
3104 1.066548 
4699 1.065714 
1658 1.064562 
3744 1.063241 
3373 1.061223 
3120 1.059861 
961 1.059547 
1215 1.059513 
4884 1.057699 
4023 1.057595 
1396 1.057381 
4287 1.055881 
4879 1.055112 
5000 1.054312 
754 1.053515 
559 1.052066 
2270 1.051713 
2011 1.051297 
4774 1.050878 
3770 1.050580 
1378 1.050107 
2543 1.049672 
627 1.049514 
3035 1.049098 
2991 1.048940 
2315 1.047164 
5016 1.044871 
3399 1.044454 
2316 1.043522 
453 1.042547 
2417 1.042163 
1435 1.041283 
468 1.040325 
736 1.040181 
1990 1.039423 
2106 1.038790 
158 1.037127 
1648 1.036367 
2701 1.035766 
2722 1.034588 
1700 1.033668 
3407 1.032971 
4826 1.032665 
2674 1.030087 
629 1.030042 
648 1.024742 
3393 1.024555 
1953 1.022279 
1346 1.022082 
2679 1.021207 
4730 1.020846 
3844 1.019018 
4260 1.018664 
53 1.017045 
194 1.017001 
391 1.016965 
1636 1.015568 
4760 1.015371 
517 1.015331 
646 1.014012 
1735 1.013269 
4799 1.012517 
998 1.010527 
1995 1.007775 
1 1.007446 
4902 1.007318 
1030 1.006298 
4637 1.005090 
4525 1.004378 
1139 1.001804 
3544 1.000185 
782 0.998992 
1558 0.998116 
2438 0.997964 
205 0.997846 
2354 0.997272 
4988 0.997131 
1635 0.996758 
2346 0.996365 
679 0.994363 
3080 0.990039 
1052 0.986397 
4130 0.985740 
907 0.984999 
2655 0.984258 
3283 0.982697 
3734 0.981542 
409 0.981430 
17 0.979965 
300 0.979744 
1610 0.978478 
333 0.978347 
128 0.977650 
168 0.976627 
530 0.976569 
4895 0.975413 
4114 0.974962 
1283 0.974781 
4443 0.973577 
1982 0.973038 
1415 0.972353 
960 0.972117 
1668 0.971878 
2603 0.969919 
1217 0.969075 
4333 0.968976 
680 0.963781 
3370 0.963705 
331 0.962741 
989 0.962718 
1272 0.962127 
4152 0.961811 
4375 0.958565 
157 0.958073 
3785 0.955776 
3052 0.955608 
3859 0.955584 
3935 0.955173 
3023 0.955094 
2621 0.953956 
2976 0.952521 
34 0.947722 
2544 0.947277 
2711 0.946028 
129 0.944191 
545 0.944079 
1881 0.943375 
1879 0.942402 
3384 0.941650 
5018 0.941634 
3881 0.939508 
3025 0.938442 
1102 0.938181 
94 0.937173 
3015 0.931703 
892 0.930731 
1966 0.930666 
663 0.928739 
2365 0.928074 
1141 0.927139 
4167 0.925990 
2771 0.925667 
4966 0.924931 
2083 0.924591 
2400 0.923027 
1609 0.922982 
1237 0.922282 
4017 0.920105 
3788 0.919754 
1902 0.919618 
273 0.917696 
3406 0.913362 
4396 0.912814 
4732 0.912609 
1643 0.912068 
1306 0.911421 
6 0.910758 
943 0.909936 
260 0.909806 
4305 0.908914 
1576 0.906254 
4042 0.905904 
1084 0.904685 
4478 0.904672 
2702 0.903491 
247 0.903345 
1715 0.903332 
2143 0.903034 
4429 0.902000 
3323 0.901209 
4741 0.900991 
4298 0.900592 
5027 0.899126 
320 0.898830 
3662 0.898166 
833 0.897983 
4312 0.897356 
4549 0.897293 
890 0.895866 
2738 0.895437 
3605 0.895111 
4954 0.894665 
3521 0.894172 
4226 0.890834 
377 0.889013 
95 0.888749 
4464 0.888473 
2560 0.888260 
3707 0.886072 
999 0.881985 
3043 0.881446 
4410 0.880808 
233 0.880008 
272 0.879952 
1919 0.879344 
4345 0.879229 
451 0.877746 
3729 0.876476 
4575 0.875837 
1519 0.875267 
720 0.873965 
3073 0.871137 
1416 0.868339 
4014 0.868298 
3920 0.868025 
1103 0.867957 
3324 0.866738 
1500 0.866640 
2287 0.865239 
3481 0.865213 
2269 0.865103 
2789 0.863741 
1124 0.862009 
709 0.861837 
4677 0.861503 
2383 0.860231 
193 0.858641 
4063 0.857864 
4997 0.856758 
1989 0.855951 
4663 0.855926 
1938 0.855541 
3644 0.855409 
4943 0.854212 
3973 0.853903 
0 0.853499 
1160 0.853322 
3805 0.851176 
4081 0.850916 
2725 0.849577 
4309 0.849460 
3625 0.845741 
580 0.844186 
496 0.843708 
362 0.843525 
4271 0.842549 
3733 0.842373 
282 0.842102 
4285 0.841235 
3823 0.839512 
5037 0.839495 
1681 0.837266 
729 0.834559 
2772 0.832684 
234 0.832002 
2249 0.831835 
3745 0.830589 
1361 0.830488 
4546 0.829882 
2685 0.829882 
1270 0.829138 
3357 0.828101 
3643 0.827638 
4040 0.827040 
4561 0.825726 
71 0.824540 
4297 0.823768 
221 0.823475 
2876 0.823036 
179 0.820901 
169 0.820630 
1345 0.818290 
4750 0.818245 
2250 0.817789 
4509 0.816617 
1755 0.816407 
4906 0.816249 
3758 0.816010 
2006 0.814469 
2031 0.813869 
3462 0.812585 
5004 0.812313 
4189 0.809672 
3072 0.809174 
3085 0.805029 
4757 0.804510 
5032 0.804327 
3342 0.803856 
3786 0.801186 
3957 0.800602 
1540 0.800508 
3992 0.798715 
3742 0.798463 
3010 0.798074 
3419 0.794455 
2723 0.793996 
4025 0.793747 
1008 0.791688 
2065 0.790865 
4922 0.790135 
4993 0.789802 
852 0.789292 
1066 0.787578 
2712 0.787549 
2353 0.785837 
4646 0.785371 
206 0.783759 
2418 0.783666 
5011 0.783362 
4994 0.782078 
248 0.780000 
3306 0.779852 
3139 0.779074 
1331 0.778725 
3070 0.777091 
4957 0.776317 
1296 0.776245 
2657 0.774311 
4794 0.771209 
2891 0.769251 
2604 0.766186 
742 0.765941 
1035 0.765285 
3119 0.765236 
3372 0.765171 
115 0.764697 
735 0.763773 
3464 0.763477 
4936 0.763188 
2382 0.763056 
2517 0.760785 
4322 0.760737 
2437 0.760611 
3431 0.759973 
1005 0.758903 
108 0.758602 
64 0.757100 
3022 0.756477 
4306 0.756208 
1623 0.751461 
1669 0.748386 
5025 0.746546 
2017 0.744462 
2955 0.742162 
3088 0.742013 
4362 0.738964 
4694 0.738028 
503 0.734694 
348 0.733394 
3842 0.732231 
2330 0.732116 
3861 0.731996 
3285 0.731992 
798 0.731796 
1013 0.730887 
4039 0.730738 
1980 0.730659 
3383 0.730459 
2686 0.730425 
65 0.726026 
2368 0.725909 
3679 0.725469 
4554 0.725360 
3159 0.719554 
4273 0.719469 
4898 0.718795 
4944 0.718407 
4003 0.714348 
744 0.713485 
1254 0.709990 
259 0.709504 
3755 0.707837 
2301 0.707363 
4033 0.704690 
975 0.704499 
694 0.703883 
1395 0.703232 
3417 0.703011 
516 0.698075 
4394 0.697926 
595 0.697256 
2319 0.696230 
4914 0.696102 
2047 0.696049 
612 0.695746 
1002 0.695522 
4034 0.695306 
990 0.693174 
1333 0.692449 
2673 0.691309 
4967 0.690218 
2185 0.688210 
1968 0.687589 
4998 0.683897 
1632 0.683513 
4258 0.682818 
4241 0.680060 
2032 0.677750 
2304 0.676643 
4969 0.673730 
4833 0.671949 
3432 0.670817 
4602 0.669327 
2737 0.668103 
1308 0.667469 
3937 0.665121 
3804 0.662090 
4758 0.659364 
4169 0.659278 
1979 0.658188 
2005 0.658126 
2849 0.651839 
1922 0.650751 
3358 0.650536 
4805 0.648598 
4631 0.639814 
1736 0.637999 
4026 0.636505 
4586 0.635670 
4935 0.630793 
3140 0.630085 
4377 0.625731 
1954 0.624902 
4881 0.622039 
3880 0.619839 
4769 0.617764 
4870 0.616921 
4095 0.616074 
3899 0.615991 
2790 0.611467 
3482 0.610162 
5038 0.608709 
3501 0.608403 
719 0.607314 
3696 0.605998 
4742 0.605624 
4873 0.602386 
4978 0.602171 
4721 0.600985 
4096 0.600349 
2622 0.600209 
4904 0.598851 
4720 0.598612 
3693 0.598499 
2753 0.597952 
4890 0.596937 
2170 0.595911 
2049 0.595757 
4242 0.594637 
1901 0.594315 
4553 0.593265 
4718 0.590145 
2502 0.589642 
2973 0.586472 
2385 0.586077 
4925 0.585313 
871 0.583679 
4346 0.583198 
4780 0.583054 
4632 0.580743 
2019 0.580681 
220 0.580137 
20 0.579138 
4225 0.578690 
4956 0.578530 
733 0.577172 
4985 0.574895 
4615 0.573815 
4693 0.572531 
3059 0.567970 
4947 0.567420 
4445 0.562747 
708 0.560732 
3122 0.560057 
3305 0.559481 
3036 0.552415 
1236 0.551870 
3918 0.550954 
4207 0.550199 
4616 0.548807 
4664 0.547527 
493 0.545762 
4821 0.544915 
4945 0.543345 
4332 0.542991 
1622 0.542040 
4462 0.541507 
4256 0.540159 
4986 0.539863 
4709 0.539470 
4977 0.534270 
2420 0.533016 
4897 0.531177 
3711 0.525710 
4551 0.525616 
3447 0.523202 
4888 0.521013 
4150 0.520797 
4545 0.519700 
4932 0.518525 
2958 0.513261 
4113 0.511497 
191 0.510328 
1655 0.509011 
4052 0.508871 
753 0.507995 
4706 0.506056 
4731 0.505176 
4535 0.503662 
4848 0.502272 
4004 0.497533 
1022 0.496927 
1294 0.495022 
4319 0.494046 
3660 0.493973 
4903 0.489744 
1025 0.486830 
61 0.485296 
56 0.484994 
4894 0.484833 
3303 0.481224 
3825 0.480871 
4934 0.472722 
4495 0.472380 
4647 0.471838 
31 0.470979 
958 0.467377 
4748 0.466308 
4065 0.463087 
4361 0.462156 
4288 0.461389 
4188 0.460194 
4496 0.456851 
485 0.456716 
4779 0.453529 
4806 0.453463 
4734 0.451990 
4 0.451133 
1343 0.448523 
4536 0.447255 
2624 0.446349 
4923 0.443945 
4808 0.443035 
141 0.442951 
4860 0.441334 
4913 0.440669 
4882 0.440091 
4847 0.440088 
4131 0.438814 
2640 0.432776 
3956 0.430251 
44 0.429966 
4589 0.429694 
4661 0.429332 
4562 0.426885 
318 0.425070 
3484 0.425032 
1666 0.422198 
4859 0.418963 
82 0.416338 
2267 0.415327 
4618 0.415322 
506 0.414083 
3974 0.413204 
4601 0.410598 
4348 0.410042 
4428 0.408848 
4016 0.405181 
4209 0.404678 
138 0.402240 
4078 0.401163 
1684 0.400486 
4862 0.399672 
4411 0.399400 
4845 0.398902 
4768 0.396726 
3990 0.392279 
4051 0.389128 
4782 0.388272 
4707 0.382519 
3802 0.381956 
767 0.379928 
4820 0.378702 
2769 0.378036 
4678 0.377596 
4766 0.377512 
1956 0.377216 
4791 0.371882 
4629 0.364393 
2086 0.364299 
4587 0.359413 
3840 0.356236 
160 0.351587 
4574 0.349176 
3360 0.348278 
4564 0.347309 
288 0.341779 
4479 0.339954 
4872 0.339665 
2029 0.333311 
2792 0.332676 
4599 0.331404 
3326 0.326934 
4244 0.326230 
3523 0.318476 
2063 0.317995 
2252 0.316249 
119 0.312932 
2755 0.311208 
97 0.308921 
297 0.306880 
45 0.304874 
4572 0.303506 
104 0.298260 
3916 0.294464 
1899 0.290746 
4834 0.288887 
1718 0.288116 
1038 0.282646 
3499 0.273660 
3582 0.272441 
4080 0.271320 
4691 0.268901 
4793 0.267265 
3878 0.266038 
769 0.262794 
4186 0.259497 
1936 0.257450 
4524 0.254591 
4133 0.252848 
4836 0.249356 
3607 0.248419 
3429 0.247481 
3137 0.246896 
4111 0.246125 
4510 0.243248 
4493 0.239217 
1625 0.229199 
3287 0.228392 
4067 0.226519 
4330 0.224632 
3623 0.223005 
125 0.219209 
4098 0.218189 
3863 0.217642 
4522 0.212774 
2601 0.202359 
2435 0.196565 
4818 0.195714 
4538 0.195006 
4223 0.194304 
4171 0.193093 
148 0.191491 
2735 0.189181 
1733 0.186919 
3161 0.185903 
4649 0.185418 
4275 0.183768 
2995 0.182203 
3768 0.177997 
3901 0.171354 
4680 0.170241 
3340 0.159397 
4512 0.158822 
3390 0.157787 
3939 0.155385 
3449 0.154562 
4148 0.153578 
4006 0.147359 
4049 0.145978 
3100 0.139176 
3976 0.133065 
3681 0.122696 
2585 0.119782 
2398 0.111657 
4359 0.110551 
2102 0.105405 
2659 0.105383 
2289 0.103849 
4481 0.103352 
3988 0.101797 
310 0.101787 
2638 0.093624 
4392 0.089569 
1696 0.084330 
75 0.082956 
722 0.077259 
987 0.073153 
3954 0.057469 
4379 0.056923 
2934 0.056389 
4447 0.052600 
1120 0.051041 
4426 0.048193 
3565 0.046189 
1286 0.044952 
270 0.034687 
284 0.023816 
3540 0.021534 
1883 0.002816 
2228 0.002763 
1607 -0.002921 
2808 -0.003255 
1574 -0.004037 
532 -0.006623 
3646 -0.017451 
4460 -0.019842 
166 -0.022966 
4413 -0.024653 
911 -0.027816 
1363 -0.033269 
426 -0.043993 
245 -0.044114 
464 -0.062159 
1376 -0.067757 
888 -0.068818 
576 -0.069580 
1560 -0.078944 
1757 -0.079595 
208 -0.082365 
751 -0.092528 
480 -0.093256 
2459 -0.105157 
1196 -0.116059 
1143 -0.132949 
780 -0.141812 
644 -0.144345 
1496 -0.145150 
1068 -0.146876 
706 -0.147754 
1048 -0.147973 
1268 -0.151227 
182 -0.152223 
1437 -0.152578 
1454 -0.157533 
1479 -0.159409 
262 -0.165017 
835 -0.172039 
3047 -0.173787 
1521 -0.180732 
407 -0.185649 
543 -0.193809 
1082 -0.201851 
946 -0.211182 
873 -0.214215 
3048 -0.216323 
455 -0.219048 
335 -0.226417 
236 -0.231722 
677 -0.236901 
925 -0.241045 
1398 -0.242032 
696 -0.242907 
1986 -0.252345 
597 -0.253899 
1219 -0.254056 
610 -0.261637 
1999 -0.293314 
563 -0.302990 
850 -0.303380 
2692 -0.306912 
33 -0.315251 
631 -0.322750 
395 -0.335108 
800 -0.337347 
375 -0.348945 
977 -0.365992 
1644 -0.369718 
1181 -0.370967 
813 -0.371918 
5001 -0.374514 
5014 -0.378225 
1595 -0.385897 
345 -0.391888 
665 -0.398788 
218 -0.407454 
5015 -0.410117 
364 -0.411506 
437 -0.412281 
32 -0.423619 
5029 -0.424754 
5 -0.439715 
1158 -0.461540 
1234 -0.462076 
1413 -0.473160 
1105 -0.477000 
5028 -0.477769 
18 -0.483418 
1256 -0.508675 
2342 -0.561037 
19 -0.570492 
2705 -0.584950 
2341 -0.666892 
484 -0.702933 
1537 -0.712559 
492 -0.716777 
4308 -0.729789 
3403 -0.770822 
1317 -0.841324 
1003 -0.863516 
4907 -0.867589 
3032 -0.870605 
3944 -0.880914 
124 -0.895727 
147 -0.897447 
1004 -0.899239 
4747 -0.917697 
3717 -0.924278 
514 -0.926149 
4926 -0.928440 
4143 -0.930999 
139 -0.936824 
1224 -0.964141 
4043 -0.979213 
3835 -0.979974 
4542 -0.984542 
1148 -0.987748 
1115 -0.992623 
3402 -0.994003 
81 -0.994091 
3911 -1.008156 
4176 -1.008157 
3063 -1.013116 
1309 -1.018447 
840 -1.019917 
3655 -1.041940 
745 -1.052499 
4953 -1.061933 
60 -1.074517 
726 -1.074610 
4970 -1.084203 
1191 -1.087668 
1017 -1.095248 
98 -1.096926 
1888 -1.099317 
4218 -1.104266 
3387 -1.109255 
296 -1.118428 
639 -1.123247 
1659 -1.123845 
4384 -1.126014 
916 -1.129077 
3292 -1.131059 
3868 -1.139332 
140 -1.144808 
1857 -1.145707 
2760 -1.147572 
883 -1.155825 
4738 -1.165615 
2918 -1.165916 
4387 -1.166267 
4323 -1.168482 
1484 -1.168802 
3716 -1.171651 
507 -1.186201 
4550 -1.190008 
1931 -1.195612 
1073 -1.200488 
2708 -1.207521 
2689 -1.212403 
2803 -1.213288 
4455 -1.215292 
1804 -1.221927 
1368 -1.222594 
1603 -1.227843 
1602 -1.229786 
770 -1.239103 
3902 -1.249081 
3528 -1.257578 
2256 -1.263591 
3793 -1.265266 
2933 -1.267296 
3566 -1.267633 
3335 -1.271416 
571 -1.272256 
2628 -1.275416 
568 -1.276245 
4418 -1.278139 
2132 -1.278832 
4452 -1.279306 
1293 -1.283992 
2555 -1.285479 
2050 -1.286418 
636 -1.286830 
3535 -1.288360 
1631 -1.290529 
2834 -1.290765 
4735 -1.290851 
1316 -1.293525 
3208 -1.295132 
1895 -1.297815 
2666 -1.300181 
1371 -1.311371 
317 -1.315356 
2139 -1.319260 
2548 -1.320148 
805 -1.321936 
4251 -1.327329 
3215 -1.328562 
4927 -1.331788 
3983 -1.332229 
2262 -1.332263 
1773 -1.336569 
4486 -1.339188 
2257 -1.342303 
1263 -1.347294 
2216 -1.348006 
3612 -1.348259 
4971 -1.351479 
2431 -1.352182 
2880 -1.355652 
3792 -1.355717 
4219 -1.355943 
1842 -1.356670 
3002 -1.360607 
4869 -1.362075 
1491 -1.362564 
849 -1.363065 
1021 -1.364457 
2464 -1.372347 
957 -1.374145 
1144 -1.378358 
3489 -1.384228 
4425 -1.388169 
874 -1.391056 
2101 -1.391535 
4301 -1.392232 
3026 -1.392479 
3177 -1.393379 
3839 -1.397506 
2263 -1.399833 
509 -1.402953 
3246 -1.403493 
1529 -1.404667 
887 -1.407232 
1565 -1.408082 
2586 -1.409921 
2425 -1.417924 
2887 -1.418575 
2223 -1.419610 
4421 -1.420476 
508 -1.428241 
2471 -1.429651 
1072 -1.429870 
1231 -1.433299 
1564 -1.433471 
1760 -1.433697 
4107 -1.435148 
607 -1.436475 
1108 -1.438011 
2559 -1.438120 
3494 -1.439020 
2430 -1.441709 
1261 -1.441752 
1626 -1.442509 
600 -1.445757 
2593 -1.447605 
4214 -1.449514 
4106 -1.451838 
1811 -1.452213 
3573 -1.455404 
3581 -1.456483 
1894 -1.456614 
3170 -1.456837 
3298 -1.459254 
3574 -1.462467 
847 -1.464942 
80 -1.466279 
1850 -1.468109 
2967 -1.470567 
2797 -1.472868 
4172 -1.475269 
1771 -1.475813 
3093 -1.477803 
4887 -1.483254 
3737 -1.483730 
1524 -1.484334 
4448 -1.485369 
4029 -1.486355 
4989 -1.487967 
1186 -1.489441 
4147 -1.495423 
746 -1.497310 
1762 -1.497409 
1724 -1.498394 
3254 -1.501329 
2421 -1.501707 
3532 -1.501747 
845 -1.502915 
1766 -1.503481 
3169 -1.503670 
1453 -1.503681 
1769 -1.503901 
3253 -1.505445 
4974 -1.505890 
3454 -1.506669 
2667 -1.506993 
1404 -1.509579 
1405 -1.512710 
3877 -1.513080 
4013 -1.515328 
2796 -1.515515 
877 -1.515938 
2424 -1.516102 
4185 -1.518522 
3712 -1.519036 
1983 -1.519422 
1495 -1.520487 
2972 -1.521405 
3904 -1.522840 
3299 -1.524292 
3949 -1.524298 
402 -1.524787 
2927 -1.525329 
400 -1.526113 
2094 -1.526159 
3261 -1.526877 
2511 -1.527549 
3741 -1.529262 
598 -1.533549 
2843 -1.534738 
2926 -1.535052 
1406 -1.538403 
1772 -1.539739 
1445 -1.540780 
2058 -1.541083 
1230 -1.541545 
1660 -1.541782 
2637 -1.541973 
1765 -1.542141 
2054 -1.542892 
4136 -1.543852 
4761 -1.544457 
705 -1.546385 
2761 -1.548576 
602 -1.550874 
3369 -1.551442 
605 -1.551897 
1229 -1.552476 
4459 -1.553338 
2925 -1.555968 
2266 -1.558411 
953 -1.559367 
1110 -1.559750 
632 -1.559831 
4072 -1.560783 
1725 -1.560960 
1727 -1.561726 
3176 -1.562407 
3064 -1.562461 
4380 -1.562911 
4931 -1.563056 
1077 -1.564976 
4044 -1.565128 
1442 -1.565294 
2841 -1.565419 
3830 -1.565727 
2959 -1.566293 
2290 -1.568917 
4329 -1.569095 
1446 -1.569608 
4414 -1.570450 
2172 -1.571147 
1526 -1.571395 
3003 -1.571781 
669 -1.571838 
2171 -1.571877 
2592 -1.573020 
3906 -1.573414 
723 -1.573716 
311 -1.574999 
4138 -1.575447 
2848 -1.576787 
3577 -1.576951 
4590 -1.578495 
3950 -1.578956 
3619 -1.580369 
2966 -1.580993 
1153 -1.582030 
3654 -1.582219 
2220 -1.582400 
609 -1.583084 
1342 -1.583306 
2800 -1.583620 
3092 -1.584098 
2513 -1.584168 
1849 -1.584685 
3618 -1.584982 
3260 -1.585191 
4484 -1.587232 
3288 -1.587278 
1688 -1.587353 
2219 -1.587469 
876 -1.587652 
3569 -1.587928 
4654 -1.590824 
2629 -1.590921 
3568 -1.590982 
2364 -1.592627 
4183 -1.593369 
2360 -1.594090 
4210 -1.594227 
4948 -1.594532 
4717 -1.596064 
1856 -1.596990 
1569 -1.597064 
4391 -1.601519 
3257 -1.601555 
1078 -1.602168 
1530 -1.602319 
2590 -1.603404 
2128 -1.603734 
670 -1.604302 
4423 -1.604936 
804 -1.605047 
3488 -1.605312 
3129 -1.606673 
1119 -1.606809 
4765 -1.607312 
3875 -1.607673 
1109 -1.609078 
4686 -1.609351 
2664 -1.611058 
4488 -1.612194 
3684 -1.612849 
1661 -1.612934 
4844 -1.614766 
2179 -1.617226 
2095 -1.618163 
1689 -1.618547 
2092 -1.618622 
3128 -1.620715 
4482 -1.621172 
2024 -1.621795 
3173 -1.621821 
4284 -1.622258 
3168 -1.624296 
2293 -1.624520 
1480 -1.625988 
4182 -1.626181 
3940 -1.626598 
3873 -1.627099 
1761 -1.627526 
2093 -1.628014 
1935 -1.628292 
2002 -1.630201 
1770 -1.630382 
2389 -1.630564 
1364 -1.631141 
1195 -1.631369 
1018 -1.631579 
2635 -1.631735 
3065 -1.632825 
3295 -1.633235 
2842 -1.633304 
161 -1.634659 
4417 -1.635544 
2020 -1.635841 
1531 -1.636445 
2393 -1.637336 
3615 -1.638179 
4952 -1.638351 
4134 -1.638447 
2178 -1.639979 
369 -1.640247 
1884 -1.640498 
4276 -1.641125 
2554 -1.641273 
4485 -1.641964 
3006 -1.642498 
3130 -1.642986 
2174 -1.644080 
3069 -1.645428 
1488 -1.646231 
3905 -1.646738 
3175 -1.647323 
2509 -1.647737 
3797 -1.648009 
1114 -1.648064 
1375 -1.649220 
955 -1.649970 
2633 -1.650308 
2467 -1.651457 
1267 -1.651562 
4177 -1.651968 
2184 -1.653161 
2964 -1.653326 
601 -1.654835 
370 -1.654950 
4652 -1.655443 
3869 -1.656459 
1260 -1.656585 
2594 -1.657521 
3166 -1.657688 
882 -1.658958 
4650 -1.659092 
1487 -1.659474 
513 -1.659746 
3686 -1.659751 
3252 -1.660020 
575 -1.660290 
2756 -1.660463 
2397 -1.660728 
4137 -1.660772 
3980 -1.660970 
4255 -1.662668 
120 -1.663057 
2726 -1.664065 
3457 -1.664507 
2515 -1.665564 
1924 -1.665573 
3572 -1.665596 
2390 -1.666194 
3531 -1.668604 
1220 -1.668730 
1447 -1.669160 
1691 -1.670040 
1848 -1.670998 
3987 -1.672492 
1440 -1.672625 
954 -1.675205 
1764 -1.675777 
4571 -1.675902 
836 -1.678172 
4142 -1.678897 
1182 -1.680022 
1444 -1.680727 
3794 -1.681608 
4519 -1.682471 
2589 -1.683456 
4325 -1.683927 
2931 -1.684015 
703 -1.684721 
1928 -1.684894 
3951 -1.685756 
3095 -1.686657 
2729 -1.686972 
2508 -1.687290 
668 -1.688513 
1528 -1.688715 
212 -1.689296 
1149 -1.689562 
2768 -1.690747 
3685 -1.690909 
1805 -1.691198 
3828 -1.691513 
1534 -1.692418 
4212 -1.692907 
2835 -1.693520 
1310 -1.693692 
1965 -1.693843 
2475 -1.694976 
1047 -1.695003 
1930 -1.695243 
3738 -1.695624 
633 -1.695870 
779 -1.696351 
4248 -1.696500 
878 -1.697569 
846 -1.698534 
1535 -1.699258 
4324 -1.699904 
3164 -1.700441 
2503 -1.700998 
2588 -1.702822 
4422 -1.703077 
2059 -1.703140 
3864 -1.703476 
2505 -1.703931 
2138 -1.703963 
3127 -1.704468 
2181 -1.704641 
190 -1.704907 
2807 -1.705859 
4762 -1.706409 
1408 -1.706578 
1334 -1.707424 
3248 -1.708519 
2357 -1.710189 
1844 -1.710726 
2510 -1.710873 
2929 -1.712417 
1525 -1.712422 
463 -1.712495 
3331 -1.713598 
2395 -1.714391 
165 -1.715380 
1808 -1.715654 
3250 -1.716107 
2930 -1.717699 
3945 -1.718257 
2506 -1.718618 
3915 -1.719071 
3910 -1.719825 
3366 -1.719832 
2595 -1.720393 
2801 -1.720805 
2135 -1.721115 
3874 -1.721314 
2625 -1.721450 
1226 -1.721452 
4714 -1.722067 
4513 -1.723740 
313 -1.724556 
1407 -1.724632 
3575 -1.724884 
3165 -1.725215 
4681 -1.726575 
566 -1.727531 
1853 -1.729428 
2504 -1.730689 
1767 -1.732200 
2996 -1.733715 
1403 -1.733932 
1233 -1.734568 
1851 -1.735217 
2227 -1.735579 
983 -1.736437 
3424 -1.736510 
1449 -1.737405 
343 -1.739223 
3981 -1.739245 
4786 -1.741710 
312 -1.741860 
2460 -1.742012 
2212 -1.743381 
3458 -1.745231 
2294 -1.745803 
3131 -1.746753 
2386 -1.746995 
2466 -1.748233 
701 -1.748791 
3578 -1.749070 
3452 -1.749538 
2886 -1.749660 
1571 -1.750154 
4249 -1.751037 
243 -1.751225 
4710 -1.751418 
1039 -1.751734 
2099 -1.751949 
1225 -1.752159 
2296 -1.752833 
4381 -1.753146 
4068 -1.754038 
606 -1.754574 
3030 -1.754749 
2221 -1.757335 
3132 -1.757999 
4628 -1.759131 
3767 -1.759188 
2793 -1.759540 
3000 -1.760319 
2177 -1.762373 
431 -1.762743 
1630 -1.763832 
3539 -1.764218 
537 -1.765148 
2468 -1.765449 
2920 -1.765506 
287 -1.765596 
2919 -1.765947 
4539 -1.766381 
1489 -1.767066 
3495 -1.767211 
1441 -1.767224 
1573 -1.767384 
2176 -1.767469 
1855 -1.767845 
3682 -1.768114 
3212 -1.769511 
4141 -1.769571 
57 -1.769727 
1809 -1.770098 
1155 -1.770351 
4812 -1.771235 
76 -1.771794 
3209 -1.772118 
1069 -1.774251 
1961 -1.774395 
4685 -1.774757 
4656 -1.774936 
3692 -1.775236 
4715 -1.776619 
99 -1.776817 
1374 -1.777007 
1891 -1.777297 
3211 -1.777741 
3171 -1.778278 
456 -1.779555 
4653 -1.779703 
3759 -1.781485 
3027 -1.781596 
1257 -1.781936 
3529 -1.782224 
978 -1.782590 
4813 -1.782980 
774 -1.784239 
1402 -1.784544 
4491 -1.784682 
2836 -1.785633 
951 -1.785645 
2300 -1.785704 
4843 -1.786440 
4841 -1.786595 
2173 -1.786672 
4278 -1.788090 
3204 -1.788397 
918 -1.788787 
101 -1.789518 
2133 -1.789961 
1400 -1.790796 
538 -1.790933 
336 -1.791847 
2552 -1.791968 
4283 -1.792008 
2292 -1.793285 
3865 -1.793400 
267 -1.793471 
3492 -1.793797 
316 -1.793802 
3255 -1.794206 
2097 -1.794481 
4349 -1.794834 
2253 -1.794857 
4213 -1.796314 
1042 -1.796592 
810 -1.796674 
4070 -1.797340 
2550 -1.798015 
4594 -1.798049 
4011 -1.800415 
1490 -1.800561 
2965 -1.800797 
4178 -1.800879 
1731 -1.802120 
2840 -1.803090 
3247 -1.803264 
573 -1.804896 
2600 -1.804953 
3832 -1.804983 
2763 -1.805785 
4712 -1.806344 
342 -1.806783 
2516 -1.807171 
880 -1.807273 
4565 -1.807313 
4620 -1.807818 
2924 -1.808730 
3651 -1.808928 
1846 -1.809305 
3453 -1.809682 
4626 -1.809994 
1074 -1.810480 
4929 -1.810683 
841 -1.810791 
920 -1.810912 
4837 -1.811476 
4623 -1.811620 
2470 -1.811771 
1185 -1.812052 
1157 -1.812438 
4416 -1.813345 
3870 -1.814228 
1188 -1.815040 
2727 -1.816060 
2052 -1.816309 
4181 -1.816483 
1145 -1.816820 
2968 -1.816943 
2922 -1.819170 
2261 -1.819191 
241 -1.820097 
2297 -1.820359 
4867 -1.820550 
919 -1.820718 
574 -1.821594 
2217 -1.821989 
3570 -1.822059 
1927 -1.822856 
4690 -1.823493 
3162 -1.825222 
1190 -1.825767 
3713 -1.826115 
3420 -1.826134 
1184 -1.826420 
1806 -1.826538 
1366 -1.826761 
1485 -1.828515 
3459 -1.828545 
1730 -1.829348 
3334 -1.829641 
3534 -1.830604 
3829 -1.832270 
4217 -1.832332 
672 -1.832914 
2091 -1.833105 
921 -1.833309 
1189 -1.834031 
1401 -1.834675 
79 -1.834905 
4353 -1.834937 
1486 -1.835614 
2882 -1.836223 
750 -1.836365 
2056 -1.836394 
2883 -1.837464 
3740 -1.837956 
1810 -1.838940 
4354 -1.838982 
4352 -1.838995 
885 -1.839195 
374 -1.840280 
3297 -1.840431 
1522 -1.841033 
3941 -1.841514 
1341 -1.842661 
3909 -1.842717 
2028 -1.842754 
986 -1.842859 
2426 -1.843409 
808 -1.843465 
1729 -1.843610 
2434 -1.844210 
3613 -1.844543 
1890 -1.845124 
4785 -1.846518 
4516 -1.847954 
2027 -1.848152 
1373 -1.848372 
2394 -1.848883 
1807 -1.849009 
3099 -1.849784 
4449 -1.850154 
4100 -1.850623 
3214 -1.850752 
1889 -1.850796 
3714 -1.851315 
3798 -1.851369 
3259 -1.852651 
3134 -1.852979 
4910 -1.853660 
187 -1.853755 
2767 -1.854613 
3942 -1.854724 
842 -1.854738 
1337 -1.854753 
917 -1.854966 
2921 -1.854974 
3652 -1.855783 
186 -1.855784 
1886 -1.856017 
1150 -1.856587 
1815 -1.856726 
213 -1.857217 
2469 -1.858499 
1898 -1.858501 
4102 -1.858897 
3914 -1.859292 
2549 -1.859393 
242 -1.859563 
103 -1.859611 
2596 -1.859970 
458 -1.860168 
3614 -1.860495 
1113 -1.860771 
2098 -1.861788 
3450 -1.862721 
4687 -1.863270 
3210 -1.864985 
1845 -1.865862 
3608 -1.866233 
673 -1.866496 
3834 -1.867215 
264 -1.867567 
4281 -1.867639 
4842 -1.868004 
3332 -1.868130 
1112 -1.868262 
1800 -1.868714 
1146 -1.868727 
2764 -1.868994 
838 -1.869672 
4809 -1.870204 
3031 -1.871973 
4593 -1.873047 
1451 -1.873509 
4101 -1.875210 
536 -1.875295 
981 -1.875314 
3871 -1.875705 
2320 -1.878551 
403 -1.878973 
457 -1.879305 
1893 -1.879478 
4866 -1.880832 
4736 -1.880872 
1726 -1.880909 
2660 -1.880976 
1600 -1.882746 
4817 -1.882877 
4253 -1.883778 
1154 -1.885288 
433 -1.885853 
1494 -1.885913 
4458 -1.886509 
1962 -1.886676 
3763 -1.887328 
427 -1.887509 
2885 -1.887893 
1606 -1.888742 
1450 -1.888963 
775 -1.889045 
396 -1.889320 
4077 -1.891195 
4592 -1.891852 
2137 -1.891883 
4103 -1.892109 
4030 -1.892203 
1885 -1.892348 
1118 -1.892492 
912 -1.892650 
209 -1.893473 
2514 -1.893872 
2798 -1.894022 
365 -1.894730 
1291 -1.895069 
1695 -1.895669 
2838 -1.896022 
533 -1.896247 
4521 -1.896684 
1532 -1.897206 
837 -1.897281 
4302 -1.897433 
2845 -1.897874 
2388 -1.897889 
3365 -1.898601 
564 -1.899698 
881 -1.899700 
1338 -1.899941 
4179 -1.900056 
434 -1.900704 
435 -1.901035 
371 -1.901150 
4173 -1.902457 
1151 -1.902701 
265 -1.903108 
843 -1.905019 
4457 -1.905708 
3947 -1.905942 
3530 -1.906662 
4950 -1.906899 
1079 -1.907070 
4140 -1.907400 
1813 -1.907409 
3946 -1.907646 
1365 -1.907782 
2881 -1.907987 
4075 -1.909117 
4868 -1.909143 
980 -1.909461 
1221 -1.909887 
3579 -1.910151 
337 -1.910690 
3213 -1.911010 
2551 -1.911853 
2258 -1.912513 
123 -1.912735 
3953 -1.913494 
3908 -1.914287 
1227 -1.914382 
3691 -1.914856 
3986 -1.914952 
3368 -1.915530 
2182 -1.915839 
2129 -1.916046 
4657 -1.916182 
4069 -1.916594 
3333 -1.916725 
2062 -1.916887 
2630 -1.917163 
2326 -1.917187 
1566 -1.917575 
4514 -1.918079 
1926 -1.918305 
2299 -1.918537 
4621 -1.919166 
4660 -1.919312 
772 -1.919751 
2690 -1.920816 
3367 -1.921101 
3293 -1.921318 
1222 -1.921826 
2661 -1.921891 
697 -1.922324 
3294 -1.922482 
2757 -1.923444 
4389 -1.923585 
3388 -1.923709 
806 -1.923899 
4864 -1.924579 
2429 -1.925421 
1570 -1.925919 
2730 -1.926212 
3096 -1.926810 
4659 -1.926887 
459 -1.927183 
4624 -1.927270 
4790 -1.927718 
565 -1.928000 
2361 -1.928616 
2473 -1.928824 
4146 -1.929851 
1482 -1.930063 
1596 -1.930240 
461 -1.930469 
3123 -1.931330 
749 -1.931488 
3533 -1.931976 
4783 -1.932019 
4517 -1.932825 
3493 -1.933140 
3174 -1.934747 
2057 -1.934911 
2021 -1.935137 
3461 -1.937694 
724 -1.937972 
1336 -1.938087 
1481 -1.938115 
1292 -1.939465 
3219 -1.939546 
1723 -1.939554 
2961 -1.941455 
4245 -1.942390 
4863 -1.942451 
634 -1.942576 
1567 -1.943027 
2222 -1.943490 
4145 -1.944493 
4390 -1.944802 
460 -1.945349 
1265 -1.945853 
3328 -1.945854 
4627 -1.945974 
3423 -1.947211 
922 -1.948815 
542 -1.949433 
1720 -1.949824 
801 -1.949928 
3524 -1.950901 
3068 -1.950960 
3135 -1.951135 
4570 -1.951953 
215 -1.952009 
3760 -1.952200 
1045 -1.952241 
340 -1.952558 
3249 -1.953038 
4382 -1.953490 
268 -1.954202 
1854 -1.954530 
1117 -1.954601 
4684 -1.954678 
1493 -1.954733 
3659 -1.955006 
2218 -1.955020 
2023 -1.956303 
3762 -1.956535 
4355 -1.956622 
4450 -1.957549 
3799 -1.957905 
4990 -1.958535 
700 -1.959202 
3833 -1.959729 
4518 -1.961664 
368 -1.962105 
315 -1.962648 
4282 -1.963161 
1728 -1.963430 
2634 -1.963966 
2026 -1.964271 
809 -1.965259 
462 -1.965873 
4569 -1.965957 
643 -1.966059 
4012 -1.966358 
2631 -1.966666 
3616 -1.967322 
3427 -1.968051 
406 -1.968076 
2183 -1.968889 
481 -1.969205 
3650 -1.970521 
1106 -1.970734 
2134 -1.970887 
3525 -1.971069 
3029 -1.972576 
4073 -1.973196 
189 -1.973837 
3985 -1.974678 
2553 -1.974743 
4682 -1.974954 
666 -1.975000 
2847 -1.975535 
1266 -1.977958 
341 -1.978391 
1287 -1.978602 
1533 -1.979856 
314 -1.980438 
3389 -1.981631 
1963 -1.981869 
3005 -1.982356 
4047 -1.982490 
4787 -1.983094 
2884 -1.983125 
4222 -1.983972 
2136 -1.984756 
3327 -1.985131 
269 -1.985174 
1598 -1.985221 
982 -1.986194 
3258 -1.986257 
2670 -1.986349 
4110 -1.986583 
2960 -1.986951 
950 -1.986954 
1964 -1.988022 
3826 -1.988318 
1843 -1.988421 
1438 -1.988750 
185 -1.989809 
1081 -1.990344 
3133 -1.990541 
2802 -1.990583 
949 -1.990983 
1722 -1.991112 
4277 -1.991393 
4358 -1.991657 
162 -1.993835 
4622 -1.995993 
2846 -1.998503 
638 -1.998607 
338 -1.998705 
3653 -1.999018 
4930 -1.999189 
778 -2.000095 
3648 -2.000140 
3338 -2.000249 
3428 -2.002017 
3339 -2.002324 
3217 -2.002557 
3490 -2.003145 
2999 -2.004520 
2465 -2.004810 
572 -2.006359 
3330 -2.006716 
2557 -2.007458 
1194 -2.007582 
4046 -2.007864 
4885 -2.008076 
2089 -2.008904 
1288 -2.010442 
4010 -2.011106 
214 -2.011333 
1803 -2.012203 
4007 -2.012238 
2707 -2.013759 
432 -2.013875 
217 -2.014513 
3838 -2.016279 
4595 -2.016589 
4815 -2.016685 
4254 -2.016857 
3913 -2.017109 
2428 -2.017736 
4008 -2.017860 
2765 -2.018458 
2142 -2.019448 
1694 -2.019982 
2728 -2.020650 
4865 -2.020779 
1984 -2.020895 
2025 -2.021105 
2971 -2.021242 
3688 -2.021971 
4598 -2.023264 
3126 -2.023835 
1985 -2.024038 
3690 -2.024064 
4625 -2.025413 
811 -2.025457 
1929 -2.025834 
807 -2.026099 
4840 -2.026789 
2141 -2.026850 
924 -2.027313 
1410 -2.027927 
237 -2.029071 
773 -2.029387 
1665 -2.029995 
3329 -2.032731 
3526 -2.032844 
2890 -2.033046 
2599 -2.033866 
1934 -2.033950 
2545 -2.035645 
3538 -2.036292 
2558 -2.036457 
4713 -2.037258 
2053 -2.038775 
1605 -2.038808 
4490 -2.039281 
1070 -2.039532 
4104 -2.039578 
1801 -2.039586 
3290 -2.039810 
2799 -2.040160 
3977 -2.040701 
3658 -2.042264 
914 -2.042756 
2806 -2.046951 
2963 -2.047430 
240 -2.048341 
2969 -2.049283 
2213 -2.050499 
2088 -2.050877 
4784 -2.051039 
4048 -2.051586 
1925 -2.051654 
1046 -2.052958 
4327 -2.053377 
1411 -2.053497 
4489 -2.053690 
3617 -2.053859 
1044 -2.054967 
4009 -2.055453 
1923 -2.055823 
3766 -2.056554 
1758 -2.057127 
339 -2.057241 
4814 -2.058070 
511 -2.058128 
948 -2.058608 
2359 -2.058977 
641 -2.059701 
4568 -2.059770 
4174 -2.059959 
2463 -2.060798 
2259 -2.061836 
2391 -2.062050 
398 -2.062206 
3289 -2.062566 
2131 -2.062607 
121 -2.062982 
1693 -2.063367 
3422 -2.064153 
1289 -2.064184 
3205 -2.064298 
3978 -2.064792 
1933 -2.067367 
674 -2.067558 
2663 -2.067653 
3622 -2.067794 
4144 -2.067864 
1568 -2.068960 
2878 -2.069037 
3066 -2.069266 
4074 -2.069595 
2706 -2.070791 
2090 -2.071321 
3657 -2.073506 
2087 -2.073766 
886 -2.073899 
428 -2.075195 
4764 -2.077505 
430 -2.078005 
436 -2.079820 
675 -2.080178 
3689 -2.080771 
3218 -2.083668 
3836 -2.086825 
2962 -2.087466 
642 -2.088534 
3498 -2.088620 
2626 -2.088702 
3491 -2.089299 
2226 -2.089418 
2295 -2.089994 
3136 -2.090151 
2323 -2.091342 
569 -2.092508 
2597 -2.093400 
1043 -2.093845 
4908 -2.093958 
1040 -2.094212 
3291 -2.095314 
698 -2.096253 
4973 -2.096268 
3361 -2.096558 
1814 -2.096598 
2691 -2.096757 
539 -2.097135 
2096 -2.097262 
4789 -2.097553 
4105 -2.097621 
266 -2.098516 
3364 -2.098679 
1335 -2.098991 
2598 -2.099245 
637 -2.099929 
2837 -2.100490 
3866 -2.101245 
1223 -2.101735 
4619 -2.102087 
2932 -2.102749 
100 -2.104315 
3296 -2.104549 
1264 -2.104635 
2254 -2.105011 
2214 -2.105546 
1193 -2.105784 
2001 -2.106660 
3527 -2.106959 
3124 -2.107470 
913 -2.108092 
1527 -2.110670 
915 -2.111069 
122 -2.111693 
1721 -2.111768 
3425 -2.112026 
3943 -2.112646 
3912 -2.114284 
3302 -2.115654 
777 -2.115694 
78 -2.115719 
1187 -2.115792 
4386 -2.116378 
1599 -2.116519 
702 -2.116551 
2734 -2.117220 
1492 -2.117860 
2546 -2.118654 
2758 -2.118808 
210 -2.119732 
3761 -2.120833 
2462 -2.120906 
2322 -2.121449 
3580 -2.122211 
4252 -2.122786 
2055 -2.124681 
1897 -2.125083 
3125 -2.125412 
3207 -2.125657 
1290 -2.125896 
1692 -2.127147 
3097 -2.127306 
570 -2.127727 
4591 -2.127977 
4328 -2.128037 
4597 -2.128723 
2998 -2.130063 
3764 -2.130156 
2100 -2.130208 
4566 -2.130234 
3801 -2.132388 
4540 -2.133794 
2325 -2.134178 
4456 -2.134494 
2427 -2.134517 
2363 -2.135209 
4045 -2.135853 
4655 -2.136238 
1443 -2.136329 
3656 -2.136842 
1685 -2.136995 
4420 -2.137308 
2766 -2.137969 
2669 -2.138440 
2762 -2.139122 
1958 -2.139155 
184 -2.140348 
1370 -2.141594 
1409 -2.141917 
4492 -2.143695 
2224 -2.143856 
947 -2.144698 
3611 -2.144852 
2805 -2.145238 
1339 -2.145337 
4175 -2.145811 
373 -2.148449 
923 -2.151164 
3715 -2.151206 
4071 -2.152411 
1960 -2.154335 
4658 -2.155577 
3789 -2.157518 
1369 -2.157850 
4453 -2.157903 
3765 -2.158067 
1116 -2.158092 
4951 -2.158247 
4388 -2.158918 
2474 -2.159302 
3362 -2.160058 
3089 -2.160221 
77 -2.160830 
3984 -2.161109 
3837 -2.162743 
2362 -2.164883 
4180 -2.165913 
776 -2.165914 
399 -2.166373 
3649 -2.167236 
3337 -2.167317 
1076 -2.168628 
4383 -2.169307 
1152 -2.170334 
3098 -2.170469 
985 -2.170490 
2587 -2.171211 
2130 -2.171803 
1372 -2.172220 
3867 -2.172435 
4454 -2.176833 
4810 -2.177686 
4280 -2.177721 
429 -2.177878 
2265 -2.178281 
2422 -2.178463 
2472 -2.179438 
839 -2.179698 
3421 -2.179849 
3610 -2.180394 
1258 -2.184545 
183 -2.184676 
2260 -2.184690 
4246 -2.184861 
1957 -2.185177 
1802 -2.185417 
2225 -2.185516 
3872 -2.187451 
1932 -2.188056 
4357 -2.188924 
956 -2.189252 
1367 -2.189957 
366 -2.190251 
1887 -2.190611 
1763 -2.190920 
1192 -2.191823 
285 -2.195611 
2662 -2.196414 
4949 -2.196965 
3687 -2.198258 
1020 -2.200496 
2140 -2.200892 
2324 -2.202883 
1041 -2.203713 
4215 -2.205217 
2321 -2.205427 
604 -2.205645 
4419 -2.207431 
397 -2.209123 
3028 -2.210873 
3206 -2.211572 
3090 -2.211958 
884 -2.212886 
1892 -2.214797 
59 -2.214811 
541 -2.214941 
3163 -2.215292 
3948 -2.215531 
3256 -2.215884 
401 -2.221090 
2461 -2.221149 
2358 -2.223536 
2215 -2.224006 
3537 -2.225054 
1852 -2.226534 
1483 -2.226575 
4385 -2.226701 
2889 -2.227339 
3451 -2.228042 
1812 -2.229405 
1662 -2.230518 
1847 -2.231567 
2733 -2.232492 
640 -2.234152 
2298 -2.234657 
4520 -2.235083 
2970 -2.235262 
567 -2.235592 
2759 -2.236707 
2794 -2.236713 
482 -2.241265 
2392 -2.242754 
3455 -2.243299 
2997 -2.243564 
3172 -2.243702 
3426 -2.244318 
2877 -2.244405 
4972 -2.245245 
2000 -2.245886 
4451 -2.246122 
667 -2.250138 
3796 -2.250800 
2180 -2.251869 
1597 -2.252959 
510 -2.253356 
3576 -2.253966 
2804 -2.254483 
4109 -2.255169 
2061 -2.255417 
1075 -2.256034 
3907 -2.257429 
3251 -2.258216 
2512 -2.261299 
3094 -2.263035 
2632 -2.264249 
879 -2.265548 
4909 -2.265805 
1561 -2.268330 
3336 -2.271089 
3831 -2.273807 
4737 -2.274584 
2844 -2.275937 
2879 -2.277359 
1412 -2.282983 
2839 -2.284588 
635 -2.284902 
1601 -2.285744 
3460 -2.286588 
164 -2.289367 
2547 -2.289474 
1228 -2.290443 
3609 -2.292649 
4139 -2.293397 
3216 -2.295775 
1147 -2.296733 
4279 -2.297804 
3536 -2.298297 
1448 -2.300581 
4099 -2.304430 
3496 -2.307297 
671 -2.310658 
1663 -2.310732 
4221 -2.311549 
238 -2.312686 
244 -2.313336 
2556 -2.315053 
812 -2.315754 
263 -2.317675 
603 -2.317872 
4351 -2.317925 
4108 -2.318462 
1686 -2.320060 
4326 -2.321029 
1452 -2.321235 
3620 -2.322347 
3791 -2.322718 
952 -2.323758 
3827 -2.325433 
2731 -2.325554 
676 -2.328770 
2928 -2.328885 
344 -2.329477 
3001 -2.332571 
2507 -2.332920 
1768 -2.335258 
102 -2.335413 
2923 -2.338248 
4216 -2.338601 
3167 -2.340469 
1562 -2.342380 
3456 -2.343735 
2668 -2.343847 
4487 -2.345920 
2022 -2.346595 
4928 -2.351289 
4716 -2.351499 
2175 -2.353561 
4689 -2.357007 
3497 -2.362612 
4839 -2.362631 
534 -2.362824 
1572 -2.363999 
1439 -2.365096 
3301 -2.365820 
3487 -2.368118 
1719 -2.368153 
1111 -2.368220 
844 -2.368570 
4220 -2.377556 
4350 -2.380750 
1629 -2.381057 
1628 -2.382619 
4541 -2.383088 
3790 -2.386378 
2888 -2.387916 
3486 -2.396592 
803 -2.400882 
4250 -2.400971 
1664 -2.405104 
3091 -2.407385 
4076 -2.407515 
2433 -2.407713 
405 -2.413606 
3739 -2.414589 
1262 -2.415761 
3485 -2.416425 
4838 -2.419459 
483 -2.421483 
3067 -2.422689 
1690 -2.423779 
2591 -2.428211 
4211 -2.428432 
1563 -2.433215 
802 -2.438774 
58 -2.439735 
3571 -2.441163 
771 -2.441742 
3621 -2.442797 
3567 -2.443701 
1732 -2.444123 
1759 -2.445450 
3683 -2.450018 
1107 -2.451169 
2387 -2.453478 
3800 -2.453647 
4688 -2.455375 
188 -2.456289 
3300 -2.458978 
4247 -2.468796 
3982 -2.470552 
4596 -2.474998 
2396 -2.477684 
2423 -2.483636 
1259 -2.484700 
699 -2.486817 
1687 -2.492049 
1340 -2.493848 
3363 -2.494148 
3952 -2.496361 
239 -2.499911 
4135 -2.503620 
540 -2.504350 
4711 -2.512067 
1399 -2.518625 
4816 -2.519535 
286 -2.520806 
1080 -2.526397 
4483 -2.528597 
535 -2.548346 
3876 -2.553460 
3979 -2.555554 
4567 -2.556878 
2795 -2.571255 
979 -2.572015 
1183 -2.578012 
367 -2.578409 
4886 -2.578919 
3795 -2.580390 
2051 -2.584758 
3647 -2.585440 
211 -2.586587 
3903 -2.597101 
3004 -2.600379 
2291 -2.611337 
2432 -2.613062 
1959 -2.614819 
1627 -2.628923 
2264 -2.633264 
4683 -2.634202 
1536 -2.637822 
372 -2.648381 
4356 -2.657055 
1071 -2.657900 
1019 -2.664553 
1896 -2.664981 
4424 -2.669985 
2665 -2.672142 
4788 -2.677971 
1523 -2.678858 
748 -2.685278 
725 -2.688537 
2636 -2.690608 
4184 -2.695290 
4763 -2.699183 
984 -2.706626 
1232 -2.714480 
163 -2.715819 
1604 -2.722815 
216 -2.727915 
4811 -2.729363 
2060 -2.729397 
2255 -2.756082 
4651 -2.765457 
2732 -2.777802 
404 -2.792296 
1156 -2.801453 
608 -2.801635 
4515 -2.805485 
2627 -2.808689 
599 -2.844262 
875 -2.846328 
848 -2.880904 
4415 -2.902247 
704 -2.959507 
747 -3.156794 
512 -3.165677 
