5962 1
0 0.496740 
1 0.496740 
2 0.496740 
3 0.496740 
4 0.109893 
5 0.109893 
6 0.109893 
7 0.109893 
8 -0.238409 
9 -0.238409 
10 -0.238409 
11 -0.238409 
12 -0.204156 
13 -0.204156 
14 -0.204156 
15 -0.204156 
16 -0.204156 
17 -0.204156 
18 -0.149344 
19 -0.149344 
20 -0.149344 
21 -0.149344 
22 -0.149344 
23 -0.149344 
24 0.268667 
25 0.268667 
26 0.496740 
27 0.496740 
28 0.496740 
29 0.496740 
30 0.496740 
31 0.496740 
32 0.496740 
33 0.496740 
34 0.109893 
35 0.109893 
36 0.109893 
37 0.109893 
38 0.109893 
39 0.109893 
40 -0.238409 
41 -0.238409 
42 -0.238409 
43 -0.238409 
44 -0.204156 
45 -0.204156 
46 -0.204156 
47 -0.204156 
48 -0.204156 
49 -0.204156 
50 -0.204156 
51 -0.204156 
52 -0.204156 
53 -0.204156 
54 -0.204156 
55 -0.149344 
56 -0.204156 
57 -0.204156 
58 -0.149344 
59 -0.149344 
60 -0.149344 
61 -0.149344 
62 -0.149344 
63 0.496740 
64 0.496740 
65 0.496740 
66 0.496740 
67 0.496740 
68 0.496740 
69 0.496740 
70 0.496740 
71 0.496740 
72 0.496740 
73 0.496740 
74 0.109893 
75 0.109893 
76 0.109893 
77 0.109893 
78 0.109893 
79 0.109893 
80 -0.238409 
81 -0.204156 
82 -0.204156 
83 -0.204156 
84 -0.204156 
85 -0.204156 
86 -0.204156 
87 -0.204156 
88 -0.204156 
89 -0.204156 
90 -0.204156 
91 -0.204156 
92 -0.204156 
93 -0.204156 
94 -0.204156 
95 -0.149344 
96 -0.204156 
97 -0.204156 
98 -0.149344 
99 -0.149344 
100 -0.196617 
101 -0.196617 
102 0.496740 
103 0.496740 
104 0.496740 
105 0.496740 
106 0.496740 
107 0.496740 
108 0.496740 
109 0.496740 
110 0.496740 
111 0.496740 
112 0.109893 
113 0.109893 
114 0.109893 
115 0.109893 
116 0.109893 
117 0.109893 
118 -0.204156 
119 -0.204156 
120 -0.204156 
121 -0.204156 
122 -0.204156 
123 -0.204156 
124 -0.204156 
125 -0.204156 
126 -0.204156 
127 -0.204156 
128 -0.204156 
129 -0.204156 
130 -0.204156 
131 -0.204156 
132 -0.204156 
133 -0.204156 
134 -0.204156 
135 -0.204156 
136 -0.204156 
137 -0.196617 
138 -0.196617 
139 -0.196617 
140 0.496740 
141 0.496740 
142 0.496740 
143 0.496740 
144 0.496740 
145 0.496740 
146 0.496740 
147 0.496740 
148 0.496740 
149 0.496740 
150 0.496740 
151 0.109893 
152 0.109893 
153 0.109893 
154 0.109893 
155 0.109893 
156 0.109893 
157 0.260536 
158 -0.204156 
159 -0.204156 
160 -0.204156 
161 -0.204156 
162 -0.204156 
163 -0.204156 
164 -0.204156 
165 -0.204156 
166 -0.204156 
167 -0.204156 
168 -0.204156 
169 -0.204156 
170 -0.204156 
171 -0.204156 
172 -0.204156 
173 -0.204156 
174 -0.072814 
175 -0.072814 
176 0.268667 
177 0.268667 
178 0.268667 
179 0.268667 
180 0.496740 
181 0.496740 
182 0.496740 
183 0.496740 
184 0.496740 
185 0.496740 
186 -0.043994 
187 -0.043994 
188 -0.043994 
189 -0.043994 
190 -0.043994 
191 -0.043994 
192 -0.043994 
193 -0.043994 
194 -0.043994 
195 -0.043994 
196 -0.043994 
197 0.260536 
198 -0.043994 
199 -0.043994 
200 -0.204156 
201 -0.204156 
202 -0.204156 
203 -0.204156 
204 -0.204156 
205 -0.204156 
206 -0.204156 
207 -0.204156 
208 -0.204156 
209 -0.404518 
210 -0.404518 
211 -0.072814 
212 -0.072814 
213 0.268667 
214 0.268667 
215 0.268667 
216 0.268667 
217 0.268667 
218 0.268667 
219 0.268667 
220 0.268667 
221 0.268667 
222 0.496740 
223 -0.043994 
224 -0.043994 
225 -0.043994 
226 -0.043994 
227 -0.043994 
228 -0.043994 
229 -0.043994 
230 -0.043994 
231 -0.043994 
232 -0.043994 
233 -0.043994 
234 -0.043994 
235 -0.043994 
236 -0.043994 
237 -0.043994 
238 -0.204156 
239 -0.204156 
240 -0.204156 
241 -0.204156 
242 -0.204156 
243 -0.027019 
244 -0.204156 
245 -0.204156 
246 -0.404518 
247 -0.404518 
248 -0.072814 
249 -0.072814 
250 0.268667 
251 0.268667 
252 0.268667 
253 0.268667 
254 0.268667 
255 0.268667 
256 0.268667 
257 0.268667 
258 0.268667 
259 0.268667 
260 -0.043994 
261 -0.043994 
262 -0.043994 
263 -0.043994 
264 -0.043994 
265 -0.043994 
266 -0.043994 
267 -0.043994 
268 -0.043994 
269 -0.043994 
270 -0.043994 
271 -0.043994 
272 -0.043994 
273 -0.043994 
274 -0.043994 
275 -0.043994 
276 -0.043994 
277 -0.027019 
278 -0.043994 
279 -0.043994 
280 -0.027019 
281 -0.204156 
282 -0.204156 
283 -0.404518 
284 -0.404518 
285 0.397007 
286 0.397007 
287 0.397007 
288 0.397007 
289 0.397007 
290 0.268667 
291 0.268667 
292 0.268667 
293 0.268667 
294 0.268667 
295 0.268667 
296 0.268667 
297 0.268667 
298 0.268667 
299 -0.463335 
300 -0.463335 
301 -0.463335 
302 -0.043994 
303 -0.043994 
304 -0.043994 
305 -0.043994 
306 -0.043994 
307 -0.043994 
308 -0.043994 
309 -0.043994 
310 -0.043994 
311 -0.043994 
312 -0.043994 
313 -0.043994 
314 -0.043994 
315 -0.043994 
316 -0.043994 
317 -0.027019 
318 -0.043994 
319 -0.043994 
320 -0.404518 
321 -0.404518 
322 0.397007 
323 0.397007 
324 0.397007 
325 0.397007 
326 0.397007 
327 0.397007 
328 0.397007 
329 0.397007 
330 0.268667 
331 0.397007 
332 0.397007 
333 0.268667 
334 0.397007 
335 0.397007 
336 0.268667 
337 -0.463335 
338 -0.463335 
339 -0.463335 
340 0.323713 
341 0.323713 
342 -0.043994 
343 0.323713 
344 0.323713 
345 -0.043994 
346 0.323713 
347 0.323713 
348 -0.043994 
349 0.323713 
350 0.323713 
351 -0.043994 
352 0.323713 
353 0.323713 
354 -0.404518 
355 -0.043994 
356 -0.043994 
357 -0.404518 
358 -0.404518 
359 0.397007 
360 0.397007 
361 0.397007 
362 0.397007 
363 0.397007 
364 0.397007 
365 0.397007 
366 0.397007 
367 0.397007 
368 0.397007 
369 0.397007 
370 0.397007 
371 0.397007 
372 0.397007 
373 0.397007 
374 -0.463335 
375 -0.463335 
376 -0.463335 
377 0.323713 
378 0.323713 
379 0.323713 
380 0.323713 
381 0.323713 
382 0.323713 
383 0.323713 
384 0.323713 
385 0.323713 
386 0.323713 
387 0.323713 
388 0.323713 
389 0.323713 
390 0.323713 
391 0.323713 
392 0.323713 
393 0.323713 
394 -0.404518 
395 -0.404518 
396 0.397007 
397 0.397007 
398 0.397007 
399 0.397007 
400 0.397007 
401 0.397007 
402 0.397007 
403 0.397007 
404 0.397007 
405 0.397007 
406 0.397007 
407 0.397007 
408 0.397007 
409 0.397007 
410 -0.463335 
411 0.397007 
412 0.397007 
413 -0.463335 
414 -0.463335 
415 -0.463335 
416 -0.463335 
417 0.323713 
418 0.323713 
419 0.323713 
420 0.323713 
421 0.323713 
422 0.323713 
423 0.323713 
424 0.323713 
425 0.323713 
426 0.323713 
427 0.323713 
428 0.323713 
429 0.323713 
430 0.323713 
431 0.323713 
432 0.323713 
433 0.397007 
434 0.397007 
435 0.397007 
436 0.397007 
437 0.397007 
438 0.397007 
439 0.397007 
440 0.397007 
441 0.397007 
442 0.397007 
443 -0.463335 
444 -0.463335 
445 -0.463335 
446 -0.463335 
447 -0.463335 
448 -0.463335 
449 -0.394931 
450 -0.394931 
451 0.323713 
452 0.323713 
453 0.323713 
454 0.323713 
455 0.323713 
456 0.323713 
457 0.323713 
458 0.323713 
459 0.496740 
460 0.496740 
461 0.109893 
462 0.109893 
463 -0.238409 
464 -0.238409 
465 -0.204156 
466 -0.204156 
467 -0.204156 
468 -0.149344 
469 -0.149344 
470 -0.149344 
471 -0.476990 
472 0.496740 
473 0.496740 
474 0.496740 
475 0.109893 
476 0.109893 
477 -0.238409 
478 -0.204156 
479 -0.204156 
480 -0.204156 
481 -0.204156 
482 -0.204156 
483 -0.149344 
484 -0.149344 
485 0.496740 
486 0.496740 
487 0.496740 
488 0.496740 
489 0.109893 
490 0.109893 
491 -0.204156 
492 -0.204156 
493 -0.204156 
494 -0.204156 
495 -0.204156 
496 -0.204156 
497 -0.149344 
498 -0.196617 
499 0.496740 
500 0.496740 
501 0.496740 
502 0.109893 
503 0.109893 
504 -0.204156 
505 -0.204156 
506 -0.204156 
507 -0.204156 
508 -0.204156 
509 -0.204156 
510 -0.204156 
511 -0.196617 
512 0.268667 
513 0.496740 
514 0.496740 
515 0.496740 
516 0.109893 
517 0.109893 
518 -0.204156 
519 -0.204156 
520 -0.204156 
521 -0.204156 
522 -0.204156 
523 -0.204156 
524 -0.196617 
525 0.268667 
526 0.268667 
527 0.496740 
528 -0.043994 
529 -0.043994 
530 -0.043994 
531 -0.043994 
532 -0.043994 
533 -0.204156 
534 -0.204156 
535 -0.204156 
536 -0.322553 
537 -0.196617 
538 0.268667 
539 0.268667 
540 0.268667 
541 -0.043994 
542 -0.043994 
543 -0.043994 
544 -0.043994 
545 -0.043994 
546 -0.043994 
547 -0.043994 
548 -0.204156 
549 -0.322553 
550 0.397007 
551 0.268667 
552 0.268667 
553 0.268667 
554 -0.043994 
555 -0.043994 
556 -0.043994 
557 -0.043994 
558 -0.043994 
559 -0.043994 
560 -0.043994 
561 -0.027019 
562 -0.189656 
563 0.397007 
564 0.397007 
565 0.268667 
566 0.268667 
567 0.268667 
568 -0.463335 
569 -0.043994 
570 -0.043994 
571 -0.043994 
572 -0.043994 
573 -0.043994 
574 -0.043994 
575 -0.189656 
576 0.397007 
577 0.397007 
578 0.397007 
579 0.397007 
580 0.397007 
581 -0.463335 
582 0.323713 
583 0.323713 
584 0.323713 
585 0.323713 
586 -0.043994 
587 -0.043994 
588 -0.189656 
589 0.397007 
590 0.397007 
591 0.397007 
592 0.397007 
593 0.397007 
594 -0.463335 
595 0.323713 
596 0.323713 
597 0.323713 
598 0.323713 
599 0.323713 
600 -0.043994 
601 -0.189656 
602 0.397007 
603 0.397007 
604 0.397007 
605 0.397007 
606 0.397007 
607 0.397007 
608 -0.463335 
609 0.323713 
610 0.323713 
611 0.323713 
612 0.323713 
613 0.323713 
614 0.323713 
615 0.397007 
616 0.397007 
617 0.397007 
618 0.397007 
619 0.397007 
620 -0.463335 
621 -0.463335 
622 0.423847 
623 0.423847 
624 0.423847 
625 0.423847 
626 0.323713 
627 0.323713 
628 -0.126093 
629 0.001391 
630 -0.339227 
631 0.397007 
632 0.397007 
633 0.397007 
634 -0.238409 
635 -0.238409 
636 -0.149344 
637 -0.149344 
638 -0.149344 
639 -0.149344 
640 -0.149344 
641 -0.126093 
642 -0.339227 
643 -0.339227 
644 0.397007 
645 0.397007 
646 -0.238409 
647 -0.238409 
648 -0.149344 
649 -0.149344 
650 -0.149344 
651 -0.149344 
652 -0.149344 
653 -0.322553 
654 -0.126093 
655 -0.126093 
656 -0.339227 
657 0.387017 
658 0.397007 
659 0.397007 
660 -0.238409 
661 0.382780 
662 -0.149344 
663 -0.204156 
664 -0.149344 
665 -0.149344 
666 -0.322553 
667 -0.126093 
668 -0.322553 
669 -0.126093 
670 0.252098 
671 0.109893 
672 0.496740 
673 0.397007 
674 -0.062881 
675 -0.204156 
676 0.252098 
677 -0.149344 
678 -0.149344 
679 -0.149344 
680 -0.322553 
681 -0.322553 
682 0.252098 
683 0.252098 
684 0.496740 
685 0.496740 
686 -0.062881 
687 -0.062881 
688 0.252098 
689 0.252098 
690 0.252098 
691 -0.204156 
692 -0.204156 
693 -0.196617 
694 -0.196617 
695 0.488260 
696 0.416399 
697 -0.072814 
698 -0.363580 
699 0.109893 
700 -0.261560 
701 -0.043994 
702 0.252098 
703 -0.204156 
704 -0.204156 
705 -0.204156 
706 -0.196617 
707 -0.196617 
708 0.163493 
709 0.416399 
710 0.078739 
711 -0.363580 
712 0.488260 
713 -0.261560 
714 -0.196617 
715 -0.204156 
716 -0.204156 
717 -0.027019 
718 -0.322553 
719 0.397007 
720 -0.196617 
721 0.163493 
722 0.268667 
723 0.078739 
724 0.078739 
725 0.488260 
726 -0.196617 
727 -0.196617 
728 -0.196617 
729 0.203751 
730 -0.027019 
731 -0.027019 
732 -0.196617 
733 -0.196617 
734 -0.463335 
735 0.268667 
736 0.257986 
737 0.078739 
738 -0.126093 
739 0.323713 
740 0.323713 
741 0.323713 
742 0.203751 
743 -0.189656 
744 -0.189656 
745 0.397007 
746 0.397007 
747 -0.463335 
748 -0.395919 
749 0.257986 
750 -0.463335 
751 -0.126093 
752 -0.082881 
753 0.323713 
754 0.323713 
755 -0.189656 
756 -0.189656 
757 -0.189656 
758 0.397007 
759 0.397007 
760 -0.395919 
761 -0.395919 
762 -0.463335 
763 -0.463335 
764 -0.082881 
765 -0.082881 
766 -0.082881 
767 0.323713 
768 0.397007 
769 -0.189656 
770 -0.189656 
771 0.397007 
772 0.397007 
773 0.397007 
774 -0.395919 
775 -0.463335 
776 -0.463335 
777 -0.463335 
778 -0.082881 
779 0.423847 
780 0.423847 
781 -0.238405 
782 -0.238405 
783 -0.238405 
784 0.397007 
785 0.397007 
786 0.397007 
787 0.397007 
788 -0.463335 
789 -0.463335 
790 -0.463335 
791 0.423847 
792 0.423847 
793 0.423847 
794 0.423847 
795 -0.238405 
796 0.397007 
797 -0.363580 
798 0.001391 
799 0.001391 
800 0.397007 
801 0.397007 
802 0.397007 
803 -0.238409 
804 -0.043994 
805 0.203751 
806 -0.149344 
807 -0.149344 
808 -0.149344 
809 -0.149344 
810 -0.126093 
811 -0.126093 
812 -0.126093 
813 0.397007 
814 0.397007 
815 0.397007 
816 0.397007 
817 -0.149344 
818 -0.149344 
819 -0.149344 
820 -0.149344 
821 -0.322553 
822 -0.149344 
823 -0.126093 
824 -0.126093 
825 -0.339227 
826 0.387017 
827 0.397007 
828 0.397007 
829 -0.238409 
830 0.382780 
831 -0.204156 
832 -0.204156 
833 0.203751 
834 -0.149344 
835 -0.322553 
836 -0.126093 
837 0.488260 
838 -0.126093 
839 -0.229175 
840 0.109893 
841 0.397007 
842 0.397007 
843 -0.062881 
844 -0.204156 
845 0.252098 
846 -0.204156 
847 -0.204156 
848 -0.322553 
849 -0.322553 
850 -0.322553 
851 0.252098 
852 -0.126093 
853 0.203751 
854 0.496740 
855 0.397007 
856 0.397007 
857 0.397007 
858 -0.322553 
859 -0.322553 
860 -0.204156 
861 -0.149344 
862 0.163493 
863 -0.322553 
864 0.488260 
865 0.203751 
866 -0.072814 
867 -0.363580 
868 0.109893 
869 -0.261560 
870 -0.043994 
871 0.416399 
872 -0.204156 
873 -0.322553 
874 -0.027019 
875 0.163493 
876 -0.196617 
877 -0.322553 
878 0.416399 
879 0.078739 
880 0.203751 
881 -0.160125 
882 -0.395919 
883 -0.196617 
884 -0.472354 
885 -0.160125 
886 -0.027019 
887 -0.322553 
888 0.397007 
889 -0.196617 
890 0.163493 
891 0.286935 
892 0.286935 
893 0.078739 
894 0.488260 
895 0.201049 
896 -0.404518 
897 -0.238409 
898 0.203751 
899 -0.027019 
900 -0.189656 
901 0.216558 
902 0.397007 
903 -0.463335 
904 0.268667 
905 0.257986 
906 -0.126093 
907 -0.126093 
908 -0.126093 
909 0.323713 
910 -0.072814 
911 -0.072814 
912 -0.189656 
913 -0.189656 
914 -0.395919 
915 0.397007 
916 0.397007 
917 -0.339227 
918 -0.463335 
919 -0.463335 
920 -0.126093 
921 -0.082881 
922 0.323713 
923 0.257986 
924 0.372869 
925 -0.189656 
926 -0.189656 
927 -0.395919 
928 0.397007 
929 -0.395919 
930 -0.463335 
931 -0.463335 
932 0.472923 
933 -0.209891 
934 0.382780 
935 -0.238405 
936 0.387017 
937 0.397007 
938 -0.189656 
939 -0.189656 
940 0.397007 
941 0.397007 
942 0.397007 
943 0.397007 
944 -0.463335 
945 -0.463335 
946 -0.463335 
947 -0.238405 
948 0.423847 
949 0.423847 
950 -0.238405 
951 -0.238405 
952 -0.189656 
953 0.397007 
954 0.397007 
955 0.397007 
956 0.397007 
957 -0.463335 
958 -0.463335 
959 -0.463335 
960 0.423847 
961 0.423847 
962 0.423847 
963 0.423847 
964 0.397007 
965 0.397007 
966 -0.096071 
967 -0.363580 
968 0.387017 
969 -0.363580 
970 0.387017 
971 0.397007 
972 -0.196617 
973 0.397007 
974 -0.196617 
975 0.397007 
976 0.382780 
977 -0.238409 
978 0.109893 
979 -0.043994 
980 0.109893 
981 0.203751 
982 0.109893 
983 -0.149344 
984 0.203751 
985 -0.149344 
986 0.203751 
987 -0.149344 
988 -0.001548 
989 -0.149344 
990 -0.126093 
991 -0.126093 
992 -0.363580 
993 -0.363580 
994 -0.096071 
995 0.001391 
996 0.001391 
997 -0.096071 
998 0.001391 
999 0.001391 
1000 -0.363580 
1001 -0.160125 
1002 0.397007 
1003 -0.196617 
1004 -0.160125 
1005 -0.160125 
1006 -0.386997 
1007 -0.149344 
1008 0.397007 
1009 -0.386997 
1010 -0.043994 
1011 -0.238409 
1012 -0.149344 
1013 -0.043994 
1014 -0.043994 
1015 -0.229175 
1016 -0.149344 
1017 0.203751 
1018 -0.149344 
1019 -0.149344 
1020 -0.149344 
1021 -0.149344 
1022 -0.149344 
1023 -0.149344 
1024 -0.322553 
1025 -0.149344 
1026 -0.001548 
1027 -0.126093 
1028 -0.322553 
1029 -0.126093 
1030 -0.339227 
1031 -0.096071 
1032 -0.229175 
1033 -0.126093 
1034 -0.096071 
1035 -0.229175 
1036 -0.229175 
1037 -0.196617 
1038 0.109893 
1039 0.397007 
1040 0.397007 
1041 0.397007 
1042 0.397007 
1043 0.397007 
1044 0.397007 
1045 0.397007 
1046 0.397007 
1047 -0.149344 
1048 0.397007 
1049 0.397007 
1050 -0.149344 
1051 -0.149344 
1052 -0.204156 
1053 -0.149344 
1054 -0.149344 
1055 -0.204156 
1056 -0.149344 
1057 -0.149344 
1058 -0.204156 
1059 -0.322553 
1060 -0.149344 
1061 -0.149344 
1062 -0.322553 
1063 -0.322553 
1064 -0.126093 
1065 -0.322553 
1066 -0.126093 
1067 0.252098 
1068 -0.459597 
1069 0.252098 
1070 0.252098 
1071 -0.096071 
1072 -0.339227 
1073 -0.339227 
1074 -0.096071 
1075 -0.229175 
1076 -0.229175 
1077 -0.196617 
1078 0.496740 
1079 0.397007 
1080 0.397007 
1081 -0.062881 
1082 -0.062881 
1083 0.397007 
1084 0.397007 
1085 0.397007 
1086 0.397007 
1087 -0.149344 
1088 -0.149344 
1089 -0.204156 
1090 -0.149344 
1091 -0.204156 
1092 -0.204156 
1093 -0.204156 
1094 -0.149344 
1095 -0.322553 
1096 -0.149344 
1097 -0.149344 
1098 -0.149344 
1099 -0.322553 
1100 -0.322553 
1101 -0.322553 
1102 -0.322553 
1103 0.252098 
1104 0.252098 
1105 -0.459597 
1106 0.488260 
1107 0.488260 
1108 -0.322553 
1109 -0.072814 
1110 -0.072814 
1111 0.488260 
1112 -0.072814 
1113 -0.072814 
1114 0.109893 
1115 0.109893 
1116 0.109893 
1117 0.496740 
1118 -0.261560 
1119 -0.261560 
1120 0.372869 
1121 -0.261560 
1122 -0.261560 
1123 0.001391 
1124 -0.043994 
1125 -0.043994 
1126 0.397007 
1127 -0.204156 
1128 -0.204156 
1129 -0.322553 
1130 -0.322553 
1131 -0.322553 
1132 -0.204156 
1133 -0.358640 
1134 -0.358640 
1135 -0.358640 
1136 -0.322553 
1137 -0.358640 
1138 0.163493 
1139 -0.322553 
1140 -0.322553 
1141 -0.196617 
1142 -0.322553 
1143 0.252098 
1144 -0.322553 
1145 -0.322553 
1146 -0.072814 
1147 -0.072814 
1148 0.488260 
1149 -0.072814 
1150 -0.072814 
1151 0.488260 
1152 -0.072814 
1153 -0.072814 
1154 0.109893 
1155 -0.261560 
1156 -0.261560 
1157 0.001391 
1158 -0.261560 
1159 -0.261560 
1160 0.001391 
1161 -0.261560 
1162 -0.261560 
1163 0.001391 
1164 -0.043994 
1165 -0.027019 
1166 -0.189656 
1167 -0.027019 
1168 -0.322553 
1169 -0.322553 
1170 -0.027019 
1171 -0.027019 
1172 -0.358640 
1173 -0.322553 
1174 -0.134066 
1175 0.163493 
1176 -0.322553 
1177 0.163493 
1178 0.163493 
1179 -0.322553 
1180 0.163493 
1181 0.163493 
1182 -0.322553 
1183 0.078739 
1184 0.078739 
1185 -0.322553 
1186 -0.072814 
1187 -0.072814 
1188 0.257986 
1189 -0.072814 
1190 -0.072814 
1191 -0.419204 
1192 -0.395919 
1193 -0.395919 
1194 -0.404518 
1195 -0.261560 
1196 -0.261560 
1197 -0.404518 
1198 -0.261560 
1199 -0.261560 
1200 0.372869 
1201 -0.027019 
1202 -0.027019 
1203 0.001391 
1204 -0.027019 
1205 -0.027019 
1206 -0.134066 
1207 -0.322553 
1208 -0.027019 
1209 -0.027019 
1210 -0.322553 
1211 -0.134066 
1212 0.397007 
1213 0.397007 
1214 0.163493 
1215 0.163493 
1216 -0.209891 
1217 0.163493 
1218 -0.196617 
1219 -0.322553 
1220 0.163493 
1221 0.163493 
1222 0.286935 
1223 0.257986 
1224 0.257986 
1225 0.286935 
1226 0.078739 
1227 0.078739 
1228 0.382780 
1229 0.201049 
1230 0.201049 
1231 -0.404518 
1232 -0.395919 
1233 -0.395919 
1234 -0.419204 
1235 -0.395919 
1236 -0.395919 
1237 -0.404518 
1238 -0.196617 
1239 -0.196617 
1240 0.001391 
1241 -0.027019 
1242 -0.027019 
1243 -0.189656 
1244 -0.189656 
1245 -0.027019 
1246 -0.027019 
1247 -0.189656 
1248 -0.189656 
1249 0.216558 
1250 0.397007 
1251 0.397007 
1252 0.216558 
1253 -0.209891 
1254 0.163493 
1255 0.397007 
1256 -0.463335 
1257 0.163493 
1258 0.163493 
1259 -0.463335 
1260 0.257986 
1261 0.257986 
1262 0.257986 
1263 0.257986 
1264 0.257986 
1265 0.382780 
1266 -0.082881 
1267 -0.082881 
1268 0.257986 
1269 0.323713 
1270 0.323713 
1271 -0.404518 
1272 0.323713 
1273 0.323713 
1274 -0.404518 
1275 0.323713 
1276 0.323713 
1277 -0.027019 
1278 -0.189656 
1279 0.203751 
1280 -0.189656 
1281 -0.189656 
1282 -0.027019 
1283 -0.189656 
1284 -0.189656 
1285 -0.189656 
1286 0.397007 
1287 0.397007 
1288 0.216558 
1289 0.216558 
1290 0.397007 
1291 -0.395919 
1292 -0.395919 
1293 0.397007 
1294 -0.463335 
1295 -0.463335 
1296 -0.463335 
1297 0.257986 
1298 0.257986 
1299 -0.463335 
1300 0.257986 
1301 0.257986 
1302 -0.463335 
1303 -0.082881 
1304 -0.082881 
1305 0.382780 
1306 -0.082881 
1307 -0.082881 
1308 0.382780 
1309 0.323713 
1310 0.323713 
1311 -0.027019 
1312 0.323713 
1313 0.323713 
1314 -0.027019 
1315 -0.189656 
1316 -0.072814 
1317 -0.027019 
1318 -0.189656 
1319 -0.072814 
1320 -0.189656 
1321 -0.189656 
1322 -0.189656 
1323 0.397007 
1324 0.397007 
1325 -0.395919 
1326 -0.395919 
1327 0.397007 
1328 0.397007 
1329 0.397007 
1330 0.397007 
1331 -0.395919 
1332 -0.395919 
1333 0.397007 
1334 -0.339227 
1335 -0.463335 
1336 -0.463335 
1337 -0.463335 
1338 -0.463335 
1339 -0.463335 
1340 0.472923 
1341 -0.463335 
1342 -0.463335 
1343 -0.082881 
1344 -0.238405 
1345 -0.463335 
1346 -0.082881 
1347 0.423847 
1348 -0.463335 
1349 0.323713 
1350 0.423847 
1351 -0.027019 
1352 -0.134066 
1353 -0.238405 
1354 -0.027019 
1355 -0.189656 
1356 0.397007 
1357 -0.134066 
1358 -0.189656 
1359 -0.189656 
1360 0.397007 
1361 0.472923 
1362 0.397007 
1363 0.397007 
1364 0.472923 
1365 -0.395919 
1366 0.397007 
1367 0.397007 
1368 -0.395919 
1369 -0.395919 
1370 0.397007 
1371 -0.463335 
1372 -0.463335 
1373 -0.160125 
1374 -0.463335 
1375 -0.463335 
1376 0.496740 
1377 0.472923 
1378 -0.463335 
1379 0.496740 
1380 0.382780 
1381 0.423847 
1382 0.488260 
1383 0.382780 
1384 0.423847 
1385 0.488260 
1386 -0.238405 
1387 0.423847 
1388 0.423847 
1389 0.397007 
1390 0.397007 
1391 -0.134066 
1392 0.397007 
1393 0.397007 
1394 -0.134066 
1395 -0.189656 
1396 -0.189656 
1397 0.397007 
1398 0.397007 
1399 0.472923 
1400 0.397007 
1401 0.472923 
1402 0.397007 
1403 0.397007 
1404 0.397007 
1405 0.397007 
1406 -0.463335 
1407 -0.463335 
1408 -0.463335 
1409 -0.463335 
1410 0.423847 
1411 -0.463335 
1412 0.423847 
1413 0.423847 
1414 0.423847 
1415 -0.463335 
1416 0.423847 
1417 0.423847 
1418 0.397007 
1419 0.423847 
1420 0.397007 
1421 0.001391 
1422 0.387017 
1423 0.387017 
1424 0.387017 
1425 0.001391 
1426 -0.196617 
1427 -0.160125 
1428 -0.196617 
1429 -0.160125 
1430 0.382780 
1431 0.382780 
1432 0.109893 
1433 0.382780 
1434 0.109893 
1435 -0.043994 
1436 0.109893 
1437 -0.043994 
1438 0.203751 
1439 0.203751 
1440 0.203751 
1441 0.203751 
1442 -0.001548 
1443 -0.149344 
1444 0.358422 
1445 -0.126093 
1446 -0.126093 
1447 -0.096071 
1448 -0.096071 
1449 -0.096071 
1450 -0.096071 
1451 0.387017 
1452 -0.363580 
1453 -0.096071 
1454 0.001391 
1455 0.001391 
1456 -0.279267 
1457 -0.196617 
1458 0.001391 
1459 -0.279267 
1460 -0.196617 
1461 0.260536 
1462 0.480342 
1463 0.382780 
1464 0.260536 
1465 0.109893 
1466 0.109893 
1467 -0.043994 
1468 -0.363580 
1469 0.109893 
1470 -0.043994 
1471 -0.363580 
1472 0.109893 
1473 -0.043994 
1474 -0.322553 
1475 0.203751 
1476 -0.149344 
1477 -0.001548 
1478 -0.001548 
1479 -0.322553 
1480 -0.001548 
1481 -0.149344 
1482 -0.322553 
1483 -0.126093 
1484 -0.126093 
1485 -0.459597 
1486 -0.126093 
1487 0.387017 
1488 -0.096071 
1489 -0.339227 
1490 -0.196617 
1491 -0.196617 
1492 0.387017 
1493 -0.196617 
1494 -0.196617 
1495 0.397007 
1496 0.397007 
1497 0.397007 
1498 0.397007 
1499 0.397007 
1500 -0.386997 
1501 -0.238409 
1502 0.109893 
1503 0.109893 
1504 0.382780 
1505 0.358422 
1506 0.358422 
1507 -0.204156 
1508 0.358422 
1509 -0.229175 
1510 -0.204156 
1511 0.203751 
1512 -0.204156 
1513 0.203751 
1514 0.203751 
1515 -0.322553 
1516 -0.322553 
1517 -0.322553 
1518 0.358422 
1519 -0.322553 
1520 -0.126093 
1521 -0.322553 
1522 -0.096071 
1523 -0.459597 
1524 0.358422 
1525 -0.126093 
1526 -0.126093 
1527 0.387017 
1528 0.387017 
1529 -0.229175 
1530 0.323713 
1531 -0.419204 
1532 0.109893 
1533 0.397007 
1534 0.472923 
1535 0.397007 
1536 0.372869 
1537 0.397007 
1538 0.397007 
1539 0.397007 
1540 0.397007 
1541 -0.062881 
1542 0.358422 
1543 0.358422 
1544 -0.204156 
1545 -0.189656 
1546 -0.204156 
1547 0.252098 
1548 0.358422 
1549 0.358422 
1550 -0.204156 
1551 -0.358640 
1552 -0.358640 
1553 -0.149344 
1554 0.203751 
1555 0.358422 
1556 -0.322553 
1557 0.323713 
1558 -0.322553 
1559 -0.322553 
1560 0.252098 
1561 -0.322553 
1562 -0.459597 
1563 0.252098 
1564 -0.049180 
1565 -0.062881 
1566 -0.126093 
1567 -0.363580 
1568 -0.363580 
1569 0.203751 
1570 -0.363580 
1571 -0.363580 
1572 0.496740 
1573 0.001391 
1574 0.001391 
1575 0.397007 
1576 0.001391 
1577 0.001391 
1578 0.397007 
1579 -0.189656 
1580 -0.189656 
1581 0.397007 
1582 0.358422 
1583 0.358422 
1584 -0.322553 
1585 0.358422 
1586 0.323713 
1587 -0.322553 
1588 -0.358640 
1589 -0.358640 
1590 -0.322553 
1591 -0.358640 
1592 -0.386997 
1593 -0.322553 
1594 0.323713 
1595 -0.322553 
1596 -0.322553 
1597 -0.322553 
1598 -0.322553 
1599 -0.322553 
1600 0.488260 
1601 -0.386997 
1602 0.488260 
1603 0.203751 
1604 -0.363580 
1605 -0.363580 
1606 -0.072814 
1607 0.496740 
1608 0.496740 
1609 -0.363580 
1610 -0.363580 
1611 -0.363580 
1612 0.109893 
1613 0.372869 
1614 0.372869 
1615 -0.261560 
1616 -0.160125 
1617 -0.160125 
1618 -0.043994 
1619 -0.189656 
1620 -0.189656 
1621 0.416399 
1622 -0.189656 
1623 -0.189656 
1624 -0.204156 
1625 -0.134066 
1626 -0.358640 
1627 -0.322553 
1628 -0.134066 
1629 -0.386997 
1630 -0.322553 
1631 -0.476990 
1632 -0.322553 
1633 -0.322553 
1634 -0.196617 
1635 -0.322553 
1636 0.286935 
1637 -0.322553 
1638 0.286935 
1639 0.286935 
1640 0.416399 
1641 0.286935 
1642 0.286935 
1643 0.078739 
1644 -0.363580 
1645 -0.363580 
1646 0.203751 
1647 -0.363580 
1648 -0.404518 
1649 -0.160125 
1650 -0.140632 
1651 -0.404518 
1652 -0.395919 
1653 0.001391 
1654 -0.404518 
1655 -0.196617 
1656 0.001391 
1657 0.001391 
1658 -0.472354 
1659 -0.196617 
1660 -0.196617 
1661 -0.160125 
1662 -0.134066 
1663 -0.134066 
1664 -0.027019 
1665 -0.134066 
1666 0.257986 
1667 0.397007 
1668 0.216558 
1669 -0.209891 
1670 -0.209891 
1671 0.163493 
1672 0.286935 
1673 0.286935 
1674 0.163493 
1675 0.298373 
1676 -0.160125 
1677 0.286935 
1678 0.286935 
1679 0.286935 
1680 0.286935 
1681 0.286935 
1682 0.286935 
1683 0.078739 
1684 -0.419204 
1685 -0.419204 
1686 0.488260 
1687 -0.404518 
1688 -0.404518 
1689 0.201049 
1690 -0.140632 
1691 -0.404518 
1692 -0.404518 
1693 -0.404518 
1694 -0.404518 
1695 -0.238409 
1696 -0.189656 
1697 0.268667 
1698 0.203751 
1699 -0.189656 
1700 -0.160125 
1701 -0.027019 
1702 -0.189656 
1703 0.257986 
1704 0.397007 
1705 0.216558 
1706 0.397007 
1707 -0.209891 
1708 0.216558 
1709 -0.209891 
1710 0.268667 
1711 -0.463335 
1712 0.286935 
1713 0.286935 
1714 0.268667 
1715 0.286935 
1716 0.286935 
1717 0.257986 
1718 0.286935 
1719 0.286935 
1720 -0.126093 
1721 0.382780 
1722 0.382780 
1723 -0.126093 
1724 -0.140632 
1725 -0.140632 
1726 -0.126093 
1727 -0.140632 
1728 -0.140632 
1729 0.323713 
1730 -0.404518 
1731 -0.404518 
1732 -0.072814 
1733 -0.189656 
1734 -0.189656 
1735 -0.072814 
1736 -0.189656 
1737 -0.189656 
1738 -0.189656 
1739 -0.189656 
1740 0.257986 
1741 0.472923 
1742 0.397007 
1743 0.397007 
1744 0.397007 
1745 0.216558 
1746 0.397007 
1747 0.397007 
1748 0.397007 
1749 -0.463335 
1750 -0.463335 
1751 -0.339227 
1752 0.268667 
1753 0.268667 
1754 -0.463335 
1755 0.382780 
1756 0.382780 
1757 -0.463335 
1758 -0.463335 
1759 -0.463335 
1760 -0.126093 
1761 -0.027019 
1762 -0.027019 
1763 -0.082881 
1764 -0.027019 
1765 -0.027019 
1766 0.323713 
1767 -0.027019 
1768 -0.134066 
1769 0.257986 
1770 -0.027019 
1771 -0.027019 
1772 0.372869 
1773 -0.189656 
1774 -0.134066 
1775 -0.476990 
1776 -0.189656 
1777 -0.189656 
1778 0.397007 
1779 0.397007 
1780 0.472923 
1781 0.397007 
1782 0.397007 
1783 0.397007 
1784 0.397007 
1785 -0.395919 
1786 0.397007 
1787 -0.160125 
1788 -0.463335 
1789 -0.463335 
1790 -0.463335 
1791 -0.463335 
1792 -0.463335 
1793 0.496740 
1794 0.472923 
1795 -0.463335 
1796 -0.463335 
1797 -0.209891 
1798 0.423847 
1799 0.488260 
1800 0.382780 
1801 -0.027019 
1802 -0.027019 
1803 -0.238405 
1804 -0.027019 
1805 -0.027019 
1806 0.387017 
1807 -0.134066 
1808 -0.134066 
1809 0.397007 
1810 -0.189656 
1811 -0.134066 
1812 -0.134066 
1813 -0.189656 
1814 0.358422 
1815 0.472923 
1816 0.416399 
1817 0.472923 
1818 0.472923 
1819 0.472923 
1820 0.472923 
1821 0.472923 
1822 0.397007 
1823 0.472923 
1824 0.397007 
1825 0.397007 
1826 0.216558 
1827 0.216558 
1828 -0.463335 
1829 0.216558 
1830 -0.463335 
1831 0.496740 
1832 0.496740 
1833 -0.463335 
1834 -0.160125 
1835 -0.238409 
1836 -0.463335 
1837 0.382780 
1838 -0.463335 
1839 0.423847 
1840 -0.238405 
1841 -0.134066 
1842 -0.463335 
1843 0.387017 
1844 -0.134066 
1845 0.423847 
1846 -0.134066 
1847 -0.134066 
1848 -0.134066 
1849 -0.134066 
1850 -0.189656 
1851 0.358422 
1852 0.397007 
1853 0.472923 
1854 0.416399 
1855 0.472923 
1856 0.397007 
1857 0.397007 
1858 -0.463335 
1859 0.397007 
1860 -0.463335 
1861 -0.463335 
1862 -0.463335 
1863 -0.463335 
1864 -0.209891 
1865 -0.463335 
1866 -0.209891 
1867 0.423847 
1868 -0.209891 
1869 -0.463335 
1870 -0.209891 
1871 0.423847 
1872 -0.209891 
1873 0.423847 
1874 -0.209891 
1875 0.078739 
1876 0.163493 
1877 0.387017 
1878 0.387017 
1879 0.001391 
1880 0.387017 
1881 -0.160125 
1882 -0.058402 
1883 -0.160125 
1884 -0.279267 
1885 0.382780 
1886 -0.459597 
1887 0.382780 
1888 0.109893 
1889 -0.043994 
1890 0.358422 
1891 -0.043994 
1892 0.358422 
1893 0.203751 
1894 0.358422 
1895 0.203751 
1896 0.358422 
1897 -0.386997 
1898 0.358422 
1899 0.358422 
1900 -0.126093 
1901 -0.126093 
1902 0.001391 
1903 0.001391 
1904 0.163493 
1905 0.001391 
1906 0.387017 
1907 0.163493 
1908 -0.062881 
1909 0.001391 
1910 0.472923 
1911 -0.062881 
1912 -0.160125 
1913 -0.279267 
1914 -0.279267 
1915 0.382780 
1916 0.387017 
1917 0.382780 
1918 0.382780 
1919 -0.279267 
1920 -0.043994 
1921 0.382780 
1922 -0.459597 
1923 -0.043994 
1924 -0.043994 
1925 0.109893 
1926 -0.043994 
1927 -0.043994 
1928 -0.363580 
1929 -0.386997 
1930 0.203751 
1931 -0.001548 
1932 -0.386997 
1933 -0.386997 
1934 -0.001548 
1935 -0.386997 
1936 0.358422 
1937 0.252098 
1938 -0.126093 
1939 -0.126093 
1940 -0.126093 
1941 0.163493 
1942 -0.126093 
1943 -0.126093 
1944 0.387017 
1945 0.472923 
1946 0.387017 
1947 0.387017 
1948 0.387017 
1949 0.490387 
1950 -0.472354 
1951 -0.148639 
1952 -0.148639 
1953 0.358422 
1954 -0.148639 
1955 0.260536 
1956 0.480342 
1957 0.382780 
1958 -0.160125 
1959 0.109893 
1960 0.387017 
1961 0.387017 
1962 0.109893 
1963 0.387017 
1964 0.387017 
1965 -0.363580 
1966 0.358422 
1967 0.423847 
1968 0.203751 
1969 -0.001548 
1970 0.358422 
1971 0.358422 
1972 0.358422 
1973 -0.001548 
1974 -0.126093 
1975 -0.322553 
1976 0.252098 
1977 -0.126093 
1978 -0.459597 
1979 -0.126093 
1980 -0.126093 
1981 -0.126093 
1982 -0.126093 
1983 -0.126093 
1984 0.358422 
1985 -0.339227 
1986 -0.386997 
1987 0.252098 
1988 -0.148639 
1989 -0.148639 
1990 -0.160125 
1991 -0.238409 
1992 -0.403656 
1993 -0.358640 
1994 -0.148639 
1995 0.472923 
1996 -0.472354 
1997 0.387017 
1998 -0.279267 
1999 0.257986 
2000 -0.043994 
2001 0.078739 
2002 0.358422 
2003 -0.386997 
2004 -0.386997 
2005 0.358422 
2006 0.358422 
2007 -0.322553 
2008 -0.358640 
2009 0.358422 
2010 -0.001548 
2011 -0.322553 
2012 -0.322553 
2013 -0.126093 
2014 0.252098 
2015 -0.459597 
2016 -0.126093 
2017 -0.126093 
2018 0.323713 
2019 -0.126093 
2020 -0.126093 
2021 0.298373 
2022 -0.204156 
2023 -0.204156 
2024 -0.238409 
2025 -0.358640 
2026 -0.358640 
2027 -0.472354 
2028 -0.148639 
2029 -0.363580 
2030 0.372869 
2031 -0.148639 
2032 0.203751 
2033 -0.160125 
2034 -0.204156 
2035 -0.148639 
2036 -0.058402 
2037 -0.386997 
2038 -0.386997 
2039 -0.189656 
2040 0.387017 
2041 0.387017 
2042 -0.229175 
2043 -0.386997 
2044 -0.358640 
2045 -0.358640 
2046 -0.386997 
2047 0.358422 
2048 0.323713 
2049 -0.322553 
2050 -0.322553 
2051 0.323713 
2052 -0.322553 
2053 -0.126093 
2054 -0.322553 
2055 -0.322553 
2056 -0.204156 
2057 -0.204156 
2058 -0.403656 
2059 0.423847 
2060 0.203751 
2061 0.423847 
2062 -0.160125 
2063 -0.160125 
2064 -0.363580 
2065 0.203751 
2066 0.203751 
2067 0.203751 
2068 -0.358640 
2069 -0.358640 
2070 -0.459597 
2071 -0.358640 
2072 -0.358640 
2073 -0.229175 
2074 -0.472354 
2075 -0.472354 
2076 -0.196617 
2077 -0.386997 
2078 -0.386997 
2079 -0.463335 
2080 -0.386997 
2081 -0.322553 
2082 -0.358640 
2083 -0.386997 
2084 -0.463335 
2085 -0.476990 
2086 -0.322553 
2087 0.163493 
2088 0.163493 
2089 -0.322553 
2090 0.286935 
2091 0.286935 
2092 -0.459597 
2093 0.423847 
2094 -0.229175 
2095 -0.082881 
2096 -0.419204 
2097 -0.358640 
2098 -0.082881 
2099 0.480342 
2100 0.480342 
2101 -0.419204 
2102 -0.238409 
2103 -0.238409 
2104 -0.043994 
2105 -0.358640 
2106 -0.358640 
2107 0.001391 
2108 -0.472354 
2109 -0.472354 
2110 -0.459597 
2111 -0.358640 
2112 -0.358640 
2113 -0.196617 
2114 -0.472354 
2115 -0.472354 
2116 -0.160125 
2117 0.257986 
2118 0.163493 
2119 -0.134066 
2120 0.257986 
2121 -0.463335 
2122 0.216558 
2123 -0.476990 
2124 -0.476990 
2125 0.163493 
2126 -0.209891 
2127 0.286935 
2128 0.286935 
2129 0.286935 
2130 0.286935 
2131 0.286935 
2132 0.286935 
2133 -0.140632 
2134 0.260536 
2135 0.050222 
2136 -0.126093 
2137 -0.126093 
2138 -0.419204 
2139 -0.126093 
2140 -0.126093 
2141 -0.386997 
2142 -0.404518 
2143 -0.160125 
2144 -0.140632 
2145 -0.358640 
2146 -0.358640 
2147 -0.404518 
2148 -0.358640 
2149 -0.358640 
2150 -0.472354 
2151 -0.472354 
2152 -0.062881 
2153 -0.463335 
2154 0.257986 
2155 0.203751 
2156 0.268667 
2157 0.257986 
2158 0.257986 
2159 0.216558 
2160 -0.196617 
2161 0.216558 
2162 0.216558 
2163 -0.209891 
2164 0.286935 
2165 0.286935 
2166 -0.476990 
2167 0.286935 
2168 0.286935 
2169 0.078739 
2170 0.472923 
2171 -0.072814 
2172 0.001391 
2173 -0.126093 
2174 -0.126093 
2175 0.382780 
2176 -0.126093 
2177 -0.126093 
2178 0.323713 
2179 -0.126093 
2180 -0.126093 
2181 -0.404518 
2182 0.257986 
2183 0.257986 
2184 -0.404518 
2185 0.257986 
2186 0.257986 
2187 0.397007 
2188 -0.189656 
2189 -0.238409 
2190 -0.189656 
2191 0.257986 
2192 0.203751 
2193 -0.189656 
2194 0.257986 
2195 -0.463335 
2196 0.397007 
2197 -0.196617 
2198 0.216558 
2199 0.216558 
2200 -0.238405 
2201 -0.476990 
2202 -0.476990 
2203 -0.043994 
2204 -0.463335 
2205 -0.043994 
2206 0.050222 
2207 -0.463335 
2208 0.286935 
2209 -0.419204 
2210 0.488260 
2211 0.488260 
2212 0.078739 
2213 -0.126093 
2214 -0.126093 
2215 -0.472354 
2216 -0.126093 
2217 -0.126093 
2218 -0.159972 
2219 0.257986 
2220 0.257986 
2221 -0.027019 
2222 -0.027019 
2223 0.358422 
2224 -0.027019 
2225 -0.476990 
2226 0.257986 
2227 -0.027019 
2228 -0.189656 
2229 -0.027019 
2230 -0.189656 
2231 -0.189656 
2232 -0.394931 
2233 0.397007 
2234 -0.238405 
2235 0.397007 
2236 -0.395919 
2237 -0.238405 
2238 -0.196617 
2239 -0.196617 
2240 -0.238405 
2241 -0.463335 
2242 -0.463335 
2243 0.203751 
2244 -0.463335 
2245 -0.463335 
2246 -0.463335 
2247 0.488260 
2248 -0.160125 
2249 -0.358640 
2250 -0.209891 
2251 -0.209891 
2252 -0.238409 
2253 -0.082881 
2254 -0.209891 
2255 -0.463335 
2256 0.298373 
2257 -0.209891 
2258 -0.027019 
2259 0.257986 
2260 0.257986 
2261 0.001391 
2262 0.257986 
2263 -0.027019 
2264 -0.027019 
2265 0.358422 
2266 -0.027019 
2267 -0.134066 
2268 0.358422 
2269 -0.394931 
2270 0.416399 
2271 -0.238405 
2272 0.416399 
2273 0.416399 
2274 0.472923 
2275 -0.395919 
2276 0.397007 
2277 -0.238405 
2278 -0.395919 
2279 -0.463335 
2280 0.216558 
2281 -0.394931 
2282 0.216558 
2283 0.216558 
2284 -0.463335 
2285 -0.463335 
2286 0.216558 
2287 0.472923 
2288 -0.209891 
2289 0.496740 
2290 -0.209891 
2291 -0.209891 
2292 -0.419204 
2293 -0.209891 
2294 -0.209891 
2295 0.488260 
2296 0.078739 
2297 -0.209891 
2298 0.001391 
2299 0.078739 
2300 -0.209891 
2301 -0.134066 
2302 0.078739 
2303 0.078739 
2304 -0.134066 
2305 0.358422 
2306 -0.394931 
2307 0.397007 
2308 0.416399 
2309 -0.238405 
2310 0.397007 
2311 0.472923 
2312 -0.463335 
2313 0.397007 
2314 -0.463335 
2315 0.397007 
2316 -0.463335 
2317 0.216558 
2318 -0.209891 
2319 0.423847 
2320 -0.209891 
2321 -0.463335 
2322 -0.209891 
2323 -0.209891 
2324 -0.209891 
2325 -0.209891 
2326 -0.209891 
2327 -0.394931 
2328 -0.209891 
2329 -0.394931 
2330 -0.472354 
2331 -0.403656 
2332 0.416399 
2333 -0.043994 
2334 0.416399 
2335 0.001391 
2336 -0.058402 
2337 -0.160125 
2338 0.387017 
2339 -0.160125 
2340 -0.459597 
2341 0.382780 
2342 0.109893 
2343 0.382780 
2344 0.358422 
2345 0.382780 
2346 0.358422 
2347 0.382780 
2348 0.358422 
2349 -0.386997 
2350 0.358422 
2351 -0.386997 
2352 0.358422 
2353 -0.386997 
2354 0.358422 
2355 -0.126093 
2356 -0.126093 
2357 0.163493 
2358 0.163493 
2359 0.163493 
2360 0.163493 
2361 0.416399 
2362 0.001391 
2363 -0.058402 
2364 0.472923 
2365 0.001391 
2366 -0.279267 
2367 -0.279267 
2368 -0.062881 
2369 -0.279267 
2370 -0.279267 
2371 -0.279267 
2372 -0.279267 
2373 -0.459597 
2374 0.382780 
2375 -0.459597 
2376 0.109893 
2377 -0.043994 
2378 -0.363580 
2379 0.358422 
2380 -0.043994 
2381 -0.363580 
2382 0.358422 
2383 -0.043994 
2384 -0.001548 
2385 0.358422 
2386 -0.386997 
2387 0.358422 
2388 -0.001548 
2389 -0.386997 
2390 0.358422 
2391 -0.386997 
2392 -0.126093 
2393 0.416399 
2394 -0.126093 
2395 0.163493 
2396 -0.403656 
2397 0.163493 
2398 0.416399 
2399 -0.126093 
2400 0.472923 
2401 0.001391 
2402 0.416399 
2403 -0.363580 
2404 -0.459597 
2405 -0.062881 
2406 -0.358640 
2407 -0.358640 
2408 0.480342 
2409 0.358422 
2410 0.358422 
2411 0.382780 
2412 0.358422 
2413 0.358422 
2414 0.323713 
2415 0.358422 
2416 0.358422 
2417 -0.126093 
2418 0.358422 
2419 0.358422 
2420 0.387017 
2421 0.358422 
2422 0.358422 
2423 0.358422 
2424 -0.001548 
2425 -0.001548 
2426 -0.386997 
2427 -0.001548 
2428 0.480342 
2429 -0.062881 
2430 0.416399 
2431 0.163493 
2432 0.163493 
2433 -0.126093 
2434 0.001391 
2435 -0.126093 
2436 -0.126093 
2437 -0.363580 
2438 -0.363580 
2439 -0.386997 
2440 -0.403656 
2441 -0.363580 
2442 0.216558 
2443 -0.363580 
2444 0.488260 
2445 -0.463335 
2446 0.358422 
2447 0.358422 
2448 -0.148639 
2449 -0.358640 
2450 -0.358640 
2451 0.257986 
2452 0.358422 
2453 0.358422 
2454 -0.043994 
2455 -0.196617 
2456 -0.196617 
2457 0.387017 
2458 0.358422 
2459 0.358422 
2460 -0.386997 
2461 -0.148639 
2462 -0.148639 
2463 0.358422 
2464 -0.001548 
2465 0.480342 
2466 0.050222 
2467 0.416399 
2468 -0.062881 
2469 -0.322553 
2470 0.323713 
2471 -0.472354 
2472 -0.229175 
2473 -0.043994 
2474 -0.472354 
2475 -0.472354 
2476 -0.204156 
2477 -0.229175 
2478 -0.459597 
2479 -0.001548 
2480 -0.363580 
2481 0.488260 
2482 0.472923 
2483 -0.358640 
2484 -0.229175 
2485 -0.358640 
2486 0.358422 
2487 0.358422 
2488 0.078739 
2489 0.358422 
2490 0.358422 
2491 -0.339227 
2492 0.358422 
2493 -0.196617 
2494 0.358422 
2495 -0.196617 
2496 0.472923 
2497 -0.386997 
2498 0.358422 
2499 -0.148639 
2500 -0.472354 
2501 0.358422 
2502 -0.386997 
2503 -0.322553 
2504 -0.204156 
2505 0.050222 
2506 -0.322553 
2507 -0.204156 
2508 -0.472354 
2509 -0.027019 
2510 -0.204156 
2511 0.286935 
2512 -0.459597 
2513 0.323713 
2514 -0.472354 
2515 -0.472354 
2516 0.216558 
2517 -0.261560 
2518 -0.261560 
2519 -0.049180 
2520 -0.363580 
2521 -0.363580 
2522 -0.229175 
2523 0.203751 
2524 0.416399 
2525 0.203751 
2526 0.416399 
2527 0.416399 
2528 -0.209891 
2529 -0.196617 
2530 -0.196617 
2531 0.416399 
2532 -0.196617 
2533 -0.196617 
2534 -0.419204 
2535 -0.463335 
2536 -0.472354 
2537 -0.472354 
2538 -0.463335 
2539 -0.472354 
2540 -0.322553 
2541 0.358422 
2542 -0.322553 
2543 0.050222 
2544 0.050222 
2545 0.286935 
2546 0.286935 
2547 0.050222 
2548 0.286935 
2549 0.286935 
2550 -0.049180 
2551 -0.196617 
2552 0.203751 
2553 0.480342 
2554 -0.419204 
2555 -0.419204 
2556 0.201049 
2557 -0.363580 
2558 -0.363580 
2559 -0.160125 
2560 -0.404518 
2561 -0.404518 
2562 0.472923 
2563 -0.404518 
2564 -0.404518 
2565 -0.358640 
2566 -0.463335 
2567 -0.463335 
2568 -0.472354 
2569 -0.463335 
2570 -0.463335 
2571 0.163493 
2572 -0.463335 
2573 -0.404518 
2574 -0.472354 
2575 -0.463335 
2576 -0.058402 
2577 -0.476990 
2578 -0.476990 
2579 0.358422 
2580 -0.463335 
2581 0.216558 
2582 0.286935 
2583 -0.363580 
2584 -0.476990 
2585 0.286935 
2586 0.286935 
2587 0.416399 
2588 0.286935 
2589 0.286935 
2590 -0.358640 
2591 0.382780 
2592 0.382780 
2593 -0.001548 
2594 -0.419204 
2595 -0.419204 
2596 -0.238409 
2597 -0.404518 
2598 -0.404518 
2599 0.268667 
2600 -0.358640 
2601 -0.358640 
2602 -0.082881 
2603 -0.404518 
2604 -0.043994 
2605 -0.238409 
2606 -0.463335 
2607 -0.463335 
2608 0.480342 
2609 0.257986 
2610 -0.160125 
2611 -0.058402 
2612 0.257986 
2613 0.257986 
2614 -0.196617 
2615 -0.196617 
2616 -0.476990 
2617 -0.238405 
2618 0.216558 
2619 -0.463335 
2620 0.286935 
2621 -0.476990 
2622 0.286935 
2623 0.286935 
2624 -0.062881 
2625 0.286935 
2626 0.286935 
2627 -0.386997 
2628 0.382780 
2629 0.382780 
2630 -0.148639 
2631 0.382780 
2632 0.382780 
2633 -0.126093 
2634 -0.027019 
2635 -0.027019 
2636 -0.459597 
2637 -0.404518 
2638 -0.404518 
2639 -0.159972 
2640 -0.072814 
2641 0.286935 
2642 -0.043994 
2643 -0.358640 
2644 -0.358640 
2645 -0.476990 
2646 -0.463335 
2647 -0.001548 
2648 -0.476990 
2649 -0.463335 
2650 0.257986 
2651 -0.196617 
2652 0.416399 
2653 -0.196617 
2654 -0.238405 
2655 0.216558 
2656 0.416399 
2657 -0.476990 
2658 -0.196617 
2659 0.423847 
2660 0.203751 
2661 -0.339227 
2662 -0.386997 
2663 -0.049180 
2664 0.252098 
2665 0.382780 
2666 0.382780 
2667 -0.386997 
2668 -0.463335 
2669 -0.463335 
2670 0.260536 
2671 -0.027019 
2672 -0.027019 
2673 0.387017 
2674 -0.027019 
2675 -0.027019 
2676 0.298373 
2677 -0.027019 
2678 -0.027019 
2679 0.257986 
2680 -0.394931 
2681 -0.339227 
2682 0.372869 
2683 -0.394931 
2684 -0.001548 
2685 0.372869 
2686 -0.394931 
2687 -0.394931 
2688 -0.238405 
2689 0.416399 
2690 -0.238405 
2691 -0.238405 
2692 0.416399 
2693 -0.196617 
2694 -0.238405 
2695 -0.196617 
2696 0.382780 
2697 0.203751 
2698 0.387017 
2699 0.203751 
2700 0.423847 
2701 0.387017 
2702 0.078739 
2703 0.078739 
2704 0.286935 
2705 -0.463335 
2706 -0.419204 
2707 0.488260 
2708 0.423847 
2709 0.423847 
2710 -0.209891 
2711 -0.027019 
2712 -0.027019 
2713 -0.140632 
2714 -0.027019 
2715 0.490387 
2716 0.358422 
2717 -0.394931 
2718 -0.394931 
2719 0.201049 
2720 -0.394931 
2721 -0.472354 
2722 -0.027019 
2723 -0.394931 
2724 0.323713 
2725 -0.238405 
2726 0.416399 
2727 -0.238405 
2728 -0.238405 
2729 0.416399 
2730 -0.238405 
2731 -0.238405 
2732 -0.134066 
2733 0.216558 
2734 -0.238405 
2735 -0.394931 
2736 0.216558 
2737 0.216558 
2738 -0.134066 
2739 0.216558 
2740 0.216558 
2741 -0.394931 
2742 -0.279267 
2743 0.423847 
2744 -0.082881 
2745 0.423847 
2746 -0.463335 
2747 -0.209891 
2748 -0.459597 
2749 -0.209891 
2750 -0.403656 
2751 -0.049180 
2752 -0.209891 
2753 0.078739 
2754 -0.472354 
2755 -0.394931 
2756 0.078739 
2757 -0.472354 
2758 -0.472354 
2759 0.078739 
2760 -0.394931 
2761 0.323713 
2762 0.397007 
2763 -0.238405 
2764 0.416399 
2765 -0.238405 
2766 -0.238405 
2767 -0.238405 
2768 -0.238405 
2769 0.216558 
2770 -0.394931 
2771 0.216558 
2772 -0.463335 
2773 0.423847 
2774 -0.463335 
2775 -0.463335 
2776 -0.209891 
2777 -0.209891 
2778 -0.209891 
2779 -0.209891 
2780 -0.209891 
2781 -0.394931 
2782 0.078739 
2783 -0.394931 
2784 0.078739 
2785 0.078739 
2786 0.163493 
2787 -0.043994 
2788 -0.058402 
2789 -0.058402 
2790 -0.058402 
2791 0.480342 
2792 -0.058402 
2793 0.480342 
2794 -0.279267 
2795 0.382780 
2796 -0.459597 
2797 0.382780 
2798 0.109893 
2799 0.382780 
2800 0.358422 
2801 0.382780 
2802 0.358422 
2803 -0.386997 
2804 0.358422 
2805 -0.386997 
2806 0.358422 
2807 -0.386997 
2808 0.358422 
2809 0.358422 
2810 -0.126093 
2811 -0.126093 
2812 -0.403656 
2813 -0.403656 
2814 0.163493 
2815 0.001391 
2816 -0.043994 
2817 0.163493 
2818 -0.062881 
2819 -0.058402 
2820 -0.058402 
2821 -0.062881 
2822 0.480342 
2823 -0.279267 
2824 -0.395919 
2825 0.480342 
2826 0.387017 
2827 -0.395919 
2828 0.382780 
2829 -0.279267 
2830 0.382780 
2831 0.382780 
2832 -0.459597 
2833 -0.126093 
2834 0.382780 
2835 0.109893 
2836 -0.386997 
2837 -0.386997 
2838 0.358422 
2839 -0.386997 
2840 -0.386997 
2841 -0.001548 
2842 -0.386997 
2843 -0.386997 
2844 -0.001548 
2845 -0.386997 
2846 0.358422 
2847 0.416399 
2848 -0.126093 
2849 -0.126093 
2850 0.260536 
2851 0.163493 
2852 -0.403656 
2853 -0.403656 
2854 0.001391 
2855 0.416399 
2856 -0.196617 
2857 0.416399 
2858 0.480342 
2859 -0.358640 
2860 -0.363580 
2861 0.382780 
2862 -0.238409 
2863 0.480342 
2864 0.480342 
2865 0.480342 
2866 0.480342 
2867 0.382780 
2868 0.382780 
2869 0.358422 
2870 0.387017 
2871 -0.229175 
2872 -0.072814 
2873 0.387017 
2874 0.387017 
2875 0.358422 
2876 0.358422 
2877 0.358422 
2878 0.203751 
2879 0.480342 
2880 0.358422 
2881 -0.001548 
2882 0.480342 
2883 -0.001548 
2884 0.416399 
2885 -0.062881 
2886 0.416399 
2887 0.260536 
2888 -0.126093 
2889 -0.126093 
2890 -0.126093 
2891 -0.148639 
2892 -0.204156 
2893 -0.204156 
2894 -0.403656 
2895 -0.403656 
2896 -0.363580 
2897 -0.322553 
2898 0.480342 
2899 0.480342 
2900 0.260536 
2901 0.480342 
2902 0.480342 
2903 -0.403656 
2904 -0.148639 
2905 -0.148639 
2906 0.358422 
2907 0.387017 
2908 0.387017 
2909 -0.072814 
2910 -0.386997 
2911 -0.386997 
2912 0.001391 
2913 -0.386997 
2914 -0.386997 
2915 -0.148639 
2916 -0.148639 
2917 -0.148639 
2918 -0.148639 
2919 0.480342 
2920 -0.001548 
2921 0.416399 
2922 -0.062881 
2923 -0.279267 
2924 -0.279267 
2925 -0.062881 
2926 -0.148639 
2927 -0.126093 
2928 -0.148639 
2929 -0.204156 
2930 -0.148639 
2931 -0.043994 
2932 -0.204156 
2933 -0.204156 
2934 -0.261560 
2935 0.078739 
2936 0.323713 
2937 -0.419204 
2938 0.201049 
2939 -0.363580 
2940 -0.209891 
2941 -0.140632 
2942 -0.140632 
2943 -0.459597 
2944 0.416399 
2945 0.416399 
2946 -0.159972 
2947 0.416399 
2948 -0.204156 
2949 -0.196617 
2950 0.387017 
2951 0.387017 
2952 -0.386997 
2953 -0.386997 
2954 -0.204156 
2955 -0.404518 
2956 -0.386997 
2957 0.480342 
2958 -0.204156 
2959 -0.322553 
2960 0.416399 
2961 -0.279267 
2962 -0.062881 
2963 -0.148639 
2964 -0.148639 
2965 -0.472354 
2966 -0.204156 
2967 -0.204156 
2968 -0.472354 
2969 -0.204156 
2970 -0.204156 
2971 0.078739 
2972 0.201049 
2973 0.201049 
2974 -0.403656 
2975 -0.140632 
2976 -0.160125 
2977 0.260536 
2978 -0.358640 
2979 -0.358640 
2980 0.488260 
2981 -0.358640 
2982 -0.358640 
2983 0.488260 
2984 -0.472354 
2985 -0.472354 
2986 -0.072814 
2987 0.416399 
2988 -0.403656 
2989 -0.459597 
2990 -0.204156 
2991 -0.472354 
2992 -0.472354 
2993 -0.472354 
2994 0.480342 
2995 0.358422 
2996 -0.322553 
2997 -0.204156 
2998 0.050222 
2999 -0.363580 
3000 0.416399 
3001 0.387017 
3002 -0.027019 
3003 -0.358640 
3004 -0.358640 
3005 -0.027019 
3006 -0.358640 
3007 -0.358640 
3008 0.488260 
3009 0.480342 
3010 0.480342 
3011 -0.072814 
3012 -0.196617 
3013 0.001391 
3014 -0.363580 
3015 -0.358640 
3016 -0.358640 
3017 0.252098 
3018 -0.148639 
3019 -0.472354 
3020 0.416399 
3021 -0.358640 
3022 -0.358640 
3023 -0.204156 
3024 -0.472354 
3025 -0.472354 
3026 -0.358640 
3027 -0.058402 
3028 -0.472354 
3029 -0.404518 
3030 -0.058402 
3031 -0.404518 
3032 0.358422 
3033 -0.476990 
3034 0.358422 
3035 0.358422 
3036 -0.261560 
3037 -0.476990 
3038 -0.476990 
3039 0.480342 
3040 -0.358640 
3041 -0.358640 
3042 0.480342 
3043 -0.459597 
3044 -0.419204 
3045 0.203751 
3046 -0.126093 
3047 0.387017 
3048 -0.395919 
3049 -0.126093 
3050 -0.126093 
3051 -0.140632 
3052 -0.160125 
3053 -0.160125 
3054 -0.403656 
3055 -0.358640 
3056 -0.358640 
3057 0.472923 
3058 -0.358640 
3059 -0.358640 
3060 0.490387 
3061 -0.472354 
3062 -0.472354 
3063 -0.463335 
3064 0.257986 
3065 0.163493 
3066 -0.001548 
3067 0.257986 
3068 0.257986 
3069 -0.196617 
3070 -0.196617 
3071 0.358422 
3072 -0.476990 
3073 -0.261560 
3074 -0.358640 
3075 -0.358640 
3076 -0.476990 
3077 0.001391 
3078 0.416399 
3079 -0.386997 
3080 0.358422 
3081 -0.148639 
3082 -0.313485 
3083 -0.126093 
3084 -0.126093 
3085 -0.363580 
3086 -0.386997 
3087 -0.027019 
3088 -0.419204 
3089 0.078739 
3090 0.323713 
3091 0.163493 
3092 0.257986 
3093 0.257986 
3094 -0.204156 
3095 0.257986 
3096 0.257986 
3097 -0.358640 
3098 0.257986 
3099 0.472923 
3100 -0.358640 
3101 0.257986 
3102 -0.001548 
3103 -0.001548 
3104 0.257986 
3105 -0.001548 
3106 0.416399 
3107 -0.196617 
3108 -0.196617 
3109 -0.148639 
3110 0.416399 
3111 -0.476990 
3112 -0.126093 
3113 -0.363580 
3114 -0.476990 
3115 -0.159972 
3116 0.488260 
3117 -0.229175 
3118 -0.358640 
3119 0.472923 
3120 0.257986 
3121 -0.027019 
3122 -0.419204 
3123 -0.126093 
3124 -0.126093 
3125 -0.148639 
3126 -0.126093 
3127 -0.126093 
3128 0.050222 
3129 0.216558 
3130 0.201049 
3131 -0.196617 
3132 0.201049 
3133 0.201049 
3134 0.488260 
3135 -0.394931 
3136 -0.394931 
3137 0.372869 
3138 -0.394931 
3139 -0.476990 
3140 -0.001548 
3141 -0.394931 
3142 -0.001548 
3143 0.416399 
3144 0.416399 
3145 0.416399 
3146 -0.148639 
3147 -0.238405 
3148 -0.196617 
3149 -0.196617 
3150 -0.363580 
3151 -0.358640 
3152 -0.358640 
3153 0.203751 
3154 -0.358640 
3155 -0.238409 
3156 -0.339227 
3157 -0.082881 
3158 -0.027019 
3159 0.203751 
3160 -0.209891 
3161 -0.209891 
3162 -0.279267 
3163 -0.209891 
3164 -0.209891 
3165 0.423847 
3166 0.201049 
3167 -0.403656 
3168 0.201049 
3169 0.201049 
3170 0.201049 
3171 0.201049 
3172 0.201049 
3173 -0.394931 
3174 -0.472354 
3175 0.323713 
3176 0.372869 
3177 -0.394931 
3178 0.323713 
3179 -0.394931 
3180 0.416399 
3181 0.416399 
3182 0.416399 
3183 0.416399 
3184 0.416399 
3185 -0.148639 
3186 -0.238405 
3187 0.416399 
3188 0.387017 
3189 -0.238405 
3190 0.216558 
3191 0.387017 
3192 -0.394931 
3193 0.216558 
3194 -0.394931 
3195 -0.463335 
3196 0.216558 
3197 0.286935 
3198 0.286935 
3199 -0.279267 
3200 -0.403656 
3201 -0.209891 
3202 0.423847 
3203 -0.403656 
3204 -0.209891 
3205 0.423847 
3206 0.201049 
3207 0.201049 
3208 -0.403656 
3209 0.201049 
3210 0.078739 
3211 -0.394931 
3212 0.078739 
3213 0.078739 
3214 -0.229175 
3215 0.323713 
3216 -0.394931 
3217 0.397007 
3218 0.416399 
3219 0.416399 
3220 -0.238405 
3221 -0.363580 
3222 -0.134066 
3223 -0.363580 
3224 -0.134066 
3225 -0.363580 
3226 -0.463335 
3227 -0.279267 
3228 -0.463335 
3229 -0.279267 
3230 -0.209891 
3231 0.423847 
3232 -0.209891 
3233 -0.459597 
3234 -0.209891 
3235 -0.459597 
3236 0.078739 
3237 -0.049180 
3238 0.078739 
3239 -0.049180 
3240 -0.229175 
3241 -0.403656 
3242 -0.058402 
3243 -0.043994 
3244 -0.058402 
3245 -0.058402 
3246 -0.058402 
3247 -0.058402 
3248 0.387017 
3249 -0.058402 
3250 0.480342 
3251 0.382780 
3252 -0.395919 
3253 0.382780 
3254 0.382780 
3255 0.382780 
3256 0.358422 
3257 0.382780 
3258 0.358422 
3259 -0.386997 
3260 0.358422 
3261 -0.386997 
3262 -0.001548 
3263 -0.386997 
3264 0.358422 
3265 0.001391 
3266 -0.126093 
3267 0.001391 
3268 0.001391 
3269 -0.403656 
3270 0.001391 
3271 -0.058402 
3272 -0.058402 
3273 -0.058402 
3274 -0.058402 
3275 0.050222 
3276 -0.279267 
3277 -0.279267 
3278 0.050222 
3279 0.480342 
3280 -0.058402 
3281 0.382780 
3282 -0.395919 
3283 -0.395919 
3284 -0.395919 
3285 0.382780 
3286 0.109893 
3287 0.382780 
3288 0.358422 
3289 0.203751 
3290 -0.339227 
3291 0.358422 
3292 0.203751 
3293 -0.386997 
3294 0.358422 
3295 -0.386997 
3296 -0.386997 
3297 -0.001548 
3298 -0.001548 
3299 -0.386997 
3300 -0.001548 
3301 -0.386997 
3302 -0.126093 
3303 0.416399 
3304 0.260536 
3305 0.260536 
3306 -0.403656 
3307 0.416399 
3308 -0.463335 
3309 -0.386997 
3310 -0.058402 
3311 -0.196617 
3312 -0.058402 
3313 -0.058402 
3314 -0.058402 
3315 0.480342 
3316 -0.395919 
3317 -0.160125 
3318 0.480342 
3319 0.480342 
3320 0.480342 
3321 -0.395919 
3322 0.358422 
3323 -0.027019 
3324 0.480342 
3325 0.358422 
3326 -0.472354 
3327 0.382780 
3328 0.358422 
3329 0.257986 
3330 -0.363580 
3331 0.358422 
3332 0.203751 
3333 0.078739 
3334 -0.001548 
3335 0.480342 
3336 -0.386997 
3337 0.480342 
3338 0.480342 
3339 -0.062881 
3340 0.416399 
3341 0.260536 
3342 0.416399 
3343 0.260536 
3344 -0.148639 
3345 -0.204156 
3346 0.260536 
3347 -0.148639 
3348 -0.148639 
3349 -0.386997 
3350 0.416399 
3351 0.480342 
3352 -0.140632 
3353 -0.140632 
3354 0.078739 
3355 -0.072814 
3356 0.358422 
3357 -0.358640 
3358 0.480342 
3359 -0.140632 
3360 -0.140632 
3361 -0.058402 
3362 -0.463335 
3363 0.201049 
3364 0.490387 
3365 -0.419204 
3366 0.358422 
3367 -0.229175 
3368 0.358422 
3369 0.358422 
3370 0.480342 
3371 0.480342 
3372 -0.148639 
3373 0.480342 
3374 0.480342 
3375 0.480342 
3376 -0.062881 
3377 0.416399 
3378 -0.062881 
3379 -0.062881 
3380 0.416399 
3381 -0.148639 
3382 -0.148639 
3383 -0.148639 
3384 -0.204156 
3385 -0.148639 
3386 -0.148639 
3387 -0.148639 
3388 -0.001548 
3389 0.423847 
3390 -0.140632 
3391 -0.140632 
3392 -0.140632 
3393 0.472923 
3394 0.298373 
3395 -0.140632 
3396 -0.159972 
3397 -0.001548 
3398 0.416399 
3399 0.216558 
3400 -0.049180 
3401 -0.140632 
3402 -0.027019 
3403 -0.062881 
3404 -0.196617 
3405 0.423847 
3406 -0.196617 
3407 -0.204156 
3408 0.480342 
3409 -0.148639 
3410 -0.204156 
3411 0.480342 
3412 -0.386997 
3413 -0.261560 
3414 -0.204156 
3415 -0.062881 
3416 -0.062881 
3417 -0.279267 
3418 0.203751 
3419 -0.472354 
3420 -0.279267 
3421 -0.160125 
3422 -0.238409 
3423 -0.238409 
3424 -0.403656 
3425 0.423847 
3426 -0.159972 
3427 -0.062881 
3428 0.257986 
3429 0.201049 
3430 -0.140632 
3431 -0.140632 
3432 0.201049 
3433 -0.140632 
3434 -0.140632 
3435 0.201049 
3436 0.472923 
3437 -0.043994 
3438 -0.140632 
3439 -0.339227 
3440 0.078739 
3441 -0.049180 
3442 -0.196617 
3443 -0.196617 
3444 -0.472354 
3445 -0.404518 
3446 -0.472354 
3447 -0.472354 
3448 0.480342 
3449 -0.472354 
3450 -0.261560 
3451 0.358422 
3452 -0.261560 
3453 -0.261560 
3454 0.358422 
3455 0.480342 
3456 0.480342 
3457 -0.261560 
3458 0.387017 
3459 0.323713 
3460 0.260536 
3461 -0.238409 
3462 -0.403656 
3463 -0.027019 
3464 -0.403656 
3465 0.203751 
3466 -0.049180 
3467 0.201049 
3468 0.201049 
3469 0.201049 
3470 -0.027019 
3471 -0.072814 
3472 -0.049180 
3473 0.252098 
3474 0.252098 
3475 -0.358640 
3476 0.416399 
3477 -0.358640 
3478 -0.472354 
3479 -0.358640 
3480 -0.403656 
3481 0.298373 
3482 -0.404518 
3483 -0.404518 
3484 -0.472354 
3485 -0.404518 
3486 -0.058402 
3487 -0.261560 
3488 -0.476990 
3489 -0.261560 
3490 -0.261560 
3491 -0.261560 
3492 0.480342 
3493 0.480342 
3494 0.416399 
3495 -0.209891 
3496 0.257986 
3497 -0.261560 
3498 0.358422 
3499 0.163493 
3500 -0.062881 
3501 0.480342 
3502 -0.072814 
3503 0.387017 
3504 0.201049 
3505 -0.238409 
3506 0.480342 
3507 0.201049 
3508 0.201049 
3509 0.488260 
3510 -0.358640 
3511 -0.358640 
3512 -0.058402 
3513 -0.358640 
3514 0.423847 
3515 -0.058402 
3516 -0.358640 
3517 0.257986 
3518 0.257986 
3519 0.257986 
3520 -0.001548 
3521 0.257986 
3522 0.257986 
3523 0.257986 
3524 -0.261560 
3525 -0.196617 
3526 -0.261560 
3527 -0.261560 
3528 -0.261560 
3529 -0.261560 
3530 -0.358640 
3531 -0.261560 
3532 -0.196617 
3533 0.480342 
3534 -0.126093 
3535 0.260536 
3536 0.423847 
3537 -0.313485 
3538 0.001391 
3539 0.416399 
3540 -0.058402 
3541 0.201049 
3542 -0.395919 
3543 0.480342 
3544 -0.358640 
3545 0.201049 
3546 0.201049 
3547 0.201049 
3548 0.201049 
3549 0.260536 
3550 -0.058402 
3551 0.480342 
3552 0.286935 
3553 -0.358640 
3554 -0.358640 
3555 -0.134066 
3556 -0.001548 
3557 -0.001548 
3558 0.257986 
3559 -0.001548 
3560 0.257986 
3561 0.416399 
3562 0.416399 
3563 -0.261560 
3564 -0.261560 
3565 0.416399 
3566 -0.358640 
3567 -0.358640 
3568 0.323713 
3569 0.203751 
3570 -0.419204 
3571 -0.358640 
3572 -0.339227 
3573 0.358422 
3574 -0.313485 
3575 0.260536 
3576 -0.072814 
3577 0.001391 
3578 -0.027019 
3579 -0.027019 
3580 0.001391 
3581 0.268667 
3582 0.201049 
3583 -0.261560 
3584 0.201049 
3585 0.201049 
3586 0.201049 
3587 0.201049 
3588 0.201049 
3589 -0.058402 
3590 -0.394931 
3591 -0.394931 
3592 0.257986 
3593 -0.001548 
3594 -0.001548 
3595 0.323713 
3596 -0.001548 
3597 -0.394931 
3598 0.416399 
3599 0.416399 
3600 0.416399 
3601 0.416399 
3602 -0.148639 
3603 -0.363580 
3604 -0.363580 
3605 -0.148639 
3606 -0.363580 
3607 -0.358640 
3608 0.387017 
3609 -0.358640 
3610 -0.358640 
3611 -0.313485 
3612 -0.472354 
3613 -0.027019 
3614 -0.027019 
3615 -0.072814 
3616 0.260536 
3617 -0.027019 
3618 -0.027019 
3619 -0.027019 
3620 -0.209891 
3621 0.201049 
3622 0.201049 
3623 -0.229175 
3624 0.201049 
3625 0.201049 
3626 0.201049 
3627 0.201049 
3628 -0.229175 
3629 0.201049 
3630 -0.394931 
3631 -0.229175 
3632 -0.394931 
3633 -0.394931 
3634 0.323713 
3635 0.416399 
3636 0.416399 
3637 0.416399 
3638 0.416399 
3639 0.416399 
3640 0.416399 
3641 -0.363580 
3642 -0.148639 
3643 -0.134066 
3644 -0.363580 
3645 -0.134066 
3646 -0.279267 
3647 -0.394931 
3648 -0.134066 
3649 -0.279267 
3650 -0.279267 
3651 -0.394931 
3652 -0.279267 
3653 -0.279267 
3654 -0.082881 
3655 0.423847 
3656 0.423847 
3657 -0.209891 
3658 0.423847 
3659 -0.459597 
3660 -0.403656 
3661 0.201049 
3662 0.201049 
3663 0.201049 
3664 0.201049 
3665 -0.049180 
3666 0.078739 
3667 -0.229175 
3668 -0.229175 
3669 0.078739 
3670 -0.394931 
3671 0.323713 
3672 0.397007 
3673 0.416399 
3674 0.416399 
3675 -0.363580 
3676 -0.238405 
3677 -0.363580 
3678 -0.134066 
3679 -0.363580 
3680 -0.394931 
3681 -0.279267 
3682 -0.463335 
3683 -0.279267 
3684 -0.463335 
3685 0.423847 
3686 -0.209891 
3687 -0.459597 
3688 -0.209891 
3689 -0.459597 
3690 -0.209891 
3691 -0.049180 
3692 0.078739 
3693 -0.049180 
3694 0.078739 
3695 0.078739 
3696 0.001391 
3697 -0.058402 
3698 -0.058402 
3699 -0.058402 
3700 -0.058402 
3701 -0.058402 
3702 -0.058402 
3703 -0.058402 
3704 -0.058402 
3705 0.480342 
3706 0.480342 
3707 0.382780 
3708 0.382780 
3709 0.382780 
3710 0.382780 
3711 0.203751 
3712 0.203751 
3713 0.203751 
3714 0.203751 
3715 0.203751 
3716 0.203751 
3717 -0.386997 
3718 -0.001548 
3719 -0.386997 
3720 0.001391 
3721 0.001391 
3722 -0.043994 
3723 -0.043994 
3724 -0.463335 
3725 0.050222 
3726 0.050222 
3727 -0.463335 
3728 0.050222 
3729 -0.058402 
3730 0.050222 
3731 0.050222 
3732 -0.058402 
3733 0.387017 
3734 -0.395919 
3735 -0.395919 
3736 0.387017 
3737 -0.395919 
3738 0.480342 
3739 0.480342 
3740 -0.339227 
3741 0.382780 
3742 -0.339227 
3743 -0.339227 
3744 0.382780 
3745 -0.339227 
3746 -0.386997 
3747 0.203751 
3748 0.203751 
3749 -0.386997 
3750 0.203751 
3751 0.203751 
3752 -0.386997 
3753 -0.386997 
3754 0.203751 
3755 -0.386997 
3756 -0.001548 
3757 0.001391 
3758 0.001391 
3759 0.001391 
3760 0.260536 
3761 -0.463335 
3762 0.260536 
3763 -0.403656 
3764 -0.196617 
3765 0.050222 
3766 -0.058402 
3767 -0.058402 
3768 0.050222 
3769 0.050222 
3770 -0.058402 
3771 -0.395919 
3772 0.480342 
3773 0.480342 
3774 0.480342 
3775 0.480342 
3776 -0.395919 
3777 0.480342 
3778 -0.395919 
3779 0.480342 
3780 -0.339227 
3781 0.490387 
3782 0.358422 
3783 -0.339227 
3784 -0.339227 
3785 0.358422 
3786 0.480342 
3787 0.480342 
3788 0.480342 
3789 0.480342 
3790 0.480342 
3791 0.203751 
3792 0.480342 
3793 0.480342 
3794 0.416399 
3795 -0.062881 
3796 0.260536 
3797 0.260536 
3798 -0.062881 
3799 -0.386997 
3800 -0.386997 
3801 -0.148639 
3802 0.260536 
3803 -0.386997 
3804 -0.148639 
3805 0.050222 
3806 0.050222 
3807 -0.140632 
3808 -0.140632 
3809 0.480342 
3810 -0.140632 
3811 -0.395919 
3812 0.480342 
3813 0.480342 
3814 -0.395919 
3815 -0.395919 
3816 0.480342 
3817 -0.196617 
3818 -0.196617 
3819 -0.062881 
3820 -0.204156 
3821 0.358422 
3822 -0.062881 
3823 -0.204156 
3824 -0.204156 
3825 0.358422 
3826 0.480342 
3827 0.480342 
3828 0.480342 
3829 0.480342 
3830 0.480342 
3831 0.416399 
3832 -0.062881 
3833 0.416399 
3834 -0.279267 
3835 -0.062881 
3836 0.416399 
3837 0.260536 
3838 -0.148639 
3839 0.260536 
3840 0.260536 
3841 -0.386997 
3842 0.050222 
3843 -0.140632 
3844 -0.148639 
3845 -0.140632 
3846 -0.140632 
3847 -0.140632 
3848 0.416399 
3849 -0.140632 
3850 -0.140632 
3851 -0.140632 
3852 -0.140632 
3853 -0.140632 
3854 0.490387 
3855 0.490387 
3856 -0.140632 
3857 -0.204156 
3858 -0.204156 
3859 0.358422 
3860 -0.204156 
3861 0.480342 
3862 -0.062881 
3863 0.480342 
3864 -0.204156 
3865 -0.404518 
3866 0.480342 
3867 0.480342 
3868 -0.261560 
3869 -0.261560 
3870 -0.279267 
3871 -0.279267 
3872 -0.062881 
3873 -0.279267 
3874 0.416399 
3875 0.323713 
3876 -0.279267 
3877 -0.279267 
3878 -0.148639 
3879 -0.238409 
3880 -0.238409 
3881 -0.148639 
3882 -0.049180 
3883 -0.049180 
3884 -0.140632 
3885 -0.140632 
3886 -0.140632 
3887 0.201049 
3888 -0.140632 
3889 -0.140632 
3890 -0.140632 
3891 0.416399 
3892 0.416399 
3893 -0.140632 
3894 -0.196617 
3895 -0.196617 
3896 0.416399 
3897 -0.204156 
3898 0.001391 
3899 -0.062881 
3900 -0.204156 
3901 -0.204156 
3902 -0.404518 
3903 0.480342 
3904 0.480342 
3905 -0.261560 
3906 -0.261560 
3907 -0.261560 
3908 0.358422 
3909 -0.043994 
3910 -0.279267 
3911 -0.043994 
3912 -0.261560 
3913 -0.027019 
3914 -0.279267 
3915 0.358422 
3916 -0.238409 
3917 -0.238409 
3918 0.358422 
3919 -0.049180 
3920 -0.049180 
3921 -0.403656 
3922 -0.049180 
3923 -0.049180 
3924 -0.140632 
3925 -0.049180 
3926 -0.049180 
3927 -0.140632 
3928 -0.049180 
3929 -0.049180 
3930 -0.140632 
3931 0.298373 
3932 0.298373 
3933 0.416399 
3934 0.001391 
3935 0.001391 
3936 -0.358640 
3937 -0.404518 
3938 0.257986 
3939 -0.404518 
3940 0.257986 
3941 -0.404518 
3942 0.358422 
3943 -0.261560 
3944 -0.261560 
3945 0.358422 
3946 -0.261560 
3947 -0.043994 
3948 -0.043994 
3949 -0.261560 
3950 -0.209891 
3951 -0.126093 
3952 0.423847 
3953 0.358422 
3954 -0.027019 
3955 0.423847 
3956 -0.049180 
3957 -0.049180 
3958 0.358422 
3959 -0.049180 
3960 -0.049180 
3961 -0.049180 
3962 -0.049180 
3963 -0.049180 
3964 -0.058402 
3965 0.286935 
3966 0.286935 
3967 -0.058402 
3968 0.286935 
3969 0.286935 
3970 -0.058402 
3971 0.298373 
3972 0.257986 
3973 -0.358640 
3974 0.001391 
3975 0.257986 
3976 -0.001548 
3977 0.257986 
3978 0.257986 
3979 -0.261560 
3980 -0.261560 
3981 0.358422 
3982 -0.261560 
3983 -0.261560 
3984 -0.261560 
3985 -0.358640 
3986 -0.261560 
3987 -0.148639 
3988 -0.126093 
3989 -0.339227 
3990 -0.126093 
3991 -0.126093 
3992 -0.072814 
3993 0.480342 
3994 0.480342 
3995 -0.072814 
3996 -0.261560 
3997 -0.395919 
3998 0.480342 
3999 0.488260 
4000 0.488260 
4001 0.201049 
4002 -0.058402 
4003 -0.058402 
4004 0.201049 
4005 -0.058402 
4006 -0.058402 
4007 0.201049 
4008 0.286935 
4009 -0.058402 
4010 -0.058402 
4011 -0.001548 
4012 -0.001548 
4013 -0.001548 
4014 0.257986 
4015 -0.001548 
4016 0.416399 
4017 0.416399 
4018 -0.148639 
4019 -0.148639 
4020 0.416399 
4021 0.387017 
4022 -0.358640 
4023 -0.363580 
4024 -0.358640 
4025 0.387017 
4026 -0.358640 
4027 -0.358640 
4028 -0.126093 
4029 -0.072814 
4030 -0.027019 
4031 -0.027019 
4032 -0.339227 
4033 -0.261560 
4034 -0.261560 
4035 0.001391 
4036 0.268667 
4037 -0.229175 
4038 0.201049 
4039 0.201049 
4040 0.201049 
4041 0.201049 
4042 0.201049 
4043 0.201049 
4044 0.201049 
4045 -0.058402 
4046 -0.058402 
4047 0.201049 
4048 -0.001548 
4049 -0.001548 
4050 -0.001548 
4051 0.257986 
4052 -0.001548 
4053 0.416399 
4054 0.416399 
4055 0.416399 
4056 -0.148639 
4057 0.416399 
4058 0.387017 
4059 0.387017 
4060 -0.363580 
4061 0.001391 
4062 0.387017 
4063 0.203751 
4064 0.387017 
4065 -0.358640 
4066 -0.339227 
4067 -0.313485 
4068 -0.313485 
4069 -0.072814 
4070 0.397007 
4071 0.397007 
4072 -0.027019 
4073 0.397007 
4074 -0.209891 
4075 0.201049 
4076 0.201049 
4077 0.201049 
4078 0.201049 
4079 -0.058402 
4080 -0.058402 
4081 0.201049 
4082 0.201049 
4083 0.201049 
4084 0.201049 
4085 -0.394931 
4086 0.323713 
4087 -0.229175 
4088 -0.394931 
4089 -0.394931 
4090 0.416399 
4091 0.416399 
4092 0.416399 
4093 0.416399 
4094 0.416399 
4095 -0.148639 
4096 0.416399 
4097 -0.134066 
4098 0.387017 
4099 0.387017 
4100 -0.134066 
4101 0.387017 
4102 0.387017 
4103 -0.134066 
4104 -0.279267 
4105 0.397007 
4106 -0.279267 
4107 -0.279267 
4108 -0.279267 
4109 -0.279267 
4110 0.423847 
4111 0.397007 
4112 0.423847 
4113 -0.209891 
4114 -0.209891 
4115 0.423847 
4116 0.201049 
4117 0.201049 
4118 0.201049 
4119 0.201049 
4120 0.201049 
4121 -0.229175 
4122 0.078739 
4123 0.078739 
4124 -0.229175 
4125 -0.394931 
4126 -0.394931 
4127 0.397007 
4128 0.416399 
4129 0.416399 
4130 0.416399 
4131 -0.363580 
4132 -0.134066 
4133 -0.363580 
4134 -0.134066 
4135 -0.363580 
4136 0.397007 
4137 -0.279267 
4138 0.397007 
4139 -0.279267 
4140 0.397007 
4141 0.423847 
4142 -0.209891 
4143 -0.459597 
4144 -0.209891 
4145 -0.459597 
4146 0.201049 
4147 -0.049180 
4148 0.201049 
4149 -0.049180 
4150 -0.229175 
4151 -0.096071 
4152 0.387017 
4153 0.387017 
4154 -0.196617 
4155 -0.196617 
4156 0.382780 
4157 0.109893 
4158 0.109893 
4159 0.109893 
4160 0.203751 
4161 0.203751 
4162 -0.001548 
4163 0.358422 
4164 -0.126093 
4165 -0.096071 
4166 -0.096071 
4167 -0.196617 
4168 0.397007 
4169 -0.386997 
4170 0.109893 
4171 0.358422 
4172 -0.229175 
4173 -0.204156 
4174 -0.204156 
4175 -0.322553 
4176 -0.001548 
4177 -0.322553 
4178 -0.096071 
4179 -0.096071 
4180 -0.096071 
4181 -0.062881 
4182 0.480342 
4183 0.480342 
4184 0.480342 
4185 -0.363580 
4186 -0.363580 
4187 0.203751 
4188 -0.204156 
4189 -0.322553 
4190 -0.322553 
4191 -0.459597 
4192 -0.459597 
4193 -0.229175 
4194 0.252098 
4195 0.252098 
4196 0.397007 
4197 -0.472354 
4198 0.257986 
4199 0.252098 
4200 -0.358640 
4201 -0.204156 
4202 -0.322553 
4203 -0.322553 
4204 -0.322553 
4205 0.252098 
4206 0.298373 
4207 0.298373 
4208 0.496740 
4209 0.372869 
4210 -0.160125 
4211 -0.058402 
4212 -0.189656 
4213 -0.358640 
4214 0.323713 
4215 -0.358640 
4216 -0.322553 
4217 -0.322553 
4218 0.488260 
4219 0.416399 
4220 -0.072814 
4221 -0.419204 
4222 0.203751 
4223 -0.459597 
4224 -0.229175 
4225 -0.196617 
4226 0.323713 
4227 0.323713 
4228 -0.134066 
4229 -0.322553 
4230 0.286935 
4231 -0.459597 
4232 0.416399 
4233 0.078739 
4234 -0.419204 
4235 -0.043994 
4236 0.001391 
4237 -0.459597 
4238 -0.196617 
4239 -0.160125 
4240 -0.189656 
4241 -0.134066 
4242 0.397007 
4243 -0.209891 
4244 0.163493 
4245 0.286935 
4246 0.286935 
4247 -0.419204 
4248 -0.386997 
4249 -0.140632 
4250 -0.404518 
4251 -0.472354 
4252 0.203751 
4253 0.268667 
4254 -0.189656 
4255 0.397007 
4256 0.397007 
4257 -0.209891 
4258 0.268667 
4259 0.257986 
4260 0.382780 
4261 0.323713 
4262 -0.404518 
4263 -0.404518 
4264 0.397007 
4265 -0.072814 
4266 -0.189656 
4267 -0.189656 
4268 0.397007 
4269 0.397007 
4270 -0.043994 
4271 -0.339227 
4272 -0.339227 
4273 0.078739 
4274 -0.472354 
4275 -0.159972 
4276 -0.027019 
4277 -0.027019 
4278 -0.027019 
4279 -0.189656 
4280 -0.189656 
4281 0.397007 
4282 0.397007 
4283 -0.395919 
4284 -0.339227 
4285 -0.463335 
4286 -0.358640 
4287 -0.238409 
4288 0.382780 
4289 -0.238405 
4290 0.001391 
4291 -0.027019 
4292 -0.134066 
4293 -0.189656 
4294 0.472923 
4295 0.472923 
4296 0.397007 
4297 -0.160125 
4298 -0.160125 
4299 0.496740 
4300 -0.463335 
4301 0.488260 
4302 -0.027019 
4303 -0.027019 
4304 -0.134066 
4305 -0.134066 
4306 -0.189656 
4307 0.397007 
4308 0.472923 
4309 0.472923 
4310 0.397007 
4311 0.397007 
4312 -0.463335 
4313 -0.463335 
4314 -0.463335 
4315 0.423847 
4316 -0.463335 
4317 0.423847 
4318 0.423847 
4319 -0.134066 
4320 0.001391 
4321 0.387017 
4322 0.001391 
4323 -0.160125 
4324 -0.160125 
4325 0.382780 
4326 0.382780 
4327 -0.043994 
4328 -0.043994 
4329 0.203751 
4330 0.203751 
4331 -0.386997 
4332 0.358422 
4333 -0.126093 
4334 -0.126093 
4335 0.001391 
4336 0.490387 
4337 0.490387 
4338 0.260536 
4339 -0.160125 
4340 0.387017 
4341 0.387017 
4342 0.423847 
4343 0.423847 
4344 0.358422 
4345 -0.386997 
4346 -0.126093 
4347 -0.126093 
4348 -0.126093 
4349 0.387017 
4350 -0.062881 
4351 0.358422 
4352 0.480342 
4353 0.323713 
4354 -0.043994 
4355 -0.363580 
4356 0.203751 
4357 0.423847 
4358 0.358422 
4359 -0.126093 
4360 -0.126093 
4361 -0.126093 
4362 -0.229175 
4363 0.216558 
4364 0.216558 
4365 0.397007 
4366 0.260536 
4367 -0.160125 
4368 0.252098 
4369 0.423847 
4370 0.423847 
4371 0.358422 
4372 0.323713 
4373 -0.126093 
4374 -0.043994 
4375 0.298373 
4376 0.298373 
4377 -0.049180 
4378 -0.358640 
4379 -0.160125 
4380 -0.159972 
4381 0.358422 
4382 -0.419204 
4383 0.387017 
4384 -0.386997 
4385 0.323713 
4386 0.286935 
4387 0.050222 
4388 0.416399 
4389 -0.072814 
4390 -0.049180 
4391 -0.229175 
4392 -0.261560 
4393 -0.209891 
4394 0.416399 
4395 -0.419204 
4396 -0.386997 
4397 -0.386997 
4398 -0.476990 
4399 0.286935 
4400 0.050222 
4401 0.416399 
4402 -0.082881 
4403 -0.419204 
4404 -0.160125 
4405 0.472923 
4406 -0.358640 
4407 -0.472354 
4408 0.163493 
4409 -0.472354 
4410 0.257986 
4411 0.216558 
4412 0.286935 
4413 0.163493 
4414 0.286935 
4415 0.050222 
4416 -0.238409 
4417 -0.238409 
4418 -0.082881 
4419 -0.082881 
4420 -0.238409 
4421 0.203751 
4422 -0.062881 
4423 0.257986 
4424 0.216558 
4425 -0.476990 
4426 -0.476990 
4427 0.286935 
4428 -0.386997 
4429 -0.126093 
4430 -0.126093 
4431 -0.459597 
4432 -0.082881 
4433 -0.043994 
4434 -0.476990 
4435 -0.062881 
4436 0.257986 
4437 0.397007 
4438 -0.196617 
4439 -0.196617 
4440 -0.339227 
4441 -0.419204 
4442 0.286935 
4443 0.260536 
4444 0.387017 
4445 0.298373 
4446 0.257986 
4447 0.372869 
4448 -0.476990 
4449 -0.189656 
4450 0.397007 
4451 -0.196617 
4452 -0.395919 
4453 -0.395919 
4454 0.387017 
4455 0.286935 
4456 0.488260 
4457 -0.209891 
4458 -0.140632 
4459 0.358422 
4460 0.358422 
4461 -0.027019 
4462 0.358422 
4463 0.416399 
4464 0.397007 
4465 -0.196617 
4466 -0.463335 
4467 -0.463335 
4468 -0.160125 
4469 -0.209891 
4470 -0.209891 
4471 -0.209891 
4472 0.257986 
4473 -0.027019 
4474 -0.027019 
4475 0.358422 
4476 0.397007 
4477 0.416399 
4478 0.397007 
4479 -0.463335 
4480 -0.463335 
4481 -0.463335 
4482 -0.209891 
4483 -0.209891 
4484 -0.209891 
4485 -0.209891 
4486 -0.209891 
4487 -0.209891 
4488 0.078739 
4489 0.163493 
4490 0.416399 
4491 -0.058402 
4492 -0.058402 
4493 -0.279267 
4494 -0.459597 
4495 0.109893 
4496 0.358422 
4497 0.358422 
4498 0.358422 
4499 0.358422 
4500 0.358422 
4501 0.358422 
4502 -0.126093 
4503 0.163493 
4504 0.472923 
4505 -0.459597 
4506 -0.459597 
4507 0.358422 
4508 0.358422 
4509 0.358422 
4510 0.358422 
4511 0.358422 
4512 0.358422 
4513 -0.001548 
4514 0.358422 
4515 -0.126093 
4516 0.163493 
4517 0.163493 
4518 0.163493 
4519 -0.062881 
4520 -0.279267 
4521 0.480342 
4522 0.323713 
4523 -0.126093 
4524 -0.363580 
4525 -0.001548 
4526 0.358422 
4527 -0.001548 
4528 -0.322553 
4529 -0.229175 
4530 -0.148639 
4531 -0.403656 
4532 0.472923 
4533 -0.459597 
4534 -0.403656 
4535 -0.472354 
4536 0.257986 
4537 0.001391 
4538 -0.148639 
4539 0.358422 
4540 -0.001548 
4541 -0.322553 
4542 -0.027019 
4543 -0.229175 
4544 0.298373 
4545 0.423847 
4546 -0.209891 
4547 -0.209891 
4548 -0.459597 
4549 -0.159972 
4550 -0.196617 
4551 0.472923 
4552 0.472923 
4553 0.358422 
4554 -0.322553 
4555 -0.027019 
4556 0.050222 
4557 -0.229175 
4558 -0.159972 
4559 -0.403656 
4560 0.260536 
4561 0.252098 
4562 -0.209891 
4563 -0.072814 
4564 -0.459597 
4565 0.472923 
4566 -0.463335 
4567 -0.322553 
4568 -0.363580 
4569 0.050222 
4570 0.286935 
4571 0.488260 
4572 -0.419204 
4573 -0.363580 
4574 0.252098 
4575 0.416399 
4576 -0.204156 
4577 -0.160125 
4578 -0.463335 
4579 -0.463335 
4580 -0.476990 
4581 -0.463335 
4582 0.163493 
4583 0.286935 
4584 0.203751 
4585 -0.001548 
4586 -0.140632 
4587 -0.403656 
4588 -0.082881 
4589 0.490387 
4590 -0.463335 
4591 -0.463335 
4592 0.257986 
4593 -0.196617 
4594 0.416399 
4595 -0.476990 
4596 0.286935 
4597 -0.313485 
4598 0.382780 
4599 -0.419204 
4600 0.163493 
4601 -0.159972 
4602 -0.358640 
4603 -0.476990 
4604 -0.358640 
4605 -0.463335 
4606 -0.196617 
4607 -0.238405 
4608 -0.196617 
4609 -0.339227 
4610 0.472923 
4611 0.078739 
4612 -0.148639 
4613 0.050222 
4614 -0.196617 
4615 0.488260 
4616 0.372869 
4617 -0.339227 
4618 -0.394931 
4619 -0.238405 
4620 -0.238405 
4621 -0.395919 
4622 0.216558 
4623 0.216558 
4624 -0.279267 
4625 -0.279267 
4626 -0.279267 
4627 -0.140632 
4628 0.201049 
4629 -0.472354 
4630 -0.339227 
4631 -0.394931 
4632 -0.238405 
4633 -0.238405 
4634 -0.238405 
4635 0.382780 
4636 0.382780 
4637 0.078739 
4638 -0.419204 
4639 0.423847 
4640 -0.027019 
4641 0.490387 
4642 -0.394931 
4643 -0.394931 
4644 -0.394931 
4645 0.397007 
4646 -0.238405 
4647 -0.238405 
4648 -0.238405 
4649 0.216558 
4650 0.216558 
4651 0.423847 
4652 -0.463335 
4653 -0.209891 
4654 -0.209891 
4655 -0.394931 
4656 -0.394931 
4657 -0.472354 
4658 -0.403656 
4659 -0.043994 
4660 -0.058402 
4661 0.480342 
4662 0.480342 
4663 0.382780 
4664 0.382780 
4665 0.382780 
4666 0.382780 
4667 -0.386997 
4668 -0.386997 
4669 -0.386997 
4670 0.358422 
4671 -0.126093 
4672 -0.403656 
4673 0.416399 
4674 -0.358640 
4675 -0.238409 
4676 -0.238409 
4677 0.382780 
4678 -0.229175 
4679 -0.229175 
4680 0.358422 
4681 0.358422 
4682 0.480342 
4683 -0.386997 
4684 0.416399 
4685 -0.403656 
4686 0.260536 
4687 -0.403656 
4688 -0.062881 
4689 -0.395919 
4690 -0.395919 
4691 -0.395919 
4692 -0.126093 
4693 -0.363580 
4694 -0.148639 
4695 0.358422 
4696 0.480342 
4697 0.416399 
4698 -0.148639 
4699 0.260536 
4700 -0.386997 
4701 -0.322553 
4702 -0.358640 
4703 0.480342 
4704 -0.058402 
4705 0.490387 
4706 -0.229175 
4707 -0.148639 
4708 -0.386997 
4709 0.480342 
4710 0.416399 
4711 -0.148639 
4712 -0.148639 
4713 -0.148639 
4714 0.423847 
4715 0.472923 
4716 -0.140632 
4717 -0.140632 
4718 -0.140632 
4719 -0.196617 
4720 -0.148639 
4721 0.387017 
4722 -0.386997 
4723 -0.204156 
4724 0.387017 
4725 -0.279267 
4726 -0.238409 
4727 -0.159972 
4728 -0.159972 
4729 0.201049 
4730 -0.209891 
4731 -0.209891 
4732 -0.049180 
4733 -0.472354 
4734 -0.403656 
4735 -0.472354 
4736 0.358422 
4737 0.387017 
4738 0.050222 
4739 0.050222 
4740 -0.159972 
4741 -0.049180 
4742 0.201049 
4743 0.252098 
4744 -0.358640 
4745 -0.472354 
4746 0.163493 
4747 -0.403656 
4748 -0.058402 
4749 -0.476990 
4750 -0.358640 
4751 -0.261560 
4752 -0.261560 
4753 -0.062881 
4754 -0.001548 
4755 -0.140632 
4756 -0.082881 
4757 -0.082881 
4758 0.490387 
4759 0.257986 
4760 -0.472354 
4761 0.257986 
4762 -0.196617 
4763 -0.126093 
4764 0.358422 
4765 -0.126093 
4766 -0.313485 
4767 0.257986 
4768 0.480342 
4769 0.163493 
4770 0.260536 
4771 0.286935 
4772 -0.134066 
4773 0.472923 
4774 0.257986 
4775 0.416399 
4776 -0.126093 
4777 -0.196617 
4778 -0.358640 
4779 -0.238409 
4780 -0.082881 
4781 0.001391 
4782 0.050222 
4783 0.201049 
4784 -0.058402 
4785 -0.058402 
4786 -0.394931 
4787 -0.394931 
4788 0.416399 
4789 -0.238405 
4790 -0.148639 
4791 0.387017 
4792 -0.394931 
4793 0.203751 
4794 -0.027019 
4795 -0.403656 
4796 -0.229175 
4797 0.201049 
4798 0.201049 
4799 -0.394931 
4800 0.323713 
4801 0.416399 
4802 -0.238405 
4803 -0.238405 
4804 -0.358640 
4805 -0.238409 
4806 -0.082881 
4807 -0.082881 
4808 -0.209891 
4809 -0.403656 
4810 -0.403656 
4811 -0.394931 
4812 -0.394931 
4813 0.323713 
4814 0.397007 
4815 0.416399 
4816 -0.238405 
4817 -0.238405 
4818 -0.394931 
4819 -0.463335 
4820 -0.463335 
4821 -0.209891 
4822 -0.209891 
4823 -0.209891 
4824 0.078739 
4825 0.078739 
4826 0.078739 
4827 0.001391 
4828 -0.058402 
4829 -0.058402 
4830 -0.058402 
4831 0.480342 
4832 0.480342 
4833 0.382780 
4834 0.358422 
4835 0.358422 
4836 0.358422 
4837 0.358422 
4838 -0.001548 
4839 0.358422 
4840 0.001391 
4841 -0.463335 
4842 -0.196617 
4843 -0.058402 
4844 -0.160125 
4845 0.480342 
4846 -0.027019 
4847 -0.472354 
4848 0.257986 
4849 0.203751 
4850 0.203751 
4851 0.480342 
4852 -0.001548 
4853 0.416399 
4854 -0.463335 
4855 0.260536 
4856 0.416399 
4857 -0.363580 
4858 0.480342 
4859 -0.395919 
4860 -0.395919 
4861 0.490387 
4862 -0.363580 
4863 0.078739 
4864 0.203751 
4865 0.480342 
4866 -0.062881 
4867 -0.148639 
4868 0.260536 
4869 -0.386997 
4870 -0.322553 
4871 -0.072814 
4872 0.480342 
4873 -0.058402 
4874 0.490387 
4875 -0.229175 
4876 0.423847 
4877 0.480342 
4878 0.480342 
4879 -0.062881 
4880 0.203751 
4881 0.203751 
4882 -0.043994 
4883 0.423847 
4884 0.078739 
4885 -0.140632 
4886 -0.140632 
4887 0.490387 
4888 -0.196617 
4889 -0.204156 
4890 0.423847 
4891 0.480342 
4892 -0.261560 
4893 0.203751 
4894 -0.279267 
4895 -0.238409 
4896 -0.159972 
4897 -0.403656 
4898 0.201049 
4899 0.252098 
4900 -0.209891 
4901 -0.049180 
4902 -0.404518 
4903 0.423847 
4904 0.480342 
4905 -0.261560 
4906 0.480342 
4907 -0.261560 
4908 0.260536 
4909 -0.027019 
4910 -0.049180 
4911 -0.238409 
4912 0.252098 
4913 0.252098 
4914 0.423847 
4915 0.298373 
4916 -0.403656 
4917 -0.404518 
4918 -0.261560 
4919 -0.261560 
4920 -0.261560 
4921 -0.261560 
4922 -0.062881 
4923 -0.395919 
4924 -0.140632 
4925 0.252098 
4926 0.480342 
4927 0.490387 
4928 -0.001548 
4929 0.257986 
4930 0.257986 
4931 -0.261560 
4932 -0.261560 
4933 -0.261560 
4934 -0.126093 
4935 -0.313485 
4936 -0.395919 
4937 0.480342 
4938 0.201049 
4939 0.286935 
4940 0.286935 
4941 0.286935 
4942 -0.358640 
4943 -0.001548 
4944 0.416399 
4945 -0.363580 
4946 -0.261560 
4947 -0.358640 
4948 -0.313485 
4949 0.001391 
4950 0.268667 
4951 0.050222 
4952 0.268667 
4953 -0.058402 
4954 0.257986 
4955 -0.358640 
4956 -0.001548 
4957 0.416399 
4958 -0.363580 
4959 -0.148639 
4960 0.387017 
4961 -0.279267 
4962 0.203751 
4963 -0.027019 
4964 0.268667 
4965 0.268667 
4966 0.201049 
4967 0.201049 
4968 -0.229175 
4969 -0.394931 
4970 0.416399 
4971 0.416399 
4972 -0.363580 
4973 -0.363580 
4974 -0.363580 
4975 -0.472354 
4976 -0.472354 
4977 -0.027019 
4978 0.201049 
4979 0.201049 
4980 -0.229175 
4981 -0.229175 
4982 -0.394931 
4983 0.397007 
4984 0.416399 
4985 -0.363580 
4986 -0.363580 
4987 -0.363580 
4988 -0.279267 
4989 -0.279267 
4990 0.423847 
4991 -0.459597 
4992 -0.459597 
4993 -0.049180 
4994 -0.049180 
4995 -0.229175 
4996 -0.043994 
4997 0.050222 
4998 -0.058402 
4999 -0.058402 
5000 -0.058402 
5001 0.480342 
5002 0.382780 
5003 0.382780 
5004 0.203751 
5005 0.203751 
5006 0.203751 
5007 -0.386997 
5008 -0.386997 
5009 0.001391 
5010 -0.403656 
5011 -0.058402 
5012 0.050222 
5013 0.050222 
5014 0.480342 
5015 0.480342 
5016 -0.339227 
5017 -0.339227 
5018 0.480342 
5019 0.480342 
5020 0.480342 
5021 -0.386997 
5022 0.001391 
5023 -0.403656 
5024 -0.386997 
5025 -0.058402 
5026 0.480342 
5027 0.480342 
5028 -0.395919 
5029 0.480342 
5030 0.382780 
5031 -0.363580 
5032 0.078739 
5033 0.480342 
5034 0.480342 
5035 0.416399 
5036 0.416399 
5037 0.260536 
5038 -0.386997 
5039 0.050222 
5040 -0.072814 
5041 0.480342 
5042 -0.058402 
5043 0.490387 
5044 -0.229175 
5045 0.358422 
5046 0.480342 
5047 0.480342 
5048 0.416399 
5049 0.416399 
5050 -0.148639 
5051 -0.148639 
5052 0.423847 
5053 -0.140632 
5054 -0.140632 
5055 0.416399 
5056 -0.140632 
5057 -0.196617 
5058 -0.204156 
5059 0.480342 
5060 0.480342 
5061 -0.261560 
5062 -0.043994 
5063 -0.279267 
5064 -0.238409 
5065 -0.159972 
5066 0.201049 
5067 0.201049 
5068 0.201049 
5069 -0.140632 
5070 -0.049180 
5071 -0.472354 
5072 0.001391 
5073 0.480342 
5074 -0.261560 
5075 -0.043994 
5076 -0.261560 
5077 0.260536 
5078 -0.027019 
5079 -0.049180 
5080 0.201049 
5081 -0.049180 
5082 -0.358640 
5083 -0.472354 
5084 0.298373 
5085 0.001391 
5086 0.257986 
5087 -0.261560 
5088 -0.358640 
5089 0.416399 
5090 -0.261560 
5091 -0.062881 
5092 0.387017 
5093 0.480342 
5094 0.488260 
5095 -0.058402 
5096 -0.058402 
5097 0.257986 
5098 0.257986 
5099 0.257986 
5100 -0.261560 
5101 -0.358640 
5102 -0.261560 
5103 -0.126093 
5104 -0.148639 
5105 -0.058402 
5106 0.480342 
5107 0.201049 
5108 0.260536 
5109 0.286935 
5110 -0.134066 
5111 -0.058402 
5112 -0.001548 
5113 0.416399 
5114 0.387017 
5115 0.323713 
5116 -0.358640 
5117 -0.313485 
5118 0.001391 
5119 0.001391 
5120 -0.261560 
5121 0.201049 
5122 -0.058402 
5123 0.257986 
5124 -0.058402 
5125 -0.001548 
5126 0.416399 
5127 0.387017 
5128 -0.148639 
5129 0.387017 
5130 -0.313485 
5131 -0.027019 
5132 -0.027019 
5133 -0.209891 
5134 -0.229175 
5135 0.201049 
5136 0.201049 
5137 0.201049 
5138 -0.394931 
5139 0.416399 
5140 0.416399 
5141 0.387017 
5142 0.001391 
5143 0.001391 
5144 -0.358640 
5145 0.397007 
5146 -0.209891 
5147 0.201049 
5148 0.201049 
5149 0.201049 
5150 0.201049 
5151 -0.394931 
5152 0.397007 
5153 0.416399 
5154 0.416399 
5155 0.387017 
5156 0.387017 
5157 0.397007 
5158 0.397007 
5159 0.397007 
5160 -0.209891 
5161 -0.209891 
5162 0.201049 
5163 0.201049 
5164 0.078739 
5165 -0.043994 
5166 0.001391 
5167 -0.058402 
5168 0.050222 
5169 -0.058402 
5170 0.480342 
5171 0.382780 
5172 0.382780 
5173 -0.339227 
5174 0.203751 
5175 0.480342 
5176 -0.386997 
5177 -0.386997 
5178 0.001391 
5179 0.001391 
5180 -0.386997 
5181 0.050222 
5182 0.050222 
5183 0.480342 
5184 -0.395919 
5185 -0.339227 
5186 -0.339227 
5187 -0.363580 
5188 0.480342 
5189 0.480342 
5190 -0.386997 
5191 0.001391 
5192 -0.403656 
5193 -0.386997 
5194 -0.058402 
5195 0.050222 
5196 -0.395919 
5197 -0.395919 
5198 -0.395919 
5199 0.490387 
5200 -0.363580 
5201 0.078739 
5202 0.480342 
5203 0.480342 
5204 -0.403656 
5205 -0.403656 
5206 0.260536 
5207 -0.058402 
5208 0.050222 
5209 -0.072814 
5210 -0.072814 
5211 -0.140632 
5212 0.490387 
5213 -0.196617 
5214 0.078739 
5215 -0.204156 
5216 0.480342 
5217 0.416399 
5218 -0.043994 
5219 0.260536 
5220 -0.279267 
5221 0.050222 
5222 -0.049180 
5223 -0.140632 
5224 -0.140632 
5225 -0.196617 
5226 -0.196617 
5227 -0.204156 
5228 -0.204156 
5229 -0.204156 
5230 -0.043994 
5231 -0.043994 
5232 -0.279267 
5233 -0.279267 
5234 -0.049180 
5235 -0.049180 
5236 -0.049180 
5237 -0.140632 
5238 -0.140632 
5239 -0.196617 
5240 -0.472354 
5241 -0.204156 
5242 0.257986 
5243 -0.261560 
5244 -0.043994 
5245 -0.261560 
5246 -0.279267 
5247 -0.027019 
5248 -0.049180 
5249 0.201049 
5250 -0.049180 
5251 -0.140632 
5252 0.286935 
5253 -0.472354 
5254 0.001391 
5255 0.257986 
5256 -0.358640 
5257 -0.358640 
5258 0.323713 
5259 -0.261560 
5260 -0.126093 
5261 0.387017 
5262 -0.049180 
5263 -0.049180 
5264 0.286935 
5265 0.286935 
5266 0.001391 
5267 0.001391 
5268 0.001391 
5269 -0.261560 
5270 0.323713 
5271 0.323713 
5272 -0.126093 
5273 -0.126093 
5274 -0.126093 
5275 0.480342 
5276 -0.049180 
5277 0.260536 
5278 0.286935 
5279 -0.134066 
5280 0.001391 
5281 0.001391 
5282 0.387017 
5283 0.387017 
5284 0.323713 
5285 -0.358640 
5286 -0.126093 
5287 0.001391 
5288 0.001391 
5289 -0.261560 
5290 -0.229175 
5291 -0.058402 
5292 0.201049 
5293 -0.058402 
5294 -0.058402 
5295 0.416399 
5296 0.387017 
5297 -0.148639 
5298 0.387017 
5299 -0.313485 
5300 0.001391 
5301 0.001391 
5302 0.397007 
5303 -0.229175 
5304 0.201049 
5305 0.201049 
5306 0.201049 
5307 -0.394931 
5308 0.387017 
5309 0.387017 
5310 0.387017 
5311 0.387017 
5312 0.001391 
5313 0.001391 
5314 0.397007 
5315 0.397007 
5316 0.201049 
5317 0.201049 
5318 0.201049 
5319 0.201049 
5320 0.201049 
5321 0.397007 
5322 0.387017 
5323 0.416399 
5324 0.387017 
5325 0.387017 
5326 0.001391 
5327 0.397007 
5328 0.397007 
5329 -0.209891 
5330 0.201049 
5331 0.201049 
5332 0.201049 
5333 0.078739 
5334 -0.386997 
5335 -0.386997 
5336 -0.386997 
5337 -0.058402 
5338 -0.058402 
5339 -0.395919 
5340 -0.395919 
5341 -0.204156 
5342 -0.204156 
5343 -0.204156 
5344 -0.204156 
5345 -0.386997 
5346 -0.386997 
5347 -0.058402 
5348 -0.386997 
5349 -0.386997 
5350 -0.386997 
5351 -0.058402 
5352 -0.058402 
5353 -0.395919 
5354 -0.204156 
5355 -0.204156 
5356 -0.204156 
5357 -0.204156 
5358 -0.204156 
5359 -0.386997 
5360 -0.058402 
5361 -0.058402 
5362 0.488260 
5363 0.488260 
5364 -0.140632 
5365 -0.140632 
5366 -0.058402 
5367 -0.140632 
5368 -0.140632 
5369 -0.204156 
5370 -0.204156 
5371 -0.204156 
5372 -0.204156 
5373 0.488260 
5374 0.488260 
5375 0.488260 
5376 0.488260 
5377 0.488260 
5378 -0.140632 
5379 -0.140632 
5380 -0.140632 
5381 -0.140632 
5382 -0.204156 
5383 -0.204156 
5384 -0.204156 
5385 -0.204156 
5386 0.488260 
5387 0.488260 
5388 0.488260 
5389 0.488260 
5390 0.488260 
5391 0.488260 
5392 -0.140632 
5393 -0.140632 
5394 -0.140632 
5395 -0.140632 
5396 -0.140632 
5397 -0.204156 
5398 -0.140632 
5399 -0.358640 
5400 0.488260 
5401 0.488260 
5402 0.488260 
5403 0.488260 
5404 0.488260 
5405 0.488260 
5406 0.488260 
5407 -0.140632 
5408 -0.140632 
5409 -0.140632 
5410 -0.140632 
5411 -0.140632 
5412 -0.358640 
5413 -0.358640 
5414 0.001391 
5415 -0.027019 
5416 -0.027019 
5417 0.488260 
5418 0.488260 
5419 0.488260 
5420 0.488260 
5421 0.488260 
5422 0.488260 
5423 -0.140632 
5424 -0.140632 
5425 -0.358640 
5426 -0.358640 
5427 -0.358640 
5428 -0.358640 
5429 0.001391 
5430 0.488260 
5431 0.488260 
5432 0.488260 
5433 0.488260 
5434 0.488260 
5435 0.488260 
5436 0.488260 
5437 0.001391 
5438 -0.358640 
5439 -0.358640 
5440 -0.358640 
5441 -0.358640 
5442 0.001391 
5443 0.488260 
5444 0.488260 
5445 0.488260 
5446 0.488260 
5447 0.488260 
5448 0.488260 
5449 0.488260 
5450 0.001391 
5451 0.397007 
5452 -0.358640 
5453 -0.358640 
5454 -0.358640 
5455 -0.358640 
5456 0.001391 
5457 0.488260 
5458 0.488260 
5459 0.488260 
5460 0.488260 
5461 0.488260 
5462 0.488260 
5463 0.001391 
5464 0.397007 
5465 -0.358640 
5466 -0.358640 
5467 -0.358640 
5468 0.001391 
5469 0.001391 
5470 0.001391 
5471 0.488260 
5472 0.488260 
5473 0.488260 
5474 0.488260 
5475 0.488260 
5476 0.001391 
5477 0.397007 
5478 0.397007 
5479 -0.358640 
5480 -0.358640 
5481 -0.358640 
5482 0.001391 
5483 0.001391 
5484 0.001391 
5485 0.488260 
5486 0.488260 
5487 0.488260 
5488 0.488260 
5489 0.001391 
5490 0.397007 
5491 0.397007 
5492 0.397007 
5493 0.387017 
5494 0.001391 
5495 0.001391 
5496 0.001391 
5497 0.397007 
5498 0.397007 
5499 0.201049 
5500 0.201049 
5501 0.201049 
5502 0.078739 
5503 -0.386997 
5504 -0.386997 
5505 -0.386997 
5506 -0.386997 
5507 -0.386997 
5508 -0.386997 
5509 -0.058402 
5510 -0.058402 
5511 -0.058402 
5512 -0.058402 
5513 -0.395919 
5514 -0.395919 
5515 -0.395919 
5516 -0.395919 
5517 -0.204156 
5518 -0.204156 
5519 -0.204156 
5520 -0.204156 
5521 -0.204156 
5522 -0.204156 
5523 -0.204156 
5524 -0.204156 
5525 -0.386997 
5526 -0.386997 
5527 -0.386997 
5528 -0.386997 
5529 -0.058402 
5530 -0.058402 
5531 -0.386997 
5532 -0.386997 
5533 -0.386997 
5534 -0.386997 
5535 -0.386997 
5536 -0.386997 
5537 -0.386997 
5538 -0.386997 
5539 -0.386997 
5540 -0.058402 
5541 -0.058402 
5542 -0.058402 
5543 -0.058402 
5544 -0.058402 
5545 -0.058402 
5546 -0.395919 
5547 -0.395919 
5548 -0.395919 
5549 -0.395919 
5550 -0.204156 
5551 -0.204156 
5552 -0.204156 
5553 -0.204156 
5554 -0.204156 
5555 -0.204156 
5556 -0.204156 
5557 -0.204156 
5558 -0.204156 
5559 -0.204156 
5560 -0.204156 
5561 -0.386997 
5562 -0.204156 
5563 -0.204156 
5564 -0.386997 
5565 -0.386997 
5566 -0.058402 
5567 -0.058402 
5568 -0.058402 
5569 -0.058402 
5570 -0.058402 
5571 -0.386997 
5572 0.488260 
5573 0.488260 
5574 -0.386997 
5575 0.488260 
5576 0.488260 
5577 -0.386997 
5578 -0.140632 
5579 -0.140632 
5580 -0.058402 
5581 -0.140632 
5582 -0.140632 
5583 -0.058402 
5584 -0.058402 
5585 -0.058402 
5586 -0.395919 
5587 -0.140632 
5588 -0.140632 
5589 -0.204156 
5590 -0.140632 
5591 -0.140632 
5592 -0.204156 
5593 -0.204156 
5594 -0.204156 
5595 -0.204156 
5596 -0.204156 
5597 -0.204156 
5598 -0.204156 
5599 -0.204156 
5600 -0.204156 
5601 -0.204156 
5602 -0.204156 
5603 0.488260 
5604 0.488260 
5605 -0.058402 
5606 0.488260 
5607 0.488260 
5608 -0.058402 
5609 0.488260 
5610 0.488260 
5611 0.488260 
5612 0.488260 
5613 0.488260 
5614 0.488260 
5615 0.488260 
5616 0.488260 
5617 -0.140632 
5618 -0.140632 
5619 -0.140632 
5620 -0.140632 
5621 -0.140632 
5622 -0.140632 
5623 -0.058402 
5624 -0.140632 
5625 -0.140632 
5626 -0.140632 
5627 -0.140632 
5628 -0.140632 
5629 -0.140632 
5630 -0.204156 
5631 -0.204156 
5632 -0.204156 
5633 -0.204156 
5634 -0.204156 
5635 -0.204156 
5636 -0.204156 
5637 -0.204156 
5638 -0.204156 
5639 -0.204156 
5640 0.488260 
5641 0.488260 
5642 0.488260 
5643 0.488260 
5644 0.488260 
5645 0.488260 
5646 0.488260 
5647 0.488260 
5648 0.488260 
5649 0.488260 
5650 0.488260 
5651 0.488260 
5652 0.488260 
5653 0.488260 
5654 0.488260 
5655 0.488260 
5656 0.488260 
5657 -0.140632 
5658 -0.140632 
5659 -0.140632 
5660 -0.140632 
5661 -0.140632 
5662 -0.140632 
5663 -0.140632 
5664 -0.140632 
5665 -0.140632 
5666 -0.140632 
5667 -0.140632 
5668 -0.140632 
5669 -0.204156 
5670 -0.140632 
5671 -0.140632 
5672 -0.140632 
5673 -0.204156 
5674 -0.204156 
5675 -0.140632 
5676 -0.140632 
5677 -0.358640 
5678 -0.358640 
5679 0.488260 
5680 0.488260 
5681 0.488260 
5682 0.488260 
5683 0.488260 
5684 0.488260 
5685 0.488260 
5686 0.488260 
5687 0.488260 
5688 0.488260 
5689 0.488260 
5690 0.488260 
5691 0.488260 
5692 0.488260 
5693 0.488260 
5694 0.488260 
5695 0.488260 
5696 0.488260 
5697 -0.140632 
5698 0.488260 
5699 0.488260 
5700 -0.140632 
5701 -0.140632 
5702 -0.140632 
5703 -0.140632 
5704 -0.140632 
5705 -0.140632 
5706 -0.140632 
5707 -0.140632 
5708 -0.140632 
5709 -0.140632 
5710 -0.140632 
5711 -0.140632 
5712 -0.140632 
5713 -0.140632 
5714 -0.358640 
5715 -0.358640 
5716 -0.358640 
5717 -0.358640 
5718 -0.358640 
5719 0.488260 
5720 0.001391 
5721 0.001391 
5722 0.488260 
5723 -0.027019 
5724 -0.027019 
5725 0.488260 
5726 -0.027019 
5727 -0.027019 
5728 0.488260 
5729 0.488260 
5730 0.488260 
5731 0.488260 
5732 0.488260 
5733 0.488260 
5734 0.488260 
5735 0.488260 
5736 0.488260 
5737 0.488260 
5738 0.488260 
5739 0.488260 
5740 -0.140632 
5741 0.488260 
5742 0.488260 
5743 -0.140632 
5744 0.488260 
5745 0.488260 
5746 -0.140632 
5747 -0.140632 
5748 -0.140632 
5749 -0.140632 
5750 -0.140632 
5751 -0.358640 
5752 -0.358640 
5753 -0.358640 
5754 -0.358640 
5755 -0.358640 
5756 -0.358640 
5757 -0.358640 
5758 -0.358640 
5759 0.001391 
5760 -0.358640 
5761 -0.358640 
5762 -0.027019 
5763 0.001391 
5764 0.001391 
5765 -0.027019 
5766 0.488260 
5767 0.488260 
5768 0.488260 
5769 0.488260 
5770 0.488260 
5771 0.488260 
5772 0.488260 
5773 0.488260 
5774 0.488260 
5775 0.488260 
5776 0.488260 
5777 0.488260 
5778 0.488260 
5779 0.488260 
5780 0.488260 
5781 0.488260 
5782 0.488260 
5783 0.001391 
5784 -0.140632 
5785 -0.140632 
5786 0.001391 
5787 0.001391 
5788 -0.358640 
5789 -0.358640 
5790 -0.358640 
5791 -0.358640 
5792 -0.358640 
5793 -0.358640 
5794 -0.358640 
5795 -0.358640 
5796 -0.358640 
5797 -0.358640 
5798 -0.358640 
5799 -0.358640 
5800 0.001391 
5801 0.001391 
5802 0.001391 
5803 0.488260 
5804 0.488260 
5805 0.488260 
5806 0.488260 
5807 0.488260 
5808 0.488260 
5809 0.488260 
5810 0.488260 
5811 0.488260 
5812 0.488260 
5813 0.488260 
5814 0.488260 
5815 0.488260 
5816 0.488260 
5817 0.488260 
5818 0.488260 
5819 0.488260 
5820 0.001391 
5821 0.488260 
5822 0.488260 
5823 0.001391 
5824 0.001391 
5825 0.397007 
5826 0.397007 
5827 -0.358640 
5828 -0.358640 
5829 -0.358640 
5830 -0.358640 
5831 -0.358640 
5832 -0.358640 
5833 -0.358640 
5834 -0.358640 
5835 -0.358640 
5836 0.001391 
5837 -0.358640 
5838 -0.358640 
5839 0.001391 
5840 0.001391 
5841 0.001391 
5842 0.001391 
5843 0.488260 
5844 0.488260 
5845 0.488260 
5846 0.488260 
5847 0.488260 
5848 0.488260 
5849 0.488260 
5850 0.488260 
5851 0.488260 
5852 0.488260 
5853 0.488260 
5854 0.488260 
5855 0.488260 
5856 0.488260 
5857 0.001391 
5858 0.488260 
5859 0.488260 
5860 0.001391 
5861 0.001391 
5862 0.397007 
5863 0.397007 
5864 0.397007 
5865 -0.358640 
5866 -0.358640 
5867 -0.358640 
5868 -0.358640 
5869 -0.358640 
5870 -0.358640 
5871 -0.358640 
5872 -0.358640 
5873 -0.358640 
5874 0.001391 
5875 0.001391 
5876 0.001391 
5877 0.001391 
5878 0.001391 
5879 0.001391 
5880 0.001391 
5881 0.001391 
5882 0.001391 
5883 0.488260 
5884 0.488260 
5885 0.488260 
5886 0.488260 
5887 0.488260 
5888 0.488260 
5889 0.488260 
5890 0.488260 
5891 0.488260 
5892 0.488260 
5893 0.488260 
5894 0.001391 
5895 0.488260 
5896 0.488260 
5897 0.001391 
5898 0.001391 
5899 0.397007 
5900 0.397007 
5901 0.397007 
5902 0.397007 
5903 0.397007 
5904 0.397007 
5905 -0.358640 
5906 -0.358640 
5907 0.387017 
5908 -0.358640 
5909 -0.358640 
5910 0.001391 
5911 -0.358640 
5912 -0.358640 
5913 0.001391 
5914 0.001391 
5915 0.001391 
5916 0.001391 
5917 0.001391 
5918 0.001391 
5919 0.397007 
5920 0.001391 
5921 0.001391 
5922 0.397007 
5923 0.488260 
5924 0.488260 
5925 0.201049 
5926 0.488260 
5927 0.488260 
5928 0.201049 
5929 0.488260 
5930 0.488260 
5931 0.078739 
5932 0.201049 
5933 0.201049 
5934 0.001391 
5935 0.001391 
5936 0.397007 
5937 0.397007 
5938 0.397007 
5939 0.397007 
5940 0.397007 
5941 0.397007 
5942 0.387017 
5943 0.387017 
5944 0.001391 
5945 0.001391 
5946 0.001391 
5947 0.001391 
5948 0.001391 
5949 0.001391 
5950 0.397007 
5951 0.397007 
5952 0.397007 
5953 0.397007 
5954 0.201049 
5955 0.201049 
5956 0.201049 
5957 0.201049 
5958 0.201049 
5959 0.201049 
5960 0.078739 
5961 0.078739 
