2642 1
1497 3.259526 
1527 3.118994 
2046 3.079637 
1567 3.007484 
1616 3.006122 
2439 2.985301 
870 2.979434 
1629 2.964897 
2057 2.944779 
2013 2.936579 
2520 2.932659 
2050 2.920488 
2543 2.919761 
338 2.905071 
1606 2.818339 
660 2.756618 
1549 2.756564 
884 2.745832 
712 2.743657 
841 2.727846 
703 2.727658 
475 2.700575 
2513 2.666687 
1614 2.661448 
2404 2.660578 
2506 2.654583 
252 2.634396 
1634 2.624153 
2028 2.576216 
783 2.543882 
1968 2.541861 
1897 2.527106 
2527 2.514489 
2172 2.507980 
1922 2.507534 
1626 2.503341 
867 2.472116 
258 2.471518 
2077 2.466880 
2160 2.445999 
1975 2.438808 
2557 2.430053 
2387 2.416815 
1647 2.389776 
1733 2.389583 
2368 2.383260 
1222 2.379800 
2112 2.374743 
1585 2.373859 
1487 2.365718 
666 2.355046 
1523 2.349464 
848 2.342613 
2184 2.322336 
1995 2.319621 
469 2.316206 
2539 2.311365 
2152 2.299180 
2569 2.298994 
2491 2.297896 
461 2.293849 
2080 2.292462 
753 2.291731 
1964 2.290923 
1269 2.289145 
2433 2.286938 
2477 2.282902 
603 2.276150 
669 2.270724 
1870 2.269826 
2429 2.266577 
2493 2.265480 
351 2.264738 
836 2.250811 
1928 2.247857 
1489 2.241344 
1026 2.232674 
1395 2.231370 
1214 2.209119 
1211 2.200810 
1622 2.200538 
1952 2.196271 
1481 2.195209 
1185 2.192250 
2550 2.190998 
2465 2.189760 
844 2.188860 
1637 2.183657 
2428 2.183590 
2470 2.181533 
2093 2.177839 
1530 2.174748 
2485 2.165093 
2548 2.159177 
706 2.158685 
2087 2.156430 
2241 2.156362 
1711 2.143621 
328 2.142673 
2496 2.141247 
1640 2.139966 
1576 2.139711 
2074 2.135540 
1960 2.134508 
2481 2.134083 
1492 2.130912 
2511 2.125633 
635 2.124366 
786 2.122477 
640 2.121409 
1905 2.113844 
922 2.111166 
1758 2.088413 
1475 2.087975 
608 2.084612 
2560 2.083278 
1668 2.079178 
1695 2.078375 
1511 2.077886 
1718 2.075144 
711 2.070695 
572 2.070032 
818 2.065596 
1610 2.061260 
2508 2.059901 
1516 2.056786 
643 2.051068 
587 2.049656 
852 2.049271 
1892 2.048930 
1013 2.046581 
1641 2.045694 
2503 2.043396 
756 2.038448 
2098 2.037579 
829 2.036915 
324 2.034844 
1545 2.033683 
1985 2.031646 
1802 2.027573 
2255 2.026295 
2191 2.022033 
1457 2.021776 
497 2.015960 
1563 2.015897 
2135 2.014659 
581 2.014158 
2223 2.010763 
1611 2.010299 
2582 2.006013 
834 2.005341 
812 2.001519 
795 2.001116 
564 1.993634 
1203 1.992310 
1737 1.992002 
589 1.991704 
1956 1.985539 
1621 1.984277 
776 1.984164 
1965 1.983278 
2532 1.978761 
1470 1.977902 
2182 1.974451 
1756 1.974417 
1376 1.973919 
2354 1.969463 
2202 1.967694 
433 1.967540 
1570 1.967331 
1701 1.964170 
2063 1.962368 
479 1.960974 
908 1.957793 
1456 1.954864 
1911 1.953909 
1558 1.952777 
2632 1.951316 
2621 1.950540 
2103 1.947992 
2372 1.947463 
536 1.946763 
398 1.943936 
1583 1.942557 
1940 1.941596 
1424 1.939660 
1513 1.936504 
2227 1.933528 
1904 1.933408 
874 1.929559 
468 1.929118 
2119 1.927480 
511 1.925762 
819 1.924929 
1872 1.923391 
637 1.921936 
1559 1.918409 
2158 1.917314 
1707 1.917125 
726 1.914905 
414 1.914565 
1791 1.913958 
708 1.912304 
1444 1.911373 
2066 1.910493 
1712 1.907183 
2530 1.907171 
1785 1.906883 
1851 1.906700 
593 1.905012 
728 1.897018 
1455 1.894697 
1111 1.892262 
1779 1.891859 
2010 1.889609 
1724 1.884654 
535 1.884393 
960 1.878247 
813 1.877543 
1879 1.877469 
744 1.876652 
1554 1.875187 
758 1.874864 
582 1.874366 
2395 1.871802 
1588 1.870918 
1029 1.869819 
2120 1.869592 
1440 1.868827 
2396 1.868311 
736 1.868145 
2181 1.867970 
2432 1.867326 
2631 1.863634 
1889 1.861686 
2553 1.861442 
1800 1.860831 
766 1.858890 
2235 1.858076 
1773 1.857175 
910 1.856815 
2225 1.856699 
1893 1.853649 
2209 1.853259 
1215 1.852900 
596 1.852839 
2149 1.852627 
2399 1.850306 
1648 1.849951 
2418 1.844550 
2473 1.843426 
1638 1.843384 
2016 1.842333 
1918 1.841712 
509 1.841566 
2534 1.838999 
2386 1.838546 
350 1.838098 
537 1.837704 
574 1.837554 
1792 1.836927 
1908 1.835419 
2343 1.831880 
682 1.829846 
692 1.829025 
2625 1.828445 
1947 1.828013 
556 1.826349 
1592 1.825748 
342 1.825486 
2638 1.824845 
1655 1.824198 
2394 1.823974 
2403 1.821201 
2001 1.820987 
2192 1.820271 
837 1.819669 
1645 1.818639 
568 1.817981 
826 1.817391 
2317 1.817120 
2360 1.816433 
1740 1.815594 
504 1.811364 
1996 1.810645 
1754 1.810054 
1836 1.809998 
577 1.809606 
1955 1.809532 
598 1.807743 
2216 1.805543 
2280 1.804409 
104 1.803355 
1854 1.802148 
1519 1.799840 
913 1.798413 
770 1.797966 
1798 1.796878 
721 1.796103 
653 1.796063 
2476 1.793799 
1677 1.792082 
1727 1.791810 
1582 1.786736 
477 1.785098 
1354 1.781766 
1924 1.780611 
2290 1.780444 
1602 1.779612 
1991 1.778568 
2247 1.777581 
560 1.777556 
1393 1.775717 
2269 1.775353 
1789 1.774484 
2336 1.773769 
2500 1.772648 
2104 1.772112 
1830 1.770681 
486 1.768376 
1528 1.767668 
1882 1.767313 
2449 1.767070 
1595 1.765383 
2326 1.764957 
2375 1.764565 
2457 1.764538 
610 1.762170 
103 1.760384 
1650 1.758865 
1571 1.758612 
2402 1.755833 
1652 1.754496 
798 1.753152 
1837 1.752802 
2613 1.748388 
1938 1.747407 
2176 1.746349 
750 1.745769 
2579 1.745358 
2615 1.744142 
2568 1.744010 
1855 1.742742 
746 1.742121 
2215 1.740120 
970 1.740085 
2186 1.738775 
1890 1.737841 
1534 1.737159 
1504 1.736640 
2295 1.735814 
1477 1.735285 
2349 1.734569 
2610 1.731694 
2116 1.731183 
775 1.730188 
1662 1.729287 
495 1.729211 
1717 1.729142 
2414 1.729132 
1767 1.728715 
2450 1.728257 
742 1.728075 
1731 1.727489 
2330 1.725551 
106 1.724583 
1672 1.724480 
2594 1.724314 
2256 1.722840 
1878 1.722808 
1811 1.721320 
1025 1.720943 
2364 1.720632 
2445 1.718277 
2456 1.716737 
2356 1.715480 
548 1.715430 
2353 1.714185 
1112 1.713001 
2338 1.712932 
2345 1.712841 
1980 1.711687 
1743 1.711428 
1901 1.709886 
969 1.709640 
657 1.709617 
654 1.708233 
2005 1.707523 
606 1.707066 
1439 1.704009 
985 1.699325 
490 1.696167 
481 1.696081 
1849 1.696064 
830 1.695236 
2546 1.694488 
1420 1.689257 
1983 1.687972 
679 1.687950 
547 1.686078 
2415 1.685604 
764 1.685217 
1957 1.684972 
1705 1.684120 
1721 1.683978 
697 1.683890 
835 1.683715 
1916 1.682034 
1769 1.681892 
1679 1.681617 
463 1.681312 
2145 1.679446 
2451 1.678656 
2463 1.677270 
2133 1.677197 
754 1.676502 
771 1.675908 
2194 1.675201 
2447 1.673491 
1308 1.672860 
2388 1.672586 
733 1.671676 
952 1.670417 
825 1.669733 
718 1.669108 
1884 1.668613 
1822 1.668567 
562 1.667433 
2261 1.667304 
705 1.667165 
1796 1.664637 
1762 1.664340 
2332 1.664275 
1578 1.663945 
1542 1.662698 
903 1.662409 
2322 1.662199 
2486 1.662194 
505 1.661256 
2347 1.660381 
2230 1.659947 
549 1.659129 
1748 1.658789 
487 1.658567 
2070 1.658001 
1536 1.657211 
2198 1.656863 
2518 1.655995 
2221 1.655536 
483 1.655512 
1425 1.655456 
1783 1.655234 
1666 1.653987 
1778 1.653191 
1913 1.652083 
668 1.650473 
1382 1.649594 
1208 1.648915 
1561 1.648385 
492 1.647912 
2024 1.647765 
1658 1.646324 
1999 1.645665 
2422 1.644979 
2492 1.644389 
2446 1.642536 
961 1.641209 
1690 1.641204 
677 1.640283 
1915 1.639464 
1871 1.639420 
405 1.639385 
1661 1.639104 
921 1.639014 
1310 1.638945 
2266 1.637770 
1825 1.636032 
1826 1.634963 
2306 1.633982 
2310 1.631899 
590 1.631252 
1848 1.630856 
1633 1.630628 
723 1.630430 
777 1.628769 
1200 1.628762 
1738 1.628534 
2239 1.627821 
2315 1.624179 
1572 1.623936 
2094 1.622309 
2086 1.621134 
1981 1.620811 
1687 1.618366 
1515 1.618328 
872 1.617970 
1397 1.614285 
639 1.613294 
2583 1.613126 
719 1.613086 
1722 1.610940 
1599 1.610465 
1586 1.608570 
2426 1.607594 
738 1.606358 
2459 1.604346 
586 1.603155 
729 1.602225 
2575 1.601659 
2544 1.601540 
2298 1.600735 
2293 1.600603 
769 1.599407 
2262 1.599362 
925 1.599263 
607 1.598376 
917 1.597238 
2096 1.596430 
797 1.593871 
674 1.593422 
2616 1.593094 
561 1.592337 
956 1.592064 
1430 1.590839 
1745 1.590637 
1659 1.590481 
2039 1.590177 
2425 1.589890 
554 1.589411 
1744 1.589385 
1674 1.588228 
1704 1.588165 
2335 1.585101 
2150 1.583438 
2199 1.582896 
2554 1.582729 
1688 1.582714 
2324 1.582314 
2369 1.582183 
2036 1.581937 
2248 1.581912 
1597 1.581373 
716 1.579455 
578 1.579445 
1814 1.579351 
1540 1.579340 
2413 1.579028 
2071 1.578197 
1807 1.577807 
1698 1.577458 
2318 1.576597 
485 1.576484 
2526 1.575115 
2214 1.574463 
2566 1.573074 
1764 1.572477 
2592 1.571471 
949 1.570553 
1805 1.570297 
1760 1.569560 
2300 1.569264 
1675 1.569134 
2565 1.568255 
648 1.567075 
2328 1.566844 
1113 1.566349 
1689 1.566309 
1109 1.565066 
1799 1.564821 
1846 1.564265 
2480 1.564002 
2218 1.561846 
2250 1.561414 
2190 1.560115 
1589 1.559397 
1607 1.558588 
955 1.557271 
2237 1.556563 
732 1.555547 
2111 1.553343 
649 1.552813 
2344 1.552582 
2316 1.552387 
2409 1.552168 
1989 1.551611 
1398 1.550563 
1887 1.549440 
720 1.549201 
2323 1.548943 
2350 1.548701 
957 1.548513 
1865 1.548313 
2380 1.548221 
2205 1.548007 
2234 1.545757 
1931 1.544443 
1832 1.544047 
2204 1.543949 
343 1.542925 
1777 1.542589 
1546 1.542461 
1856 1.542332 
1539 1.541817 
2257 1.541270 
1693 1.541100 
1809 1.539940 
1902 1.539156 
678 1.538247 
827 1.538193 
2229 1.536425 
1815 1.534182 
2277 1.532369 
374 1.530798 
1912 1.530288 
2383 1.529285 
1935 1.529258 
2400 1.529082 
919 1.528806 
1600 1.527998 
1494 1.526805 
2038 1.525883 
2536 1.525666 
1569 1.524950 
1945 1.523663 
550 1.523058 
1533 1.522691 
906 1.522627 
2268 1.522107 
1110 1.521366 
1681 1.520368 
650 1.519272 
1115 1.518904 
1860 1.517886 
1682 1.517350 
1819 1.513621 
2000 1.511827 
1686 1.511596 
1732 1.511565 
862 1.511356 
1821 1.510580 
948 1.510547 
1716 1.510311 
1580 1.509718 
1820 1.509571 
415 1.507500 
2366 1.507223 
2134 1.507205 
2488 1.506943 
2085 1.506699 
767 1.506139 
1926 1.506063 
2265 1.505960 
1714 1.504178 
1853 1.502116 
1834 1.501783 
1696 1.501078 
1761 1.500723 
1817 1.499868 
2362 1.498029 
326 1.497967 
2249 1.497131 
1656 1.496309 
2591 1.493784 
1929 1.493075 
1808 1.491703 
1427 1.491241 
2115 1.491182 
2390 1.489721 
2408 1.489370 
2460 1.489120 
2252 1.488898 
2622 1.488153 
675 1.486656 
1276 1.486094 
513 1.486009 
934 1.485412 
1667 1.484922 
2455 1.484913 
1538 1.484908 
515 1.484894 
2367 1.484371 
1864 1.483929 
1270 1.483685 
1615 1.483227 
734 1.482875 
2393 1.482829 
656 1.482145 
941 1.480629 
2270 1.480205 
2043 1.479574 
2424 1.479266 
2314 1.476643 
2361 1.476451 
2099 1.475760 
2075 1.475400 
571 1.473996 
673 1.473598 
2109 1.472923 
597 1.471936 
1438 1.471868 
1842 1.471674 
1775 1.471522 
2342 1.471095 
2452 1.470349 
1833 1.469847 
853 1.469742 
1976 1.469549 
1129 1.469365 
1933 1.468922 
2467 1.468147 
1437 1.466919 
1747 1.466832 
1780 1.465613 
672 1.464637 
498 1.463855 
1847 1.462831 
1816 1.461873 
724 1.460958 
327 1.460554 
1573 1.459355 
2462 1.459341 
1979 1.458789 
2006 1.457867 
2297 1.457325 
2329 1.456182 
1309 1.454370 
1874 1.454121 
731 1.454102 
2417 1.453853 
1844 1.453773 
772 1.453663 
1969 1.451724 
1977 1.451564 
2136 1.451402 
927 1.450916 
2578 1.450716 
931 1.450126 
2037 1.449911 
1862 1.449735 
2301 1.448349 
2333 1.448205 
2159 1.447919 
2359 1.446698 
2618 1.445078 
2110 1.442255 
1663 1.441407 
638 1.441269 
1861 1.441143 
1766 1.440848 
1220 1.440595 
2334 1.440271 
2069 1.438775 
1384 1.437016 
1859 1.436198 
2195 1.434907 
2572 1.434223 
1881 1.434194 
1574 1.432550 
1812 1.431503 
1703 1.430961 
1685 1.430894 
1575 1.430431 
472 1.430275 
2213 1.430016 
565 1.429582 
553 1.429223 
2421 1.428209 
1886 1.428105 
2296 1.426464 
2155 1.426026 
1669 1.424680 
1863 1.424237 
1028 1.422939 
1752 1.422861 
950 1.422654 
340 1.422269 
1552 1.421080 
2466 1.420486 
102 1.417603 
1699 1.417280 
658 1.415619 
846 1.415438 
2178 1.414912 
2064 1.414668 
688 1.413973 
2107 1.413331 
2079 1.413153 
2004 1.412903 
2201 1.411773 
2474 1.411751 
1428 1.411659 
2311 1.410698 
1598 1.409576 
2609 1.407852 
2291 1.405657 
2307 1.403875 
1794 1.403565 
1813 1.403452 
2236 1.402092 
796 1.401631 
1790 1.400940 
1223 1.400434 
778 1.398366 
1728 1.398199 
1818 1.398089 
2348 1.397912 
947 1.397823 
667 1.395997 
953 1.395872 
1177 1.394663 
2289 1.393477 
1479 1.392600 
1987 1.391743 
1806 1.391016 
2614 1.390126 
1664 1.389964 
2590 1.389848 
2577 1.389228 
743 1.387919 
527 1.387113 
2240 1.386530 
2081 1.386131 
1750 1.385398 
570 1.385332 
2617 1.385255 
1553 1.385115 
2305 1.384893 
566 1.384229 
449 1.383936 
1596 1.383435 
877 1.381733 
904 1.380444 
1541 1.379856 
1944 1.379738 
918 1.379269 
2008 1.378296 
2207 1.377491 
1537 1.377046 
1827 1.376927 
2454 1.376795 
2512 1.375878 
2381 1.375347 
933 1.372901 
2206 1.371574 
2340 1.371304 
1579 1.370936 
2507 1.369963 
1873 1.369168 
1888 1.367618 
2117 1.367399 
2312 1.367272 
1858 1.367229 
2299 1.366730 
963 1.364812 
2231 1.363376 
2101 1.363315 
2304 1.362524 
555 1.361992 
882 1.361192 
2531 1.361143 
2030 1.360698 
1934 1.360410 
1845 1.358991 
457 1.358978 
2267 1.357904 
2327 1.357377 
1680 1.356657 
2138 1.356504 
2007 1.356211 
2419 1.355740 
1936 1.355717 
1683 1.355523 
1388 1.353925 
2620 1.352195 
1835 1.350855 
1429 1.350191 
760 1.349912 
691 1.349903 
591 1.349417 
1943 1.349409 
1963 1.349398 
2062 1.347059 
1828 1.346995 
951 1.346950 
1709 1.346885 
557 1.346167 
2308 1.345073 
1749 1.344801 
1772 1.342454 
2411 1.341158 
2210 1.341123 
2420 1.341009 
2302 1.340607 
1829 1.339538 
559 1.338125 
2089 1.338123 
1782 1.336254 
2558 1.336185 
1697 1.334883 
1932 1.334775 
929 1.333752 
110 1.332311 
2217 1.331620 
1442 1.331070 
2251 1.330558 
2243 1.330392 
1883 1.329631 
1702 1.329599 
2528 1.329303 
529 1.327151 
924 1.324919 
1942 1.324787 
1768 1.324345 
1866 1.321496 
2398 1.320987 
1011 1.320878 
1684 1.320054 
1485 1.319646 
1984 1.319508 
915 1.318735 
1990 1.318181 
2108 1.317572 
2357 1.316743 
2619 1.315603 
1543 1.315190 
1925 1.314710 
2499 1.312698 
2246 1.309964 
2253 1.309100 
601 1.308449 
968 1.306638 
2341 1.305443 
2389 1.305416 
2011 1.305297 
1627 1.304512 
1993 1.302634 
1843 1.301543 
923 1.301042 
2576 1.297996 
1786 1.296812 
843 1.295975 
2321 1.295332 
625 1.293386 
926 1.292440 
1885 1.292073 
1804 1.292019 
1867 1.291000 
488 1.290926 
1741 1.289369 
725 1.289197 
1730 1.288528 
973 1.288443 
1531 1.287927 
2555 1.287459 
1399 1.287377 
1831 1.286633 
1367 1.285421 
2320 1.285010 
1823 1.282964 
741 1.282778 
1857 1.281963 
1937 1.279330 
1349 1.278039 
482 1.277834 
1927 1.277321 
2309 1.276315 
1532 1.276051 
1917 1.274966 
811 1.274936 
2068 1.274835 
2106 1.274515 
890 1.273738 
2497 1.273037 
1770 1.272041 
1751 1.271890 
174 1.270044 
1961 1.270025 
1544 1.269180 
2122 1.267984 
480 1.267924 
2627 1.266020 
2294 1.264825 
1657 1.261513 
1720 1.260831 
2501 1.259413 
579 1.258920 
2040 1.254879 
2208 1.254727 
2564 1.252468 
1755 1.250053 
2238 1.248226 
2453 1.248171 
2410 1.247892 
1482 1.247236 
1409 1.245404 
773 1.245398 
2352 1.245215 
1665 1.245091 
1441 1.244954 
1997 1.243641 
1771 1.243605 
1839 1.243286 
1591 1.242272 
1483 1.239077 
2245 1.239029 
2475 1.238583 
2260 1.236687 
1486 1.236011 
1114 1.235914 
412 1.235641 
2203 1.235473 
761 1.234959 
774 1.233599 
2263 1.231876 
2088 1.231268 
1784 1.230402 
2228 1.228942 
1514 1.227421 
1603 1.227355 
316 1.224465 
1795 1.224449 
831 1.224026 
2002 1.223188 
2339 1.222490 
2105 1.221799 
936 1.220547 
2003 1.219921 
2373 1.219300 
1753 1.218964 
2009 1.218713 
1653 1.218305 
1729 1.218056 
558 1.216663 
2292 1.216374 
107 1.215182 
1898 1.211195 
1594 1.210393 
1726 1.209737 
2102 1.208918 
2100 1.208186 
2189 1.208005 
2629 1.204792 
2469 1.203822 
1408 1.203251 
112 1.202564 
260 1.200809 
2020 1.200019 
1182 1.197602 
1781 1.195579 
1436 1.195409 
1900 1.193899 
2232 1.193592 
757 1.193402 
2212 1.190586 
2363 1.190564 
1694 1.190298 
1414 1.188455 
2258 1.188075 
2259 1.187365 
1510 1.185516 
2219 1.185127 
2156 1.183059 
569 1.182076 
891 1.181673 
2391 1.180553 
2014 1.179786 
321 1.177572 
431 1.177551 
2274 1.176679 
1691 1.176639 
1739 1.175232 
1787 1.174665 
1210 1.173657 
262 1.170288 
680 1.167627 
1535 1.167079 
1557 1.165416 
2588 1.164132 
1030 1.163532 
2211 1.161712 
1671 1.161193 
263 1.161042 
1939 1.160593 
1673 1.160220 
1723 1.159590 
2264 1.159035 
1998 1.158567 
2358 1.158486 
567 1.158427 
912 1.158092 
676 1.157160 
1841 1.156602 
1311 1.155951 
2468 1.154495 
2313 1.154132 
685 1.153208 
2288 1.152295 
2303 1.152023 
2033 1.151627 
655 1.150636 
341 1.149914 
2113 1.147712 
1710 1.145844 
740 1.143308 
105 1.143057 
1417 1.142976 
2545 1.142592 
1476 1.139886 
1793 1.138772 
317 1.136585 
1914 1.134614 
959 1.133945 
1941 1.131895 
2233 1.131297 
2197 1.130671 
681 1.130505 
1518 1.129049 
832 1.128188 
976 1.126739 
1660 1.123703 
2196 1.122194 
2407 1.121072 
1167 1.119535 
1715 1.119464 
847 1.119296 
2567 1.117817 
2630 1.117127 
1713 1.115684 
1593 1.115363 
1555 1.114810 
651 1.113583 
785 1.110960 
2427 1.107970 
1959 1.107419 
2222 1.106491 
1735 1.103553 
613 1.100093 
1903 1.099695 
583 1.098814 
1757 1.098592 
2153 1.098130 
1868 1.098109 
937 1.097222 
1880 1.096625 
2244 1.095958 
2065 1.094616 
1994 1.094303 
1746 1.092556 
1651 1.092102 
2193 1.092003 
2423 1.091827 
1670 1.091362 
1950 1.090657 
943 1.088477 
1366 1.087544 
1921 1.087308 
1876 1.087093 
1676 1.086979 
1973 1.085223 
2224 1.082653 
1348 1.080624 
935 1.077067 
737 1.074704 
2547 1.073818 
1070 1.071791 
318 1.071700 
2365 1.067648 
2337 1.063495 
1774 1.061989 
1415 1.060480 
1824 1.060363 
1202 1.054055 
1678 1.049095 
863 1.048717 
2416 1.045423 
962 1.040532 
2041 1.040481 
1584 1.037011 
413 1.035543 
2078 1.033736 
2405 1.031977 
1601 1.030555 
1654 1.028379 
1128 1.027863 
576 1.026036 
2188 1.025957 
1725 1.023811 
380 1.023614 
2092 1.022816 
916 1.022377 
2273 1.019031 
1958 1.018473 
2200 1.017732 
2494 1.017494 
2325 1.017215 
2608 1.016865 
2371 1.016379 
686 1.015638 
2489 1.014042 
939 1.013054 
1297 1.008832 
845 1.006072 
805 1.006015 
1765 1.005797 
1550 1.004906 
585 1.002265 
594 1.001721 
920 0.998956 
1946 0.995220 
1875 0.994299 
1031 0.994219 
2624 0.992828 
2271 0.990974 
1838 0.989154 
2031 0.985414 
865 0.984790 
339 0.984458 
2472 0.981018 
1742 0.980176 
975 0.977919 
1949 0.977495 
390 0.974848 
1708 0.974474 
1620 0.974080 
2461 0.970337 
652 0.969695 
2072 0.968300 
748 0.967509 
2331 0.963369 
2533 0.955952 
1624 0.955925 
502 0.954927 
2471 0.954230 
2626 0.950661 
605 0.948888 
1978 0.947800 
109 0.947270 
2073 0.946142 
977 0.944413 
1700 0.941248 
1631 0.939860 
2628 0.933796 
909 0.931750 
659 0.929189 
2498 0.928798 
1992 0.928633 
2351 0.927038 
1526 0.925775 
954 0.921211 
1986 0.920539 
664 0.919462 
1404 0.918268 
166 0.918073 
373 0.917199 
111 0.915381 
1012 0.914582 
306 0.913889 
1877 0.911224 
978 0.910902 
2254 0.910316 
984 0.908122 
1909 0.905682 
1619 0.905268 
992 0.902174 
1272 0.901959 
869 0.901360 
1501 0.899851 
994 0.898420 
297 0.893673 
2521 0.888305 
1520 0.883584 
1810 0.876373 
2067 0.876314 
1014 0.874204 
2242 0.870317 
1370 0.869086 
1962 0.862389 
2635 0.858149 
293 0.855748 
1923 0.854977 
1077 0.847855 
707 0.839427 
489 0.837859 
1971 0.836358 
1120 0.834118 
2095 0.833782 
1894 0.833044 
2082 0.830588 
1047 0.828204 
1590 0.827811 
864 0.827558 
1133 0.825014 
584 0.824429 
1910 0.818702 
1988 0.815444 
1801 0.814619 
2346 0.813300 
1920 0.813029 
2571 0.812728 
2585 0.811242 
714 0.807516 
2131 0.805264 
905 0.804087 
1692 0.802115 
1551 0.800833 
478 0.798084 
2144 0.798063 
2412 0.797332 
1803 0.790131 
671 0.788241 
859 0.786611 
1953 0.784290 
1974 0.779166 
2220 0.779161 
1982 0.775994 
1175 0.771525 
815 0.770707 
1763 0.770605 
315 0.769626 
1547 0.766665 
1306 0.766443 
563 0.765210 
2384 0.762392 
2637 0.761641 
661 0.759509 
580 0.754965 
1899 0.754020 
1010 0.753217 
1125 0.752676 
2048 0.751754 
1719 0.746682 
476 0.743585 
1257 0.736208 
1869 0.732820 
1355 0.731835 
1512 0.731060 
889 0.730483 
1896 0.728242 
2154 0.726496 
114 0.726036 
588 0.722866 
2510 0.718132 
1517 0.716658 
1198 0.713807 
814 0.712711 
409 0.712555 
1734 0.706915 
1503 0.705648 
1238 0.705388 
806 0.696809 
1164 0.694159 
2157 0.693980 
1972 0.689328 
2636 0.687752 
2083 0.682099 
1082 0.681771 
2406 0.678168 
170 0.675661 
575 0.672128 
1612 0.668468 
1522 0.666040 
886 0.665341 
1891 0.664867 
1895 0.658804 
662 0.658147 
55 0.657915 
2355 0.653203 
573 0.651621 
1138 0.648908 
1426 0.648763 
1759 0.643790 
894 0.639515 
2278 0.639162 
510 0.636698 
713 0.636133 
966 0.633868 
345 0.632371 
1630 0.629722 
1381 0.628520 
2515 0.627687 
1736 0.625170 
474 0.624305 
1421 0.622498 
1118 0.610094 
2581 0.608557 
710 0.603353 
2478 0.603176 
335 0.598945 
2385 0.596446 
794 0.596442 
2177 0.595123 
2319 0.593705 
1075 0.591680 
2612 0.587540 
333 0.579916 
534 0.569831 
161 0.567964 
255 0.567621 
2035 0.567209 
1300 0.566565 
1706 0.566247 
765 0.562165 
1135 0.561408 
996 0.558199 
325 0.558055 
551 0.557698 
2623 0.555944 
1618 0.549246 
928 0.545816 
1086 0.545429 
1170 0.544307 
879 0.541652 
1967 0.535409 
2226 0.535220 
1174 0.532943 
2487 0.529922 
1124 0.526975 
1296 0.526383 
1206 0.495722 
1150 0.494464 
2537 0.492860 
1022 0.491232 
842 0.491080 
2047 0.488123 
2187 0.487617 
2169 0.487348 
868 0.485995 
1312 0.485072 
609 0.476462 
828 0.475730 
1919 0.474960 
530 0.470324 
506 0.468451 
1609 0.466695 
839 0.466568 
1180 0.461775 
1199 0.459317 
1788 0.459150 
1204 0.459134 
2027 0.458337 
1286 0.453249 
155 0.449676 
1454 0.448998 
1797 0.448446 
92 0.446932 
1140 0.442623 
2490 0.437209 
2090 0.435869 
1080 0.432391 
2123 0.424747 
113 0.421862 
1608 0.421443 
1643 0.415151 
1056 0.415133 
1205 0.404461 
116 0.396872 
1365 0.389043 
1123 0.388370 
1548 0.388068 
387 0.387473 
1117 0.387307 
1108 0.386102 
1642 0.381499 
62 0.379473 
1288 0.374726 
2012 0.373286 
816 0.372194 
1776 0.370398 
1266 0.365297 
1636 0.365047 
838 0.363829 
1951 0.357948 
352 0.352090 
1067 0.350252 
2175 0.345117 
704 0.344788 
1646 0.342458 
1499 0.342435 
2084 0.341669 
1057 0.333111 
299 0.331536 
1500 0.328033 
2559 0.323936 
663 0.320591 
817 0.316031 
269 0.312254 
893 0.303523 
2524 0.297117 
2435 0.293777 
1649 0.287555 
1154 0.285415 
1285 0.284020 
2114 0.282812 
68 0.281926 
1004 0.281305 
1291 0.280265 
1089 0.279505 
2370 0.274548 
1290 0.271412 
1529 0.271378 
1209 0.268942 
2397 0.265038 
1060 0.263132 
2442 0.259507 
2570 0.259445 
344 0.258814 
157 0.254816 
59 0.249452 
824 0.246178 
1581 0.228889 
987 0.221801 
1142 0.218729 
1065 0.217906 
63 0.216971 
1194 0.214493 
1130 0.204664 
645 0.189763 
1003 0.167847 
1037 0.164925 
2444 0.164510 
2514 0.157340 
1613 0.135083 
393 0.133761 
240 0.132991 
1623 0.128928 
1035 0.124902 
1556 0.120261 
1181 0.118351 
2448 0.117651 
1635 0.111561 
626 0.110520 
441 0.110017 
494 0.090345 
1525 0.090133 
1358 0.085225 
1127 0.080927 
2126 0.080726 
1032 0.076866 
259 0.064797 
1954 0.059531 
2401 0.057261 
2505 0.052239 
2021 0.050798 
995 0.048723 
1343 0.048542 
1050 0.046951 
1292 0.043412 
1134 0.039189 
305 0.034881 
2140 0.032368 
2392 0.030044 
709 0.027896 
471 0.022959 
887 0.021926 
353 0.021656 
1221 0.019040 
1240 0.018237 
2509 0.014292 
1930 0.012809 
1143 0.010840 
1055 0.007138 
1394 0.002877 
2049 -0.005065 
184 -0.009833 
2076 -0.016397 
1625 -0.020216 
1252 -0.021097 
1565 -0.025255 
1271 -0.031588 
254 -0.037351 
2132 -0.041544 
1644 -0.050539 
1639 -0.069645 
162 -0.076057 
641 -0.080432 
2431 -0.082537 
1006 -0.084404 
793 -0.088364 
1146 -0.091983 
2097 -0.096026 
2287 -0.102035 
630 -0.102801 
538 -0.102857 
1524 -0.108332 
840 -0.114900 
253 -0.129392 
284 -0.131256 
1604 -0.131563 
1617 -0.134015 
67 -0.136921 
2495 -0.141574 
545 -0.151029 
1970 -0.152837 
1106 -0.153104 
779 -0.153575 
636 -0.157363 
1136 -0.166379 
1560 -0.167745 
1178 -0.169445 
470 -0.170231 
165 -0.186260 
89 -0.193786 
160 -0.194272 
392 -0.204006 
419 -0.204361 
871 -0.206883 
788 -0.209383 
759 -0.210489 
60 -0.214739 
2502 -0.216851 
42 -0.227056 
290 -0.232741 
628 -0.233156 
2443 -0.233737 
2019 -0.237594 
249 -0.238721 
634 -0.240684 
2015 -0.243502 
256 -0.246276 
1213 -0.254932 
752 -0.255774 
1071 -0.255929 
644 -0.258342 
1281 -0.264578 
1219 -0.269341 
1628 -0.278824 
633 -0.279413 
307 -0.285832 
2130 -0.286360 
377 -0.288116 
435 -0.289083 
1577 -0.296847 
329 -0.297500 
1168 -0.299827 
1605 -0.301310 
54 -0.304512 
2161 -0.304882 
2029 -0.306233 
167 -0.317754 
2437 -0.320448 
665 -0.333910 
722 -0.338256 
1186 -0.338325 
2458 -0.350002 
1166 -0.351556 
784 -0.357857 
1149 -0.359665 
2516 -0.362112 
1850 -0.372150 
1459 -0.372570 
1587 -0.379625 
2118 -0.379935 
1509 -0.384491 
2051 -0.387683 
403 -0.391645 
1229 -0.407565 
2141 -0.408337 
369 -0.409575 
349 -0.413477 
1906 -0.425905 
250 -0.432507 
194 -0.441034 
1966 -0.444119 
466 -0.449609 
717 -0.454358 
376 -0.454887 
1145 -0.458843 
2430 -0.462528 
2151 -0.467467 
266 -0.475582 
642 -0.495177 
2522 -0.495723 
1044 -0.509158 
1344 -0.510660 
2438 -0.511400 
53 -0.515966 
2540 -0.517569 
444 -0.529062 
248 -0.532891 
1496 -0.536443 
336 -0.539767 
61 -0.541509 
850 -0.542310 
1389 -0.542538 
715 -0.542623 
74 -0.544752 
45 -0.551677 
337 -0.554268 
375 -0.558707 
224 -0.561919 
423 -0.563250 
1033 -0.567732 
747 -0.571134 
33 -0.575095 
334 -0.575764 
1632 -0.578848 
159 -0.583298 
2174 -0.585717 
1378 -0.599740 
1159 -0.600563 
2549 -0.616665 
1061 -0.616694 
1094 -0.617009 
2434 -0.627764 
2044 -0.635461 
1345 -0.637968 
2185 -0.639987 
646 -0.650714 
1362 -0.653021 
142 -0.654157 
730 -0.654168 
2061 -0.654426 
1498 -0.677695 
1226 -0.680968 
1161 -0.683505 
1467 -0.690008 
201 -0.690380 
1267 -0.691235 
277 -0.695556 
1568 -0.696474 
1488 -0.701346 
1024 -0.706127 
2541 -0.712263 
214 -0.713575 
599 -0.728481 
70 -0.729909 
78 -0.732152 
1101 -0.735360 
2464 -0.737343 
310 -0.740307 
2058 -0.744363 
347 -0.746392 
1506 -0.750844 
2436 -0.758521 
1228 -0.760150 
600 -0.760952 
1212 -0.766873 
46 -0.771355 
65 -0.777438 
1566 -0.777882 
237 -0.783142 
1352 -0.783397 
1279 -0.800706 
799 -0.803574 
2180 -0.806461 
473 -0.812261 
696 -0.816418 
2551 -0.820164 
670 -0.824684 
849 -0.828000 
700 -0.832119 
2573 -0.832450 
768 -0.832815 
695 -0.839253 
2053 -0.841425 
780 -0.843356 
1023 -0.846447 
391 -0.849267 
2143 -0.856991 
84 -0.857419 
1564 -0.862310 
467 -0.875725 
690 -0.877748 
2167 -0.878247 
2479 -0.878514 
1469 -0.885128 
2535 -0.885591 
460 -0.891104 
123 -0.897638 
40 -0.898206 
1450 -0.905553 
1232 -0.911817 
621 -0.923019 
91 -0.924207 
185 -0.930322 
2045 -0.933664 
2139 -0.941726 
1255 -0.946219 
484 -0.946295 
2165 -0.964938 
1038 -0.967124 
2484 -0.971636 
235 -0.972257 
2482 -0.974651 
270 -0.984845 
1280 -0.998730 
1179 -1.003772 
2561 -1.006905 
902 -1.011338 
524 -1.012532 
180 -1.014566 
701 -1.017236 
309 -1.028260 
1461 -1.033119 
2170 -1.033961 
209 -1.037941 
1155 -1.043889 
2056 -1.046895 
2124 -1.049140 
323 -1.066082 
1160 -1.067132 
2374 -1.073950 
2440 -1.075725 
32 -1.083729 
727 -1.088537 
1480 -1.089892 
257 -1.090327 
1458 -1.094209 
219 -1.100023 
188 -1.104337 
809 -1.109649 
790 -1.109906 
31 -1.110116 
1495 -1.110255 
2633 -1.111600 
2378 -1.111670 
1462 -1.113416 
2146 -1.114007 
1356 -1.115301 
735 -1.116922 
2529 -1.117997 
1248 -1.119463 
833 -1.121606 
782 -1.123316 
2054 -1.123535 
810 -1.123670 
496 -1.126256 
2552 -1.127842 
2504 -1.130911 
1041 -1.135790 
7 -1.152169 
197 -1.154598 
462 -1.155428 
396 -1.155537 
139 -1.156653 
1243 -1.157693 
974 -1.158626 
854 -1.160106 
2059 -1.161188 
1474 -1.164792 
619 -1.166127 
755 -1.170140 
1852 -1.170640 
1392 -1.173168 
1484 -1.174972 
2556 -1.179690 
2523 -1.180143 
855 -1.181405 
23 -1.185800 
2183 -1.186908 
134 -1.188607 
967 -1.188942 
540 -1.190117 
1 -1.192600 
2538 -1.193542 
821 -1.194200 
425 -1.200058 
739 -1.202049 
410 -1.203641 
406 -1.204316 
2382 -1.207278 
1472 -1.213698 
2483 -1.219572 
1391 -1.225944 
1322 -1.231728 
455 -1.233365 
1401 -1.234697 
911 -1.235112 
6 -1.237605 
149 -1.237821 
971 -1.242481 
1363 -1.246962 
1334 -1.248480 
2525 -1.249756 
231 -1.250488 
267 -1.250715 
51 -1.251823 
702 -1.256052 
196 -1.256388 
76 -1.259832 
1361 -1.259943 
456 -1.260980 
232 -1.262430 
521 -1.266752 
803 -1.268743 
1406 -1.271495 
279 -1.272757 
1119 -1.274732 
2596 -1.277441 
1098 -1.282188 
16 -1.283649 
20 -1.286910 
99 -1.286915 
1907 -1.290918 
944 -1.291516 
127 -1.292069 
168 -1.292712 
1017 -1.293269 
100 -1.294374 
34 -1.301304 
145 -1.303225 
204 -1.308690 
367 -1.308755 
1341 -1.310897 
1016 -1.311119 
539 -1.311554 
93 -1.314395 
11 -1.315057 
1099 -1.315322 
1027 -1.316253 
2607 -1.317730 
402 -1.320211 
614 -1.322024 
15 -1.322714 
1373 -1.322925 
1259 -1.322976 
152 -1.324307 
2281 -1.325450 
503 -1.325499 
246 -1.325555 
173 -1.326249 
2542 -1.327811 
128 -1.328841 
595 -1.329576 
1324 -1.329676 
1260 -1.330064 
216 -1.334163 
1201 -1.335283 
243 -1.337264 
2162 -1.341484 
983 -1.341995 
359 -1.347151 
1434 -1.349525 
1466 -1.350072 
2286 -1.353764 
2017 -1.354040 
1274 -1.354950 
611 -1.354951 
1019 -1.357356 
629 -1.359914 
518 -1.365467 
213 -1.365882 
1157 -1.367209 
348 -1.369746 
2580 -1.370744 
439 -1.372201 
1042 -1.374750 
211 -1.376542 
1261 -1.378747 
1078 -1.380126 
2025 -1.382937 
1234 -1.384297 
1321 -1.384506 
802 -1.385079 
2593 -1.385632 
1383 -1.385796 
131 -1.390911 
357 -1.392161 
206 -1.394809 
13 -1.394853 
1386 -1.395763 
144 -1.397797 
386 -1.399118 
125 -1.399139 
1227 -1.399748 
29 -1.399984 
1262 -1.400491 
1302 -1.402702 
288 -1.406452 
192 -1.409505 
21 -1.410725 
39 -1.411934 
1445 -1.413593 
451 -1.416103 
430 -1.417302 
875 -1.417696 
446 -1.418995 
98 -1.419760 
282 -1.420306 
683 -1.425917 
602 -1.427306 
749 -1.427696 
1418 -1.427801 
454 -1.430433 
245 -1.431320 
523 -1.431871 
2563 -1.432744 
2584 -1.433409 
1084 -1.434137 
982 -1.436127 
885 -1.437851 
532 -1.438693 
364 -1.438953 
1193 -1.440749 
1493 -1.442558 
763 -1.442758 
2602 -1.443034 
1317 -1.444550 
883 -1.445204 
873 -1.446144 
82 -1.446588 
1239 -1.446814 
2052 -1.446847 
459 -1.447246 
36 -1.448452 
1318 -1.449031 
48 -1.449153 
2379 -1.449158 
2032 -1.450242 
362 -1.451599 
1294 -1.453269 
1000 -1.454865 
623 -1.457185 
418 -1.457385 
233 -1.457505 
1244 -1.460447 
990 -1.462229 
1190 -1.467007 
519 -1.467729 
991 -1.468882 
1191 -1.469765 
1507 -1.470425 
1235 -1.471097 
303 -1.472196 
1562 -1.473827 
1268 -1.474916 
25 -1.475656 
542 -1.476163 
1419 -1.478354 
2598 -1.478839 
2601 -1.479792 
1245 -1.480228 
158 -1.480368 
1062 -1.480879 
247 -1.482179 
381 -1.482485 
363 -1.484163 
1379 -1.487123 
2595 -1.489485 
1471 -1.493292 
228 -1.494490 
804 -1.494856 
866 -1.495344 
195 -1.495369 
1374 -1.497426 
1329 -1.499202 
2603 -1.501983 
2 -1.504650 
1049 -1.506457 
1320 -1.509509 
1403 -1.511270 
424 -1.511402 
18 -1.512638 
50 -1.513023 
37 -1.514387 
1247 -1.518123 
438 -1.518222 
1319 -1.519722 
285 -1.519839 
1331 -1.520080 
2604 -1.520606 
421 -1.522900 
1464 -1.523391 
1332 -1.523715 
75 -1.524459 
41 -1.525574 
399 -1.527229 
1093 -1.528173 
1273 -1.528355 
132 -1.528498 
1246 -1.528516 
1313 -1.528811 
191 -1.529145 
514 -1.530727 
1448 -1.531245 
465 -1.533828 
2377 -1.537206 
221 -1.537598 
1350 -1.540159 
208 -1.540300 
617 -1.540326 
2128 -1.543327 
1328 -1.544749 
1105 -1.546063 
1443 -1.546202 
274 -1.547615 
83 -1.548445 
1088 -1.549392 
121 -1.549407 
119 -1.551522 
1452 -1.551609 
24 -1.554634 
8 -1.554695 
1251 -1.557716 
217 -1.561266 
200 -1.561929 
687 -1.562310 
302 -1.564627 
693 -1.564767 
1008 -1.566384 
1187 -1.567738 
86 -1.568532 
1402 -1.568637 
151 -1.568937 
1336 -1.569172 
1325 -1.569182 
230 -1.570407 
294 -1.570698 
544 -1.573575 
1326 -1.574872 
541 -1.575812 
271 -1.575979 
1435 -1.577089 
97 -1.578694 
58 -1.580278 
1387 -1.582143 
1327 -1.582622 
136 -1.582896 
1346 -1.588902 
612 -1.590166 
1432 -1.595315 
861 -1.596840 
745 -1.597205 
281 -1.598028 
1122 -1.598182 
205 -1.600268 
2283 -1.603819 
1411 -1.603945 
989 -1.605378 
898 -1.607117 
900 -1.607173 
1184 -1.607226 
14 -1.607271 
2272 -1.607941 
17 -1.609121 
1256 -1.610491 
1305 -1.610597 
1330 -1.611389 
223 -1.611863 
1400 -1.612215 
448 -1.612642 
1337 -1.614310 
1473 -1.615211 
141 -1.616689 
198 -1.617159 
988 -1.617263 
137 -1.619274 
26 -1.620859 
2597 -1.621553 
129 -1.622194 
1316 -1.623707 
1039 -1.623996 
272 -1.624336 
182 -1.627962 
1478 -1.628431 
5 -1.629061 
781 -1.629995 
301 -1.630494 
1359 -1.637069 
0 -1.637400 
275 -1.639255 
28 -1.639696 
857 -1.640027 
171 -1.640090 
1333 -1.640847 
450 -1.642719 
1218 -1.643399 
1451 -1.643905 
2279 -1.644542 
1156 -1.644786 
360 -1.646401 
1372 -1.646459 
146 -1.646606 
2285 -1.646631 
896 -1.648662 
1463 -1.649718 
19 -1.650862 
1447 -1.650998 
1369 -1.651327 
382 -1.652907 
881 -1.652917 
516 -1.654368 
1236 -1.656269 
2605 -1.656339 
552 -1.657446 
2611 -1.658172 
1087 -1.658180 
499 -1.658988 
366 -1.659326 
1423 -1.659999 
426 -1.660754 
49 -1.661740 
87 -1.662242 
90 -1.662382 
397 -1.664767 
9 -1.664915 
437 -1.665442 
940 -1.665896 
361 -1.667485 
203 -1.670911 
1163 -1.672679 
178 -1.673164 
81 -1.673396 
997 -1.673483 
239 -1.675025 
1368 -1.676497 
57 -1.677205 
187 -1.677728 
122 -1.678236 
313 -1.678809 
312 -1.680120 
370 -1.681119 
331 -1.682665 
147 -1.683596 
1446 -1.685249 
856 -1.685254 
508 -1.691892 
1216 -1.692622 
365 -1.693475 
694 -1.695165 
1433 -1.697296 
762 -1.701398 
428 -1.705588 
1095 -1.706016 
980 -1.706651 
238 -1.708105 
443 -1.709678 
858 -1.710853 
2163 -1.711243 
1278 -1.711447 
618 -1.712189 
298 -1.713496 
1139 -1.713550 
273 -1.714709 
176 -1.715053 
212 -1.715694 
1335 -1.718030 
27 -1.719641 
1224 -1.721087 
1396 -1.721137 
190 -1.721196 
627 -1.721380 
1453 -1.723557 
1192 -1.726005 
1490 -1.727856 
1250 -1.729394 
207 -1.731415 
229 -1.737888 
265 -1.737942 
117 -1.738360 
72 -1.739179 
179 -1.739992 
153 -1.740315 
1151 -1.741727 
85 -1.742418 
1131 -1.742638 
1169 -1.743390 
878 -1.744377 
2562 -1.744650 
1264 -1.746708 
436 -1.746817 
801 -1.747839 
135 -1.748800 
220 -1.750049 
958 -1.750109 
998 -1.750639 
2600 -1.751994 
225 -1.753827 
1491 -1.754873 
1048 -1.755563 
2125 -1.756064 
1314 -1.757240 
1431 -1.757271 
932 -1.758504 
1053 -1.759443 
432 -1.760546 
38 -1.762076 
150 -1.762108 
2022 -1.763279 
1102 -1.763956 
177 -1.765728 
388 -1.766399 
999 -1.768112 
1304 -1.773842 
126 -1.774156 
453 -1.776101 
124 -1.777113 
222 -1.778322 
300 -1.778755 
1097 -1.779190 
183 -1.779373 
133 -1.781434 
526 -1.782330 
517 -1.782408 
440 -1.785839 
181 -1.788239 
308 -1.788442 
356 -1.791404 
295 -1.791509 
1096 -1.792167 
3 -1.792423 
2121 -1.792920 
1068 -1.793800 
427 -1.794081 
1091 -1.795354 
522 -1.796892 
280 -1.798318 
404 -1.798560 
1338 -1.798953 
942 -1.800914 
330 -1.802296 
512 -1.804219 
822 -1.804532 
500 -1.804658 
120 -1.807007 
1020 -1.808452 
2517 -1.809153 
1301 -1.810240 
96 -1.815241 
592 -1.815962 
901 -1.816541 
148 -1.819525 
751 -1.821549 
1052 -1.826316 
1412 -1.828144 
1107 -1.828691 
914 -1.829096 
1410 -1.829657 
1189 -1.829897 
507 -1.830230 
895 -1.831247 
358 -1.834795 
2148 -1.835135 
880 -1.837000 
1298 -1.840073 
981 -1.840527 
2060 -1.841831 
401 -1.842331 
1054 -1.844882 
1073 -1.847475 
520 -1.849586 
1173 -1.850422 
946 -1.854176 
1375 -1.855146 
383 -1.855521 
95 -1.855857 
1521 -1.858980 
1342 -1.859115 
422 -1.861348 
10 -1.864131 
787 -1.866367 
899 -1.867122 
202 -1.870216 
622 -1.870476 
172 -1.871335 
1090 -1.871515 
2606 -1.872095 
1103 -1.872346 
429 -1.873620 
140 -1.873896 
138 -1.875228 
101 -1.875725 
2282 -1.877129 
30 -1.878220 
1196 -1.878705 
528 -1.881056 
80 -1.881816 
1323 -1.884751 
1217 -1.885165 
1043 -1.886780 
226 -1.887785 
118 -1.887982 
2275 -1.888296 
1293 -1.889316 
965 -1.890217 
2586 -1.891075 
1287 -1.891168 
2641 -1.892227 
199 -1.893914 
2042 -1.895308 
1315 -1.895713 
417 -1.898033 
291 -1.898302 
1468 -1.900691 
77 -1.902646 
860 -1.902974 
1100 -1.903404 
314 -1.904958 
800 -1.905961 
283 -1.906667 
227 -1.906913 
130 -1.909156 
2173 -1.909430 
1040 -1.910301 
620 -1.911683 
604 -1.915347 
411 -1.915859 
1007 -1.918127 
1307 -1.919721 
2179 -1.921024 
442 -1.923025 
320 -1.923025 
1275 -1.923556 
698 -1.924193 
1282 -1.926132 
4 -1.927328 
1377 -1.933499 
820 -1.935161 
384 -1.936905 
1413 -1.937549 
286 -1.937577 
407 -1.939763 
616 -1.940102 
1092 -1.940722 
395 -1.942005 
1079 -1.942215 
1339 -1.943630 
2168 -1.945165 
1405 -1.945630 
1104 -1.946735 
1076 -1.950217 
823 -1.950321 
12 -1.952671 
434 -1.952721 
79 -1.955122 
244 -1.959256 
56 -1.963391 
1153 -1.963572 
73 -1.963660 
851 -1.969300 
1015 -1.971218 
2634 -1.972658 
2587 -1.973793 
354 -1.976907 
493 -1.976927 
278 -1.976963 
445 -1.976971 
47 -1.977609 
615 -1.979383 
2276 -1.984799 
385 -1.985508 
1840 -1.986258 
699 -1.986484 
287 -1.987222 
1263 -1.987279 
491 -1.994851 
543 -1.999042 
241 -2.001434 
2599 -2.002193 
1059 -2.002928 
2164 -2.006539 
416 -2.009118 
2589 -2.011251 
1340 -2.011900 
1385 -2.012108 
1188 -2.014781 
1241 -2.015297 
1242 -2.020578 
945 -2.020623 
1046 -2.024033 
789 -2.024769 
533 -2.026474 
1002 -2.030208 
1051 -2.031161 
1001 -2.035046 
420 -2.038709 
1422 -2.044128 
531 -2.046182 
371 -2.048881 
1253 -2.049598 
1508 -2.051211 
143 -2.052380 
175 -2.054495 
897 -2.057304 
1066 -2.057393 
447 -2.058336 
452 -2.062062 
546 -2.063285 
1249 -2.063681 
1277 -2.065944 
408 -2.068835 
1072 -2.069597 
210 -2.071297 
292 -2.073272 
22 -2.077756 
1449 -2.079597 
218 -2.082179 
368 -2.083914 
66 -2.090506 
1083 -2.092357 
2519 -2.094819 
322 -2.098182 
289 -2.100812 
632 -2.104299 
71 -2.111542 
684 -2.112134 
1195 -2.113117 
1045 -2.114180 
689 -2.119596 
1009 -2.121089 
378 -2.121772 
791 -2.122641 
930 -2.123817 
1460 -2.126228 
276 -2.131609 
2137 -2.142112 
525 -2.142191 
1144 -2.145160 
1258 -2.145827 
1081 -2.150882 
964 -2.151273 
876 -2.153145 
501 -2.158062 
1074 -2.159904 
2147 -2.165112 
2639 -2.167030 
236 -2.167427 
261 -2.179005 
1254 -2.179886 
1371 -2.184753 
2023 -2.187018 
792 -2.192726 
1085 -2.196556 
1058 -2.197151 
215 -2.203336 
1351 -2.208946 
242 -2.210016 
1018 -2.211799 
1158 -2.212443 
1303 -2.214086 
1416 -2.214093 
1064 -2.220115 
154 -2.225689 
1172 -2.226449 
1147 -2.229848 
2574 -2.230624 
1231 -2.231496 
44 -2.232132 
2376 -2.236503 
907 -2.241997 
69 -2.243281 
1299 -2.246355 
1380 -2.247549 
400 -2.257299 
1225 -2.261225 
1230 -2.261958 
189 -2.269292 
458 -2.272720 
1295 -2.298243 
1152 -2.312721 
938 -2.321550 
1233 -2.331995 
2166 -2.335471 
2018 -2.336262 
2441 -2.336412 
1237 -2.355479 
1197 -2.355832 
1465 -2.356331 
1505 -2.361643 
892 -2.362957 
264 -2.373679 
807 -2.382135 
2026 -2.396117 
169 -2.398177 
355 -2.399278 
186 -2.404078 
296 -2.405104 
1407 -2.415569 
2171 -2.416685 
311 -2.422064 
193 -2.422120 
234 -2.432415 
1005 -2.437175 
394 -2.444509 
319 -2.454323 
1353 -2.455793 
372 -2.466068 
1948 -2.470095 
2034 -2.470721 
624 -2.475432 
1265 -2.479766 
1390 -2.488894 
2091 -2.492779 
1021 -2.495106 
2055 -2.498432 
1357 -2.499277 
986 -2.502473 
94 -2.512640 
268 -2.521434 
1121 -2.525440 
2127 -2.530412 
1171 -2.532757 
389 -2.547748 
1284 -2.550066 
888 -2.551764 
64 -2.569428 
156 -2.605851 
1162 -2.628864 
379 -2.645132 
1148 -2.646212 
2640 -2.660663 
1069 -2.666903 
108 -2.681898 
1176 -2.691709 
808 -2.697067 
993 -2.698286 
88 -2.701890 
972 -2.703095 
1283 -2.707917 
1137 -2.711045 
2129 -2.724102 
52 -2.737976 
1036 -2.740781 
979 -2.743396 
43 -2.755035 
1063 -2.771236 
2284 -2.776237 
1360 -2.778375 
1364 -2.790842 
35 -2.818444 
1183 -2.845357 
1347 -2.863835 
1116 -2.900755 
304 -2.932197 
332 -2.936837 
115 -2.965883 
346 -2.990470 
1502 -2.997529 
1165 -3.002429 
647 -3.004866 
1289 -3.040461 
464 -3.046156 
251 -3.046176 
1126 -3.086848 
164 -3.101284 
1207 -3.137465 
163 -3.147488 
1132 -3.172582 
1034 -3.178648 
631 -3.262293 
2142 -3.303580 
1141 -3.322862 
